1,95257E-4
1,96492E-4
1,96575E-4
1,9325E-4
2,29278E-4
2,51482E-4
1,92137E-4
1,90813E-4
1,80176E-4
1,87478E-4
2,15411E-4
2,13829E-4
1,93484E-4
2,01124E-4
1,78501E-4
2,08962E-4
1,84837E-4
2,04316E-4
2,14016E-4
1,94616E-4
1,83683E-4
1,8209E-4
1,83163E-4
1,78435E-4
1,89254E-4
1,94395E-4
1,89526E-4
1,92666E-4
2,22471E-4
1,86299E-4
1,82753E-4
1,97322E-4
1,87437E-4
1,8836E-4
1,87798E-4
2,23968E-4
2,25578E-4
2,1791E-4
2,15062E-4
2,13792E-4
2,13872E-4
1,95121E-4
1,97839E-4
1,83795E-4
1,87055E-4
1,90466E-4
1,90289E-4
1,82677E-4
1,85333E-4
1,95327E-4
2,0574E-4
2,37385E-4
2,25448E-4
2,11994E-4
2,1265E-4
1,89675E-4
2,15457E-4
2,24163E-4
2,02105E-4
1,92371E-4
2,03199E-4
2,1692E-4
2,04695E-4
1,95055E-4
2,33221E-4
2,14128E-4
2,15635E-4
1,79979E-4
1,95875E-4
1,96383E-4
1,79353E-4
1,80509E-4
1,7805E-4
1,84895E-4
0,001524251
2,00964E-4
1,93876E-4
1,82597E-4
1,79632E-4
1,85976E-4
2,10879E-4
1,92078E-4
1,99031E-4
2,07892E-4
2,12092E-4
2,17133E-4
2,5109E-4
2,58897E-4
2,48297E-4
2,74856E-4
2,70255E-4
2,51162E-4
2,235E-4
2,02176E-4
1,8619E-4
1,86162E-4
1,87595E-4
1,92373E-4
1,9205E-4
2,17281E-4
1,91101E-4
1,94957E-4
2,07414E-4
3,09695E-4
3,3286E-4
2,43434E-4
1,79392E-4
2,14259E-4
2,13905E-4
2,23347E-4
1,88168E-4
2,08032E-4
1,87403E-4
1,97148E-4
2,03269E-4
1,85407E-4
2,11043E-4
1,8524E-4
2,13639E-4
1,80882E-4
1,90371E-4
1,93389E-4
2,03086E-4
1,93494E-4
1,90252E-4
1,83241E-4
1,83288E-4
1,97101E-4
2,05071E-4
2,00309E-4
2,06555E-4
2,05651E-4
1,82303E-4
1,82891E-4
2,32806E-4
2,19923E-4
2,06E-4
1,77153E-4
2,09231E-4
1,9511E-4
1,94029E-4
1,94807E-4
1,88034E-4
1,81191E-4
1,90498E-4
1,99669E-4
1,93591E-4
1,86733E-4
2,01057E-4
1,79185E-4
1,79311E-4
1,8001E-4
2,00303E-4
1,9287E-4
1,9172E-4
1,88263E-4
2,00144E-4
1,96271E-4
1,91957E-4
2,02513E-4
2,19107E-4
2,31753E-4
2,01178E-4
2,20805E-4
1,96781E-4
1,80011E-4
2,12203E-4
2,01433E-4
1,9345E-4
2,07361E-4
1,87056E-4
1,91925E-4
2,06649E-4
1,89371E-4
1,92483E-4
2,08877E-4
1,88341E-4
2,17799E-4
2,12305E-4
1,88623E-4
2,07134E-4
3,0156E-4
2,27233E-4
1,86656E-4
1,87381E-4
1,88047E-4
2,23953E-4
2,0494E-4
2,00416E-4
1,85434E-4
1,94003E-4
1,94931E-4
2,09226E-4
1,92082E-4
1,84736E-4
2,06996E-4
2,13498E-4
1,93221E-4
2,17087E-4
2,28445E-4
2,22339E-4
1,87017E-4
1,8992E-4
2,12332E-4
2,12959E-4
1,95325E-4
2,17421E-4
1,92139E-4
2,18355E-4
1,9657E-4
1,81082E-4
1,913E-4
1,86008E-4
1,86542E-4
1,90051E-4
1,82874E-4
2,1731E-4
2,17614E-4
1,82594E-4
2,19515E-4
1,96354E-4
2,04895E-4
2,23805E-4
2,09484E-4
1,96594E-4
2,14621E-4
2,00877E-4
9,60504E-4
1,889E-4
1,88444E-4
1,98356E-4
1,95162E-4
1,78442E-4
1,78415E-4
2,05834E-4
2,13347E-4
2,01012E-4
2,11089E-4
1,81933E-4
1,90429E-4
2,08604E-4
2,07727E-4
1,8773E-4
1,82986E-4
1,81421E-4
1,89401E-4
2,10313E-4
2,06474E-4
2,16036E-4
2,17626E-4
2,28853E-4
2,35178E-4
1,92897E-4
1,8281E-4
2,03362E-4
2,42915E-4
2,14579E-4
1,99315E-4
2,04927E-4
1,82907E-4
1,80431E-4
1,99119E-4
1,81718E-4
1,8865E-4
1,88438E-4
1,90134E-4
2,1365E-4
2,02671E-4
1,97418E-4
1,83171E-4
1,95027E-4
2,2511E-4
1,92465E-4
2,13442E-4
1,77552E-4
2,0914E-4
1,96666E-4
1,77004E-4
1,80067E-4
2,17881E-4
2,26222E-4
2,33485E-4
1,97764E-4
1,99477E-4
1,83536E-4
1,96821E-4
1,8025E-4
1,82679E-4
2,05971E-4
2,20463E-4
1,93354E-4
1,81903E-4
2,70981E-4
2,07448E-4
4,07941E-4
4,38631E-4
4,56624E-4
4,13812E-4
4,64963E-4
4,18011E-4
4,95237E-4
4,63968E-4
4,42996E-4
4,47758E-4
4,08162E-4
4,47921E-4
2,24134E-4
2,02889E-4
1,86303E-4
2,15742E-4
2,28155E-4
1,90095E-4
2,1667E-4
1,94165E-4
2,12867E-4
1,83315E-4
1,89327E-4
1,98308E-4
2,03203E-4
2,03301E-4
1,86792E-4
1,96347E-4
1,78202E-4
1,84592E-4
1,83064E-4
1,86386E-4
1,97546E-4
1,92746E-4
1,89432E-4
2,10215E-4
2,20053E-4
2,18169E-4
2,17989E-4
1,93694E-4
1,98206E-4
1,91723E-4
1,82665E-4
1,95149E-4
2,11329E-4
2,02788E-4
2,06404E-4
1,99422E-4
1,96791E-4
1,83996E-4
1,78039E-4
1,99607E-4
2,00537E-4
1,84058E-4
1,86534E-4
1,76105E-4
1,79649E-4
0,001640884
1,90567E-4
1,94772E-4
2,09132E-4
2,11305E-4
1,74202E-4
1,91626E-4
1,80347E-4
1,90874E-4
1,88266E-4
1,78075E-4
2,21113E-4
1,83503E-4
1,88297E-4
2,13215E-4
1,90759E-4
2,24366E-4
1,82714E-4
2,19111E-4
2,03503E-4
1,79812E-4
1,96944E-4
1,89199E-4
1,79057E-4
1,79178E-4
2,0559E-4
1,99146E-4
2,09468E-4
1,96388E-4
1,96922E-4
2,0797E-4
2,23504E-4
2,09259E-4
2,08808E-4
1,82082E-4
2,16135E-4
1,76894E-4
1,95069E-4
2,00715E-4
2,06687E-4
2,01313E-4
2,09178E-4
2,07691E-4
1,98288E-4
2,09381E-4
2,00504E-4
2,04478E-4
1,77489E-4
1,77581E-4
1,9944E-4
2,01013E-4
1,97909E-4
1,96441E-4
1,83827E-4
1,88488E-4
1,89289E-4
1,79238E-4
2,11332E-4
2,12016E-4
2,14999E-4
2,1656E-4
1,91306E-4
1,79206E-4
2,91643E-4
4,07062E-4
4,07245E-4
4,8064E-4
4,67169E-4
4,45671E-4
4,84361E-4
4,63856E-4
4,73398E-4
4,09057E-4
4,27645E-4
4,65903E-4
4,58999E-4
0,002094897
2,14707E-4
1,97854E-4
1,93439E-4
1,98821E-4
2,00528E-4
1,7844E-4
1,81067E-4
2,18768E-4
1,78395E-4
1,81538E-4
1,79297E-4
1,88593E-4
1,98251E-4
1,98091E-4
2,03262E-4
1,94557E-4
1,8933E-4
1,79352E-4
1,95701E-4
1,97217E-4
1,91954E-4
1,89886E-4
1,98207E-4
1,94412E-4
1,76895E-4
1,7987E-4
1,97816E-4
1,9125E-4
1,8526E-4
1,83144E-4
1,85627E-4
1,98938E-4
1,80205E-4
1,97183E-4
1,81175E-4
1,82969E-4
1,95585E-4
1,80272E-4
1,81321E-4
1,86192E-4
2,03655E-4
1,93836E-4
1,99095E-4
2,02059E-4
1,80614E-4
2,12464E-4
2,16447E-4
2,2807E-4
1,95506E-4
1,95791E-4
2,19255E-4
2,13827E-4
2,13003E-4
2,16881E-4
2,11823E-4
2,03015E-4
2,1527E-4
1,84009E-4
2,02048E-4
1,81647E-4
1,8226E-4
2,17112E-4
1,78792E-4
1,83069E-4
1,94986E-4
1,94614E-4
2,15326E-4
2,13687E-4
1,98909E-4
1,94144E-4
1,94403E-4
1,80711E-4
1,82812E-4
1,81357E-4
2,08688E-4
2,12204E-4
1,76988E-4
1,75578E-4
1,85563E-4
1,94575E-4
1,79573E-4
1,81759E-4
1,82996E-4
1,85581E-4
1,93592E-4
1,8157E-4
1,89042E-4
1,88792E-4
1,97472E-4
2,1519E-4
1,77013E-4
1,85886E-4
1,80794E-4
2,16411E-4
1,79911E-4
1,91655E-4
1,87752E-4
1,91642E-4
2,04876E-4
1,80575E-4
2,00942E-4
1,92501E-4
1,96052E-4
2,12635E-4
1,80539E-4
1,89985E-4
1,95752E-4
2,0434E-4
2,11476E-4
1,96287E-4
2,02986E-4
2,01307E-4
2,02973E-4
1,96091E-4
1,80109E-4
1,89264E-4
1,98432E-4
2,23813E-4
1,85211E-4
1,7922E-4
2,0787E-4
1,78932E-4
1,8083E-4
1,86172E-4
1,78166E-4
1,8863E-4
1,79209E-4
1,8737E-4
1,93838E-4
1,7617E-4
1,84593E-4
1,92728E-4
1,89887E-4
1,86555E-4
1,89557E-4
1,95783E-4
2,24882E-4
1,97176E-4
1,91799E-4
1,95009E-4
4,61397E-4
4,83267E-4
4,70098E-4
4,53213E-4
4,08417E-4
4,10161E-4
4,22901E-4
4,3409E-4
4,1964E-4
4,12317E-4
4,42863E-4
4,1331E-4
1,9422E-4
1,98055E-4
1,95365E-4
2,13503E-4
2,13486E-4
1,96856E-4
1,83782E-4
1,81421E-4
1,94546E-4
1,977E-4
2,2051E-4
2,06445E-4
1,83272E-4
2,06252E-4
1,86227E-4
2,09549E-4
1,85888E-4
1,85294E-4
1,86802E-4
1,89239E-4
2,0661E-4
1,82866E-4
1,85063E-4
2,28049E-4
1,85792E-4
1,93831E-4
2,00564E-4
1,95601E-4
2,36835E-4
2,15255E-4
2,23477E-4
2,11946E-4
1,78276E-4
1,91305E-4
2,04242E-4
1,85203E-4
1,83051E-4
2,10134E-4
2,12105E-4
1,82297E-4
1,92679E-4
1,80919E-4
1,93205E-4
2,21986E-4
2,33208E-4
1,91923E-4
2,24651E-4
1,788E-4
1,86434E-4
1,97111E-4
2,08195E-4
1,77791E-4
1,99638E-4
1,90151E-4
2,19064E-4
2,07412E-4
1,83261E-4
2,12093E-4
1,95271E-4
1,84118E-4
1,88626E-4
1,82354E-4
1,92093E-4
1,98196E-4
1,81166E-4
2,29068E-4
2,00462E-4
1,92533E-4
2,08906E-4
1,91194E-4
1,80448E-4
1,84988E-4
1,92498E-4
1,89914E-4
1,8208E-4
2,06851E-4
2,11316E-4
2,12152E-4
1,85577E-4
2,07921E-4
1,95455E-4
2,15679E-4
2,17727E-4
2,21307E-4
2,14254E-4
2,19664E-4
2,17879E-4
1,87656E-4
1,85753E-4
1,91882E-4
2,02111E-4
1,93673E-4
2,02151E-4
2,02838E-4
1,92886E-4
2,11637E-4
1,80158E-4
2,16673E-4
2,32078E-4
3,9729E-4
1,95157E-4
1,90978E-4
1,88045E-4
1,88015E-4
2,05752E-4
2,13862E-4
1,79912E-4
1,84931E-4
1,8751E-4
1,88186E-4
2,04966E-4
1,93231E-4
1,97989E-4
1,87969E-4
2,0692E-4
1,88822E-4
1,77473E-4
1,89424E-4
1,80609E-4
1,9195E-4
1,94888E-4
1,94161E-4
1,97128E-4
1,94273E-4
1,76806E-4
1,9769E-4
1,82935E-4
1,84719E-4
2,1146E-4
1,9688E-4
1,95447E-4
1,99535E-4
2,05011E-4
1,852E-4
1,96251E-4
2,22625E-4
1,87538E-4
1,94416E-4
2,02313E-4
1,91724E-4
2,22694E-4
1,81254E-4
2,19765E-4
2,07119E-4
1,95286E-4
1,80616E-4
2,35373E-4
2,20454E-4
1,92493E-4
2,02092E-4
1,80932E-4
2,07246E-4
1,78431E-4
2,07885E-4
1,93019E-4
2,43881E-4
3,11961E-4
2,74821E-4
3,11433E-4
2,32327E-4
3,42134E-4
2,92218E-4
2,59668E-4
2,47148E-4
2,61391E-4
3,0329E-4
2,15363E-4
1,95327E-4
1,85509E-4
1,91994E-4
1,87915E-4
1,9888E-4
1,9946E-4
2,21375E-4
1,81591E-4
1,87197E-4
2,01621E-4
2,13818E-4
2,18779E-4
2,19638E-4
1,8369E-4
1,84208E-4
1,78684E-4
2,14762E-4
2,08674E-4
2,06941E-4
1,84833E-4
1,99555E-4
1,96555E-4
1,83801E-4
1,7624E-4
1,90127E-4
1,79204E-4
1,76601E-4
2,1423E-4
2,10817E-4
1,79469E-4
1,8982E-4
2,25806E-4
2,74753E-4
2,59792E-4
2,36418E-4
2,59749E-4
2,83925E-4
2,38479E-4
2,70004E-4
2,8025E-4
3,16161E-4
2,61997E-4
3,10914E-4
2,35621E-4
2,63438E-4
2,87127E-4
3,31088E-4
3,01369E-4
2,50591E-4
2,70441E-4
3,11335E-4
2,48768E-4
2,52474E-4
2,52972E-4
2,79776E-4
3,01635E-4
2,48439E-4
2,06408E-4
1,95172E-4
1,99921E-4
1,99512E-4
1,93675E-4
1,87265E-4
1,85827E-4
1,87158E-4
2,13562E-4
1,8022E-4
1,84047E-4
1,78619E-4
1,78038E-4
1,84799E-4
1,80639E-4
1,8075E-4
2,0689E-4
1,98378E-4
2,08663E-4
2,17951E-4
2,14712E-4
2,17025E-4
2,17723E-4
2,08056E-4
2,16662E-4
1,93748E-4
1,91694E-4
2,05625E-4
1,94722E-4
1,78065E-4
1,94527E-4
2,14909E-4
1,82972E-4
1,91769E-4
1,83026E-4
1,81231E-4
1,93094E-4
2,10589E-4
2,12542E-4
1,95786E-4
1,94824E-4
1,86263E-4
1,9467E-4
1,93529E-4
1,91146E-4
2,01256E-4
2,12075E-4
1,84993E-4
1,86794E-4
1,81583E-4
1,80293E-4
2,71212E-4
2,80654E-4
3,20058E-4
2,05612E-4
2,00729E-4
1,79711E-4
1,829E-4
1,86406E-4
1,82194E-4
1,93467E-4
1,9529E-4
1,86221E-4
1,84574E-4
1,91794E-4
1,91762E-4
1,94696E-4
2,11671E-4
1,93405E-4
2,3807E-4
2,11509E-4
2,04791E-4
2,07052E-4
2,30374E-4
2,17726E-4
2,33672E-4
2,15284E-4
2,1498E-4
2,079E-4
1,96574E-4
1,91596E-4
1,94757E-4
2,11036E-4
2,01969E-4
1,80225E-4
1,84821E-4
1,80015E-4
1,74184E-4
1,92648E-4
1,9322E-4
1,92798E-4
1,78002E-4
1,79207E-4
1,97609E-4
2,00095E-4
1,99551E-4
2,01732E-4
1,84656E-4
0,001949338
1,9178E-4
1,81224E-4
2,43171E-4
2,15264E-4
2,11543E-4
2,17387E-4
1,81088E-4
1,94152E-4
2,06073E-4
1,91554E-4
1,85314E-4
2,08371E-4
1,98582E-4
1,94141E-4
1,80416E-4
1,74438E-4
1,80501E-4
1,77473E-4
1,76489E-4
1,99606E-4
1,98179E-4
1,99294E-4
1,99576E-4
2,12154E-4
1,763E-4
1,85214E-4
1,92228E-4
1,8584E-4
1,89269E-4
1,89552E-4
2,00615E-4
2,21152E-4
1,89162E-4
2,04586E-4
1,96785E-4
1,89382E-4
2,20289E-4
2,10612E-4
1,81545E-4
2,13096E-4
2,27964E-4
2,13189E-4
1,91056E-4
1,91386E-4
1,92327E-4
1,82833E-4
1,88405E-4
1,88966E-4
1,92239E-4
2,17197E-4
1,85829E-4
1,86534E-4
2,08588E-4
1,95338E-4
1,7961E-4
1,80159E-4
1,87504E-4
1,76888E-4
1,79431E-4
1,85158E-4
1,78442E-4
1,78892E-4
1,98643E-4
1,81867E-4
1,80194E-4
1,8267E-4
2,10374E-4
2,30253E-4
2,0967E-4
2,13729E-4
2,05887E-4
2,09748E-4
2,11164E-4
2,0445E-4
1,93261E-4
1,82498E-4
1,77448E-4
2,08742E-4
2,08669E-4
2,13004E-4
1,9577E-4
2,22729E-4
2,16048E-4
2,1859E-4
1,97376E-4
1,97986E-4
2,04118E-4
1,90175E-4
1,82074E-4
1,78711E-4
1,80302E-4
1,87061E-4
1,88581E-4
2,1009E-4
1,8528E-4
1,89538E-4
2,03084E-4
1,95061E-4
1,99947E-4
1,81584E-4
1,78723E-4
1,93226E-4
2,01359E-4
1,90562E-4
1,83112E-4
1,79489E-4
1,81632E-4
2,07713E-4
1,92997E-4
1,87207E-4
1,94797E-4
1,95447E-4
2,08167E-4
1,98798E-4
1,87039E-4
1,92014E-4
1,87866E-4
1,88448E-4
2,21575E-4
2,18598E-4
2,27352E-4
1,79699E-4
1,83876E-4
1,9609E-4
1,89464E-4
1,93034E-4
2,05662E-4
1,78693E-4
1,81218E-4
1,80829E-4
2,204E-4
1,86779E-4
1,83116E-4
2,11413E-4
1,99596E-4
1,98922E-4
1,92335E-4
2,3254E-4
1,87675E-4
1,88836E-4
1,98356E-4
1,91546E-4
1,79537E-4
1,81502E-4
1,81435E-4
2,38687E-4
2,12433E-4
1,99813E-4
2,17266E-4
2,13035E-4
2,18095E-4
2,14729E-4
2,13105E-4
2,06228E-4
1,8156E-4
1,78432E-4
1,77638E-4
2,01641E-4
1,99461E-4
1,79996E-4
1,98774E-4
1,98435E-4
1,95892E-4
1,92449E-4
1,92136E-4
1,96097E-4
1,9186E-4
1,9577E-4
1,97599E-4
2,10226E-4
2,04686E-4
1,99098E-4
1,96507E-4
1,97384E-4
2,09361E-4
1,82384E-4
2,11348E-4
1,97323E-4
1,7964E-4
1,83998E-4
1,82018E-4
1,90081E-4
2,11053E-4
1,9141E-4
1,92294E-4
2,00148E-4
1,9295E-4
2,06684E-4
2,06876E-4
1,90996E-4
1,93428E-4
1,86632E-4
1,94735E-4
2,02391E-4
2,10744E-4
2,24219E-4
1,79874E-4
1,88203E-4
1,90834E-4
1,86795E-4
1,77513E-4
1,81414E-4
1,76803E-4
1,82016E-4
1,81629E-4
2,12669E-4
1,86536E-4
1,90276E-4
2,07385E-4
1,95552E-4
1,84464E-4
2,18145E-4
2,11837E-4
2,07461E-4
2,06159E-4
2,26278E-4
1,96557E-4
2,33656E-4
1,95009E-4
1,77393E-4
2,17757E-4
1,92442E-4
1,8449E-4
2,25233E-4
1,94852E-4
2,17622E-4
1,91707E-4
1,83701E-4
1,96481E-4
1,91727E-4
1,96896E-4
2,23617E-4
2,31157E-4
2,1652E-4
2,26717E-4
1,83792E-4
2,15451E-4
1,8291E-4
1,94714E-4
1,98437E-4
1,92993E-4
2,18453E-4
2,09345E-4
1,80096E-4
1,96209E-4
2,16479E-4
2,17638E-4
1,96084E-4
1,94271E-4
1,97182E-4
2,13654E-4
2,04904E-4
2,09195E-4
1,90163E-4
1,90005E-4
1,87755E-4
2,14105E-4
2,09994E-4
2,13865E-4
1,79728E-4
2,0435E-4
1,94594E-4
1,82524E-4
1,88985E-4
1,86082E-4
2,18074E-4
1,84942E-4
2,08409E-4
2,30435E-4
2,05653E-4
2,15831E-4
2,12699E-4
1,9347E-4
2,07694E-4
2,14749E-4
2,01636E-4
1,89728E-4
1,91244E-4
2,16603E-4
1,90761E-4
2,00207E-4
1,98589E-4
2,2E-4
2,13633E-4
2,03168E-4
2,13119E-4
2,02013E-4
2,05886E-4
1,96768E-4
1,96165E-4
1,97316E-4
1,80099E-4
1,84929E-4
1,8824E-4
1,76365E-4
1,86269E-4
1,75922E-4
2,04655E-4
1,86625E-4
1,82941E-4
1,91157E-4
1,91328E-4
1,87024E-4
1,89565E-4
1,77725E-4
2,00607E-4
1,80579E-4
1,79068E-4
1,86373E-4
1,83287E-4
1,96318E-4
1,88611E-4
1,8907E-4
1,94077E-4
1,89787E-4
1,99608E-4
1,94831E-4
1,92573E-4
2,0531E-4
1,90951E-4
2,01026E-4
2,14413E-4
2,10617E-4
2,15086E-4
1,77064E-4
1,83268E-4
1,7903E-4
1,77586E-4
1,842E-4
1,79312E-4
1,78622E-4
1,79279E-4
1,86037E-4
1,89448E-4
2,03473E-4
1,76551E-4
1,78882E-4
1,78496E-4
1,79653E-4
1,85805E-4
2,18561E-4
1,91812E-4
1,76669E-4
1,93049E-4
1,89394E-4
1,91127E-4
1,90506E-4
1,84582E-4
2,04576E-4
1,94494E-4
2,19556E-4
2,15067E-4
2,16957E-4
2,02066E-4
1,84289E-4
1,95953E-4
2,05246E-4
1,92277E-4
1,84384E-4
2,17001E-4
1,85691E-4
1,85269E-4
2,27381E-4
2,322E-4
2,1564E-4
2,16281E-4
2,20415E-4
2,16337E-4
2,19355E-4
2,22772E-4
2,30584E-4
2,21061E-4
2,00185E-4
1,85271E-4
1,83253E-4
1,78841E-4
1,94855E-4
1,87021E-4
1,98521E-4
2,14577E-4
1,95014E-4
2,02061E-4
1,78359E-4
2,06296E-4
1,97144E-4
1,83272E-4
1,97556E-4
1,83026E-4
2,34518E-4
2,16323E-4
2,18475E-4
2,22233E-4
1,8009E-4
1,85323E-4
2,0039E-4
2,01842E-4
1,93424E-4
1,83196E-4
1,87863E-4
1,82628E-4
1,90174E-4
1,86447E-4
1,88466E-4
2,10978E-4
2,18647E-4
1,99054E-4
2,1679E-4
2,1048E-4
2,17436E-4
1,9611E-4
2,06753E-4
2,11772E-4
1,89808E-4
1,98231E-4
1,82748E-4
1,76574E-4
1,86144E-4
2,04839E-4
3,63556E-4
4,50923E-4
4,1675E-4
4,45105E-4
4,39182E-4
1,88334E-4
1,94477E-4
1,93869E-4
2,07774E-4
1,76875E-4
1,825E-4
1,80756E-4
1,96844E-4
2,03542E-4
2,2819E-4
2,09458E-4
2,30807E-4
2,03557E-4
1,99233E-4
2,20681E-4
2,15597E-4
1,82675E-4
2,14528E-4
1,89059E-4
1,87757E-4
1,93224E-4
2,03203E-4
1,80821E-4
2,07492E-4
1,99596E-4
1,77449E-4
2,05106E-4
2,09613E-4
1,88169E-4
1,9154E-4
1,80036E-4
1,92973E-4
2,12628E-4
1,80761E-4
2,15837E-4
2,21301E-4
2,09812E-4
2,2017E-4
1,79641E-4
1,93706E-4
2,29297E-4
2,7731E-4
1,80171E-4
2,14488E-4
1,8118E-4
1,77318E-4
1,7889E-4
2,11492E-4
2,06086E-4
2,04349E-4
2,0937E-4
1,99908E-4
2,13232E-4
2,14973E-4
1,81579E-4
1,79255E-4
1,78899E-4
1,79487E-4
1,82458E-4
2,13373E-4
2,06494E-4
2,17956E-4
1,9239E-4
2,08624E-4
2,10122E-4
3,17207E-4
3,29808E-4
2,01503E-4
1,82816E-4
2,06507E-4
2,07103E-4
2,08879E-4
1,80083E-4
1,80056E-4
2,05629E-4
2,10985E-4
1,92458E-4
1,83856E-4
1,95977E-4
1,88127E-4
2,08593E-4
2,20335E-4
1,84149E-4
2,02684E-4
1,93243E-4
1,78487E-4
2,56345E-4
1,90632E-4
1,77962E-4
2,17381E-4
1,78223E-4
1,88773E-4
1,78252E-4
2,02465E-4
1,81084E-4
1,81072E-4
1,82013E-4
1,8141E-4
1,8453E-4
1,97121E-4
1,97599E-4
1,83215E-4
1,91932E-4
1,96005E-4
1,9525E-4
1,84365E-4
2,04127E-4
2,16039E-4
2,02293E-4
1,86118E-4
2,13779E-4
1,83022E-4
2,12301E-4
1,82672E-4
2,08509E-4
1,91748E-4
2,04718E-4
1,88511E-4
2,56948E-4
1,87863E-4
2,18789E-4
1,84326E-4
1,7815E-4
1,96823E-4
1,98612E-4
2,00625E-4
1,80455E-4
1,82539E-4
1,79196E-4
1,93873E-4
2,12309E-4
2,07072E-4
1,99984E-4
1,83618E-4
1,8956E-4
1,9482E-4
1,99338E-4
1,9002E-4
1,97901E-4
1,90045E-4
1,8264E-4
1,8084E-4
1,85251E-4
1,91158E-4
2,06036E-4
1,95097E-4
1,78232E-4
1,82914E-4
1,78016E-4
1,86573E-4
1,82981E-4
1,90957E-4
1,80961E-4
1,79834E-4
1,79589E-4
2,15624E-4
2,13116E-4
1,82101E-4
1,86282E-4
1,83804E-4
1,88321E-4
1,88448E-4
2,03338E-4
1,7887E-4
1,83197E-4
1,84201E-4
1,77938E-4
1,81819E-4
1,79294E-4
1,8844E-4
1,88058E-4
2,01243E-4
2,10451E-4
2,0529E-4
1,98889E-4
1,94355E-4
2,06923E-4
2,099E-4
1,84719E-4
1,99388E-4
2,11301E-4
1,90333E-4
1,99094E-4
1,7819E-4
1,83276E-4
2,57091E-4
3,16904E-4
2,49184E-4
2,76884E-4
2,54042E-4
2,46468E-4
2,74414E-4
2,00328E-4
1,8862E-4
3,02096E-4
2,64185E-4
2,62254E-4
2,96976E-4
2,05486E-4
2,05481E-4
1,77822E-4
1,94379E-4
1,80686E-4
1,92687E-4
1,77088E-4
1,9123E-4
2,02492E-4
1,90651E-4
1,88636E-4
1,86517E-4
1,95695E-4
1,86134E-4
1,84266E-4
1,77986E-4
1,87332E-4
1,97289E-4
1,92825E-4
1,84202E-4
2,03698E-4
2,16884E-4
1,94191E-4
2,1803E-4
1,78166E-4
1,75672E-4
1,91626E-4
1,85243E-4
1,82149E-4
1,94309E-4
1,98965E-4
1,98239E-4
2,57013E-4
2,43968E-4
2,90797E-4
2,1431E-4
2,35489E-4
2,31228E-4
2,24491E-4
1,95029E-4
2,08503E-4
1,8712E-4
1,83192E-4
1,88895E-4
2,02334E-4
2,18889E-4
2,01378E-4
1,95249E-4
2,01377E-4
1,98692E-4
2,05306E-4
1,78894E-4
1,76795E-4
1,94603E-4
2,46496E-4
2,12266E-4
2,15617E-4
1,81839E-4
1,82418E-4
2,13612E-4
2,1147E-4
2,00527E-4
1,95146E-4
1,85832E-4
1,8065E-4
2,07673E-4
1,79404E-4
2,0083E-4
1,95162E-4
1,95919E-4
1,96914E-4
2,09266E-4
2,0107E-4
2,15556E-4
1,99008E-4
1,89362E-4
1,86101E-4
1,81341E-4
1,79351E-4
1,81002E-4
2,11388E-4
1,81404E-4
2,23332E-4
2,04431E-4
2,08814E-4
2,44569E-4
3,15738E-4
2,11119E-4
2,08797E-4
2,11605E-4
2,0752E-4
2,19734E-4
2,14541E-4
2,12252E-4
1,946E-4
2,01296E-4
1,96916E-4
1,9004E-4
1,8083E-4
1,97511E-4
1,96314E-4
1,89735E-4
1,94408E-4
1,987E-4
2,15382E-4
2,03709E-4
2,20764E-4
2,12896E-4
2,0782E-4
2,15195E-4
2,07712E-4
2,1101E-4
2,0691E-4
1,93598E-4
1,99436E-4
1,94607E-4
2,08947E-4
1,94657E-4
2,15075E-4
2,08012E-4
2,10043E-4
2,05949E-4
1,78642E-4
1,84964E-4
1,84261E-4
1,90473E-4
2,0739E-4
1,88806E-4
1,79586E-4
1,83598E-4
1,91785E-4
1,93188E-4
2,12825E-4
2,0858E-4
1,9769E-4
2,02381E-4
1,95984E-4
1,9872E-4
1,80621E-4
1,86801E-4
1,85955E-4
1,86509E-4
1,89132E-4
2,19846E-4
2,48804E-4
2,42446E-4
2,1646E-4
2,09196E-4
2,18453E-4
1,9298E-4
1,74234E-4
2,23973E-4
1,94087E-4
1,90402E-4
1,77677E-4
1,89604E-4
1,83528E-4
1,79312E-4
1,94565E-4
2,06524E-4
1,92609E-4
1,81194E-4
1,80695E-4
1,86808E-4
1,81762E-4
2,14914E-4
1,9289E-4
2,05804E-4
2,06511E-4
1,8327E-4
0,001914896
2,10901E-4
2,11858E-4
2,13577E-4
2,33052E-4
1,92637E-4
1,95858E-4
1,86074E-4
1,86581E-4
1,89534E-4
2,2253E-4
2,21114E-4
2,3418E-4
1,89476E-4
1,93174E-4
1,98581E-4
1,96428E-4
1,80987E-4
1,87389E-4
1,93731E-4
1,90911E-4
1,84122E-4
1,80421E-4
1,99862E-4
2,05057E-4
1,98038E-4
1,90261E-4
1,82588E-4
1,80789E-4
1,86816E-4
2,21984E-4
1,91396E-4
2,02715E-4
1,93475E-4
1,88937E-4
2,17757E-4
1,87762E-4
2,00351E-4
2,13374E-4
2,18443E-4
2,12329E-4
2,1373E-4
1,99209E-4
2,13061E-4
1,97296E-4
1,82475E-4
2,1551E-4
1,88131E-4
2,07297E-4
2,06505E-4
1,81853E-4
1,86264E-4
2,23089E-4
1,94992E-4
2,12594E-4
2,15833E-4
2,17199E-4
1,98906E-4
1,95701E-4
2,17593E-4
1,95251E-4
2,0611E-4
1,78802E-4
1,84713E-4
1,8273E-4
2,02388E-4
2,26537E-4
1,90244E-4
2,00841E-4
1,85731E-4
1,82562E-4
0,00201606
2,05975E-4
1,94022E-4
1,99023E-4
2,18622E-4
1,983E-4
1,79775E-4
1,99016E-4
1,99058E-4
2,25738E-4
2,20413E-4
2,1001E-4
2,02174E-4
1,85501E-4
2,08708E-4
1,8582E-4
2,04297E-4
1,88408E-4
2,31791E-4
2,02255E-4
1,99431E-4
1,94034E-4
1,99098E-4
2,09884E-4
1,80126E-4
2,17692E-4
2,124E-4
1,82197E-4
1,88688E-4
2,15214E-4
2,10858E-4
2,0553E-4
2,22804E-4
2,11556E-4
2,09265E-4
2,21516E-4
2,08068E-4
1,97265E-4
2,06452E-4
2,38478E-4
2,0946E-4
1,87256E-4
1,763E-4
1,80405E-4
1,9104E-4
1,96824E-4
2,14024E-4
2,55477E-4
3,0828E-4
2,486E-4
1,82379E-4
1,78504E-4
1,82555E-4
2,01363E-4
2,17118E-4
2,13763E-4
1,94208E-4
2,07345E-4
2,10402E-4
2,05799E-4
1,99734E-4
1,94447E-4
1,92707E-4
1,99037E-4
1,99921E-4
1,92402E-4
2,28482E-4
2,07745E-4
1,89144E-4
2,16545E-4
2,12372E-4
2,08983E-4
2,1371E-4
1,87821E-4
1,85711E-4
1,90392E-4
2,14013E-4
2,17338E-4
2,0631E-4
1,85065E-4
1,83646E-4
1,89504E-4
2,13428E-4
2,05984E-4
1,87302E-4
1,92811E-4
1,85285E-4
1,98226E-4
2,19819E-4
1,87025E-4
1,88336E-4
1,97573E-4
1,95013E-4
2,09361E-4
1,86741E-4
1,81758E-4
2,2827E-4
1,8567E-4
1,98621E-4
1,98849E-4
2,13508E-4
1,96711E-4
2,21164E-4
1,96756E-4
1,7569E-4
1,88062E-4
1,85709E-4
1,9719E-4
1,88492E-4
1,74574E-4
1,85986E-4
1,77687E-4
1,89484E-4
1,79168E-4
1,85122E-4
1,80922E-4
2,16327E-4
1,81786E-4
2,16197E-4
1,7783E-4
2,11068E-4
1,76112E-4
2,03151E-4
1,78863E-4
2,0944E-4
2,19121E-4
2,15236E-4
2,35612E-4
2,12447E-4
2,14294E-4
1,83774E-4
1,7699E-4
2,14441E-4
1,94261E-4
1,91914E-4
1,92692E-4
1,87774E-4
1,83009E-4
2,17486E-4
2,13265E-4
2,23503E-4
1,9381E-4
1,81095E-4
1,82675E-4
1,79011E-4
1,8604E-4
1,95383E-4
2,59008E-4
1,9857E-4
1,94967E-4
1,77063E-4
3,27031E-4
2,89969E-4
1,76385E-4
2,578E-4
2,90909E-4
2,87528E-4
2,95777E-4
2,77377E-4
2,0862E-4
2,05918E-4
2,09841E-4
2,01559E-4
2,18158E-4
1,79815E-4
1,88828E-4
2,18974E-4
2,06057E-4
1,78792E-4
1,80323E-4
1,91101E-4
1,83161E-4
2,00801E-4
1,90825E-4
2,00573E-4
1,8356E-4
1,80125E-4
1,97488E-4
2,07238E-4
2,12403E-4
2,04679E-4
2,1219E-4
1,99906E-4
2,16049E-4
2,14834E-4
2,11641E-4
1,81151E-4
1,814E-4
1,80082E-4
1,78874E-4
1,882E-4
1,90186E-4
2,35952E-4
1,96909E-4
2,02526E-4
1,96611E-4
1,80432E-4
1,9285E-4
2,01309E-4
2,08556E-4
2,09082E-4
2,08643E-4
2,09762E-4
1,82654E-4
1,87767E-4
1,82223E-4
1,78711E-4
1,81878E-4
1,82732E-4
1,77821E-4
1,79731E-4
1,79739E-4
2,15368E-4
2,17113E-4
2,0965E-4
2,15198E-4
1,76106E-4
1,82611E-4
1,76649E-4
1,85514E-4
2,05346E-4
1,8553E-4
1,76631E-4
1,7855E-4
1,84787E-4
2,25724E-4
2,13934E-4
1,80186E-4
1,8033E-4
2,1983E-4
1,80733E-4
1,87124E-4
1,89554E-4
1,83969E-4
1,81557E-4
1,81749E-4
1,84243E-4
1,79998E-4
1,89405E-4
2,38421E-4
2,7346E-4
2,48989E-4
2,48276E-4
2,60028E-4
2,60916E-4
2,55546E-4
2,83449E-4
2,80895E-4
2,47026E-4
2,03426E-4
1,91296E-4
2,0316E-4
1,93697E-4
1,84015E-4
1,87092E-4
2,72355E-4
2,52861E-4
2,60169E-4
2,78242E-4
2,62857E-4
3,01319E-4
2,90983E-4
3,01231E-4
2,52481E-4
2,57788E-4
1,93473E-4
2,16515E-4
1,95788E-4
1,94682E-4
2,09697E-4
1,87134E-4
1,80753E-4
2,23239E-4
2,1554E-4
1,92962E-4
2,00301E-4
1,91244E-4
1,89226E-4
1,81175E-4
1,78875E-4
1,84848E-4
1,79064E-4
2,07177E-4
1,99684E-4
1,79823E-4
1,8352E-4
2,17956E-4
1,92362E-4
2,08667E-4
1,84968E-4
2,02758E-4
1,85847E-4
2,00125E-4
1,81718E-4
1,9445E-4
1,87242E-4
1,91585E-4
1,9265E-4
1,95136E-4
1,77999E-4
1,75594E-4
1,87741E-4
1,86207E-4
1,82364E-4
1,90381E-4
1,87275E-4
2,69884E-4
3,16623E-4
2,63506E-4
1,89277E-4
1,93806E-4
2,11596E-4
1,95904E-4
1,97897E-4
2,07142E-4
1,89149E-4
1,81872E-4
2,9527E-4
3,20652E-4
2,25915E-4
2,53655E-4
2,60863E-4
1,79592E-4
1,84979E-4
2,1655E-4
2,15299E-4
2,22337E-4
1,78502E-4
2,14564E-4
2,17149E-4
2,21327E-4
2,62386E-4
1,89237E-4
1,96932E-4
1,82328E-4
1,83695E-4
1,80742E-4
1,83204E-4
1,85785E-4
1,81632E-4
1,88468E-4
1,96569E-4
2,03027E-4
2,13195E-4
2,154E-4
1,83849E-4
1,85317E-4
1,94806E-4
1,87086E-4
1,83805E-4
2,02335E-4
1,91458E-4
1,91154E-4
2,07707E-4
2,0692E-4
1,87693E-4
1,79628E-4
1,9721E-4
1,93082E-4
2,1189E-4
1,94162E-4
1,87698E-4
1,78959E-4
1,82972E-4
1,85353E-4
1,93109E-4
1,94589E-4
2,08641E-4
2,08137E-4
2,08863E-4
1,91348E-4
1,80151E-4
2,15894E-4
2,08743E-4
2,08133E-4
2,01904E-4
1,91916E-4
2,15461E-4
1,823E-4
1,8952E-4
2,17908E-4
1,77915E-4
2,20974E-4
1,8377E-4
1,88836E-4
1,83371E-4
1,88889E-4
1,8537E-4
1,85511E-4
1,94359E-4
2,79913E-4
3,04162E-4
3,12604E-4
2,75938E-4
2,76382E-4
2,85005E-4
2,36555E-4
2,64562E-4
2,62192E-4
2,9165E-4
1,92096E-4
1,80608E-4
2,56933E-4
2,67342E-4
2,15593E-4
1,78517E-4
2,13887E-4
2,05845E-4
1,92675E-4
1,97883E-4
2,11893E-4
2,13305E-4
2,1199E-4
2,14623E-4
2,02904E-4
1,87704E-4
1,96775E-4
2,09982E-4
2,04699E-4
2,06097E-4
2,0427E-4
1,88531E-4
1,77952E-4
2,20858E-4
2,13922E-4
2,32937E-4
2,11918E-4
1,79874E-4
1,97943E-4
1,81148E-4
1,96234E-4
1,89545E-4
1,97494E-4
1,96442E-4
2,03425E-4
1,94787E-4
1,94029E-4
2,046E-4
1,82938E-4
1,761E-4
1,86483E-4
1,80266E-4
1,9782E-4
1,91156E-4
1,92098E-4
1,87582E-4
2,2351E-4
2,17553E-4
1,94806E-4
2,18806E-4
2,15399E-4
1,86869E-4
1,89218E-4
1,83689E-4
1,83829E-4
1,90914E-4
1,99732E-4
1,97564E-4
1,9302E-4
1,88173E-4
1,96772E-4
2,14788E-4
2,05199E-4
1,87637E-4
1,96355E-4
1,79517E-4
1,83318E-4
1,86245E-4
1,82957E-4
2,02019E-4
2,05418E-4
1,86733E-4
1,87425E-4
1,95969E-4
1,89959E-4
1,86455E-4
1,98687E-4
2,35739E-4
2,17183E-4
1,99908E-4
1,92577E-4
2,11038E-4
2,11671E-4
2,11294E-4
2,16342E-4
1,87407E-4
2,32128E-4
2,19561E-4
2,12282E-4
1,99375E-4
2,16073E-4
2,1149E-4
2,05383E-4
2,00175E-4
1,93729E-4
1,92364E-4
1,93853E-4
1,97861E-4
1,96746E-4
2,06706E-4
1,99185E-4
1,93193E-4
1,89168E-4
1,97139E-4
1,79424E-4
1,85146E-4
2,12228E-4
2,03397E-4
1,95209E-4
1,87653E-4
2,10189E-4
2,16111E-4
2,1034E-4
1,94533E-4
1,85301E-4
1,98365E-4
2,06991E-4
1,93493E-4
2,32649E-4
2,22037E-4
2,19486E-4
2,06978E-4
1,99555E-4
1,78987E-4
2,05592E-4
2,15368E-4
1,96505E-4
1,92441E-4
1,80522E-4
1,97983E-4
1,77341E-4
1,7584E-4
1,80541E-4
1,86594E-4
2,07296E-4
1,86239E-4
1,80207E-4
1,85058E-4
1,8796E-4
1,85658E-4
1,80165E-4
1,82819E-4
1,99081E-4
2,10804E-4
2,07803E-4
2,03898E-4
2,03331E-4
1,74047E-4
1,86251E-4
1,9304E-4
2,18822E-4
2,26401E-4
2,1536E-4
1,81227E-4
1,9529E-4
1,88665E-4
2,23246E-4
2,06695E-4
2,11583E-4
2,08429E-4
2,0678E-4
2,28563E-4
2,2428E-4
2,1135E-4
2,16218E-4
2,16142E-4
2,08175E-4
2,14865E-4
1,84189E-4
1,92843E-4
1,95492E-4
2,08642E-4
2,15538E-4
1,98217E-4
1,9238E-4
2,28003E-4
1,9451E-4
1,91767E-4
2,06204E-4
1,98972E-4
2,12028E-4
2,04846E-4
2,14005E-4
3,54017E-4
2,07207E-4
2,75532E-4
2,48559E-4
2,56294E-4
2,5573E-4
2,93328E-4
3,06999E-4
3,10146E-4
2,88004E-4
2,22007E-4
2,84746E-4
1,91376E-4
2,95446E-4
2,69366E-4
2,52983E-4
2,78884E-4
2,90999E-4
2,69723E-4
3,34504E-4
1,84833E-4
1,8802E-4
2,14251E-4
1,8445E-4
1,80161E-4
1,9261E-4
2,1321E-4
2,10645E-4
1,96919E-4
1,74422E-4
2,60923E-4
2,67582E-4
1,83922E-4
1,80661E-4
2,11207E-4
1,94004E-4
2,11227E-4
2,03508E-4
2,04289E-4
1,95802E-4
1,76899E-4
1,78173E-4
2,18342E-4
2,21694E-4
1,96474E-4
2,91791E-4
2,96482E-4
3,35072E-4
2,42195E-4
2,30449E-4
2,87048E-4
2,65695E-4
2,68529E-4
3,26416E-4
2,77289E-4
2,61074E-4
2,18946E-4
2,16355E-4
2,19385E-4
1,80995E-4
2,05698E-4
2,06158E-4
2,04763E-4
1,95161E-4
2,01133E-4
2,96433E-4
2,72374E-4
2,73177E-4
2,98321E-4
2,02537E-4
1,92667E-4
2,10807E-4
1,89595E-4
2,03608E-4
2,21027E-4
2,12157E-4
1,85524E-4
1,78381E-4
1,84876E-4
2,01019E-4
1,935E-4
1,77293E-4
1,81306E-4
2,10707E-4
1,78418E-4
1,89017E-4
1,82141E-4
1,87322E-4
1,83631E-4
1,92538E-4
2,08312E-4
2,094E-4
2,15333E-4
2,14677E-4
1,88846E-4
1,79592E-4
2,13837E-4
1,95658E-4
1,92341E-4
1,88789E-4
1,94322E-4
1,93188E-4
1,85421E-4
2,02249E-4
1,85636E-4
1,90147E-4
1,84515E-4
2,01085E-4
1,78754E-4
2,74628E-4
2,69675E-4
2,43411E-4
2,86519E-4
1,84171E-4
1,82162E-4
1,81843E-4
1,8331E-4
1,8226E-4
2,41815E-4
2,61897E-4
1,91506E-4
1,83047E-4
1,9605E-4
1,89579E-4
1,90063E-4
1,81927E-4
1,81452E-4
1,80869E-4
1,81551E-4
1,87649E-4
1,94407E-4
2,02691E-4
3,32068E-4
1,9035E-4
2,98121E-4
2,98039E-4
2,96423E-4
3,04021E-4
2,31662E-4
2,97918E-4
1,769E-4
1,79305E-4
1,77048E-4
1,99437E-4
1,81497E-4
2,29254E-4
2,15678E-4
2,24787E-4
2,15003E-4
1,97871E-4
1,96107E-4
1,87672E-4
1,86128E-4
1,84051E-4
1,7789E-4
1,79896E-4
2,12652E-4
1,86282E-4
1,83216E-4
1,7836E-4
1,93572E-4
3,46014E-4
1,98672E-4
1,9041E-4
1,81855E-4
2,59563E-4
2,84799E-4
0,001797001
2,02268E-4
8,77712E-4
2,09314E-4
1,98653E-4
1,94212E-4
1,95257E-4
2,09124E-4
1,93295E-4
2,11165E-4
2,09484E-4
1,89252E-4
1,99642E-4
2,11876E-4
2,1167E-4
1,8311E-4
2,05339E-4
1,8397E-4
2,06382E-4
1,74273E-4
1,96096E-4
1,83783E-4
2,05826E-4
2,18673E-4
1,89659E-4
2,08671E-4
1,91746E-4
1,92206E-4
1,92773E-4
1,80232E-4
2,02701E-4
2,18821E-4
1,86507E-4
1,85875E-4
3,0609E-4
1,78094E-4
1,77538E-4
1,84094E-4
1,86625E-4
1,80153E-4
1,80748E-4
2,15241E-4
2,15043E-4
2,13308E-4
2,19225E-4
2,03184E-4
2,25768E-4
1,90303E-4
1,85097E-4
2,14054E-4
1,98106E-4
1,89248E-4
2,0246E-4
1,93652E-4
2,1177E-4
2,11772E-4
2,14744E-4
1,85332E-4
2,2217E-4
1,96119E-4
2,04673E-4
2,11316E-4
2,18345E-4
1,98683E-4
1,98282E-4
2,02248E-4
2,01991E-4
1,79633E-4
1,95715E-4
2,06631E-4
2,11929E-4
2,12699E-4
1,82268E-4
2,38753E-4
1,97708E-4
1,83332E-4
3,79743E-4
2,30845E-4
1,90239E-4
1,95585E-4
2,15839E-4
1,96719E-4
1,94103E-4
1,81119E-4
1,97817E-4
1,80223E-4
1,84812E-4
2,66175E-4
2,48694E-4
2,01014E-4
1,97104E-4
1,96078E-4
2,06644E-4
1,94235E-4
3,37566E-4
3,08028E-4
2,17844E-4
1,87117E-4
1,95867E-4
1,79495E-4
1,84599E-4
2,12531E-4
2,32078E-4
1,93175E-4
1,87848E-4
1,86376E-4
1,81228E-4
2,14496E-4
1,85963E-4
2,06039E-4
1,88847E-4
2,2489E-4
1,8072E-4
1,84424E-4
1,97746E-4
1,95581E-4
2,24817E-4
2,00911E-4
1,92934E-4
2,09302E-4
2,91721E-4
3,76848E-4
3,76012E-4
2,44971E-4
2,44288E-4
1,8528E-4
2,3636E-4
3,09173E-4
3,09372E-4
2,74613E-4
2,02585E-4
1,97493E-4
2,07256E-4
1,90924E-4
1,96179E-4
1,96677E-4
1,95241E-4
2,14371E-4
1,96142E-4
1,89734E-4
1,79973E-4
2,00811E-4
2,11055E-4
2,0895E-4
1,90633E-4
2,03835E-4
2,11409E-4
1,79863E-4
1,90543E-4
1,8349E-4
1,87431E-4
1,84741E-4
1,8971E-4
2,09328E-4
1,85408E-4
2,34508E-4
2,11832E-4
2,12429E-4
1,90703E-4
1,87364E-4
1,84589E-4
1,8578E-4
1,9298E-4
1,93112E-4
1,92635E-4
2,36637E-4
1,8597E-4
1,82965E-4
1,91923E-4
2,21359E-4
2,14708E-4
2,17564E-4
2,20004E-4
2,11028E-4
1,79657E-4
1,99943E-4
1,9889E-4
1,92783E-4
1,81697E-4
1,79905E-4
1,87372E-4
2,02281E-4
1,78768E-4
1,92995E-4
1,83997E-4
2,06897E-4
1,88984E-4
1,91397E-4
2,14741E-4
2,13816E-4
1,82694E-4
1,80835E-4
1,90748E-4
2,26717E-4
2,06731E-4
1,95397E-4
1,8624E-4
1,83692E-4
1,81496E-4
1,90659E-4
1,96951E-4
1,91586E-4
1,97133E-4
1,8293E-4
1,93398E-4
2,01145E-4
1,77309E-4
1,98834E-4
2,00939E-4
1,76759E-4
1,84934E-4
2,08274E-4
2,14198E-4
2,16672E-4
2,06265E-4
2,04766E-4
2,12244E-4
1,81208E-4
1,96098E-4
1,78712E-4
1,80666E-4
2,15443E-4
2,0726E-4
2,08531E-4
2,68869E-4
3,01095E-4
2,58333E-4
3,00032E-4
3,00994E-4
3,22555E-4
3,08981E-4
2,69872E-4
2,44315E-4
2,3432E-4
2,0309E-4
1,85962E-4
1,93131E-4
2,18413E-4
1,97187E-4
2,11326E-4
2,17564E-4
1,85033E-4
1,88821E-4
1,87774E-4
2,09367E-4
1,97487E-4
1,91015E-4
1,93201E-4
1,97249E-4
1,89436E-4
2,01787E-4
2,14684E-4
2,11129E-4
2,19674E-4
2,14109E-4
2,25644E-4
1,82928E-4
1,93487E-4
2,05424E-4
1,91662E-4
2,06751E-4
1,98066E-4
1,91022E-4
2,19279E-4
1,93699E-4
1,90391E-4
2,11518E-4
1,73524E-4
1,7907E-4
2,10915E-4
1,94539E-4
2,06155E-4
1,947E-4
2,14237E-4
1,97356E-4
1,77694E-4
2,1515E-4
2,13414E-4
2,064E-4
2,11788E-4
1,89051E-4
1,79416E-4
1,93187E-4
1,77916E-4
1,85283E-4
1,97393E-4
1,76453E-4
1,96431E-4
2,07176E-4
2,05599E-4
1,96259E-4
2,09564E-4
1,99841E-4
2,30815E-4
2,12384E-4
1,78465E-4
2,04089E-4
1,79109E-4
1,80074E-4
1,87615E-4
2,06894E-4
2,10159E-4
2,13195E-4
2,27905E-4
2,29098E-4
2,18075E-4
2,0955E-4
3,33734E-4
2,05512E-4
2,22524E-4
2,09183E-4
1,84441E-4
1,81275E-4
1,78236E-4
2,18163E-4
1,85406E-4
1,86423E-4
1,85771E-4
2,01533E-4
1,84135E-4
2,04704E-4
2,04591E-4
1,81965E-4
1,80433E-4
1,84411E-4
1,82139E-4
1,82154E-4
1,81626E-4
2,10319E-4
2,16754E-4
2,15013E-4
2,1289E-4
2,00494E-4
2,00807E-4
1,86538E-4
1,80882E-4
1,76183E-4
1,96847E-4
1,82455E-4
1,90157E-4
2,07868E-4
1,97945E-4
2,01154E-4
1,80895E-4
2,06942E-4
2,10973E-4
2,10882E-4
2,1157E-4
1,85833E-4
1,89968E-4
1,92791E-4
1,91638E-4
1,85637E-4
1,94913E-4
2,09699E-4
1,78413E-4
2,07805E-4
2,15864E-4
1,76388E-4
1,91546E-4
1,80977E-4
1,82399E-4
1,9217E-4
2,20138E-4
2,0598E-4
1,82369E-4
2,07221E-4
2,15362E-4
1,97772E-4
1,86248E-4
2,11181E-4
2,11477E-4
2,14066E-4
1,83033E-4
1,97652E-4
1,92772E-4
2,00828E-4
1,95032E-4
2,00462E-4
1,99401E-4
1,85202E-4
1,84282E-4
1,80272E-4
1,88511E-4
1,92354E-4
1,92709E-4
2,02381E-4
2,07315E-4
1,87856E-4
2,29741E-4
2,05306E-4
2,0958E-4
1,88622E-4
2,11948E-4
2,06426E-4
1,77332E-4
1,80292E-4
1,92349E-4
1,81591E-4
1,79683E-4
1,92942E-4
1,89204E-4
1,87007E-4
1,89206E-4
1,8472E-4
1,84128E-4
1,94103E-4
2,07398E-4
2,08804E-4
2,08696E-4
2,12068E-4
2,0746E-4
2,14536E-4
2,12699E-4
1,82654E-4
2,07494E-4
1,84135E-4
1,82839E-4
1,74738E-4
1,83438E-4
1,76761E-4
1,79093E-4
1,94446E-4
1,7348E-4
1,76626E-4
1,84459E-4
1,78677E-4
1,8148E-4
1,89112E-4
1,76483E-4
1,88034E-4
1,90902E-4
1,91941E-4
1,7471E-4
1,78423E-4
1,83535E-4
2,07766E-4
2,03469E-4
1,87889E-4
1,78643E-4
1,79072E-4
2,08255E-4
1,89462E-4
1,884E-4
2,10384E-4
1,77003E-4
2,15263E-4
1,80836E-4
1,80273E-4
2,11745E-4
1,85189E-4
1,79082E-4
1,76788E-4
1,93749E-4
1,82001E-4
1,85578E-4
2,05692E-4
1,79304E-4
1,79472E-4
0,001868626
1,82823E-4
1,85069E-4
1,92418E-4
1,78314E-4
1,93056E-4
1,8561E-4
1,76564E-4
1,99711E-4
1,87372E-4
1,82621E-4
1,98392E-4
1,86552E-4
1,77759E-4
1,82828E-4
1,78055E-4
3,11502E-4
1,82648E-4
1,83839E-4
