7,2209E-5
7,1293E-5
6,4337E-5
5,6485E-5
8,1297E-5
5,7975E-5
7,3507E-5
7,6733E-5
7,5735E-5
6,3363E-5
5,719E-5
7,3314E-5
7,2018E-5
7,6114E-5
5,7415E-5
6,3376E-5
5,7192E-5
7,8003E-5
7,0184E-5
7,3236E-5
7,5553E-5
7,5998E-5
7,8422E-5
7,3878E-5
7,7608E-5
7,7933E-5
8,3571E-5
7,6659E-5
7,6281E-5
6,4323E-5
7,7837E-5
7,8383E-5
7,1275E-5
6,3806E-5
5,7239E-5
5,7418E-5
7,2322E-5
7,0961E-5
7,2817E-5
7,406E-5
7,0936E-5
5,7496E-5
5,8358E-5
5,7617E-5
5,7139E-5
5,6725E-5
7,5767E-5
5,6499E-5
5,7457E-5
7,4639E-5
5,7216E-5
7,9171E-5
7,3499E-5
7,6589E-5
8,2539E-5
7,527E-5
7,5859E-5
7,1379E-5
6,9876E-5
1,00546E-4
1,07928E-4
1,33436E-4
1,01172E-4
6,8403E-5
6,243E-5
7,2729E-5
7,3897E-5
7,7186E-5
7,2501E-5
7,2567E-5
7,5701E-5
7,5782E-5
7,5346E-5
7,7425E-5
7,8817E-5
5,6908E-5
5,7525E-5
7,6958E-5
7,7888E-5
7,6324E-5
7,6526E-5
7,8352E-5
7,5385E-5
9,7395E-5
7,3711E-5
7,4063E-5
7,4085E-5
7,564E-5
7,5431E-5
7,4378E-5
7,5938E-5
5,676E-5
7,8283E-5
7,4076E-5
7,1647E-5
7,6103E-5
7,2478E-5
7,1601E-5
7,5236E-5
7,5488E-5
7,2538E-5
7,3304E-5
6,436E-5
8,4161E-5
7,666E-5
7,4751E-5
7,5682E-5
5,64E-5
7,412E-5
8,1082E-5
7,6586E-5
7,4912E-5
7,625E-5
7,8974E-5
7,5649E-5
6,3715E-5
6,42E-5
6,6227E-5
7,4356E-5
7,6162E-5
7,6479E-5
7,6327E-5
7,8376E-5
8,039E-5
7,5694E-5
7,5891E-5
7,5432E-5
9,4487E-5
7,7644E-5
7,9799E-5
7,7948E-5
5,6729E-5
5,8657E-5
7,7751E-5
7,8691E-5
7,0561E-5
7,3728E-5
7,7649E-5
7,7933E-5
7,2301E-5
5,6422E-5
7,6835E-5
7,3044E-5
5,8706E-5
5,8187E-5
5,7845E-5
7,5393E-5
1,03607E-4
6,3882E-5
7,5621E-5
7,4941E-5
6,3568E-5
7,5287E-5
7,2707E-5
5,941E-5
5,7008E-5
8,2665E-5
7,2474E-5
7,0727E-5
7,6814E-5
7,2007E-5
5,7505E-5
6,9685E-5
7,4969E-5
7,3221E-5
9,6952E-5
7,4685E-5
7,8328E-5
1,19746E-4
6,9168E-5
1,17591E-4
1,1351E-4
7,3066E-5
9,6163E-5
7,0193E-5
1,09926E-4
9,0474E-5
5,8274E-5
1,07087E-4
1,45023E-4
6,9752E-5
8,909E-5
6,38775E-4
7,2042E-5
7,7324E-5
7,2261E-5
7,4991E-5
1,29388E-4
9,5351E-5
1,16719E-4
7,7181E-5
1,40515E-4
8,0532E-5
8,0384E-5
8,0701E-5
7,1017E-5
7,3126E-5
7,3551E-5
7,7457E-5
7,0308E-5
7,716E-5
7,1894E-5
7,2261E-5
8,353E-5
7,1418E-5
1,17219E-4
7,6705E-5
7,222E-5
6,3808E-5
8,6979E-5
6,3923E-5
1,06436E-4
1,26837E-4
7,8908E-5
9,3599E-5
6,2669E-5
8,3903E-5
1,01628E-4
9,4508E-5
8,3252E-5
7,0355E-5
9,3449E-5
9,7237E-5
9,725E-5
7,3606E-5
6,5819E-5
7,4684E-5
7,2556E-5
6,022E-5
1,20257E-4
6,3487E-5
7,7961E-5
6,3912E-5
7,9758E-5
1,19206E-4
5,9199E-5
8,4538E-5
1,15122E-4
7,1257E-5
8,4694E-5
6,3688E-5
1,02624E-4
6,5048E-5
8,0988E-5
8,2225E-5
9,9662E-5
9,4612E-5
8,3913E-5
1,18453E-4
7,7113E-5
1,19185E-4
7,6006E-5
7,6479E-5
1,12384E-4
5,78E-5
5,6491E-5
5,7569E-5
6,3894E-5
7,6442E-5
9,067E-5
7,1887E-5
7,2737E-5
8,3359E-5
7,102E-5
7,4144E-5
5,8569E-5
7,8699E-5
9,7046E-5
6,3696E-5
7,2346E-5
6,4102E-5
6,9105E-5
7,848E-5
9,6189E-5
7,8759E-5
7,6333E-5
5,8102E-5
7,2879E-5
7,5596E-5
7,051E-5
7,9933E-5
6,3505E-5
7,6137E-5
7,9417E-5
6,3795E-5
7,8136E-5
7,8519E-5
7,6673E-5
7,5521E-5
8,5768E-5
7,8583E-5
7,63E-5
8,128E-5
7,2357E-5
8,2859E-5
7,1378E-5
8,8751E-5
7,7634E-5
7,4718E-5
7,6775E-5
6,352E-5
6,4442E-5
9,8073E-5
8,198E-5
6,4725E-5
7,6156E-5
1,3774E-4
1,15214E-4
1,00551E-4
1,37922E-4
1,37101E-4
1,35521E-4
1,30186E-4
1,30776E-4
1,38828E-4
1,15788E-4
1,40407E-4
1,18546E-4
1,40313E-4
1,30439E-4
9,6302E-5
1,40961E-4
1,39487E-4
1,31282E-4
1,28178E-4
1,00734E-4
0,001986165
7,5479E-5
7,6151E-5
6,3249E-5
7,1167E-5
5,8878E-5
8,3149E-5
6,2434E-5
7,4076E-5
7,7039E-5
7,5282E-5
5,5394E-5
7,4167E-5
7,4015E-5
7,8531E-5
5,8133E-5
7,4314E-5
7,2586E-5
6,9502E-5
7,5678E-5
8,9606E-5
6,4016E-5
1,11698E-4
8,674E-5
1,08762E-4
1,21678E-4
7,6187E-5
1,48585E-4
7,8912E-5
1,75256E-4
8,6669E-5
7,1425E-5
5,7117E-5
5,7892E-5
5,7738E-5
6,4507E-5
7,5686E-5
5,6948E-5
6,9407E-5
6,5381E-5
7,5508E-5
5,7208E-5
5,7761E-5
7,9052E-5
7,7733E-5
7,9801E-5
7,1374E-5
7,1652E-5
7,4672E-5
7,3456E-5
8,2646E-5
7,6952E-5
7,5328E-5
8,5141E-5
7,2819E-5
8,0006E-5
6,3146E-5
7,0697E-5
7,2082E-5
7,1022E-5
6,4096E-5
7,2239E-5
7,1173E-5
7,725E-5
7,855E-5
7,5583E-5
7,5037E-5
1,2539E-4
7,3441E-5
6,0762E-5
5,7891E-5
6,2478E-5
7,4333E-5
7,7836E-5
7,5213E-5
5,7996E-5
7,7787E-5
7,8159E-5
7,1376E-5
7,3239E-5
8,0124E-5
5,7347E-5
7,2996E-5
7,8301E-5
6,333E-5
7,4453E-5
6,262E-5
8,3206E-5
6,3234E-5
6,3757E-5
7,4755E-5
6,4003E-5
7,2744E-5
5,6015E-5
7,2328E-5
7,3116E-5
7,5714E-5
7,186E-5
7,8442E-5
7,3882E-5
7,6684E-5
7,1959E-5
7,1846E-5
7,5679E-5
6,8789E-5
6,9437E-5
7,4124E-5
7,4678E-5
7,3328E-5
8,0966E-5
7,5209E-5
7,7104E-5
7,5663E-5
6,5702E-5
6,4402E-5
7,5452E-5
5,7396E-5
5,7842E-5
5,8166E-5
5,7114E-5
7,4024E-5
7,5298E-5
7,5999E-5
7,6832E-5
7,9982E-5
7,8268E-5
7,7145E-5
1,35248E-4
1,34935E-4
1,45958E-4
1,62243E-4
1,48228E-4
1,72425E-4
1,43984E-4
1,38734E-4
1,34562E-4
1,39287E-4
1,12559E-4
1,42925E-4
1,58194E-4
8,132E-5
7,5637E-5
7,5284E-5
7,8009E-5
7,2836E-5
5,6906E-5
7,7235E-5
8,0199E-5
7,6796E-5
7,5235E-5
7,6298E-5
7,0675E-5
7,1835E-5
7,4677E-5
7,1677E-5
7,1634E-5
7,2235E-5
7,1852E-5
7,299E-5
7,4844E-5
7,239E-5
7,2166E-5
5,9055E-5
6,1114E-5
7,7257E-5
6,4713E-5
6,32E-5
6,4653E-5
6,4219E-5
6,4649E-5
6,535E-5
6,6031E-5
6,3811E-5
6,6703E-5
6,3996E-5
6,442E-5
7,762E-5
5,7345E-5
7,5142E-5
6,2833E-5
6,9832E-5
7,5167E-5
7,2714E-5
7,3566E-5
7,441E-5
6,8861E-5
7,7377E-5
7,0248E-5
5,5813E-5
8,2438E-5
7,581E-5
7,3973E-5
7,1619E-5
8,802E-5
7,7701E-5
6,2847E-5
5,7223E-5
7,5235E-5
7,0947E-5
7,3746E-5
7,3301E-5
7,4241E-5
7,3256E-5
7,4661E-5
7,5761E-5
7,0897E-5
7,1037E-5
7,0188E-5
7,4625E-5
7,4221E-5
7,6363E-5
7,2633E-5
7,4711E-5
7,6105E-5
7,1831E-5
7,0202E-5
5,7616E-5
7,841E-5
7,3289E-5
7,402E-5
7,3969E-5
6,3392E-5
6,3808E-5
7,433E-5
7,5484E-5
7,5358E-5
7,9249E-5
7,7762E-5
7,125E-5
5,8507E-5
5,7821E-5
7,5767E-5
7,5974E-5
6,0721E-5
7,1207E-5
7,3094E-5
7,3801E-5
7,6023E-5
7,6001E-5
6,433E-5
7,6136E-5
7,212E-5
5,7718E-5
5,736E-5
7,5528E-5
7,8428E-5
7,858E-5
7,9365E-5
7,6922E-5
7,4631E-5
7,2215E-5
7,541E-5
7,9882E-5
7,6119E-5
6,488E-5
7,1863E-5
7,9572E-5
7,8843E-5
7,8888E-5
5,7324E-5
7,469E-5
7,4015E-5
6,6379E-5
8,8234E-5
8,3573E-5
7,5118E-5
7,3561E-5
7,6077E-5
5,8653E-5
5,8467E-5
5,6888E-5
5,6928E-5
6,3674E-5
6,416E-5
7,4289E-5
7,4626E-5
6,7842E-5
6,4033E-5
7,3957E-5
5,7632E-5
5,6275E-5
7,0058E-5
7,2815E-5
8,1498E-5
7,6097E-5
7,7515E-5
7,4573E-5
7,3861E-5
7,3858E-5
7,6074E-5
6,425E-5
1,33427E-4
1,34963E-4
1,3497E-4
1,33196E-4
1,33325E-4
1,40411E-4
1,3628E-4
1,30287E-4
1,29504E-4
1,25894E-4
1,27273E-4
1,30059E-4
1,25793E-4
7,1389E-5
7,0378E-5
8,9769E-5
7,1531E-5
7,1829E-5
7,122E-5
7,3498E-5
7,1129E-5
7,0183E-5
7,056E-5
8,0748E-5
6,2745E-5
7,4601E-5
7,7644E-5
7,7978E-5
7,6464E-5
7,7264E-5
7,2483E-5
7,187E-5
7,4429E-5
7,5095E-5
6,3039E-5
6,3978E-5
8,088E-5
7,4772E-5
7,6356E-5
7,3853E-5
5,8377E-5
7,209E-5
7,6478E-5
7,6377E-5
7,2309E-5
7,7624E-5
9,4841E-5
7,2262E-5
5,7374E-5
7,5659E-5
6,5112E-5
7,6867E-5
5,7461E-5
6,3985E-5
7,1352E-5
6,9916E-5
8,1546E-5
7,187E-5
6,2989E-5
7,4014E-5
5,7632E-5
6,104E-5
7,3319E-5
6,9614E-5
7,8983E-5
7,271E-5
7,4295E-5
7,1005E-5
6,9702E-5
6,2969E-5
7,338E-5
5,6794E-5
7,5283E-5
8,67705E-4
6,3693E-5
7,3089E-5
5,7463E-5
5,7888E-5
6,5707E-5
7,086E-5
7,5361E-5
8,6603E-5
8,145E-5
6,4321E-5
6,3963E-5
7,5056E-5
6,992E-5
7,5879E-5
7,081E-5
6,9686E-5
7,4309E-5
7,3684E-5
5,6083E-5
7,337E-5
7,5736E-5
7,7541E-5
7,9931E-5
7,676E-5
7,0472E-5
7,0934E-5
7,1205E-5
7,5339E-5
7,0202E-5
7,4895E-5
7,69E-5
7,873E-5
6,5347E-5
7,6458E-5
7,5236E-5
7,7124E-5
6,4175E-5
6,4626E-5
6,4552E-5
7,43E-5
7,0758E-5
7,3149E-5
7,6565E-5
7,14E-5
7,272E-5
5,7383E-5
7,5699E-5
7,3952E-5
7,4029E-5
7,7239E-5
7,581E-5
7,8396E-5
7,4546E-5
7,3131E-5
7,1455E-5
7,1268E-5
7,3045E-5
7,3515E-5
7,2699E-5
6,3788E-5
6,3477E-5
6,4618E-5
7,6068E-5
7,3403E-5
7,1282E-5
7,1582E-5
7,0296E-5
6,7495E-5
7,4755E-5
7,5064E-5
5,7066E-5
7,7045E-5
7,5957E-5
7,5698E-5
7,0941E-5
7,0934E-5
7,859E-5
7,9018E-5
6,4204E-5
7,604E-5
7,8399E-5
8,0185E-5
7,6455E-5
7,7157E-5
7,5719E-5
7,304E-5
7,4615E-5
7,3545E-5
7,6251E-5
6,9267E-5
7,5657E-5
7,9081E-5
5,6348E-5
7,316E-5
6,3126E-5
7,4933E-5
7,5653E-5
6,9852E-5
8,5581E-5
7,4061E-5
5,7111E-5
7,3461E-5
6,3806E-5
7,0554E-5
7,4888E-5
6,5329E-5
7,9667E-5
7,0845E-5
7,0577E-5
7,0033E-5
7,01E-5
7,5205E-5
6,3432E-5
7,5369E-5
7,554E-5
6,9781E-5
7,1692E-5
7,455E-5
7,6954E-5
9,0207E-5
7,8265E-5
7,6233E-5
7,0682E-5
7,5727E-5
7,0945E-5
8,0069E-5
6,8094E-5
7,4414E-5
6,3749E-5
5,8096E-5
7,1763E-5
7,309E-5
8,0004E-5
7,6926E-5
5,746E-5
6,5302E-5
7,0504E-5
7,0922E-5
7,5024E-5
5,7028E-5
6,3693E-5
7,5452E-5
6,3263E-5
7,3663E-5
6,952E-5
7,4041E-5
7,9275E-5
7,6994E-5
5,6713E-5
7,3335E-5
7,5515E-5
7,4151E-5
6,3586E-5
7,4159E-5
7,3272E-5
7,0439E-5
7,4286E-5
7,4249E-5
7,6442E-5
7,4603E-5
8,0178E-5
7,5672E-5
7,0209E-5
7,3163E-5
7,563E-5
7,3553E-5
7,3517E-5
7,576E-5
8,5278E-5
7,3754E-5
8,5482E-5
6,9779E-5
7,832E-5
7,3857E-5
7,1803E-5
6,8061E-5
7,808E-5
7,4809E-5
7,165E-5
7,2639E-5
8,0729E-5
7,3445E-5
8,195E-5
6,4297E-5
6,5295E-5
7,2083E-5
7,1187E-5
7,4453E-5
7,5517E-5
7,5047E-5
7,5063E-5
7,4182E-5
8,7446E-5
7,993E-5
7,188E-5
8,7525E-5
8,6268E-5
8,0664E-5
7,6027E-5
8,3068E-5
7,2297E-5
6,3852E-5
6,5703E-5
7,6217E-5
7,814E-5
6,3887E-5
6,4932E-5
7,4961E-5
7,6095E-5
1,18652E-4
1,1502E-4
6,3002E-5
7,7663E-5
7,441E-5
7,4677E-5
7,1573E-5
9,0398E-5
7,5274E-5
7,6653E-5
7,8266E-5
5,8195E-5
7,5942E-5
6,9878E-5
7,5509E-5
7,717E-5
7,6998E-5
7,9756E-5
7,6304E-5
7,6633E-5
7,417E-5
9,5909E-5
5,7716E-5
5,921E-5
5,7049E-5
7,7819E-5
7,8962E-5
8,3417E-5
6,4032E-5
6,5393E-5
7,6776E-5
6,3217E-5
1,06006E-4
1,27212E-4
1,33048E-4
8,2749E-5
6,4891E-5
7,2169E-5
6,3618E-5
7,3496E-5
7,4083E-5
7,8468E-5
7,4388E-5
7,521E-5
7,51E-5
7,4869E-5
6,237E-5
1,32546E-4
8,0143E-5
7,6599E-5
7,1261E-5
7,7861E-5
7,4686E-5
7,0479E-5
7,0813E-5
6,658E-5
7,0045E-5
7,1964E-5
7,0542E-5
5,7089E-5
5,9495E-5
5,8546E-5
5,7561E-5
6,8417E-5
7,772E-5
5,6198E-5
5,7054E-5
6,7354E-5
5,7359E-5
7,0503E-5
7,1301E-5
7,0014E-5
7,4405E-5
6,4267E-5
8,5279E-5
7,6717E-5
5,793E-5
6,2606E-5
6,45E-5
7,2292E-5
7,0265E-5
7,3795E-5
7,379E-5
7,427E-5
6,8956E-5
7,2493E-5
7,2117E-5
7,0069E-5
7,0437E-5
7,1044E-5
6,3068E-5
7,8457E-5
5,7223E-5
6,9883E-5
7,8506E-5
7,3003E-5
7,5594E-5
7,6553E-5
7,3437E-5
8,1187E-5
7,2565E-5
1,31663E-4
8,3062E-5
7,6448E-5
8,0949E-5
8,8033E-5
1,17165E-4
1,26787E-4
1,36273E-4
9,7383E-5
6,8614E-5
6,5458E-5
1,00838E-4
9,9056E-5
7,5255E-5
7,6802E-5
7,71E-5
7,6132E-5
7,7303E-5
7,5006E-5
8,9257E-5
7,3522E-5
7,4832E-5
7,4261E-5
7,4163E-5
7,7276E-5
7,2709E-5
7,4916E-5
7,3731E-5
7,4628E-5
7,44E-5
7,0692E-5
7,1083E-5
6,9645E-5
7,0202E-5
7,7114E-5
7,3644E-5
7,4663E-5
7,6421E-5
8,0493E-5
5,9342E-5
7,4592E-5
7,5559E-5
7,4968E-5
9,0092E-5
7,4595E-5
7,6923E-5
7,6152E-5
5,744E-5
7,7456E-5
5,7144E-5
5,7916E-5
7,2384E-5
6,2834E-5
7,5342E-5
7,589E-5
7,5522E-5
7,5645E-5
7,6005E-5
7,9667E-5
7,0714E-5
6,2959E-5
7,2176E-5
7,1769E-5
7,2406E-5
9,0999E-5
7,665E-5
7,1261E-5
7,1742E-5
6,9075E-5
7,1377E-5
7,7996E-5
7,3456E-5
7,5081E-5
7,9195E-5
5,7148E-5
5,7579E-5
5,7691E-5
7,5625E-5
6,316E-5
6,4291E-5
7,304E-5
7,6863E-5
7,0269E-5
7,0128E-5
7,7836E-5
7,3884E-5
7,4429E-5
7,5931E-5
7,4521E-5
7,4979E-5
6,9496E-5
7,8935E-5
7,2057E-5
8,1763E-5
7,9162E-5
5,6923E-5
7,3542E-5
6,9033E-5
7,6226E-5
7,6073E-5
7,2802E-5
7,1355E-5
8,0673E-5
7,9452E-5
7,7712E-5
7,7789E-5
7,3786E-5
7,1309E-5
7,872E-5
7,7932E-5
7,7571E-5
7,7807E-5
7,8879E-5
7,6172E-5
5,8078E-5
7,624E-5
7,5868E-5
7,38E-5
7,418E-5
7,3231E-5
9,2556E-5
7,3786E-5
7,4247E-5
7,6058E-5
7,4368E-5
8,2284E-5
6,3103E-5
6,5285E-5
7,5816E-5
6,2868E-5
7,2008E-5
7,0729E-5
7,1417E-5
6,9993E-5
6,9781E-5
6,7033E-5
5,6689E-5
5,5763E-5
5,7349E-5
5,701E-5
7,5237E-5
6,1735E-5
7,0931E-5
7,1725E-5
5,769E-5
8,1723E-5
7,6388E-5
7,0976E-5
7,3644E-5
7,4553E-5
5,667E-5
7,5095E-5
7,5393E-5
5,7476E-5
7,4948E-5
7,1566E-5
5,7293E-5
7,4239E-5
7,8738E-5
7,028E-5
7,7656E-5
7,782E-5
5,7326E-5
7,21E-5
7,5862E-5
7,1063E-5
7,113E-5
7,0319E-5
5,6393E-5
7,2077E-5
7,7814E-5
7,6795E-5
7,7435E-5
6,3249E-5
5,7485E-5
7,1482E-5
8,4202E-5
8,0039E-5
7,8463E-5
7,7688E-5
8,0334E-5
7,6093E-5
7,5746E-5
7,7482E-5
5,7E-5
7,0312E-5
8,9814E-5
7,3268E-5
7,1914E-5
7,0197E-5
7,0946E-5
6,6338E-5
7,0878E-5
7,4874E-5
7,5754E-5
7,1563E-5
7,1865E-5
7,2839E-5
6,1652E-5
6,4179E-5
7,7934E-5
6,4999E-5
6,5247E-5
6,4124E-5
7,966E-5
5,7926E-5
7,5453E-5
7,3104E-5
7,2218E-5
7,8428E-5
7,8922E-5
7,9123E-5
7,6869E-5
7,7245E-5
7,8594E-5
8,0048E-5
7,7779E-5
7,0827E-5
7,5037E-5
7,5357E-5
8,1687E-5
7,5738E-5
7,501E-5
7,8163E-5
8,7053E-5
8,0807E-5
7,4738E-5
6,9256E-5
6,448E-5
7,5107E-5
7,761E-5
7,5776E-5
7,5641E-5
7,6005E-5
7,818E-5
1,06599E-4
7,9947E-5
5,7695E-5
7,1385E-5
7,187E-5
7,6123E-5
6,4469E-5
6,5138E-5
7,6577E-5
7,3116E-5
5,7962E-5
7,8448E-5
8,1397E-5
6,4832E-5
9,2924E-5
7,3621E-5
7,6809E-5
7,4013E-5
6,4557E-5
6,4034E-5
7,6111E-5
7,9767E-5
6,3659E-5
7,261E-5
6,1573E-5
7,6382E-5
7,3443E-5
7,3444E-5
7,437E-5
6,963E-5
7,3229E-5
7,1068E-5
5,6181E-5
8,314E-5
6,7108E-5
7,3528E-5
8,539E-5
6,8213E-5
8,6554E-5
8,6851E-5
6,9158E-5
8,5958E-5
7,1345E-5
7,5013E-5
9,5728E-5
7,1711E-5
6,5328E-5
7,7158E-5
7,8408E-5
8,0817E-5
7,3542E-5
7,845E-5
7,4562E-5
7,4687E-5
5,7645E-5
6,8958E-5
6,8175E-5
6,6946E-5
6,4427E-5
7,9159E-5
5,6425E-5
6,7504E-5
7,093E-5
7,8336E-5
5,7088E-5
6,0709E-5
7,494E-5
7,7618E-5
7,2835E-5
7,6395E-5
7,041E-5
7,0899E-5
5,6654E-5
5,7002E-5
6,4225E-5
7,4226E-5
7,6568E-5
7,3948E-5
9,9841E-5
7,6471E-5
7,1088E-5
7,637E-5
7,8766E-5
7,2736E-5
8,5485E-5
7,8571E-5
7,6093E-5
7,3119E-5
7,4344E-5
7,0992E-5
7,9071E-5
7,9168E-5
7,6387E-5
6,7636E-5
9,4164E-5
6,7267E-5
7,5078E-5
7,7055E-5
6,6838E-5
7,2989E-5
7,1188E-5
7,9957E-5
7,2886E-5
9,515E-5
5,6608E-5
7,2863E-5
7,1164E-5
7,1832E-5
7,0495E-5
7,0305E-5
7,0324E-5
7,2328E-5
7,5432E-5
7,2164E-5
5,7385E-5
7,3914E-5
9,0715E-5
7,6389E-5
6,4143E-5
8,0357E-5
7,4382E-5
7,5433E-5
6,5431E-5
5,7942E-5
5,667E-5
5,6408E-5
5,817E-5
6,9598E-5
5,7757E-5
7,481E-5
7,3761E-5
7,3599E-5
7,8782E-5
7,8208E-5
7,2302E-5
7,0994E-5
7,1949E-5
6,4435E-5
7,1386E-5
7,2293E-5
7,0183E-5
6,9373E-5
7,1296E-5
7,5649E-5
7,4622E-5
7,073E-5
7,2026E-5
6,3725E-5
6,2824E-5
6,3677E-5
7,6138E-5
7,5514E-5
8,0766E-5
8,077E-5
7,4007E-5
6,5057E-5
6,297E-5
6,4111E-5
6,3968E-5
6,4208E-5
5,7724E-5
1,22033E-4
6,0653E-5
7,5778E-5
5,7411E-5
5,7951E-5
5,6673E-5
7,7546E-5
7,63E-5
7,6457E-5
7,523E-5
7,5243E-5
7,8879E-5
7,6962E-5
7,7271E-5
9,6974E-5
7,0411E-5
7,2854E-5
7,1177E-5
7,2818E-5
6,6494E-5
7,6858E-5
7,4869E-5
7,5348E-5
7,5509E-5
7,5925E-5
7,5725E-5
7,5012E-5
7,2538E-5
7,8502E-5
9,8763E-5
7,7859E-5
7,8903E-5
6,3149E-5
8,0007E-5
7,4825E-5
7,487E-5
7,5536E-5
5,8286E-5
7,5643E-5
7,4779E-5
7,6033E-5
7,566E-5
7,5064E-5
7,589E-5
7,4935E-5
7,4088E-5
7,6918E-5
7,4839E-5
8,1338E-5
7,0672E-5
7,3643E-5
7,6252E-5
7,3934E-5
7,3711E-5
7,1183E-5
7,2719E-5
6,8923E-5
7,6742E-5
7,3354E-5
7,5109E-5
7,1636E-5
7,5345E-5
5,7764E-5
6,3715E-5
1,26069E-4
1,04874E-4
1,00038E-4
1,26107E-4
1,24835E-4
8,1694E-5
1,42625E-4
8,2421E-5
7,1479E-5
7,1148E-5
6,9708E-5
7,9132E-5
5,6838E-5
7,4224E-5
7,0802E-5
7,8875E-5
7,889E-5
7,472E-5
7,8001E-5
7,5083E-5
7,8743E-5
8,1294E-5
7,4185E-5
6,2737E-5
6,3077E-5
6,2024E-5
6,4937E-5
7,0349E-5
7,182E-5
7,2164E-5
7,1126E-5
8,2117E-5
7,2996E-5
7,3836E-5
8,2547E-5
6,3303E-5
7,5555E-5
7,5385E-5
8,6619E-5
7,4947E-5
1,03464E-4
9,5204E-5
7,4109E-5
7,6016E-5
5,7418E-5
5,785E-5
5,8937E-5
8,1155E-5
9,8626E-5
9,1167E-5
9,0559E-5
1,04157E-4
1,10826E-4
1,21309E-4
7,316E-5
7,9409E-5
9,1052E-5
1,13386E-4
1,08661E-4
1,31337E-4
1,31815E-4
7,7292E-5
1,12924E-4
1,34471E-4
1,05558E-4
1,43341E-4
1,16734E-4
6,5507E-5
7,0885E-5
7,4584E-5
6,3752E-5
7,6575E-5
7,3152E-5
7,3421E-5
7,4811E-5
5,7153E-5
5,8092E-5
5,733E-5
5,8111E-5
5,8986E-5
5,7122E-5
5,639E-5
5,8422E-5
5,6695E-5
5,6946E-5
7,5806E-5
7,2783E-5
1,0797E-4
1,27891E-4
9,2197E-5
7,4537E-5
6,5652E-5
7,3906E-5
5,5967E-5
7,7426E-5
7,6006E-5
7,5654E-5
7,2698E-5
5,8242E-5
6,964E-5
7,5359E-5
7,2734E-5
5,5781E-5
6,9534E-5
7,8736E-5
7,3355E-5
5,6525E-5
7,0112E-5
7,6675E-5
7,1674E-5
6,9033E-5
5,7788E-5
6,1729E-5
9,6494E-5
6,1861E-5
7,7169E-5
7,2962E-5
7,2567E-5
7,2213E-5
7,2317E-5
7,5814E-5
7,3578E-5
7,809E-5
7,8676E-5
7,9956E-5
7,7333E-5
8,3928E-5
7,9395E-5
7,7736E-5
8,1358E-5
6,7334E-5
6,3456E-5
6,3642E-5
6,5403E-5
6,7995E-5
6,148E-5
5,7807E-5
5,8293E-5
7,1336E-5
7,0668E-5
6,4467E-5
7,4997E-5
7,8179E-5
5,7349E-5
5,8086E-5
7,5651E-5
7,8982E-5
7,6547E-5
7,626E-5
5,7717E-5
6,2744E-5
9,7491E-5
6,4717E-5
7,9504E-5
7,4937E-5
6,9722E-5
6,65E-5
7,2337E-5
7,292E-5
6,609E-5
6,8724E-5
6,4963E-5
7,2773E-5
7,7972E-5
7,3982E-5
7,3462E-5
6,1965E-5
5,7589E-5
5,7835E-5
7,6795E-5
5,7108E-5
7,7135E-5
7,7196E-5
5,7532E-5
5,7577E-5
5,7707E-5
5,6882E-5
5,7609E-5
5,7263E-5
6,0056E-5
5,6683E-5
5,6823E-5
7,3744E-5
7,8425E-5
7,2275E-5
7,2573E-5
6,919E-5
7,0908E-5
7,0519E-5
7,1365E-5
6,337E-5
6,3314E-5
7,769E-5
8,0845E-5
7,6072E-5
5,8754E-5
7,2854E-5
7,4823E-5
6,4109E-5
6,5209E-5
1,31457E-4
7,7314E-5
8,2145E-5
1,34271E-4
5,6933E-5
7,22E-5
8,236E-5
7,3954E-5
7,8064E-5
7,4563E-5
7,6514E-5
7,0577E-5
7,3604E-5
7,068E-5
7,1145E-5
7,1296E-5
7,7925E-5
7,808E-5
7,0335E-5
5,7429E-5
7,3567E-5
7,4738E-5
8,0832E-5
7,2375E-5
5,7304E-5
5,7238E-5
6,6317E-5
8,703E-5
1,00936E-4
1,13321E-4
7,1352E-5
1,10823E-4
1,30941E-4
1,03222E-4
7,448E-5
8,4975E-5
1,03075E-4
1,01427E-4
8,5704E-5
7,9046E-5
9,4251E-5
5,636E-5
7,6743E-5
7,1305E-5
7,3087E-5
5,6997E-5
5,7477E-5
8,163E-5
5,61E-5
7,4629E-5
7,49E-5
7,0782E-5
7,0999E-5
7,123E-5
7,4879E-5
7,6216E-5
7,3762E-5
7,4458E-5
7,8465E-5
7,8544E-5
5,7495E-5
6,1915E-5
7,3018E-5
7,4458E-5
7,5492E-5
7,5396E-5
7,4652E-5
7,161E-5
6,1147E-5
7,6136E-5
7,6693E-5
7,7311E-5
7,4189E-5
7,7796E-5
7,6189E-5
7,1414E-5
7,0061E-5
6,2863E-5
7,6064E-5
7,8499E-5
8,5451E-5
7,7597E-5
7,7443E-5
7,5004E-5
7,5267E-5
7,5557E-5
7,7252E-5
7,3766E-5
7,4094E-5
7,409E-5
7,8056E-5
7,7741E-5
7,3582E-5
7,2808E-5
6,4197E-5
6,2723E-5
6,9852E-5
6,9216E-5
7,4343E-5
7,1894E-5
7,1905E-5
9,2055E-5
7,1543E-5
7,0962E-5
7,3026E-5
7,3684E-5
7,4264E-5
7,3905E-5
7,3122E-5
7,4052E-5
7,4037E-5
7,5055E-5
7,8749E-5
7,2285E-5
5,8554E-5
5,6726E-5
5,7818E-5
5,7651E-5
5,8093E-5
7,1355E-5
7,0612E-5
1,04648E-4
1,36536E-4
1,04295E-4
1,00328E-4
9,7932E-5
9,6556E-5
1,29616E-4
1,05659E-4
1,58725E-4
1,0318E-4
7,617E-5
7,3311E-5
1,10061E-4
8,3794E-5
1,24393E-4
7,6318E-5
7,5821E-5
8,5351E-5
7,4764E-5
7,2621E-5
7,2556E-5
7,9433E-5
8,1354E-5
8,8945E-5
1,07611E-4
7,9457E-5
7,5711E-5
7,5483E-5
1,10624E-4
1,17613E-4
8,0242E-5
1,00134E-4
5,6356E-5
6,2018E-5
6,2709E-5
1,29347E-4
7,509E-5
7,4512E-5
7,0892E-5
8,535E-5
6,0745E-5
7,1893E-5
9,7592E-5
7,5906E-5
5,7785E-5
6,51E-5
7,7316E-5
7,6806E-5
7,577E-5
7,121E-5
9,0301E-5
7,6004E-5
8,5192E-5
9,4536E-5
7,7685E-5
7,0688E-5
7,0697E-5
7,5943E-5
7,9143E-5
1,52436E-4
1,22565E-4
1,06126E-4
8,3778E-5
1,17649E-4
8,8895E-5
8,3166E-5
8,1557E-5
1,02087E-4
7,5692E-5
9,063E-5
1,01629E-4
9,7246E-5
1,21714E-4
1,1023E-4
9,8964E-5
8,4672E-5
1,06082E-4
1,1321E-4
7,3822E-5
6,9808E-5
7,033E-5
6,9789E-5
6,9579E-5
7,0593E-5
6,9417E-5
7,1446E-5
7,7655E-5
6,252E-5
6,6997E-5
6,4515E-5
7,4239E-5
7,4573E-5
7,3197E-5
8,8049E-5
7,5417E-5
7,3543E-5
6,2739E-5
7,4681E-5
7,855E-5
7,3318E-5
7,166E-5
6,408E-5
7,4048E-5
6,8635E-5
7,2535E-5
5,6261E-5
7,29E-5
7,2193E-5
7,3721E-5
7,5556E-5
5,535E-5
7,4403E-5
7,2171E-5
5,6955E-5
7,8433E-5
7,5116E-5
7,9014E-5
8,6575E-5
6,1786E-5
1,15157E-4
9,0918E-5
9,1182E-5
1,15303E-4
1,09049E-4
1,12285E-4
7,4891E-5
7,6061E-5
1,22885E-4
7,4522E-5
7,4441E-5
8,1524E-5
5,7402E-5
7,5721E-5
7,5138E-5
9,2342E-5
7,7416E-5
8,7226E-5
7,9418E-5
7,0884E-5
7,1745E-5
9,0322E-5
7,7996E-5
7,9483E-5
7,7455E-5
7,2607E-5
7,8638E-5
7,549E-5
8,5231E-5
9,3166E-5
8,7794E-5
8,0011E-5
6,9526E-5
5,6504E-5
6,4669E-5
6,8978E-5
5,7335E-5
5,7699E-5
7,7016E-5
7,7151E-5
6,5687E-5
7,0626E-5
7,2157E-5
5,9922E-5
7,2437E-5
7,1205E-5
7,5079E-5
7,3582E-5
6,9144E-5
7,4259E-5
7,7757E-5
7,4192E-5
7,6012E-5
7,0695E-5
7,5171E-5
9,3485E-5
7,6516E-5
7,5601E-5
5,9386E-5
7,6846E-5
7,5944E-5
7,312E-5
7,1081E-5
7,686E-5
7,5113E-5
1,31225E-4
7,9074E-5
7,3819E-5
7,638E-5
8,0303E-5
7,3191E-5
7,7844E-5
7,4226E-5
7,3734E-5
7,4756E-5
7,3022E-5
7,2707E-5
5,6447E-5
6,8996E-5
7,382E-5
7,5399E-5
6,5851E-5
7,3884E-5
7,5027E-5
7,9804E-5
7,4137E-5
7,3084E-5
7,3913E-5
7,3608E-5
7,3301E-5
7,4563E-5
7,3017E-5
7,3912E-5
7,7199E-5
7,1554E-5
8,1406E-5
7,4284E-5
7,1234E-5
7,3399E-5
7,6083E-5
5,5892E-5
7,4135E-5
8,0942E-5
7,3955E-5
7,4548E-5
8,5685E-5
7,6834E-5
7,3034E-5
7,343E-5
7,2067E-5
8,3376E-5
7,1719E-5
5,6461E-5
7,2257E-5
1,07095E-4
1,61105E-4
1,01786E-4
1,15914E-4
9,4398E-5
1,08331E-4
1,01062E-4
1,02905E-4
1,03914E-4
8,8711E-5
7,6581E-5
7,5275E-5
7,5136E-5
7,4726E-5
7,571E-5
6,4437E-5
6,2875E-5
6,3963E-5
6,4057E-5
7,6074E-5
6,7926E-5
6,3359E-5
8,105E-5
7,5382E-5
7,9097E-5
5,7075E-5
5,7157E-5
5,7386E-5
6,8902E-5
6,3663E-5
7,8126E-5
7,4812E-5
7,314E-5
7,2107E-5
7,2118E-5
7,2459E-5
7,909E-5
5,7882E-5
5,7327E-5
7,705E-5
7,0264E-5
7,2726E-5
7,7257E-5
5,8199E-5
7,1652E-5
7,5676E-5
6,3272E-5
7,6253E-5
7,0554E-5
8,3451E-5
7,4325E-5
7,0175E-5
8,1495E-5
6,2657E-5
6,3451E-5
6,2713E-5
7,568E-5
5,6397E-5
7,932E-5
7,5243E-5
7,6088E-5
7,5497E-5
7,5212E-5
7,5882E-5
7,5722E-5
7,8041E-5
7,7668E-5
7,7757E-5
7,7729E-5
7,7809E-5
7,6736E-5
7,4345E-5
7,861E-5
7,5288E-5
8,9056E-5
5,7542E-5
5,6293E-5
5,7094E-5
5,7755E-5
5,8139E-5
6,516E-5
5,6767E-5
5,715E-5
5,7682E-5
7,4987E-5
7,6058E-5
7,5562E-5
7,4585E-5
8,0811E-5
7,4547E-5
7,4599E-5
7,5583E-5
7,4539E-5
7,5508E-5
7,503E-5
7,7813E-5
7,6637E-5
6,455E-5
7,7672E-5
7,104E-5
7,0073E-5
7,0418E-5
7,1435E-5
7,2111E-5
7,2102E-5
7,2148E-5
7,1066E-5
7,7837E-5
7,652E-5
7,711E-5
7,8284E-5
7,8244E-5
7,6677E-5
6,3607E-5
6,3777E-5
6,6291E-5
6,4455E-5
6,4057E-5
6,3191E-5
6,3085E-5
7,2497E-5
7,4266E-5
7,4272E-5
7,7193E-5
7,7309E-5
7,6492E-5
7,4954E-5
7,4756E-5
6,2566E-5
5,7881E-5
5,8825E-5
7,3162E-5
6,4939E-5
7,2359E-5
7,1186E-5
7,1457E-5
7,2833E-5
8,0337E-5
7,4923E-5
8,4443E-5
7,6967E-5
7,7338E-5
7,742E-5
7,1715E-5
7,5341E-5
7,7387E-5
7,5649E-5
7,6199E-5
8,4645E-5
1,00422E-4
8,7574E-5
8,5347E-5
1,25956E-4
7,3936E-5
8,3906E-5
7,4073E-5
6,0924E-5
6,46E-5
8,1449E-5
7,5962E-5
7,2807E-5
7,5457E-5
7,0954E-5
6,9246E-5
5,691E-5
7,3371E-5
7,2296E-5
7,4343E-5
7,7692E-5
7,2006E-5
5,7856E-5
6,7712E-5
8,3718E-5
6,517E-5
9,0924E-5
6,4606E-5
1,64848E-4
6,4527E-5
6,3534E-5
8,5993E-5
8,338E-5
6,3183E-5
6,4168E-5
6,4992E-5
9,0034E-5
5,7758E-5
5,8997E-5
7,9054E-5
7,7799E-5
7,2517E-5
7,1072E-5
7,6079E-5
7,2923E-5
7,2198E-5
6,2694E-5
1,0991E-4
6,3166E-5
9,7543E-5
7,1087E-5
7,8492E-5
5,786E-5
5,714E-5
8,0313E-5
7,5852E-5
7,8072E-5
7,7956E-5
7,8582E-5
7,7736E-5
1,22142E-4
7,9893E-5
6,5412E-5
6,3635E-5
1,14567E-4
9,3634E-5
7,728E-5
7,2244E-5
7,4998E-5
7,2469E-5
5,6439E-5
5,6617E-5
6,0394E-5
5,7871E-5
7,4978E-5
7,5119E-5
7,4495E-5
7,5611E-5
7,474E-5
5,7459E-5
8,1558E-5
7,4409E-5
7,4692E-5
7,6278E-5
7,58E-5
6,4858E-5
7,7008E-5
7,5656E-5
6,9861E-5
7,1064E-5
7,017E-5
7,4896E-5
7,473E-5
7,4201E-5
7,2577E-5
7,1353E-5
7,1293E-5
7,2241E-5
7,3435E-5
7,7424E-5
7,3499E-5
7,6805E-5
7,3175E-5
7,8446E-5
7,2582E-5
7,6991E-5
7,6871E-5
7,5044E-5
8,1604E-5
7,587E-5
7,5141E-5
7,4457E-5
6,2997E-5
6,3842E-5
6,3098E-5
6,4798E-5
6,7026E-5
7,6366E-5
7,7752E-5
7,5442E-5
7,593E-5
7,4989E-5
7,3679E-5
7,3962E-5
7,0236E-5
7,3519E-5
7,5062E-5
7,5945E-5
7,1951E-5
7,5899E-5
8,1591E-5
6,324E-5
6,4055E-5
9,1883E-5
7,8587E-5
8,8984E-5
9,5671E-5
7,0478E-5
9,6416E-5
5,772E-5
7,475E-5
5,8209E-5
7,0983E-5
7,3301E-5
7,5291E-5
7,4037E-5
6,933E-5
6,2737E-5
7,3671E-5
7,0834E-5
6,407E-5
7,5584E-5
6,9172E-5
7,6179E-5
7,5824E-5
8,3042E-5
5,8249E-5
7,2338E-5
7,5114E-5
7,3692E-5
8,2372E-5
9,2815E-5
7,2821E-5
1,45605E-4
7,6506E-5
7,5279E-5
7,8119E-5
9,3805E-5
6,373E-5
7,0739E-5
7,0567E-5
6,4061E-5
7,4822E-5
6,441E-5
7,599E-5
7,5318E-5
7,546E-5
7,5092E-5
7,5354E-5
7,269E-5
7,6278E-5
7,6236E-5
7,7474E-5
7,4899E-5
6,391E-5
6,4079E-5
7,5616E-5
7,7948E-5
5,6578E-5
7,3104E-5
7,8428E-5
7,6586E-5
7,0027E-5
7,998E-5
6,3382E-5
7,5434E-5
5,7822E-5
7,6534E-5
7,0931E-5
7,164E-5
7,4858E-5
7,9021E-5
7,439E-5
7,6517E-5
6,2546E-5
6,4507E-5
7,1434E-5
7,213E-5
7,5242E-5
7,5107E-5
1,42795E-4
1,29754E-4
9,6532E-5
1,04669E-4
1,0746E-4
1,4414E-4
7,8572E-5
1,10692E-4
1,64167E-4
1,05054E-4
5,7555E-5
7,6223E-5
6,2681E-5
8,0061E-5
1,40443E-4
9,1373E-5
7,7564E-5
1,36165E-4
9,7938E-5
7,4146E-5
7,1844E-5
7,1796E-5
9,7542E-5
6,4165E-5
7,2289E-5
7,4214E-5
7,1111E-5
7,1959E-5
6,4254E-5
6,9709E-5
5,6553E-5
5,74E-5
5,6785E-5
8,1975E-5
7,6245E-5
7,4598E-5
7,6339E-5
1,08255E-4
7,7816E-5
5,6774E-5
5,7987E-5
5,6598E-5
5,6676E-5
5,687E-5
7,3109E-5
5,7517E-5
1,09607E-4
1,31981E-4
1,04553E-4
1,04245E-4
8,9935E-5
8,2488E-5
6,9318E-5
8,1366E-5
1,20286E-4
9,6065E-5
1,17634E-4
1,03683E-4
1,21633E-4
1,03966E-4
8,6433E-5
1,28314E-4
8,3055E-5
8,4827E-5
1,25602E-4
1,47677E-4
1,12304E-4
1,11378E-4
1,37079E-4
1,16225E-4
7,5614E-5
1,43095E-4
7,5469E-5
8,4151E-5
7,6042E-5
7,8502E-5
7,6112E-5
7,689E-5
5,7473E-5
9,3496E-5
7,5868E-5
7,5223E-5
7,5067E-5
7,5674E-5
7,5199E-5
7,0879E-5
7,0854E-5
7,2723E-5
6,3656E-5
7,3852E-5
8,6482E-5
8,8749E-5
6,4051E-5
6,7543E-5
6,9386E-5
8,0444E-5
1,01028E-4
1,28635E-4
8,2413E-5
1,14194E-4
1,12576E-4
1,10416E-4
8,1796E-5
7,9301E-5
1,09686E-4
1,15797E-4
9,3417E-5
6,8692E-5
1,24865E-4
8,4284E-5
7,6466E-5
7,6458E-5
8,1597E-5
7,6018E-5
7,8854E-5
7,7654E-5
7,8906E-5
7,2422E-5
6,4582E-5
6,4356E-5
6,414E-5
7,381E-5
6,3357E-5
6,58E-5
6,3841E-5
6,4609E-5
6,4262E-5
6,4895E-5
8,1236E-5
7,7317E-5
7,8007E-5
8,0663E-5
8,8101E-5
7,8194E-5
7,8073E-5
6,7155E-5
5,7526E-5
7,8647E-5
6,9315E-5
7,717E-5
7,623E-5
7,0904E-5
5,6986E-5
6,3448E-5
7,8164E-5
5,7176E-5
7,7531E-5
8,2168E-5
5,6979E-5
8,2117E-5
7,488E-5
6,237E-5
7,3731E-5
7,4949E-5
6,2906E-5
7,8185E-5
7,1955E-5
7,8787E-5
6,3434E-5
6,4399E-5
7,4244E-5
1,27795E-4
7,3307E-5
1,6081E-4
5,7074E-5
6,7027E-5
5,8182E-5
7,7556E-5
7,7809E-5
7,836E-5
7,7577E-5
7,6441E-5
7,3505E-5
9,6136E-5
7,1866E-5
9,191E-5
7,4582E-5
7,6166E-5
8,6753E-5
7,8474E-5
9,2751E-5
7,2932E-5
8,1373E-5
7,7108E-5
8,0778E-5
7,7424E-5
7,2698E-5
7,9702E-5
7,1742E-5
7,1161E-5
7,6741E-5
7,6833E-5
7,4526E-5
7,7276E-5
7,5394E-5
7,2263E-5
7,4476E-5
7,5682E-5
7,1103E-5
7,2386E-5
7,6806E-5
7,5663E-5
7,6678E-5
7,651E-5
8,397E-5
7,8259E-5
7,6195E-5
7,5456E-5
7,642E-5
7,1135E-5
6,9715E-5
7,022E-5
8,2586E-5
7,3803E-5
7,2149E-5
7,614E-5
7,5108E-5
7,3535E-5
7,3615E-5
7,6168E-5
7,5209E-5
7,5041E-5
7,4643E-5
7,6237E-5
7,4966E-5
7,4787E-5
8,6577E-5
7,4014E-5
7,2707E-5
8,0486E-5
8,258E-5
7,264E-5
7,4522E-5
7,4571E-5
7,8875E-5
7,8728E-5
1,16727E-4
1,11367E-4
7,8802E-5
5,7947E-5
1,04181E-4
1,13201E-4
1,42264E-4
1,2993E-4
1,12574E-4
1,26551E-4
8,2966E-5
9,2793E-5
1,62241E-4
1,41577E-4
8,0348E-5
5,8862E-5
6,0761E-5
5,8244E-5
5,6499E-5
5,7665E-5
5,8998E-5
5,8077E-5
7,5506E-5
7,4275E-5
7,6999E-5
7,3461E-5
7,5061E-5
7,7879E-5
5,7956E-5
6,3786E-5
7,6549E-5
7,0303E-5
7,094E-5
7,3894E-5
7,7977E-5
7,8872E-5
7,5933E-5
7,4249E-5
6,4113E-5
6,5869E-5
8,0449E-5
1,3288E-4
8,548E-5
1,32495E-4
1,22585E-4
8,0367E-5
1,10369E-4
1,3475E-4
7,9009E-5
7,2299E-5
8,9927E-5
7,2066E-5
1,25317E-4
1,06857E-4
1,0776E-4
7,5367E-5
7,594E-5
1,33359E-4
7,7934E-5
7,359E-5
8,2024E-5
7,5362E-5
6,2407E-5
6,2994E-5
6,4636E-5
5,6737E-5
6,238E-5
7,1237E-5
7,1203E-5
6,5865E-5
8,3552E-5
9,8401E-5
8,2347E-5
1,52167E-4
1,06098E-4
9,7118E-5
7,2858E-5
7,2348E-5
7,7553E-5
7,7098E-5
6,2668E-5
7,2239E-5
7,2444E-5
7,2429E-5
7,6594E-5
7,6499E-5
7,8189E-5
7,8136E-5
7,5246E-5
7,1036E-5
6,5202E-5
7,4369E-5
6,3694E-5
7,0861E-5
7,1634E-5
7,041E-5
6,9864E-5
7,2344E-5
5,7045E-5
1,44033E-4
1,23309E-4
8,7418E-5
6,35E-5
7,0698E-5
6,5585E-5
7,5675E-5
7,5714E-5
7,4727E-5
7,0494E-5
5,6999E-5
5,7427E-5
5,7963E-5
5,772E-5
7,7748E-5
8,2798E-5
7,5117E-5
7,7482E-5
7,0322E-5
7,909E-5
7,7368E-5
5,6327E-5
5,775E-5
5,9548E-5
5,8393E-5
7,9861E-5
8,578E-5
7,7258E-5
5,9175E-5
9,8363E-5
6,008E-5
7,7208E-5
7,4616E-5
5,8766E-5
8,0498E-5
7,5036E-5
7,6325E-5
7,446E-5
7,9237E-5
6,4735E-5
5,7088E-5
5,7096E-5
7,2901E-5
7,5119E-5
7,4165E-5
6,4451E-5
6,3214E-5
6,368E-5
6,4533E-5
7,8799E-5
5,7467E-5
5,6492E-5
5,8249E-5
7,4364E-5
7,6519E-5
7,489E-5
7,3309E-5
7,3197E-5
7,4517E-5
6,928E-5
7,6368E-5
7,221E-5
7,36E-5
7,1438E-5
7,5094E-5
9,4616E-5
7,6624E-5
6,2885E-5
7,0783E-5
7,9324E-5
7,3382E-5
7,0667E-5
7,2519E-5
6,4745E-5
6,3556E-5
5,7841E-5
5,7701E-5
5,7345E-5
8,3748E-5
7,589E-5
7,4301E-5
6,4199E-5
6,3281E-5
6,3147E-5
7,2645E-5
7,3696E-5
7,3274E-5
6,1728E-5
7,2838E-5
7,3793E-5
7,4144E-5
6,3245E-5
7,3029E-5
7,522E-5
7,4613E-5
7,7163E-5
5,721E-5
5,8142E-5
7,1156E-5
9,6978E-5
1,49123E-4
7,8494E-5
7,5112E-5
7,3047E-5
7,1851E-5
7,1461E-5
7,4223E-5
1,27036E-4
8,9147E-5
1,15811E-4
1,30166E-4
1,06858E-4
1,51887E-4
1,14556E-4
1,05206E-4
8,6789E-5
8,6609E-5
7,9807E-5
7,6724E-5
6,9463E-5
8,0081E-5
7,8652E-5
7,762E-5
6,9063E-5
7,8923E-5
7,7341E-5
6,4069E-5
6,4901E-5
7,6632E-5
7,3676E-5
8,4199E-5
7,5098E-5
7,7496E-5
7,8575E-5
7,2097E-5
7,4996E-5
6,4331E-5
7,6482E-5
7,8587E-5
7,7629E-5
7,7256E-5
8,0187E-5
7,265E-5
7,4375E-5
7,3742E-5
7,4945E-5
0,001501491
7,8589E-5
6,9864E-5
6,316E-5
7,0738E-5
7,5338E-5
7,4424E-5
7,3387E-5
7,9566E-5
7,6963E-5
6,0294E-5
7,461E-5
7,622E-5
7,7625E-5
7,1579E-5
7,5421E-5
5,9485E-5
7,3818E-5
7,3413E-5
7,4211E-5
6,4903E-5
6,4562E-5
6,3446E-5
7,5388E-5
6,4154E-5
7,6399E-5
7,575E-5
7,5045E-5
7,2772E-5
8,3782E-5
7,7905E-5
7,5694E-5
7,5291E-5
6,3996E-5
7,6526E-5
7,5395E-5
7,1554E-5
7,6001E-5
7,649E-5
7,1987E-5
6,3845E-5
7,8582E-5
6,3124E-5
6,4109E-5
6,3042E-5
6,2505E-5
7,0629E-5
7,0903E-5
7,2492E-5
1,08747E-4
9,4459E-5
1,34724E-4
8,0767E-5
1,90564E-4
9,0427E-5
1,174E-4
1,30097E-4
8,3593E-5
9,5835E-5
7,489E-5
7,4202E-5
7,1017E-5
7,2494E-5
7,6424E-5
7,5915E-5
9,5723E-5
7,5807E-5
7,5338E-5
7,885E-5
7,6767E-5
7,35E-5
8,4481E-5
1,00399E-4
7,5742E-5
6,9999E-5
7,654E-5
7,6421E-5
7,6104E-5
5,6754E-5
5,9558E-5
5,7384E-5
5,7656E-5
5,7189E-5
5,7873E-5
6,405E-5
7,1847E-5
7,3831E-5
7,3724E-5
7,3648E-5
7,4034E-5
7,4281E-5
7,4839E-5
7,4976E-5
6,3295E-5
9,3802E-5
7,6959E-5
7,5663E-5
7,3043E-5
7,9436E-5
9,1468E-5
7,2824E-5
7,1668E-5
7,5128E-5
7,4773E-5
7,9626E-5
8,5791E-5
7,4997E-5
6,5767E-5
6,5276E-5
6,7309E-5
7,5837E-5
7,4785E-5
7,1723E-5
7,1789E-5
7,3741E-5
6,4395E-5
6,3218E-5
6,3816E-5
7,4209E-5
5,7963E-5
7,686E-5
8,5517E-5
7,7843E-5
8,0936E-5
7,8618E-5
7,8106E-5
7,6222E-5
5,8958E-5
7,5031E-5
8,1837E-5
7,245E-5
7,8897E-5
8,0685E-5
5,7672E-5
6,2165E-5
5,6396E-5
7,5912E-5
7,2362E-5
5,75E-5
5,6994E-5
7,5723E-5
6,4871E-5
6,5779E-5
6,5966E-5
7,4797E-5
7,601E-5
5,6759E-5
7,8582E-5
5,9452E-5
7,1899E-5
7,25E-5
1,42249E-4
1,48909E-4
8,4964E-5
1,04308E-4
7,4591E-5
1,32719E-4
1,09045E-4
1,7079E-4
1,07187E-4
1,0233E-4
7,5745E-5
7,4604E-5
1,00262E-4
6,2841E-5
7,3957E-5
7,112E-5
7,6951E-5
6,3993E-5
7,5778E-5
7,4795E-5
7,6608E-5
7,6395E-5
7,2757E-5
7,7004E-5
7,3051E-5
7,4988E-5
7,3071E-5
7,6318E-5
7,4636E-5
6,9035E-5
7,7018E-5
7,29E-5
7,5235E-5
7,9111E-5
6,327E-5
7,3467E-5
7,4928E-5
9,7555E-5
6,5418E-5
7,552E-5
7,8333E-5
7,3743E-5
7,4237E-5
6,3088E-5
7,285E-5
7,3741E-5
7,4897E-5
7,458E-5
7,7817E-5
7,4107E-5
7,975E-5
6,3325E-5
7,3351E-5
6,412E-5
7,5764E-5
7,6428E-5
7,5662E-5
7,93E-5
7,8026E-5
7,5035E-5
7,4024E-5
7,8664E-5
7,3109E-5
7,3349E-5
7,6514E-5
7,3714E-5
7,4512E-5
7,8323E-5
7,6007E-5
7,3531E-5
8,0694E-5
7,1634E-5
7,2437E-5
7,3693E-5
7,5878E-5
7,8411E-5
