4,13741E-4
3,96991E-4
3,88548E-4
3,84511E-4
3,1241E-4
3,92601E-4
4,02351E-4
3,85082E-4
3,9005E-4
3,63312E-4
3,91091E-4
3,21581E-4
3,83931E-4
3,72055E-4
3,58384E-4
3,84256E-4
3,91693E-4
3,30414E-4
3,33258E-4
3,26575E-4
3,88236E-4
3,16594E-4
3,89641E-4
3,19999E-4
3,1821E-4
3,32126E-4
0,001853981
3,29902E-4
5,19314E-4
5,18302E-4
5,05954E-4
6,06165E-4
5,22417E-4
5,25268E-4
4,41222E-4
5,46999E-4
4,73947E-4
4,90778E-4
4,76063E-4
4,78285E-4
3,58815E-4
3,56555E-4
3,8487E-4
3,87128E-4
4,78576E-4
5,30298E-4
3,57338E-4
3,24193E-4
3,87841E-4
3,64658E-4
3,27295E-4
3,25433E-4
3,93032E-4
4,08136E-4
3,95004E-4
3,92727E-4
3,92523E-4
3,88773E-4
3,88821E-4
3,85627E-4
3,20973E-4
4,10987E-4
3,829E-4
3,94583E-4
3,56204E-4
3,83597E-4
3,91857E-4
3,57511E-4
3,58742E-4
3,97688E-4
3,65652E-4
3,80693E-4
0,001584601
3,78004E-4
3,60839E-4
3,68533E-4
3,61397E-4
3,28952E-4
3,92422E-4
3,91277E-4
3,99395E-4
3,62785E-4
3,87745E-4
3,38595E-4
3,6433E-4
3,62753E-4
3,98688E-4
4,19881E-4
4,03125E-4
3,97971E-4
3,99062E-4
3,95117E-4
3,59212E-4
3,9444E-4
3,93071E-4
3,93216E-4
4,00077E-4
4,12367E-4
3,70122E-4
3,93711E-4
3,14145E-4
3,23426E-4
3,16315E-4
3,27108E-4
3,13086E-4
3,90988E-4
3,88337E-4
3,92821E-4
3,28554E-4
4,0804E-4
3,21684E-4
3,90252E-4
3,16148E-4
3,14627E-4
3,94266E-4
3,97729E-4
3,85628E-4
3,89001E-4
4,11196E-4
3,76754E-4
4,09611E-4
4,10061E-4
3,99104E-4
6,05909E-4
4,81595E-4
4,22143E-4
4,92973E-4
3,18906E-4
3,88056E-4
3,92842E-4
3,25688E-4
3,937E-4
3,98071E-4
3,16052E-4
3,23319E-4
3,61612E-4
3,60757E-4
3,73698E-4
3,59036E-4
3,82829E-4
3,78877E-4
3,98401E-4
4,08049E-4
3,26117E-4
3,88574E-4
3,99884E-4
3,16909E-4
3,86148E-4
3,66664E-4
3,59378E-4
3,86343E-4
3,66442E-4
3,58325E-4
3,23942E-4
3,6553E-4
3,93306E-4
3,75717E-4
3,61005E-4
3,19775E-4
3,30463E-4
3,85239E-4
3,87876E-4
3,91239E-4
3,89059E-4
3,8302E-4
4,12586E-4
3,86885E-4
3,14933E-4
3,92308E-4
3,79332E-4
3,19952E-4
3,25244E-4
3,86155E-4
3,91758E-4
3,66806E-4
4,0579E-4
3,93918E-4
3,63898E-4
3,65035E-4
3,19982E-4
3,09501E-4
3,17959E-4
3,28367E-4
4,01942E-4
3,66241E-4
3,67026E-4
3,98009E-4
4,06418E-4
3,9007E-4
3,86341E-4
3,93753E-4
3,18807E-4
3,69996E-4
3,6278E-4
4,06902E-4
3,86045E-4
3,62274E-4
3,86808E-4
3,15918E-4
3,65662E-4
3,8086E-4
3,10725E-4
3,13889E-4
3,13481E-4
3,90425E-4
3,85563E-4
3,16907E-4
3,90327E-4
3,55372E-4
3,81807E-4
0,00194531
3,84571E-4
3,93353E-4
3,864E-4
3,91802E-4
4,00718E-4
3,81584E-4
3,99242E-4
3,92343E-4
3,14008E-4
3,8562E-4
3,70354E-4
3,36684E-4
3,09414E-4
3,12977E-4
3,87002E-4
3,88013E-4
3,88498E-4
3,83416E-4
3,41941E-4
3,91201E-4
3,63842E-4
3,63853E-4
3,72682E-4
4,02425E-4
4,52478E-4
5,81826E-4
3,83538E-4
3,6902E-4
3,69438E-4
4,70883E-4
5,80165E-4
5,07666E-4
5,30754E-4
5,19908E-4
4,55658E-4
4,83753E-4
4,51225E-4
3,6852E-4
5,09394E-4
5,40936E-4
4,52681E-4
4,31826E-4
0,00208222
4,25262E-4
4,64084E-4
4,6005E-4
6,32136E-4
5,00135E-4
5,24776E-4
5,24323E-4
4,85945E-4
3,37324E-4
3,12596E-4
3,90136E-4
3,91022E-4
3,96623E-4
3,89106E-4
3,11435E-4
3,12469E-4
3,18977E-4
3,1506E-4
3,93606E-4
4,16091E-4
3,85906E-4
3,90972E-4
3,67804E-4
4,0825E-4
3,97214E-4
4,91176E-4
5,84098E-4
5,83947E-4
4,93091E-4
4,61828E-4
4,50619E-4
3,77784E-4
4,69727E-4
4,55874E-4
5,53455E-4
0,001327532
4,1273E-4
3,95891E-4
4,07078E-4
3,37441E-4
4,82279E-4
3,72661E-4
3,69099E-4
3,68882E-4
3,6991E-4
3,70018E-4
3,88332E-4
3,78376E-4
3,28548E-4
3,92052E-4
3,93527E-4
3,64261E-4
3,62237E-4
3,60277E-4
3,28463E-4
3,2694E-4
3,2453E-4
3,21303E-4
3,88723E-4
3,91811E-4
3,65729E-4
3,58466E-4
3,95057E-4
3,8787E-4
3,86219E-4
3,90081E-4
3,82463E-4
4,04194E-4
3,93678E-4
3,91673E-4
3,90911E-4
3,92175E-4
3,52778E-4
3,27255E-4
3,74922E-4
3,87991E-4
3,89967E-4
4,66858E-4
3,87098E-4
3,12451E-4
3,31478E-4
3,26113E-4
3,19548E-4
3,12268E-4
3,12858E-4
3,70288E-4
3,72623E-4
3,98752E-4
3,68265E-4
3,66642E-4
3,86032E-4
3,92489E-4
3,27592E-4
4,10018E-4
3,97274E-4
4,17582E-4
3,20521E-4
3,68405E-4
3,21546E-4
4,05896E-4
3,77712E-4
3,11448E-4
4,03461E-4
3,78959E-4
3,21279E-4
4,23036E-4
5,43172E-4
3,80948E-4
3,69539E-4
4,01702E-4
3,94504E-4
3,72643E-4
3,84437E-4
3,86351E-4
3,90983E-4
3,72896E-4
4,03883E-4
3,90834E-4
3,915E-4
3,85352E-4
3,12709E-4
3,9581E-4
3,94543E-4
3,90975E-4
4,00212E-4
3,26151E-4
3,57611E-4
3,91666E-4
3,65833E-4
3,78697E-4
3,9539E-4
3,91103E-4
3,91177E-4
3,97637E-4
3,79908E-4
3,60918E-4
3,85901E-4
3,27437E-4
3,22187E-4
5,8517E-4
6,11249E-4
6,06963E-4
5,9356E-4
5,60901E-4
5,68685E-4
5,8614E-4
5,70612E-4
5,82605E-4
5,82294E-4
4,96955E-4
4,89101E-4
3,13365E-4
3,82263E-4
3,7518E-4
3,87806E-4
3,91091E-4
3,95931E-4
3,56944E-4
3,63641E-4
3,57621E-4
3,90217E-4
3,83548E-4
3,89811E-4
3,72191E-4
3,67627E-4
3,67283E-4
3,87347E-4
3,83371E-4
3,18265E-4
3,1785E-4
3,20902E-4
3,13872E-4
3,2339E-4
3,10942E-4
3,68477E-4
3,64339E-4
3,95577E-4
3,86987E-4
3,11033E-4
3,98927E-4
3,67093E-4
3,69718E-4
3,81383E-4
3,90127E-4
3,68072E-4
3,8586E-4
4,00736E-4
4,04677E-4
3,24004E-4
3,22247E-4
3,867E-4
3,90904E-4
3,12196E-4
4,1521E-4
3,22535E-4
3,20721E-4
3,91486E-4
3,24238E-4
3,87959E-4
3,82386E-4
3,59151E-4
3,97086E-4
3,23664E-4
3,17061E-4
3,96953E-4
3,67223E-4
3,93091E-4
3,77032E-4
3,67807E-4
3,9884E-4
3,28913E-4
3,1854E-4
4,54656E-4
3,90309E-4
3,19554E-4
3,95226E-4
3,99186E-4
3,8825E-4
3,83251E-4
3,83721E-4
3,19201E-4
4,02562E-4
3,94612E-4
3,93554E-4
3,95572E-4
3,22488E-4
3,28045E-4
3,91477E-4
3,59513E-4
3,91916E-4
3,93161E-4
3,97138E-4
3,56451E-4
3,5653E-4
3,81613E-4
4,02118E-4
3,60945E-4
3,60328E-4
3,09019E-4
4,19528E-4
4,01428E-4
3,24208E-4
3,69293E-4
3,71011E-4
3,85739E-4
3,67532E-4
3,64516E-4
3,32396E-4
3,62626E-4
3,58948E-4
3,55635E-4
3,16157E-4
3,10549E-4
3,67989E-4
3,90459E-4
3,60268E-4
3,58394E-4
3,86173E-4
3,8827E-4
3,90135E-4
3,12083E-4
3,99349E-4
3,57868E-4
3,67665E-4
3,17816E-4
3,966E-4
4,01567E-4
4,02195E-4
3,93582E-4
3,90115E-4
3,88799E-4
3,93934E-4
3,8914E-4
3,56173E-4
3,91863E-4
3,66929E-4
3,71181E-4
3,20297E-4
3,22617E-4
3,13089E-4
3,37599E-4
3,14173E-4
3,1732E-4
3,24052E-4
4,28419E-4
3,24405E-4
3,27679E-4
4,02374E-4
3,8635E-4
3,84455E-4
3,54692E-4
3,88083E-4
3,95114E-4
3,20851E-4
3,22686E-4
4,13713E-4
3,60697E-4
3,15589E-4
3,94057E-4
3,72502E-4
3,08751E-4
3,61659E-4
3,58325E-4
3,56587E-4
3,8554E-4
3,944E-4
4,10114E-4
3,88149E-4
3,87469E-4
3,60552E-4
3,6567E-4
4,00286E-4
3,9735E-4
5,65692E-4
5,8702E-4
6,12349E-4
5,85883E-4
5,98447E-4
6,02102E-4
5,45952E-4
4,9605E-4
5,01534E-4
4,97112E-4
5,82333E-4
4,96469E-4
5,28321E-4
5,02355E-4
3,24418E-4
3,25488E-4
4,1251E-4
4,03981E-4
3,87957E-4
3,84108E-4
3,83798E-4
3,82671E-4
3,88517E-4
3,97462E-4
3,80935E-4
3,82025E-4
3,65816E-4
3,71818E-4
3,70535E-4
3,74541E-4
3,93058E-4
3,91604E-4
3,14901E-4
3,18045E-4
3,13466E-4
3,10131E-4
3,19489E-4
3,84298E-4
3,71068E-4
3,68071E-4
3,64455E-4
3,65689E-4
3,87746E-4
3,93738E-4
3,84265E-4
3,85818E-4
3,81774E-4
3,22506E-4
3,83462E-4
3,89895E-4
3,90066E-4
3,85038E-4
3,2719E-4
3,87096E-4
3,6524E-4
3,96932E-4
3,9563E-4
3,92143E-4
3,63654E-4
3,53336E-4
4,04878E-4
3,80446E-4
3,85922E-4
3,79406E-4
3,87988E-4
3,88442E-4
3,23436E-4
3,96478E-4
4,11599E-4
3,2093E-4
4,09468E-4
3,66801E-4
3,9073E-4
3,11558E-4
3,6869E-4
3,65972E-4
3,69209E-4
3,86952E-4
3,96702E-4
3,86883E-4
3,86944E-4
3,20471E-4
3,11605E-4
3,89701E-4
3,91395E-4
3,89645E-4
3,89863E-4
3,85403E-4
3,94848E-4
3,97361E-4
5,82665E-4
3,85833E-4
3,94276E-4
3,15001E-4
3,33472E-4
3,13437E-4
3,84464E-4
4,19755E-4
3,64248E-4
3,81253E-4
3,86817E-4
3,11202E-4
3,59358E-4
3,09592E-4
3,14699E-4
3,16587E-4
3,1093E-4
3,13974E-4
3,615E-4
4,02252E-4
3,97102E-4
3,64272E-4
3,82611E-4
3,223E-4
3,8328E-4
3,85119E-4
3,58021E-4
3,2633E-4
3,4284E-4
3,91855E-4
3,72831E-4
3,9402E-4
3,88935E-4
3,9912E-4
3,31296E-4
3,90207E-4
4,13601E-4
3,83921E-4
3,84331E-4
4,00909E-4
3,20753E-4
3,92283E-4
3,90323E-4
3,87789E-4
3,88597E-4
3,55035E-4
3,81647E-4
3,94015E-4
3,88851E-4
4,02006E-4
3,86274E-4
3,16698E-4
3,3476E-4
3,92148E-4
4,03289E-4
3,17268E-4
3,65071E-4
3,90519E-4
3,66082E-4
3,89319E-4
4,04976E-4
3,78012E-4
3,22524E-4
3,85179E-4
3,20943E-4
4,1133E-4
3,81639E-4
3,92924E-4
4,0064E-4
3,22698E-4
3,12752E-4
3,14579E-4
3,29017E-4
3,9917E-4
3,92116E-4
3,99855E-4
3,58065E-4
3,5706E-4
4,01859E-4
3,63269E-4
3,21948E-4
3,74138E-4
3,29689E-4
3,93265E-4
3,14723E-4
3,80835E-4
3,91882E-4
3,92492E-4
3,24966E-4
3,83116E-4
3,85757E-4
3,88121E-4
3,96762E-4
4,02045E-4
3,30077E-4
4,26649E-4
3,99974E-4
3,15736E-4
3,23149E-4
3,17878E-4
3,1822E-4
3,33695E-4
3,31843E-4
3,09936E-4
3,86672E-4
3,12141E-4
3,31345E-4
3,10705E-4
3,21048E-4
3,18672E-4
3,24238E-4
4,00262E-4
4,0192E-4
3,24043E-4
3,26505E-4
3,93484E-4
3,64134E-4
3,60754E-4
3,19602E-4
3,22342E-4
3,36677E-4
3,2772E-4
3,25233E-4
3,29539E-4
3,86025E-4
3,85304E-4
3,92376E-4
4,01132E-4
3,98897E-4
4,00586E-4
3,90944E-4
3,60098E-4
3,59403E-4
3,64778E-4
3,94547E-4
4,02517E-4
3,20903E-4
3,25421E-4
3,93323E-4
3,64792E-4
3,7578E-4
3,66269E-4
3,65741E-4
3,8951E-4
3,93298E-4
4,17188E-4
3,93074E-4
4,14165E-4
3,98237E-4
6,22978E-4
5,29149E-4
5,49218E-4
4,79469E-4
6,04952E-4
3,90959E-4
3,89921E-4
3,80843E-4
3,66508E-4
4,38618E-4
3,90109E-4
4,00082E-4
3,94032E-4
3,97544E-4
3,95346E-4
4,01406E-4
3,78025E-4
3,17391E-4
3,56241E-4
3,15172E-4
3,10756E-4
3,11475E-4
3,18887E-4
3,85196E-4
3,84884E-4
3,97214E-4
3,13994E-4
3,12052E-4
3,90645E-4
3,8728E-4
3,72393E-4
3,67853E-4
3,86906E-4
3,8767E-4
3,90906E-4
3,77785E-4
3,78144E-4
3,93582E-4
3,9074E-4
3,8965E-4
3,84617E-4
3,8225E-4
3,65369E-4
3,8767E-4
3,71394E-4
3,76361E-4
3,31889E-4
3,22497E-4
3,22741E-4
3,24421E-4
3,92793E-4
3,40205E-4
3,76496E-4
3,97832E-4
3,83446E-4
3,83901E-4
3,79078E-4
3,93975E-4
3,87599E-4
3,20951E-4
3,64652E-4
3,66187E-4
3,73831E-4
3,8726E-4
3,15939E-4
0,002028307
3,94205E-4
3,88949E-4
3,8373E-4
4,00785E-4
3,9344E-4
3,91966E-4
3,98089E-4
3,89029E-4
3,58621E-4
3,61031E-4
3,61179E-4
3,77781E-4
3,69621E-4
3,55673E-4
3,13642E-4
3,34002E-4
3,21137E-4
3,18722E-4
3,19071E-4
3,73425E-4
3,68161E-4
3,80734E-4
3,67255E-4
3,66255E-4
3,54083E-4
3,73943E-4
4,07941E-4
4,32951E-4
3,30906E-4
3,63343E-4
3,8765E-4
3,84272E-4
3,96602E-4
3,86278E-4
4,07202E-4
3,67923E-4
3,53633E-4
3,83298E-4
3,83068E-4
4,0554E-4
3,90435E-4
3,94354E-4
3,91499E-4
3,90282E-4
4,05925E-4
3,85794E-4
3,82392E-4
3,91757E-4
3,60997E-4
3,89305E-4
3,82036E-4
3,61456E-4
3,67903E-4
3,8757E-4
3,6471E-4
3,91979E-4
3,93197E-4
3,91094E-4
3,85756E-4
3,98416E-4
3,93506E-4
3,90408E-4
3,82679E-4
3,86497E-4
3,888E-4
3,8431E-4
3,12557E-4
3,31894E-4
3,88169E-4
3,99283E-4
3,92182E-4
3,8594E-4
3,88152E-4
3,91562E-4
3,91534E-4
3,69051E-4
3,92548E-4
3,94671E-4
3,98902E-4
3,14564E-4
3,60066E-4
3,18403E-4
3,58828E-4
3,87119E-4
3,26565E-4
3,90507E-4
3,95408E-4
3,15596E-4
3,1638E-4
4,02651E-4
3,82508E-4
3,67538E-4
3,64926E-4
3,27958E-4
3,26498E-4
3,96516E-4
3,95919E-4
3,99368E-4
3,65513E-4
3,74129E-4
3,6703E-4
3,8271E-4
3,85346E-4
4,02806E-4
3,95664E-4
3,84432E-4
4,01917E-4
3,8456E-4
3,57856E-4
3,11533E-4
3,09166E-4
3,16436E-4
3,17719E-4
3,20646E-4
3,88422E-4
3,87692E-4
3,95521E-4
4,12595E-4
3,94748E-4
3,93924E-4
3,88464E-4
3,93921E-4
3,93355E-4
4,05047E-4
4,00366E-4
3,69523E-4
3,70156E-4
3,74358E-4
3,92643E-4
3,56886E-4
3,73141E-4
3,61037E-4
3,60018E-4
3,75231E-4
3,71516E-4
3,59392E-4
3,87943E-4
3,89297E-4
3,95415E-4
3,8159E-4
3,87881E-4
3,93421E-4
3,93862E-4
3,18424E-4
3,27853E-4
3,1749E-4
3,84892E-4
3,81658E-4
3,1111E-4
3,70522E-4
4,56283E-4
3,22483E-4
3,34867E-4
3,9264E-4
3,78116E-4
3,90976E-4
3,88024E-4
3,87382E-4
3,67504E-4
3,64778E-4
3,85333E-4
3,22719E-4
3,86093E-4
3,94414E-4
3,9164E-4
3,88222E-4
4,02059E-4
3,92652E-4
3,87789E-4
4,02353E-4
3,87333E-4
3,9477E-4
3,90453E-4
4,01046E-4
4,27856E-4
3,1719E-4
3,0986E-4
3,21958E-4
3,32318E-4
3,94767E-4
3,89093E-4
3,94697E-4
3,96739E-4
3,95979E-4
4,43004E-4
3,98102E-4
3,68962E-4
3,64294E-4
3,24511E-4
3,92702E-4
3,83067E-4
3,82273E-4
3,63259E-4
3,788E-4
3,69588E-4
3,1353E-4
3,15155E-4
3,67082E-4
3,64818E-4
4,00403E-4
3,91349E-4
3,92785E-4
3,24066E-4
3,95223E-4
4,01174E-4
3,64301E-4
3,91402E-4
3,9241E-4
3,22676E-4
3,84874E-4
3,9427E-4
3,95782E-4
3,61256E-4
3,9507E-4
3,89286E-4
4,01013E-4
3,32925E-4
3,38454E-4
3,91085E-4
3,55342E-4
4,28898E-4
3,10499E-4
3,2145E-4
3,79714E-4
3,87181E-4
3,67497E-4
3,93412E-4
3,82665E-4
3,738E-4
3,69188E-4
3,8079E-4
3,58558E-4
3,68961E-4
3,64293E-4
3,86559E-4
4,04454E-4
4,1305E-4
3,77983E-4
3,85126E-4
3,20797E-4
3,20269E-4
3,9601E-4
4,12351E-4
3,18434E-4
3,96749E-4
3,68943E-4
3,84115E-4
3,64544E-4
3,84441E-4
3,90808E-4
3,96567E-4
3,84832E-4
3,64537E-4
3,92774E-4
4,27727E-4
3,70572E-4
3,11605E-4
3,11146E-4
3,1797E-4
3,12036E-4
3,90753E-4
3,98537E-4
4,03993E-4
4,1596E-4
3,27094E-4
3,47479E-4
3,20961E-4
3,83035E-4
3,98003E-4
3,63273E-4
3,19378E-4
3,30834E-4
3,21995E-4
3,82028E-4
3,3838E-4
3,23361E-4
3,83857E-4
3,83352E-4
3,64939E-4
3,92498E-4
3,82028E-4
3,87134E-4
3,96354E-4
3,82119E-4
3,80945E-4
3,77044E-4
3,10516E-4
3,83165E-4
3,71626E-4
3,52554E-4
3,93503E-4
3,87613E-4
3,71803E-4
3,98929E-4
3,9563E-4
3,81234E-4
3,58544E-4
3,83316E-4
3,62956E-4
3,13442E-4
3,88434E-4
3,73895E-4
3,93053E-4
3,70353E-4
3,73759E-4
3,85856E-4
3,93451E-4
3,13437E-4
3,53426E-4
4,00712E-4
3,83245E-4
3,84054E-4
3,92238E-4
3,90903E-4
0,002075666
4,06808E-4
3,85913E-4
3,37448E-4
4,02645E-4
3,9024E-4
4,06364E-4
3,9224E-4
3,90153E-4
3,56605E-4
3,16688E-4
3,12787E-4
3,86316E-4
3,90591E-4
3,19728E-4
4,02534E-4
3,96351E-4
4,00023E-4
3,90348E-4
4,08289E-4
3,18076E-4
3,67882E-4
3,64347E-4
3,92639E-4
3,91999E-4
3,88804E-4
3,96926E-4
3,92975E-4
3,86447E-4
3,76805E-4
3,73724E-4
3,67008E-4
3,85639E-4
3,85407E-4
3,74167E-4
3,69166E-4
3,84867E-4
3,83994E-4
3,83249E-4
3,96888E-4
4,08118E-4
3,99385E-4
3,81486E-4
3,9095E-4
3,97721E-4
3,99122E-4
3,90909E-4
4,14614E-4
3,91481E-4
3,94617E-4
3,96541E-4
4,02213E-4
3,34014E-4
3,90589E-4
3,88264E-4
3,6571E-4
3,9073E-4
3,10551E-4
3,92001E-4
3,90109E-4
3,87381E-4
3,84835E-4
3,78646E-4
3,62232E-4
3,81774E-4
3,88821E-4
3,79155E-4
3,8848E-4
3,82964E-4
4,01869E-4
3,79117E-4
3,26554E-4
3,19676E-4
3,89134E-4
3,82783E-4
3,96519E-4
3,93467E-4
3,12474E-4
3,89957E-4
3,89636E-4
3,57422E-4
3,18389E-4
3,17712E-4
3,1646E-4
3,96963E-4
3,85284E-4
5,22162E-4
5,93082E-4
6,04398E-4
5,14384E-4
5,93293E-4
4,98585E-4
5,72954E-4
5,10509E-4
5,59543E-4
5,05968E-4
4,94063E-4
5,0211E-4
4,9593E-4
3,14117E-4
3,12638E-4
5,31456E-4
4,03494E-4
3,8596E-4
4,097E-4
3,9662E-4
3,94162E-4
3,76613E-4
3,56415E-4
3,6745E-4
3,38482E-4
5,12635E-4
5,17555E-4
3,89389E-4
5,33105E-4
6,21009E-4
4,98868E-4
4,96865E-4
5,7225E-4
5,37224E-4
3,8891E-4
3,18078E-4
5,156E-4
4,84996E-4
5,89813E-4
4,79992E-4
4,91018E-4
4,58817E-4
5,69135E-4
5,44719E-4
5,50521E-4
5,72448E-4
3,80177E-4
3,72537E-4
3,84153E-4
3,91474E-4
3,92226E-4
3,17626E-4
3,24226E-4
3,27815E-4
3,55629E-4
3,84759E-4
3,81978E-4
4,07435E-4
3,88117E-4
4,16164E-4
3,93438E-4
3,44282E-4
3,70316E-4
3,9392E-4
3,56634E-4
3,89426E-4
3,32723E-4
3,63709E-4
3,68061E-4
3,58333E-4
3,89628E-4
3,65658E-4
3,57548E-4
3,98292E-4
3,20754E-4
3,10943E-4
3,76562E-4
3,9128E-4
3,87654E-4
3,8539E-4
3,88525E-4
3,90254E-4
3,97547E-4
3,82977E-4
4,08236E-4
3,84289E-4
3,89955E-4
3,79084E-4
3,64777E-4
3,8996E-4
3,87262E-4
3,23176E-4
4,09939E-4
4,02749E-4
3,29142E-4
3,69562E-4
3,70119E-4
3,68915E-4
4,03845E-4
3,21727E-4
3,68886E-4
3,93218E-4
3,82035E-4
3,22965E-4
3,77338E-4
3,87529E-4
3,78986E-4
3,19259E-4
3,72055E-4
3,97021E-4
3,90006E-4
3,33901E-4
3,85124E-4
3,86401E-4
3,8615E-4
3,70698E-4
3,53347E-4
3,98148E-4
3,80255E-4
3,21674E-4
3,98738E-4
3,21951E-4
3,94658E-4
3,64515E-4
3,97292E-4
3,95956E-4
3,90694E-4
3,221E-4
3,85218E-4
3,13812E-4
3,9101E-4
3,68025E-4
3,22585E-4
3,18597E-4
3,122E-4
3,82862E-4
3,57407E-4
4,11117E-4
3,90579E-4
3,85785E-4
3,87038E-4
3,85637E-4
3,98092E-4
3,92632E-4
3,86323E-4
4,07041E-4
3,83358E-4
3,83788E-4
3,70756E-4
3,26652E-4
3,60017E-4
3,55635E-4
3,23708E-4
3,19135E-4
3,9179E-4
3,17891E-4
3,12468E-4
4,06312E-4
3,89098E-4
3,90182E-4
3,86308E-4
3,6657E-4
3,70148E-4
3,27933E-4
3,33517E-4
3,13522E-4
3,35978E-4
3,94292E-4
3,86521E-4
3,62521E-4
3,61368E-4
3,94153E-4
3,90575E-4
3,92299E-4
3,97521E-4
3,92856E-4
3,85967E-4
3,90302E-4
4,12855E-4
3,8648E-4
3,87441E-4
3,94335E-4
3,82364E-4
3,90158E-4
3,83197E-4
3,93447E-4
3,58776E-4
3,74187E-4
3,73319E-4
3,95538E-4
3,58554E-4
5,03329E-4
5,07842E-4
3,90763E-4
3,93234E-4
3,09145E-4
0,002049348
3,85329E-4
3,86945E-4
5,825E-4
4,55765E-4
3,81023E-4
3,55863E-4
3,61179E-4
3,56404E-4
3,63039E-4
3,64837E-4
3,61335E-4
4,01762E-4
3,14609E-4
3,14603E-4
3,32652E-4
3,148E-4
4,06463E-4
4,0078E-4
3,8397E-4
3,90826E-4
3,92871E-4
3,78154E-4
3,92349E-4
3,63522E-4
3,59858E-4
3,87109E-4
3,90807E-4
3,59306E-4
3,64151E-4
3,09751E-4
3,10033E-4
3,73108E-4
3,86939E-4
3,90243E-4
3,69285E-4
3,66957E-4
3,90457E-4
3,83372E-4
3,97234E-4
4,12954E-4
3,20732E-4
4,90253E-4
5,3359E-4
5,04177E-4
5,14945E-4
4,83005E-4
4,87608E-4
5,61816E-4
4,54663E-4
4,52932E-4
5,66549E-4
5,52365E-4
5,24424E-4
5,28647E-4
5,07789E-4
3,87399E-4
3,99419E-4
3,89649E-4
3,86288E-4
3,84719E-4
3,89666E-4
3,97251E-4
3,94315E-4
3,15877E-4
3,86054E-4
5,51619E-4
5,72705E-4
4,60243E-4
3,22689E-4
3,94759E-4
3,85126E-4
3,85528E-4
4,04726E-4
3,86901E-4
3,71549E-4
3,62951E-4
3,68788E-4
0,001959257
3,65982E-4
3,77958E-4
3,79792E-4
3,77083E-4
3,98171E-4
3,81119E-4
3,84407E-4
3,96553E-4
3,64585E-4
3,92186E-4
3,90249E-4
3,88137E-4
3,96862E-4
3,88143E-4
3,91134E-4
3,9411E-4
4,05803E-4
6,042E-4
3,88826E-4
3,90452E-4
3,92891E-4
3,88255E-4
3,6507E-4
3,65269E-4
3,69611E-4
3,71798E-4
3,99591E-4
3,94524E-4
3,96094E-4
3,92539E-4
3,91681E-4
4,06031E-4
3,95011E-4
3,91468E-4
3,82159E-4
3,92856E-4
3,23104E-4
3,97678E-4
3,69159E-4
3,30086E-4
3,27092E-4
3,20617E-4
3,24015E-4
3,21493E-4
3,96328E-4
3,12553E-4
4,03216E-4
3,57752E-4
3,61507E-4
4,14977E-4
3,84849E-4
3,19651E-4
3,59485E-4
3,12656E-4
3,95244E-4
3,93456E-4
3,65201E-4
3,67945E-4
3,1225E-4
3,30363E-4
3,923E-4
4,06651E-4
3,92116E-4
3,93025E-4
3,91989E-4
3,92249E-4
3,87384E-4
4,17101E-4
4,0882E-4
3,94179E-4
3,7144E-4
3,66537E-4
3,90287E-4
3,56454E-4
3,55021E-4
3,22975E-4
3,19392E-4
3,91096E-4
3,36383E-4
3,19814E-4
3,16483E-4
3,27942E-4
3,19722E-4
3,24938E-4
3,83737E-4
3,83871E-4
3,97967E-4
3,93674E-4
3,94476E-4
3,1694E-4
3,16848E-4
3,33113E-4
3,87013E-4
3,22993E-4
3,14327E-4
3,8368E-4
3,88528E-4
3,73992E-4
3,67254E-4
3,65873E-4
3,27068E-4
3,297E-4
3,18498E-4
3,27006E-4
4,20922E-4
3,91363E-4
5,67464E-4
5,64463E-4
4,44929E-4
5,12531E-4
3,21214E-4
3,26659E-4
3,47847E-4
3,31054E-4
3,20946E-4
3,25123E-4
3,32451E-4
3,86165E-4
3,86242E-4
3,68895E-4
4,01075E-4
3,62753E-4
3,57004E-4
3,69472E-4
3,56127E-4
3,39407E-4
3,93316E-4
3,89597E-4
3,87433E-4
4,20784E-4
3,87413E-4
3,64925E-4
3,71418E-4
3,74074E-4
3,88029E-4
3,72497E-4
4,00693E-4
3,61986E-4
3,56665E-4
3,92285E-4
3,62712E-4
3,62253E-4
3,56585E-4
3,82857E-4
3,88371E-4
4,12425E-4
3,92742E-4
3,15025E-4
3,58192E-4
3,85837E-4
3,13853E-4
3,92136E-4
3,92014E-4
3,63253E-4
3,19298E-4
3,92049E-4
3,94131E-4
3,93535E-4
3,62979E-4
3,28905E-4
3,86722E-4
3,79252E-4
3,51741E-4
3,68009E-4
9,58514E-4
3,79111E-4
3,71463E-4
3,72053E-4
3,64406E-4
3,84075E-4
3,91561E-4
3,90061E-4
3,87975E-4
3,56824E-4
3,74433E-4
3,62768E-4
3,75688E-4
3,6209E-4
3,12159E-4
3,92134E-4
3,19839E-4
3,26822E-4
0,002191297
4,9272E-4
5,17832E-4
6,60033E-4
5,40245E-4
4,28345E-4
5,48819E-4
3,9366E-4
3,32035E-4
3,21363E-4
3,93249E-4
4,0223E-4
3,85068E-4
4,20605E-4
4,04871E-4
3,68981E-4
3,72951E-4
3,85209E-4
3,84508E-4
3,64983E-4
3,66788E-4
3,66734E-4
3,79331E-4
3,72595E-4
3,79277E-4
3,54914E-4
3,55464E-4
4,00446E-4
3,92677E-4
3,91091E-4
5,66494E-4
3,89787E-4
3,14848E-4
3,86692E-4
3,8504E-4
3,90064E-4
3,89408E-4
3,89689E-4
3,26282E-4
3,23159E-4
4,03665E-4
4,04977E-4
3,62763E-4
3,65344E-4
3,20109E-4
3,21978E-4
3,22625E-4
3,26091E-4
3,85573E-4
4,14749E-4
3,7352E-4
3,81608E-4
3,80512E-4
3,81936E-4
3,97753E-4
3,93688E-4
3,87947E-4
3,88406E-4
3,68247E-4
3,74172E-4
3,67359E-4
3,62902E-4
3,63878E-4
3,6593E-4
3,71212E-4
5,06225E-4
5,68851E-4
3,71319E-4
3,68939E-4
3,73162E-4
3,64869E-4
3,6904E-4
3,63153E-4
3,65842E-4
3,68606E-4
3,90076E-4
3,92315E-4
3,66875E-4
4,0607E-4
3,22591E-4
3,91774E-4
4,0437E-4
3,26978E-4
4,18597E-4
5,25326E-4
6,04003E-4
6,13374E-4
4,77979E-4
4,63326E-4
4,97279E-4
4,9034E-4
5,06222E-4
3,1659E-4
3,85694E-4
3,91583E-4
3,86839E-4
3,85258E-4
3,83415E-4
3,31095E-4
3,13593E-4
3,95842E-4
3,21156E-4
5,10682E-4
3,64295E-4
3,63653E-4
3,9236E-4
4,0084E-4
3,96762E-4
3,94656E-4
3,99137E-4
3,93102E-4
3,24163E-4
3,21155E-4
3,98172E-4
3,93766E-4
4,12357E-4
3,77778E-4
3,87267E-4
3,89255E-4
4,48898E-4
3,70614E-4
3,7714E-4
3,68035E-4
3,88777E-4
3,61718E-4
3,22716E-4
3,19823E-4
3,83657E-4
3,90803E-4
3,80303E-4
3,98561E-4
3,8782E-4
3,78757E-4
3,72269E-4
3,73375E-4
3,81893E-4
3,59942E-4
3,88819E-4
3,8404E-4
4,01435E-4
3,2065E-4
3,72647E-4
5,0884E-4
4,26916E-4
5,23521E-4
4,6382E-4
5,60058E-4
4,98397E-4
5,62207E-4
5,20112E-4
3,89716E-4
4,39758E-4
3,72709E-4
3,84087E-4
3,88748E-4
3,8678E-4
3,88179E-4
5,59819E-4
4,75447E-4
5,53486E-4
3,87748E-4
4,12335E-4
3,2294E-4
3,19612E-4
3,20932E-4
3,22151E-4
3,27807E-4
3,19459E-4
3,21752E-4
3,16644E-4
3,21223E-4
3,21845E-4
3,23973E-4
3,98958E-4
3,20057E-4
3,71445E-4
3,86196E-4
3,85679E-4
3,1398E-4
3,16973E-4
3,91491E-4
3,83482E-4
3,8503E-4
3,22142E-4
3,84935E-4
3,30131E-4
4,0409E-4
4,23122E-4
3,20676E-4
3,20907E-4
3,27306E-4
3,6608E-4
3,78787E-4
3,86337E-4
3,09123E-4
3,13213E-4
3,15906E-4
3,95374E-4
3,95837E-4
3,97106E-4
3,64804E-4
3,5656E-4
3,53486E-4
3,22927E-4
3,70251E-4
3,88394E-4
3,70195E-4
3,77082E-4
3,69961E-4
3,85224E-4
3,82724E-4
3,9314E-4
3,98642E-4
3,19572E-4
3,11038E-4
3,16554E-4
3,88545E-4
3,84796E-4
3,8947E-4
3,88164E-4
3,82341E-4
3,91858E-4
3,62554E-4
3,71333E-4
4,06856E-4
3,63557E-4
3,87223E-4
3,80571E-4
3,13054E-4
3,43928E-4
3,78333E-4
3,16928E-4
3,75653E-4
3,89532E-4
0,001982839
3,64221E-4
3,15946E-4
3,58883E-4
3,43542E-4
3,17807E-4
3,21532E-4
3,85542E-4
3,85863E-4
3,91469E-4
4,05793E-4
3,8437E-4
3,91411E-4
6,04826E-4
3,65299E-4
3,71226E-4
3,2254E-4
3,85647E-4
3,32219E-4
3,25128E-4
3,87992E-4
3,75557E-4
3,90206E-4
4,19222E-4
4,07414E-4
4,74444E-4
4,98677E-4
3,94221E-4
3,14464E-4
3,91081E-4
3,60335E-4
3,35469E-4
4,14701E-4
3,9091E-4
3,80327E-4
3,86659E-4
3,85626E-4
3,93098E-4
4,10677E-4
4,06635E-4
5,87628E-4
3,80298E-4
4,0262E-4
3,87057E-4
5,42215E-4
3,93278E-4
3,93119E-4
4,14733E-4
3,89571E-4
3,93033E-4
4,01148E-4
3,64997E-4
3,82773E-4
3,67381E-4
3,84151E-4
3,95909E-4
3,90322E-4
3,87706E-4
4,15261E-4
3,94084E-4
3,58422E-4
3,55728E-4
5,51816E-4
4,76278E-4
4,10872E-4
3,67935E-4
3,29068E-4
3,16071E-4
3,18546E-4
3,82589E-4
3,64274E-4
3,99132E-4
3,96829E-4
3,98454E-4
4,76407E-4
4,40793E-4
4,33707E-4
5,64924E-4
4,65196E-4
3,97258E-4
3,97397E-4
3,97869E-4
4,0811E-4
3,24353E-4
3,43094E-4
3,87139E-4
0,001912979
3,87757E-4
3,88017E-4
4,09834E-4
3,94968E-4
3,63996E-4
3,28434E-4
3,26212E-4
3,25787E-4
3,95072E-4
3,88762E-4
3,86634E-4
3,96452E-4
3,86896E-4
4,08877E-4
3,63499E-4
3,61055E-4
3,55721E-4
3,59453E-4
3,65153E-4
3,64156E-4
3,6618E-4
3,2037E-4
3,16576E-4
3,14657E-4
3,82021E-4
3,9005E-4
3,96878E-4
3,22862E-4
3,19234E-4
3,83006E-4
3,80904E-4
3,86927E-4
3,93588E-4
3,9009E-4
3,99444E-4
3,90375E-4
3,93306E-4
4,05795E-4
3,57048E-4
3,53953E-4
3,78988E-4
3,61116E-4
3,6179E-4
3,59509E-4
3,55275E-4
3,56231E-4
3,90605E-4
3,86655E-4
3,89535E-4
3,57463E-4
3,97215E-4
3,57651E-4
3,58746E-4
3,29671E-4
3,87805E-4
3,91438E-4
3,1265E-4
3,89423E-4
3,79379E-4
3,89145E-4
4,34545E-4
3,90262E-4
3,91686E-4
3,85045E-4
3,98962E-4
3,65286E-4
3,8365E-4
3,28158E-4
3,39982E-4
3,37321E-4
3,31543E-4
3,28714E-4
3,4126E-4
3,53434E-4
3,16807E-4
3,25689E-4
3,21803E-4
3,37984E-4
3,18423E-4
3,82764E-4
3,23338E-4
3,8429E-4
3,87727E-4
3,19378E-4
3,10072E-4
3,12451E-4
3,12906E-4
3,17964E-4
3,86815E-4
3,56311E-4
3,96205E-4
3,92593E-4
3,96821E-4
3,99864E-4
3,14844E-4
3,12329E-4
3,31245E-4
3,72544E-4
3,56757E-4
3,89386E-4
3,9022E-4
3,83227E-4
3,35861E-4
3,2615E-4
3,68802E-4
3,64923E-4
3,81858E-4
3,68514E-4
3,74715E-4
3,18181E-4
3,56474E-4
3,70472E-4
3,77262E-4
3,24757E-4
3,9745E-4
4,03096E-4
3,85167E-4
4,01099E-4
3,93314E-4
3,9894E-4
4,02329E-4
3,65727E-4
4,07597E-4
3,98051E-4
4,20368E-4
3,91939E-4
3,92102E-4
3,90164E-4
3,70155E-4
3,84128E-4
3,80086E-4
3,74301E-4
3,86266E-4
3,85641E-4
3,21552E-4
3,37108E-4
3,80996E-4
4,00499E-4
3,57496E-4
3,24028E-4
3,26887E-4
3,95752E-4
3,81086E-4
3,6865E-4
3,8386E-4
3,92316E-4
3,9854E-4
3,90237E-4
3,65574E-4
4,07993E-4
4,01364E-4
3,92115E-4
3,89947E-4
3,93007E-4
3,97655E-4
3,25832E-4
3,23248E-4
3,88029E-4
3,81315E-4
3,93833E-4
3,15342E-4
3,88785E-4
3,85615E-4
3,23973E-4
3,99148E-4
3,22465E-4
3,42203E-4
3,39241E-4
3,30377E-4
3,69927E-4
3,93301E-4
3,85671E-4
3,88306E-4
3,89197E-4
3,87854E-4
3,85135E-4
4,03336E-4
3,15206E-4
3,68172E-4
4,897E-4
4,89412E-4
5,63881E-4
5,1746E-4
4,96462E-4
5,34121E-4
5,21412E-4
5,49471E-4
4,75979E-4
5,24739E-4
5,6054E-4
4,34301E-4
4,73209E-4
5,0397E-4
4,60843E-4
4,32934E-4
5,11826E-4
5,58823E-4
4,72819E-4
4,07762E-4
3,9921E-4
5,62893E-4
5,21121E-4
3,58182E-4
3,55927E-4
3,16431E-4
3,30724E-4
3,98251E-4
3,88829E-4
3,39321E-4
3,13373E-4
3,35146E-4
3,94434E-4
3,87237E-4
4,44857E-4
5,61402E-4
4,54604E-4
5,08585E-4
4,16259E-4
4,51714E-4
3,6209E-4
3,70646E-4
3,64885E-4
3,65861E-4
3,66965E-4
3,74911E-4
3,63648E-4
3,91238E-4
3,88063E-4
3,86037E-4
4,1315E-4
3,55627E-4
3,58542E-4
3,65795E-4
3,69512E-4
3,89533E-4
3,79992E-4
3,91966E-4
3,29935E-4
3,92123E-4
3,81946E-4
3,8625E-4
3,64278E-4
3,84453E-4
4,02746E-4
3,54734E-4
3,55608E-4
3,8374E-4
3,63076E-4
3,70301E-4
3,66226E-4
3,6796E-4
3,56508E-4
3,5809E-4
4,01073E-4
4,18011E-4
3,68321E-4
3,71292E-4
3,78615E-4
3,14678E-4
3,8721E-4
3,92151E-4
3,68392E-4
3,90755E-4
4,08823E-4
3,88393E-4
3,82259E-4
3,83529E-4
3,87948E-4
3,92297E-4
3,90026E-4
3,9712E-4
4,01595E-4
3,87505E-4
3,94732E-4
4,1174E-4
3,20607E-4
3,21915E-4
3,11528E-4
3,14984E-4
3,91519E-4
3,89318E-4
4,00237E-4
3,67632E-4
5,60616E-4
5,44253E-4
4,9075E-4
4,97815E-4
4,65153E-4
4,23616E-4
5,66343E-4
4,10344E-4
4,07421E-4
3,20305E-4
3,90604E-4
3,54886E-4
3,88149E-4
3,31234E-4
3,9695E-4
3,22699E-4
4,05378E-4
4,00719E-4
3,99896E-4
3,68225E-4
3,4441E-4
3,39681E-4
3,35E-4
3,21903E-4
3,22362E-4
3,962E-4
3,26439E-4
3,38422E-4
3,97172E-4
3,35522E-4
3,18956E-4
3,93769E-4
3,91367E-4
3,84915E-4
3,1809E-4
3,26355E-4
4,91814E-4
5,64771E-4
4,21213E-4
3,22865E-4
3,86307E-4
3,72248E-4
3,96853E-4
4,41933E-4
5,64308E-4
4,74508E-4
5,1981E-4
4,86759E-4
4,91738E-4
4,10584E-4
4,48201E-4
4,50641E-4
5,04046E-4
5,84864E-4
5,84711E-4
5,34707E-4
4,85181E-4
5,58211E-4
5,09636E-4
4,15417E-4
5,39485E-4
5,60685E-4
5,76127E-4
5,40465E-4
4,06961E-4
4,30133E-4
4,63123E-4
4,48878E-4
4,55269E-4
4,26393E-4
3,67941E-4
3,66593E-4
3,65964E-4
3,61942E-4
3,87003E-4
3,61262E-4
3,61339E-4
3,68559E-4
3,57026E-4
3,59595E-4
3,58951E-4
3,89623E-4
3,14749E-4
3,19661E-4
3,15839E-4
3,24547E-4
3,19031E-4
3,334E-4
3,86831E-4
3,84759E-4
3,55815E-4
3,59146E-4
3,5514E-4
3,90823E-4
3,85863E-4
3,97301E-4
3,95509E-4
3,94552E-4
3,74745E-4
3,70059E-4
3,74696E-4
3,66368E-4
3,67263E-4
3,77852E-4
3,86023E-4
3,89154E-4
3,88896E-4
3,1296E-4
3,96425E-4
4,16691E-4
3,84591E-4
3,82221E-4
3,81261E-4
3,96044E-4
3,89615E-4
3,93405E-4
3,95739E-4
3,22073E-4
3,24995E-4
3,56917E-4
3,09628E-4
3,17468E-4
3,63028E-4
3,96854E-4
3,79977E-4
3,87335E-4
3,24033E-4
3,99207E-4
3,59502E-4
3,59688E-4
3,61264E-4
3,69122E-4
3,62468E-4
6,09986E-4
5,3717E-4
5,10985E-4
4,01939E-4
3,6615E-4
3,65606E-4
3,84778E-4
3,76466E-4
3,813E-4
3,90761E-4
3,84737E-4
3,91866E-4
3,9021E-4
3,90104E-4
3,25294E-4
3,8873E-4
3,87697E-4
3,87647E-4
3,84533E-4
3,86586E-4
3,89319E-4
3,90362E-4
3,56076E-4
3,79679E-4
3,1405E-4
3,88423E-4
3,62338E-4
3,90418E-4
3,25648E-4
3,15758E-4
3,84234E-4
3,86329E-4
3,86778E-4
3,81317E-4
3,86797E-4
3,69055E-4
3,88996E-4
3,889E-4
3,82488E-4
3,79172E-4
3,12585E-4
3,11693E-4
3,20904E-4
3,22114E-4
3,91302E-4
3,91599E-4
3,86676E-4
3,59043E-4
3,78196E-4
3,17928E-4
3,61993E-4
3,20163E-4
3,61982E-4
3,23235E-4
3,2865E-4
3,879E-4
3,59377E-4
3,66361E-4
3,6925E-4
3,73393E-4
3,67292E-4
3,17855E-4
3,18844E-4
3,25735E-4
3,37235E-4
3,48206E-4
3,25427E-4
3,85787E-4
3,86284E-4
3,32481E-4
3,21299E-4
3,44384E-4
3,97543E-4
3,84613E-4
0,001779278
3,68374E-4
3,79976E-4
3,20464E-4
3,92479E-4
3,1396E-4
3,69645E-4
3,85876E-4
3,91708E-4
3,86623E-4
3,85827E-4
3,75751E-4
4,17172E-4
3,80261E-4
5,29166E-4
5,71985E-4
3,63452E-4
3,58485E-4
3,16608E-4
3,92227E-4
3,59877E-4
3,58657E-4
3,17183E-4
4,08262E-4
3,6362E-4
3,52414E-4
3,09754E-4
3,95123E-4
3,85024E-4
3,71213E-4
3,11684E-4
3,8593E-4
3,69559E-4
3,60901E-4
3,24414E-4
0,001077416
4,60976E-4
4,00909E-4
3,90428E-4
0,001299979
3,86325E-4
3,57773E-4
3,54299E-4
3,56478E-4
3,90605E-4
3,8572E-4
3,85779E-4
3,8698E-4
3,67987E-4
3,74635E-4
3,8567E-4
3,19844E-4
4,6198E-4
3,12144E-4
3,89852E-4
3,14317E-4
3,59446E-4
3,9382E-4
3,37293E-4
4,0232E-4
4,02224E-4
3,92562E-4
3,37442E-4
3,70537E-4
3,80551E-4
4,02145E-4
4,04772E-4
3,9508E-4
3,99687E-4
4,27156E-4
3,86609E-4
3,23262E-4
3,30892E-4
3,21827E-4
3,28324E-4
3,32209E-4
3,87283E-4
3,90266E-4
4,03413E-4
4,07228E-4
3,90055E-4
3,91778E-4
3,6909E-4
3,66337E-4
3,60064E-4
4,07678E-4
3,84624E-4
4,12725E-4
3,97982E-4
3,22696E-4
3,23026E-4
3,23863E-4
3,85447E-4
3,14413E-4
3,92653E-4
4,08651E-4
4,02248E-4
3,96899E-4
3,19301E-4
3,92662E-4
3,83911E-4
3,83873E-4
3,92533E-4
3,88694E-4
3,86368E-4
3,91222E-4
3,84974E-4
3,92363E-4
3,59011E-4
3,81757E-4
3,62262E-4
3,94275E-4
4,08639E-4
3,22637E-4
3,25326E-4
3,1823E-4
3,58435E-4
3,91514E-4
3,54638E-4
3,12876E-4
3,29578E-4
3,26115E-4
4,10225E-4
4,03241E-4
3,10201E-4
3,93837E-4
3,15337E-4
3,15313E-4
3,58722E-4
3,92996E-4
3,89845E-4
3,84425E-4
3,9053E-4
3,2122E-4
3,88709E-4
3,89855E-4
3,94825E-4
3,91482E-4
3,85617E-4
3,93206E-4
4,01438E-4
3,91582E-4
3,18557E-4
3,53931E-4
3,15918E-4
3,63842E-4
3,82427E-4
3,90951E-4
3,95231E-4
3,88758E-4
3,85187E-4
3,85855E-4
3,58197E-4
3,96797E-4
3,90761E-4
3,91942E-4
3,91972E-4
3,23149E-4
3,21498E-4
3,88168E-4
3,93151E-4
3,66138E-4
3,25985E-4
3,25226E-4
3,94534E-4
3,85286E-4
3,67228E-4
3,65118E-4
3,84943E-4
3,23787E-4
3,85335E-4
3,95125E-4
3,63517E-4
5,12292E-4
5,12039E-4
4,36871E-4
4,05145E-4
4,36218E-4
5,82414E-4
5,33216E-4
4,6134E-4
4,73834E-4
3,90618E-4
3,67916E-4
3,68324E-4
3,92977E-4
3,10445E-4
3,20565E-4
3,39224E-4
3,23044E-4
3,21738E-4
3,24935E-4
3,16655E-4
3,14266E-4
3,2315E-4
3,9412E-4
4,05846E-4
3,78777E-4
4,17845E-4
3,87462E-4
3,2325E-4
3,20857E-4
3,20854E-4
3,9103E-4
3,90255E-4
3,92379E-4
3,90658E-4
3,89527E-4
3,84065E-4
4,09818E-4
3,93714E-4
3,93657E-4
3,85991E-4
3,99006E-4
3,6645E-4
4,15524E-4
0,001980927
3,96197E-4
3,59311E-4
4,65701E-4
3,54581E-4
3,71221E-4
3,63826E-4
3,79581E-4
3,1258E-4
3,5567E-4
3,63871E-4
3,82448E-4
3,95587E-4
3,97597E-4
3,84425E-4
3,34568E-4
4,07284E-4
3,87804E-4
3,89765E-4
3,92944E-4
3,68072E-4
3,65508E-4
3,92298E-4
3,82964E-4
3,81373E-4
3,83463E-4
3,83395E-4
3,63995E-4
3,85401E-4
3,94035E-4
3,61415E-4
3,64483E-4
3,63829E-4
3,35245E-4
3,13795E-4
3,57201E-4
3,97457E-4
3,86184E-4
3,57223E-4
3,24039E-4
3,21454E-4
3,66659E-4
3,08752E-4
3,58574E-4
3,89042E-4
3,62509E-4
3,5715E-4
3,59433E-4
3,54612E-4
3,61659E-4
3,63316E-4
3,60554E-4
3,93021E-4
3,88309E-4
3,90618E-4
4,11039E-4
3,14176E-4
3,18275E-4
3,10418E-4
3,78802E-4
3,65106E-4
3,90743E-4
3,63174E-4
5,81154E-4
3,53932E-4
3,9277E-4
3,41269E-4
3,25381E-4
3,12391E-4
3,96465E-4
3,7155E-4
3,8687E-4
3,83045E-4
3,82122E-4
3,82506E-4
3,86621E-4
4,01787E-4
3,26432E-4
3,26387E-4
3,22825E-4
3,3074E-4
3,26376E-4
3,21314E-4
3,84311E-4
3,65812E-4
4,07759E-4
3,98104E-4
3,99518E-4
4,22779E-4
3,45557E-4
3,93873E-4
3,93711E-4
3,68052E-4
4,09784E-4
3,28781E-4
3,65878E-4
3,65087E-4
3,9307E-4
3,13068E-4
3,5558E-4
3,31579E-4
3,19509E-4
3,25765E-4
3,96681E-4
3,84423E-4
3,77917E-4
3,95073E-4
3,9753E-4
3,18949E-4
3,13026E-4
3,35888E-4
3,92798E-4
3,84837E-4
3,84799E-4
3,9363E-4
3,71148E-4
3,22994E-4
3,81032E-4
3,22666E-4
3,89484E-4
3,87843E-4
4,0192E-4
3,90304E-4
3,78677E-4
3,20142E-4
3,96529E-4
3,88082E-4
4,04829E-4
3,97654E-4
3,17726E-4
3,84688E-4
4,11712E-4
4,02157E-4
3,84954E-4
3,21721E-4
3,85555E-4
3,93493E-4
3,98875E-4
3,8919E-4
3,88139E-4
3,92648E-4
3,28537E-4
3,79023E-4
3,79133E-4
3,81564E-4
3,80655E-4
3,84895E-4
3,86783E-4
3,89261E-4
4,02139E-4
3,83009E-4
3,91748E-4
3,82963E-4
3,99645E-4
3,96531E-4
3,80154E-4
3,81643E-4
4,12604E-4
3,83181E-4
3,79353E-4
4,05066E-4
3,91142E-4
3,80967E-4
3,86403E-4
