0,68571335	0,9246498
455,2147	19,867693
534,4715	1,472499
521,738	6,122279
562,21576	0,32495588
564,1318	0,33981392
562,1547	0,15897383
562,6589	0,89106613
563,67377	0,6903367
562,4046	0,29622617
563,02924	0,75317115
562,8096	1,4054894
562,68146	2,1207798
562,5538	1,2438827
562,2711	0,8005552
563,2295	0,66999537
562,6033	1,0782517
562,01465	0,58229077
562,92944	0,5797415
561,17596	0,7978858
563,9202	0,4905945
561,79047	0,32543057
563,3179	0,55313176
562,59283	0,55781305
562,2359	0,34541038
562,34674	0,70832616
562,2564	0,15288568
563,52783	0,88779277
561,4301	0,5696544
561,34546	1,9003916
563,0751	2,452994
562,57904	1,0834403
561,9785	0,49133173
562,17816	0,25852892
561,6701	0,24577487
562,9072	1,1321392
562,3193	1,5254503
561,7292	0,8868986
562,5439	0,34187397
561,7469	1,0150777
561,8662	1,2524387
562,4036	0,67053753
560,78815	0,7335735
562,9288	0,15798846
561,82794	0,9681285
561,6452	1,1119972
561,78546	0,85870945
561,0717	0,42633563
562,67145	0,78656983
561,3475	1,8989179
562,2622	2,1023345
561,74854	1,681268
561,3001	0,6922882
560,2825	0,88304716
564,3212	2,5637252
