0,35214543	0,45293155
459,49747	19,009348
534,3889	1,7976707
522,24854	7,322909
561,63196	0,3749886
563,6652	0,6018668
563,0607	0,76410115
562,8309	0,21322691
563,729	0,1816824
562,2676	0,15791649
562,86414	0,6438284
563,1242	1,2963562
562,35986	1,1995635
562,84625	0,194514
562,339	0,45362112
562,763	0,14550737
562,42303	1,0203922
563,00616	0,89562047
562,28766	0,5697972
562,458	0,68843144
563,2989	0,87210953
562,1131	0,6175079
561,98065	0,7429529
563,17	0,33591127
562,88763	0,7063814
561,55914	1,5150132
563,0443	1,0400807
562,11743	0,8925565
561,7437	0,7563002
562,87494	0,9776219
561,7076	1,2530481
563,0244	0,7446873
561,4903	0,39680767
562,586	0,41215435
562,30145	1,100609
562,2248	1,9737332
562,15045	1,5034993
562,0694	0,97390324
561,84625	0,74534464
562,5639	0,5721567
561,2933	0,48347807
562,3903	0,685825
560,9492	1,1972485
563,0122	0,3257583
562,1742	0,5407026
561,34344	1,1915413
561,9815	1,1357702
560,83124	0,6444762
561,9035	0,59871197
562,33984	1,0804428
562,2844	2,11547
561,7607	1,6774188
560,97296	0,5074774
560,7182	1,1826812
563,2912	4,561102
