1,35016E-4
1,17076E-4
1,17214E-4
1,17868E-4
3,65715E-4
1,75398E-4
1,19964E-4
1,23865E-4
1,5766E-4
7,6038E-5
9,1079E-5
8,0376E-5
8,2546E-5
8,0984E-5
7,9058E-5
7,7732E-5
7,6002E-5
8,0246E-5
7,8034E-5
8,0415E-5
7,5746E-5
7,8506E-5
7,4517E-5
8,7543E-5
7,2937E-5
7,5525E-5
9,5592E-5
7,3083E-5
7,4033E-5
8,0456E-5
8,2931E-5
8,1846E-5
7,8439E-5
7,9805E-5
7,7705E-5
8,2174E-5
9,5046E-5
8,3335E-5
7,9776E-5
7,76E-5
8,3193E-5
7,7296E-5
8,2827E-5
7,7117E-5
9,4505E-5
8,3315E-5
7,8625E-5
8,3595E-5
7,8707E-5
7,7677E-5
8,0723E-5
7,765E-5
8,068E-5
7,8283E-5
7,9028E-5
8,3796E-5
8,0937E-5
8,2517E-5
8,1202E-5
9,6055E-5
8,1296E-5
8,0534E-5
8,2623E-5
7,5469E-5
7,3485E-5
7,982E-5
8,072E-5
8,1354E-5
7,7017E-5
8,0341E-5
8,3155E-5
7,9953E-5
8,1517E-5
7,6124E-5
8,5887E-5
8,0925E-5
7,7845E-5
9,4575E-5
7,6189E-5
7,6147E-5
7,7201E-5
8,2463E-5
8,6139E-5
8,2179E-5
8,549E-5
7,653E-5
7,9121E-5
8,3638E-5
7,8926E-5
7,7809E-5
7,6923E-5
7,6545E-5
7,3344E-5
8,2809E-5
7,8645E-5
9,3698E-5
7,817E-5
8,3954E-5
7,5515E-5
9,2383E-5
7,8951E-5
7,551E-5
7,4576E-5
8,1201E-5
7,742E-5
7,8811E-5
8,4956E-5
7,8054E-5
7,7561E-5
7,9685E-5
7,7087E-5
8,9354E-5
8,2388E-5
8,3841E-5
7,7835E-5
8,0306E-5
8,335E-5
7,8649E-5
7,9036E-5
7,9968E-5
7,9191E-5
7,5447E-5
7,8497E-5
7,485E-5
7,4195E-5
7,9088E-5
7,4899E-5
7,4489E-5
8,4189E-5
8,1926E-5
8,0946E-5
8,3875E-5
8,1826E-5
7,6777E-5
8,2197E-5
7,5833E-5
8,343E-5
8,1726E-5
9,685E-5
7,7927E-5
7,9263E-5
8,1761E-5
8,0871E-5
8,1594E-5
8,0195E-5
7,9914E-5
8,1504E-5
8,5839E-5
8,2215E-5
7,7284E-5
7,7846E-5
7,6417E-5
8,376E-5
8,2922E-5
7,9162E-5
7,7693E-5
7,928E-5
8,1735E-5
7,8165E-5
7,5604E-5
7,8992E-5
7,7897E-5
8,1981E-5
7,8675E-5
7,7458E-5
7,6668E-5
7,6745E-5
7,9391E-5
7,6755E-5
7,4557E-5
9,1516E-5
7,9362E-5
7,32E-5
7,3031E-5
7,4311E-5
7,5973E-5
7,3439E-5
7,2735E-5
8,9646E-5
8,3811E-5
7,2397E-5
7,2288E-5
7,4233E-5
7,5091E-5
7,2318E-5
7,2734E-5
7,6345E-5
7,902E-5
8,6157E-5
8,3278E-5
7,8672E-5
7,8099E-5
7,707E-5
8,0567E-5
7,849E-5
7,5557E-5
7,6153E-5
7,69E-5
7,8585E-5
8,3293E-5
7,8743E-5
7,6901E-5
7,6577E-5
7,751E-5
8,0854E-5
8,3279E-5
7,3957E-5
7,8324E-5
7,9613E-5
7,9621E-5
7,9928E-5
7,7178E-5
8,0907E-5
7,6589E-5
7,8887E-5
8,0664E-5
8,038E-5
8,0368E-5
7,6326E-5
7,7235E-5
7,7629E-5
7,8753E-5
7,7427E-5
7,6229E-5
7,7602E-5
8,1E-5
7,9618E-5
8,1617E-5
7,9191E-5
9,2356E-5
7,4759E-5
8,2138E-5
8,1317E-5
8,5827E-5
8,3912E-5
7,7959E-5
7,9191E-5
7,7573E-5
8,0131E-5
8,7828E-5
8,2344E-5
7,6185E-5
8,0097E-5
7,6744E-5
7,5083E-5
7,794E-5
8,3915E-5
8,2156E-5
7,9362E-5
7,736E-5
8,0937E-5
7,9182E-5
8,1115E-5
8,2884E-5
8,1533E-5
7,6668E-5
7,7237E-5
7,6351E-5
7,6599E-5
7,9091E-5
7,8701E-5
7,7185E-5
7,909E-5
7,9726E-5
8,0675E-5
8,9738E-5
8,2365E-5
7,8212E-5
7,7226E-5
7,7057E-5
7,6896E-5
7,828E-5
7,7242E-5
8,0893E-5
7,834E-5
7,7877E-5
7,811E-5
7,9889E-5
8,0725E-5
8,2533E-5
8,2972E-5
8,2224E-5
8,0015E-5
7,6284E-5
7,717E-5
9,0584E-5
8,1014E-5
8,3355E-5
8,2733E-5
8,0184E-5
7,7683E-5
8,1082E-5
7,5543E-5
7,7352E-5
8,1344E-5
7,8317E-5
7,5296E-5
7,5195E-5
7,9096E-5
7,7118E-5
7,581E-5
8,1447E-5
8,1717E-5
8,1092E-5
7,9222E-5
9,2175E-5
8,1244E-5
7,8763E-5
7,6324E-5
7,5623E-5
8,1457E-5
7,5315E-5
7,4848E-5
7,5452E-5
7,5757E-5
7,9015E-5
7,898E-5
7,6687E-5
7,6043E-5
7,7575E-5
7,9766E-5
7,9222E-5
8,2313E-5
7,9934E-5
7,7207E-5
7,7437E-5
7,7099E-5
7,6462E-5
7,7984E-5
9,073E-5
8,1069E-5
8,7077E-5
8,1557E-5
7,8939E-5
8,1818E-5
7,9584E-5
9,1496E-5
7,9738E-5
7,8419E-5
8,0691E-5
8,3081E-5
8,0962E-5
8,0039E-5
7,9849E-5
7,9603E-5
8,0904E-5
7,427E-5
7,4014E-5
7,9568E-5
7,8996E-5
7,9296E-5
7,716E-5
7,7058E-5
8,0319E-5
7,8516E-5
7,7737E-5
7,7408E-5
7,7464E-5
7,6482E-5
8,8218E-5
8,1469E-5
7,742E-5
7,82E-5
8,2997E-5
8,4908E-5
8,1522E-5
7,7402E-5
7,6688E-5
7,8067E-5
7,5161E-5
7,8568E-5
7,8442E-5
7,9558E-5
7,637E-5
7,5807E-5
7,6722E-5
7,5864E-5
7,7954E-5
7,945E-5
7,427E-5
7,6547E-5
7,6492E-5
8,4597E-5
7,8316E-5
7,8498E-5
8,05E-5
8,0838E-5
8,0297E-5
7,6843E-5
7,5519E-5
7,8173E-5
7,8383E-5
7,62E-5
7,7358E-5
7,8784E-5
7,7126E-5
7,796E-5
8,135E-5
7,7283E-5
8,8895E-5
7,7073E-5
7,7467E-5
8,7532E-5
7,2939E-5
7,0711E-5
9,1636E-5
7,8766E-5
7,5265E-5
7,6515E-5
7,4996E-5
7,6544E-5
7,2438E-5
8,419E-5
7,518E-5
7,6453E-5
7,6719E-5
7,6805E-5
7,6237E-5
7,6271E-5
7,2831E-5
8,1411E-5
7,6138E-5
7,7317E-5
7,6713E-5
7,7601E-5
7,8713E-5
7,6631E-5
7,62E-5
7,6933E-5
8,8001E-5
8,2904E-5
7,8608E-5
7,9468E-5
7,6165E-5
7,3733E-5
8,0618E-5
7,8416E-5
8,1701E-5
8,1753E-5
7,911E-5
7,7539E-5
8,3585E-5
8,4557E-5
8,2215E-5
7,5338E-5
7,2765E-5
7,569E-5
7,939E-5
7,9757E-5
7,7719E-5
7,9266E-5
7,784E-5
7,943E-5
8,1511E-5
7,8891E-5
8,0318E-5
8,0082E-5
8,6413E-5
8,392E-5
7,9686E-5
8,0451E-5
7,8868E-5
7,8989E-5
7,4118E-5
7,9525E-5
7,8086E-5
7,5854E-5
7,8397E-5
8,0243E-5
7,5408E-5
7,6763E-5
9,1006E-5
8,293E-5
8,1478E-5
7,8957E-5
8,0064E-5
0,001769885
7,7671E-5
8,2111E-5
7,9832E-5
8,1306E-5
8,1363E-5
7,4814E-5
7,84E-5
8,1751E-5
8,5398E-5
8,1691E-5
8,3382E-5
7,8687E-5
7,8088E-5
7,9085E-5
8,336E-5
7,2618E-5
7,7866E-5
8,0452E-5
7,2229E-5
7,204E-5
7,4428E-5
7,5167E-5
7,9151E-5
8,2936E-5
7,987E-5
8,2062E-5
8,4599E-5
7,9703E-5
8,0501E-5
8,2488E-5
9,0317E-5
7,6598E-5
7,6958E-5
7,3061E-5
7,5077E-5
7,4632E-5
8,2105E-5
7,8492E-5
8,2258E-5
7,7644E-5
7,9692E-5
7,9024E-5
7,9609E-5
8,1992E-5
0,00131857
7,9674E-5
7,6397E-5
7,4569E-5
7,3555E-5
7,3086E-5
7,1997E-5
9,0402E-5
7,4599E-5
7,6831E-5
9,0313E-5
8,0996E-5
7,8082E-5
8,0659E-5
8,0455E-5
7,7869E-5
8,8642E-5
7,9235E-5
7,7519E-5
7,6641E-5
7,8288E-5
7,6178E-5
7,613E-5
7,5828E-5
7,9405E-5
7,7652E-5
8,3755E-5
8,2772E-5
8,1199E-5
7,8149E-5
7,7384E-5
7,8E-5
8,2519E-5
8,2114E-5
8,0394E-5
7,3672E-5
8,5966E-5
7,4018E-5
7,7395E-5
8,2449E-5
7,5666E-5
7,9874E-5
7,9719E-5
0,001425017
8,0263E-5
8,0697E-5
7,6709E-5
7,7944E-5
8,0283E-5
8,3785E-5
8,0411E-5
8,2527E-5
8,1654E-5
9,3467E-5
8,5097E-5
8,0056E-5
7,8942E-5
7,6777E-5
8,0974E-5
8,9424E-5
8,342E-5
8,2406E-5
7,9588E-5
8,7263E-5
8,0086E-5
8,0867E-5
7,8442E-5
8,4895E-5
8,0339E-5
7,8639E-5
7,8437E-5
7,9437E-5
7,7645E-5
8,0884E-5
8,3958E-5
8,552E-5
8,0492E-5
7,7594E-5
8,0331E-5
7,6618E-5
7,5525E-5
7,8999E-5
7,7157E-5
7,7616E-5
7,2709E-5
7,4317E-5
7,3338E-5
7,1914E-5
8,0919E-5
8,8341E-5
8,3274E-5
7,721E-5
7,6615E-5
7,6915E-5
8,4407E-5
7,8996E-5
7,6775E-5
7,5917E-5
8,0069E-5
8,2367E-5
7,9926E-5
7,7382E-5
7,6383E-5
7,9866E-5
8,8771E-5
7,982E-5
9,138E-5
7,74E-5
7,9922E-5
8,6751E-5
8,0249E-5
7,8808E-5
7,9055E-5
7,7342E-5
8,2174E-5
8,2741E-5
8,0303E-5
7,8248E-5
7,8951E-5
8,1239E-5
7,9787E-5
7,6972E-5
7,4031E-5
7,3934E-5
7,7047E-5
7,7973E-5
7,8891E-5
8,2211E-5
7,9348E-5
7,473E-5
7,5989E-5
8,3392E-5
8,0954E-5
8,5498E-5
7,4552E-5
7,2014E-5
7,9479E-5
8,4599E-5
8,2211E-5
8,2254E-5
8,185E-5
7,7805E-5
7,8191E-5
8,5179E-5
7,9912E-5
7,9833E-5
7,6933E-5
7,3212E-5
8,046E-5
9,0148E-5
8,4714E-5
7,815E-5
7,9661E-5
7,7242E-5
7,7767E-5
8,1428E-5
8,9423E-5
8,1292E-5
8,828E-5
7,6344E-5
8,2313E-5
8,1588E-5
8,0981E-5
7,4542E-5
7,4283E-5
7,4206E-5
1,00574E-4
8,1087E-5
8,1122E-5
7,7063E-5
9,1359E-5
7,9522E-5
9,4173E-5
8,216E-5
8,2067E-5
9,0629E-5
7,4574E-5
7,82E-5
8,3205E-5
7,9833E-5
7,8517E-5
7,5548E-5
7,6491E-5
8,448E-5
8,5101E-5
7,8715E-5
7,9277E-5
8,2619E-5
8,4557E-5
8,1035E-5
9,1357E-5
7,9463E-5
8,2027E-5
8,3466E-5
7,8828E-5
7,5545E-5
7,7424E-5
8,0162E-5
8,0832E-5
8,0525E-5
9,2241E-5
7,8027E-5
7,949E-5
8,1403E-5
7,8637E-5
7,5477E-5
7,4408E-5
8,4891E-5
8,2371E-5
8,2077E-5
8,1019E-5
8,5141E-5
8,1969E-5
8,2105E-5
7,7648E-5
7,5945E-5
8,2053E-5
8,4799E-5
8,171E-5
8,277E-5
7,8968E-5
8,2436E-5
8,601E-5
8,2303E-5
8,4965E-5
7,7983E-5
7,7958E-5
8,0466E-5
7,8283E-5
7,8232E-5
7,7509E-5
8,0933E-5
1,59489E-4
