4,4703E-5
4,489E-5
3,0673E-5
4,4945E-5
4,3593E-5
3,9046E-5
3,8489E-5
3,9911E-5
3,0504E-5
3,1053E-5
4,3746E-5
4,1191E-5
4,3854E-5
3,9609E-5
2,3714E-5
4,2819E-5
4,3259E-5
3,8085E-5
5,21343E-4
4,7106E-5
3,0474E-5
2,9719E-5
3,9471E-5
4,1021E-5
2,9252E-5
2,3099E-5
3,881E-5
3,8156E-5
3,8232E-5
4,0386E-5
4,3032E-5
4,5291E-5
4,3907E-5
2,375E-5
2,967E-5
2,9465E-5
4,5019E-5
2,3082E-5
2,3417E-5
3,3745E-5
3,0892E-5
4,4022E-5
4,4455E-5
4,6095E-5
4,4599E-5
4,4171E-5
4,5567E-5
4,448E-5
3,3632E-5
3,8656E-5
4,4573E-5
2,3411E-5
3,0224E-5
3,0156E-5
4,3363E-5
3,9924E-5
2,364E-5
2,3867E-5
4,477E-5
4,9229E-5
4,4397E-5
4,4498E-5
4,3937E-5
4,4459E-5
4,4283E-5
4,3548E-5
4,341E-5
2,3511E-5
2,4342E-5
4,4121E-5
4,3962E-5
4,3312E-5
3,8332E-5
5,282E-5
3,8531E-5
3,8941E-5
3,8244E-5
3,7994E-5
2,2233E-5
2,3566E-5
2,9217E-5
2,9885E-5
4,6017E-5
2,298E-5
2,3262E-5
2,3158E-5
3,7878E-5
3,9609E-5
3,876E-5
2,9587E-5
3,789E-5
4,0527E-5
3,8678E-5
3,8903E-5
2,2428E-5
2,3659E-5
3,0158E-5
3,9853E-5
3,8859E-5
3,9347E-5
4,6199E-5
2,9204E-5
3,7633E-5
2,36E-5
2,3842E-5
2,4503E-5
3,5343E-5
2,3985E-5
4,7294E-5
7,0387E-5
5,5643E-5
2,558E-5
4,465E-5
6,4656E-5
3,6927E-5
3,1196E-5
2,6E-5
2,6377E-5
3,9603E-5
3,843E-5
3,919E-5
2,1921E-5
2,26E-5
4,5034E-5
2,5068E-5
3,9849E-5
2,3395E-5
4,1856E-5
2,4453E-5
3,8878E-5
4,6497E-5
4,8704E-5
0,001304737
4,446E-5
4,3831E-5
2,3665E-5
2,3624E-5
2,4681E-5
2,3392E-5
2,9158E-5
2,9335E-5
2,4487E-5
2,4924E-5
4,0196E-5
2,9951E-5
3,0042E-5
3,0249E-5
3,7403E-5
2,6441E-5
2,4026E-5
3,92E-5
3,7703E-5
3,7554E-5
4,0905E-5
3,7997E-5
3,8125E-5
3,7981E-5
3,0192E-5
2,9569E-5
3,0266E-5
3,9209E-5
3,8423E-5
3,7088E-5
3,9422E-5
2,3655E-5
2,5441E-5
2,7745E-5
3,8837E-5
3,8976E-5
3,1236E-5
3,8806E-5
3,8765E-5
3,7955E-5
4,2294E-5
3,8929E-5
3,9123E-5
2,9788E-5
2,9338E-5
4,3388E-5
4,3568E-5
3,8573E-5
4,6965E-5
4,3747E-5
2,3469E-5
2,2745E-5
2,9566E-5
2,3805E-5
4,439E-5
4,3804E-5
2,9742E-5
4,063E-5
3,7987E-5
2,3471E-5
2,3255E-5
2,9772E-5
3,7353E-5
3,9957E-5
2,4321E-5
2,8984E-5
2,901E-5
2,9838E-5
2,932E-5
2,9706E-5
3,9625E-5
2,3277E-5
2,3144E-5
2,2623E-5
2,2559E-5
2,9124E-5
4,4219E-5
4,4502E-5
2,287E-5
3,074E-5
2,3196E-5
3,9696E-5
4,5159E-5
4,4508E-5
2,9687E-5
2,3933E-5
3,9537E-5
3,8938E-5
4,2823E-5
4,224E-5
3,0047E-5
2,9079E-5
2,9232E-5
3,9103E-5
3,9072E-5
5,7594E-5
3,826E-5
7,0466E-5
4,3624E-5
3,7573E-5
3,0191E-5
3,4592E-5
3,4494E-5
3,5276E-5
3,9155E-5
2,3937E-5
2,3612E-5
4,2002E-5
4,8101E-5
2,4193E-5
3,8052E-5
3,06E-5
5,2871E-5
2,4198E-5
2,5949E-5
3,7831E-5
3,9198E-5
4,0539E-5
3,8729E-5
3,8982E-5
4,2844E-5
4,3407E-5
4,4956E-5
4,4097E-5
2,2991E-5
2,3735E-5
4,7949E-5
3,1175E-5
3,0777E-5
3,1808E-5
3,0194E-5
2,992E-5
3,4318E-5
3,6034E-5
3,4527E-5
3,478E-5
3,5546E-5
5,0351E-5
4,4949E-5
4,1819E-5
2,3062E-5
3,0043E-5
4,0884E-5
4,0474E-5
4,6152E-5
9,4044E-5
7,6432E-5
9,6968E-5
7,6393E-5
4,2139E-5
4,2281E-5
1,07682E-4
8,5768E-5
8,3315E-5
6,7476E-5
6,9684E-5
5,0333E-5
3,1659E-5
4,922E-5
5,2474E-5
5,7193E-5
3,5644E-5
4,9916E-5
5,2168E-5
3,004E-5
2,321E-5
3,8763E-5
3,9816E-5
2,4047E-5
2,3547E-5
5,4555E-5
5,4934E-5
2,7665E-5
2,9241E-5
3,833E-5
4,1404E-5
2,953E-5
3,4529E-5
2,9442E-5
2,5531E-5
3,8588E-5
3,7925E-5
2,3298E-5
2,3769E-5
2,8962E-5
2,2505E-5
2,2738E-5
2,5972E-5
2,9063E-5
2,9551E-5
2,8877E-5
3,0146E-5
3,7679E-5
3,9244E-5
3,885E-5
3,8321E-5
3,9563E-5
2,8537E-5
4,4783E-5
2,3511E-5
2,9768E-5
4,332E-5
4,2095E-5
4,3715E-5
2,9536E-5
3,0001E-5
4,3754E-5
2,4728E-5
2,3057E-5
3,1865E-5
2,9974E-5
4,4999E-5
4,4092E-5
4,2837E-5
4,31E-5
4,3967E-5
4,4252E-5
7,9326E-5
2,975E-5
2,9756E-5
2,3708E-5
2,5278E-5
3,8922E-5
4,3348E-5
3,0546E-5
4,2926E-5
4,9502E-5
3,1477E-5
3,8335E-5
2,4133E-5
4,3896E-5
3,9121E-5
3,8358E-5
3,8374E-5
2,3853E-5
2,2914E-5
4,2246E-5
2,6297E-5
3,8363E-5
2,3069E-5
2,916E-5
2,3145E-5
2,4795E-5
2,2215E-5
2,9643E-5
2,9772E-5
2,9913E-5
3,2639E-5
3,8862E-5
3,9948E-5
3,9897E-5
3,8096E-5
2,3467E-5
2,3338E-5
4,3711E-5
2,4039E-5
2,4276E-5
4,4458E-5
4,4828E-5
2,2757E-5
2,242E-5
4,3834E-5
4,3171E-5
4,2755E-5
2,3327E-5
3,8409E-5
3,9084E-5
4,3644E-5
4,4015E-5
4,4504E-5
4,7321E-5
2,2921E-5
2,2868E-5
2,2951E-5
4,2141E-5
4,4063E-5
6,7284E-5
4,3169E-5
7,0181E-5
6,8656E-5
7,1388E-5
5,0891E-5
4,8642E-5
4,957E-5
5,0804E-5
5,0768E-5
7,0423E-5
6,8677E-5
5,0696E-5
4,8905E-5
4,979E-5
4,8438E-5
3,9817E-5
3,8486E-5
4,3959E-5
4,4465E-5
4,3199E-5
4,386E-5
4,7329E-5
3,9128E-5
2,3387E-5
2,2214E-5
4,3544E-5
2,3941E-5
4,0035E-5
3,8126E-5
3,8939E-5
4,4221E-5
2,3228E-5
3,7805E-5
3,0542E-5
3,0587E-5
3,0477E-5
3,0156E-5
2,9105E-5
4,3758E-5
2,2958E-5
2,3233E-5
2,2436E-5
4,0223E-5
3,316E-5
2,2873E-5
3,8689E-5
2,9672E-5
3,0132E-5
2,973E-5
2,9003E-5
4,5533E-5
4,8785E-5
4,8679E-5
4,2367E-5
2,5249E-5
2,2962E-5
2,2674E-5
2,3006E-5
3,8691E-5
3,2113E-5
4,2946E-5
4,2396E-5
4,3508E-5
4,2974E-5
2,9343E-5
3,0223E-5
3,8121E-5
2,7593E-5
4,4297E-5
4,2792E-5
2,8835E-5
2,9196E-5
2,9952E-5
3,0683E-5
3,7828E-5
3,7437E-5
3,863E-5
3,9956E-5
4,3007E-5
2,352E-5
4,0676E-5
2,9177E-5
2,2586E-5
4,3557E-5
4,3186E-5
4,8958E-5
4,6876E-5
2,2736E-5
2,9507E-5
2,9815E-5
3,8728E-5
3,7647E-5
2,3002E-5
2,3151E-5
4,6319E-5
7,7256E-5
4,3418E-5
4,49E-5
4,2965E-5
2,9846E-5
2,2882E-5
2,2237E-5
4,3426E-5
3,1342E-5
2,982E-5
3,7963E-5
3,9004E-5
3,9281E-5
3,7972E-5
3,8988E-5
2,3541E-5
2,3501E-5
2,2079E-5
4,2975E-5
4,3323E-5
2,2415E-5
2,9979E-5
2,9619E-5
4,4016E-5
4,3599E-5
2,9674E-5
2,9022E-5
4,2497E-5
4,3279E-5
2,2955E-5
2,2364E-5
2,3571E-5
2,9572E-5
2,4354E-5
4,3625E-5
3,0486E-5
3,8969E-5
4,3199E-5
3,9524E-5
2,351E-5
3,0067E-5
3,0737E-5
4,2101E-5
4,4074E-5
4,2713E-5
2,2404E-5
2,9665E-5
4,2948E-5
4,4162E-5
4,7435E-5
4,2566E-5
2,35E-5
3,725E-5
3,8981E-5
2,2131E-5
4,3849E-5
4,3369E-5
4,3827E-5
4,3601E-5
2,2961E-5
2,4487E-5
4,3826E-5
2,3001E-5
4,0015E-5
3,8343E-5
3,1452E-5
4,296E-5
4,2402E-5
4,3471E-5
3,0084E-5
2,9136E-5
2,9329E-5
2,9489E-5
2,9492E-5
2,3145E-5
2,9429E-5
3,762E-5
2,3422E-5
2,4093E-5
2,2839E-5
3,7231E-5
3,9089E-5
4,339E-5
4,4462E-5
2,9002E-5
2,8556E-5
2,9591E-5
2,3982E-5
2,4257E-5
4,3542E-5
7,6512E-5
5,104E-5
3,7676E-5
5,786E-5
4,9354E-5
6,7431E-5
7,0776E-5
6,9791E-5
6,7907E-5
4,3436E-5
7,8581E-5
7,8419E-5
3,8817E-5
4,1354E-5
8,0552E-5
8,0735E-5
7,4401E-5
5,1519E-5
5,188E-5
5,1623E-5
5,0142E-5
4,5952E-5
4,4109E-5
4,3297E-5
3,9241E-5
3,8352E-5
3,9568E-5
4,2251E-5
4,4919E-5
4,4558E-5
3,0229E-5
3,8513E-5
3,8135E-5
4,2951E-5
2,3435E-5
2,2743E-5
4,8941E-5
2,3149E-5
2,2281E-5
3,5919E-5
2,392E-5
3,0102E-5
2,9973E-5
3,0094E-5
3,9116E-5
4,3192E-5
3,8559E-5
3,874E-5
2,2901E-5
2,3776E-5
2,9124E-5
2,9039E-5
2,9616E-5
4,2506E-5
2,9634E-5
2,9204E-5
2,2525E-5
3,2717E-5
3,0459E-5
2,948E-5
3,4616E-5
3,0746E-5
3,1625E-5
2,6533E-5
5,1965E-5
3,4287E-5
3,4412E-5
2,8496E-5
4,9346E-5
4,3348E-5
7,123E-5
2,2894E-5
4,3438E-5
3,9699E-5
2,3034E-5
3,1644E-5
4,0331E-5
4,2862E-5
3,4607E-5
5,9182E-5
2,3207E-5
2,3408E-5
3,8927E-5
3,7848E-5
3,9741E-5
2,3429E-5
2,4049E-5
4,4836E-5
3,034E-5
5,2554E-5
3,8908E-5
5,6704E-5
2,4519E-5
2,5758E-5
3,8994E-5
4,2413E-5
3,9248E-5
5,7865E-5
3,9383E-5
4,3409E-5
3,8018E-5
3,3906E-5
3,8503E-5
3,918E-5
2,4528E-5
2,7562E-5
4,9802E-5
4,0292E-5
3,0246E-5
2,91E-5
3,0016E-5
3,7574E-5
3,9542E-5
3,9398E-5
3,8288E-5
2,3911E-5
4,0208E-5
2,44E-5
3,2091E-5
3,0375E-5
6,6931E-5
5,8251E-5
3,7529E-5
3,0341E-5
6,9417E-5
6,9655E-5
5,2375E-5
4,3971E-5
6,5894E-5
2,3548E-5
2,2818E-5
2,5512E-5
3,8665E-5
3,983E-5
5,6146E-5
4,0867E-5
3,4221E-5
5,2011E-5
4,5187E-5
2,3934E-5
2,4715E-5
3,9094E-5
4,8786E-5
3,1093E-5
3,022E-5
4,753E-5
2,8587E-5
3,5044E-5
5,0665E-5
5,594E-5
4,6773E-5
5,6247E-5
4,5738E-5
5,7258E-5
4,3044E-5
4,2989E-5
4,4023E-5
4,363E-5
5,9773E-5
2,4226E-5
3,9559E-5
4,0001E-5
3,8155E-5
3,833E-5
3,897E-5
2,3493E-5
2,3274E-5
3,9107E-5
4,3772E-5
3,0612E-5
2,996E-5
2,7105E-5
2,3086E-5
4,7622E-5
4,5593E-5
4,3196E-5
4,6285E-5
4,6751E-5
4,3204E-5
4,8051E-5
5,5858E-5
5,6284E-5
4,7805E-5
2,3241E-5
2,2894E-5
2,3179E-5
2,3394E-5
3,7726E-5
2,354E-5
2,4375E-5
2,3749E-5
2,3397E-5
2,3345E-5
4,8874E-5
6,417E-5
4,7563E-5
3,0113E-5
4,1911E-5
4,4076E-5
3,8826E-5
3,8002E-5
6,3961E-5
3,8916E-5
3,8785E-5
3,8312E-5
3,9443E-5
2,2751E-5
3,8097E-5
3,8478E-5
3,9814E-5
2,4036E-5
4,8541E-5
6,8579E-5
2,3335E-5
4,4531E-5
2,8689E-5
5,5602E-5
3,8172E-5
3,9415E-5
3,9806E-5
3,9962E-5
4,7647E-5
6,3416E-5
6,1411E-5
4,3308E-5
2,4752E-5
2,4939E-5
2,3411E-5
5,6532E-5
3,0561E-5
2,3314E-5
2,3534E-5
2,3692E-5
2,281E-5
3,8087E-5
2,3733E-5
3,2973E-5
5,2732E-5
5,0002E-5
4,9173E-5
6,9866E-5
4,9828E-5
7,6459E-5
7,7775E-5
7,5146E-5
7,4119E-5
7,4386E-5
7,4584E-5
7,4756E-5
7,7164E-5
7,9638E-5
4,0609E-5
4,0401E-5
6,7293E-5
4,0312E-5
7,3435E-5
7,4097E-5
7,5496E-5
7,8855E-5
7,779E-5
7,5757E-5
4,6047E-5
7,7079E-5
2,3614E-5
3,8377E-5
3,7724E-5
2,1951E-5
4,3786E-5
4,2113E-5
4,4769E-5
2,3712E-5
3,0143E-5
2,361E-5
3,9771E-5
4,0832E-5
3,9535E-5
2,3649E-5
2,2957E-5
5,2507E-5
4,4482E-5
3,0257E-5
2,9758E-5
3,9018E-5
4,3664E-5
2,4217E-5
3,8613E-5
3,9431E-5
3,8169E-5
3,9383E-5
2,3086E-5
2,934E-5
3,8135E-5
3,9621E-5
3,8555E-5
2,3453E-5
2,3125E-5
2,9335E-5
3,7904E-5
3,9087E-5
2,2984E-5
4,2999E-5
4,3431E-5
4,3833E-5
2,3153E-5
2,2871E-5
5,6647E-5
2,3948E-5
3,7929E-5
2,9985E-5
3,6552E-5
2,9418E-5
2,9812E-5
2,3212E-5
3,9448E-5
3,8641E-5
3,8349E-5
4,2421E-5
3,6704E-5
4,1657E-5
2,3101E-5
4,3541E-5
3,1876E-5
2,8818E-5
2,8775E-5
3,3485E-5
2,9525E-5
2,8346E-5
3,7989E-5
4,1017E-5
4,3397E-5
4,2402E-5
4,3022E-5
4,796E-5
4,7056E-5
4,5794E-5
4,2582E-5
4,576E-5
2,273E-5
2,2492E-5
3,7882E-5
2,3326E-5
4,3435E-5
4,1999E-5
4,3092E-5
2,9185E-5
2,9387E-5
2,8469E-5
2,9105E-5
2,9468E-5
2,9062E-5
5,8939E-5
3,4452E-5
2,8616E-5
2,3301E-5
4,2929E-5
4,7346E-5
4,3429E-5
3,0304E-5
3,1088E-5
3,7894E-5
2,3429E-5
3,8821E-5
4,3541E-5
4,3894E-5
2,3857E-5
3,7511E-5
3,7412E-5
3,79E-5
3,9446E-5
3,7939E-5
2,699E-5
2,2423E-5
2,2422E-5
5,8595E-5
2,9459E-5
2,9469E-5
3,0088E-5
2,9273E-5
4,2241E-5
3,7231E-5
2,281E-5
2,5885E-5
2,967E-5
4,2939E-5
2,4112E-5
2,3427E-5
4,4008E-5
4,3821E-5
4,4119E-5
4,418E-5
4,3325E-5
2,3351E-5
3,1646E-5
2,96E-5
3,0837E-5
3,8222E-5
4,8473E-5
3,7423E-5
3,8142E-5
3,8462E-5
3,919E-5
4,4804E-5
3,8759E-5
4,3802E-5
2,3024E-5
4,4488E-5
3,8644E-5
3,915E-5
2,3482E-5
4,4236E-5
2,9522E-5
3,0092E-5
2,9186E-5
4,323E-5
4,3983E-5
4,4629E-5
3,0712E-5
2,9096E-5
4,4558E-5
3,7716E-5
3,8096E-5
2,9991E-5
2,9508E-5
2,9472E-5
3,2109E-5
2,2619E-5
4,1058E-5
2,3446E-5
4,328E-5
4,4193E-5
3,82E-5
3,9309E-5
3,8028E-5
3,0269E-5
3,0209E-5
3,4066E-5
3,1506E-5
3,7631E-5
3,7593E-5
2,2703E-5
2,2595E-5
4,1525E-5
3,0412E-5
3,0072E-5
2,3358E-5
3,8044E-5
4,4909E-5
2,2361E-5
2,2902E-5
2,6912E-5
2,9969E-5
2,9169E-5
2,9095E-5
2,2761E-5
2,9386E-5
4,003E-5
2,9501E-5
3,0029E-5
2,9098E-5
2,9517E-5
2,3511E-5
2,279E-5
2,2688E-5
2,3258E-5
3,9248E-5
4,4204E-5
2,4409E-5
2,3086E-5
2,2966E-5
3,8682E-5
3,7992E-5
4,9586E-5
2,9345E-5
4,2984E-5
3,8259E-5
3,9425E-5
3,7327E-5
2,9594E-5
2,9748E-5
2,9023E-5
2,8703E-5
2,942E-5
4,2993E-5
4,5427E-5
4,458E-5
4,3761E-5
4,2751E-5
4,2851E-5
4,358E-5
2,9743E-5
2,9994E-5
2,2382E-5
2,2769E-5
3,6877E-5
4,461E-5
3,8153E-5
3,8543E-5
3,9046E-5
4,3507E-5
4,3345E-5
3,8825E-5
3,6794E-5
3,813E-5
3,7447E-5
2,834E-5
4,3247E-5
4,3041E-5
2,669E-5
2,2282E-5
2,9934E-5
5,7442E-5
4,2812E-5
2,9192E-5
2,9992E-5
3,8649E-5
3,7854E-5
3,8361E-5
3,771E-5
5,087E-5
2,4585E-5
2,2881E-5
2,3157E-5
2,3127E-5
2,2998E-5
2,2632E-5
3,7721E-5
3,874E-5
2,2466E-5
2,6796E-5
3,8111E-5
3,9553E-5
3,9111E-5
3,7954E-5
3,9182E-5
4,1473E-5
2,3009E-5
2,3224E-5
3,017E-5
2,955E-5
2,3108E-5
2,3528E-5
4,3527E-5
4,432E-5
4,2551E-5
4,2073E-5
2,7731E-5
3,4336E-5
7,724E-5
2,3927E-5
2,9784E-5
4,9412E-5
3,0708E-5
2,3961E-5
2,3722E-5
2,7668E-5
2,8584E-5
2,4059E-5
3,4601E-5
3,5073E-5
3,4841E-5
7,6013E-5
2,2918E-5
2,4147E-5
5,2008E-5
3,8752E-5
3,3908E-5
3,6376E-5
2,3092E-5
2,8985E-5
2,8699E-5
2,4268E-5
2,4081E-5
2,4212E-5
2,3603E-5
2,2825E-5
2,3233E-5
3,8177E-5
3,8306E-5
3,959E-5
2,5372E-5
2,9936E-5
3,0886E-5
3,0519E-5
2,793E-5
2,999E-5
5,57E-5
5,0506E-5
3,0615E-5
3,0941E-5
2,7842E-5
5,6637E-5
4,3401E-5
6,1209E-5
2,7738E-5
2,6567E-5
2,3421E-5
2,3993E-5
2,8076E-5
2,8218E-5
2,9291E-5
2,7765E-5
2,3303E-5
2,374E-5
2,3402E-5
2,3168E-5
4,524E-5
2,3975E-5
2,9044E-5
2,7734E-5
2,7476E-5
3,8816E-5
3,8186E-5
3,8069E-5
4,083E-5
3,7899E-5
3,0642E-5
3,9316E-5
3,436E-5
2,4122E-5
2,3281E-5
4,8034E-5
3,7753E-5
3,9665E-5
2,3321E-5
2,2718E-5
4,0477E-5
4,0499E-5
2,3786E-5
5,7648E-5
7,4225E-5
2,9871E-5
3,0028E-5
3,4353E-5
5,0016E-5
4,9965E-5
4,9278E-5
5,5731E-5
5,3981E-5
6,5176E-5
4,3859E-5
3,8428E-5
3,9685E-5
7,3827E-5
4,4065E-5
3,8952E-5
3,1161E-5
3,1137E-5
6,0545E-5
5,9142E-5
6,783E-5
2,9225E-5
3,4492E-5
3,4254E-5
5,3895E-5
6,1257E-5
2,3324E-5
2,393E-5
2,8112E-5
2,3734E-5
2,8999E-5
3,8046E-5
3,4575E-5
3,0951E-5
2,4039E-5
2,4489E-5
3,4942E-5
3,4671E-5
3,5246E-5
3,5069E-5
6,5709E-5
3,7698E-5
4,8087E-5
6,683E-5
6,3711E-5
4,7793E-5
2,3676E-5
2,3745E-5
4,3079E-5
4,259E-5
4,2541E-5
2,2882E-5
2,2748E-5
2,2605E-5
2,2374E-5
2,3012E-5
2,9383E-5
2,9318E-5
4,3717E-5
4,3331E-5
2,3085E-5
2,3637E-5
4,3069E-5
4,3315E-5
2,3553E-5
2,33E-5
2,2631E-5
4,5779E-5
2,8751E-5
3,0298E-5
3,0454E-5
4,4502E-5
4,3329E-5
2,3448E-5
2,3285E-5
2,9827E-5
2,9753E-5
3,9207E-5
4,3439E-5
4,9217E-5
4,355E-5
2,9896E-5
2,9186E-5
3,2215E-5
2,4122E-5
2,7617E-5
3,7142E-5
3,8448E-5
3,8074E-5
3,7676E-5
3,7505E-5
2,3083E-5
4,264E-5
4,4044E-5
4,149E-5
4,0209E-5
2,384E-5
2,2802E-5
2,9378E-5
3,0308E-5
2,9575E-5
5,929E-5
3,8318E-5
3,7588E-5
2,8868E-5
2,9161E-5
2,9468E-5
2,9105E-5
3,05E-5
2,935E-5
4,6801E-5
4,2606E-5
4,7403E-5
4,8663E-5
2,9539E-5
2,8848E-5
4,2992E-5
2,3323E-5
3,7654E-5
3,8769E-5
3,9257E-5
4,1599E-5
3,7817E-5
4,6704E-5
3,8156E-5
2,9014E-5
3,8432E-5
3,8185E-5
3,8551E-5
3,7847E-5
3,9185E-5
2,3642E-5
2,3055E-5
2,2716E-5
2,3601E-5
3,8015E-5
3,8651E-5
3,7426E-5
5,6995E-5
2,2735E-5
3,8079E-5
3,8478E-5
4,2619E-5
2,2196E-5
4,1461E-5
3,8353E-5
4,0069E-5
2,9121E-5
2,9903E-5
2,9931E-5
3,0691E-5
3,8879E-5
3,8393E-5
3,5186E-5
4,3038E-5
2,2623E-5
4,7252E-5
4,4678E-5
4,3632E-5
4,0319E-5
2,2958E-5
2,3366E-5
4,3017E-5
2,9841E-5
2,9811E-5
2,9283E-5
3,9173E-5
2,3498E-5
2,3537E-5
2,2797E-5
3,8712E-5
3,8051E-5
4,2646E-5
4,3881E-5
4,4264E-5
4,3058E-5
4,379E-5
3,1046E-5
2,3037E-5
2,3521E-5
2,2446E-5
3,7878E-5
3,3446E-5
2,9388E-5
4,3756E-5
2,9743E-5
3,8545E-5
4,2896E-5
3,8831E-5
2,9994E-5
3,8249E-5
4,1433E-5
2,306E-5
4,3234E-5
4,2522E-5
4,2108E-5
2,3472E-5
4,235E-5
4,4002E-5
4,332E-5
4,4074E-5
4,3581E-5
4,3531E-5
4,2787E-5
4,5084E-5
4,3078E-5
4,5809E-5
4,3502E-5
3,0161E-5
2,9155E-5
4,4189E-5
2,9371E-5
3,848E-5
4,0952E-5
3,904E-5
3,7583E-5
4,2182E-5
4,2796E-5
3,1223E-5
3,9324E-5
4,4364E-5
3,0607E-5
3,8593E-5
4,3946E-5
3,5174E-5
2,8388E-5
4,2571E-5
3,8073E-5
4,377E-5
2,9479E-5
3,8244E-5
6,8682E-5
3,8524E-5
3,195E-5
3,8516E-5
2,9914E-5
2,9269E-5
3,8357E-5
4,3855E-5
3,8321E-5
3,3425E-5
4,4199E-5
4,0231E-5
4,3329E-5
2,9414E-5
5,1064E-5
2,8967E-5
3,8406E-5
4,4007E-5
3,2369E-5
3,7958E-5
6,6774E-5
4,2278E-5
3,0048E-5
4,2153E-5
4,9693E-5
2,986E-5
4,2322E-5
3,8103E-5
2,9931E-5
5,4233E-5
4,3496E-5
4,383E-5
3,8236E-5
4,3579E-5
4,3375E-5
4,3606E-5
4,2679E-5
4,4127E-5
4,2553E-5
4,3342E-5
4,8959E-5
4,3395E-5
4,9756E-5
4,9078E-5
4,2806E-5
4,321E-5
4,3734E-5
4,4004E-5
4,3846E-5
4,33E-5
4,3184E-5
4,3405E-5
4,4143E-5
4,3862E-5
4,3869E-5
5,0372E-5
4,3161E-5
4,2608E-5
4,2332E-5
