3,2112E-5
3,1541E-5
4,4673E-5
3,216E-5
4,2883E-5
2,4327E-5
2,3771E-5
4,4866E-5
4,5556E-5
2,3556E-5
4,3326E-5
4,1204E-5
2,8797E-5
2,9276E-5
3,9049E-5
4,3657E-5
2,358E-5
4,425E-5
3,977E-5
3,0823E-5
4,3133E-5
3,7767E-5
2,3758E-5
3,3223E-5
2,3989E-5
3,9422E-5
4,1015E-5
3,7759E-5
3,9565E-5
3,8701E-5
3,7764E-5
3,9409E-5
2,3886E-5
2,3951E-5
2,4006E-5
2,3893E-5
2,9943E-5
3,9504E-5
4,2678E-5
2,2162E-5
3,4449E-5
2,8623E-5
4,4606E-5
4,3184E-5
4,3117E-5
4,3607E-5
3,0124E-5
4,9955E-5
4,4108E-5
4,3988E-5
3,1403E-5
2,3417E-5
4,0247E-5
3,3977E-5
3,0756E-5
3,8495E-5
3,8485E-5
3,7993E-5
2,9148E-5
3,0912E-5
4,4391E-5
2,3911E-5
2,6829E-5
4,333E-5
4,5306E-5
2,3668E-5
2,4009E-5
3,9012E-5
3,8172E-5
3,7667E-5
3,8953E-5
2,2867E-5
3,9781E-5
3,8456E-5
3,7636E-5
2,3111E-5
4,2809E-5
4,6795E-5
4,365E-5
3,0636E-5
3,1778E-5
3,9972E-5
4,0064E-5
3,7986E-5
4,0494E-5
2,2599E-5
2,2588E-5
4,4951E-5
4,2789E-5
3,882E-5
3,9305E-5
3,8926E-5
3,8097E-5
3,8223E-5
3,8105E-5
2,3958E-5
2,2712E-5
2,216E-5
2,4322E-5
2,2572E-5
3,8222E-5
3,9236E-5
2,3982E-5
2,3206E-5
2,2353E-5
2,2558E-5
2,7381E-5
4,3298E-5
4,3904E-5
4,3753E-5
4,3062E-5
4,4207E-5
4,2887E-5
3,7347E-5
3,0282E-5
3,813E-5
3,811E-5
2,2572E-5
2,2693E-5
2,2839E-5
5,1713E-5
4,4685E-5
3,8597E-5
4,0152E-5
4,0006E-5
3,811E-5
3,8537E-5
3,802E-5
2,3338E-5
4,3772E-5
4,3785E-5
4,3422E-5
2,8948E-5
2,9492E-5
3,9617E-5
4,3067E-5
4,2555E-5
2,3139E-5
4,2457E-5
3,7837E-5
3,832E-5
3,9205E-5
4,1079E-5
3,7828E-5
2,9412E-5
2,2529E-5
2,942E-5
3,112E-5
3,0003E-5
3,9032E-5
4,0146E-5
4,0227E-5
4,2759E-5
3,8508E-5
3,8041E-5
3,8948E-5
3,9443E-5
3,8114E-5
2,2941E-5
2,2573E-5
2,3955E-5
3,0962E-5
3,9518E-5
2,4479E-5
3,8965E-5
3,8928E-5
3,7172E-5
3,8415E-5
3,9788E-5
3,8649E-5
3,8866E-5
4,3594E-5
4,2858E-5
3,9965E-5
3,9073E-5
2,7478E-5
4,3219E-5
3,0815E-5
3,0291E-5
3,1328E-5
3,2782E-5
4,7365E-5
4,4323E-5
2,2923E-5
2,7564E-5
4,8181E-5
2,5056E-5
2,3179E-5
2,4331E-5
2,3612E-5
2,3106E-5
2,3359E-5
2,2308E-5
3,1084E-5
3,1435E-5
2,2435E-5
2,2021E-5
3,7892E-5
4,0702E-5
3,899E-5
4,3351E-5
4,398E-5
4,3445E-5
3,7525E-5
3,8305E-5
3,8287E-5
2,9601E-5
3,0037E-5
3,0484E-5
3,3437E-5
3,1829E-5
5,1015E-5
4,3467E-5
4,2727E-5
4,4282E-5
4,3961E-5
2,3604E-5
2,3071E-5
4,355E-5
4,4553E-5
3,9666E-5
3,8931E-5
3,9571E-5
2,3407E-5
3,8959E-5
3,8437E-5
3,8197E-5
3,7487E-5
3,8771E-5
2,9593E-5
2,9627E-5
3,3793E-5
3,7396E-5
2,4755E-5
2,2959E-5
4,4001E-5
3,0816E-5
4,3654E-5
4,3405E-5
4,3753E-5
3,0405E-5
3,0706E-5
2,2967E-5
2,6927E-5
4,9303E-5
4,3996E-5
4,3819E-5
2,296E-5
2,2845E-5
2,2185E-5
2,2342E-5
2,938E-5
2,9004E-5
2,8956E-5
2,975E-5
2,2472E-5
2,3451E-5
2,3634E-5
2,3534E-5
2,9735E-5
2,2822E-5
3,6859E-5
3,4825E-5
2,9398E-5
3,3536E-5
2,9066E-5
2,3026E-5
2,2184E-5
4,383E-5
4,3701E-5
2,973E-5
3,0016E-5
3,3522E-5
4,4013E-5
2,6188E-5
4,0256E-5
4,0771E-5
4,1943E-5
2,2911E-5
4,5474E-5
3,9416E-5
3,9455E-5
4,3083E-5
4,0062E-5
2,4305E-5
4,7956E-5
2,4201E-5
3,9438E-5
3,9678E-5
4,1209E-5
3,9017E-5
3,8405E-5
3,8653E-5
4,7798E-5
4,4711E-5
4,8013E-5
4,2343E-5
7,6642E-5
6,7483E-5
3,9376E-5
5,298E-5
5,3222E-5
4,1691E-5
4,0464E-5
5,0965E-5
6,5758E-5
6,6016E-5
4,8301E-5
4,2889E-5
5,0934E-5
5,6551E-5
3,9186E-5
7,4933E-5
4,97E-5
5,6764E-5
2,3051E-5
4,1142E-5
2,3623E-5
3,8762E-5
3,3958E-5
4,9363E-5
5,1825E-5
4,7631E-5
5,6888E-5
5,5851E-5
7,4026E-5
6,9979E-5
3,1381E-5
3,463E-5
2,9193E-5
3,3828E-5
5,5792E-5
4,4625E-5
5,2621E-5
3,7649E-5
3,2079E-5
2,8958E-5
2,3306E-5
3,8693E-5
4,0593E-5
2,3994E-5
2,341E-5
2,9024E-5
5,6188E-5
3,8068E-5
3,7916E-5
3,9278E-5
4,6261E-5
4,4857E-5
3,9252E-5
3,9103E-5
2,4691E-5
2,6996E-5
4,0758E-5
2,8095E-5
5,2348E-5
8,1643E-5
2,9377E-5
4,4555E-5
2,2976E-5
3,8073E-5
3,8704E-5
3,8255E-5
2,5198E-5
2,366E-5
2,343E-5
2,4789E-5
2,3487E-5
2,4006E-5
3,0589E-5
3,0712E-5
2,4054E-5
5,6144E-5
3,2552E-5
2,9831E-5
2,3477E-5
2,4135E-5
3,8145E-5
3,0607E-5
3,0993E-5
5,2479E-5
4,8909E-5
4,8759E-5
4,9094E-5
6,6345E-5
2,4859E-5
3,0688E-5
3,8934E-5
4,392E-5
3,906E-5
4,0106E-5
4,3799E-5
2,3665E-5
4,3584E-5
3,1051E-5
2,8343E-5
3,3699E-5
2,3727E-5
2,4015E-5
3,9305E-5
2,2594E-5
2,3051E-5
2,9802E-5
4,2806E-5
2,9494E-5
3,79E-5
3,8085E-5
3,7984E-5
4,1321E-5
3,9097E-5
3,9729E-5
3,993E-5
3,0066E-5
2,416E-5
2,3418E-5
2,456E-5
3,0022E-5
3,097E-5
2,3351E-5
2,2957E-5
2,5642E-5
5,1794E-5
4,7706E-5
4,3887E-5
2,5679E-5
3,5072E-5
3,8966E-5
3,9501E-5
3,7876E-5
3,8745E-5
2,3426E-5
5,9251E-5
3,812E-5
3,8102E-5
2,905E-5
2,3225E-5
2,2815E-5
5,0158E-5
2,3715E-5
2,6032E-5
5,5107E-5
4,943E-5
2,274E-5
2,3295E-5
4,3354E-5
4,9754E-5
7,8696E-5
7,7488E-5
8,2152E-5
5,2673E-5
6,5639E-5
3,793E-5
7,4609E-5
8,6706E-5
7,8124E-5
7,7284E-5
3,9864E-5
6,4417E-5
5,162E-5
6,9579E-5
6,6902E-5
6,7061E-5
4,3319E-5
3,9758E-5
2,3368E-5
2,3117E-5
2,9131E-5
3,1164E-5
2,2772E-5
2,6758E-5
4,4189E-5
2,6126E-5
3,8746E-5
3,8506E-5
2,4116E-5
2,2191E-5
3,0535E-5
2,8721E-5
5,3002E-5
2,312E-5
2,2763E-5
4,3381E-5
3,692E-5
2,3046E-5
2,2905E-5
4,3198E-5
4,3034E-5
4,383E-5
4,4095E-5
4,2492E-5
4,4901E-5
4,3819E-5
4,2593E-5
3,8797E-5
4,2619E-5
3,8761E-5
3,8281E-5
3,9462E-5
3,9669E-5
3,7572E-5
3,8733E-5
3,9515E-5
4,667E-5
4,6359E-5
2,634E-5
2,2995E-5
2,3927E-5
3,8509E-5
4,7579E-5
2,3145E-5
2,334E-5
4,365E-5
5,2718E-5
4,6303E-5
4,4555E-5
2,3234E-5
2,9441E-5
3,0569E-5
3,9409E-5
3,7956E-5
3,9196E-5
3,8143E-5
3,9094E-5
3,044E-5
3,8039E-5
3,9371E-5
2,4722E-5
3,8302E-5
3,0515E-5
4,3161E-5
2,402E-5
2,3657E-5
2,2799E-5
2,252E-5
3,8924E-5
4,2987E-5
3,7524E-5
7,1783E-5
3,8813E-5
4,1542E-5
3,8403E-5
2,3828E-5
4,3965E-5
2,3985E-5
2,2466E-5
4,3268E-5
4,2262E-5
4,4607E-5
4,3704E-5
4,2783E-5
4,3519E-5
3,4128E-5
4,372E-5
4,7892E-5
2,3674E-5
2,9704E-5
2,9929E-5
2,932E-5
4,393E-5
2,4921E-5
2,773E-5
2,303E-5
2,2775E-5
2,2386E-5
4,3219E-5
4,3919E-5
2,2845E-5
2,9618E-5
4,2982E-5
4,3994E-5
4,2795E-5
4,4306E-5
4,3008E-5
2,3144E-5
2,2935E-5
4,3915E-5
4,4625E-5
2,4441E-5
2,3511E-5
2,2896E-5
3,8423E-5
2,2803E-5
2,3266E-5
3,8681E-5
2,4723E-5
4,3266E-5
4,2707E-5
4,3746E-5
2,3112E-5
3,8067E-5
3,9496E-5
3,1058E-5
3,0574E-5
2,3044E-5
4,1093E-5
3,7911E-5
2,2383E-5
4,3902E-5
4,544E-5
4,2874E-5
2,9488E-5
3,018E-5
3,0161E-5
2,962E-5
2,9451E-5
3,1607E-5
2,9956E-5
4,3452E-5
2,9295E-5
2,9774E-5
2,9458E-5
3,6576E-5
3,8788E-5
3,8626E-5
3,8075E-5
2,4641E-5
2,756E-5
3,7443E-5
4,3053E-5
3,831E-5
6,2899E-5
5,4649E-5
6,8125E-5
7,0603E-5
7,2821E-5
7,1909E-5
4,8737E-5
5,1692E-5
4,7026E-5
5,2268E-5
5,6068E-5
4,8341E-5
5,4795E-5
4,9297E-5
5,3409E-5
7,9877E-5
7,7104E-5
4,1587E-5
7,1856E-5
3,8926E-5
3,9241E-5
7,1837E-5
7,6812E-5
6,7293E-5
7,088E-5
8,5109E-5
6,7621E-5
5,035E-5
4,7907E-5
3,01E-5
2,9174E-5
2,9339E-5
4,3526E-5
4,6857E-5
2,3437E-5
2,285E-5
3,8369E-5
5,6598E-5
3,8186E-5
4,3506E-5
2,3487E-5
2,2742E-5
4,4401E-5
4,3078E-5
2,3206E-5
2,9764E-5
2,9113E-5
2,9018E-5
4,4337E-5
4,294E-5
4,3958E-5
4,3863E-5
4,3617E-5
3,3503E-5
3,279E-5
2,2618E-5
2,9757E-5
2,9237E-5
2,94E-5
3,0409E-5
4,391E-5
4,3793E-5
2,3E-5
2,3357E-5
3,9789E-5
3,8927E-5
2,2186E-5
5,2601E-5
2,4878E-5
2,3547E-5
2,2886E-5
2,9135E-5
2,9966E-5
2,9126E-5
4,2781E-5
4,43E-5
3,0433E-5
2,3553E-5
3,8809E-5
4,348E-5
2,2855E-5
3,1599E-5
3,9042E-5
4,7849E-5
4,5307E-5
3,0092E-5
3,8497E-5
3,8193E-5
3,8226E-5
2,3515E-5
2,3048E-5
3,7998E-5
3,8184E-5
3,8566E-5
3,824E-5
3,8042E-5
3,8083E-5
3,8963E-5
2,4044E-5
2,32E-5
4,3745E-5
4,3439E-5
2,3601E-5
3,8832E-5
2,2846E-5
3,8446E-5
4,4535E-5
3,866E-5
2,6969E-5
2,3368E-5
2,3123E-5
2,9068E-5
2,9902E-5
3,0268E-5
2,9726E-5
2,8781E-5
3,8568E-5
2,2884E-5
2,2381E-5
3,0025E-5
3,2131E-5
2,9271E-5
2,9317E-5
2,9054E-5
3,9241E-5
3,8925E-5
3,7815E-5
2,3808E-5
2,3169E-5
2,3195E-5
2,3509E-5
3,8417E-5
2,3906E-5
3,9144E-5
2,3662E-5
2,8237E-5
4,3803E-5
2,4259E-5
7,908E-5
0,001628836
3,0169E-5
3,105E-5
3,1875E-5
3,0301E-5
4,3979E-5
3,8991E-5
3,8933E-5
4,465E-5
3,7734E-5
4,2748E-5
3,0152E-5
2,9599E-5
2,2833E-5
2,3593E-5
2,3313E-5
3,8048E-5
2,3383E-5
3,8843E-5
4,367E-5
3,7744E-5
3,8374E-5
3,9166E-5
2,3351E-5
3,8838E-5
3,7961E-5
5,255E-5
2,3322E-5
2,2755E-5
2,9266E-5
3,0515E-5
4,2332E-5
4,2325E-5
2,878E-5
2,9242E-5
4,4345E-5
4,488E-5
4,4529E-5
4,3312E-5
4,3737E-5
4,3883E-5
4,3119E-5
5,4143E-5
4,2342E-5
4,3636E-5
4,3998E-5
4,3073E-5
3,7621E-5
3,8407E-5
3,8545E-5
3,7901E-5
3,7823E-5
4,1408E-5
2,9591E-5
3,868E-5
3,8726E-5
3,8579E-5
4,1195E-5
3,8717E-5
5,3848E-5
2,3334E-5
3,0132E-5
2,9329E-5
3,0447E-5
3,0186E-5
2,9324E-5
2,4095E-5
3,9327E-5
3,8587E-5
4,0152E-5
3,8176E-5
3,8403E-5
3,915E-5
3,7983E-5
2,2924E-5
2,3009E-5
2,9396E-5
4,2777E-5
4,2031E-5
4,3443E-5
4,2591E-5
4,3579E-5
4,2552E-5
2,4038E-5
2,3298E-5
2,99E-5
2,9327E-5
4,332E-5
3,6716E-5
2,2743E-5
4,3623E-5
4,2695E-5
4,2281E-5
2,3425E-5
2,6085E-5
3,8323E-5
4,3264E-5
2,3125E-5
2,2647E-5
2,3569E-5
2,9466E-5
3,9007E-5
3,805E-5
3,9302E-5
3,8556E-5
4,3778E-5
2,9975E-5
3,1537E-5
3,003E-5
3,0008E-5
2,4201E-5
4,4628E-5
4,2317E-5
3,6696E-5
7,3115E-5
3,9077E-5
6,7653E-5
5,272E-5
7,3018E-5
7,639E-5
7,5634E-5
4,1235E-5
4,7683E-5
6,6984E-5
5,4243E-5
4,9045E-5
5,094E-5
4,8684E-5
7,379E-5
4,294E-5
3,9105E-5
4,0961E-5
4,9159E-5
5,6325E-5
4,8961E-5
5,9775E-5
4,163E-5
3,9596E-5
5,7227E-5
3,7882E-5
9,3625E-5
4,3833E-5
7,5683E-5
3,881E-5
3,9523E-5
4,0745E-5
2,3177E-5
4,8356E-5
2,5205E-5
3,0817E-5
3,0388E-5
2,9943E-5
3,0879E-5
2,9749E-5
2,3334E-5
2,3924E-5
2,2319E-5
3,009E-5
3,0188E-5
4,3813E-5
4,6561E-5
2,4484E-5
2,9284E-5
3,1574E-5
3,1073E-5
3,0019E-5
2,2307E-5
4,3218E-5
4,4016E-5
2,994E-5
2,3135E-5
3,9262E-5
2,3863E-5
4,3451E-5
4,2941E-5
2,9801E-5
3,745E-5
3,8198E-5
3,8277E-5
2,3305E-5
2,2054E-5
2,2527E-5
5,1941E-5
4,2289E-5
2,2578E-5
3,9057E-5
3,2548E-5
2,9159E-5
3,0116E-5
3,8644E-5
2,34E-5
2,3361E-5
2,4015E-5
3,835E-5
3,7924E-5
3,7762E-5
3,7654E-5
2,9127E-5
2,2727E-5
2,3007E-5
2,278E-5
2,9156E-5
3,8406E-5
3,7798E-5
2,9353E-5
2,967E-5
3,7611E-5
3,799E-5
4,5189E-5
4,2375E-5
4,2886E-5
4,3342E-5
4,1561E-5
4,3156E-5
4,2076E-5
2,3224E-5
3,7643E-5
3,8463E-5
3,7732E-5
4,2796E-5
4,7346E-5
4,2669E-5
2,2963E-5
2,9963E-5
4,2274E-5
4,4676E-5
4,4601E-5
4,3576E-5
4,6149E-5
4,3446E-5
2,6676E-5
3,0834E-5
2,8527E-5
3,2108E-5
3,8452E-5
4,3277E-5
2,3607E-5
2,6164E-5
2,9003E-5
4,271E-5
3,0678E-5
4,6754E-5
4,2896E-5
4,2263E-5
4,2902E-5
2,1884E-5
2,9032E-5
4,2398E-5
2,3269E-5
2,358E-5
2,2895E-5
2,304E-5
4,4154E-5
2,9664E-5
2,9183E-5
3,0838E-5
3,8833E-5
2,2785E-5
4,2336E-5
4,2828E-5
2,3678E-5
3,8364E-5
4,3295E-5
4,3858E-5
4,2644E-5
2,3823E-5
2,2896E-5
2,3013E-5
4,3957E-5
4,5478E-5
4,4578E-5
4,406E-5
2,3077E-5
2,7644E-5
2,29E-5
2,2774E-5
2,3426E-5
3,9178E-5
4,4235E-5
2,9752E-5
3,0267E-5
4,6699E-5
4,4938E-5
4,3657E-5
2,3623E-5
3,7965E-5
3,9479E-5
3,8796E-5
4,1787E-5
3,8691E-5
3,8761E-5
3,7993E-5
3,8936E-5
3,7591E-5
5,1259E-5
3,925E-5
4,4497E-5
2,9116E-5
2,6175E-5
2,9369E-5
2,9612E-5
3,9276E-5
3,0151E-5
4,4735E-5
4,2367E-5
2,8883E-5
3,9299E-5
2,3008E-5
4,3349E-5
4,3359E-5
4,0055E-5
2,9233E-5
2,9435E-5
2,9111E-5
4,5075E-5
4,2626E-5
4,3257E-5
4,2992E-5
4,3015E-5
4,2589E-5
4,3321E-5
4,364E-5
4,5949E-5
4,2874E-5
4,2717E-5
4,3332E-5
4,5073E-5
4,3626E-5
4,288E-5
4,2745E-5
2,2714E-5
3,0001E-5
2,9535E-5
3,0221E-5
3,3668E-5
2,9592E-5
2,9436E-5
4,3276E-5
2,2346E-5
4,2044E-5
4,3495E-5
4,3216E-5
4,405E-5
2,3655E-5
2,3086E-5
2,3073E-5
2,2634E-5
2,343E-5
3,0957E-5
3,0175E-5
3,8175E-5
2,9663E-5
2,8483E-5
2,9234E-5
3,7861E-5
2,2322E-5
2,344E-5
3,0378E-5
3,0413E-5
2,9608E-5
2,975E-5
2,9774E-5
3,0408E-5
4,3047E-5
2,2997E-5
3,8657E-5
2,4113E-5
3,9369E-5
3,8206E-5
4,3222E-5
2,2991E-5
4,3702E-5
2,2124E-5
3,0008E-5
2,906E-5
2,9077E-5
2,9142E-5
4,383E-5
2,2697E-5
2,2797E-5
2,2712E-5
3,8416E-5
4,3739E-5
4,3796E-5
4,4765E-5
2,3013E-5
2,3206E-5
2,3324E-5
2,2915E-5
2,3098E-5
2,3898E-5
4,4124E-5
4,4405E-5
4,3257E-5
4,3786E-5
3,0363E-5
4,3251E-5
3,8322E-5
2,299E-5
4,3557E-5
4,4116E-5
4,3589E-5
4,4056E-5
4,4088E-5
2,3078E-5
2,965E-5
4,3767E-5
4,5101E-5
4,4914E-5
4,3246E-5
3,1145E-5
3,0556E-5
2,8711E-5
2,3032E-5
2,2949E-5
2,238E-5
4,4201E-5
3,8778E-5
3,8832E-5
2,6617E-5
3,0044E-5
2,9432E-5
3,8535E-5
3,9104E-5
3,9512E-5
2,4718E-5
3,0275E-5
3,1522E-5
2,9281E-5
3,0426E-5
3,5413E-5
4,3525E-5
4,4326E-5
4,4453E-5
3,377E-5
3,8506E-5
3,8422E-5
3,8513E-5
3,7997E-5
4,2605E-5
3,8967E-5
4,3533E-5
3,7753E-5
2,3749E-5
2,3324E-5
2,3094E-5
3,0831E-5
3,8089E-5
3,839E-5
3,7632E-5
3,7741E-5
4,3395E-5
3,8126E-5
4,29E-5
2,9222E-5
3,4103E-5
2,3605E-5
2,7437E-5
2,5291E-5
2,9861E-5
2,2904E-5
4,4632E-5
5,2407E-5
3,8599E-5
4,2958E-5
2,3558E-5
2,3059E-5
3,9437E-5
4,2923E-5
3,8161E-5
2,997E-5
2,9435E-5
2,8577E-5
2,9702E-5
2,2468E-5
2,3081E-5
2,6591E-5
2,2881E-5
3,8973E-5
2,2928E-5
2,2898E-5
2,3798E-5
3,7405E-5
3,8617E-5
3,8122E-5
4,2584E-5
3,7271E-5
3,7969E-5
3,9236E-5
2,9648E-5
2,3199E-5
3,0667E-5
2,8893E-5
2,9119E-5
2,8839E-5
2,9168E-5
2,9524E-5
2,986E-5
3,0148E-5
3,1945E-5
2,9473E-5
2,2625E-5
2,265E-5
3,9913E-5
3,0012E-5
2,9159E-5
4,4188E-5
4,4681E-5
2,3201E-5
2,2774E-5
3,0712E-5
2,4024E-5
2,3797E-5
2,3428E-5
2,2981E-5
2,313E-5
2,347E-5
2,7595E-5
3,4508E-5
3,0397E-5
3,8341E-5
5,0573E-5
3,7708E-5
4,1036E-5
3,9172E-5
3,8254E-5
3,9159E-5
3,8285E-5
3,7396E-5
3,8329E-5
3,8803E-5
3,8578E-5
4,0473E-5
3,2471E-5
3,1596E-5
2,9894E-5
2,8789E-5
3,0594E-5
3,824E-5
4,4692E-5
4,2193E-5
2,9417E-5
3,0124E-5
2,8824E-5
3,2252E-5
2,9322E-5
2,4341E-5
3,8241E-5
3,8076E-5
2,3466E-5
2,3533E-5
2,2825E-5
4,2151E-5
4,3986E-5
2,247E-5
2,1824E-5
2,3377E-5
2,9692E-5
2,9115E-5
3,3192E-5
4,5813E-5
2,3539E-5
2,3799E-5
2,3338E-5
4,3823E-5
4,3779E-5
5,7534E-5
4,3629E-5
4,3974E-5
4,3303E-5
4,3582E-5
4,5964E-5
5,9127E-5
2,2547E-5
2,9982E-5
2,9352E-5
2,9342E-5
3,2692E-5
2,2213E-5
2,3623E-5
4,4582E-5
2,3094E-5
2,3361E-5
2,9399E-5
5,259E-5
4,2135E-5
4,3865E-5
6,7484E-5
4,8961E-5
3,9115E-5
4,9392E-5
4,3791E-5
4,3648E-5
3,7727E-5
2,9291E-5
2,3303E-5
2,2643E-5
2,2517E-5
2,6165E-5
2,4641E-5
5,086E-5
6,0452E-5
3,8423E-5
4,4575E-5
7,342E-5
4,386E-5
4,4035E-5
2,9157E-5
2,9955E-5
2,9688E-5
2,9271E-5
2,9028E-5
3,9585E-5
2,3654E-5
4,4682E-5
3,0633E-5
2,3911E-5
2,2967E-5
2,9682E-5
2,896E-5
2,3278E-5
2,2971E-5
4,4364E-5
4,2719E-5
2,2874E-5
3,0532E-5
2,9439E-5
3,1399E-5
3,7836E-5
3,9586E-5
2,232E-5
2,3191E-5
2,2404E-5
4,4646E-5
4,5607E-5
4,2711E-5
2,2894E-5
2,2529E-5
2,4046E-5
2,9787E-5
2,9684E-5
2,9714E-5
2,9251E-5
2,9226E-5
3,1743E-5
3,0929E-5
2,9689E-5
3,1454E-5
2,9121E-5
3,0755E-5
4,3764E-5
4,3744E-5
4,4311E-5
4,2514E-5
4,2649E-5
4,2854E-5
4,0627E-5
4,282E-5
2,2778E-5
2,9946E-5
2,9391E-5
3,8811E-5
4,3585E-5
4,3152E-5
4,2753E-5
3,8951E-5
3,8368E-5
3,1661E-5
2,3278E-5
2,6322E-5
2,3457E-5
2,3157E-5
2,3788E-5
2,2916E-5
2,2661E-5
2,263E-5
3,977E-5
3,9168E-5
3,8539E-5
3,7479E-5
4,4206E-5
4,3414E-5
4,3526E-5
2,3677E-5
2,3958E-5
3,9001E-5
4,4411E-5
3,0086E-5
3,8609E-5
4,3794E-5
3,0034E-5
3,3038E-5
3,902E-5
2,918E-5
4,3468E-5
3,8128E-5
2,9667E-5
3,0012E-5
3,8759E-5
4,2951E-5
5,302E-5
3,0266E-5
4,2902E-5
4,3652E-5
3,9547E-5
4,2801E-5
3,0292E-5
4,3868E-5
3,8865E-5
3,8232E-5
3,0684E-5
2,8949E-5
4,2694E-5
3,7224E-5
4,5219E-5
3,0029E-5
3,846E-5
5,0012E-5
3,0154E-5
3,8088E-5
4,6454E-5
3,8607E-5
3,1325E-5
4,4028E-5
5,3481E-5
3,8772E-5
4,645E-5
4,4563E-5
4,4397E-5
6,1283E-5
4,4864E-5
4,3627E-5
4,4252E-5
4,3406E-5
4,4315E-5
4,5246E-5
4,3633E-5
4,7524E-5
4,2862E-5
4,3883E-5
4,415E-5
4,3758E-5
4,4737E-5
4,4359E-5
4,4327E-5
4,4344E-5
4,9311E-5
4,4135E-5
6,2297E-5
4,438E-5
5,1265E-5
5,3018E-5
4,4588E-5
4,3211E-5
4,3372E-5
