0,024123656
0,02374702
0,013134417
0,006562635
0,00478319
0,006198592
0,006508459
0,00510235
0,003987291
0,00864707
0,005940964
0,006232665
0,004086522
0,004713748
0,007065528
0,004635531
0,00226604
0,002198503
0,002338451
0,002473464
0,0022915
0,002949747
0,003282501
0,002759751
0,002269611
0,002532552
0,004687739
0,002311814
0,002693919
0,003671098
0,002248565
0,002715233
0,002652399
0,002609699
0,002823561
0,003021541
0,00337017
0,002464917
0,002526911
0,00418609
0,00207231
0,002259212
0,002108514
0,002369204
0,002087405
0,002203958
0,002194323
0,002790602
0,002498984
0,002268277
0,002224912
0,002105089
0,004527567
0,002252365
0,002110373
0,002194886
0,002130747
0,002364719
0,00216121
0,00228608
0,002178906
0,002173319
0,0020362
0,002090812
0,002158242
0,002559718
0,003237014
0,002787241
0,002894747
0,003007151
0,002858687
0,002899226
0,003142796
0,002759475
0,002984811
0,003084296
0,003027426
0,002840726
0,004424591
0,002188347
0,002119165
0,00225595
0,00205253
0,0020235
0,002254915
0,0020454
0,002346354
0,002016615
0,002175866
0,002122963
0,00213416
0,002153173
0,0020778
0,002272396
0,00230208
0,002228863
0,002181297
0,002299438
0,002209941
0,002062627
0,002180256
0,002247798
0,002068104
0,002189464
0,004631627
0,002226432
0,00236196
0,002265134
0,002185568
0,002242532
0,002174196
0,002280202
0,002163566
0,002059633
0,00206301
0,002169886
0,002107074
0,002192639
0,002059313
0,002072094
0,002037887
0,002152315
0,002052219
0,002029546
0,002007194
0,002103531
0,002129307
0,002071546
0,00214458
0,002075365
0,002129919
0,002655955
0,003109643
0,003166709
0,003109504
0,002811443
0,00281281
0,002830782
0,002686252
0,003153644
0,002889188
0,002665745
0,002923385
0,002844139
0,003219708
0,003425115
0,002937036
0,002995671
0,002904255
0,002773392
0,002727762
0,002695448
0,002764005
0,003014857
0,002701404
0,002975654
0,002860697
0,005173382
0,002047541
0,002163671
0,002074372
0,002102111
0,002069457
0,002159231
0,002161097
0,002095595
0,002078746
0,002284707
0,002198838
0,002256189
0,002115192
0,002136897
0,002019416
0,002088198
0,002114987
0,002343641
0,002188223
0,002085012
0,002215737
0,002014533
0,002205257
0,002203145
0,002111901
0,002279231
0,002117195
0,002019175
0,002145259
0,00201719
0,002047676
0,002059727
0,002119177
0,002029679
0,002010479
0,002059979
0,002054214
0,002276826
0,002079647
0,002073827
0,002205301
0,002090708
0,002253465
0,002136453
0,002040991
0,002046668
0,002149573
0,002061557
0,002140321
0,00206527
0,002102903
0,002185734
0,00244616
0,003713812
0,002137255
0,002094448
0,002228719
0,002176231
0,00250585
0,002529107
0,002050464
0,002098282
0,002225028
0,002069755
0,002246285
0,002230595
0,002175612
0,002178518
0,002422469
0,002159358
0,002195064
0,002047983
0,002995
0,00207999
0,002051719
0,002091468
0,002230823
0,002167443
0,002047763
0,002127942
0,002079041
0,002097095
0,002538948
0,002373132
0,002043772
0,00209227
0,002235662
0,00209411
0,002027143
0,002192215
0,002066462
0,002242555
0,002228663
0,00220046
0,002200317
0,002118057
0,002323059
0,002368075
0,002137068
0,002148278
0,002057259
0,002131688
0,002129172
0,00205453
0,002096936
0,003587165
0,002364539
0,002936623
0,002637231
0,002983965
0,003142507
0,002883791
0,002806677
0,002643912
0,003508026
0,00375928
0,003393092
0,002820408
0,003749691
0,004493183
0,002885169
0,00287007
0,002902967
0,002791658
0,002734172
0,002768718
0,002767395
0,002789056
0,002914444
0,002866009
0,00295846
0,00288975
0,003334992
0,002828314
0,002870957
0,002729412
0,002919551
0,002792331
0,002797283
0,002914485
0,003277936
0,003192628
0,003526112
0,003887411
0,002908746
0,002710814
0,002746667
0,002739624
0,002718974
0,003511505
0,003536498
0,002883076
0,002743299
0,002810683
0,002872083
0,002847177
0,002871833
0,002757837
0,002830277
0,004527806
0,00206729
0,002151486
0,004631656
0,005733482
0,00205752
0,002156157
0,002087521
0,002460593
0,002086734
0,002618236
0,002211549
0,002120051
0,002054643
0,002210487
0,002152444
0,003393496
0,003081881
0,002075988
0,002237436
0,002139604
0,002039313
0,002367566
0,002194947
0,002393187
0,002183009
0,002233491
0,002216394
0,002191196
0,002131262
0,002085235
0,002156634
0,00227655
0,002302092
0,002333285
0,00224531
0,00217372
0,002161965
0,002108307
0,002084524
0,002173041
0,002051737
0,00201711
0,002361124
0,002340052
0,002209437
0,002101374
0,002136949
0,002148756
0,002162671
0,002096348
0,002250887
0,002096566
0,002266104
0,002252995
0,002048051
0,002067027
0,002036269
0,002013677
0,002037607
0,00214819
0,002065219
0,002078455
0,002067874
0,002012487
0,002079141
0,002096252
0,002154083
0,002333504
0,002813452
0,002096383
0,002256439
0,002307348
0,002124089
0,002030796
0,002215351
0,002067049
0,002030802
0,002064205
0,002168719
0,002067657
0,002112776
0,002025648
0,00202566
0,002131569
0,002100503
0,002161289
0,002127249
0,002138826
0,002088153
0,00230349
0,002226156
0,002223329
0,00225071
0,00231268
0,002270496
0,002152059
0,002147798
0,002156479
0,00213464
0,002166293
0,002131628
0,002211159
0,002106929
0,002233595
0,00224705
0,003857758
0,002248604
0,002220498
0,00204758
0,002153624
0,002073393
0,002147458
0,00207094
0,00204502
0,002062113
0,002053298
0,002121173
0,002079064
0,002168438
0,002115837
0,002148061
0,002138314
0,002175873
0,002530193
0,002136949
0,002186795
0,002130425
0,002365769
0,002236512
0,002244592
0,002241624
0,002300733
0,002117643
0,002204558
0,002053703
0,002104819
0,002139122
0,002029357
0,002095807
0,002147876
0,002152715
0,002224116
0,002092104
0,00202734
0,002052556
0,002071946
0,002084518
0,002088794
0,002133897
0,002183645
0,002225972
0,002124984
0,002178924
0,002139419
0,002229453
0,002134491
0,002103513
0,002125435
0,002169626
0,002115638
0,002220153
0,002066413
0,002187308
0,002050321
0,002149666
0,002114995
0,002096015
0,002086971
0,002128221
0,002096641
0,002125777
0,002090825
0,002183394
0,002108732
0,002131458
0,002143504
0,002152263
0,002146613
0,002009633
0,002070551
0,002045625
0,00209267
0,002027946
0,002104623
0,002080618
0,00207829
0,002117874
0,002173931
0,00215772
0,002130258
0,002042197
0,002032122
0,002123672
0,002077226
0,002122852
0,002161061
0,002089293
0,002083237
0,002258216
0,002128069
0,002014546
0,002178345
0,002027486
0,002094242
0,002328655
0,002056477
0,002041228
0,00208432
0,002282033
0,002105498
0,002181528
0,002724391
0,002654089
0,002990901
0,002805083
0,003143223
0,002772656
0,002804394
0,002825029
0,002940557
0,002836801
0,002703627
0,002691083
0,003305646
0,002717124
0,00299745
0,002720189
0,002756998
0,002840877
0,002741696
0,002799037
0,002824347
0,002966558
0,002840236
0,002809343
0,002791782
0,002792753
0,002735091
0,003143071
0,00293967
0,002855434
0,002972898
0,003178428
0,002982524
0,003003564
0,003089233
0,002709061
0,002850287
0,002861522
0,002880215
0,002811569
0,002881218
0,00283429
0,002769278
0,003035454
0,002838438
0,00289083
0,002859002
0,002881614
0,002940876
0,00288989
0,002747936
0,002946203
0,002747285
0,002895725
0,002919757
0,003070807
0,00299946
0,002869164
0,003179469
0,00286725
0,00284489
0,003012122
0,003280981
0,004930465
0,002266829
0,002053504
0,002180141
0,002282629
0,002061588
0,002173689
0,002255618
0,002172925
0,002396064
0,002154161
0,002257989
0,0023303
0,002331785
0,002322355
0,002470454
0,002226263
0,002062782
0,002061843
0,002089383
0,002066045
0,002113392
0,002017334
0,002149337
0,002118064
0,002111475
0,002069628
0,002074114
0,002048645
0,002091394
0,002072718
0,002060681
0,002224495
0,002114944
0,002036124
0,002131421
0,002203482
0,002230161
0,00205631
0,002111284
0,002073098
0,002078994
0,002042635
0,002022131
0,002026093
0,002031674
0,002089764
0,002103623
0,002115081
0,002248123
0,002138425
0,002025707
0,002113592
0,002167753
0,002110532
0,002155083
0,002133612
0,002158455
0,002083819
0,002182665
0,002136877
0,002100619
0,002114656
0,002178264
0,002127885
0,002136419
0,002202852
0,002153335
0,00240745
0,002179988
0,00209686
0,002092913
0,002094294
0,00224182
0,002122211
0,002007983
0,002239263
0,00203264
0,002069077
0,002103929
0,002139333
0,002138403
0,002567611
0,002317469
0,002327587
0,002146738
0,00208431
0,002099142
0,003242255
0,002068947
0,002067725
0,002172367
0,002010661
0,002130068
0,002205135
0,002102819
0,002221326
0,002179525
0,002181334
0,002197168
0,002529155
0,002843481
0,00207764
0,002088892
0,002364351
0,002276906
0,002322636
0,002333844
0,002339921
0,002641396
0,003392937
0,003037332
0,002092241
0,00218599
0,002281513
0,002207142
0,002413052
0,002241066
0,002242819
0,002272783
0,00211487
0,002171879
0,00204333
0,002042915
0,002077959
0,002086241
0,002126158
0,002085242
0,002079355
0,002082903
0,002077341
0,002068829
0,002098225
0,002164195
0,00210795
0,002092507
0,001997867
0,002107183
0,002111584
0,002116312
0,002140385
0,002083431
0,002026364
0,002114778
0,002068945
0,002368736
0,0022033
0,002175942
0,002193694
0,002125896
0,002071728
0,002014358
0,002156265
0,002268296
0,002373872
0,002019597
0,002133253
0,002203209
0,002238965
0,002188208
0,002261255
0,002120807
0,00215998
0,002067822
0,002140222
0,002172678
0,002196648
0,002296565
0,002272695
0,003773861
0,002172442
0,002119516
0,002119087
0,002099227
0,002077091
0,002126022
0,002130154
0,002811826
0,002781623
0,00280945
0,002782564
0,003463765
0,002075997
0,002058898
0,002121014
0,002024788
0,002021337
0,002236038
0,00212655
0,002073938
0,002194609
0,002134015
0,002215124
0,002130461
0,001989538
0,00213857
0,002167402
0,002046748
0,00207894
0,001982043
0,002090453
0,001984431
0,002137903
0,002082141
0,002068396
0,002160312
0,00216892
0,0020231
0,002047138
0,002072092
0,002125221
0,002036095
0,002270093
0,002134358
0,002060517
0,002087863
0,002206106
0,002210019
0,002160643
0,002252807
0,002299479
0,002297674
0,002061966
0,002049102
0,002212056
0,002264916
0,002295334
0,002288035
0,002016316
0,002156094
0,002318848
0,002327705
0,002165415
0,002073742
0,002139126
0,002031607
0,002065221
0,002203394
0,001995269
0,00204152
0,002037105
0,002037516
0,002016227
0,002123783
0,002242963
0,002157499
0,002191568
0,002119642
0,002037132
0,002038354
0,002015291
0,002055519
0,00211241
0,00233912
0,002151196
0,002039714
0,002082048
0,002312146
0,002061535
0,002250699
0,002045211
0,002045904
0,002051079
0,002008254
0,002045715
0,002014117
0,002302822
0,002311859
0,002210825
0,002247179
0,002065765
0,002257144
0,002146288
0,002092886
0,002052645
0,002111136
0,002082928
0,00218006
0,002252124
0,002167207
0,002097481
0,002128075
0,002171984
0,002029434
0,002126192
0,002089652
0,002121267
0,002131909
0,002102362
0,002043172
0,002028475
0,002064548
0,002044958
0,002052318
0,002137433
0,002204095
0,002069828
0,002002592
0,002125989
0,002189987
0,002110748
0,002024747
0,002027697
0,002147026
0,002131879
0,002144317
0,002302511
0,002215352
0,002036992
0,002146476
0,002363262
0,00203453
0,001999614
0,00216396
0,002082763
0,002142974
0,002118868
0,002143332
0,002071607
0,00202028
0,002093765
0,002155456
0,002292957
0,002080228
0,002172086
0,00212646
0,002095695
0,00210333
0,002052958
0,002006905
0,002072509
0,00210777
0,002056542
0,002098955
0,002160526
0,002259061
0,002073762
0,002768104
0,002719441
0,002771127
0,002474968
0,002972191
0,002846309
0,002698515
0,00279004
0,00310837
0,002808406
0,002735668
0,002781696
0,003003648
0,002838193
0,002998356
0,002848649
0,002738997
0,002783683
0,002711657
0,002771195
0,002934134
0,002817778
0,002717983
0,002718994
0,002764661
0,002712375
0,002729497
0,002733312
0,002742521
0,00278503
0,0028156
0,002824803
0,002802076
0,002733091
0,002727162
0,002750086
0,00358846
0,003018043
0,002991194
0,003082675
0,003087913
0,002893507
0,002774346
0,002732442
0,002714734
0,002724754
0,002745394
0,002697103
0,002753683
0,002743827
0,002764264
0,002700303
0,00286022
0,002945651
0,002730803
0,002710557
0,00287518
0,002804637
0,002794291
0,002704447
0,002669379
0,002813344
0,002796551
0,002780799
0,002760547
0,002872616
0,003032888
0,002749252
0,002827739
0,002844861
0,002910269
0,00273875
0,002889135
0,002731632
0,00310846
0,002882484
0,002926043
0,002922321
0,00286905
0,002915669
0,0027272
0,002722434
0,002865765
0,003051469
0,002880611
0,002817621
0,002897193
0,003014108
0,002701869
0,002755612
0,002806835
0,002709622
0,002747149
0,00293052
0,002847292
0,00317727
0,003402362
0,002724013
0,002776276
0,002925889
0,002943339
0,002768237
0,002755462
0,004238676
0,002138405
0,002087534
0,002081443
0,002052703
0,002177371
0,002032249
0,00208704
0,002271619
0,002040931
0,00216889
0,002130446
0,002063132
0,002188003
0,002166207
0,002244004
0,002097067
0,002153372
0,00211489
0,00225743
0,002178294
0,002180033
0,002098343
0,002164293
0,002255232
0,002186845
0,002100046
0,002071518
0,002086482
0,002119397
0,002207703
0,002107253
0,00205346
0,002072725
0,002171994
0,002318618
0,002180516
0,002126474
0,002175217
0,002060779
0,002037741
0,002024083
0,002120564
0,002148805
0,002032793
0,002112658
0,002050682
0,002000133
0,002148755
0,002166848
0,00200664
0,002144528
0,002025498
0,002083496
0,002075604
0,002101563
0,00219783
0,002091866
0,002100865
0,002184869
0,002087794
0,002021929
0,002066977
0,002169057
0,002067877
0,002120987
0,002082082
0,002075035
0,002184633
0,002149531
0,0020529
0,002089046
0,002242026
0,002135913
0,002268903
0,002128514
0,002076253
0,002207335
0,002199554
0,002112988
0,002117197
0,002110391
0,002044577
0,002069999
0,002064109
0,002106159
0,00219767
0,00236145
0,002197188
0,002094158
0,002054635
0,002044504
0,002117878
0,002088129
0,002043259
0,002184889
0,002187619
0,002153835
0,00220073
0,002148672
0,002107016
0,002147379
0,002263756
0,002102624
0,002229229
0,002142513
0,002116171
0,002107951
0,002432518
0,002102308
0,00213029
0,001990973
0,002161386
0,002137121
0,002102996
0,002005322
0,002050251
0,002172337
0,002028457
0,002102435
0,002071804
0,002062752
0,002024714
0,002002462
0,002121231
0,002278591
0,002230505
0,002115853
0,002320417
0,001999649
0,002121817
0,002083309
0,002249818
0,002044954
0,002056117
0,002077365
0,002143404
0,002183862
0,00210972
0,002121291
0,002099374
0,002113525
0,00219035
0,002009563
0,00217712
0,002043189
0,002208118
0,002192541
0,00224343
0,002109496
0,002088308
0,002369947
0,002057402
0,00213703
0,002220826
0,00210766
0,002176344
0,002204777
0,002073904
0,002104728
0,002112646
0,002031892
0,002101002
0,002223146
0,002224521
0,002133691
0,002203853
0,002114998
0,00226257
0,002257453
0,002129396
0,00219077
0,002110553
0,002141247
0,002092854
0,002117422
0,002064248
0,002225333
0,002218898
0,002196459
0,00215696
0,002201824
0,002127184
0,002198076
0,002494255
0,002118858
0,002232221
0,002185825
0,002190794
0,002176433
0,002197198
0,002234279
0,002216292
0,002309231
0,002570012
0,002199984
0,002128212
0,00232442
0,002305394
0,002310306
0,002359196
0,002264551
0,002501618
0,002234709
0,002241055
0,002255674
0,00222768
0,002202937
0,002255989
0,002190108
0,002214504
0,002123379
0,002142224
0,002282176
0,002131031
0,002079226
0,002087006
0,002162072
0,002208496
0,002240345
0,002088302
0,002329729
0,002153783
0,002152178
0,002119287
0,002162279
0,002147278
0,002128426
0,002656276
0,002388467
0,002117635
0,002089906
0,00207925
0,002114957
0,002151173
0,002113292
0,002137308
0,002122436
0,002131962
0,002148611
0,002231286
0,002097985
0,002093103
0,002034824
0,002102242
0,002128028
0,002054369
0,002103883
0,002107527
0,002107162
0,00205047
0,00213739
0,001982805
0,002071334
0,00200602
0,002151224
0,002097172
0,002122047
0,004151374
0,002056814
0,002129689
0,002116647
0,002156481
0,002035593
0,002114468
0,002048673
0,002135656
0,002156154
0,002187125
0,002369491
0,002067432
0,002289042
0,002084256
0,00209846
0,002157144
0,002105076
0,001989572
0,002172599
0,002199881
0,002086357
0,002070025
0,002114475
0,00210144
0,002006963
0,002102756
0,002029943
0,002196805
0,002093828
0,002087687
0,0020367
0,002066895
0,002027807
0,002085534
0,002123036
0,002189698
0,002185234
0,002100765
0,00212357
0,002109638
0,002113161
0,002189491
0,002156469
0,002094404
0,002059012
0,002017427
0,002033959
0,002122981
0,002203532
0,001993034
0,001977147
0,002140263
0,002232637
0,002185881
0,00217899
0,002130559
0,002229499
0,002304766
0,002145516
0,002155726
0,002154731
0,002245214
0,002205029
0,002221217
0,002175119
0,002249235
0,002139398
0,002322702
0,002115725
0,002156094
0,002176617
0,002145758
0,002147302
0,002159292
0,002151039
0,002197792
0,00215404
0,002324767
0,002130669
0,002128728
0,002052512
0,002149997
0,002060148
0,002400068
0,002291285
0,002046077
0,0020671
0,002121164
0,002066332
0,002135257
0,002093648
0,00203209
0,002119251
0,002048731
0,002115126
0,002186412
0,002069909
0,002056641
0,002128342
0,002031619
0,002100884
0,002053618
0,002075458
0,002035284
0,00207128
0,002135313
0,002086862
0,00204731
0,002259328
0,002109686
0,002047686
0,002109993
0,002131853
0,002111491
0,002087535
0,002067635
0,002085982
0,002097364
0,002076644
0,002075229
0,002099828
0,002176159
0,002187649
0,002312495
0,002193352
0,002149424
0,002153997
0,002118829
0,002157082
0,002296486
0,00226893
0,002096827
0,002200519
0,00213717
0,002144289
0,002154714
0,002302447
0,002056686
0,002085791
0,002098269
0,002133837
0,002247209
0,002068354
0,002103406
0,002148213
0,002132614
0,002076351
0,002064959
0,002173361
0,002280797
0,002216168
0,002166339
0,002184071
0,002304904
0,002021288
0,002068178
0,002209062
0,002186616
0,002194436
0,002304827
0,002137161
0,002245693
0,002227158
0,00221923
0,00207386
0,00217549
0,0020822
0,002059608
0,002056707
0,002155033
0,002205296
0,002109029
0,002058742
0,002130762
0,002103729
0,002153789
0,00207312
0,002044541
0,00218646
0,002077117
0,00210557
0,002169679
0,00216877
0,002050829
0,002212765
0,00211371
0,002107883
0,002034587
0,002061208
0,0020808
0,002050523
0,002049431
0,002060912
0,002059428
0,002089279
0,002089143
0,002131902
0,002072933
0,002120762
0,00205398
0,002028869
0,002058571
0,002141021
0,002088881
0,002114837
0,002176282
0,002097396
0,002224146
0,002188996
0,002157876
0,002181979
0,002234227
0,002255309
0,002156934
0,002320132
0,002144315
0,002294943
0,002169147
0,002211106
0,00199526
0,002171611
0,002244627
0,002337582
0,002142093
0,002142048
0,002062505
0,002201101
0,002144549
0,002145623
0,00216192
0,002164005
0,002090525
0,002153045
0,002360951
0,00234926
0,002187903
0,002262788
0,002264069
0,00221589
0,002191223
0,002201607
0,002288714
0,002253497
0,002187265
0,002225884
0,004403749
0,002500636
0,002226652
0,002310385
0,002334456
0,002115599
0,002142122
0,002308996
0,00224256
0,002176601
0,002109804
0,002201907
0,002130195
0,00204345
0,002145102
0,002333999
0,002143992
0,002077916
0,002068627
0,002092
0,002099792
0,002407285
0,002248425
0,002023201
0,002025905
0,002136935
0,002165432
0,002079714
0,002012756
0,002057243
0,001970633
0,002041554
0,002038808
0,002213308
0,002218711
0,002126345
0,002057289
0,002102464
0,002162758
0,002682083
0,002195723
0,002154188
0,002034497
0,002013068
0,002067129
0,002093607
0,002053646
0,001997277
0,002082982
0,002134665
0,002271888
0,002165251
0,002037976
0,002207136
0,00205552
0,00202373
0,002061692
0,002130001
0,002228547
0,002082016
0,002244148
0,002188239
0,002190227
0,002285731
0,002381485
0,002313423
0,002291381
0,00208796
0,00209114
0,002059175
0,002289754
0,00211886
0,00208498
0,002105916
0,002280116
0,002115095
0,002308569
0,002226279
0,002154717
0,002214064
0,002270828
0,002259308
0,002067136
0,002059869
0,002289364
0,002250879
0,00222314
0,002150784
0,002093681
0,002060154
0,0033237
0,002288777
0,001995578
0,002013797
0,002082581
0,002271948
0,001994818
0,002038474
0,002258397
0,00240989
0,002245447
0,002260409
0,002367522
0,002030621
0,002013413
0,002141926
0,001990385
0,002000385
0,002292428
0,002287814
0,002032918
0,00210624
0,002011618
0,002104618
0,002393644
0,002028501
0,001983502
0,002063755
0,002094816
0,002152867
0,002085918
0,002128592
0,002269864
0,002069469
0,002082108
0,002088141
0,002133645
0,002222854
0,002000829
0,002266057
0,00212983
0,002203857
0,00195424
0,002320254
0,002918129
0,003457693
0,00314747
0,002098428
0,002041391
0,002386514
0,002228131
0,002055935
0,002114114
0,002231646
0,002257042
0,002189362
0,00203485
0,002090505
0,002109271
0,002001777
0,002017187
0,002110998
0,002145983
0,002220867
0,002170484
0,002045893
0,002123968
0,002266929
0,002143808
0,002110517
0,002061766
0,002186069
0,002184663
0,002193171
0,002193974
0,002310344
0,002150626
0,002216961
0,002276107
0,002399642
0,002277805
0,002410938
0,002176403
0,002223511
0,002107677
0,002042584
0,002026894
0,002052121
0,002063751
0,002172045
0,002087089
0,002072853
0,002046534
0,002057317
0,002051324
0,00206715
0,001983767
0,002095144
0,002113738
0,002147073
0,002048512
0,002094779
0,002203155
0,002004351
0,002109053
0,002034389
0,002149777
0,002134299
0,002064894
0,002205513
0,002119042
0,00235222
0,002291814
0,002061387
0,002072877
0,00205815
0,002020257
0,002215349
0,002120294
0,002050877
0,002003657
0,002207965
0,002075503
0,002043679
0,002008717
0,002053129
0,002110092
0,00205737
0,002079215
0,002112983
0,002081393
0,002060507
0,00232827
0,002054403
0,002138563
0,002004481
0,002186001
0,002147278
0,002223743
0,002070675
0,002111426
0,002096588
0,002118951
0,002056063
0,012947134
0,002114404
0,002147323
0,002095645
0,002113617
0,002107854
0,002126641
0,002261257
0,002247822
0,002178139
0,002124047
0,002319342
0,002113295
0,002131481
0,002054873
0,0020898
0,002078799
0,002047959
0,002131328
0,002155373
0,002291204
0,002075522
0,002318599
0,002335188
0,002190652
0,002192594
0,002184254
0,002067613
0,002141857
0,002023398
0,002033382
0,002124471
0,002137985
0,002165551
0,002256705
0,00215139
0,002070717
0,00220257
0,00231368
0,002207323
0,00206471
0,002088406
0,002317325
0,002315269
0,002396714
0,002105585
0,00209346
0,002222801
0,002060706
0,001997383
0,002055561
0,002095834
0,00212135
0,002351536
0,002032021
0,00215287
0,00225616
0,002150414
0,002079921
0,002250733
0,002186275
0,00201796
0,002196251
0,002232014
0,002058234
0,002150019
0,002032046
0,002074282
0,002256495
0,001982605
0,002018366
0,002148739
0,002024873
0,002022129
0,002287843
0,002066333
0,002017487
0,002073488
0,002129728
0,002211419
0,002211537
0,001998367
0,002009205
0,002203722
0,002208809
0,002096213
0,002049717
0,002058483
0,002029754
0,00202392
0,002070687
0,002069246
0,002028825
0,002047638
0,002075181
0,002053952
0,002060508
0,002148791
0,002159439
0,002101218
0,00203221
0,002027823
0,002029181
0,002053755
0,002085652
0,002206349
0,00211452
0,002032124
0,002084335
0,00207924
0,002050831
0,002163786
0,0021995
0,002113108
0,002209074
0,002071564
0,002108734
0,002137006
0,002094949
0,002308254
0,00214486
0,002119179
0,002166754
0,00208144
0,002026076
0,002056726
0,002129119
0,002181902
0,002206671
0,002164625
0,00216918
0,00210385
0,002076198
0,002078911
0,002002815
0,002316153
0,002108715
0,002091705
0,002058703
0,002014542
0,002118438
0,002008831
0,002464426
0,002046965
0,002069777
0,002026506
0,002311101
0,002198458
0,002200098
0,00246647
0,002113538
0,002091806
0,002115672
0,002185875
0,002146646
0,002088493
0,002194139
0,002083167
0,002427021
0,002116574
0,002129854
0,002204624
0,002140485
0,002045989
0,002320462
0,002123066
0,002102865
0,002168392
0,002167677
0,002120651
0,002046301
0,002182027
0,00223731
0,002040611
0,002155027
0,002217504
0,002256813
0,002077192
0,002174722
0,002166563
0,002251036
0,002112429
0,002235652
0,002150686
0,002089474
0,002134329
0,002082088
0,001981026
0,002078006
0,002048711
0,002041649
0,002433623
0,002360841
0,002310783
0,002222058
0,002083554
0,002123721
0,002078034
0,002038671
0,002117653
0,002094347
0,002218232
0,002161738
0,002082437
0,002112691
0,002146506
0,002176343
0,002228188
0,002131821
0,002123746
0,002285727
0,002173564
0,002075478
0,002097798
0,002082924
0,002227457
0,002197227
0,002164748
0,002272743
0,002165453
0,002396595
0,00238138
0,002115605
0,002049645
0,004351195
0,002057856
0,00206171
0,002084587
0,002237253
0,002307141
0,002040206
0,002049866
0,002109462
0,002110823
0,002057283
0,002163109
0,002045497
0,002146816
0,002110748
0,002123795
0,00235681
0,00210583
0,002198494
0,002121815
0,002093918
0,002093551
0,002315108
0,002258025
0,002202221
0,002269213
0,002121988
0,002329783
0,002269897
0,002139841
0,002186923
0,002141366
0,002155824
0,002089757
0,00213656
0,002257532
0,002090042
0,00219182
0,002221882
0,002282274
0,002197354
0,002202457
0,002177511
0,002117942
0,002112888
0,002120226
0,002243048
0,002291139
0,002163263
0,002142006
0,002321903
0,00210484
0,002158331
0,002261351
0,002179949
0,002088759
0,002339684
0,002116529
0,002045573
0,002075986
0,002163731
0,002114259
0,002147945
0,002105005
0,002096848
0,002187077
0,002076652
0,002240587
0,002238383
0,002263358
0,002209247
0,00213411
0,002171662
0,002289856
0,002142703
0,002261551
0,002147184
0,002270762
0,002295915
0,002129519
0,002124346
0,002099271
0,002146616
0,002119402
0,00217318
0,002079255
0,002169084
0,002150894
0,002260161
0,002085707
0,002038604
0,002152944
0,002118922
0,002191942
0,002268691
0,002044233
0,002196742
0,002200428
0,002262115
0,002213144
0,002096646
0,002121646
0,002084785
0,002144868
0,002051231
0,002055844
0,002113072
0,002156194
0,002111903
0,002045943
0,002064652
0,002151784
0,002144584
0,002118814
0,001992987
0,00215145
0,002064654
0,002186552
0,002123033
0,002175699
0,002096116
0,002091956
0,002174608
0,002146182
0,00210655
0,002127016
0,002096542
0,002067437
0,002024562
0,002030796
0,002048622
0,0021057
0,002132682
0,002129134
0,00209193
0,002363662
0,002165063
0,002163478
0,002086404
0,002098512
0,002149644
0,002140196
0,002154906
0,002111272
0,002129423
0,002237896
0,002167665
0,002075311
0,002089823
0,002085987
0,002111561
0,002045588
0,002008897
0,002090915
0,002194099
0,002070931
0,002117986
0,002112983
0,002148934
0,00213194
0,002100269
0,002066657
0,002155539
0,002118412
0,002124745
0,002052558
0,002145455
0,002179681
0,002056471
0,002071161
0,002221584
0,002171337
0,002145605
0,002159397
0,002172875
0,002129313
0,002148867
0,002091346
0,002147574
0,002046276
0,002119793
0,002104133
0,002151867
0,002214231
0,002242549
0,002141357
0,002122394
0,002159079
0,00210059
0,002204089
0,002238151
0,002115618
0,002216646
0,002048875
0,002138363
0,002154945
0,002091125
0,002146006
0,00208238
0,002156991
0,002113298
0,002103387
0,002188879
0,002075413
0,002087225
0,002004405
0,002070318
0,002180949
0,002053815
0,00206645
0,002292967
0,002158347
0,002117023
0,002021637
0,004223881
0,00209348
0,002161851
0,002065531
0,002057687
0,002080589
0,00206688
0,002065167
0,002020583
0,002096381
0,002009038
0,002098458
0,002135033
0,00204346
0,00218384
0,002122722
0,002145185
0,002076666
0,002150547
0,002078971
0,002150986
0,002107539
0,002070125
0,002135107
0,002202597
0,002105182
0,002280316
0,002315907
0,002075458
0,002044873
0,00212723
0,002104114
0,002099306
0,002408822
0,002227313
0,002181994
0,002138037
0,00226361
0,002025898
0,002136194
0,002101122
0,002161244
0,002075115
0,002157078
0,00209687
0,002081186
0,002125462
0,002057101
0,002124055
0,002172371
0,002046938
0,002228906
0,002125845
0,002115453
0,002158857
0,002308272
0,002157065
0,002101117
0,002355357
0,002028021
0,002151339
0,003615617
0,002072606
0,002069123
0,002142683
0,002104163
0,002104081
0,002152064
0,002099108
0,002113028
0,002043315
0,002068963
0,002058344
0,002083109
0,002204321
0,002175994
0,002218463
0,002131804
0,002211927
0,002237364
0,002154888
0,002104359
0,002147446
0,002153711
0,002325928
0,002148162
0,002973987
0,002046848
0,002158189
0,002132032
0,002227339
0,002202663
0,002037873
0,002105309
0,002133784
0,002173271
0,002219406
0,002126962
0,002168546
0,004392976
0,002137325
0,00211993
0,002305192
0,002074503
0,002249472
0,0020471
0,002016932
0,002070813
0,002188418
0,002112595
0,002079894
0,002145525
0,002104412
0,002326585
0,002111952
0,002135127
0,002169894
0,002112854
0,002163183
0,00217603
0,002115047
0,002389917
0,002126965
0,002112217
0,002189791
0,002056422
0,002069519
0,002081763
0,002129341
0,002082175
0,002159049
0,002030957
0,00207873
0,002134872
0,002112581
0,002106113
0,002128891
0,001995819
0,00213795
0,002154674
0,002100744
0,002116201
0,002057464
0,002187205
0,002083637
0,002022134
0,002107605
0,002151698
0,002204064
0,002089401
0,002028805
0,002178938
0,002183614
0,002137233
0,002175153
0,002090065
0,002160004
0,002087488
0,002216932
0,00215408
0,002167416
0,002193081
0,002099619
0,002073617
0,002140014
0,002143804
0,002112798
0,002088356
0,00204829
0,001970915
0,002057168
0,00206823
0,002350146
0,002116493
0,002044389
0,002155813
0,002186457
0,002140087
0,002071719
0,002221579
0,002267606
0,002084456
0,002119008
0,002123657
0,002215753
0,002382911
0,002239061
0,002583286
0,002180246
0,00216032
0,002053835
0,00223018
0,002323495
0,002215474
0,002107984
0,00226931
0,002257199
0,002213513
0,002098201
0,002122092
0,002293257
0,002208727
0,004093044
0,002090629
0,002147534
0,00215021
0,002109415
0,002189201
0,002117
0,002161064
0,00215459
0,002086327
0,002083295
0,002190389
0,002088038
0,002197678
0,002243997
0,002074926
0,00213735
0,002099796
0,00215932
0,00218754
0,002089181
0,002231717
0,002145435
0,002169998
0,002143546
0,002175908
0,002133954
0,002153826
0,002056225
0,002111513
0,002148883
0,002145619
0,002127036
0,002165096
0,0020717
0,00212299
0,002014928
0,002107453
0,002246577
0,00203934
0,002262835
0,002193815
0,002074471
0,002253129
0,002259139
0,002101446
0,002118912
0,00203647
0,002155958
0,002048369
0,00213229
0,002084048
0,002082317
0,002106738
0,002114441
0,002041725
0,002119976
0,002152479
0,002087943
0,002086522
0,002130449
0,002150662
0,002077204
0,002214084
0,002077639
0,002139165
0,002165038
0,002115888
0,002088778
0,002113583
0,002248736
0,002046135
0,002138258
0,002096513
0,002249072
0,002590495
0,002109627
0,002070096
0,0020669
0,00215877
0,002111648
0,002022166
0,002007063
0,002024016
0,002050108
0,002558213
0,002035111
0,002229627
0,002056166
0,002102096
0,002116678
0,002180364
0,002181341
0,002103884
0,002108817
0,002190263
0,002017917
0,002022369
0,002044399
0,002029957
0,002180583
0,001985273
0,002139236
0,002073591
0,002081017
0,002077876
0,002067109
0,002025849
0,002047764
0,002150865
0,002095844
0,002039682
0,002150062
0,002265482
0,002073034
0,002090538
0,002201543
0,002041542
0,002087761
0,002062988
0,00212953
0,002308399
0,002129475
0,002064296
0,002087558
0,00203477
0,002341579
0,002053289
0,002215099
0,002140857
0,002230841
0,002111176
0,002144587
0,002056908
0,002141399
0,002111152
0,002140292
0,002072173
0,002046953
0,002043608
0,002035627
0,002195392
0,002149376
0,002110555
0,002121379
0,002113919
0,002093748
0,002129412
0,002049094
0,002089728
0,002110968
0,00214419
0,002066272
0,002084581
0,002063426
0,002148377
0,002139873
0,002074123
0,002128132
0,002279029
0,002190892
0,002246614
0,002136958
0,002093336
0,002078369
0,002215573
0,002136118
0,002218372
0,002144838
0,002164018
0,002236521
0,002171264
0,002241995
0,002130979
0,002237842
0,002267659
0,002223723
0,002129826
0,002326972
0,002157728
0,002136177
0,002053629
0,002143116
0,002198142
0,002066621
0,002127519
0,002197961
0,00219328
0,002162587
0,002123475
0,002174797
0,002119701
0,004137688
0,002392739
0,002061524
0,002121274
0,002026589
0,002294471
0,002021935
0,002145871
0,00217315
0,002100185
0,002114545
0,002060659
0,00229885
0,002065294
0,002296792
0,002128699
0,002081714
0,002055954
0,002125615
0,002100261
0,002110982
0,002099552
0,002098289
0,002128468
0,002058038
0,002135094
0,002160578
0,002137015
0,002119829
0,002161681
0,003142928
0,002104828
0,002101173
0,002070982
0,00204371
0,002159119
0,0021018
0,002174543
0,002181068
0,002074566
0,002362484
0,002170227
0,00214895
0,002082005
0,002146362
0,002038003
0,002110611
0,002160672
0,002518639
0,00212958
0,002139301
0,002174183
0,003167942
0,002861448
0,00287347
0,002856687
0,002917585
0,00214685
0,002337251
0,002038091
0,002087194
0,002124766
0,002076709
0,002223735
0,002095813
0,00208645
0,002092437
0,002025438
0,002172609
0,002071174
0,002112742
0,002212844
0,002140393
0,002087741
0,002126257
0,002197309
0,002170549
0,002087127
0,002217012
0,002138179
0,002068052
0,002111083
0,002188237
0,002127856
0,002308966
0,002099757
0,002223087
0,002254948
0,002136232
0,002139991
0,002174172
0,002158798
0,00211892
0,002232883
0,002257626
0,002293571
0,002166065
0,002175392
0,002146258
0,002252988
0,002297187
0,002161976
0,00215382
0,002157504
0,002151528
0,002161184
0,002232898
0,002105813
0,002108874
0,002094008
0,002139885
0,002122821
0,002228451
0,00212704
0,002090072
0,002084756
0,002160457
0,00219816
0,002136326
0,002173236
0,002089202
0,002143032
0,002086138
0,002152317
0,002218275
0,002038247
0,002198018
0,003059575
0,002831548
0,002856079
0,002859436
0,002867249
0,002119469
0,002056383
0,002069082
0,002036263
0,002111271
0,002113771
0,00208541
0,002093111
0,002196203
0,002100897
0,002137067
0,002104578
0,002078922
0,002091914
0,002203529
0,002227552
0,002249419
0,002079295
0,002220354
0,002180552
0,002120048
0,002099777
0,002103914
0,002276589
0,002331251
0,002065391
0,002025277
0,002017145
0,002008891
0,00230287
0,002145505
0,002166806
0,002125849
0,002094523
0,002037854
0,002121333
0,002044258
0,00203504
0,002052174
0,002154086
0,002090126
0,002124439
0,001941647
0,002094065
0,00215133
0,002092548
0,002288929
0,002218601
0,002075834
0,002003596
0,002110661
0,003872838
0,002192533
0,002005087
0,002048339
0,001995148
0,002062086
0,002016354
0,002077842
0,002057499
0,002045389
0,002202115
0,0021214
0,002133445
0,002043247
0,002095514
0,002059385
0,002144584
0,002096664
0,001955727
0,002064942
0,002130703
0,002178591
0,00199594
0,002114805
0,002185057
0,002243071
0,00214894
0,002070533
0,002127157
0,002112702
0,002101036
0,002079672
0,002118377
0,00214176
0,002056843
0,002038606
0,002087124
0,002196172
0,002178234
0,002206332
0,002138226
0,00231418
0,002094578
0,002081716
0,002069414
0,002177561
0,002064669
0,002210772
0,002247969
0,002170844
0,002039961
0,002006953
0,002235604
0,002323956
0,002208469
0,002174745
0,002118992
0,002191749
0,00213646
0,002104682
0,002130105
0,002184756
0,002091342
0,00213185
0,002199085
0,002115712
0,002027685
0,002085038
0,002163765
0,002109309
0,002104113
0,002147341
0,002121838
0,002231129
0,002248715
0,002176188
0,002118856
0,002259325
0,002112873
0,002134142
0,002010965
0,002206261
0,002044862
0,001979373
0,002176301
0,002116513
0,002550724
0,002081013
0,002088786
0,002042886
0,002321237
0,004929666
0,003852586
0,002226017
0,002082469
0,002063105
0,002154454
0,00215874
0,002212231
0,002238155
0,002187789
0,002275157
0,002248347
0,002529415
0,002021736
0,002084644
0,002143597
0,002165213
0,002147355
0,002096811
0,002138661
0,0021521
0,002170091
0,002101133
0,002300517
0,002114832
0,002185757
0,002062773
0,002144352
0,002292363
0,002130291
0,00220607
0,00207957
0,002215805
0,002025101
0,002139379
0,002024177
0,002057124
0,002096889
0,002046179
0,00207481
0,002364084
0,002071844
0,002053931
0,00202015
0,001990149
0,002012607
0,002077706
0,002154523
0,002178013
0,002020169
0,002179158
0,002153873
0,002055315
0,002215713
0,002104985
0,002080107
0,002140762
0,002042024
0,002054763
0,002082307
0,00208302
0,002111904
0,002030627
0,002012304
0,00220275
0,002113142
0,002187078
0,002183651
0,002120184
0,002092292
0,002183592
0,002226916
0,002215471
0,002069184
0,002054845
0,002279942
0,00214349
0,002092271
0,002158892
0,002101184
0,002176643
0,002034813
0,00216
0,002349034
0,002306328
0,002105973
0,004045058
0,002098801
0,002296471
0,002041748
0,002045594
0,002110411
0,002306663
0,00221039
0,002244388
0,00233719
0,002207067
0,001999047
0,002090518
0,00205514
0,002045672
0,002105058
0,002075661
0,002078797
0,002040681
0,002075502
0,002139105
0,002044069
0,002097542
0,002085954
0,002067993
0,002145245
0,00209262
0,002063079
0,002075331
0,002055392
0,002052966
0,00204116
0,002055378
0,002088729
0,002050128
0,002138659
0,002088797
0,002102399
