1,93634E-4
2,12209E-4
2,15601E-4
2,31351E-4
2,0876E-4
1,87121E-4
1,89512E-4
1,84501E-4
1,92309E-4
1,80396E-4
1,83852E-4
0,001435246
1,79732E-4
1,89487E-4
1,77242E-4
1,82712E-4
1,81805E-4
1,81849E-4
1,84238E-4
1,88437E-4
1,80928E-4
1,86671E-4
1,82114E-4
1,8671E-4
1,85123E-4
1,82451E-4
3,25464E-4
1,79344E-4
1,80457E-4
1,79683E-4
3,15698E-4
1,79066E-4
1,87599E-4
1,78648E-4
1,78134E-4
1,8582E-4
1,77531E-4
2,62849E-4
1,80157E-4
1,80429E-4
1,77615E-4
1,83522E-4
1,80015E-4
1,78785E-4
1,78926E-4
1,86328E-4
1,89617E-4
1,844E-4
1,93704E-4
1,81502E-4
1,85686E-4
1,85347E-4
2,67576E-4
1,86015E-4
2,94338E-4
1,90813E-4
1,9285E-4
1,84555E-4
1,83874E-4
1,83073E-4
1,76276E-4
1,92726E-4
1,81099E-4
1,87184E-4
1,80067E-4
1,87503E-4
1,81368E-4
1,85791E-4
1,85742E-4
1,85185E-4
1,8185E-4
1,85344E-4
1,83888E-4
1,80456E-4
1,87028E-4
1,80059E-4
1,8296E-4
1,81503E-4
1,85528E-4
1,83591E-4
1,78125E-4
1,76124E-4
1,82512E-4
3,24294E-4
1,78747E-4
1,77282E-4
1,82015E-4
1,75446E-4
1,80355E-4
1,79013E-4
1,78373E-4
1,88255E-4
1,76509E-4
1,83378E-4
1,79918E-4
1,77951E-4
1,7686E-4
1,78575E-4
1,79061E-4
1,87928E-4
1,80359E-4
1,80711E-4
1,7958E-4
1,79586E-4
1,7999E-4
1,79489E-4
1,87353E-4
1,76143E-4
1,76432E-4
1,77581E-4
3,40439E-4
2,73136E-4
1,80566E-4
2,54103E-4
1,76513E-4
1,76422E-4
3,23728E-4
1,78595E-4
1,76907E-4
1,80086E-4
1,82742E-4
1,78509E-4
1,93679E-4
1,81759E-4
1,8502E-4
1,82125E-4
1,82968E-4
1,86433E-4
1,82526E-4
1,83375E-4
2,70824E-4
1,85752E-4
1,83799E-4
1,80503E-4
1,74387E-4
1,80895E-4
1,81231E-4
1,79983E-4
1,83016E-4
1,99196E-4
1,80441E-4
2,67397E-4
1,86E-4
1,88653E-4
3,49844E-4
1,81573E-4
1,83739E-4
1,86166E-4
1,81882E-4
1,90188E-4
1,84321E-4
1,7899E-4
1,84908E-4
1,81725E-4
1,82303E-4
1,8537E-4
1,87643E-4
1,86869E-4
1,81544E-4
1,84055E-4
1,82728E-4
1,88875E-4
1,81966E-4
3,25918E-4
1,9368E-4
1,87546E-4
1,91193E-4
1,80713E-4
1,85098E-4
1,882E-4
1,88257E-4
2,00954E-4
1,86068E-4
3,27105E-4
1,8329E-4
1,90927E-4
1,87644E-4
1,86077E-4
1,95609E-4
1,79208E-4
1,8317E-4
1,83214E-4
1,83145E-4
1,85441E-4
1,80364E-4
1,80544E-4
1,77816E-4
1,80237E-4
1,78372E-4
1,80715E-4
2,02071E-4
1,8256E-4
1,90652E-4
1,86025E-4
1,83593E-4
1,79883E-4
1,81484E-4
1,81164E-4
1,8179E-4
1,86724E-4
1,84974E-4
1,83157E-4
1,81859E-4
1,85475E-4
1,84111E-4
1,86549E-4
3,19399E-4
3,1129E-4
1,96649E-4
3,33021E-4
1,82505E-4
1,87019E-4
1,8371E-4
1,91143E-4
1,84191E-4
1,86981E-4
1,85392E-4
1,84546E-4
2,88056E-4
1,81342E-4
1,81229E-4
1,82591E-4
1,90437E-4
1,86791E-4
1,86546E-4
1,86005E-4
1,84655E-4
1,94367E-4
1,834E-4
1,80096E-4
1,84749E-4
1,81873E-4
1,89489E-4
1,84993E-4
1,83286E-4
3,34426E-4
1,84117E-4
1,81232E-4
1,83988E-4
1,79813E-4
2,04884E-4
1,89641E-4
1,83993E-4
1,81247E-4
1,91936E-4
1,80204E-4
1,77947E-4
1,78589E-4
1,78432E-4
2,87972E-4
1,81745E-4
1,86193E-4
0,001335164
1,77503E-4
1,80272E-4
1,7858E-4
1,87318E-4
2,83816E-4
1,80468E-4
1,84562E-4
1,83493E-4
1,91708E-4
1,83476E-4
1,82816E-4
1,8451E-4
1,8792E-4
1,82457E-4
1,84945E-4
1,80122E-4
1,82913E-4
1,85531E-4
1,80813E-4
1,76383E-4
1,78041E-4
1,82324E-4
2,48521E-4
1,7603E-4
1,79339E-4
1,80833E-4
1,82079E-4
1,89617E-4
3,42684E-4
1,81303E-4
1,84464E-4
1,86574E-4
1,85549E-4
1,86959E-4
1,83329E-4
1,83524E-4
2,87878E-4
1,82754E-4
1,78607E-4
1,80626E-4
1,81854E-4
1,79642E-4
0,001430156
1,79581E-4
1,86708E-4
1,86822E-4
1,83062E-4
1,83608E-4
1,85092E-4
1,96665E-4
1,82714E-4
1,81605E-4
1,83054E-4
2,9011E-4
1,81343E-4
1,84379E-4
1,81434E-4
1,82306E-4
1,82374E-4
1,86852E-4
1,80388E-4
1,79534E-4
2,53587E-4
1,7877E-4
1,80268E-4
1,79865E-4
1,78422E-4
1,80478E-4
1,82777E-4
1,77188E-4
1,80496E-4
1,76797E-4
2,55843E-4
1,74135E-4
1,78404E-4
1,76531E-4
1,77033E-4
1,78795E-4
1,87275E-4
1,86225E-4
2,61114E-4
1,78911E-4
1,80059E-4
1,81253E-4
1,78594E-4
2,21015E-4
3,23422E-4
1,79389E-4
1,81347E-4
1,84874E-4
1,7877E-4
1,81625E-4
3,25926E-4
1,7859E-4
1,83783E-4
2,11854E-4
1,83616E-4
1,86199E-4
1,80198E-4
1,82868E-4
1,83182E-4
1,79405E-4
1,83147E-4
1,81683E-4
1,86923E-4
1,93086E-4
1,82263E-4
1,88096E-4
1,81976E-4
1,79115E-4
1,8015E-4
1,84102E-4
1,78902E-4
1,81195E-4
3,20279E-4
1,81766E-4
1,80136E-4
1,84563E-4
1,75382E-4
1,77551E-4
1,80772E-4
2,02374E-4
1,82793E-4
1,77722E-4
1,85699E-4
1,80125E-4
1,86394E-4
1,80448E-4
1,90615E-4
1,84593E-4
1,79551E-4
1,75058E-4
1,80822E-4
1,88148E-4
1,99532E-4
1,90627E-4
1,86516E-4
3,16381E-4
1,83389E-4
1,82569E-4
2,00798E-4
1,81656E-4
1,82481E-4
1,84503E-4
1,84992E-4
1,85117E-4
2,22216E-4
1,79849E-4
1,81406E-4
1,81439E-4
1,85193E-4
1,92543E-4
1,81058E-4
1,87209E-4
0,00145458
1,86399E-4
1,85729E-4
1,89857E-4
1,82239E-4
1,83246E-4
1,81845E-4
1,81016E-4
1,85906E-4
1,87848E-4
1,82378E-4
1,84036E-4
1,85045E-4
1,83486E-4
1,84318E-4
1,88212E-4
1,84951E-4
1,83026E-4
1,84435E-4
1,85009E-4
1,86321E-4
1,82494E-4
1,82883E-4
1,89901E-4
1,84431E-4
1,83898E-4
1,86598E-4
1,82756E-4
1,80501E-4
1,81864E-4
1,8823E-4
1,87051E-4
1,79797E-4
2,96873E-4
1,83132E-4
1,83605E-4
2,00135E-4
1,80928E-4
1,79755E-4
1,78558E-4
3,22394E-4
1,78923E-4
1,79508E-4
0,001440077
1,80843E-4
1,8079E-4
1,84126E-4
1,83381E-4
1,83164E-4
1,8037E-4
1,80879E-4
1,82169E-4
1,79733E-4
1,82252E-4
1,82704E-4
1,81847E-4
1,82428E-4
1,91582E-4
1,8134E-4
1,84082E-4
1,85178E-4
1,85594E-4
1,95839E-4
1,85982E-4
1,81538E-4
1,81666E-4
1,78277E-4
1,77605E-4
1,79541E-4
1,84316E-4
1,89561E-4
1,88325E-4
1,82369E-4
1,86224E-4
1,79284E-4
1,81121E-4
1,83606E-4
1,89074E-4
1,8631E-4
1,833E-4
1,87241E-4
1,8418E-4
1,86704E-4
1,88493E-4
1,83792E-4
1,82116E-4
1,83618E-4
1,87307E-4
1,9045E-4
1,85339E-4
2,89188E-4
1,82914E-4
1,85919E-4
2,00787E-4
1,85906E-4
1,84619E-4
2,99101E-4
1,8925E-4
1,86754E-4
1,86534E-4
1,80825E-4
1,91792E-4
1,80452E-4
1,81323E-4
2,54418E-4
1,81398E-4
1,84842E-4
1,81471E-4
1,79178E-4
1,82236E-4
1,83274E-4
1,75059E-4
1,85498E-4
1,81412E-4
1,90979E-4
3,05861E-4
1,86696E-4
1,84905E-4
1,82309E-4
1,77836E-4
1,80275E-4
1,82528E-4
1,74211E-4
1,78754E-4
3,32226E-4
1,86394E-4
1,83542E-4
1,83757E-4
1,80531E-4
1,87915E-4
1,88784E-4
1,83911E-4
1,81325E-4
1,85463E-4
1,80809E-4
1,85759E-4
1,77914E-4
1,80687E-4
1,8522E-4
1,79253E-4
1,90234E-4
1,8346E-4
1,94024E-4
1,85952E-4
1,81666E-4
1,86748E-4
1,97741E-4
1,86998E-4
1,80468E-4
1,86228E-4
1,86472E-4
1,83243E-4
1,87507E-4
1,87654E-4
1,8415E-4
3,36375E-4
2,06851E-4
1,84638E-4
1,9302E-4
1,80623E-4
1,85065E-4
3,37929E-4
3,40023E-4
3,20545E-4
1,82583E-4
1,7684E-4
1,7554E-4
1,78091E-4
1,82899E-4
1,81325E-4
1,81003E-4
1,79207E-4
1,84803E-4
1,86023E-4
1,9056E-4
2,80046E-4
1,82256E-4
1,78379E-4
1,80157E-4
1,87003E-4
1,75507E-4
1,92035E-4
1,81234E-4
1,81606E-4
1,89218E-4
1,84837E-4
1,80012E-4
1,8656E-4
1,85184E-4
1,79938E-4
1,83788E-4
1,79273E-4
1,8203E-4
1,80196E-4
1,81396E-4
1,82077E-4
1,88044E-4
1,86197E-4
1,92692E-4
1,83701E-4
1,83327E-4
1,88739E-4
1,82291E-4
3,27242E-4
3,10758E-4
1,81218E-4
1,84621E-4
1,85588E-4
1,88807E-4
1,87463E-4
1,82524E-4
3,08218E-4
1,79423E-4
1,81853E-4
1,85738E-4
1,82039E-4
1,85622E-4
1,8382E-4
1,85067E-4
1,85206E-4
1,87759E-4
1,90948E-4
3,46201E-4
1,83236E-4
1,95015E-4
1,80418E-4
1,82899E-4
1,86054E-4
1,8331E-4
1,80572E-4
1,83209E-4
1,768E-4
1,79484E-4
1,7866E-4
1,76522E-4
1,86111E-4
2,9561E-4
1,81718E-4
1,82839E-4
1,88506E-4
1,82811E-4
0,001387078
2,77718E-4
1,79254E-4
1,82412E-4
1,82362E-4
1,79294E-4
1,78287E-4
1,7936E-4
1,86398E-4
1,83436E-4
1,79498E-4
1,85132E-4
1,77941E-4
1,79449E-4
1,81075E-4
1,7912E-4
1,80198E-4
1,7947E-4
1,83068E-4
1,81526E-4
1,78352E-4
1,7925E-4
1,81084E-4
1,76843E-4
1,7541E-4
1,7906E-4
1,81772E-4
1,80556E-4
1,77724E-4
1,83154E-4
3,23734E-4
1,83207E-4
1,84502E-4
1,83907E-4
1,8415E-4
1,83028E-4
1,82062E-4
1,83608E-4
1,87887E-4
1,83218E-4
1,90053E-4
1,83419E-4
1,85387E-4
0,001378675
1,80662E-4
1,79356E-4
1,82881E-4
1,81578E-4
1,84005E-4
1,83813E-4
1,82229E-4
1,9603E-4
1,82573E-4
1,79261E-4
2,2433E-4
3,22299E-4
1,81092E-4
1,82214E-4
2,60142E-4
1,79491E-4
1,83034E-4
1,80297E-4
3,35751E-4
1,84842E-4
1,83139E-4
1,79998E-4
1,7827E-4
1,79672E-4
1,81492E-4
1,8923E-4
1,81983E-4
1,86179E-4
1,8664E-4
1,80733E-4
1,90154E-4
1,90433E-4
1,8189E-4
1,81527E-4
1,78702E-4
1,84046E-4
1,9743E-4
1,75664E-4
1,80915E-4
1,79729E-4
1,76705E-4
1,80341E-4
0,00140375
1,83175E-4
1,85084E-4
1,80911E-4
1,79748E-4
1,83645E-4
1,86563E-4
1,8435E-4
1,85506E-4
1,84438E-4
1,85791E-4
1,88859E-4
1,84501E-4
1,88041E-4
1,83903E-4
1,88568E-4
3,05333E-4
1,856E-4
1,95035E-4
3,22882E-4
1,84359E-4
1,81875E-4
1,90817E-4
1,79436E-4
2,65552E-4
1,77776E-4
1,81153E-4
2,07048E-4
1,80749E-4
1,75601E-4
1,7973E-4
1,80349E-4
1,84642E-4
1,87825E-4
1,80367E-4
1,95874E-4
1,82967E-4
1,85958E-4
1,87038E-4
1,81906E-4
1,77918E-4
1,86533E-4
1,86584E-4
1,84635E-4
3,45602E-4
1,74507E-4
1,80161E-4
1,81732E-4
1,82679E-4
1,85235E-4
1,80828E-4
1,84788E-4
1,84782E-4
1,8354E-4
1,84978E-4
1,94432E-4
1,86161E-4
2,5085E-4
1,86798E-4
1,86999E-4
1,90315E-4
1,87E-4
1,85914E-4
1,87313E-4
2,00327E-4
1,84894E-4
1,79556E-4
1,87929E-4
1,86578E-4
2,89731E-4
1,86914E-4
1,88022E-4
1,83365E-4
1,86957E-4
1,85751E-4
1,87225E-4
1,99254E-4
1,86157E-4
1,88391E-4
2,59608E-4
3,26079E-4
1,82999E-4
1,85391E-4
1,85438E-4
1,82658E-4
1,94841E-4
1,8327E-4
2,02947E-4
1,86707E-4
1,95338E-4
1,95758E-4
1,84445E-4
1,81098E-4
1,85366E-4
1,80935E-4
1,8651E-4
3,16686E-4
1,79748E-4
1,87187E-4
1,77005E-4
1,85073E-4
1,87547E-4
2,04259E-4
1,83414E-4
1,86328E-4
1,85804E-4
1,84952E-4
1,896E-4
1,92499E-4
1,84645E-4
1,77964E-4
3,17703E-4
1,8563E-4
1,79333E-4
3,47685E-4
1,7967E-4
1,80376E-4
1,71845E-4
1,75898E-4
1,78942E-4
1,77478E-4
1,9166E-4
1,83919E-4
1,91117E-4
1,86765E-4
1,96198E-4
1,8736E-4
1,94386E-4
1,85215E-4
1,81437E-4
1,78171E-4
1,85231E-4
1,82106E-4
1,88142E-4
1,88972E-4
1,8E-4
1,82435E-4
1,81791E-4
1,853E-4
1,79762E-4
1,80729E-4
1,81656E-4
1,83779E-4
1,7953E-4
3,21888E-4
1,83718E-4
1,82762E-4
1,89115E-4
1,8895E-4
1,85201E-4
1,80471E-4
1,77777E-4
1,7894E-4
1,80547E-4
1,86724E-4
1,86417E-4
1,86398E-4
1,77684E-4
1,86186E-4
1,87942E-4
1,86502E-4
1,82265E-4
1,85818E-4
1,82963E-4
1,86726E-4
1,85436E-4
1,87352E-4
1,81725E-4
1,86807E-4
1,83E-4
1,82729E-4
1,82693E-4
2,60276E-4
1,86674E-4
1,90336E-4
1,85736E-4
1,85317E-4
1,82426E-4
1,88163E-4
2,02898E-4
1,85656E-4
2,10064E-4
1,83845E-4
1,84953E-4
1,84598E-4
1,84661E-4
1,79232E-4
1,81556E-4
1,81036E-4
1,8091E-4
1,77407E-4
1,88711E-4
1,88498E-4
1,87341E-4
1,85888E-4
1,86418E-4
1,86071E-4
1,80795E-4
1,88194E-4
1,80579E-4
1,81466E-4
1,86162E-4
1,84479E-4
1,88164E-4
1,88111E-4
1,87081E-4
1,83818E-4
1,86204E-4
1,81815E-4
1,85891E-4
1,84812E-4
2,7678E-4
1,76439E-4
1,78271E-4
1,82755E-4
1,83554E-4
1,85802E-4
1,85343E-4
1,82432E-4
1,86449E-4
1,80523E-4
1,82732E-4
1,78404E-4
1,84436E-4
1,82852E-4
1,81832E-4
3,40355E-4
1,87482E-4
1,79594E-4
1,85057E-4
1,82101E-4
1,78733E-4
1,83339E-4
1,81331E-4
1,83716E-4
1,81191E-4
1,78178E-4
1,7894E-4
1,87743E-4
1,83098E-4
1,82324E-4
0,001474695
1,82232E-4
1,83651E-4
1,81516E-4
1,84198E-4
1,82676E-4
2,5109E-4
1,84185E-4
1,84801E-4
1,82273E-4
1,83026E-4
1,79315E-4
1,79647E-4
1,84133E-4
1,81512E-4
1,77867E-4
1,82781E-4
1,78678E-4
1,79427E-4
1,84469E-4
1,83768E-4
1,80892E-4
1,80627E-4
1,80941E-4
1,78619E-4
2,82319E-4
1,85895E-4
1,89865E-4
1,81687E-4
1,85066E-4
1,78951E-4
1,88248E-4
1,82891E-4
1,83604E-4
1,80459E-4
1,83202E-4
1,8039E-4
1,80481E-4
1,81156E-4
1,79481E-4
1,8074E-4
1,80068E-4
1,83567E-4
1,87809E-4
1,83663E-4
1,83323E-4
1,81897E-4
1,82757E-4
1,82927E-4
2,56214E-4
1,86499E-4
1,81422E-4
1,8843E-4
1,86439E-4
1,86317E-4
1,83465E-4
1,82259E-4
1,82997E-4
1,83608E-4
1,83253E-4
1,82022E-4
1,83774E-4
2,50068E-4
1,77268E-4
1,87825E-4
1,82633E-4
2,05707E-4
1,8825E-4
1,81878E-4
1,88925E-4
2,45312E-4
1,88836E-4
1,88048E-4
1,88945E-4
1,88344E-4
2,90084E-4
1,84023E-4
2,02156E-4
1,90853E-4
1,92249E-4
1,86763E-4
3,36249E-4
1,76226E-4
1,81454E-4
1,76408E-4
1,82775E-4
1,82191E-4
1,84658E-4
1,83334E-4
1,86502E-4
1,83151E-4
1,80571E-4
1,8464E-4
1,7968E-4
1,83887E-4
1,84139E-4
1,97206E-4
1,84002E-4
1,84788E-4
1,87439E-4
1,84549E-4
2,07208E-4
1,8295E-4
1,86103E-4
1,85624E-4
1,84492E-4
1,8371E-4
1,89484E-4
1,94814E-4
1,98893E-4
1,7822E-4
1,84822E-4
0,001480342
1,86756E-4
3,33162E-4
1,79479E-4
1,81364E-4
1,86417E-4
1,79927E-4
1,8571E-4
1,86178E-4
1,84489E-4
2,98978E-4
1,84907E-4
1,83013E-4
1,84995E-4
1,87283E-4
1,85653E-4
1,84101E-4
1,84547E-4
1,86018E-4
3,0065E-4
1,84486E-4
1,90734E-4
1,83612E-4
1,84854E-4
1,79224E-4
1,79476E-4
1,83774E-4
1,81423E-4
1,8393E-4
3,37776E-4
1,87261E-4
1,82582E-4
1,80404E-4
1,79013E-4
1,7803E-4
1,83658E-4
1,86466E-4
1,85601E-4
1,79855E-4
1,88241E-4
1,83544E-4
1,86246E-4
1,83998E-4
0,001450285
1,86487E-4
1,86517E-4
1,82454E-4
1,83394E-4
1,8186E-4
1,9044E-4
1,86678E-4
2,32329E-4
1,87894E-4
2,94235E-4
1,8212E-4
1,86193E-4
1,86058E-4
1,83437E-4
1,80965E-4
1,81481E-4
3,08856E-4
1,82046E-4
1,82723E-4
1,79272E-4
1,79962E-4
1,78429E-4
3,28457E-4
1,89481E-4
1,91422E-4
1,8774E-4
1,86129E-4
2,09491E-4
1,83298E-4
1,84675E-4
1,89839E-4
1,83958E-4
1,89837E-4
1,88531E-4
1,89191E-4
1,87603E-4
1,82657E-4
1,79246E-4
1,85881E-4
1,87662E-4
1,81018E-4
1,80263E-4
1,83694E-4
1,84564E-4
1,78524E-4
1,8069E-4
1,87074E-4
1,88606E-4
2,81977E-4
1,83056E-4
1,83192E-4
1,83924E-4
1,87704E-4
1,81843E-4
1,77624E-4
1,81443E-4
1,82982E-4
1,81879E-4
1,81483E-4
1,80506E-4
1,80772E-4
1,83206E-4
3,10863E-4
1,8555E-4
1,83015E-4
1,82975E-4
1,84608E-4
1,86133E-4
1,91526E-4
1,83857E-4
1,87689E-4
1,84103E-4
2,91367E-4
1,7841E-4
1,84785E-4
1,79121E-4
2,85925E-4
1,97232E-4
1,82565E-4
1,8359E-4
1,84708E-4
1,8327E-4
1,81258E-4
1,83211E-4
1,79335E-4
1,81762E-4
1,83899E-4
1,78998E-4
2,47352E-4
1,99522E-4
2,94976E-4
1,89923E-4
1,88364E-4
3,29323E-4
1,85768E-4
2,88969E-4
1,8231E-4
1,83118E-4
1,79603E-4
1,80121E-4
1,84335E-4
1,82335E-4
1,90303E-4
1,8247E-4
1,98717E-4
1,82077E-4
2,48737E-4
2,8507E-4
1,83732E-4
1,85199E-4
1,84676E-4
1,8576E-4
1,80016E-4
1,83429E-4
1,87015E-4
1,82091E-4
1,84783E-4
1,85165E-4
1,86011E-4
1,83993E-4
1,86234E-4
1,84545E-4
3,22424E-4
1,78497E-4
1,80049E-4
1,80402E-4
1,78934E-4
1,84094E-4
1,82531E-4
3,24337E-4
1,78326E-4
1,81005E-4
1,81469E-4
1,78107E-4
1,86795E-4
1,84416E-4
1,83748E-4
1,86315E-4
1,82207E-4
1,86183E-4
3,30207E-4
1,80065E-4
1,82845E-4
1,77711E-4
1,82576E-4
1,85791E-4
1,78271E-4
1,79454E-4
1,8051E-4
1,85687E-4
1,78482E-4
1,82064E-4
1,80013E-4
1,83093E-4
1,86547E-4
1,79452E-4
1,78957E-4
1,98105E-4
1,79992E-4
1,82224E-4
1,8527E-4
1,83416E-4
1,85997E-4
1,85376E-4
2,68283E-4
1,75066E-4
1,73973E-4
1,79901E-4
1,79367E-4
1,81145E-4
1,7875E-4
1,79103E-4
1,8171E-4
1,75361E-4
1,83028E-4
1,88112E-4
1,75568E-4
1,8649E-4
1,78742E-4
1,78803E-4
1,83633E-4
1,78833E-4
1,85283E-4
1,84704E-4
1,88909E-4
1,86062E-4
1,83346E-4
1,82044E-4
1,80513E-4
1,83628E-4
1,82504E-4
1,8535E-4
1,7888E-4
1,85272E-4
1,85292E-4
1,84107E-4
1,84251E-4
0,001425473
1,81078E-4
1,84785E-4
1,80797E-4
1,8416E-4
1,86811E-4
1,86649E-4
1,84395E-4
1,81761E-4
1,81972E-4
1,84117E-4
1,84597E-4
1,83512E-4
1,84493E-4
1,83758E-4
1,7991E-4
1,80411E-4
1,80649E-4
1,85722E-4
1,84408E-4
1,89528E-4
1,83084E-4
1,8298E-4
1,8282E-4
1,84153E-4
1,83011E-4
1,84474E-4
1,77756E-4
1,78351E-4
1,79271E-4
1,83783E-4
1,80693E-4
1,84817E-4
1,81395E-4
1,80338E-4
1,84393E-4
1,79108E-4
3,21536E-4
2,67594E-4
1,83753E-4
1,81865E-4
1,80879E-4
1,8465E-4
0,001490224
1,75007E-4
1,78977E-4
1,84332E-4
1,84325E-4
1,89186E-4
1,92366E-4
1,89655E-4
1,85127E-4
1,85016E-4
1,88673E-4
1,8889E-4
1,87636E-4
1,85076E-4
1,84568E-4
1,83024E-4
2,36152E-4
1,86815E-4
1,83362E-4
1,84609E-4
1,79511E-4
1,7889E-4
3,02107E-4
1,85056E-4
1,80236E-4
1,7622E-4
1,87037E-4
3,05466E-4
1,78985E-4
1,82141E-4
1,82034E-4
2,64428E-4
2,83039E-4
1,83846E-4
1,80591E-4
1,89274E-4
1,81387E-4
1,79935E-4
1,8189E-4
1,78321E-4
1,79584E-4
1,8182E-4
1,81319E-4
0,001338756
1,86341E-4
1,79316E-4
1,79153E-4
1,76755E-4
1,77858E-4
1,77173E-4
1,7983E-4
1,77489E-4
1,80872E-4
1,85014E-4
1,83428E-4
1,82495E-4
1,76066E-4
1,78999E-4
1,81447E-4
1,78666E-4
1,80121E-4
1,79993E-4
1,82801E-4
1,82503E-4
1,84636E-4
1,85862E-4
1,84514E-4
1,85714E-4
1,82797E-4
1,82787E-4
1,82992E-4
1,83904E-4
1,79346E-4
1,84854E-4
1,85179E-4
1,84132E-4
1,81673E-4
1,81237E-4
1,84902E-4
1,81942E-4
1,86639E-4
1,84112E-4
1,80504E-4
1,78641E-4
1,80182E-4
1,77785E-4
1,81843E-4
1,82275E-4
1,86279E-4
1,91916E-4
1,82701E-4
1,85471E-4
1,82186E-4
1,7897E-4
1,85368E-4
1,83884E-4
1,83083E-4
1,79361E-4
1,77484E-4
1,78497E-4
1,78521E-4
1,84933E-4
1,86712E-4
1,8104E-4
1,85337E-4
1,88616E-4
1,80939E-4
1,84405E-4
2,88636E-4
1,87509E-4
1,86905E-4
1,88503E-4
1,90652E-4
1,83566E-4
1,87662E-4
1,77909E-4
1,86826E-4
1,76477E-4
1,82125E-4
1,86948E-4
1,85042E-4
1,91436E-4
1,82671E-4
1,81965E-4
1,83332E-4
1,79772E-4
1,80954E-4
1,83607E-4
1,83914E-4
1,82764E-4
3,24678E-4
1,86071E-4
1,78108E-4
1,8542E-4
1,83164E-4
1,85466E-4
1,84022E-4
1,83206E-4
1,86855E-4
1,78625E-4
1,82094E-4
1,87715E-4
1,79688E-4
1,7925E-4
1,77835E-4
1,81636E-4
1,79484E-4
1,79888E-4
1,81534E-4
1,82081E-4
1,79705E-4
1,85268E-4
2,97305E-4
3,32307E-4
2,80078E-4
1,84614E-4
2,04325E-4
1,86407E-4
1,87154E-4
1,80985E-4
1,84507E-4
1,83849E-4
3,00759E-4
1,78959E-4
1,83866E-4
1,78657E-4
1,81763E-4
1,78618E-4
3,24221E-4
1,84674E-4
1,85375E-4
1,91313E-4
1,81346E-4
1,82881E-4
1,78188E-4
1,87443E-4
1,84791E-4
1,83291E-4
1,83801E-4
1,82154E-4
1,84151E-4
1,84943E-4
1,82669E-4
1,80741E-4
1,8228E-4
1,90188E-4
1,79889E-4
1,79302E-4
1,81871E-4
1,80097E-4
1,86414E-4
1,98768E-4
1,89222E-4
1,86077E-4
1,87189E-4
1,89394E-4
1,86348E-4
1,88441E-4
0,001471358
1,80743E-4
1,88444E-4
1,80818E-4
1,98357E-4
1,82912E-4
1,85785E-4
1,82047E-4
1,96411E-4
1,89072E-4
1,76636E-4
1,84457E-4
1,84441E-4
1,79482E-4
1,84407E-4
1,84955E-4
1,83433E-4
3,34011E-4
1,79066E-4
1,8602E-4
1,90839E-4
1,85295E-4
1,86675E-4
1,86401E-4
3,18584E-4
1,83692E-4
1,93562E-4
1,81966E-4
1,85224E-4
1,92243E-4
1,86473E-4
1,83334E-4
1,87712E-4
1,84549E-4
1,85226E-4
1,86844E-4
1,85741E-4
1,79886E-4
1,80396E-4
1,9398E-4
1,83832E-4
1,80596E-4
1,82349E-4
1,81585E-4
1,81937E-4
1,8682E-4
2,58777E-4
1,81865E-4
1,81546E-4
1,87021E-4
1,79903E-4
1,79081E-4
1,82895E-4
1,81529E-4
1,78225E-4
1,84122E-4
1,80828E-4
1,81869E-4
1,79456E-4
1,82957E-4
1,82691E-4
1,89463E-4
1,87786E-4
1,88367E-4
2,86452E-4
1,79926E-4
1,76954E-4
1,8279E-4
1,83215E-4
1,86782E-4
3,21396E-4
1,7689E-4
1,82853E-4
1,86889E-4
1,86452E-4
1,80749E-4
2,03314E-4
1,86349E-4
1,85477E-4
1,85097E-4
1,86197E-4
1,87098E-4
3,18389E-4
1,80524E-4
2,9925E-4
1,81309E-4
1,87235E-4
1,83643E-4
1,83195E-4
1,85723E-4
1,84883E-4
1,84587E-4
1,86574E-4
1,81737E-4
1,82815E-4
1,85995E-4
1,85902E-4
1,83639E-4
2,35639E-4
1,85118E-4
1,83378E-4
1,82936E-4
1,8569E-4
1,83965E-4
2,7099E-4
1,80903E-4
1,84277E-4
1,88124E-4
1,77609E-4
1,86614E-4
1,79319E-4
2,73508E-4
1,81524E-4
1,80074E-4
2,91956E-4
3,38732E-4
1,83157E-4
1,87428E-4
1,85275E-4
1,82236E-4
1,85479E-4
2,07072E-4
1,80789E-4
1,82841E-4
1,76608E-4
1,7884E-4
1,78787E-4
1,81237E-4
1,80199E-4
1,84303E-4
1,83301E-4
1,79934E-4
1,81514E-4
2,45561E-4
1,86161E-4
1,8499E-4
1,88124E-4
1,84013E-4
2,44541E-4
1,81398E-4
3,11693E-4
1,8554E-4
1,84683E-4
2,13156E-4
1,86964E-4
1,80826E-4
1,85157E-4
1,83587E-4
1,78123E-4
1,87443E-4
1,88641E-4
1,85163E-4
1,83361E-4
1,78958E-4
1,77907E-4
1,78641E-4
1,78428E-4
1,8212E-4
1,78603E-4
1,81999E-4
1,80791E-4
1,81718E-4
1,80185E-4
3,10218E-4
1,88588E-4
1,84522E-4
1,81115E-4
1,80951E-4
1,80728E-4
1,81166E-4
1,82714E-4
1,80339E-4
1,88566E-4
3,04422E-4
1,86037E-4
1,81598E-4
1,80637E-4
1,80785E-4
1,89847E-4
1,83949E-4
1,8079E-4
1,89202E-4
1,88346E-4
1,86327E-4
1,88319E-4
1,88186E-4
1,82792E-4
1,83809E-4
1,77316E-4
1,79398E-4
1,83582E-4
1,79089E-4
1,85716E-4
1,78471E-4
1,78357E-4
1,87475E-4
1,96872E-4
1,79353E-4
1,83695E-4
1,99595E-4
1,78771E-4
1,80616E-4
1,78568E-4
1,84405E-4
1,78915E-4
3,22015E-4
1,78157E-4
1,83224E-4
1,79049E-4
1,77633E-4
2,06239E-4
2,53394E-4
1,79148E-4
1,7879E-4
1,77476E-4
1,77379E-4
3,07908E-4
3,33445E-4
1,83867E-4
1,8561E-4
1,80412E-4
1,87272E-4
1,77836E-4
1,79436E-4
1,89221E-4
1,84909E-4
1,8735E-4
1,84345E-4
1,83449E-4
1,83264E-4
1,84489E-4
1,83278E-4
1,85097E-4
1,87274E-4
3,13922E-4
1,82686E-4
1,81514E-4
1,76759E-4
1,81446E-4
1,82299E-4
1,83988E-4
1,81586E-4
1,84751E-4
1,82209E-4
1,87228E-4
1,82645E-4
1,84077E-4
1,78649E-4
1,77386E-4
1,91878E-4
1,85273E-4
1,79668E-4
1,89606E-4
1,81762E-4
3,063E-4
1,88415E-4
1,81969E-4
1,83221E-4
1,9246E-4
1,87605E-4
1,86512E-4
1,88029E-4
1,81793E-4
2,03888E-4
1,81889E-4
1,85893E-4
1,90114E-4
0,001438386
1,82204E-4
1,82853E-4
1,87632E-4
1,85861E-4
1,87727E-4
1,85315E-4
1,87142E-4
1,83747E-4
1,84087E-4
1,79416E-4
1,87462E-4
3,34875E-4
1,83385E-4
1,82236E-4
1,82588E-4
1,83503E-4
3,06644E-4
1,80705E-4
1,85258E-4
1,84043E-4
1,83545E-4
1,91449E-4
1,81176E-4
1,84698E-4
1,87177E-4
1,89573E-4
1,92592E-4
1,83538E-4
1,83766E-4
1,79976E-4
3,09475E-4
1,7898E-4
1,7904E-4
1,82013E-4
3,24808E-4
1,82699E-4
1,91008E-4
1,84221E-4
1,85503E-4
1,87629E-4
1,82877E-4
1,83901E-4
3,28745E-4
1,83147E-4
1,8534E-4
1,82125E-4
2,66583E-4
1,81414E-4
1,82838E-4
1,8385E-4
1,83936E-4
1,85143E-4
1,83534E-4
1,8011E-4
1,81978E-4
1,82974E-4
1,83832E-4
3,21234E-4
2,02946E-4
1,77852E-4
1,84803E-4
1,83661E-4
1,80557E-4
1,8274E-4
1,79029E-4
1,81286E-4
1,78161E-4
1,8627E-4
1,85978E-4
1,85427E-4
1,8361E-4
1,83335E-4
1,83499E-4
1,85692E-4
1,83008E-4
1,82887E-4
1,81183E-4
1,80191E-4
1,85186E-4
1,90063E-4
1,81859E-4
1,85889E-4
1,87888E-4
1,82064E-4
1,81483E-4
0,001376223
1,98844E-4
1,82317E-4
1,82629E-4
1,81343E-4
2,00531E-4
1,84719E-4
1,86047E-4
1,86096E-4
1,84527E-4
1,89683E-4
1,9476E-4
1,88169E-4
1,8167E-4
1,833E-4
1,83526E-4
1,97397E-4
1,80735E-4
1,8452E-4
1,81479E-4
1,83736E-4
1,84341E-4
1,85536E-4
1,82543E-4
1,9155E-4
1,86487E-4
1,87576E-4
1,8181E-4
1,85666E-4
1,86196E-4
1,81829E-4
1,83232E-4
1,82438E-4
1,82261E-4
3,11156E-4
1,846E-4
1,80663E-4
1,78712E-4
1,7908E-4
3,12129E-4
1,81514E-4
3,05181E-4
1,80553E-4
1,82291E-4
1,91791E-4
1,81222E-4
1,81502E-4
3,08684E-4
1,98451E-4
1,84977E-4
1,86406E-4
2,03588E-4
1,8548E-4
1,82058E-4
1,82132E-4
1,89163E-4
1,83365E-4
1,83516E-4
1,83929E-4
1,81673E-4
1,82821E-4
1,8712E-4
1,87066E-4
1,82295E-4
1,8129E-4
1,80686E-4
1,85177E-4
2,04377E-4
1,83705E-4
1,84469E-4
1,77574E-4
1,78909E-4
1,78844E-4
1,79631E-4
1,84575E-4
1,88627E-4
1,75555E-4
1,79514E-4
2,81317E-4
1,91928E-4
1,86058E-4
2,94278E-4
2,08561E-4
1,87376E-4
2,01601E-4
1,8319E-4
1,79298E-4
1,82744E-4
1,82299E-4
1,83669E-4
1,81237E-4
1,80707E-4
1,82574E-4
1,83967E-4
1,79778E-4
1,8772E-4
2,27215E-4
1,79562E-4
1,83784E-4
1,99149E-4
1,78481E-4
1,83729E-4
1,83944E-4
1,87175E-4
1,82995E-4
1,80991E-4
1,84997E-4
1,91954E-4
1,86492E-4
1,84655E-4
1,83175E-4
1,82026E-4
0,001444971
1,83869E-4
1,88292E-4
1,85436E-4
1,87746E-4
1,83275E-4
1,82313E-4
1,82718E-4
1,81727E-4
1,88209E-4
1,81855E-4
1,78548E-4
1,7661E-4
1,80706E-4
1,8272E-4
1,892E-4
1,87914E-4
1,88315E-4
1,85164E-4
1,83769E-4
1,76864E-4
1,78193E-4
1,83674E-4
1,87065E-4
1,78137E-4
1,84383E-4
1,82741E-4
1,85108E-4
1,83163E-4
2,47258E-4
1,95891E-4
1,85098E-4
2,13005E-4
1,81855E-4
1,81789E-4
1,83473E-4
1,80324E-4
1,88073E-4
1,81897E-4
1,82623E-4
1,84416E-4
1,8102E-4
1,78677E-4
1,92926E-4
1,81189E-4
1,77932E-4
1,86233E-4
1,78756E-4
1,78941E-4
1,74965E-4
1,76514E-4
1,84265E-4
1,85383E-4
1,77224E-4
1,79185E-4
1,78085E-4
2,55559E-4
1,79367E-4
1,8489E-4
2,3108E-4
1,7702E-4
1,80654E-4
1,8157E-4
1,86316E-4
1,8071E-4
2,57212E-4
1,8251E-4
1,7986E-4
1,83254E-4
2,30416E-4
1,80854E-4
1,81854E-4
2,78963E-4
1,84011E-4
1,86838E-4
1,84364E-4
1,83288E-4
1,83455E-4
1,84962E-4
1,77337E-4
3,20468E-4
1,80039E-4
1,79025E-4
1,8456E-4
1,78656E-4
1,79875E-4
1,78618E-4
1,81998E-4
2,58557E-4
1,81167E-4
3,40991E-4
1,84701E-4
1,78678E-4
1,81197E-4
1,79955E-4
1,83274E-4
1,81741E-4
1,78761E-4
1,78145E-4
1,9323E-4
1,77266E-4
1,82806E-4
1,84569E-4
1,83592E-4
1,84534E-4
1,88564E-4
2,76507E-4
1,84137E-4
1,85715E-4
3,12448E-4
1,85136E-4
1,99898E-4
0,001533874
1,79688E-4
3,27259E-4
3,01604E-4
1,84998E-4
1,83444E-4
1,92721E-4
1,83597E-4
1,82654E-4
1,83462E-4
1,79096E-4
1,81222E-4
2,21279E-4
1,84167E-4
1,86576E-4
1,83478E-4
1,84013E-4
1,82952E-4
1,84197E-4
1,85518E-4
1,81282E-4
1,81505E-4
1,76665E-4
1,7896E-4
1,79284E-4
1,79633E-4
2,95387E-4
1,79852E-4
1,8082E-4
1,83689E-4
1,84984E-4
1,8068E-4
3,46838E-4
2,69224E-4
3,14676E-4
1,84265E-4
2,94001E-4
3,22536E-4
1,79166E-4
1,84312E-4
1,85035E-4
1,85847E-4
1,82523E-4
1,83789E-4
1,81605E-4
1,81974E-4
1,83444E-4
1,81384E-4
1,8894E-4
1,82344E-4
1,9882E-4
1,82374E-4
2,13786E-4
1,8494E-4
1,84476E-4
1,78686E-4
1,82115E-4
1,85038E-4
1,81258E-4
1,81043E-4
1,87089E-4
1,79332E-4
1,8185E-4
1,82954E-4
1,81964E-4
1,84925E-4
1,81555E-4
1,83568E-4
1,82977E-4
1,84802E-4
1,82617E-4
2,02214E-4
1,82069E-4
1,79138E-4
3,30787E-4
1,78133E-4
2,10016E-4
1,83096E-4
2,56573E-4
1,81721E-4
1,79332E-4
1,7994E-4
1,79879E-4
1,8192E-4
1,82983E-4
2,58028E-4
1,80399E-4
1,85939E-4
1,79524E-4
1,78281E-4
1,85579E-4
1,8122E-4
1,79028E-4
1,78432E-4
1,83372E-4
2,78548E-4
1,88176E-4
1,78317E-4
1,76752E-4
1,88826E-4
1,80349E-4
1,8456E-4
1,8907E-4
1,81092E-4
1,8711E-4
1,82435E-4
1,80251E-4
1,86793E-4
1,83788E-4
1,8557E-4
1,89587E-4
1,84804E-4
0,00132578
1,85578E-4
1,8876E-4
1,90101E-4
1,86903E-4
1,907E-4
1,84319E-4
2,03767E-4
2,02755E-4
1,90422E-4
1,85364E-4
1,86415E-4
1,86645E-4
1,82409E-4
1,86168E-4
1,86513E-4
2,58941E-4
3,10401E-4
1,83943E-4
1,88232E-4
1,81793E-4
1,79842E-4
1,77709E-4
1,77433E-4
1,84879E-4
1,85422E-4
1,8574E-4
3,12923E-4
1,85459E-4
1,84151E-4
1,804E-4
1,79394E-4
1,85074E-4
1,86047E-4
1,83636E-4
1,84365E-4
1,82309E-4
1,86303E-4
1,85809E-4
1,81088E-4
1,83364E-4
1,83319E-4
1,90372E-4
0,001528851
1,85926E-4
1,84505E-4
1,82949E-4
1,86332E-4
1,88542E-4
1,81918E-4
1,84469E-4
1,83521E-4
1,83984E-4
1,82987E-4
1,80342E-4
1,82602E-4
1,87536E-4
1,81526E-4
1,81985E-4
1,81267E-4
1,82492E-4
1,80346E-4
1,82977E-4
1,84696E-4
1,81258E-4
1,82455E-4
1,90523E-4
1,95314E-4
1,85593E-4
1,79099E-4
1,80943E-4
1,79142E-4
1,81464E-4
1,78662E-4
1,81048E-4
1,81639E-4
1,80765E-4
1,8286E-4
1,78294E-4
1,81403E-4
1,83167E-4
1,80864E-4
1,80948E-4
1,82354E-4
1,79812E-4
2,40704E-4
1,77866E-4
1,78121E-4
1,7958E-4
1,81433E-4
1,80669E-4
1,80001E-4
1,81017E-4
1,78868E-4
1,81787E-4
1,81181E-4
1,79078E-4
1,82257E-4
1,79755E-4
1,80869E-4
1,80056E-4
1,77376E-4
1,81619E-4
1,78229E-4
1,76929E-4
1,75579E-4
1,79774E-4
1,80993E-4
1,75762E-4
1,79288E-4
1,7924E-4
1,80431E-4
1,84665E-4
3,25099E-4
1,81436E-4
1,78303E-4
1,76927E-4
1,90034E-4
1,81434E-4
1,83687E-4
1,82924E-4
1,80176E-4
1,7682E-4
1,77575E-4
1,79142E-4
1,81053E-4
1,80992E-4
1,86151E-4
1,83609E-4
1,79819E-4
1,83207E-4
1,78977E-4
1,80283E-4
1,81213E-4
1,84404E-4
1,80356E-4
1,80173E-4
1,78397E-4
1,82418E-4
1,77055E-4
1,82092E-4
1,80947E-4
1,92964E-4
1,79078E-4
1,79913E-4
1,94549E-4
2,00653E-4
2,64706E-4
1,80589E-4
1,79922E-4
1,79692E-4
1,78604E-4
1,82124E-4
1,8051E-4
1,81185E-4
0,001395658
1,79999E-4
1,81372E-4
1,79539E-4
1,79639E-4
2,93102E-4
1,80452E-4
1,97082E-4
1,77988E-4
1,79181E-4
1,80174E-4
1,83926E-4
1,81189E-4
1,84273E-4
1,78732E-4
1,82465E-4
1,78341E-4
1,78876E-4
3,03533E-4
1,79624E-4
1,86651E-4
1,85509E-4
1,83499E-4
1,80659E-4
1,82534E-4
1,86617E-4
1,82764E-4
1,77702E-4
1,80002E-4
1,79971E-4
1,76633E-4
1,89582E-4
1,81762E-4
1,7988E-4
1,77537E-4
1,7948E-4
1,78582E-4
1,81417E-4
1,83866E-4
1,79855E-4
1,77746E-4
1,77567E-4
1,78972E-4
1,80035E-4
1,8414E-4
1,82004E-4
1,81641E-4
1,89296E-4
1,84842E-4
1,77033E-4
1,79999E-4
1,81639E-4
1,8099E-4
1,77078E-4
1,81058E-4
1,76295E-4
1,77148E-4
1,74715E-4
1,77031E-4
1,78228E-4
1,75298E-4
2,8268E-4
1,78971E-4
1,75496E-4
1,78037E-4
1,80321E-4
1,7863E-4
1,81211E-4
1,80923E-4
1,84025E-4
1,87051E-4
1,89224E-4
1,81169E-4
2,96997E-4
1,80358E-4
1,80769E-4
1,81587E-4
1,8146E-4
1,80177E-4
1,77066E-4
1,80139E-4
1,79796E-4
1,77444E-4
1,77333E-4
1,79015E-4
1,78954E-4
1,78777E-4
1,79364E-4
1,81123E-4
1,78808E-4
1,7696E-4
1,80367E-4
1,83943E-4
1,84492E-4
1,77296E-4
1,8044E-4
1,8078E-4
1,7384E-4
1,7888E-4
1,79093E-4
1,79808E-4
1,77252E-4
1,85989E-4
1,78049E-4
1,82959E-4
1,809E-4
1,81795E-4
1,77556E-4
1,78092E-4
1,84495E-4
1,77405E-4
1,79925E-4
0,001359797
1,81581E-4
3,02859E-4
1,79723E-4
1,93138E-4
1,80273E-4
1,81662E-4
1,79297E-4
1,81458E-4
1,76775E-4
1,80117E-4
1,8356E-4
1,78485E-4
1,78503E-4
1,869E-4
1,83811E-4
1,79509E-4
1,82263E-4
1,80406E-4
1,80658E-4
1,81062E-4
1,89759E-4
1,76747E-4
1,81791E-4
1,81063E-4
1,83633E-4
1,93611E-4
1,86477E-4
1,8011E-4
1,81382E-4
1,77986E-4
1,7485E-4
1,77544E-4
1,7532E-4
1,79491E-4
1,84789E-4
1,79216E-4
1,79284E-4
1,8199E-4
1,84973E-4
1,81068E-4
1,7803E-4
1,84426E-4
1,82841E-4
1,80488E-4
1,84723E-4
1,84472E-4
1,87711E-4
1,75757E-4
1,80513E-4
1,90226E-4
1,80758E-4
1,83085E-4
1,80743E-4
1,77353E-4
1,8045E-4
1,79684E-4
1,77657E-4
1,77961E-4
1,78766E-4
1,76348E-4
1,78579E-4
1,85523E-4
1,72979E-4
1,77202E-4
1,84501E-4
1,81744E-4
1,76536E-4
1,83516E-4
1,85635E-4
1,91563E-4
1,80511E-4
1,8245E-4
1,82016E-4
1,7788E-4
1,84532E-4
1,80212E-4
1,81597E-4
1,8446E-4
1,77808E-4
1,80364E-4
1,80516E-4
1,86879E-4
1,84174E-4
1,78303E-4
1,82763E-4
1,79169E-4
1,80653E-4
1,74983E-4
1,80591E-4
1,79347E-4
1,88707E-4
1,91315E-4
1,80616E-4
1,81693E-4
1,8213E-4
1,83872E-4
1,79891E-4
1,759E-4
1,76357E-4
1,79825E-4
1,82664E-4
3,11556E-4
1,84936E-4
1,81545E-4
1,83728E-4
1,91447E-4
1,81589E-4
1,85682E-4
1,80081E-4
1,79707E-4
2,60844E-4
1,83454E-4
1,7722E-4
1,88509E-4
1,78878E-4
1,77767E-4
1,8913E-4
1,78073E-4
1,76254E-4
1,79604E-4
1,79057E-4
1,81035E-4
1,76181E-4
1,78615E-4
1,80832E-4
1,7744E-4
1,75297E-4
1,77456E-4
1,82245E-4
1,83183E-4
1,81411E-4
1,75016E-4
1,81855E-4
1,79282E-4
1,80361E-4
1,79412E-4
1,80875E-4
1,82786E-4
1,90553E-4
1,81405E-4
1,83271E-4
1,76834E-4
1,83456E-4
1,79361E-4
1,80556E-4
1,79266E-4
1,78087E-4
1,80004E-4
1,78847E-4
1,78856E-4
1,81167E-4
1,80331E-4
1,80339E-4
1,77778E-4
0,001303456
1,78937E-4
1,79583E-4
1,79748E-4
1,77993E-4
1,84846E-4
1,78985E-4
1,86011E-4
1,86119E-4
1,79079E-4
1,79123E-4
1,81592E-4
1,79768E-4
1,81437E-4
1,81363E-4
1,78541E-4
1,77307E-4
1,77701E-4
1,83059E-4
1,90477E-4
1,91671E-4
1,8486E-4
1,8315E-4
1,83694E-4
1,79793E-4
1,83862E-4
1,83868E-4
1,85913E-4
1,88496E-4
1,80585E-4
1,80932E-4
1,85433E-4
1,89238E-4
1,78644E-4
1,861E-4
1,79833E-4
1,83706E-4
1,83284E-4
1,84147E-4
1,83492E-4
1,80917E-4
1,95072E-4
1,78897E-4
1,88922E-4
1,92577E-4
1,87344E-4
1,8415E-4
1,83161E-4
1,84502E-4
1,85942E-4
1,86357E-4
1,81436E-4
1,86812E-4
1,9133E-4
1,84675E-4
1,82804E-4
2,70651E-4
1,84824E-4
1,84169E-4
1,9855E-4
1,75674E-4
1,79971E-4
1,79205E-4
1,86547E-4
1,81457E-4
1,8036E-4
1,76312E-4
1,78584E-4
1,86184E-4
1,85225E-4
1,82253E-4
1,82304E-4
1,85142E-4
1,81334E-4
1,94747E-4
1,78709E-4
1,79277E-4
1,88102E-4
1,83956E-4
1,82083E-4
1,81306E-4
1,83E-4
1,80093E-4
1,82424E-4
1,91737E-4
1,76994E-4
1,82924E-4
1,8453E-4
1,80521E-4
1,79204E-4
1,87958E-4
1,84936E-4
1,82313E-4
1,84835E-4
1,81801E-4
1,85404E-4
1,91166E-4
1,82531E-4
1,81824E-4
1,85732E-4
1,84015E-4
1,84058E-4
1,91776E-4
1,79484E-4
1,80315E-4
1,80678E-4
1,82794E-4
1,81479E-4
1,80921E-4
1,79426E-4
1,84972E-4
1,84098E-4
1,91444E-4
1,80319E-4
1,87243E-4
1,83573E-4
1,83072E-4
1,85536E-4
1,82769E-4
2,06694E-4
1,87225E-4
1,87115E-4
1,81667E-4
1,82705E-4
1,84465E-4
1,8087E-4
1,79049E-4
1,82494E-4
1,80143E-4
0,001346525
3,22532E-4
2,21827E-4
1,7754E-4
1,81692E-4
1,83732E-4
1,84479E-4
1,81895E-4
1,81348E-4
1,81733E-4
1,85862E-4
1,81932E-4
1,93377E-4
1,79852E-4
1,79403E-4
1,96418E-4
1,81358E-4
1,82444E-4
1,81222E-4
1,82191E-4
1,83546E-4
1,82567E-4
1,83951E-4
1,82534E-4
1,7749E-4
1,80716E-4
1,83895E-4
1,7914E-4
1,78159E-4
1,80204E-4
1,78547E-4
1,85393E-4
1,89571E-4
1,79348E-4
1,8239E-4
1,81212E-4
1,79957E-4
1,8007E-4
1,84631E-4
1,81974E-4
1,82902E-4
1,83201E-4
1,79615E-4
1,82843E-4
1,80895E-4
1,84394E-4
1,8893E-4
1,87267E-4
1,81753E-4
1,83026E-4
1,79776E-4
1,92796E-4
1,89909E-4
1,82917E-4
1,78661E-4
1,88779E-4
1,81809E-4
1,78689E-4
1,83044E-4
1,81431E-4
1,80648E-4
1,80847E-4
1,88626E-4
1,77631E-4
1,80333E-4
2,90235E-4
1,92491E-4
1,82362E-4
1,81307E-4
1,89682E-4
1,74795E-4
1,80074E-4
1,79595E-4
1,81336E-4
1,7928E-4
1,81035E-4
1,90755E-4
1,89967E-4
1,87124E-4
1,81705E-4
1,79763E-4
1,82292E-4
1,79941E-4
1,82496E-4
2,01353E-4
1,82431E-4
1,7938E-4
1,85537E-4
1,8082E-4
1,87309E-4
3,24303E-4
1,78205E-4
1,78465E-4
3,52537E-4
1,77629E-4
1,85019E-4
1,96934E-4
1,81346E-4
1,78245E-4
1,83115E-4
1,82634E-4
1,81254E-4
1,78729E-4
2,48234E-4
1,78308E-4
1,79709E-4
1,82497E-4
1,75863E-4
1,82924E-4
1,78259E-4
1,7691E-4
1,83785E-4
1,85486E-4
1,76703E-4
1,80828E-4
1,80545E-4
1,78454E-4
1,82092E-4
1,91272E-4
1,83075E-4
1,77681E-4
1,81015E-4
1,79183E-4
1,81502E-4
1,87946E-4
1,90296E-4
1,75691E-4
1,79772E-4
1,77967E-4
1,83727E-4
1,8287E-4
1,81912E-4
1,89118E-4
1,78499E-4
1,76794E-4
1,79476E-4
3,17408E-4
1,78742E-4
1,85444E-4
1,78002E-4
1,80368E-4
1,85034E-4
1,82101E-4
1,90526E-4
1,82754E-4
1,7599E-4
1,80246E-4
1,87736E-4
1,8608E-4
1,79713E-4
3,13174E-4
1,79169E-4
1,80042E-4
1,78605E-4
1,83037E-4
0,001424457
1,79404E-4
1,78201E-4
1,80108E-4
1,79223E-4
1,80709E-4
1,97344E-4
1,80565E-4
1,93627E-4
1,8179E-4
1,81218E-4
2,78508E-4
1,82603E-4
1,82738E-4
1,76881E-4
1,78361E-4
1,81065E-4
1,78217E-4
1,83889E-4
1,82054E-4
1,78916E-4
1,80363E-4
1,80918E-4
1,80705E-4
1,83245E-4
1,83006E-4
1,81029E-4
1,85407E-4
1,7712E-4
1,78528E-4
1,814E-4
1,80764E-4
1,76849E-4
1,78695E-4
1,78254E-4
3,62255E-4
