1,80345E-4
1,78404E-4
1,92187E-4
1,64946E-4
1,64824E-4
1,65895E-4
1,79422E-4
1,79285E-4
1,68221E-4
1,63475E-4
1,92529E-4
1,79918E-4
1,82679E-4
1,84556E-4
1,8561E-4
1,66665E-4
1,80458E-4
1,84252E-4
1,63085E-4
1,82881E-4
1,84025E-4
1,8334E-4
1,66712E-4
1,85484E-4
1,86653E-4
1,81982E-4
1,71337E-4
1,82776E-4
1,66048E-4
1,8359E-4
1,66677E-4
1,83363E-4
1,84443E-4
1,72019E-4
1,61754E-4
1,79779E-4
1,65548E-4
1,70989E-4
1,69282E-4
1,80311E-4
1,80473E-4
1,6653E-4
1,78183E-4
1,65145E-4
1,82491E-4
1,66414E-4
1,70036E-4
1,81421E-4
1,6799E-4
1,81435E-4
1,6705E-4
1,66351E-4
1,81159E-4
1,68518E-4
1,68346E-4
1,84902E-4
1,75857E-4
1,82828E-4
1,79114E-4
1,78466E-4
1,77847E-4
1,77221E-4
1,7956E-4
1,84276E-4
1,81755E-4
1,66111E-4
1,80034E-4
1,81463E-4
1,79903E-4
1,82341E-4
1,83605E-4
1,83019E-4
1,81873E-4
1,79079E-4
1,87118E-4
1,78135E-4
1,79527E-4
1,65564E-4
1,65627E-4
1,63178E-4
1,67814E-4
1,75834E-4
1,76822E-4
1,65713E-4
1,80985E-4
1,80146E-4
1,81282E-4
1,77537E-4
1,70082E-4
1,81742E-4
1,69124E-4
1,82318E-4
1,65793E-4
1,89715E-4
1,79363E-4
1,81126E-4
1,82703E-4
1,78717E-4
1,76186E-4
1,86754E-4
1,67715E-4
1,78735E-4
1,69168E-4
1,77994E-4
1,79132E-4
1,66235E-4
1,79474E-4
1,7938E-4
1,82069E-4
1,74819E-4
1,64528E-4
1,65121E-4
1,79312E-4
1,76977E-4
1,81234E-4
1,81016E-4
1,79409E-4
1,638E-4
1,79986E-4
1,61058E-4
1,78101E-4
1,61911E-4
1,60813E-4
1,67726E-4
1,70157E-4
1,79336E-4
1,87933E-4
1,84497E-4
1,80789E-4
1,8739E-4
1,8259E-4
1,81116E-4
1,70778E-4
1,81951E-4
1,83151E-4
1,91784E-4
1,73522E-4
1,86057E-4
1,85483E-4
1,86498E-4
1,69189E-4
1,66416E-4
1,72203E-4
1,70176E-4
1,70076E-4
1,71818E-4
1,69843E-4
1,87318E-4
1,71193E-4
1,67301E-4
1,66016E-4
1,65355E-4
1,66294E-4
1,65901E-4
1,65418E-4
1,64221E-4
1,65045E-4
0,001364554
1,67179E-4
1,64564E-4
1,64973E-4
1,63707E-4
1,64359E-4
1,62864E-4
1,63486E-4
1,67738E-4
1,66421E-4
1,67129E-4
1,63369E-4
1,62076E-4
1,63902E-4
1,66549E-4
1,65151E-4
1,69358E-4
1,78456E-4
1,70575E-4
1,828E-4
1,67488E-4
1,66025E-4
1,64997E-4
1,67786E-4
1,6826E-4
1,67402E-4
1,64981E-4
1,69915E-4
1,77158E-4
1,63296E-4
1,63967E-4
1,67711E-4
1,7829E-4
1,6762E-4
1,64581E-4
1,65625E-4
1,63994E-4
1,63583E-4
1,79069E-4
1,65073E-4
1,64672E-4
1,80435E-4
1,82148E-4
1,75042E-4
1,63269E-4
1,6076E-4
1,79996E-4
1,65704E-4
1,64255E-4
1,63159E-4
1,64361E-4
1,60988E-4
1,68099E-4
1,64451E-4
1,61859E-4
1,6245E-4
1,66945E-4
1,67543E-4
1,67256E-4
1,80108E-4
1,6729E-4
1,65023E-4
1,69422E-4
1,66177E-4
1,65509E-4
1,68613E-4
1,61723E-4
1,67366E-4
1,63753E-4
1,65235E-4
1,73423E-4
1,69718E-4
1,79684E-4
1,6513E-4
1,61774E-4
1,61087E-4
1,61143E-4
1,61073E-4
1,78858E-4
1,66212E-4
1,67981E-4
1,64786E-4
1,79361E-4
1,67725E-4
1,68518E-4
1,71023E-4
1,77725E-4
1,72744E-4
1,69109E-4
1,64377E-4
1,79467E-4
1,70773E-4
1,68722E-4
1,79352E-4
1,65989E-4
1,70256E-4
1,71031E-4
1,64398E-4
1,69377E-4
1,71821E-4
1,71624E-4
1,64704E-4
1,69994E-4
1,67384E-4
1,69371E-4
1,68835E-4
1,72787E-4
1,68634E-4
1,66392E-4
1,69196E-4
1,74529E-4
1,63983E-4
1,66684E-4
1,71008E-4
1,6573E-4
1,6646E-4
1,69005E-4
1,65304E-4
1,64653E-4
1,6724E-4
1,81341E-4
1,69782E-4
1,68884E-4
1,68741E-4
1,67981E-4
1,69428E-4
1,70086E-4
1,70183E-4
1,74498E-4
1,81989E-4
1,68292E-4
1,86981E-4
1,65811E-4
1,81524E-4
1,6375E-4
1,68454E-4
1,64575E-4
1,66716E-4
1,707E-4
1,66283E-4
1,66031E-4
1,64476E-4
1,64555E-4
1,83474E-4
1,66102E-4
1,66066E-4
1,65341E-4
1,69837E-4
1,66189E-4
1,79871E-4
1,67586E-4
1,70645E-4
1,63162E-4
1,65467E-4
1,66485E-4
0,001448012
1,64909E-4
1,65623E-4
1,67733E-4
1,68114E-4
1,84008E-4
1,66269E-4
1,68456E-4
1,67167E-4
1,69601E-4
1,65092E-4
1,62244E-4
1,65439E-4
1,726E-4
1,68385E-4
1,69047E-4
1,6862E-4
1,67908E-4
1,82838E-4
1,67127E-4
1,74375E-4
1,80756E-4
1,69831E-4
1,66299E-4
1,64955E-4
1,65502E-4
1,6601E-4
1,67458E-4
1,68292E-4
1,67513E-4
1,80673E-4
1,6668E-4
1,64706E-4
1,81012E-4
1,86333E-4
1,69998E-4
1,67036E-4
1,68E-4
1,65825E-4
1,6684E-4
1,63456E-4
1,68752E-4
1,6941E-4
1,66946E-4
1,68883E-4
1,63348E-4
1,69901E-4
1,67094E-4
1,63052E-4
1,77549E-4
1,68412E-4
1,61763E-4
1,67095E-4
1,67074E-4
1,6451E-4
1,67861E-4
1,84073E-4
1,73906E-4
1,63016E-4
1,66516E-4
1,66764E-4
1,81212E-4
1,62289E-4
1,61441E-4
1,68393E-4
1,68652E-4
1,76931E-4
1,67908E-4
1,77921E-4
1,69601E-4
1,6376E-4
1,62588E-4
1,78113E-4
1,66152E-4
1,67097E-4
1,67759E-4
1,64576E-4
1,63596E-4
1,6761E-4
1,65593E-4
1,73039E-4
1,69441E-4
1,63721E-4
1,63786E-4
1,78289E-4
1,81052E-4
1,65243E-4
1,63853E-4
1,78981E-4
1,67331E-4
1,6272E-4
1,64537E-4
1,6563E-4
1,63523E-4
1,66568E-4
1,68731E-4
1,64459E-4
1,63468E-4
1,64642E-4
1,66692E-4
1,66544E-4
1,63942E-4
1,62119E-4
1,69121E-4
1,65391E-4
1,66374E-4
1,62049E-4
1,62957E-4
1,64428E-4
1,62556E-4
1,64396E-4
1,6286E-4
1,70045E-4
1,66988E-4
1,68048E-4
1,66661E-4
1,65702E-4
1,61895E-4
1,6393E-4
1,80395E-4
1,65058E-4
1,71916E-4
1,7209E-4
1,75466E-4
1,83238E-4
1,63959E-4
1,67306E-4
1,67803E-4
1,65953E-4
1,63666E-4
1,64253E-4
1,81241E-4
1,60984E-4
1,66372E-4
1,78348E-4
1,71858E-4
1,77407E-4
1,69943E-4
1,7134E-4
1,63671E-4
1,61954E-4
1,63885E-4
1,61232E-4
1,61871E-4
1,65369E-4
1,6279E-4
1,65642E-4
1,6825E-4
1,64289E-4
1,6733E-4
1,68071E-4
1,64914E-4
1,63438E-4
1,66235E-4
1,65603E-4
1,70111E-4
1,64646E-4
1,69997E-4
1,6497E-4
1,61984E-4
1,66615E-4
1,77173E-4
1,61721E-4
1,68781E-4
1,72877E-4
1,73444E-4
1,6578E-4
1,71351E-4
1,69343E-4
1,71139E-4
1,84645E-4
1,67198E-4
1,69653E-4
1,67514E-4
1,71639E-4
1,67103E-4
1,63794E-4
1,66587E-4
1,84761E-4
1,63943E-4
1,7957E-4
1,69276E-4
1,70829E-4
1,65325E-4
1,63302E-4
1,63133E-4
1,63967E-4
1,79387E-4
1,65651E-4
1,63376E-4
1,67933E-4
1,65573E-4
1,63513E-4
1,63734E-4
1,62227E-4
1,792E-4
1,64787E-4
1,83849E-4
0,00136941
1,66196E-4
1,62933E-4
1,82383E-4
1,83277E-4
1,654E-4
1,62166E-4
1,63423E-4
1,64487E-4
1,66404E-4
1,67356E-4
1,66619E-4
1,62462E-4
1,88304E-4
1,6441E-4
1,65398E-4
1,63962E-4
1,62244E-4
1,77721E-4
1,61738E-4
1,81048E-4
1,76066E-4
1,65354E-4
1,7687E-4
1,71202E-4
1,62545E-4
1,84625E-4
1,68204E-4
1,68187E-4
1,62914E-4
1,64706E-4
1,6491E-4
1,81188E-4
1,67693E-4
1,65738E-4
1,6408E-4
1,78478E-4
1,648E-4
1,80851E-4
1,64967E-4
1,6513E-4
1,6671E-4
1,78933E-4
0,001381213
1,64851E-4
1,66936E-4
1,67744E-4
1,64089E-4
1,80255E-4
1,66585E-4
1,66349E-4
1,83195E-4
1,73154E-4
1,79178E-4
1,67023E-4
1,66089E-4
1,63216E-4
1,66996E-4
1,79158E-4
1,80832E-4
1,68805E-4
1,66863E-4
1,67104E-4
1,64331E-4
1,66975E-4
1,63795E-4
1,80406E-4
1,64646E-4
1,68106E-4
1,81286E-4
1,71226E-4
1,65914E-4
1,6959E-4
1,80914E-4
1,7605E-4
1,72319E-4
1,73622E-4
1,6994E-4
1,70731E-4
1,65179E-4
1,84615E-4
1,67026E-4
1,85799E-4
1,66921E-4
1,86563E-4
1,67111E-4
0,001421419
1,84284E-4
1,8261E-4
1,85543E-4
1,67944E-4
1,82369E-4
1,65306E-4
1,6617E-4
1,66151E-4
1,64946E-4
1,6924E-4
1,59252E-4
1,62864E-4
1,7178E-4
1,65343E-4
1,65274E-4
1,81391E-4
1,66093E-4
1,70833E-4
1,64936E-4
1,64857E-4
1,77892E-4
1,64281E-4
1,79886E-4
1,62397E-4
1,63538E-4
1,65882E-4
1,62038E-4
1,65031E-4
1,89724E-4
1,64181E-4
1,62514E-4
1,6657E-4
1,65407E-4
1,63339E-4
1,68899E-4
1,67751E-4
1,64736E-4
1,64043E-4
1,79319E-4
1,62825E-4
1,6515E-4
1,62818E-4
1,63466E-4
1,80174E-4
1,77312E-4
1,63208E-4
1,65499E-4
1,77287E-4
1,62526E-4
1,63898E-4
1,75478E-4
1,66666E-4
1,61633E-4
1,61165E-4
1,65241E-4
1,65649E-4
1,64528E-4
1,6298E-4
1,79406E-4
1,7232E-4
1,68809E-4
1,64583E-4
1,62449E-4
1,64512E-4
1,72671E-4
1,65772E-4
1,79035E-4
1,63918E-4
1,84315E-4
1,83612E-4
1,66486E-4
1,81165E-4
1,6392E-4
1,63513E-4
1,62069E-4
1,62972E-4
1,6516E-4
1,6902E-4
1,63333E-4
1,83621E-4
1,63976E-4
1,69813E-4
1,65639E-4
1,68791E-4
1,63997E-4
1,78982E-4
1,65523E-4
1,83557E-4
1,65784E-4
1,61823E-4
1,62587E-4
1,77599E-4
1,64443E-4
1,69416E-4
1,83969E-4
1,65856E-4
1,78239E-4
1,66065E-4
1,70957E-4
1,68187E-4
1,77734E-4
1,68581E-4
1,70099E-4
1,86174E-4
1,85236E-4
1,73278E-4
1,85682E-4
1,71249E-4
1,67308E-4
1,82409E-4
1,66786E-4
0,001332024
2,15427E-4
1,69736E-4
1,73756E-4
1,83865E-4
1,65597E-4
1,73893E-4
1,82382E-4
1,6465E-4
1,82881E-4
1,78078E-4
1,63222E-4
1,69794E-4
1,82588E-4
1,69116E-4
1,67996E-4
1,67191E-4
1,81209E-4
1,69442E-4
1,65876E-4
1,78759E-4
1,67249E-4
1,647E-4
1,6419E-4
1,79243E-4
1,68857E-4
1,81861E-4
1,68139E-4
1,69504E-4
1,77523E-4
1,77672E-4
1,66372E-4
1,6883E-4
1,79904E-4
1,82062E-4
1,70337E-4
1,83458E-4
1,75412E-4
1,71126E-4
1,65897E-4
1,65027E-4
1,63881E-4
1,64129E-4
0,001312244
1,81302E-4
1,64554E-4
1,80103E-4
1,64392E-4
1,66577E-4
1,63835E-4
1,82091E-4
1,67E-4
1,65782E-4
1,63468E-4
1,66583E-4
1,79071E-4
1,64061E-4
1,67863E-4
1,68707E-4
1,85401E-4
1,63954E-4
1,8061E-4
1,67104E-4
1,67657E-4
1,65622E-4
1,64094E-4
1,67172E-4
1,80494E-4
1,64687E-4
1,7543E-4
1,64437E-4
1,6363E-4
1,84897E-4
1,66899E-4
1,80194E-4
1,65424E-4
1,6621E-4
1,82386E-4
1,67635E-4
1,6489E-4
1,82287E-4
1,63759E-4
1,68766E-4
1,63594E-4
1,65941E-4
1,68554E-4
0,001471757
1,67863E-4
1,85224E-4
1,65655E-4
1,65677E-4
1,63997E-4
1,65913E-4
1,625E-4
1,73206E-4
1,6719E-4
1,66685E-4
1,76761E-4
1,61634E-4
1,69075E-4
1,74602E-4
1,67066E-4
1,78709E-4
1,70488E-4
1,72852E-4
1,67866E-4
1,68317E-4
1,6348E-4
1,68867E-4
1,70295E-4
1,82239E-4
1,65039E-4
1,70722E-4
1,6635E-4
1,67887E-4
1,66551E-4
1,73295E-4
1,83148E-4
1,65177E-4
1,64998E-4
1,64416E-4
1,77093E-4
1,63855E-4
1,6613E-4
1,64155E-4
1,76532E-4
1,65582E-4
1,66986E-4
1,64138E-4
0,001437937
1,81196E-4
1,67257E-4
1,9126E-4
1,66238E-4
1,64859E-4
1,81783E-4
1,63213E-4
1,65681E-4
1,66451E-4
1,81571E-4
1,82074E-4
1,67997E-4
1,66008E-4
1,67356E-4
1,78179E-4
1,79669E-4
1,80847E-4
1,66461E-4
1,65709E-4
1,67949E-4
1,73356E-4
1,64647E-4
1,664E-4
1,64527E-4
1,73724E-4
1,65229E-4
1,64105E-4
1,79486E-4
1,62518E-4
1,79404E-4
1,57402E-4
1,63E-4
1,6486E-4
1,77701E-4
1,77904E-4
1,64637E-4
1,75346E-4
1,60191E-4
1,62748E-4
1,63035E-4
1,62661E-4
1,60736E-4
0,001326464
1,66779E-4
1,69298E-4
1,63693E-4
1,61819E-4
1,65904E-4
1,63378E-4
1,62978E-4
1,68303E-4
1,70369E-4
1,69111E-4
1,64409E-4
1,96E-4
1,6675E-4
1,66094E-4
1,82274E-4
1,65131E-4
1,6657E-4
1,68898E-4
1,67498E-4
1,67616E-4
1,8064E-4
1,69131E-4
1,67863E-4
1,64759E-4
1,65899E-4
1,68219E-4
1,65199E-4
1,78969E-4
1,68315E-4
1,66153E-4
1,8046E-4
1,78527E-4
1,69694E-4
1,695E-4
1,72957E-4
1,70019E-4
1,84726E-4
1,70046E-4
1,66214E-4
1,67102E-4
1,69241E-4
1,69326E-4
0,001368509
1,67718E-4
1,61956E-4
1,6655E-4
1,66005E-4
1,64392E-4
1,62123E-4
1,64605E-4
1,64292E-4
1,86413E-4
1,63601E-4
1,64103E-4
1,63901E-4
1,81459E-4
1,64478E-4
1,62417E-4
1,63056E-4
1,58539E-4
1,6624E-4
1,67404E-4
1,80555E-4
1,63029E-4
1,67377E-4
1,62159E-4
1,62975E-4
1,65394E-4
1,70176E-4
1,64703E-4
1,65565E-4
1,67318E-4
1,67805E-4
1,68901E-4
1,63998E-4
1,62193E-4
1,6234E-4
1,70547E-4
1,6451E-4
1,6581E-4
1,63048E-4
1,61559E-4
1,65392E-4
1,658E-4
1,63579E-4
1,65527E-4
1,63917E-4
1,63038E-4
1,7986E-4
1,67079E-4
1,77705E-4
1,64879E-4
1,78632E-4
1,7875E-4
1,67311E-4
1,65728E-4
1,63437E-4
1,6594E-4
1,66703E-4
1,65391E-4
1,64512E-4
1,63245E-4
1,66924E-4
1,83145E-4
1,6867E-4
1,65797E-4
1,76054E-4
1,64759E-4
1,68094E-4
1,66274E-4
1,6413E-4
0,001695205
1,62451E-4
1,67909E-4
1,69324E-4
1,67634E-4
1,66541E-4
1,64167E-4
1,62482E-4
1,67521E-4
1,67265E-4
1,70415E-4
1,64721E-4
1,79008E-4
1,79675E-4
1,83652E-4
1,79678E-4
1,80761E-4
1,79737E-4
1,83426E-4
1,7944E-4
1,96883E-4
1,73897E-4
1,84349E-4
1,90151E-4
1,83675E-4
1,70513E-4
1,69834E-4
1,74569E-4
1,66862E-4
1,99131E-4
1,74918E-4
1,70061E-4
1,6973E-4
1,83821E-4
1,75536E-4
1,69369E-4
1,65643E-4
1,7135E-4
1,69123E-4
1,70441E-4
1,71733E-4
1,69831E-4
1,72827E-4
0,001384123
1,66963E-4
1,64522E-4
1,67878E-4
1,65981E-4
1,70567E-4
1,71104E-4
1,63588E-4
1,80979E-4
1,6785E-4
1,69786E-4
1,74396E-4
1,63562E-4
1,85008E-4
1,69339E-4
1,67913E-4
1,65139E-4
1,63385E-4
1,79809E-4
1,68681E-4
1,65353E-4
1,69249E-4
1,64765E-4
1,79208E-4
1,61399E-4
1,86756E-4
1,68427E-4
1,81385E-4
1,81101E-4
1,77727E-4
2,113E-4
1,95035E-4
1,79323E-4
1,97303E-4
1,8423E-4
1,81785E-4
1,84798E-4
1,85574E-4
1,77415E-4
1,80354E-4
1,64426E-4
1,79046E-4
1,7353E-4
0,001527619
1,85993E-4
1,79675E-4
1,65261E-4
1,86444E-4
1,79939E-4
1,64316E-4
1,79966E-4
1,8227E-4
1,80362E-4
1,79588E-4
1,79294E-4
1,80435E-4
1,88215E-4
1,65257E-4
1,81509E-4
1,76825E-4
1,76091E-4
1,6473E-4
1,801E-4
1,64915E-4
1,94293E-4
1,87407E-4
1,81177E-4
1,7821E-4
1,64165E-4
1,78789E-4
1,78756E-4
1,77393E-4
1,76155E-4
1,67207E-4
1,75758E-4
1,82883E-4
1,77978E-4
1,61877E-4
1,80632E-4
1,64922E-4
1,76341E-4
1,67111E-4
1,70283E-4
1,78908E-4
1,82831E-4
1,84543E-4
0,001422093
1,67079E-4
1,76483E-4
1,64234E-4
1,80826E-4
1,62587E-4
1,6602E-4
1,85209E-4
1,64274E-4
1,78717E-4
1,85259E-4
1,67193E-4
1,78383E-4
1,83643E-4
1,7243E-4
1,70474E-4
1,78666E-4
1,81546E-4
1,81137E-4
1,95383E-4
1,6941E-4
1,69064E-4
1,83429E-4
1,81086E-4
1,67062E-4
1,79661E-4
1,7253E-4
1,8331E-4
1,69408E-4
1,85557E-4
1,69834E-4
1,67109E-4
1,68305E-4
1,82568E-4
1,65653E-4
1,84587E-4
1,64722E-4
1,79677E-4
1,68058E-4
1,80582E-4
1,72657E-4
1,82135E-4
1,71358E-4
1,82676E-4
1,80404E-4
1,80925E-4
1,83644E-4
1,62708E-4
1,8079E-4
1,68814E-4
1,82527E-4
1,79381E-4
1,82601E-4
1,70274E-4
1,67671E-4
1,83173E-4
1,75251E-4
1,62455E-4
1,65008E-4
1,80972E-4
1,67561E-4
1,71058E-4
1,88086E-4
1,80827E-4
1,77079E-4
1,79875E-4
1,83548E-4
1,79627E-4
1,79237E-4
1,68917E-4
1,84505E-4
1,79804E-4
1,68351E-4
1,83361E-4
1,80716E-4
1,80157E-4
1,8333E-4
1,78848E-4
1,82086E-4
1,80996E-4
1,66829E-4
1,65225E-4
1,82468E-4
1,82618E-4
1,67657E-4
1,83873E-4
1,78141E-4
1,82925E-4
1,83421E-4
1,78409E-4
1,8785E-4
1,7959E-4
1,88538E-4
1,79426E-4
1,79045E-4
1,66307E-4
1,80862E-4
1,65534E-4
1,79758E-4
1,71981E-4
1,71911E-4
1,69061E-4
1,81491E-4
1,8866E-4
1,6311E-4
1,66311E-4
1,82586E-4
1,82844E-4
1,69101E-4
1,80371E-4
1,67342E-4
1,82384E-4
1,73843E-4
1,74002E-4
1,83715E-4
1,9246E-4
1,69628E-4
1,87542E-4
1,7451E-4
1,69626E-4
1,84351E-4
1,83706E-4
1,6824E-4
1,62874E-4
1,85241E-4
1,71071E-4
1,69262E-4
1,69961E-4
1,8788E-4
1,85562E-4
1,80301E-4
1,86192E-4
1,67658E-4
1,78967E-4
1,64925E-4
1,8615E-4
1,79644E-4
1,78029E-4
1,6734E-4
1,82189E-4
1,78925E-4
1,80089E-4
1,79132E-4
1,79362E-4
1,73079E-4
1,93213E-4
1,72965E-4
1,88344E-4
1,65508E-4
1,83439E-4
1,67681E-4
1,85897E-4
1,67867E-4
1,91767E-4
1,63287E-4
0,001409986
1,78086E-4
1,72996E-4
1,65703E-4
1,62236E-4
1,62903E-4
1,62217E-4
1,60853E-4
1,76263E-4
1,66684E-4
1,62467E-4
1,64189E-4
1,91027E-4
1,80541E-4
1,6731E-4
1,68442E-4
1,64766E-4
1,6576E-4
1,63821E-4
1,66253E-4
1,62509E-4
1,60181E-4
1,65423E-4
1,62305E-4
1,60762E-4
1,62744E-4
1,67647E-4
1,64761E-4
1,6353E-4
1,66747E-4
1,65191E-4
1,63735E-4
1,65045E-4
1,62839E-4
1,63716E-4
1,64454E-4
1,65066E-4
1,65996E-4
1,66528E-4
1,68857E-4
1,63821E-4
1,69617E-4
1,64277E-4
0,001400776
1,65882E-4
1,62687E-4
1,62449E-4
1,62205E-4
1,62583E-4
1,62238E-4
1,61402E-4
1,64146E-4
1,66889E-4
1,64926E-4
1,60686E-4
1,62835E-4
1,63973E-4
1,75075E-4
1,75539E-4
1,70501E-4
1,66428E-4
1,66296E-4
1,66292E-4
1,65375E-4
1,6549E-4
1,69899E-4
1,64851E-4
1,66971E-4
1,63016E-4
1,88034E-4
1,63179E-4
1,63765E-4
1,65601E-4
1,70991E-4
1,63907E-4
1,63313E-4
1,66761E-4
1,65947E-4
1,68301E-4
1,69471E-4
1,61469E-4
1,68799E-4
1,65828E-4
1,74382E-4
1,67321E-4
1,68181E-4
1,6628E-4
1,65173E-4
1,80548E-4
1,68809E-4
1,84575E-4
1,69223E-4
1,64346E-4
1,80294E-4
1,65375E-4
1,8206E-4
1,80034E-4
1,66704E-4
1,79682E-4
1,97717E-4
1,6613E-4
1,78257E-4
1,78683E-4
1,88086E-4
1,74396E-4
1,86961E-4
1,67215E-4
1,77824E-4
1,77736E-4
1,79179E-4
1,62687E-4
1,82514E-4
1,81331E-4
1,66007E-4
1,61182E-4
1,77376E-4
1,84674E-4
1,81827E-4
1,83077E-4
1,62554E-4
1,64367E-4
1,62538E-4
1,75798E-4
1,64116E-4
1,77506E-4
1,828E-4
1,63702E-4
1,78294E-4
1,69039E-4
1,64341E-4
1,63976E-4
1,63352E-4
1,69562E-4
1,8364E-4
1,64323E-4
1,65594E-4
1,62061E-4
1,80076E-4
1,62473E-4
1,66242E-4
1,63958E-4
1,62608E-4
1,61581E-4
1,63934E-4
1,62337E-4
1,6292E-4
1,65578E-4
1,62772E-4
1,60062E-4
1,62665E-4
1,6549E-4
1,6257E-4
1,63574E-4
1,61252E-4
1,62483E-4
1,70397E-4
1,93416E-4
1,62616E-4
1,6071E-4
1,64357E-4
1,61082E-4
1,73569E-4
1,63295E-4
1,65447E-4
1,69261E-4
1,63947E-4
1,63212E-4
1,77386E-4
1,65314E-4
1,63774E-4
1,77932E-4
1,69178E-4
1,69164E-4
1,81131E-4
1,82607E-4
1,82546E-4
1,65764E-4
1,82501E-4
1,70203E-4
1,6507E-4
1,83022E-4
1,81998E-4
1,78758E-4
1,63316E-4
1,72242E-4
1,64193E-4
1,65191E-4
1,67451E-4
1,61426E-4
1,63249E-4
1,6813E-4
1,64436E-4
1,69625E-4
1,87017E-4
1,66631E-4
1,65043E-4
1,67569E-4
1,66195E-4
1,67965E-4
1,81571E-4
1,94758E-4
1,83392E-4
1,85599E-4
1,78369E-4
1,68279E-4
1,67582E-4
1,67953E-4
1,68412E-4
1,85043E-4
1,79188E-4
1,75273E-4
1,80878E-4
1,78821E-4
1,7984E-4
1,80441E-4
1,68441E-4
1,81429E-4
1,64088E-4
1,82329E-4
1,66439E-4
1,83382E-4
1,78698E-4
1,70462E-4
1,79017E-4
1,68661E-4
1,64149E-4
1,64926E-4
1,79559E-4
2,12065E-4
1,65606E-4
1,80651E-4
1,81812E-4
1,69959E-4
1,6802E-4
1,65884E-4
1,83124E-4
1,62559E-4
1,94511E-4
1,66215E-4
1,74821E-4
2,07692E-4
0,001292952
1,65318E-4
1,82338E-4
1,64317E-4
1,77152E-4
1,66984E-4
1,76306E-4
1,76892E-4
1,6365E-4
1,6358E-4
1,61431E-4
1,66937E-4
1,62502E-4
1,63007E-4
1,61677E-4
1,64838E-4
1,62787E-4
1,60546E-4
1,64026E-4
1,63639E-4
1,67225E-4
1,63107E-4
1,6636E-4
1,63285E-4
1,63418E-4
1,65729E-4
1,70389E-4
1,67762E-4
1,62797E-4
1,6266E-4
1,97023E-4
1,65727E-4
1,70005E-4
1,66817E-4
1,66713E-4
1,79781E-4
1,66626E-4
1,65716E-4
1,63052E-4
1,64694E-4
1,62242E-4
1,64258E-4
1,62929E-4
0,002712898
1,64231E-4
1,79129E-4
1,80752E-4
1,62727E-4
1,80845E-4
1,70149E-4
1,63706E-4
1,81889E-4
1,80037E-4
1,77241E-4
1,81057E-4
1,79875E-4
1,77209E-4
1,61489E-4
1,81576E-4
1,78873E-4
1,81603E-4
1,80327E-4
1,76729E-4
1,80875E-4
1,80592E-4
1,82266E-4
1,76093E-4
1,70215E-4
1,86674E-4
1,65071E-4
1,80435E-4
1,83793E-4
1,80597E-4
1,83507E-4
1,66026E-4
1,84191E-4
1,85031E-4
1,65326E-4
1,82494E-4
1,85935E-4
1,85459E-4
1,67631E-4
1,8558E-4
1,83942E-4
1,69661E-4
1,6191E-4
1,63093E-4
1,79785E-4
1,63081E-4
1,60965E-4
1,64304E-4
1,64226E-4
1,79399E-4
1,63703E-4
1,63183E-4
1,69078E-4
1,79753E-4
1,8352E-4
1,67047E-4
1,66818E-4
1,68324E-4
1,80391E-4
1,63279E-4
1,68364E-4
1,64468E-4
1,62242E-4
1,64087E-4
1,63774E-4
1,65114E-4
1,74914E-4
1,62799E-4
1,79579E-4
1,72675E-4
1,67826E-4
1,62252E-4
1,65201E-4
1,70916E-4
1,65228E-4
1,61004E-4
1,63199E-4
1,78546E-4
1,68072E-4
1,83429E-4
1,64277E-4
1,77859E-4
1,68197E-4
1,8055E-4
1,90353E-4
1,7568E-4
1,81788E-4
1,76618E-4
1,89357E-4
1,8278E-4
1,78561E-4
1,89865E-4
1,89172E-4
1,68523E-4
1,80192E-4
1,80656E-4
1,79894E-4
1,78556E-4
1,77656E-4
1,8425E-4
1,94268E-4
2,02577E-4
1,7615E-4
1,80884E-4
1,62322E-4
1,80962E-4
1,80288E-4
1,82148E-4
1,76969E-4
1,78236E-4
1,82239E-4
1,75432E-4
0,001490669
1,78513E-4
1,76483E-4
1,6523E-4
1,65706E-4
1,78439E-4
1,65133E-4
1,78446E-4
1,76044E-4
1,80947E-4
1,62451E-4
1,83559E-4
1,78755E-4
1,79026E-4
1,84903E-4
1,80268E-4
1,82626E-4
1,80159E-4
1,8132E-4
1,80563E-4
1,79551E-4
1,79611E-4
1,64043E-4
1,76009E-4
1,73828E-4
1,81752E-4
1,81572E-4
1,73634E-4
1,85978E-4
1,85629E-4
1,83213E-4
1,83175E-4
1,86104E-4
1,77298E-4
1,81006E-4
1,82212E-4
1,68738E-4
1,77367E-4
1,79792E-4
2,07908E-4
1,80739E-4
1,80079E-4
1,80447E-4
0,00140235
1,87507E-4
1,78597E-4
1,79785E-4
1,65494E-4
1,81226E-4
1,63909E-4
1,78975E-4
1,80834E-4
1,82413E-4
1,78337E-4
1,88758E-4
1,70384E-4
1,72036E-4
1,64085E-4
1,91498E-4
1,78711E-4
1,78345E-4
1,77486E-4
1,88493E-4
1,7884E-4
1,67559E-4
1,65351E-4
1,79645E-4
1,80291E-4
1,92264E-4
1,81072E-4
1,68608E-4
1,79988E-4
1,78314E-4
1,75187E-4
1,76395E-4
1,65672E-4
1,78328E-4
1,77777E-4
1,67759E-4
1,83127E-4
1,69211E-4
1,83077E-4
1,8461E-4
1,79078E-4
1,82078E-4
1,78647E-4
1,76589E-4
1,84648E-4
1,80023E-4
1,76779E-4
1,78695E-4
1,91682E-4
1,69531E-4
1,96063E-4
1,91541E-4
1,80193E-4
1,68686E-4
1,79917E-4
1,65174E-4
1,7051E-4
1,64995E-4
1,65466E-4
1,80225E-4
1,75125E-4
1,6364E-4
1,63453E-4
1,66124E-4
1,6344E-4
1,6168E-4
1,6283E-4
1,61799E-4
1,61848E-4
0,001377973
1,76775E-4
1,66003E-4
1,68626E-4
1,63956E-4
1,64552E-4
1,79318E-4
1,75918E-4
1,65451E-4
1,6429E-4
1,69369E-4
1,66116E-4
1,6636E-4
1,64871E-4
1,93385E-4
1,7558E-4
1,62059E-4
1,63366E-4
1,67606E-4
1,67522E-4
1,63902E-4
1,62592E-4
1,65277E-4
1,97992E-4
1,69356E-4
1,65161E-4
1,69812E-4
1,68275E-4
1,69208E-4
1,87022E-4
1,81197E-4
1,94807E-4
1,68599E-4
1,64587E-4
1,7385E-4
1,71792E-4
1,63767E-4
1,63542E-4
1,63216E-4
1,63863E-4
1,65123E-4
1,64425E-4
1,76964E-4
0,001335593
1,79169E-4
1,76725E-4
1,6132E-4
1,80793E-4
1,89563E-4
1,82084E-4
1,79529E-4
1,81732E-4
1,82541E-4
1,78229E-4
1,78203E-4
1,91322E-4
1,62262E-4
1,67581E-4
1,78012E-4
1,80739E-4
1,74949E-4
1,80949E-4
1,80315E-4
1,77266E-4
1,80055E-4
1,79769E-4
1,77818E-4
1,79572E-4
1,7967E-4
1,89514E-4
1,65108E-4
1,80915E-4
1,77567E-4
1,84711E-4
1,80136E-4
1,68725E-4
1,80967E-4
1,64946E-4
1,78343E-4
1,80187E-4
1,61308E-4
1,75384E-4
1,78913E-4
1,77724E-4
1,78144E-4
1,9392E-4
1,80143E-4
1,77615E-4
1,67838E-4
1,7913E-4
1,77796E-4
1,79095E-4
1,795E-4
1,64921E-4
1,66329E-4
1,81802E-4
1,78923E-4
1,81075E-4
1,76746E-4
1,76688E-4
1,75517E-4
1,7737E-4
1,77431E-4
1,76724E-4
1,78772E-4
1,64543E-4
1,77243E-4
1,62104E-4
1,77342E-4
1,89166E-4
1,62858E-4
1,63309E-4
1,6386E-4
1,6332E-4
1,76675E-4
1,78764E-4
1,61629E-4
1,63645E-4
1,66688E-4
1,66668E-4
1,67352E-4
1,63408E-4
1,71065E-4
1,6111E-4
1,78802E-4
1,63684E-4
1,62857E-4
1,7886E-4
1,775E-4
1,62637E-4
1,77244E-4
1,65402E-4
1,67595E-4
1,6329E-4
1,6778E-4
1,66738E-4
1,68941E-4
1,63571E-4
1,69516E-4
1,80543E-4
1,65947E-4
1,6507E-4
1,72919E-4
1,68047E-4
1,8561E-4
1,63497E-4
1,62525E-4
1,66463E-4
1,65428E-4
1,66947E-4
1,76528E-4
1,66907E-4
1,64322E-4
1,6633E-4
1,68385E-4
1,65972E-4
1,63234E-4
1,61451E-4
1,63006E-4
1,61458E-4
1,6219E-4
1,63014E-4
1,73158E-4
1,78582E-4
1,79346E-4
1,61625E-4
1,79843E-4
1,84668E-4
1,6377E-4
1,76661E-4
1,63158E-4
1,79563E-4
1,63997E-4
1,89628E-4
1,754E-4
1,75044E-4
1,79397E-4
1,77812E-4
1,77354E-4
1,64149E-4
1,64301E-4
1,63262E-4
1,64108E-4
1,65415E-4
1,67139E-4
1,61374E-4
1,63412E-4
1,62288E-4
1,77001E-4
1,6217E-4
1,63868E-4
1,61735E-4
1,73509E-4
1,67725E-4
1,60812E-4
1,60999E-4
1,78092E-4
1,61041E-4
1,72E-4
1,63023E-4
1,64923E-4
1,62975E-4
1,69197E-4
1,77932E-4
1,77971E-4
1,79828E-4
1,64312E-4
1,62384E-4
1,63642E-4
1,64737E-4
1,64527E-4
1,59666E-4
1,66223E-4
1,65686E-4
1,61548E-4
1,62502E-4
1,83786E-4
1,64759E-4
1,61383E-4
1,64966E-4
1,65269E-4
1,64413E-4
1,63885E-4
1,60573E-4
1,65331E-4
1,60456E-4
1,78702E-4
1,79316E-4
1,7819E-4
1,63669E-4
1,618E-4
1,77623E-4
1,6344E-4
1,62894E-4
1,63725E-4
1,61855E-4
1,65509E-4
1,93025E-4
1,62987E-4
1,63162E-4
1,66875E-4
1,68571E-4
1,81258E-4
2,04577E-4
1,69096E-4
1,67082E-4
1,7209E-4
1,61647E-4
1,77456E-4
1,6553E-4
1,68629E-4
1,66597E-4
1,67151E-4
1,70335E-4
1,78725E-4
1,98078E-4
1,68311E-4
1,92779E-4
1,68652E-4
1,63662E-4
1,63558E-4
1,77498E-4
1,63843E-4
1,79242E-4
1,68019E-4
1,60819E-4
1,65635E-4
1,63322E-4
1,78705E-4
1,73183E-4
1,61075E-4
1,61995E-4
1,65471E-4
1,63047E-4
1,69649E-4
1,64893E-4
1,64271E-4
1,78582E-4
1,78729E-4
1,78394E-4
1,75475E-4
1,63356E-4
1,77395E-4
1,63867E-4
1,63665E-4
1,80677E-4
1,66601E-4
1,91935E-4
1,78202E-4
1,65744E-4
1,68726E-4
1,67145E-4
1,67153E-4
1,64904E-4
1,77586E-4
1,63121E-4
1,63976E-4
1,65165E-4
1,62946E-4
1,65705E-4
1,63806E-4
1,80271E-4
1,78016E-4
1,66744E-4
1,61812E-4
1,89679E-4
1,62119E-4
1,62093E-4
1,63314E-4
1,61976E-4
1,72966E-4
1,7752E-4
1,62543E-4
1,64709E-4
1,76265E-4
1,63591E-4
1,65247E-4
1,61738E-4
1,60033E-4
1,95025E-4
1,63785E-4
1,74392E-4
1,79807E-4
1,65899E-4
1,77699E-4
1,66847E-4
1,92385E-4
1,68325E-4
1,78861E-4
1,62824E-4
1,93497E-4
1,76963E-4
1,6169E-4
1,77212E-4
1,79998E-4
1,65754E-4
1,66664E-4
1,69608E-4
1,70576E-4
1,66264E-4
1,68904E-4
1,66998E-4
1,64016E-4
1,65817E-4
1,6896E-4
1,65006E-4
1,73907E-4
1,66964E-4
1,64451E-4
1,83999E-4
1,7142E-4
1,69124E-4
1,67736E-4
1,7042E-4
1,72097E-4
1,68743E-4
1,8213E-4
1,64877E-4
1,65551E-4
1,74463E-4
1,73776E-4
1,78975E-4
1,68835E-4
1,8633E-4
1,66141E-4
1,64262E-4
1,76239E-4
1,65901E-4
1,80987E-4
1,69582E-4
1,80498E-4
1,66932E-4
1,63928E-4
1,65818E-4
1,65349E-4
1,64634E-4
1,814E-4
1,66734E-4
1,83094E-4
0,001524036
1,79438E-4
1,67141E-4
1,66242E-4
1,79012E-4
1,66709E-4
1,6786E-4
1,63615E-4
1,62967E-4
1,68238E-4
1,65047E-4
1,78103E-4
1,80305E-4
1,68176E-4
1,68118E-4
1,65008E-4
1,93423E-4
1,657E-4
1,66413E-4
1,65585E-4
1,80218E-4
1,68951E-4
1,63663E-4
1,65663E-4
1,64273E-4
1,65074E-4
1,69521E-4
1,67717E-4
1,64709E-4
1,67583E-4
1,70394E-4
1,66221E-4
1,64315E-4
1,80775E-4
1,69231E-4
1,66153E-4
1,63547E-4
1,66834E-4
1,68578E-4
1,80997E-4
1,66839E-4
1,6496E-4
1,64717E-4
0,001397427
1,63185E-4
1,78736E-4
1,68279E-4
1,66653E-4
1,66393E-4
1,81302E-4
1,64464E-4
1,80698E-4
1,67919E-4
1,6439E-4
1,66952E-4
1,81698E-4
1,65147E-4
1,66586E-4
1,80132E-4
1,7993E-4
1,64497E-4
1,67006E-4
1,64675E-4
1,70039E-4
1,68594E-4
1,67644E-4
1,80517E-4
1,67927E-4
1,78055E-4
1,68131E-4
1,68574E-4
1,64549E-4
1,67293E-4
1,8034E-4
1,67734E-4
1,82224E-4
1,66707E-4
1,80802E-4
1,68929E-4
1,72762E-4
1,80389E-4
1,70405E-4
1,70673E-4
1,71142E-4
1,81979E-4
1,70684E-4
1,84082E-4
1,68161E-4
1,6982E-4
1,67987E-4
1,8018E-4
1,7085E-4
1,70724E-4
1,65322E-4
1,86833E-4
1,70767E-4
1,83876E-4
1,68634E-4
1,6245E-4
1,80412E-4
1,68061E-4
1,67116E-4
1,78894E-4
1,66925E-4
1,69813E-4
1,66427E-4
1,66284E-4
1,66351E-4
1,69271E-4
1,62643E-4
1,67575E-4
1,66879E-4
1,6775E-4
1,6427E-4
1,67556E-4
1,63596E-4
1,65703E-4
1,60681E-4
1,64834E-4
1,64805E-4
1,63305E-4
1,6789E-4
1,66021E-4
1,65538E-4
1,64655E-4
1,65623E-4
1,64816E-4
1,68366E-4
1,65362E-4
1,65473E-4
1,64924E-4
1,80527E-4
1,62997E-4
1,6526E-4
1,63544E-4
1,62329E-4
1,66225E-4
1,61702E-4
1,80752E-4
1,66777E-4
1,66199E-4
1,61368E-4
1,65073E-4
1,6441E-4
1,66312E-4
1,67575E-4
1,68319E-4
1,70233E-4
1,66063E-4
1,812E-4
1,65349E-4
1,81327E-4
1,65708E-4
1,81499E-4
1,8183E-4
0,001418027
1,67194E-4
1,66668E-4
1,6724E-4
1,67441E-4
1,77956E-4
1,68412E-4
1,66534E-4
1,67577E-4
1,68193E-4
1,745E-4
1,66076E-4
1,63064E-4
1,83111E-4
1,65997E-4
1,83331E-4
1,65202E-4
1,71566E-4
1,6497E-4
1,63923E-4
1,64955E-4
1,65634E-4
1,79487E-4
1,65506E-4
1,80116E-4
1,65071E-4
1,68191E-4
1,66383E-4
1,69383E-4
1,62726E-4
1,68959E-4
1,63153E-4
1,64583E-4
1,81345E-4
1,78937E-4
1,68483E-4
1,71768E-4
1,65279E-4
1,67289E-4
1,71526E-4
1,7109E-4
1,70773E-4
1,72141E-4
0,001449243
1,69983E-4
1,84375E-4
1,65527E-4
1,652E-4
1,87149E-4
1,67315E-4
1,85008E-4
1,688E-4
1,67817E-4
1,64321E-4
1,66806E-4
1,82981E-4
1,67626E-4
1,68681E-4
1,68726E-4
1,80418E-4
1,63255E-4
1,64737E-4
1,64748E-4
1,65418E-4
1,65251E-4
1,65843E-4
1,63802E-4
1,68052E-4
1,87557E-4
1,66497E-4
1,63031E-4
1,62915E-4
1,66994E-4
1,64204E-4
1,64109E-4
1,83271E-4
1,65673E-4
1,67606E-4
1,68365E-4
1,81789E-4
1,65325E-4
1,66293E-4
1,65E-4
1,71855E-4
1,79251E-4
1,65675E-4
1,68274E-4
1,66593E-4
1,8574E-4
1,68153E-4
1,65389E-4
1,77364E-4
1,66679E-4
1,79875E-4
1,67546E-4
1,69307E-4
1,81353E-4
1,67104E-4
1,69739E-4
1,80113E-4
1,64976E-4
1,65685E-4
1,66315E-4
1,79277E-4
1,81488E-4
1,67719E-4
1,79614E-4
1,69488E-4
1,65194E-4
1,68719E-4
1,61687E-4
1,65069E-4
0,001473287
1,66429E-4
1,71392E-4
1,79129E-4
1,67605E-4
1,63791E-4
1,63832E-4
1,65099E-4
1,63367E-4
1,64532E-4
1,79478E-4
1,77867E-4
1,62587E-4
1,7927E-4
1,64038E-4
1,79436E-4
1,60847E-4
1,66859E-4
1,69952E-4
1,645E-4
1,59597E-4
1,68188E-4
1,62559E-4
1,71753E-4
1,78133E-4
1,77324E-4
1,79603E-4
1,6542E-4
1,70726E-4
1,82838E-4
1,70611E-4
1,63494E-4
1,63618E-4
1,62766E-4
1,78321E-4
1,68917E-4
1,6228E-4
1,64648E-4
1,6559E-4
1,63873E-4
1,63973E-4
1,79359E-4
1,67797E-4
0,001459424
1,72087E-4
1,64276E-4
1,68701E-4
1,69229E-4
1,84357E-4
1,6953E-4
1,64789E-4
1,72331E-4
1,66422E-4
1,73661E-4
1,67976E-4
1,64915E-4
1,65904E-4
1,82737E-4
1,67386E-4
1,66111E-4
1,65706E-4
1,68196E-4
1,63672E-4
1,66223E-4
1,66581E-4
1,97149E-4
1,63997E-4
1,66498E-4
1,69393E-4
1,94564E-4
2,4556E-4
1,67482E-4
1,6622E-4
1,69537E-4
1,66373E-4
1,65362E-4
1,66679E-4
1,61873E-4
1,68658E-4
1,90307E-4
1,78236E-4
1,67188E-4
1,78693E-4
1,65633E-4
1,63991E-4
1,66537E-4
1,65164E-4
1,67466E-4
1,67341E-4
1,80636E-4
1,69195E-4
1,68554E-4
1,76282E-4
1,6692E-4
1,65508E-4
1,66588E-4
1,63993E-4
1,81099E-4
1,64924E-4
1,82329E-4
1,67268E-4
1,68006E-4
1,69011E-4
1,65436E-4
1,64846E-4
1,65879E-4
1,81492E-4
1,64406E-4
1,69131E-4
1,80877E-4
1,80847E-4
1,67067E-4
1,66475E-4
1,79313E-4
1,83614E-4
1,75979E-4
1,76404E-4
1,65665E-4
1,67145E-4
1,67959E-4
1,6938E-4
1,70726E-4
1,67831E-4
1,67514E-4
1,77147E-4
1,67229E-4
1,73926E-4
1,66191E-4
1,81582E-4
1,79829E-4
1,81545E-4
1,79016E-4
1,67904E-4
1,81924E-4
1,69367E-4
1,66859E-4
1,83597E-4
1,648E-4
1,65702E-4
1,79198E-4
1,69325E-4
1,64507E-4
1,63701E-4
1,6761E-4
1,89478E-4
1,69846E-4
1,65368E-4
1,81672E-4
1,68803E-4
1,66954E-4
1,71606E-4
1,82561E-4
1,71105E-4
1,69512E-4
1,80589E-4
0,001424611
1,86169E-4
1,86438E-4
1,71194E-4
1,85486E-4
1,8806E-4
1,70223E-4
1,65839E-4
1,80504E-4
1,6649E-4
1,64582E-4
1,65321E-4
1,81151E-4
1,62714E-4
1,66359E-4
1,62838E-4
1,79671E-4
1,81507E-4
1,69616E-4
1,7213E-4
1,81772E-4
1,67037E-4
1,67908E-4
1,81469E-4
1,66799E-4
1,78906E-4
1,68512E-4
1,69442E-4
1,66485E-4
2,05278E-4
1,67141E-4
1,81941E-4
1,80456E-4
1,69401E-4
1,69001E-4
1,68095E-4
1,80842E-4
1,67211E-4
1,84339E-4
1,83764E-4
1,63114E-4
1,81612E-4
1,67029E-4
0,001480361
1,64593E-4
1,65095E-4
1,67075E-4
1,66954E-4
1,66551E-4
1,66832E-4
1,65718E-4
1,69245E-4
1,70826E-4
1,73897E-4
1,65114E-4
1,65094E-4
1,64678E-4
1,67439E-4
1,68442E-4
1,94834E-4
1,78144E-4
1,65831E-4
1,63241E-4
1,6369E-4
1,61035E-4
1,64376E-4
1,61801E-4
1,63274E-4
1,6401E-4
1,69403E-4
1,62696E-4
1,64293E-4
1,83486E-4
1,65647E-4
1,64985E-4
1,81239E-4
1,65016E-4
1,6354E-4
1,67755E-4
1,71113E-4
1,66966E-4
1,69411E-4
1,65371E-4
1,77084E-4
1,64933E-4
1,6204E-4
1,68587E-4
1,68821E-4
1,68221E-4
1,62641E-4
1,62185E-4
1,66983E-4
1,64442E-4
1,65138E-4
1,6241E-4
1,72435E-4
1,71966E-4
1,73368E-4
1,66273E-4
1,67861E-4
1,68898E-4
1,71653E-4
1,69278E-4
1,70901E-4
1,85903E-4
1,72671E-4
1,84856E-4
1,69869E-4
1,84338E-4
1,65347E-4
1,86907E-4
1,65777E-4
1,64541E-4
1,70285E-4
1,65066E-4
1,66481E-4
1,62604E-4
1,65609E-4
1,65661E-4
1,80242E-4
1,72629E-4
1,6829E-4
1,62914E-4
1,63173E-4
1,68062E-4
1,72586E-4
1,66767E-4
1,69979E-4
1,67219E-4
1,7947E-4
1,67766E-4
1,63901E-4
1,81969E-4
1,68106E-4
1,72013E-4
1,64984E-4
1,80289E-4
1,69445E-4
1,71132E-4
1,82055E-4
1,64944E-4
1,77115E-4
1,68706E-4
1,63257E-4
1,63375E-4
1,60321E-4
1,63878E-4
1,67451E-4
1,7802E-4
1,68325E-4
1,83644E-4
1,62816E-4
1,68189E-4
1,6758E-4
1,6209E-4
1,7841E-4
1,70035E-4
1,71679E-4
1,64306E-4
1,66107E-4
1,78734E-4
1,67339E-4
1,92978E-4
1,68484E-4
1,67656E-4
1,69007E-4
1,6385E-4
1,62535E-4
1,62759E-4
1,64171E-4
1,77032E-4
1,84658E-4
1,67492E-4
1,81776E-4
1,69007E-4
1,64364E-4
1,64684E-4
1,65354E-4
1,68687E-4
1,65321E-4
1,66031E-4
1,77246E-4
1,83546E-4
1,68336E-4
1,70211E-4
1,76388E-4
1,6394E-4
1,62762E-4
1,6678E-4
1,82475E-4
1,69468E-4
1,62852E-4
1,70053E-4
1,64256E-4
1,68095E-4
1,65729E-4
1,60802E-4
1,82053E-4
1,66019E-4
1,80497E-4
1,6746E-4
1,67652E-4
1,6933E-4
1,67672E-4
1,66421E-4
1,69971E-4
1,65524E-4
1,68772E-4
1,84726E-4
1,62478E-4
1,64831E-4
2,00651E-4
1,72434E-4
1,69712E-4
1,84029E-4
1,69274E-4
1,78353E-4
1,68556E-4
1,70311E-4
1,67699E-4
1,72082E-4
1,70602E-4
1,64917E-4
1,79944E-4
1,71475E-4
1,67445E-4
1,69041E-4
1,70698E-4
1,67977E-4
1,68201E-4
1,90062E-4
1,67986E-4
1,80957E-4
1,65531E-4
1,65658E-4
1,65394E-4
1,67711E-4
1,64685E-4
1,6214E-4
1,61632E-4
1,6765E-4
1,69424E-4
1,65981E-4
1,67156E-4
1,62922E-4
1,79913E-4
1,67269E-4
1,76642E-4
1,66813E-4
1,63313E-4
1,8322E-4
1,82922E-4
1,80744E-4
1,66724E-4
1,81875E-4
1,70783E-4
1,80357E-4
1,65477E-4
1,77586E-4
1,69059E-4
1,64393E-4
1,80866E-4
1,66313E-4
1,82111E-4
1,7989E-4
1,78521E-4
1,79019E-4
1,75979E-4
1,78642E-4
1,86309E-4
1,75994E-4
1,80426E-4
1,66948E-4
1,67808E-4
1,8354E-4
1,80633E-4
1,80849E-4
1,65842E-4
1,67873E-4
1,80608E-4
1,82184E-4
1,8117E-4
1,78425E-4
1,79919E-4
0,001502818
1,6343E-4
1,75749E-4
1,81132E-4
1,80291E-4
1,78029E-4
1,77487E-4
1,79161E-4
1,63351E-4
1,80194E-4
1,77481E-4
1,77356E-4
1,80303E-4
1,76365E-4
1,8825E-4
1,64274E-4
1,79415E-4
1,80854E-4
1,78965E-4
1,80692E-4
1,78912E-4
1,786E-4
1,81421E-4
1,6631E-4
1,69416E-4
1,77425E-4
1,70952E-4
1,66319E-4
1,81346E-4
1,80919E-4
1,79085E-4
1,66949E-4
1,81356E-4
1,79527E-4
1,66113E-4
1,70223E-4
1,73912E-4
1,79865E-4
1,82007E-4
1,84069E-4
1,87073E-4
1,72828E-4
1,6838E-4
1,96665E-4
1,698E-4
1,82607E-4
1,82373E-4
1,81392E-4
1,86443E-4
1,65955E-4
1,65485E-4
1,76404E-4
1,64801E-4
1,78781E-4
1,62545E-4
1,74318E-4
1,62831E-4
1,76702E-4
1,80645E-4
1,80422E-4
1,65493E-4
1,77581E-4
1,75645E-4
1,80578E-4
1,83135E-4
1,789E-4
1,79796E-4
1,80789E-4
1,81938E-4
1,7973E-4
1,64593E-4
1,81832E-4
1,69676E-4
1,78228E-4
1,64173E-4
1,86509E-4
1,81328E-4
1,79789E-4
1,89844E-4
1,91348E-4
1,82837E-4
1,79669E-4
1,84503E-4
1,87359E-4
1,85745E-4
1,75287E-4
0,00154239
1,7927E-4
1,64255E-4
1,81288E-4
1,78485E-4
1,7861E-4
1,77051E-4
1,63158E-4
1,79428E-4
1,82555E-4
1,76173E-4
1,80194E-4
1,76447E-4
1,80335E-4
1,81943E-4
1,76823E-4
1,89114E-4
1,79022E-4
1,70406E-4
1,81804E-4
1,83831E-4
1,76861E-4
1,84491E-4
1,80585E-4
1,67418E-4
1,78171E-4
1,79205E-4
1,65053E-4
1,83692E-4
1,67976E-4
1,66072E-4
1,65419E-4
1,75131E-4
1,64652E-4
1,64481E-4
1,64088E-4
1,79116E-4
1,83338E-4
1,83074E-4
1,65029E-4
1,75993E-4
1,81913E-4
1,76317E-4
1,65893E-4
1,71121E-4
