1,66927E-4
1,70752E-4
1,62024E-4
1,64048E-4
1,6624E-4
1,68296E-4
1,68405E-4
9,54123E-4
1,83022E-4
1,81031E-4
1,79591E-4
1,79634E-4
1,65551E-4
1,60702E-4
1,74205E-4
1,59828E-4
1,8152E-4
1,79357E-4
1,64819E-4
1,61649E-4
1,75743E-4
1,63119E-4
1,62925E-4
1,63749E-4
1,64434E-4
1,62673E-4
1,59093E-4
1,78297E-4
1,65674E-4
1,68836E-4
1,6736E-4
1,68926E-4
1,67247E-4
1,62047E-4
1,66627E-4
1,6681E-4
1,6643E-4
1,66865E-4
1,63647E-4
1,66466E-4
1,6022E-4
1,64442E-4
1,60921E-4
1,60751E-4
1,64959E-4
1,60369E-4
1,63371E-4
1,6426E-4
1,62793E-4
0,001301424
1,6042E-4
1,67226E-4
1,66929E-4
1,63649E-4
1,67225E-4
1,64604E-4
1,65839E-4
1,70824E-4
1,62035E-4
1,67534E-4
1,64471E-4
1,66354E-4
1,64684E-4
1,62638E-4
1,64804E-4
1,6534E-4
1,65194E-4
1,63515E-4
1,63383E-4
1,62479E-4
1,66604E-4
1,69321E-4
1,66796E-4
1,67714E-4
1,6886E-4
1,63367E-4
1,68326E-4
1,62827E-4
1,64902E-4
1,63768E-4
1,65521E-4
1,64689E-4
1,65034E-4
1,63491E-4
1,6373E-4
1,63885E-4
1,65388E-4
1,68529E-4
1,68571E-4
1,64044E-4
1,64207E-4
1,75428E-4
1,62931E-4
1,66037E-4
1,64764E-4
1,65638E-4
1,815E-4
1,63279E-4
1,6406E-4
1,67145E-4
1,6391E-4
1,62343E-4
1,61497E-4
1,6293E-4
1,6614E-4
1,60597E-4
1,67284E-4
1,62123E-4
1,67804E-4
1,68045E-4
1,65837E-4
1,66972E-4
1,63767E-4
1,62959E-4
1,63086E-4
1,64492E-4
1,62114E-4
1,61674E-4
1,61485E-4
1,60914E-4
1,6364E-4
1,63658E-4
1,62122E-4
1,63307E-4
1,62762E-4
1,67092E-4
1,61287E-4
1,64331E-4
1,65589E-4
1,64222E-4
1,64446E-4
1,66095E-4
1,62764E-4
1,64464E-4
1,63554E-4
1,64771E-4
1,64207E-4
1,62153E-4
1,66108E-4
1,64312E-4
1,62826E-4
1,68591E-4
1,64269E-4
1,65549E-4
1,63473E-4
1,64606E-4
1,61492E-4
1,63517E-4
1,65076E-4
1,6418E-4
1,65227E-4
1,62452E-4
1,62024E-4
1,65121E-4
1,68776E-4
1,66809E-4
1,65701E-4
1,65159E-4
1,70767E-4
1,65382E-4
1,61905E-4
1,67274E-4
1,70259E-4
1,68159E-4
1,65575E-4
1,66907E-4
1,7028E-4
1,66504E-4
1,64776E-4
1,64871E-4
1,63353E-4
1,63173E-4
1,64984E-4
1,64193E-4
1,63143E-4
1,6479E-4
1,7293E-4
1,65794E-4
1,67904E-4
1,6302E-4
1,6689E-4
1,6382E-4
1,69579E-4
1,63985E-4
1,64956E-4
1,67665E-4
1,64826E-4
1,64874E-4
1,67583E-4
1,661E-4
1,68613E-4
1,66765E-4
1,65234E-4
1,71306E-4
1,62509E-4
1,64868E-4
1,67284E-4
1,64429E-4
1,67356E-4
1,6624E-4
1,6319E-4
1,84916E-4
1,64909E-4
1,64517E-4
1,64717E-4
1,62228E-4
1,67873E-4
1,8325E-4
1,88785E-4
1,65666E-4
1,85825E-4
1,88296E-4
1,82643E-4
1,8734E-4
1,81826E-4
1,85321E-4
1,86436E-4
1,67106E-4
1,85159E-4
1,88043E-4
1,82694E-4
1,77257E-4
1,7841E-4
1,82855E-4
1,82138E-4
1,79472E-4
1,798E-4
1,79253E-4
1,85193E-4
1,78614E-4
1,78956E-4
1,63934E-4
2,11875E-4
1,79786E-4
1,77909E-4
1,80707E-4
1,90479E-4
1,81016E-4
1,79682E-4
1,65378E-4
1,66268E-4
1,80876E-4
1,7936E-4
1,68042E-4
1,80934E-4
1,68219E-4
1,79669E-4
1,89371E-4
1,64054E-4
1,8781E-4
1,80489E-4
1,86675E-4
1,93062E-4
1,79003E-4
1,82891E-4
1,6945E-4
1,66104E-4
1,61768E-4
1,78199E-4
1,8061E-4
1,6929E-4
1,68632E-4
1,6603E-4
1,81953E-4
1,85105E-4
1,70738E-4
1,71122E-4
1,78432E-4
1,69522E-4
1,87411E-4
1,82845E-4
1,68904E-4
1,76554E-4
1,85125E-4
1,6623E-4
1,6597E-4
1,62605E-4
1,63357E-4
1,85735E-4
1,65243E-4
1,65731E-4
1,65072E-4
1,63114E-4
1,66301E-4
1,65721E-4
1,68636E-4
1,89564E-4
1,67105E-4
1,87927E-4
1,62434E-4
1,65826E-4
1,65672E-4
1,65246E-4
2,01661E-4
1,65278E-4
1,67552E-4
1,75067E-4
1,84221E-4
1,84328E-4
1,78932E-4
1,64683E-4
1,65981E-4
1,82818E-4
1,65042E-4
1,68193E-4
1,6595E-4
1,64976E-4
1,66618E-4
1,64444E-4
1,66486E-4
1,80007E-4
1,70256E-4
1,67441E-4
1,66042E-4
1,69107E-4
1,7024E-4
1,84636E-4
1,69589E-4
1,67831E-4
1,78589E-4
1,68079E-4
1,62949E-4
1,68209E-4
1,64434E-4
1,78406E-4
1,66364E-4
1,72273E-4
1,67785E-4
1,65933E-4
1,66439E-4
1,65324E-4
0,001464991
1,63909E-4
1,67481E-4
1,77714E-4
1,79669E-4
1,77751E-4
1,7921E-4
1,64021E-4
1,67461E-4
1,73486E-4
1,6487E-4
1,65126E-4
1,80418E-4
1,63674E-4
1,67826E-4
1,71165E-4
1,66241E-4
1,77617E-4
1,64605E-4
1,77492E-4
1,67452E-4
1,63282E-4
1,67359E-4
1,6478E-4
1,73302E-4
1,66051E-4
1,6616E-4
1,65613E-4
1,90192E-4
1,66714E-4
1,72751E-4
1,82217E-4
1,82179E-4
1,91895E-4
1,63609E-4
1,78658E-4
1,81492E-4
1,68828E-4
1,63991E-4
1,81177E-4
1,64069E-4
1,70874E-4
1,65364E-4
0,001343392
1,81084E-4
1,68079E-4
1,62898E-4
1,67349E-4
1,66362E-4
1,63751E-4
1,80481E-4
1,85204E-4
1,8239E-4
1,81789E-4
1,72329E-4
1,83857E-4
1,68976E-4
1,78974E-4
1,67442E-4
1,64338E-4
1,80095E-4
1,6282E-4
1,67142E-4
1,65674E-4
1,67502E-4
1,69405E-4
1,73823E-4
1,71209E-4
1,68298E-4
1,81916E-4
1,80823E-4
1,68279E-4
1,79518E-4
1,97883E-4
1,66874E-4
1,64351E-4
1,6787E-4
1,64667E-4
1,64384E-4
1,77391E-4
1,79515E-4
1,6286E-4
1,62581E-4
1,77267E-4
1,66429E-4
1,68332E-4
1,67509E-4
1,68224E-4
1,65308E-4
1,82783E-4
1,68047E-4
1,65421E-4
1,66895E-4
1,64193E-4
1,75964E-4
1,65869E-4
1,63952E-4
1,65841E-4
1,67843E-4
1,83458E-4
1,70156E-4
1,69734E-4
1,71932E-4
0,001266818
1,79617E-4
1,89475E-4
1,71776E-4
1,711E-4
1,81512E-4
1,72586E-4
1,72239E-4
1,75661E-4
1,83431E-4
1,74172E-4
1,74569E-4
1,85624E-4
1,71458E-4
1,6251E-4
1,74001E-4
1,86913E-4
1,74042E-4
1,74171E-4
1,80329E-4
1,77356E-4
1,70545E-4
1,72265E-4
1,65707E-4
1,69766E-4
1,70949E-4
1,66112E-4
1,65443E-4
1,82029E-4
1,65264E-4
1,67899E-4
1,64565E-4
1,63938E-4
1,62604E-4
1,85511E-4
1,6883E-4
1,70967E-4
1,63616E-4
1,82201E-4
1,62805E-4
1,65883E-4
1,64562E-4
1,68144E-4
1,65504E-4
1,68427E-4
1,6295E-4
1,69412E-4
1,68028E-4
1,65261E-4
1,68345E-4
1,80474E-4
1,66407E-4
1,8644E-4
1,72108E-4
1,66526E-4
1,84437E-4
1,72325E-4
1,69979E-4
1,73109E-4
1,67176E-4
1,67361E-4
1,6977E-4
1,69596E-4
1,63508E-4
1,65119E-4
1,8234E-4
1,63912E-4
1,63778E-4
1,65242E-4
1,67722E-4
1,63482E-4
1,62877E-4
1,67376E-4
1,65933E-4
1,65262E-4
1,64599E-4
1,67679E-4
1,66464E-4
1,84209E-4
1,66057E-4
1,80724E-4
1,71918E-4
1,65912E-4
1,66808E-4
1,65138E-4
1,66198E-4
1,65818E-4
1,61946E-4
1,69303E-4
1,67023E-4
1,66296E-4
1,79132E-4
1,67183E-4
1,64005E-4
1,63741E-4
1,66466E-4
1,77491E-4
1,81562E-4
1,81714E-4
1,644E-4
1,68406E-4
1,82061E-4
1,68009E-4
0,001482922
1,72915E-4
1,73502E-4
1,63726E-4
1,63201E-4
1,82528E-4
1,69849E-4
1,85656E-4
1,77427E-4
1,6835E-4
1,65349E-4
1,67695E-4
1,66229E-4
1,68166E-4
1,6496E-4
1,65263E-4
1,68285E-4
1,64546E-4
1,68009E-4
1,65485E-4
1,73091E-4
1,65181E-4
1,66304E-4
1,63491E-4
1,66373E-4
1,74919E-4
1,67765E-4
1,66568E-4
1,70662E-4
1,73691E-4
1,68074E-4
1,66052E-4
1,63773E-4
1,67568E-4
1,62127E-4
1,66427E-4
1,67461E-4
1,68787E-4
1,64407E-4
1,6449E-4
1,61395E-4
1,67972E-4
0,001223791
1,694E-4
1,64266E-4
1,61393E-4
1,61741E-4
1,64783E-4
1,65417E-4
1,63563E-4
1,60266E-4
1,67245E-4
1,65955E-4
1,68228E-4
1,65428E-4
1,62938E-4
1,65681E-4
1,65165E-4
1,63682E-4
1,63272E-4
1,66387E-4
1,66029E-4
1,658E-4
1,63023E-4
1,64087E-4
1,68779E-4
1,68612E-4
1,7165E-4
1,69937E-4
1,62469E-4
1,67204E-4
1,69939E-4
1,6317E-4
1,6484E-4
1,66377E-4
1,69824E-4
1,64811E-4
1,62155E-4
1,58875E-4
1,72514E-4
1,61322E-4
1,80446E-4
1,678E-4
1,64356E-4
1,66887E-4
0,001280753
1,63571E-4
1,65423E-4
1,63403E-4
1,61746E-4
1,63985E-4
1,63077E-4
1,6514E-4
1,64767E-4
1,63881E-4
1,62974E-4
1,63575E-4
1,62494E-4
1,67674E-4
1,66903E-4
1,63507E-4
1,63749E-4
1,61512E-4
1,65402E-4
1,74534E-4
1,7076E-4
1,60861E-4
1,62738E-4
1,60827E-4
1,65144E-4
1,6497E-4
1,65673E-4
1,66323E-4
1,64579E-4
1,81536E-4
1,66763E-4
1,62963E-4
1,70258E-4
1,63442E-4
1,65962E-4
1,65578E-4
1,76275E-4
1,83604E-4
1,71698E-4
1,66896E-4
1,691E-4
1,77902E-4
1,63514E-4
1,7459E-4
1,69628E-4
1,76069E-4
1,64951E-4
1,6201E-4
1,6631E-4
1,66164E-4
1,66371E-4
1,63931E-4
1,89075E-4
1,64919E-4
1,63384E-4
1,6529E-4
1,64442E-4
1,64506E-4
1,82362E-4
1,73451E-4
1,64865E-4
1,67936E-4
1,64013E-4
1,64912E-4
1,65494E-4
1,83811E-4
1,78925E-4
1,8657E-4
1,65602E-4
1,79045E-4
1,67221E-4
1,64106E-4
1,65576E-4
1,82372E-4
1,84682E-4
1,86621E-4
1,64258E-4
1,86771E-4
1,76673E-4
1,67426E-4
1,68048E-4
1,65874E-4
1,68808E-4
1,82995E-4
1,79725E-4
1,64726E-4
1,65471E-4
1,79973E-4
1,65392E-4
1,86879E-4
1,86061E-4
1,84217E-4
1,70876E-4
1,67627E-4
1,83596E-4
1,95691E-4
1,92507E-4
1,68605E-4
1,83903E-4
2,05016E-4
1,63813E-4
1,66738E-4
1,66751E-4
1,65919E-4
1,66828E-4
1,65116E-4
1,65058E-4
1,6571E-4
1,65166E-4
1,65809E-4
1,59543E-4
1,64063E-4
1,62533E-4
1,64724E-4
1,67562E-4
1,63187E-4
1,78503E-4
1,67173E-4
1,77272E-4
1,66058E-4
1,67072E-4
0,001400536
1,6791E-4
1,66689E-4
1,71011E-4
1,82531E-4
1,65304E-4
1,81064E-4
1,64536E-4
1,72156E-4
1,80386E-4
1,70312E-4
1,67692E-4
1,89335E-4
1,79518E-4
1,81169E-4
1,69928E-4
1,65821E-4
1,65614E-4
1,80807E-4
1,71522E-4
1,66321E-4
1,79652E-4
1,82033E-4
1,68606E-4
1,69554E-4
1,68067E-4
1,69027E-4
1,70452E-4
2,08804E-4
1,80042E-4
1,67575E-4
1,83233E-4
1,6455E-4
1,81611E-4
1,64804E-4
1,69642E-4
1,67997E-4
1,64431E-4
1,81188E-4
1,81072E-4
1,68535E-4
1,66789E-4
1,66678E-4
1,69307E-4
1,71423E-4
1,66442E-4
1,78507E-4
1,62062E-4
1,67602E-4
1,6217E-4
1,61095E-4
1,69493E-4
1,69481E-4
1,65548E-4
1,69064E-4
1,74286E-4
1,68904E-4
1,65469E-4
1,79367E-4
1,8376E-4
1,66357E-4
1,67202E-4
1,6451E-4
1,6836E-4
1,65153E-4
1,66034E-4
1,77769E-4
1,83118E-4
1,62593E-4
1,71172E-4
1,71574E-4
1,65948E-4
1,65185E-4
1,65865E-4
1,83091E-4
1,81782E-4
1,80489E-4
1,81776E-4
1,73531E-4
1,74461E-4
1,70171E-4
1,75229E-4
1,71104E-4
1,66533E-4
1,65642E-4
1,65061E-4
1,87158E-4
1,82662E-4
1,83717E-4
1,71216E-4
1,82942E-4
1,81534E-4
1,66531E-4
1,7934E-4
1,6471E-4
1,82148E-4
1,66305E-4
1,67384E-4
1,85012E-4
1,80759E-4
1,7116E-4
1,81476E-4
1,67908E-4
0,00133914
1,63418E-4
1,80965E-4
1,79963E-4
1,82695E-4
1,65635E-4
1,77814E-4
1,65646E-4
1,64435E-4
1,70607E-4
1,63746E-4
1,62368E-4
1,63011E-4
1,6694E-4
1,91244E-4
1,78244E-4
1,79396E-4
1,75573E-4
1,77401E-4
1,60984E-4
1,77715E-4
1,76537E-4
1,76296E-4
1,77619E-4
1,63399E-4
1,78791E-4
1,81012E-4
1,79366E-4
1,62341E-4
1,77826E-4
1,6346E-4
1,8523E-4
1,78508E-4
1,82999E-4
1,79928E-4
1,70234E-4
1,66825E-4
1,6535E-4
1,79124E-4
1,69705E-4
1,61001E-4
1,65514E-4
1,8011E-4
1,87347E-4
1,847E-4
1,79621E-4
1,78367E-4
1,61052E-4
1,80463E-4
1,79083E-4
1,79617E-4
1,80764E-4
1,79842E-4
1,79794E-4
1,83236E-4
1,8086E-4
1,88771E-4
1,82998E-4
1,79861E-4
1,81938E-4
0,001415215
1,79709E-4
1,7988E-4
1,78264E-4
1,85787E-4
1,79189E-4
1,81341E-4
1,63916E-4
1,81344E-4
1,70639E-4
1,6346E-4
1,82151E-4
1,79479E-4
1,78618E-4
1,84503E-4
1,66167E-4
1,83557E-4
1,66102E-4
1,80579E-4
1,72334E-4
1,66309E-4
1,79126E-4
1,78383E-4
1,78296E-4
1,79217E-4
1,90598E-4
1,68607E-4
1,80401E-4
1,85502E-4
1,81949E-4
1,67463E-4
1,85579E-4
1,81801E-4
1,86122E-4
1,81658E-4
1,77707E-4
1,82904E-4
1,78701E-4
1,79721E-4
1,64673E-4
1,82887E-4
1,79216E-4
1,967E-4
1,96445E-4
1,80039E-4
1,80156E-4
1,79359E-4
1,6665E-4
1,676E-4
1,64497E-4
1,64189E-4
1,62195E-4
1,63989E-4
1,70995E-4
1,82644E-4
1,64922E-4
1,82807E-4
1,78242E-4
1,66125E-4
1,8729E-4
1,80756E-4
1,80054E-4
1,65669E-4
1,8258E-4
1,83807E-4
1,8213E-4
1,7919E-4
1,7905E-4
1,85538E-4
1,82241E-4
1,794E-4
1,81999E-4
1,87993E-4
1,77338E-4
1,84498E-4
1,67851E-4
1,64109E-4
1,63026E-4
1,88459E-4
1,7846E-4
1,76946E-4
1,85264E-4
1,84905E-4
1,74451E-4
1,87521E-4
1,67309E-4
1,68786E-4
1,77834E-4
1,79976E-4
1,66993E-4
1,80552E-4
1,68903E-4
1,60603E-4
1,66278E-4
1,8401E-4
1,80662E-4
1,80791E-4
1,81067E-4
1,91359E-4
1,66744E-4
1,92826E-4
1,66864E-4
1,85284E-4
0,001440296
1,72827E-4
1,77554E-4
1,66333E-4
1,68008E-4
1,64289E-4
1,81616E-4
1,71179E-4
1,6353E-4
1,73128E-4
1,66238E-4
1,67163E-4
1,68661E-4
1,92646E-4
1,66625E-4
1,68793E-4
1,78143E-4
1,68947E-4
1,66055E-4
1,66434E-4
1,63671E-4
1,67775E-4
1,62357E-4
1,70298E-4
1,7197E-4
1,64399E-4
1,67753E-4
1,67701E-4
1,80524E-4
1,72954E-4
1,69485E-4
1,98294E-4
1,78029E-4
1,7605E-4
1,70637E-4
1,67131E-4
1,8692E-4
1,85176E-4
1,70204E-4
1,71052E-4
1,67028E-4
1,68662E-4
1,82133E-4
1,8879E-4
1,63743E-4
1,63067E-4
1,65522E-4
1,66671E-4
1,65547E-4
1,76106E-4
1,63193E-4
1,64837E-4
1,63427E-4
1,78851E-4
1,62425E-4
1,64341E-4
1,67536E-4
1,82521E-4
1,86206E-4
1,66299E-4
1,80876E-4
1,70705E-4
1,65605E-4
1,64891E-4
1,6562E-4
1,80439E-4
1,64953E-4
1,83243E-4
1,69041E-4
1,66242E-4
1,65554E-4
1,63892E-4
1,6645E-4
1,82201E-4
1,65693E-4
1,66792E-4
1,65109E-4
1,67384E-4
1,64156E-4
1,61965E-4
1,7951E-4
1,80018E-4
1,62599E-4
1,77727E-4
1,6673E-4
0,001424347
1,65308E-4
1,67071E-4
1,7079E-4
1,665E-4
1,65259E-4
1,63101E-4
2,08455E-4
1,59034E-4
1,8552E-4
1,80379E-4
1,80463E-4
1,79276E-4
1,77734E-4
1,79097E-4
1,84213E-4
1,81672E-4
1,83129E-4
0,001223556
1,79487E-4
1,79593E-4
1,81497E-4
1,85294E-4
1,63402E-4
1,78279E-4
1,8164E-4
1,83606E-4
1,81031E-4
1,67807E-4
1,70174E-4
1,8499E-4
1,85565E-4
1,82814E-4
1,79395E-4
1,87257E-4
1,6923E-4
1,80485E-4
1,64861E-4
1,66234E-4
1,67375E-4
1,81939E-4
1,85988E-4
1,79527E-4
1,64008E-4
1,80986E-4
1,78744E-4
1,8042E-4
1,79092E-4
1,83633E-4
1,79618E-4
1,84442E-4
1,79988E-4
1,80068E-4
1,81095E-4
1,80356E-4
1,83582E-4
1,83561E-4
1,8423E-4
1,83615E-4
1,80452E-4
1,80675E-4
0,001239383
1,84372E-4
1,687E-4
1,68406E-4
1,81414E-4
1,78521E-4
1,82145E-4
1,83822E-4
1,66327E-4
1,82665E-4
1,83217E-4
1,64667E-4
1,66869E-4
1,83737E-4
1,79052E-4
1,66315E-4
1,8066E-4
1,65069E-4
1,69683E-4
1,82843E-4
1,81391E-4
1,80526E-4
1,84848E-4
1,83437E-4
1,80671E-4
1,81893E-4
1,87072E-4
1,79353E-4
1,64735E-4
1,82328E-4
1,81424E-4
1,79746E-4
1,80584E-4
1,66357E-4
1,81899E-4
1,80517E-4
2,05158E-4
1,81496E-4
1,80124E-4
1,83498E-4
1,81868E-4
1,80415E-4
1,83005E-4
1,65749E-4
1,82573E-4
1,80248E-4
1,80712E-4
1,82786E-4
1,84471E-4
1,77412E-4
1,92624E-4
1,81415E-4
1,72461E-4
1,8325E-4
1,78623E-4
1,835E-4
1,85273E-4
1,63719E-4
1,85226E-4
1,67956E-4
0,001455682
1,82204E-4
1,6775E-4
1,67277E-4
1,80157E-4
1,70039E-4
1,8972E-4
1,61098E-4
1,64414E-4
1,65744E-4
1,69416E-4
1,67189E-4
1,72039E-4
1,93817E-4
1,69301E-4
1,63681E-4
1,79633E-4
1,67664E-4
1,722E-4
1,84209E-4
1,65187E-4
1,65732E-4
1,79454E-4
1,82676E-4
1,66582E-4
1,69227E-4
1,71905E-4
1,68159E-4
1,81547E-4
1,69193E-4
1,65771E-4
1,67383E-4
1,66636E-4
1,6843E-4
1,68076E-4
1,79878E-4
1,81121E-4
1,6148E-4
1,63205E-4
1,61816E-4
1,63019E-4
1,78868E-4
1,79261E-4
1,66808E-4
1,67505E-4
1,68529E-4
1,68783E-4
1,69472E-4
1,7053E-4
1,78906E-4
1,61201E-4
1,67218E-4
1,71403E-4
1,65435E-4
1,66653E-4
1,64187E-4
1,66728E-4
1,72493E-4
1,65507E-4
1,70999E-4
1,68092E-4
1,69328E-4
1,82234E-4
1,69565E-4
1,65084E-4
1,63808E-4
1,76234E-4
1,61272E-4
2,08497E-4
1,81826E-4
1,82222E-4
1,67586E-4
1,72191E-4
1,90468E-4
1,66659E-4
1,65134E-4
1,64381E-4
1,65893E-4
1,68927E-4
1,69369E-4
1,68373E-4
2,09491E-4
1,72916E-4
1,6733E-4
1,83435E-4
1,66745E-4
1,7004E-4
1,67438E-4
1,80221E-4
1,83216E-4
1,66369E-4
1,80764E-4
1,67781E-4
1,83866E-4
1,65724E-4
1,7777E-4
1,80711E-4
1,66978E-4
1,66769E-4
1,71879E-4
1,63005E-4
1,79449E-4
1,80284E-4
0,001410362
1,82361E-4
1,85225E-4
1,83367E-4
1,9263E-4
1,84724E-4
1,8692E-4
1,83423E-4
1,85804E-4
1,83129E-4
1,79145E-4
1,8169E-4
1,82946E-4
1,79453E-4
1,66287E-4
1,9486E-4
1,81945E-4
1,68534E-4
1,63946E-4
1,6766E-4
1,65485E-4
1,80753E-4
1,61338E-4
1,62363E-4
1,64804E-4
1,66978E-4
1,79001E-4
1,67026E-4
1,63826E-4
1,65295E-4
1,64109E-4
1,70552E-4
1,65841E-4
1,66692E-4
1,66138E-4
1,67493E-4
1,90184E-4
1,64266E-4
1,66694E-4
1,80199E-4
1,81119E-4
1,68543E-4
1,65083E-4
1,69316E-4
1,66039E-4
1,66153E-4
1,64754E-4
1,63332E-4
1,62312E-4
1,63924E-4
1,60275E-4
1,68199E-4
1,79683E-4
1,65752E-4
1,67189E-4
1,68324E-4
1,73859E-4
1,68045E-4
1,70562E-4
1,79704E-4
0,001475993
1,62404E-4
1,66068E-4
1,80866E-4
1,63543E-4
1,64699E-4
1,63514E-4
1,65047E-4
1,64995E-4
1,69562E-4
1,65383E-4
1,83233E-4
1,62521E-4
1,68169E-4
1,78192E-4
1,66102E-4
1,65146E-4
1,64697E-4
1,69692E-4
1,68439E-4
1,66086E-4
1,64573E-4
1,62941E-4
1,82029E-4
1,66222E-4
1,63986E-4
1,70634E-4
1,62639E-4
1,68176E-4
1,64715E-4
1,7273E-4
1,62418E-4
1,62765E-4
1,62151E-4
1,62614E-4
1,63952E-4
1,6454E-4
1,67668E-4
1,67712E-4
1,66737E-4
1,71377E-4
1,63186E-4
1,68419E-4
1,63894E-4
1,66137E-4
1,62746E-4
1,62883E-4
1,61631E-4
1,71224E-4
1,76417E-4
1,65392E-4
1,6566E-4
1,66834E-4
1,72968E-4
1,71102E-4
1,65341E-4
1,68996E-4
1,69369E-4
1,72438E-4
1,66579E-4
1,63179E-4
1,64668E-4
1,65405E-4
1,68097E-4
1,64231E-4
1,64663E-4
1,66538E-4
1,73384E-4
1,61023E-4
1,65836E-4
1,64594E-4
1,65804E-4
1,6937E-4
1,6823E-4
1,64484E-4
1,62349E-4
1,65056E-4
1,6569E-4
1,66109E-4
1,61932E-4
1,64958E-4
1,63394E-4
1,64674E-4
1,64319E-4
1,62605E-4
1,66157E-4
1,69362E-4
1,65302E-4
1,67429E-4
1,6441E-4
1,62177E-4
1,64539E-4
1,65747E-4
1,66161E-4
1,65276E-4
1,66886E-4
1,6283E-4
1,62324E-4
1,62737E-4
1,63303E-4
1,62538E-4
1,69488E-4
1,67083E-4
1,67089E-4
1,64734E-4
1,66979E-4
1,64655E-4
1,62484E-4
1,61986E-4
1,68874E-4
1,65952E-4
1,68521E-4
1,66331E-4
1,6046E-4
1,76833E-4
1,64162E-4
1,63237E-4
1,64795E-4
1,62718E-4
1,61582E-4
1,65069E-4
1,64269E-4
