1,82405E-4
1,84946E-4
1,63911E-4
1,93452E-4
1,82285E-4
1,88229E-4
1,85466E-4
1,84387E-4
1,64254E-4
1,63903E-4
1,65372E-4
1,65154E-4
1,76777E-4
1,78065E-4
1,665E-4
1,78069E-4
1,65089E-4
1,66129E-4
1,65851E-4
1,65184E-4
1,67129E-4
1,65041E-4
1,64227E-4
1,81321E-4
1,80473E-4
1,6401E-4
1,61899E-4
1,7511E-4
1,64787E-4
1,62878E-4
1,64685E-4
1,65182E-4
1,79999E-4
1,67634E-4
1,63619E-4
1,82345E-4
1,67463E-4
1,65839E-4
1,81659E-4
1,81272E-4
1,80093E-4
1,66031E-4
1,68164E-4
1,61871E-4
1,80514E-4
1,67105E-4
1,70046E-4
1,69559E-4
1,83389E-4
1,69461E-4
1,68231E-4
1,62435E-4
1,66951E-4
1,62095E-4
1,82164E-4
1,64753E-4
1,66666E-4
1,64066E-4
1,64016E-4
1,88921E-4
1,65249E-4
1,62613E-4
1,79748E-4
1,82012E-4
1,81152E-4
1,78236E-4
1,6683E-4
1,67316E-4
1,65312E-4
1,6493E-4
1,6311E-4
1,80529E-4
1,6471E-4
1,79701E-4
1,63039E-4
1,8169E-4
1,64397E-4
1,62696E-4
1,65986E-4
1,67364E-4
1,66021E-4
1,79291E-4
1,64239E-4
1,63039E-4
1,64299E-4
1,67238E-4
1,82179E-4
1,61948E-4
1,64659E-4
1,8146E-4
1,6409E-4
1,80772E-4
1,65886E-4
1,61402E-4
1,6294E-4
1,63653E-4
1,67578E-4
1,80066E-4
1,81319E-4
1,70183E-4
1,64519E-4
1,79484E-4
1,66264E-4
1,79042E-4
1,8174E-4
1,66023E-4
1,59324E-4
1,62634E-4
1,88946E-4
1,83525E-4
1,65734E-4
1,68064E-4
1,71565E-4
1,65791E-4
1,67279E-4
1,63934E-4
1,94218E-4
1,71273E-4
1,65034E-4
1,64985E-4
1,64741E-4
1,61635E-4
1,59701E-4
1,62209E-4
1,79186E-4
1,90645E-4
1,59871E-4
1,61882E-4
1,65092E-4
1,63753E-4
1,80368E-4
1,72896E-4
1,63713E-4
1,66199E-4
1,80316E-4
1,73113E-4
1,67995E-4
1,64041E-4
1,7758E-4
1,78866E-4
1,69363E-4
1,64213E-4
1,63219E-4
1,62222E-4
1,64063E-4
1,65616E-4
1,66111E-4
1,61479E-4
1,67957E-4
1,69879E-4
1,64387E-4
1,61812E-4
1,66789E-4
1,78013E-4
1,80172E-4
1,64517E-4
1,69867E-4
1,82656E-4
1,64658E-4
1,65959E-4
1,68667E-4
1,81514E-4
1,80732E-4
1,64188E-4
1,64321E-4
1,63309E-4
1,63413E-4
1,67319E-4
1,79925E-4
1,66713E-4
1,66535E-4
1,6702E-4
1,62887E-4
1,62597E-4
1,64458E-4
1,64921E-4
1,89175E-4
1,81376E-4
1,67778E-4
1,64319E-4
1,6605E-4
1,64675E-4
1,80001E-4
1,6243E-4
1,67718E-4
1,67613E-4
1,64002E-4
1,67693E-4
1,73797E-4
1,64844E-4
1,71021E-4
1,67162E-4
1,59164E-4
1,65992E-4
1,7145E-4
1,74363E-4
1,81313E-4
1,65447E-4
1,65844E-4
1,7243E-4
1,68693E-4
1,67951E-4
1,65583E-4
1,65051E-4
1,68291E-4
1,70508E-4
1,86423E-4
1,65327E-4
1,74202E-4
1,82942E-4
1,71199E-4
1,72846E-4
1,70529E-4
1,72645E-4
1,72595E-4
1,70818E-4
1,72137E-4
1,85504E-4
1,72661E-4
1,66893E-4
1,71183E-4
1,67377E-4
1,6944E-4
1,66891E-4
1,6871E-4
1,74086E-4
1,67144E-4
1,66346E-4
0,00139277
1,67962E-4
1,61523E-4
1,79109E-4
1,83235E-4
1,64409E-4
1,61105E-4
1,62474E-4
1,65228E-4
1,6768E-4
1,67321E-4
1,78801E-4
1,88546E-4
1,64279E-4
1,65766E-4
1,78834E-4
1,64127E-4
1,77825E-4
1,68159E-4
1,7669E-4
1,76539E-4
1,63216E-4
1,67264E-4
1,79121E-4
1,74086E-4
1,6169E-4
1,62836E-4
1,77168E-4
1,81572E-4
1,77671E-4
1,71476E-4
1,64039E-4
1,77028E-4
1,77944E-4
1,88182E-4
1,63784E-4
1,64358E-4
1,80557E-4
1,84273E-4
1,79891E-4
1,79602E-4
1,67576E-4
1,67457E-4
0,001424567
2,03336E-4
1,60282E-4
1,80648E-4
1,8225E-4
1,82401E-4
1,6246E-4
1,66658E-4
1,83147E-4
1,90121E-4
1,78674E-4
1,79759E-4
1,78017E-4
1,79916E-4
1,78568E-4
1,67527E-4
1,79917E-4
1,66914E-4
1,81316E-4
1,77819E-4
1,77974E-4
1,84261E-4
1,7555E-4
1,79501E-4
1,82818E-4
1,66853E-4
1,69047E-4
1,64328E-4
1,64178E-4
1,78917E-4
1,85516E-4
1,65279E-4
1,78915E-4
1,82061E-4
1,83291E-4
1,81726E-4
1,77795E-4
1,7709E-4
1,82711E-4
1,65838E-4
1,77921E-4
1,79005E-4
1,81088E-4
1,83481E-4
1,8024E-4
1,61983E-4
1,88805E-4
1,78263E-4
1,62127E-4
1,7602E-4
1,68071E-4
1,79299E-4
1,68965E-4
1,63044E-4
1,81876E-4
1,82592E-4
1,85234E-4
1,97718E-4
1,85024E-4
1,87057E-4
1,80894E-4
1,79342E-4
1,80947E-4
1,62203E-4
1,63278E-4
1,70149E-4
1,62675E-4
1,78675E-4
1,77349E-4
1,79229E-4
1,80667E-4
1,78428E-4
1,62195E-4
1,8121E-4
1,80348E-4
1,8012E-4
1,80916E-4
1,66324E-4
1,83991E-4
1,65597E-4
1,85403E-4
1,82743E-4
1,78327E-4
1,81257E-4
1,79462E-4
1,80964E-4
1,81351E-4
1,83257E-4
2,13143E-4
1,84986E-4
1,83038E-4
1,88803E-4
1,6647E-4
1,75122E-4
1,90258E-4
1,64782E-4
1,6186E-4
1,7808E-4
1,81084E-4
1,65026E-4
1,78921E-4
1,82269E-4
1,83925E-4
0,001326215
1,64541E-4
1,88262E-4
1,84189E-4
1,84286E-4
1,83145E-4
1,88565E-4
1,66308E-4
1,66464E-4
1,63116E-4
1,63496E-4
1,83706E-4
1,64514E-4
1,80001E-4
1,84316E-4
1,78115E-4
1,83241E-4
1,65279E-4
1,78592E-4
1,77879E-4
1,82153E-4
1,77928E-4
1,76741E-4
1,83723E-4
1,63356E-4
1,77979E-4
1,6674E-4
1,68341E-4
1,82172E-4
1,63181E-4
1,66555E-4
1,83411E-4
1,79239E-4
1,83329E-4
1,8185E-4
1,85008E-4
1,74909E-4
1,66203E-4
1,82223E-4
1,65949E-4
1,65795E-4
1,65515E-4
1,78383E-4
1,63173E-4
1,64915E-4
1,66793E-4
1,67255E-4
1,62532E-4
1,61281E-4
1,65213E-4
1,61024E-4
1,62747E-4
1,64415E-4
1,62372E-4
1,62199E-4
1,63594E-4
1,66677E-4
1,72526E-4
1,62843E-4
1,66809E-4
1,63037E-4
1,65716E-4
1,6889E-4
1,67972E-4
1,70431E-4
1,63879E-4
1,68193E-4
1,65826E-4
1,68711E-4
1,80046E-4
1,63822E-4
1,87162E-4
1,64825E-4
1,71536E-4
1,81642E-4
1,68765E-4
1,66511E-4
1,67016E-4
1,61348E-4
1,61765E-4
1,67108E-4
1,61776E-4
1,66182E-4
1,65553E-4
1,62559E-4
1,6388E-4
1,63607E-4
1,63878E-4
1,64388E-4
1,66264E-4
1,62376E-4
1,62164E-4
1,79112E-4
1,62178E-4
1,65144E-4
1,63748E-4
1,81153E-4
1,71503E-4
1,63778E-4
1,63156E-4
1,60751E-4
1,63199E-4
1,62831E-4
0,001339439
1,78923E-4
1,80577E-4
1,61282E-4
1,62396E-4
1,64804E-4
1,62763E-4
1,62625E-4
1,62617E-4
1,65148E-4
1,68866E-4
1,78415E-4
1,6374E-4
1,62649E-4
1,62993E-4
1,64585E-4
1,64039E-4
1,6261E-4
1,63511E-4
1,67818E-4
1,70601E-4
1,61907E-4
1,61639E-4
1,67232E-4
1,61095E-4
1,63249E-4
1,65048E-4
1,62615E-4
1,62819E-4
1,66745E-4
1,61547E-4
1,61708E-4
1,63238E-4
1,63321E-4
1,64944E-4
1,73466E-4
1,79486E-4
1,70292E-4
1,66263E-4
1,63362E-4
1,63769E-4
1,68835E-4
1,68287E-4
1,68832E-4
1,66211E-4
1,69478E-4
1,64425E-4
1,6468E-4
1,66652E-4
1,65239E-4
1,64619E-4
1,65603E-4
1,67945E-4
1,68869E-4
1,66183E-4
1,87445E-4
1,67352E-4
1,63227E-4
1,65622E-4
1,64008E-4
1,80433E-4
1,62376E-4
1,73131E-4
1,63664E-4
1,62778E-4
1,64561E-4
1,65518E-4
1,64798E-4
1,77822E-4
1,64805E-4
1,65232E-4
1,66623E-4
1,64536E-4
1,6681E-4
1,63121E-4
1,64038E-4
1,65556E-4
1,66139E-4
1,73677E-4
1,63863E-4
1,61169E-4
1,63782E-4
1,64947E-4
1,77589E-4
1,77152E-4
1,63655E-4
1,78692E-4
1,64256E-4
1,9202E-4
1,79775E-4
1,79498E-4
1,63124E-4
1,79303E-4
1,68439E-4
1,59571E-4
1,63572E-4
1,67525E-4
1,66116E-4
1,63421E-4
1,64287E-4
1,61953E-4
1,61423E-4
1,75683E-4
1,65101E-4
1,65444E-4
1,72684E-4
1,671E-4
1,6375E-4
1,63267E-4
1,70485E-4
1,77906E-4
1,64814E-4
1,63445E-4
1,79218E-4
1,80405E-4
1,7928E-4
1,78154E-4
1,62546E-4
1,75457E-4
1,97941E-4
1,67663E-4
1,67709E-4
1,76817E-4
1,67403E-4
1,64447E-4
1,64297E-4
1,73914E-4
1,63436E-4
1,65144E-4
1,87954E-4
1,66207E-4
1,61017E-4
1,682E-4
1,64135E-4
1,90155E-4
1,66511E-4
1,78377E-4
1,62209E-4
1,64578E-4
1,64039E-4
1,61345E-4
1,64639E-4
1,64022E-4
1,9295E-4
1,60483E-4
1,60427E-4
1,61424E-4
1,64717E-4
1,64164E-4
1,6164E-4
1,64458E-4
1,62096E-4
1,65298E-4
1,68407E-4
1,6138E-4
1,65782E-4
1,66654E-4
1,65257E-4
1,64824E-4
1,65544E-4
1,65824E-4
1,61412E-4
1,73739E-4
1,6202E-4
0,001373169
1,78541E-4
1,64208E-4
1,63988E-4
1,64091E-4
1,60555E-4
1,636E-4
1,63979E-4
1,70353E-4
1,69608E-4
1,6345E-4
1,66038E-4
1,97029E-4
1,67627E-4
1,66933E-4
1,67252E-4
1,69297E-4
1,67362E-4
1,68756E-4
1,8734E-4
1,65349E-4
1,70972E-4
1,78907E-4
1,61474E-4
1,79811E-4
1,76015E-4
1,83964E-4
1,61519E-4
1,83591E-4
1,82029E-4
1,81454E-4
1,78348E-4
1,79347E-4
1,80998E-4
1,88746E-4
1,79428E-4
1,78035E-4
1,6202E-4
1,79458E-4
1,80927E-4
1,63641E-4
1,82053E-4
1,80567E-4
0,00252307
1,89097E-4
1,86891E-4
1,62292E-4
1,63699E-4
1,63301E-4
1,62769E-4
1,7729E-4
1,63133E-4
1,80053E-4
1,79574E-4
1,77597E-4
1,63666E-4
1,66874E-4
1,63041E-4
1,64695E-4
1,62119E-4
1,61335E-4
1,63969E-4
1,61433E-4
1,61644E-4
1,62502E-4
1,64063E-4
1,61669E-4
1,62344E-4
1,62694E-4
1,62062E-4
1,66923E-4
1,66804E-4
1,62931E-4
1,63232E-4
1,62306E-4
1,67919E-4
1,6768E-4
1,66704E-4
1,62705E-4
1,67225E-4
1,67808E-4
1,65708E-4
1,66636E-4
1,61543E-4
1,71017E-4
1,61601E-4
1,69087E-4
1,75936E-4
1,70195E-4
1,62215E-4
1,64224E-4
1,63649E-4
1,60719E-4
1,64428E-4
1,66594E-4
1,65128E-4
1,67073E-4
1,66771E-4
1,66048E-4
1,67812E-4
1,67559E-4
1,63819E-4
1,83435E-4
1,64552E-4
1,66722E-4
1,66326E-4
1,6444E-4
1,65549E-4
1,64484E-4
1,64583E-4
1,85585E-4
1,66253E-4
1,66528E-4
1,81969E-4
1,68256E-4
1,69609E-4
1,74541E-4
1,66756E-4
1,64802E-4
1,65945E-4
1,63318E-4
1,67688E-4
1,66572E-4
1,65715E-4
1,65795E-4
1,66348E-4
1,65413E-4
1,64167E-4
1,66089E-4
1,66888E-4
1,67129E-4
1,73961E-4
1,72719E-4
1,69929E-4
1,67794E-4
1,69582E-4
1,72842E-4
1,66598E-4
1,61134E-4
1,61032E-4
1,66519E-4
1,67293E-4
1,64671E-4
1,79832E-4
1,69383E-4
1,6653E-4
0,001453635
1,67758E-4
1,62291E-4
1,64861E-4
1,62595E-4
1,74969E-4
1,65558E-4
1,63579E-4
1,7001E-4
1,68572E-4
1,87712E-4
1,61615E-4
1,64484E-4
1,80475E-4
1,66576E-4
1,68172E-4
1,63317E-4
1,79697E-4
1,64306E-4
1,80387E-4
1,85538E-4
1,82406E-4
1,83162E-4
1,63673E-4
1,7128E-4
1,81227E-4
1,85429E-4
1,8076E-4
1,8028E-4
1,79918E-4
1,79184E-4
1,66329E-4
1,65276E-4
1,66606E-4
1,69005E-4
1,83636E-4
1,88243E-4
1,84093E-4
1,87688E-4
1,87424E-4
1,83775E-4
1,79772E-4
1,80841E-4
1,64462E-4
1,66825E-4
1,67577E-4
1,63942E-4
1,66444E-4
1,6423E-4
1,64337E-4
1,67431E-4
1,63568E-4
1,6662E-4
1,60233E-4
1,63586E-4
1,63888E-4
1,68808E-4
1,64299E-4
1,63836E-4
1,63194E-4
1,6349E-4
1,64954E-4
1,66284E-4
1,65612E-4
1,66074E-4
1,61634E-4
1,66097E-4
1,65655E-4
1,6471E-4
1,66815E-4
1,62498E-4
1,79675E-4
1,62865E-4
1,74144E-4
1,65901E-4
1,65754E-4
1,65021E-4
1,61461E-4
1,64508E-4
1,67853E-4
1,6591E-4
1,65842E-4
1,6198E-4
1,65148E-4
1,62884E-4
1,63165E-4
1,65125E-4
1,62181E-4
1,64895E-4
1,65774E-4
1,67643E-4
1,66581E-4
1,65114E-4
1,67345E-4
1,71926E-4
1,66844E-4
1,65539E-4
1,69081E-4
1,68565E-4
1,7131E-4
1,66618E-4
1,69236E-4
1,67463E-4
0,001358946
1,67646E-4
1,64391E-4
1,64098E-4
1,63403E-4
1,6631E-4
1,62297E-4
1,70548E-4
1,70509E-4
1,67114E-4
1,68128E-4
1,70172E-4
1,6521E-4
1,63547E-4
1,66854E-4
1,68732E-4
1,67218E-4
1,63642E-4
1,66136E-4
1,64939E-4
1,668E-4
1,64816E-4
1,66075E-4
1,73855E-4
1,67966E-4
1,67484E-4
1,81956E-4
1,82749E-4
1,63912E-4
1,66304E-4
1,65298E-4
1,64242E-4
1,80391E-4
1,6715E-4
1,62633E-4
1,6676E-4
1,65964E-4
1,66266E-4
1,6666E-4
1,62877E-4
1,65022E-4
1,67734E-4
1,68798E-4
1,67472E-4
1,64497E-4
1,6934E-4
1,68189E-4
1,7015E-4
1,78257E-4
1,66472E-4
1,66052E-4
1,64612E-4
1,68864E-4
1,63092E-4
1,69853E-4
1,64624E-4
1,62764E-4
1,65138E-4
1,64419E-4
1,74127E-4
0,001379103
1,62022E-4
1,61318E-4
1,61797E-4
1,65854E-4
1,67666E-4
1,77432E-4
1,76273E-4
1,77933E-4
1,78469E-4
1,63931E-4
1,64567E-4
1,67905E-4
1,63901E-4
1,63393E-4
1,63744E-4
1,63642E-4
1,61136E-4
1,61975E-4
1,6655E-4
1,63633E-4
1,65452E-4
1,64916E-4
1,6614E-4
1,64101E-4
1,64936E-4
1,65317E-4
1,64957E-4
1,63297E-4
1,61404E-4
1,62446E-4
1,62899E-4
1,62735E-4
1,63535E-4
1,63596E-4
1,61057E-4
1,61659E-4
1,618E-4
1,78254E-4
1,67534E-4
1,6752E-4
1,63668E-4
1,63741E-4
0,001292708
1,66413E-4
1,63569E-4
1,66183E-4
1,68489E-4
1,64135E-4
1,68464E-4
1,79714E-4
1,62666E-4
1,63192E-4
1,66366E-4
1,61215E-4
1,61826E-4
1,78745E-4
1,78555E-4
1,63142E-4
1,66158E-4
1,64939E-4
1,60585E-4
1,63434E-4
1,62589E-4
1,78736E-4
1,63614E-4
1,62647E-4
1,62685E-4
1,78603E-4
1,64967E-4
1,6043E-4
1,70114E-4
1,61185E-4
1,65335E-4
1,62427E-4
1,61825E-4
1,78198E-4
1,63832E-4
1,61283E-4
1,62296E-4
1,82772E-4
1,63007E-4
1,63908E-4
1,64469E-4
1,59022E-4
1,62326E-4
1,63775E-4
1,64654E-4
1,62938E-4
1,66271E-4
1,63049E-4
1,6682E-4
1,66027E-4
1,60841E-4
1,77899E-4
1,67728E-4
1,67225E-4
1,68531E-4
1,83623E-4
1,84766E-4
1,80004E-4
1,81337E-4
1,61556E-4
0,00133253
1,79453E-4
1,78534E-4
1,87939E-4
1,82267E-4
1,77912E-4
1,86188E-4
1,76803E-4
1,79266E-4
1,78902E-4
1,77686E-4
1,63176E-4
1,64366E-4
1,79502E-4
1,61249E-4
1,6353E-4
1,79945E-4
1,61566E-4
1,79984E-4
1,78607E-4
1,63879E-4
1,82214E-4
1,65359E-4
1,77452E-4
1,67484E-4
1,80266E-4
1,80585E-4
1,77769E-4
1,61855E-4
1,88814E-4
1,66537E-4
1,79339E-4
1,80729E-4
1,64918E-4
1,79079E-4
1,77246E-4
1,62568E-4
1,76805E-4
1,64074E-4
1,63057E-4
1,79137E-4
1,61287E-4
1,76784E-4
1,83231E-4
1,85573E-4
1,80458E-4
1,79431E-4
1,84808E-4
1,83224E-4
1,85391E-4
1,65769E-4
1,63824E-4
1,64848E-4
1,62502E-4
1,62622E-4
1,62989E-4
1,65955E-4
1,64314E-4
1,64715E-4
1,65576E-4
1,61696E-4
1,64426E-4
1,62256E-4
1,62972E-4
1,6284E-4
1,61092E-4
1,62399E-4
1,62306E-4
1,68987E-4
1,64126E-4
1,65092E-4
1,63782E-4
1,68202E-4
1,65627E-4
1,64207E-4
1,64749E-4
1,66201E-4
1,64842E-4
1,75078E-4
1,64633E-4
1,66207E-4
1,63563E-4
1,71382E-4
1,61051E-4
1,6682E-4
1,66095E-4
1,62519E-4
1,63532E-4
1,60321E-4
1,65823E-4
1,65187E-4
1,64607E-4
1,6445E-4
1,60681E-4
1,64088E-4
1,62325E-4
1,65918E-4
1,64928E-4
1,64189E-4
1,6192E-4
1,64799E-4
1,65683E-4
1,63038E-4
1,62404E-4
1,64052E-4
1,66272E-4
1,68028E-4
1,61036E-4
1,67903E-4
1,66595E-4
1,69022E-4
1,67296E-4
1,64003E-4
1,63103E-4
1,67313E-4
1,60877E-4
1,60912E-4
1,63464E-4
1,62134E-4
1,63945E-4
1,63023E-4
1,64235E-4
1,61005E-4
1,6342E-4
1,70579E-4
1,65546E-4
1,65337E-4
1,62501E-4
1,66662E-4
1,61068E-4
1,62265E-4
1,6073E-4
1,62986E-4
1,62586E-4
1,62039E-4
1,64515E-4
1,63187E-4
1,61613E-4
1,70881E-4
1,63272E-4
1,63235E-4
1,62664E-4
1,64094E-4
1,66037E-4
1,62549E-4
0,001390323
1,66308E-4
1,64894E-4
1,63298E-4
1,6434E-4
1,68711E-4
1,62666E-4
1,80239E-4
1,66628E-4
1,67786E-4
1,69981E-4
1,64208E-4
1,70242E-4
1,67841E-4
1,77815E-4
1,663E-4
1,67396E-4
1,85421E-4
1,66658E-4
1,88734E-4
1,62038E-4
1,65341E-4
1,60279E-4
1,66871E-4
1,62183E-4
1,64654E-4
1,65259E-4
1,65109E-4
1,62795E-4
1,65966E-4
1,63514E-4
1,65128E-4
1,6537E-4
1,71953E-4
1,63587E-4
1,64376E-4
1,63645E-4
1,64977E-4
1,63341E-4
1,61793E-4
1,64271E-4
1,65153E-4
1,6242E-4
1,6423E-4
1,62925E-4
1,64631E-4
1,63933E-4
1,64819E-4
1,64901E-4
1,64791E-4
1,62122E-4
1,66146E-4
1,61388E-4
1,66377E-4
1,62013E-4
1,64631E-4
1,67656E-4
1,63672E-4
1,7473E-4
1,64645E-4
1,839E-4
1,78114E-4
1,80423E-4
1,85165E-4
1,75937E-4
1,85392E-4
1,65597E-4
1,82021E-4
1,85172E-4
1,81146E-4
1,8445E-4
1,83729E-4
1,81033E-4
1,81865E-4
1,81451E-4
1,80881E-4
1,80684E-4
1,82265E-4
1,7899E-4
1,65045E-4
1,82745E-4
1,8401E-4
1,90431E-4
1,58792E-4
1,77918E-4
1,77555E-4
1,65357E-4
1,69279E-4
1,80075E-4
1,86713E-4
1,69458E-4
1,80001E-4
1,79474E-4
1,81811E-4
1,78412E-4
1,7731E-4
1,80452E-4
1,82536E-4
2,01816E-4
1,89067E-4
1,82218E-4
1,64919E-4
1,80356E-4
1,84387E-4
1,82743E-4
1,6554E-4
1,68186E-4
1,80716E-4
1,71828E-4
1,80777E-4
1,68423E-4
1,78603E-4
1,66034E-4
1,61948E-4
1,83758E-4
1,82169E-4
1,81151E-4
1,78484E-4
1,6908E-4
1,6364E-4
0,00139791
1,70569E-4
1,71028E-4
1,68042E-4
1,67158E-4
1,69933E-4
1,75065E-4
1,67533E-4
1,66189E-4
1,75225E-4
1,65264E-4
1,65856E-4
1,66666E-4
1,69013E-4
1,81319E-4
1,70403E-4
1,64398E-4
1,82382E-4
1,80512E-4
1,80083E-4
1,78273E-4
1,63816E-4
1,78792E-4
1,81175E-4
1,80444E-4
1,81899E-4
1,65563E-4
1,7989E-4
1,77757E-4
1,78158E-4
1,81447E-4
1,80769E-4
1,75502E-4
1,80381E-4
1,79693E-4
1,79831E-4
1,66794E-4
1,86801E-4
1,82268E-4
1,61376E-4
1,63125E-4
1,81039E-4
1,82437E-4
1,86081E-4
1,7993E-4
1,82337E-4
1,81576E-4
1,81634E-4
1,81551E-4
1,79674E-4
1,77975E-4
1,82955E-4
1,64778E-4
1,77794E-4
1,86131E-4
1,82831E-4
1,98392E-4
1,84842E-4
1,84398E-4
1,72456E-4
1,83822E-4
1,8175E-4
1,8338E-4
1,70033E-4
1,81544E-4
1,7941E-4
1,83926E-4
1,8223E-4
1,81627E-4
1,81849E-4
1,81777E-4
1,83376E-4
1,79829E-4
1,8254E-4
1,96085E-4
1,82919E-4
1,81719E-4
1,84075E-4
1,82308E-4
1,81164E-4
1,80592E-4
1,82589E-4
1,79956E-4
1,66968E-4
1,84577E-4
1,81197E-4
1,94775E-4
1,80487E-4
1,71916E-4
1,67257E-4
1,67437E-4
1,83148E-4
1,65858E-4
1,65377E-4
1,65435E-4
1,82053E-4
1,82188E-4
1,80904E-4
1,80427E-4
1,89043E-4
1,81616E-4
1,66737E-4
1,68304E-4
1,87576E-4
1,73138E-4
1,7183E-4
1,83708E-4
2,04457E-4
1,76441E-4
1,76255E-4
1,83619E-4
1,79092E-4
1,7938E-4
1,74128E-4
1,78468E-4
1,66079E-4
1,74436E-4
1,7284E-4
1,71791E-4
1,71322E-4
1,66998E-4
1,73356E-4
1,72434E-4
1,79988E-4
1,72317E-4
1,89389E-4
1,9138E-4
1,91583E-4
1,73671E-4
1,75892E-4
1,70521E-4
1,89529E-4
1,69716E-4
1,88778E-4
1,77115E-4
1,85232E-4
1,64935E-4
2,09663E-4
1,8052E-4
1,83691E-4
1,7424E-4
1,73511E-4
1,87673E-4
1,78677E-4
1,72645E-4
1,78488E-4
1,82781E-4
1,75222E-4
1,82357E-4
1,71452E-4
1,74088E-4
1,72836E-4
1,81383E-4
1,75229E-4
1,71305E-4
1,71951E-4
1,72439E-4
1,87795E-4
1,84275E-4
1,64967E-4
2,03752E-4
1,89031E-4
1,76449E-4
0,001335562
1,68395E-4
1,80364E-4
1,95285E-4
1,72519E-4
1,78048E-4
1,70359E-4
1,71596E-4
1,75871E-4
1,67597E-4
1,71469E-4
1,80425E-4
1,72944E-4
1,82104E-4
1,71418E-4
1,71572E-4
1,70439E-4
1,76734E-4
1,8187E-4
