1,10776E-4
1,00231E-4
1,66203E-4
1,14304E-4
1,06737E-4
2,23235E-4
1,12759E-4
2,41887E-4
0,001298334
2,25272E-4
1,03982E-4
1,13037E-4
9,0794E-5
1,43527E-4
9,2543E-5
1,12694E-4
1,02495E-4
1,11293E-4
1,05581E-4
1,16373E-4
9,0143E-5
1,16719E-4
9,6551E-5
1,11928E-4
1,01787E-4
1,16252E-4
1,13069E-4
2,21722E-4
1,79656E-4
1,17965E-4
9,3339E-5
1,11872E-4
9,1962E-5
1,15916E-4
9,3599E-5
1,13384E-4
8,9029E-5
1,10312E-4
9,0075E-5
1,09919E-4
9,7524E-5
1,13183E-4
1,04488E-4
1,18252E-4
9,3732E-5
1,10698E-4
9,3273E-5
1,10459E-4
8,8025E-5
1,08749E-4
9,1941E-5
1,0934E-4
9,4298E-5
2,10082E-4
1,04988E-4
2,22195E-4
9,056E-5
1,30057E-4
9,4017E-5
1,1161E-4
1,01402E-4
1,12448E-4
9,2464E-5
1,09324E-4
8,9845E-5
1,11552E-4
9,9652E-5
1,17243E-4
9,1333E-5
1,11584E-4
9,3803E-5
1,10471E-4
9,3781E-5
1,13866E-4
9,3599E-5
1,10726E-4
1,05824E-4
1,15291E-4
9,1293E-5
1,18371E-4
9,524E-5
1,15886E-4
9,4227E-5
1,14312E-4
9,4036E-5
1,13071E-4
1,74252E-4
1,15205E-4
9,4147E-5
1,12442E-4
9,7122E-5
1,12983E-4
9,0474E-5
1,09586E-4
9,1208E-5
1,10519E-4
9,2235E-5
1,12726E-4
9,0903E-5
2,13454E-4
9,2961E-5
1,10437E-4
9,1738E-5
1,13319E-4
9,058E-5
1,11237E-4
1,03529E-4
1,14876E-4
9,559E-5
1,12713E-4
1,06993E-4
1,1198E-4
9,1304E-5
1,10944E-4
9,3834E-5
1,15622E-4
1,09887E-4
1,16497E-4
1,06739E-4
1,13909E-4
1,08651E-4
1,13161E-4
1,05894E-4
1,14137E-4
9,273E-5
1,19237E-4
1,05655E-4
1,14339E-4
9,793E-5
1,16135E-4
1,1101E-4
1,13265E-4
1,04853E-4
1,27711E-4
1,1088E-4
1,12195E-4
1,03566E-4
1,0811E-4
1,05584E-4
1,02613E-4
8,8505E-5
1,02596E-4
9,0316E-5
1,03872E-4
9,2343E-5
1,03507E-4
9,105E-5
1,01612E-4
8,5891E-5
1,02453E-4
8,9497E-5
1,05633E-4
8,4332E-5
1,00668E-4
8,6066E-5
1,03707E-4
8,5842E-5
1,03344E-4
8,8757E-5
1,0018E-4
8,53E-5
1,01895E-4
8,9839E-5
1,04118E-4
8,6257E-5
1,02643E-4
8,5936E-5
1,03499E-4
8,6602E-5
1,02827E-4
8,5238E-5
1,01051E-4
8,6946E-5
1,01166E-4
8,5288E-5
1,01638E-4
8,5839E-5
9,9886E-5
8,4775E-5
9,8165E-5
8,4687E-5
9,9305E-5
8,7421E-5
9,7634E-5
8,5609E-5
1,14894E-4
8,7891E-5
1,01073E-4
8,2594E-5
1,01772E-4
8,3791E-5
1,00481E-4
8,4896E-5
1,02713E-4
8,7954E-5
1,03715E-4
8,38E-5
1,1072E-4
1,12962E-4
1,14016E-4
1,06516E-4
1,10862E-4
1,08767E-4
1,21077E-4
1,11717E-4
1,08762E-4
1,05975E-4
1,15185E-4
1,05698E-4
1,15565E-4
1,06425E-4
1,11357E-4
1,03242E-4
1,12236E-4
9,297E-5
1,10952E-4
1,11319E-4
1,12991E-4
9,9946E-5
1,11404E-4
9,1218E-5
1,13236E-4
1,04096E-4
1,11677E-4
8,8929E-5
1,12293E-4
1,05343E-4
1,09714E-4
1,39208E-4
1,1156E-4
1,03529E-4
1,12769E-4
1,07432E-4
1,09281E-4
1,06394E-4
1,07183E-4
9,3811E-5
1,15142E-4
1,08733E-4
1,13701E-4
1,04305E-4
1,16448E-4
1,08199E-4
1,11751E-4
1,08225E-4
1,1471E-4
1,07771E-4
1,14546E-4
9,3304E-5
1,18685E-4
1,09573E-4
1,16677E-4
1,0728E-4
1,2248E-4
1,04123E-4
1,11858E-4
9,1224E-5
1,11477E-4
1,04636E-4
1,09911E-4
1,5376E-4
1,16664E-4
1,07128E-4
1,14845E-4
1,06201E-4
1,12277E-4
1,03209E-4
1,13407E-4
1,09507E-4
1,10368E-4
1,06458E-4
1,11822E-4
1,06051E-4
1,09564E-4
1,0747E-4
1,13729E-4
1,06408E-4
1,12988E-4
1,05155E-4
1,14394E-4
1,05563E-4
1,11684E-4
1,05735E-4
1,12954E-4
1,08642E-4
1,12024E-4
1,06957E-4
1,15628E-4
1,07271E-4
1,16236E-4
1,01195E-4
1,11689E-4
1,06157E-4
1,15421E-4
1,08576E-4
1,13856E-4
1,04698E-4
1,15115E-4
9,2747E-5
1,17576E-4
1,07648E-4
1,10866E-4
1,08122E-4
1,09066E-4
1,06462E-4
1,16179E-4
1,05828E-4
1,16533E-4
1,07825E-4
1,08058E-4
1,0798E-4
1,1428E-4
1,066E-4
1,09561E-4
1,08453E-4
2,23329E-4
1,06808E-4
1,14633E-4
9,4376E-5
1,13894E-4
1,046E-4
1,13245E-4
1,06011E-4
1,11243E-4
1,05958E-4
1,11275E-4
9,2039E-5
1,14794E-4
1,07944E-4
9,895E-5
8,7483E-5
0,001401841
8,7415E-5
1,09745E-4
8,5464E-5
1,00315E-4
8,4051E-5
1,04871E-4
8,4924E-5
1,22915E-4
8,6117E-5
1,04805E-4
8,8152E-5
1,04189E-4
1,02025E-4
1,02986E-4
8,7737E-5
1,01201E-4
8,6916E-5
0,001427037
8,792E-5
1,02596E-4
8,9732E-5
1,08424E-4
8,5971E-5
1,02234E-4
8,7081E-5
1,00012E-4
1,67395E-4
1,04656E-4
8,7162E-5
1,06495E-4
8,7143E-5
1,05973E-4
8,7059E-5
1,0444E-4
8,7286E-5
1,02297E-4
8,2709E-5
9,9978E-5
8,5761E-5
1,01802E-4
8,92E-5
1,02673E-4
8,2751E-5
1,01868E-4
8,3124E-5
1,01096E-4
8,5647E-5
1,00952E-4
8,8318E-5
1,03073E-4
8,7854E-5
1,00359E-4
8,9796E-5
1,0271E-4
8,6429E-5
1,08745E-4
9,3078E-5
1,01544E-4
8,6408E-5
1,92729E-4
8,4899E-5
1,02928E-4
8,6686E-5
1,05678E-4
8,7513E-5
1,00811E-4
8,8063E-5
1,02001E-4
8,8515E-5
1,05085E-4
8,8328E-5
9,9674E-5
8,4968E-5
1,01548E-4
8,9398E-5
1,00102E-4
8,5315E-5
1,01667E-4
8,7787E-5
1,03178E-4
8,7019E-5
1,0151E-4
8,6532E-5
1,0124E-4
1,59761E-4
1,01912E-4
8,5862E-5
1,02685E-4
8,7647E-5
1,0242E-4
8,7001E-5
1,00091E-4
8,5478E-5
1,00544E-4
8,7495E-5
1,02802E-4
8,5263E-5
1,03585E-4
8,3381E-5
9,8367E-5
9,7563E-5
1,01185E-4
8,5644E-5
9,5963E-5
8,4651E-5
9,9116E-5
8,5669E-5
9,8272E-5
8,6364E-5
9,8838E-5
8,6015E-5
1,05633E-4
8,5859E-5
9,6972E-5
8,4746E-5
9,4564E-5
8,2841E-5
9,6335E-5
8,5027E-5
9,8618E-5
8,5796E-5
9,7836E-5
1,67658E-4
1,01664E-4
8,6342E-5
1,84612E-4
8,4392E-5
9,6865E-5
8,6697E-5
1,00021E-4
8,611E-5
1,03969E-4
8,6158E-5
9,6528E-5
8,2306E-5
1,00103E-4
8,9014E-5
1,0486E-4
8,8157E-5
1,01619E-4
8,6224E-5
1,02945E-4
8,327E-5
9,4442E-5
8,7058E-5
9,7153E-5
9,7532E-5
9,9528E-5
8,6257E-5
9,8379E-5
8,4886E-5
9,834E-5
8,0139E-5
1,0125E-4
8,6341E-5
9,9286E-5
8,546E-5
1,0105E-4
8,668E-5
1,01344E-4
8,5605E-5
9,6152E-5
8,4621E-5
9,5982E-5
8,6364E-5
1,01221E-4
8,8248E-5
9,7023E-5
8,7547E-5
9,8612E-5
8,169E-5
1,00802E-4
8,5585E-5
1,96942E-4
8,5418E-5
1,00312E-4
8,666E-5
1,01706E-4
8,2747E-5
9,3524E-5
8,7371E-5
1,00149E-4
8,4163E-5
9,9221E-5
8,7997E-5
9,3483E-5
9,1404E-5
9,6407E-5
8,2954E-5
1,00049E-4
8,7511E-5
1,02447E-4
8,7122E-5
1,00688E-4
8,5881E-5
1,03417E-4
8,5156E-5
1,00962E-4
8,7141E-5
1,5677E-4
8,5944E-5
9,6374E-5
8,4866E-5
9,7127E-5
8,5134E-5
9,8413E-5
8,4303E-5
1,99937E-4
1,69608E-4
2,02272E-4
8,7222E-5
9,9672E-5
8,474E-5
1,51254E-4
8,7326E-5
9,511E-5
8,492E-5
9,7403E-5
8,6739E-5
1,01359E-4
8,3863E-5
9,7044E-5
8,53E-5
1,7029E-4
7,9921E-5
9,8217E-5
8,7864E-5
9,9958E-5
8,4263E-5
1,01273E-4
8,8652E-5
1,04301E-4
8,6249E-5
9,9596E-5
8,6808E-5
1,0404E-4
8,6692E-5
1,10634E-4
8,9832E-5
1,12039E-4
8,775E-5
1,02602E-4
8,4381E-5
1,12811E-4
8,798E-5
1,00998E-4
1,66369E-4
1,04019E-4
1,69185E-4
9,8672E-5
8,7254E-5
9,3294E-5
8,4279E-5
9,7168E-5
8,4938E-5
9,9427E-5
8,3235E-5
1,64202E-4
8,5035E-5
9,9197E-5
8,2792E-5
1,05937E-4
8,4182E-5
1,02129E-4
8,6694E-5
1,00529E-4
8,5401E-5
9,9014E-5
8,6827E-5
9,7289E-5
8,3857E-5
9,7574E-5
8,4386E-5
9,8778E-5
8,4882E-5
9,5955E-5
8,6623E-5
9,8532E-5
8,3365E-5
1,02795E-4
8,8198E-5
1,02254E-4
9,3397E-5
1,02795E-4
8,7424E-5
9,9667E-5
8,5083E-5
1,22184E-4
8,7355E-5
9,716E-5
8,6616E-5
9,7154E-5
8,5766E-5
1,01929E-4
8,6673E-5
9,9217E-5
8,4908E-5
1,02032E-4
8,8054E-5
9,8886E-5
8,6726E-5
1,31585E-4
9,0549E-5
2,04166E-4
8,894E-5
9,7787E-5
8,5491E-5
1,01952E-4
8,7911E-5
9,8573E-5
8,6113E-5
9,79E-5
8,8009E-5
1,02153E-4
8,9149E-5
9,8157E-5
8,9217E-5
1,01401E-4
8,5645E-5
9,7086E-5
8,6012E-5
1,00197E-4
8,1793E-5
9,3487E-5
8,6703E-5
9,9065E-5
8,5731E-5
9,8457E-5
8,5085E-5
9,8612E-5
8,6996E-5
9,4658E-5
8,1321E-5
9,9106E-5
8,5695E-5
9,8594E-5
8,6821E-5
9,8773E-5
8,4521E-5
1,0403E-4
8,6176E-5
9,6191E-5
8,4674E-5
9,8573E-5
8,5557E-5
9,5759E-5
8,5097E-5
9,843E-5
8,6676E-5
9,7896E-5
8,4505E-5
1,01656E-4
8,8116E-5
1,01542E-4
8,6653E-5
1,05771E-4
8,9582E-5
1,05292E-4
8,5444E-5
1,92488E-4
8,5234E-5
1,06179E-4
8,4876E-5
1,00471E-4
8,5578E-5
9,7097E-5
8,4957E-5
9,598E-5
8,4004E-5
9,9659E-5
8,6567E-5
1,05639E-4
1,63061E-4
1,00982E-4
8,754E-5
1,01737E-4
8,4859E-5
1,0848E-4
8,7309E-5
1,65912E-4
8,9615E-5
1,02934E-4
8,7316E-5
1,00747E-4
8,6448E-5
1,01416E-4
8,3619E-5
1,01396E-4
8,5895E-5
1,00856E-4
8,7463E-5
1,04316E-4
8,5868E-5
1,0051E-4
8,4276E-5
9,4036E-5
8,5344E-5
1,98736E-4
8,7386E-5
9,772E-5
8,7769E-5
1,01902E-4
8,4488E-5
1,93784E-4
1,67555E-4
1,88396E-4
8,7369E-5
1,01562E-4
8,7047E-5
1,01334E-4
8,8351E-5
1,00659E-4
8,2663E-5
9,4403E-5
8,5387E-5
9,5296E-5
8,796E-5
9,5192E-5
8,6706E-5
9,5809E-5
8,5969E-5
1,02291E-4
8,3422E-5
1,01513E-4
8,5305E-5
9,9367E-5
8,3208E-5
1,02521E-4
8,7629E-5
1,00692E-4
8,5938E-5
1,21698E-4
8,3901E-5
9,7814E-5
8,8185E-5
9,9952E-5
8,6055E-5
9,7536E-5
8,7543E-5
1,88604E-4
8,2722E-5
1,03919E-4
8,7572E-5
1,26824E-4
8,4578E-5
1,04837E-4
8,6052E-5
1,06829E-4
8,7304E-5
9,7751E-5
8,885E-5
9,9476E-5
8,5517E-5
9,9863E-5
8,4652E-5
9,9161E-5
8,3935E-5
1,01247E-4
8,3134E-5
9,9561E-5
1,34228E-4
1,11104E-4
8,5907E-5
1,0535E-4
1,45866E-4
1,00694E-4
8,3884E-5
9,5875E-5
8,6197E-5
9,9115E-5
8,9992E-5
1,98306E-4
8,5143E-5
9,9622E-5
8,4127E-5
9,8854E-5
8,2497E-5
1,01698E-4
8,4554E-5
1,11339E-4
1,58958E-4
9,7166E-5
8,6239E-5
9,5967E-5
8,74E-5
9,6179E-5
8,7439E-5
1,74805E-4
8,2446E-5
1,38422E-4
8,4058E-5
9,6924E-5
8,3711E-5
1,28339E-4
8,8516E-5
1,01752E-4
8,2961E-5
1,03477E-4
8,4377E-5
9,8177E-5
8,7329E-5
9,5983E-5
8,4605E-5
9,9023E-5
8,5389E-5
1,10185E-4
8,449E-5
9,9787E-5
8,5188E-5
1,01974E-4
8,4487E-5
0,001362018
8,9596E-5
1,04402E-4
8,4078E-5
1,05333E-4
8,9098E-5
1,03276E-4
8,3463E-5
1,03572E-4
8,3636E-5
1,0372E-4
8,3263E-5
1,37127E-4
8,8238E-5
1,14427E-4
8,8067E-5
1,00461E-4
8,5608E-5
9,9408E-5
8,5474E-5
9,8013E-5
8,8685E-5
9,9709E-5
1,05357E-4
1,02741E-4
8,7233E-5
1,76453E-4
8,3821E-5
1,82507E-4
8,4881E-5
1,01074E-4
8,6123E-5
1,00995E-4
8,452E-5
1,0175E-4
8,4572E-5
9,8581E-5
8,6071E-5
1,01186E-4
8,5335E-5
1,08911E-4
8,6419E-5
1,00443E-4
8,6438E-5
9,9984E-5
1,67249E-4
9,9703E-5
8,693E-5
1,02861E-4
8,4921E-5
1,01128E-4
8,5846E-5
1,14563E-4
8,7775E-5
1,91674E-4
1,61663E-4
1,00535E-4
8,5973E-5
9,8526E-5
8,6161E-5
9,98E-5
8,5886E-5
1,03327E-4
8,3124E-5
1,01307E-4
9,0597E-5
1,0363E-4
1,57848E-4
1,03429E-4
8,5182E-5
1,01862E-4
8,5774E-5
9,9476E-5
1,64345E-4
1,0176E-4
8,5906E-5
9,9796E-5
8,5345E-5
1,00947E-4
8,7582E-5
1,02247E-4
8,2966E-5
9,9745E-5
8,4575E-5
1,02956E-4
9,4837E-5
1,03807E-4
8,8961E-5
1,04219E-4
8,7378E-5
1,02447E-4
8,8241E-5
1,00159E-4
8,6444E-5
1,02245E-4
8,5207E-5
9,8282E-5
8,651E-5
1,02776E-4
8,5654E-5
9,7241E-5
8,4408E-5
1,00136E-4
8,517E-5
1,02641E-4
8,7053E-5
1,1091E-4
8,8278E-5
1,03576E-4
8,7141E-5
9,9183E-5
8,7729E-5
9,9731E-5
8,625E-5
1,00715E-4
8,8152E-5
1,02185E-4
8,4283E-5
1,00339E-4
8,5734E-5
1,02829E-4
8,6665E-5
9,6616E-5
8,5108E-5
1,02985E-4
8,6618E-5
9,337E-5
8,614E-5
9,4485E-5
8,612E-5
9,5644E-5
8,5858E-5
9,4148E-5
8,6784E-5
9,4091E-5
8,468E-5
1,0626E-4
8,9219E-5
1,04017E-4
8,7121E-5
1,07149E-4
8,7269E-5
1,11181E-4
8,7906E-5
9,9997E-5
8,6069E-5
9,6707E-5
8,8538E-5
1,03039E-4
8,6093E-5
1,01936E-4
1,12542E-4
1,00154E-4
9,0453E-5
1,0453E-4
8,9754E-5
1,0264E-4
8,8516E-5
1,05762E-4
9,1869E-5
1,00532E-4
8,3759E-5
9,5646E-5
8,2846E-5
9,4704E-5
8,4738E-5
9,5547E-5
8,3046E-5
1,00457E-4
8,778E-5
9,7835E-5
8,0443E-5
9,8406E-5
8,4639E-5
9,976E-5
8,3521E-5
9,6952E-5
8,4804E-5
9,704E-5
8,2371E-5
9,592E-5
8,3228E-5
9,8905E-5
8,5123E-5
9,6405E-5
8,6269E-5
9,5759E-5
8,4868E-5
1,03497E-4
8,1741E-5
9,9116E-5
8,6274E-5
1,04145E-4
8,2849E-5
9,6916E-5
1,59049E-4
1,00861E-4
8,3452E-5
9,6944E-5
8,4316E-5
1,03205E-4
8,5919E-5
1,92874E-4
8,5028E-5
9,4695E-5
8,8103E-5
9,9577E-5
7,9481E-5
1,03988E-4
8,5823E-5
9,8631E-5
8,7193E-5
1,02476E-4
8,483E-5
9,8183E-5
8,6375E-5
9,8776E-5
8,6329E-5
1,01707E-4
8,6519E-5
9,8495E-5
8,7879E-5
1,18739E-4
1,08046E-4
9,8026E-5
8,8984E-5
1,01683E-4
8,5515E-5
1,06792E-4
8,6389E-5
1,03462E-4
8,9836E-5
1,03168E-4
8,5188E-5
1,00792E-4
8,402E-5
9,607E-5
8,8181E-5
9,6017E-5
8,4836E-5
9,5065E-5
8,8822E-5
9,4554E-5
8,2628E-5
1,00838E-4
8,8505E-5
1,03593E-4
8,6252E-5
1,03115E-4
8,4788E-5
1,02228E-4
8,5591E-5
9,8028E-5
8,8892E-5
1,04625E-4
8,8463E-5
9,6881E-5
1,64728E-4
9,6364E-5
8,596E-5
9,6625E-5
8,2946E-5
1,00551E-4
8,7543E-5
1,0198E-4
8,3195E-5
1,02481E-4
8,7236E-5
1,03882E-4
8,2769E-5
9,7698E-5
8,6083E-5
9,9008E-5
8,7052E-5
9,5251E-5
1,61763E-4
9,3099E-5
8,8441E-5
9,8469E-5
8,3473E-5
1,00175E-4
8,5996E-5
1,02416E-4
8,6484E-5
9,9466E-5
8,823E-5
1,01932E-4
8,6545E-5
9,9719E-5
8,5792E-5
9,9225E-5
8,9116E-5
9,5891E-5
8,8712E-5
9,8428E-5
8,5271E-5
1,00613E-4
9,4412E-5
9,9722E-5
8,8302E-5
1,01443E-4
8,5121E-5
1,09325E-4
8,8573E-5
9,9194E-5
8,1694E-5
9,5296E-5
1,62079E-4
9,6216E-5
8,5257E-5
9,4937E-5
8,5317E-5
9,4961E-5
8,6596E-5
1,02058E-4
8,3164E-5
9,8906E-5
8,5581E-5
9,8217E-5
8,5198E-5
9,6238E-5
8,5703E-5
9,9444E-5
8,5104E-5
9,9992E-5
8,8584E-5
1,62144E-4
8,764E-5
1,33935E-4
8,6863E-5
1,05969E-4
8,7476E-5
1,09102E-4
8,3507E-5
1,42821E-4
8,4377E-5
1,068E-4
8,4243E-5
1,02654E-4
1,69565E-4
1,04399E-4
8,3862E-5
9,2552E-5
8,4287E-5
1,22766E-4
8,5527E-5
1,02965E-4
8,7406E-5
9,4293E-5
8,4852E-5
9,4502E-5
8,3579E-5
9,8834E-5
8,5008E-5
1,04143E-4
8,7446E-5
1,01657E-4
8,73E-5
1,74992E-4
9,1535E-5
1,06577E-4
8,7625E-5
9,9947E-5
8,8228E-5
9,6581E-5
8,6748E-5
9,8136E-5
8,8255E-5
9,8278E-5
8,454E-5
1,01077E-4
8,7065E-5
1,00469E-4
8,7069E-5
1,01453E-4
8,4437E-5
1,00108E-4
8,4501E-5
1,06748E-4
8,5793E-5
9,6446E-5
1,50694E-4
1,00296E-4
8,7737E-5
1,52092E-4
8,6657E-5
9,7997E-5
8,3623E-5
1,01254E-4
8,608E-5
9,9547E-5
8,6803E-5
1,01877E-4
8,7989E-5
9,9002E-5
8,6838E-5
1,85002E-4
8,6675E-5
1,10936E-4
8,679E-5
9,7733E-5
8,434E-5
1,02094E-4
8,6538E-5
1,00269E-4
1,56503E-4
1,01762E-4
8,3955E-5
1,01615E-4
8,8955E-5
1,11593E-4
8,7043E-5
1,03098E-4
8,373E-5
9,7315E-5
8,6169E-5
1,02353E-4
8,3321E-5
1,03116E-4
8,5282E-5
1,0277E-4
8,5497E-5
1,01037E-4
8,199E-5
1,00369E-4
1,47482E-4
9,8997E-5
8,5296E-5
9,6857E-5
8,7032E-5
1,71261E-4
8,432E-5
9,9056E-5
8,4058E-5
9,9054E-5
8,6534E-5
9,5977E-5
8,5381E-5
9,8611E-5
8,5191E-5
9,5082E-5
8,3048E-5
1,00348E-4
8,5964E-5
1,01911E-4
8,4617E-5
9,9951E-5
8,6945E-5
9,7719E-5
8,407E-5
9,4887E-5
8,4619E-5
1,36535E-4
8,7122E-5
9,6113E-5
9,6953E-5
9,583E-5
8,6065E-5
1,41442E-4
8,1588E-5
1,00172E-4
8,5413E-5
1,01102E-4
8,7252E-5
1,01319E-4
8,5854E-5
1,00146E-4
8,669E-5
1,36965E-4
9,1455E-5
9,788E-5
8,9716E-5
9,8096E-5
9,1639E-5
9,8984E-5
9,5618E-5
1,02037E-4
9,0353E-5
1,02976E-4
9,1238E-5
1,0264E-4
9,095E-5
1,01465E-4
9,4511E-5
1,1089E-4
8,6022E-5
1,09502E-4
8,43E-5
1,11987E-4
8,7829E-5
1,12945E-4
8,622E-5
1,1874E-4
8,8351E-5
1,12497E-4
8,6676E-5
1,09422E-4
8,6238E-5
1,34911E-4
8,7313E-5
1,10713E-4
9,4755E-5
1,10534E-4
9,1791E-5
1,80607E-4
8,591E-5
1,11439E-4
8,5396E-5
1,09859E-4
8,4962E-5
1,16027E-4
9,0819E-5
1,1078E-4
8,3302E-5
1,103E-4
8,4971E-5
1,09987E-4
8,3906E-5
1,10444E-4
8,4386E-5
1,12199E-4
8,5243E-5
1,11227E-4
9,1786E-5
1,19387E-4
8,7303E-5
1,11514E-4
8,6776E-5
1,12539E-4
8,3386E-5
1,47863E-4
8,9059E-5
1,11213E-4
1,73277E-4
1,35665E-4
9,4071E-5
1,11277E-4
8,5242E-5
1,09833E-4
8,4854E-5
1,07145E-4
8,7349E-5
1,08302E-4
9,1428E-5
1,11051E-4
8,3224E-5
1,07022E-4
8,4775E-5
1,1515E-4
8,4503E-5
1,09721E-4
8,6457E-5
1,12557E-4
8,1989E-5
1,08742E-4
8,575E-5
1,10031E-4
8,4413E-5
1,16615E-4
9,226E-5
1,10194E-4
9,9569E-5
1,0802E-4
1,77146E-4
1,11061E-4
8,5081E-5
1,10794E-4
8,3292E-5
1,10256E-4
9,4554E-5
1,12143E-4
8,9639E-5
1,08187E-4
8,7899E-5
1,09954E-4
8,6846E-5
1,06981E-4
1,66132E-4
1,08696E-4
8,4728E-5
1,09309E-4
9,7499E-5
1,07589E-4
8,6407E-5
1,08232E-4
8,3203E-5
1,10026E-4
8,6379E-5
1,0987E-4
8,4497E-5
1,109E-4
8,5995E-5
1,16516E-4
8,4702E-5
1,08752E-4
8,4297E-5
1,08998E-4
8,6592E-5
1,10954E-4
8,8415E-5
1,19484E-4
9,6868E-5
1,23255E-4
1,00101E-4
1,11155E-4
9,0381E-5
1,11659E-4
1,11534E-4
1,1774E-4
1,09674E-4
1,24149E-4
1,0918E-4
1,22196E-4
1,03064E-4
1,18363E-4
1,06048E-4
1,14071E-4
1,01557E-4
1,19816E-4
1,05726E-4
1,18158E-4
1,05282E-4
1,20099E-4
1,08836E-4
1,15713E-4
1,0614E-4
2,13196E-4
1,03564E-4
1,18289E-4
1,06567E-4
1,22974E-4
9,2931E-5
1,19168E-4
1,05837E-4
1,16077E-4
1,04134E-4
1,30304E-4
1,08527E-4
1,20595E-4
8,9732E-5
1,18559E-4
1,04715E-4
1,27758E-4
1,14144E-4
1,43453E-4
1,07107E-4
1,15445E-4
1,09804E-4
1,33738E-4
1,08207E-4
1,19739E-4
1,03667E-4
1,22737E-4
1,05221E-4
1,17926E-4
1,0863E-4
1,19166E-4
1,07054E-4
1,21318E-4
1,08162E-4
1,17629E-4
1,07516E-4
1,20904E-4
1,06715E-4
1,21192E-4
1,07099E-4
1,22587E-4
1,14832E-4
1,1936E-4
1,09725E-4
1,22652E-4
1,0823E-4
1,17876E-4
1,09421E-4
1,83841E-4
1,07829E-4
1,17311E-4
1,07406E-4
1,16917E-4
1,09541E-4
1,19835E-4
1,08948E-4
1,84775E-4
1,076E-4
2,75029E-4
1,19974E-4
1,20551E-4
1,06988E-4
1,21625E-4
1,0601E-4
1,21318E-4
9,0484E-5
1,22268E-4
1,09518E-4
1,16125E-4
1,01657E-4
1,14288E-4
9,447E-5
1,13953E-4
1,08162E-4
1,22577E-4
1,08952E-4
1,18237E-4
1,06408E-4
1,40436E-4
1,08656E-4
1,19289E-4
1,0753E-4
1,20917E-4
1,09893E-4
1,2197E-4
1,08789E-4
1,23302E-4
1,08001E-4
1,20695E-4
1,12317E-4
1,15477E-4
1,06177E-4
1,19983E-4
1,08506E-4
1,22015E-4
1,08759E-4
1,18671E-4
1,09502E-4
1,19697E-4
1,07758E-4
1,26213E-4
1,0919E-4
1,18317E-4
1,09301E-4
1,20469E-4
1,06341E-4
1,53224E-4
9,5731E-5
1,20228E-4
9,2655E-5
1,19309E-4
1,03608E-4
1,18164E-4
1,16369E-4
1,22931E-4
1,09265E-4
2,37652E-4
1,09961E-4
1,212E-4
1,08512E-4
1,2033E-4
9,3782E-5
2,35341E-4
1,05453E-4
1,95504E-4
1,06647E-4
1,23426E-4
1,10839E-4
1,18445E-4
9,4772E-5
1,19948E-4
1,07744E-4
1,19667E-4
1,10646E-4
1,22453E-4
1,08106E-4
1,21758E-4
1,08833E-4
1,21E-4
9,4568E-5
1,20771E-4
1,12222E-4
1,24824E-4
1,15014E-4
1,19675E-4
1,15959E-4
1,17116E-4
9,8412E-5
1,30199E-4
9,8078E-5
1,15749E-4
9,8229E-5
1,20344E-4
9,4319E-5
1,24296E-4
9,9601E-5
1,16937E-4
9,7882E-5
1,17799E-4
1,0205E-4
1,19884E-4
9,8878E-5
1,11768E-4
9,9312E-5
1,21024E-4
1,0107E-4
1,16525E-4
9,4162E-5
1,18971E-4
9,5333E-5
1,14745E-4
1,02211E-4
1,16229E-4
9,8237E-5
1,21346E-4
1,01564E-4
1,17056E-4
9,6256E-5
1,11272E-4
1,061E-4
1,1193E-4
9,6132E-5
1,22075E-4
9,6831E-5
1,1428E-4
9,588E-5
1,16045E-4
9,4783E-5
1,18868E-4
9,795E-5
1,18265E-4
1,05088E-4
1,16614E-4
9,8316E-5
1,17904E-4
1,03921E-4
1,12834E-4
9,7367E-5
1,25937E-4
9,6924E-5
1,17625E-4
1,06068E-4
1,14052E-4
1,08504E-4
1,19239E-4
1,05547E-4
1,21962E-4
1,11716E-4
1,19982E-4
9,3059E-5
0,001492784
1,09273E-4
1,19645E-4
1,06805E-4
1,20642E-4
9,3625E-5
1,21898E-4
1,092E-4
1,2136E-4
1,06178E-4
1,21074E-4
1,01452E-4
1,16673E-4
1,09492E-4
1,36019E-4
1,06751E-4
1,15657E-4
1,11233E-4
1,2126E-4
1,07694E-4
1,18183E-4
1,08998E-4
1,27212E-4
1,10549E-4
1,22595E-4
1,06597E-4
1,17248E-4
0,001245153
1,17003E-4
1,1033E-4
1,22588E-4
1,08149E-4
1,27223E-4
1,12409E-4
1,33169E-4
1,05535E-4
1,15453E-4
1,09126E-4
1,18348E-4
1,17316E-4
1,18115E-4
1,0813E-4
1,23596E-4
1,07858E-4
1,17278E-4
0,001376102
1,21554E-4
1,05669E-4
1,355E-4
1,10994E-4
1,17452E-4
1,08411E-4
1,15358E-4
1,23623E-4
1,18285E-4
1,09091E-4
1,97687E-4
1,20105E-4
1,17399E-4
1,04133E-4
1,25502E-4
1,10072E-4
1,1838E-4
1,07783E-4
1,15168E-4
1,16279E-4
1,2343E-4
1,02351E-4
1,15866E-4
1,16586E-4
1,16853E-4
1,30344E-4
1,34908E-4
1,01651E-4
1,19301E-4
1,46274E-4
1,47395E-4
9,9313E-5
1,17753E-4
1,2456E-4
1,02827E-4
1,10283E-4
1,17133E-4
1,21714E-4
1,17839E-4
1,19177E-4
1,16505E-4
1,02938E-4
2,31137E-4
1,15978E-4
1,14286E-4
1,13173E-4
1,19834E-4
1,09695E-4
1,30125E-4
1,09947E-4
2,45436E-4
1,15499E-4
1,17133E-4
0,001528883
1,20541E-4
1,19827E-4
1,12644E-4
9,2462E-5
1,17052E-4
1,21859E-4
1,1758E-4
1,06747E-4
9,9115E-5
9,4299E-5
1,17219E-4
1,05228E-4
1,11405E-4
1,11285E-4
8,8518E-5
1,16327E-4
9,658E-5
9,5982E-5
9,8952E-5
1,24236E-4
9,8691E-5
1,12813E-4
1,18503E-4
1,03498E-4
1,14413E-4
1,12227E-4
1,1726E-4
9,1233E-5
1,19659E-4
1,13838E-4
1,14686E-4
1,3745E-4
9,9958E-5
1,06202E-4
9,0993E-5
2,0655E-4
1,27165E-4
1,13662E-4
9,5808E-5
1,16517E-4
9,1648E-5
1,27572E-4
1,20605E-4
2,29409E-4
9,2723E-5
9,1465E-5
9,7708E-5
9,279E-5
9,9835E-5
9,1536E-5
1,13925E-4
1,13999E-4
1,15855E-4
1,01895E-4
1,134E-4
1,00447E-4
8,9896E-5
8,6762E-5
9,4397E-5
8,7034E-5
1,13288E-4
1,15087E-4
1,30436E-4
9,8127E-5
8,7014E-5
1,08869E-4
8,8879E-5
9,8152E-5
9,0713E-5
1,04343E-4
9,3316E-5
1,04146E-4
8,7901E-5
9,0208E-5
1,10912E-4
8,9634E-5
1,19048E-4
8,9175E-5
9,617E-5
9,1497E-5
1,15629E-4
9,0789E-5
9,9056E-5
9,293E-5
1,1651E-4
1,0289E-4
9,8394E-5
8,9664E-5
1,13838E-4
1,15429E-4
1,08508E-4
1,05123E-4
9,426E-5
9,0454E-5
1,11551E-4
1,06858E-4
1,11604E-4
1,14686E-4
2,31015E-4
1,0045E-4
1,11482E-4
8,5939E-5
1,10194E-4
1,08946E-4
1,11845E-4
1,16634E-4
1,12243E-4
1,0948E-4
9,6148E-5
9,0618E-5
2,26951E-4
1,07189E-4
1,14474E-4
1,19743E-4
1,20766E-4
1,17798E-4
1,13345E-4
8,9204E-5
1,18583E-4
1,09829E-4
1,1592E-4
1,10097E-4
1,32158E-4
8,7108E-5
1,1312E-4
1,12152E-4
1,06972E-4
1,10637E-4
9,5514E-5
1,07177E-4
1,09267E-4
9,5254E-5
1,12028E-4
9,1347E-5
1,2455E-4
9,6906E-5
1,16971E-4
1,1008E-4
2,31092E-4
1,15848E-4
1,16278E-4
1,19416E-4
1,21603E-4
9,2149E-5
2,25144E-4
1,2207E-4
1,17328E-4
1,06187E-4
1,1273E-4
1,0744E-4
1,15264E-4
0,001428414
1,14086E-4
1,20389E-4
1,13105E-4
1,10152E-4
9,6325E-5
1,05157E-4
1,14827E-4
1,20087E-4
0,001460549
1,20121E-4
1,16163E-4
1,14462E-4
8,9062E-5
1,19674E-4
9,6931E-5
8,8236E-5
1,18312E-4
0,001434391
8,9632E-5
9,1821E-5
8,96E-5
1,06456E-4
1,08528E-4
1,00086E-4
8,9435E-5
1,06257E-4
9,2067E-5
9,8731E-5
8,8548E-5
1,13723E-4
8,7832E-5
1,03822E-4
1,0492E-4
1,10965E-4
9,8482E-5
9,5625E-5
1,17669E-4
9,0299E-5
1,14717E-4
1,2043E-4
1,17793E-4
9,1612E-5
1,14251E-4
1,03759E-4
1,12175E-4
1,26361E-4
1,11109E-4
1,05114E-4
1,18287E-4
9,9597E-5
1,13438E-4
1,15976E-4
9,7565E-5
1,32125E-4
9,5448E-5
1,19952E-4
1,17639E-4
1,02535E-4
9,0996E-5
9,6003E-5
1,17955E-4
9,6537E-5
1,14513E-4
8,9717E-5
1,09221E-4
9,3184E-5
9,6216E-5
9,0193E-5
1,14708E-4
1,17731E-4
1,13165E-4
1,11263E-4
1,15075E-4
1,08344E-4
1,19027E-4
1,08513E-4
1,13707E-4
1,12594E-4
1,13005E-4
0,001474184
1,1708E-4
9,1765E-5
1,11719E-4
1,10057E-4
1,64321E-4
1,13246E-4
1,16872E-4
1,33745E-4
0,001379576
1,13922E-4
1,01807E-4
9,0128E-5
1,12688E-4
1,14163E-4
9,7323E-5
1,00836E-4
9,9763E-5
1,29601E-4
9,0039E-5
1,13682E-4
1,10297E-4
9,1878E-5
9,6234E-5
9,0737E-5
1,15917E-4
1,33602E-4
1,13874E-4
8,8077E-5
1,14679E-4
1,1795E-4
1,1517E-4
8,9686E-5
1,21111E-4
1,16037E-4
1,14757E-4
8,8997E-5
1,17593E-4
1,13126E-4
1,14079E-4
8,9117E-5
9,4556E-5
9,2586E-5
1,14776E-4
1,12468E-4
1,19151E-4
1,18173E-4
1,13244E-4
1,17503E-4
1,0818E-4
1,75194E-4
1,12121E-4
1,0145E-4
1,11961E-4
1,19575E-4
1,15653E-4
1,2516E-4
1,37188E-4
1,35241E-4
1,00893E-4
1,24189E-4
1,06184E-4
0,001344574
1,08769E-4
9,0695E-5
9,5959E-5
1,15437E-4
9,1214E-5
1,06334E-4
8,764E-5
9,3313E-5
9,2228E-5
1,16926E-4
1,05945E-4
9,2262E-5
9,6053E-5
9,1185E-5
1,14342E-4
9,9568E-5
1,19302E-4
1,10771E-4
1,16594E-4
1,06006E-4
1,19468E-4
1,11728E-4
1,20876E-4
1,12591E-4
1,19824E-4
1,10732E-4
1,11964E-4
1,1513E-4
1,16407E-4
1,15485E-4
1,17488E-4
1,30944E-4
1,0826E-4
1,24276E-4
1,07903E-4
1,1829E-4
1,24347E-4
1,04852E-4
1,09496E-4
1,19037E-4
9,8737E-5
1,06477E-4
9,6777E-5
1,19617E-4
1,03052E-4
1,01401E-4
1,01883E-4
1,02912E-4
1,18686E-4
1,13787E-4
1,2352E-4
1,31793E-4
1,16828E-4
1,12661E-4
1,24436E-4
1,16923E-4
1,01078E-4
9,2272E-5
1,32472E-4
1,15448E-4
1,08756E-4
1,20801E-4
1,00865E-4
9,6995E-5
1,17543E-4
1,14739E-4
1,26374E-4
1,0766E-4
1,17334E-4
1,08011E-4
1,31335E-4
1,09112E-4
1,20664E-4
1,1932E-4
1,16668E-4
9,4365E-5
1,17068E-4
1,18073E-4
9,6018E-5
0,001239737
1,17888E-4
1,02272E-4
1,09664E-4
1,45392E-4
1,09918E-4
1,25316E-4
1,30522E-4
1,02306E-4
0,001279694
1,07103E-4
8,7118E-5
9,712E-5
9,4308E-5
1,14491E-4
1,12405E-4
1,02147E-4
1,15783E-4
1,10397E-4
1,08752E-4
1,05498E-4
1,02475E-4
1,07988E-4
1,19031E-4
1,07812E-4
8,9369E-5
8,9192E-5
9,5106E-5
1,17116E-4
8,8516E-5
8,5907E-5
1,17087E-4
1,0271E-4
9,7213E-5
8,9417E-5
9,7915E-5
1,19343E-4
1,48972E-4
9,1279E-5
9,7842E-5
9,274E-5
1,17848E-4
1,18952E-4
1,16024E-4
1,22043E-4
9,8752E-5
9,1257E-5
1,13078E-4
1,03929E-4
1,14239E-4
1,20796E-4
1,13893E-4
1,11205E-4
1,20774E-4
1,15672E-4
1,13244E-4
9,2666E-5
1,1582E-4
1,16252E-4
1,17832E-4
8,9473E-5
1,13805E-4
1,15E-4
1,01804E-4
9,0476E-5
8,7571E-5
8,9293E-5
1,15096E-4
1,09363E-4
1,1406E-4
1,02536E-4
0,001433684
1,23213E-4
8,9053E-5
1,03946E-4
8,5838E-5
1,02167E-4
8,7658E-5
8,8082E-5
8,9082E-5
0,001370531
8,8958E-5
9,4225E-5
1,09257E-4
1,10312E-4
9,1237E-5
9,825E-5
9,2708E-5
9,3451E-5
1,20816E-4
1,13673E-4
1,21176E-4
9,366E-5
1,22825E-4
1,18103E-4
1,14196E-4
9,486E-5
9,8326E-5
9,471E-5
2,31686E-4
9,2702E-5
1,18384E-4
1,12784E-4
1,18895E-4
1,06364E-4
1,16579E-4
9,2668E-5
1,2822E-4
1,11146E-4
1,16944E-4
1,17259E-4
1,15923E-4
9,1181E-5
1,17106E-4
1,15254E-4
9,5686E-5
9,1635E-5
1,15124E-4
1,14157E-4
1,10186E-4
9,2389E-5
1,15146E-4
8,7391E-5
1,28321E-4
9,1907E-5
1,39621E-4
9,1869E-5
1,13885E-4
1,18591E-4
1,15182E-4
9,4579E-5
1,13174E-4
9,5948E-5
9,819E-5
1,14586E-4
1,13241E-4
1,13598E-4
1,08901E-4
1,00798E-4
1,152E-4
1,26292E-4
1,13931E-4
0,001432619
9,7335E-5
1,15579E-4
1,0992E-4
9,0157E-5
1,15446E-4
1,13413E-4
1,29834E-4
9,1973E-5
1,1202E-4
1,10758E-4
1,07456E-4
1,2229E-4
9,6526E-5
9,4446E-5
1,14044E-4
9,1447E-5
1,18525E-4
1,05776E-4
1,16485E-4
1,12836E-4
9,3577E-5
1,21234E-4
1,15477E-4
9,527E-5
9,929E-5
9,9464E-5
1,13564E-4
1,20942E-4
1,13872E-4
1,03552E-4
1,16823E-4
8,9765E-5
1,1653E-4
8,5082E-5
1,15817E-4
8,9606E-5
1,13295E-4
8,8396E-5
1,14544E-4
8,6231E-5
1,14689E-4
1,13989E-4
1,15725E-4
9,2665E-5
1,14964E-4
1,08395E-4
1,02727E-4
1,11697E-4
9,0608E-5
1,21054E-4
1,15716E-4
9,7941E-5
9,4343E-5
1,04157E-4
1,16307E-4
1,11162E-4
9,1543E-5
1,0412E-4
1,19456E-4
1,12461E-4
1,11234E-4
9,7856E-5
9,2035E-5
1,02566E-4
1,17064E-4
1,1508E-4
1,23983E-4
1,16431E-4
1,11919E-4
1,12885E-4
9,1245E-5
9,9228E-5
1,14872E-4
1,00236E-4
9,0135E-5
1,02517E-4
1,00762E-4
9,6576E-5
1,10762E-4
1,21326E-4
1,02493E-4
1,17397E-4
1,06034E-4
9,1353E-5
1,05849E-4
8,2441E-5
1,06995E-4
8,9531E-5
1,04417E-4
8,4712E-5
1,11632E-4
1,1819E-4
1,07747E-4
9,162E-5
1,19608E-4
1,23234E-4
1,00859E-4
9,1937E-5
1,09258E-4
1,24484E-4
1,13141E-4
1,21874E-4
1,05811E-4
9,5159E-5
1,02141E-4
1,23453E-4
1,23632E-4
1,24556E-4
1,16631E-4
1,19997E-4
1,15262E-4
8,6399E-5
9,8556E-5
1,86821E-4
1,54749E-4
1,2321E-4
1,18595E-4
9,6633E-5
1,10148E-4
8,872E-5
1,06917E-4
0,001352719
1,17272E-4
9,2767E-5
1,05334E-4
1,23353E-4
1,18214E-4
1,20884E-4
8,9761E-5
1,16245E-4
1,12157E-4
9,1769E-5
1,58482E-4
9,4377E-5
1,17985E-4
1,13527E-4
1,23944E-4
1,03925E-4
1,10676E-4
1,00268E-4
1,11393E-4
9,2863E-5
9,7709E-5
1,20052E-4
9,8087E-5
1,19511E-4
1,16745E-4
1,01256E-4
1,15065E-4
9,4079E-5
1,20296E-4
9,4705E-5
1,0063E-4
1,17222E-4
1,12205E-4
9,5088E-5
1,18743E-4
0,001547383
1,01828E-4
9,037E-5
1,0866E-4
9,1499E-5
1,0389E-4
1,19625E-4
1,2215E-4
9,1085E-5
1,08287E-4
1,17875E-4
1,16715E-4
8,9004E-5
1,08011E-4
9,2851E-5
1,14327E-4
9,353E-5
1,14814E-4
9,7202E-5
1,09476E-4
9,4263E-5
1,12829E-4
9,41E-5
1,11655E-4
9,2585E-5
1,14697E-4
9,2937E-5
2,30207E-4
9,3708E-5
1,10606E-4
1,02705E-4
1,169E-4
9,0928E-5
1,11704E-4
1,02061E-4
1,13894E-4
9,3436E-5
1,10094E-4
9,2011E-5
1,14442E-4
9,4333E-5
1,11582E-4
8,6031E-5
1,11571E-4
9,0422E-5
1,14365E-4
9,0964E-5
1,13717E-4
9,2535E-5
1,0912E-4
9,099E-5
1,10826E-4
9,1388E-5
1,12268E-4
8,5779E-5
1,09323E-4
9,2442E-5
1,09189E-4
9,3852E-5
1,10031E-4
9,2343E-5
1,11627E-4
9,2556E-5
1,12778E-4
9,1274E-5
1,11813E-4
9,1504E-5
1,11617E-4
9,0787E-5
1,10858E-4
9,3274E-5
1,12813E-4
9,0202E-5
1,09753E-4
9,2457E-5
1,15121E-4
8,8626E-5
1,95121E-4
1,09883E-4
1,13508E-4
8,9712E-5
1,1193E-4
8,7961E-5
1,1013E-4
9,4624E-5
1,11643E-4
9,2176E-5
1,12582E-4
0,001296068
1,11282E-4
9,5806E-5
1,01029E-4
1,11259E-4
9,7679E-5
1,14558E-4
9,7948E-5
9,0213E-5
1,0347E-4
1,07176E-4
1,00657E-4
1,14056E-4
1,07872E-4
1,04288E-4
8,8014E-5
9,5108E-5
1,02909E-4
1,12568E-4
1,08808E-4
1,10518E-4
9,7827E-5
9,2979E-5
9,1065E-5
1,12315E-4
9,7707E-5
1,07486E-4
1,02528E-4
1,72367E-4
1,1136E-4
1,15682E-4
9,7686E-5
1,14758E-4
1,14438E-4
1,74489E-4
1,12669E-4
9,7017E-5
1,1164E-4
9,0662E-5
1,13324E-4
9,0153E-5
1,13909E-4
1,19655E-4
1,11152E-4
9,1048E-5
9,9877E-5
1,09956E-4
9,1879E-5
1,18355E-4
1,00555E-4
1,00493E-4
1,09056E-4
1,01989E-4
1,20071E-4
1,09537E-4
9,4395E-5
1,03286E-4
1,18693E-4
1,14526E-4
1,12279E-4
1,23804E-4
9,5765E-5
1,03474E-4
9,146E-5
1,0628E-4
8,5745E-5
1,06864E-4
8,7823E-5
1,06838E-4
8,7772E-5
1,14983E-4
8,7973E-5
1,04741E-4
8,5615E-5
1,17231E-4
8,7627E-5
1,08918E-4
1,15156E-4
1,01771E-4
9,2481E-5
9,9551E-5
1,17498E-4
1,11634E-4
9,0173E-5
1,02567E-4
1,1781E-4
1,13439E-4
8,9E-5
1,03209E-4
1,16658E-4
1,18156E-4
1,01928E-4
1,03692E-4
1,17374E-4
1,18265E-4
8,7977E-5
1,13564E-4
8,7784E-5
1,12186E-4
1,10148E-4
1,12383E-4
9,2392E-5
1,13688E-4
9,3255E-5
1,13585E-4
9,399E-5
1,0959E-4
8,3846E-5
1,10542E-4
9,2725E-5
1,14318E-4
9,2316E-5
1,12849E-4
8,6834E-5
1,09412E-4
9,48E-5
1,19298E-4
9,2685E-5
1,17477E-4
9,0582E-5
1,11502E-4
9,8807E-5
2,15993E-4
9,7424E-5
1,12897E-4
9,454E-5
2,34559E-4
8,442E-5
1,11269E-4
9,1152E-5
1,12611E-4
9,2443E-5
1,13216E-4
1,0417E-4
1,41837E-4
1,08544E-4
1,18353E-4
1,14862E-4
1,0288E-4
1,10875E-4
9,3185E-5
1,15139E-4
9,939E-5
1,34412E-4
9,5798E-5
1,1651E-4
9,9873E-5
1,11337E-4
9,8862E-5
1,13243E-4
9,0861E-5
9,8561E-5
1,21664E-4
9,6931E-5
9,1229E-5
1,14749E-4
1,11406E-4
1,14218E-4
1,00162E-4
1,02676E-4
1,01046E-4
9,7031E-5
8,9814E-5
9,1874E-5
1,12307E-4
1,10439E-4
9,3173E-5
1,14742E-4
9,8463E-5
1,11472E-4
1,99224E-4
9,4948E-5
1,00027E-4
1,12737E-4
8,889E-5
9,5411E-5
0,001360158
1,0882E-4
9,0313E-5
1,09673E-4
8,9153E-5
1,10229E-4
8,5291E-5
1,08855E-4
9,3092E-5
1,07447E-4
8,5361E-5
1,06102E-4
1,69108E-4
1,08874E-4
1,54436E-4
1,05846E-4
8,8739E-5
1,05916E-4
8,4492E-5
1,09095E-4
8,2612E-5
1,04891E-4
8,3031E-5
1,03489E-4
8,4697E-5
1,07147E-4
8,3053E-5
1,11169E-4
9,8435E-5
1,09927E-4
8,8881E-5
1,04068E-4
9,3031E-5
1,10726E-4
8,7067E-5
1,15547E-4
1,17695E-4
1,1304E-4
8,7264E-5
1,0103E-4
8,831E-5
9,9327E-5
1,19437E-4
1,04457E-4
1,16049E-4
1,16295E-4
1,12112E-4
9,5375E-5
8,8886E-5
1,22596E-4
9,2538E-5
9,8082E-5
9,0795E-5
9,3598E-5
1,13434E-4
1,13421E-4
9,9143E-5
9,3248E-5
1,01702E-4
1,62201E-4
9,7671E-5
1,10569E-4
1,05949E-4
1,12504E-4
1,86282E-4
1,09682E-4
9,7944E-5
1,16712E-4
9,2123E-5
1,17184E-4
9,769E-5
9,9637E-5
9,1764E-5
9,1546E-5
9,5556E-5
9,7526E-5
1,02795E-4
1,20895E-4
9,2644E-5
1,1366E-4
9,1686E-5
1,08599E-4
1,66615E-4
1,06158E-4
8,3712E-5
1,04774E-4
8,9833E-5
1,07473E-4
8,8002E-5
1,10107E-4
9,3863E-5
1,04119E-4
8,6908E-5
1,13246E-4
9,5357E-5
1,07772E-4
9,2425E-5
1,09088E-4
8,8137E-5
1,08181E-4
8,6251E-5
1,09085E-4
8,6289E-5
1,11272E-4
8,6225E-5
1,0472E-4
8,8187E-5
1,06239E-4
8,5527E-5
1,08708E-4
8,5815E-5
1,07017E-4
1,56321E-4
1,09723E-4
8,729E-5
0,001310739
8,6223E-5
1,0772E-4
8,4928E-5
1,04897E-4
8,79E-5
1,15904E-4
1,16699E-4
1,17015E-4
9,1832E-5
1,02808E-4
1,19686E-4
1,00891E-4
1,19905E-4
1,15507E-4
1,16082E-4
1,06553E-4
1,14557E-4
1,0026E-4
9,7482E-5
1,18994E-4
9,7205E-5
1,17409E-4
1,06067E-4
1,14947E-4
1,05934E-4
0,001480104
1,00179E-4
9,2671E-5
1,00489E-4
8,9524E-5
9,606E-5
1,18114E-4
1,12878E-4
1,15696E-4
0,001381257
1,157E-4
1,26448E-4
1,00361E-4
1,12583E-4
9,8892E-5
1,10176E-4
9,0458E-5
1,18528E-4
1,0023E-4
1,52581E-4
1,04861E-4
1,13958E-4
1,11858E-4
1,16168E-4
1,13656E-4
1,12555E-4
1,25076E-4
1,07866E-4
1,17676E-4
1,03438E-4
1,09538E-4
9,4575E-5
2,2682E-4
8,7651E-5
1,13424E-4
9,514E-5
1,10939E-4
9,2146E-5
1,13024E-4
8,8868E-5
1,63768E-4
9,039E-5
1,0874E-4
9,0818E-5
1,16062E-4
9,4123E-5
1,04526E-4
9,1506E-5
1,06814E-4
8,8302E-5
1,06084E-4
8,6146E-5
1,09918E-4
8,8042E-5
1,08447E-4
9,015E-5
1,11683E-4
9,1431E-5
1,15522E-4
9,0766E-5
1,12762E-4
9,4157E-5
1,16121E-4
9,2233E-5
1,12886E-4
9,0488E-5
1,12742E-4
9,251E-5
1,11397E-4
9,4859E-5
1,11042E-4
9,6797E-5
1,10196E-4
9,0743E-5
1,13045E-4
8,8646E-5
1,11484E-4
9,227E-5
1,11325E-4
9,1311E-5
1,16184E-4
9,354E-5
1,1335E-4
9,3259E-5
1,11846E-4
9,2295E-5
1,09739E-4
9,5713E-5
1,12835E-4
9,3788E-5
1,13128E-4
9,2918E-5
1,1135E-4
9,3276E-5
1,10912E-4
9,4396E-5
1,10585E-4
9,5307E-5
1,11531E-4
9,1613E-5
1,10617E-4
9,2842E-5
1,11211E-4
9,1302E-5
1,10776E-4
9,3175E-5
1,1124E-4
9,1904E-5
1,10302E-4
1,60085E-4
1,12801E-4
9,2902E-5
1,12636E-4
9,4273E-5
1,14182E-4
9,3488E-5
1,1025E-4
9,0956E-5
1,11105E-4
9,2609E-5
1,11554E-4
9,3731E-5
1,18817E-4
9,412E-5
1,0984E-4
8,9051E-5
1,11946E-4
9,1751E-5
1,12299E-4
1,58825E-4
1,10682E-4
8,9832E-5
1,08152E-4
9,0868E-5
1,06581E-4
9,0569E-5
1,13405E-4
9,293E-5
1,12847E-4
9,2725E-5
1,10002E-4
8,8826E-5
1,14059E-4
8,3582E-5
1,11422E-4
9,2159E-5
1,11039E-4
9,3631E-5
1,08953E-4
9,0105E-5
1,11295E-4
9,3974E-5
1,13617E-4
9,3087E-5
1,16523E-4
1,10659E-4
1,66522E-4
9,3864E-5
1,13885E-4
2,2829E-4
1,12072E-4
1,06134E-4
1,14783E-4
9,1862E-5
1,12834E-4
9,1996E-5
1,15968E-4
9,2883E-5
1,10992E-4
1,86711E-4
1,12376E-4
9,0734E-5
1,125E-4
1,11668E-4
1,01505E-4
1,1166E-4
9,4548E-5
1,16549E-4
9,9695E-5
9,5392E-5
8,9461E-5
1,17929E-4
9,3633E-5
1,16241E-4
9,5716E-5
9,3198E-5
9,0599E-5
9,2528E-5
1,0972E-4
1,1566E-4
9,885E-5
1,10261E-4
1,02194E-4
1,42095E-4
1,14816E-4
1,09405E-4
1,01225E-4
1,10421E-4
1,01236E-4
1,12725E-4
1,01614E-4
1,12622E-4
1,01416E-4
1,08493E-4
1,01432E-4
8,9335E-5
1,02749E-4
1,13374E-4
9,1345E-5
1,20825E-4
1,03616E-4
1,13825E-4
1,02017E-4
0,001196247
9,3874E-5
1,1227E-4
9,3735E-5
1,13661E-4
8,9174E-5
1,18968E-4
1,14616E-4
1,15012E-4
9,6526E-5
9,3662E-5
1,21617E-4
1,01347E-4
1,2656E-4
1,18389E-4
1,01132E-4
9,0579E-5
1,18888E-4
9,8058E-5
8,9754E-5
1,03653E-4
1,20161E-4
1,18129E-4
9,0023E-5
1,06514E-4
1,23705E-4
1,06403E-4
1,16676E-4
1,21746E-4
8,9644E-5
1,1555E-4
1,13307E-4
1,16397E-4
9,292E-5
1,01961E-4
9,3328E-5
1,16956E-4
9,4612E-5
1,152E-4
1,15254E-4
9,8765E-5
1,20905E-4
1,15208E-4
1,18472E-4
9,9105E-5
8,9146E-5
1,00659E-4
1,15637E-4
1,13221E-4
1,16929E-4
1,12088E-4
1,03637E-4
1,09354E-4
0,001266386
9,4744E-5
1,04069E-4
1,04646E-4
1,93502E-4
1,19273E-4
1,15043E-4
9,992E-5
1,64235E-4
1,1253E-4
1,1606E-4
1,13614E-4
1,18141E-4
1,078E-4
9,1705E-5
1,13663E-4
8,9542E-5
1,04851E-4
8,5558E-5
1,04331E-4
8,4457E-5
1,05181E-4
8,4841E-5
1,05893E-4
8,8727E-5
1,07214E-4
8,4421E-5
1,06118E-4
8,4055E-5
1,05721E-4
9,1686E-5
1,01016E-4
1,61266E-4
1,08689E-4
8,4432E-5
1,08056E-4
1,64756E-4
1,06395E-4
8,8067E-5
1,18453E-4
8,4505E-5
1,06726E-4
9,0078E-5
1,11904E-4
1,17757E-4
1,15516E-4
1,16724E-4
1,09759E-4
9,9215E-5
9,4337E-5
9,9017E-5
1,11069E-4
1,0727E-4
1,11249E-4
1,04291E-4
1,12184E-4
8,9692E-5
9,6507E-5
8,5276E-5
9,9989E-5
1,15288E-4
1,11255E-4
0,001399226
1,07458E-4
1,12062E-4
9,1572E-5
9,0102E-5
9,4575E-5
9,1975E-5
1,13138E-4
8,4801E-5
1,09802E-4
9,6682E-5
1,07873E-4
8,3358E-5
1,02451E-4
8,6874E-5
1,08272E-4
8,9558E-5
1,14481E-4
1,17652E-4
9,456E-5
1,16716E-4
9,4627E-5
1,32324E-4
1,29625E-4
1,18211E-4
1,13207E-4
1,15783E-4
0,001454836
9,7187E-5
1,21218E-4
1,09818E-4
1,38563E-4
2,36451E-4
1,02995E-4
1,11826E-4
1,12651E-4
1,13229E-4
9,2753E-5
1,1303E-4
8,9232E-5
1,12064E-4
8,9544E-5
1,1212E-4
9,3011E-5
1,09657E-4
9,1593E-5
1,12093E-4
8,6348E-5
2,23943E-4
8,9329E-5
1,10728E-4
8,8408E-5
1,10566E-4
9,2235E-5
1,13267E-4
1,31368E-4
2,26873E-4
9,1541E-5
1,15762E-4
8,8265E-5
1,13852E-4
9,4695E-5
1,13985E-4
9,1391E-5
1,11768E-4
9,5104E-5
1,19588E-4
9,0201E-5
1,13638E-4
9,0463E-5
1,12956E-4
9,5765E-5
1,08361E-4
9,3834E-5
1,1229E-4
9,6547E-5
1,20347E-4
9,5411E-5
1,20904E-4
9,0907E-5
1,14636E-4
9,2762E-5
1,14235E-4
9,308E-5
1,12971E-4
9,0981E-5
1,12418E-4
9,558E-5
2,19328E-4
9,4446E-5
2,23582E-4
1,69975E-4
1,1169E-4
8,9295E-5
1,10743E-4
9,0534E-5
1,11575E-4
1,07193E-4
1,12858E-4
9,0119E-5
1,14954E-4
9,3312E-5
1,2007E-4
9,477E-5
1,15711E-4
8,4882E-5
1,13058E-4
8,9585E-5
1,09258E-4
8,5459E-5
1,68111E-4
9,5991E-5
1,15396E-4
9,7447E-5
2,35202E-4
9,1138E-5
1,11815E-4
9,4861E-5
1,14E-4
9,3226E-5
1,11211E-4
9,1022E-5
1,12187E-4
9,6516E-5
1,11525E-4
0,001435939
2,14784E-4
9,7978E-5
1,25039E-4
9,106E-5
1,16005E-4
8,7418E-5
1,08768E-4
9,2613E-5
1,25936E-4
8,7111E-5
1,17591E-4
9,4356E-5
1,14517E-4
9,3584E-5
1,09867E-4
9,2809E-5
1,12876E-4
9,6469E-5
1,95754E-4
9,2515E-5
1,1261E-4
9,4325E-5
1,10208E-4
9,6316E-5
1,19282E-4
9,1794E-5
1,14042E-4
9,3467E-5
2,38085E-4
9,3034E-5
1,12967E-4
8,6983E-5
2,21264E-4
9,3805E-5
1,14877E-4
9,2167E-5
1,22009E-4
9,3781E-5
1,10872E-4
9,2165E-5
1,10884E-4
9,1676E-5
1,14048E-4
9,7677E-5
1,13044E-4
9,5534E-5
1,19136E-4
1,00065E-4
1,1641E-4
9,4021E-5
1,13851E-4
8,4182E-5
1,14357E-4
9,0654E-5
2,23519E-4
8,6519E-5
1,13632E-4
9,3649E-5
1,12392E-4
8,3793E-5
1,11241E-4
9,2548E-5
1,13445E-4
8,3297E-5
1,09016E-4
8,977E-5
1,10953E-4
9,0558E-5
1,09484E-4
1,13363E-4
1,13584E-4
8,7978E-5
1,12094E-4
8,8003E-5
1,08137E-4
8,8231E-5
1,08027E-4
9,269E-5
1,16531E-4
8,7937E-5
1,0685E-4
9,2092E-5
1,12067E-4
8,6947E-5
1,10667E-4
9,4494E-5
2,19079E-4
9,3056E-5
1,11074E-4
9,3793E-5
1,17133E-4
9,1497E-5
2,3283E-4
9,0008E-5
1,17796E-4
9,4155E-5
1,13987E-4
9,2708E-5
1,0634E-4
9,5615E-5
1,07943E-4
9,6475E-5
1,07849E-4
1,64914E-4
1,07969E-4
1,73513E-4
1,07165E-4
8,3192E-5
1,05094E-4
8,5593E-5
1,14037E-4
1,1472E-4
1,09784E-4
1,14544E-4
1,09763E-4
1,2013E-4
9,4491E-5
8,9162E-5
1,1417E-4
8,8639E-5
1,04984E-4
1,17503E-4
9,8422E-5
8,8038E-5
1,08574E-4
9,3312E-5
1,06592E-4
8,5276E-5
1,05694E-4
9,3509E-5
1,05856E-4
8,6704E-5
1,16293E-4
1,21525E-4
1,05922E-4
9,3061E-5
1,049E-4
9,2173E-5
1,14482E-4
1,13896E-4
1,14092E-4
1,15407E-4
9,8173E-5
9,2598E-5
1,15278E-4
9,3975E-5
1,09846E-4
8,9846E-5
1,08348E-4
8,7118E-5
0,001305959
8,415E-5
1,03833E-4
8,5273E-5
1,19507E-4
1,15168E-4
1,15245E-4
1,1994E-4
1,15808E-4
9,2741E-5
1,12251E-4
9,3102E-5
1,14347E-4
9,1708E-5
1,15669E-4
8,6966E-5
1,16519E-4
8,8662E-5
8,8032E-5
9,0545E-5
9,5904E-5
1,12769E-4
9,3424E-5
8,7631E-5
1,00998E-4
1,13843E-4
1,12784E-4
1,67996E-4
1,13823E-4
9,2212E-5
1,15101E-4
9,6248E-5
1,05376E-4
1,19905E-4
1,04471E-4
1,15624E-4
1,03801E-4
1,17557E-4
1,14067E-4
1,16253E-4
1,02673E-4
9,0673E-5
1,15332E-4
1,20075E-4
1,18347E-4
1,00536E-4
1,05758E-4
1,17479E-4
9,8213E-5
9,3458E-5
1,74813E-4
1,19483E-4
1,01205E-4
1,22586E-4
1,02262E-4
1,15653E-4
1,03946E-4
9,0771E-5
1,07035E-4
1,16276E-4
1,17912E-4
8,9434E-5
0,001537271
9,8379E-5
1,08624E-4
8,7384E-5
1,01483E-4
9,75E-5
1,04317E-4
8,6917E-5
1,05262E-4
8,8552E-5
1,03819E-4
8,8349E-5
1,03081E-4
8,7688E-5
1,03992E-4
8,3567E-5
1,07155E-4
1,61085E-4
1,04102E-4
9,355E-5
1,12244E-4
9,1116E-5
1,03102E-4
9,6513E-5
1,06637E-4
9,4647E-5
1,0454E-4
9,1773E-5
1,0673E-4
9,0654E-5
1,04194E-4
8,8561E-5
1,0435E-4
9,0524E-5
1,03796E-4
8,9396E-5
1,02467E-4
8,792E-5
1,05106E-4
9,3345E-5
1,02917E-4
9,1068E-5
1,05843E-4
9,224E-5
1,03382E-4
9,5151E-5
1,07725E-4
9,2361E-5
1,04821E-4
9,2637E-5
1,02751E-4
8,7953E-5
1,07267E-4
8,4399E-5
1,03342E-4
8,6083E-5
1,05189E-4
8,4961E-5
1,03343E-4
8,6824E-5
1,02541E-4
8,6123E-5
1,00658E-4
8,5108E-5
1,02005E-4
8,4117E-5
1,04285E-4
8,6065E-5
1,15453E-4
1,18634E-4
9,6678E-5
9,1877E-5
1,14901E-4
1,11982E-4
9,6468E-5
1,02363E-4
1,1499E-4
1,11199E-4
9,6069E-5
9,0838E-5
0,001436012
9,4279E-5
1,02816E-4
1,15914E-4
1,01817E-4
1,10499E-4
8,915E-5
8,9646E-5
1,02796E-4
0,001348822
1,13229E-4
1,14539E-4
1,00605E-4
8,4823E-5
1,1277E-4
1,13458E-4
1,11078E-4
1,11661E-4
1,10959E-4
9,9605E-5
1,09475E-4
9,9083E-5
1,27845E-4
1,01411E-4
1,09445E-4
2,00639E-4
1,11603E-4
9,8523E-5
1,09949E-4
9,8297E-5
1,10313E-4
9,8722E-5
1,30519E-4
9,082E-5
1,1113E-4
9,385E-5
1,1585E-4
1,02292E-4
1,13032E-4
9,7229E-5
8,6844E-5
1,0012E-4
8,9078E-5
9,9854E-5
1,26557E-4
1,02411E-4
1,07695E-4
9,7913E-5
1,12037E-4
1,21466E-4
1,13051E-4
1,03397E-4
1,1552E-4
1,10002E-4
1,13645E-4
1,01344E-4
1,12835E-4
1,11974E-4
1,0643E-4
1,00564E-4
1,01295E-4
9,0812E-5
1,11546E-4
1,02243E-4
8,9089E-5
1,00096E-4
9,1559E-5
1,15587E-4
8,7989E-5
1,12683E-4
8,6709E-5
1,12524E-4
1,11482E-4
1,07072E-4
1,09435E-4
9,3026E-5
1,12192E-4
1,01675E-4
1,34325E-4
1,0824E-4
1,1535E-4
1,03207E-4
9,0188E-5
1,02084E-4
9,9736E-5
9,656E-5
1,21024E-4
1,18321E-4
1,18858E-4
9,6805E-5
9,9954E-5
9,1061E-5
1,03461E-4
9,1659E-5
1,03604E-4
1,24491E-4
1,08583E-4
8,961E-5
1,12352E-4
9,0211E-5
1,141E-4
8,9322E-5
1,21136E-4
8,975E-5
1,03344E-4
8,6537E-5
1,15331E-4
8,7145E-5
9,8779E-5
1,20232E-4
1,16341E-4
9,0696E-5
1,02458E-4
1,15498E-4
1,16636E-4
1,10944E-4
9,8182E-5
9,8164E-5
1,07993E-4
1,17709E-4
1,2051E-4
1,26769E-4
1,19279E-4
1,1055E-4
1,01983E-4
9,2965E-5
1,14224E-4
1,15178E-4
1,15522E-4
9,991E-5
1,2055E-4
1,05115E-4
1,15918E-4
1,01768E-4
1,21073E-4
1,03097E-4
1,18359E-4
1,04521E-4
1,19127E-4
1,00098E-4
1,21409E-4
1,15984E-4
1,10111E-4
1,12187E-4
1,08433E-4
1,19112E-4
1,06419E-4
1,60018E-4
1,05199E-4
1,62147E-4
9,9666E-5
1,15944E-4
1,1001E-4
1,13915E-4
1,01787E-4
1,08868E-4
9,2161E-5
1,12994E-4
9,2426E-5
1,1261E-4
9,3492E-5
1,09853E-4
9,9727E-5
1,16907E-4
9,877E-5
1,18488E-4
9,2904E-5
1,13426E-4
9,49E-5
1,14929E-4
9,2555E-5
1,11235E-4
9,1649E-5
1,09201E-4
9,1425E-5
1,11598E-4
9,0874E-5
1,08814E-4
9,335E-5
1,10933E-4
9,3669E-5
1,10985E-4
9,33E-5
1,10083E-4
9,1054E-5
2,31024E-4
9,1989E-5
0,001375245
9,1909E-5
1,09372E-4
9,9412E-5
1,13556E-4
9,2638E-5
1,20921E-4
9,3033E-5
1,127E-4
9,0066E-5
1,12766E-4
9,4751E-5
1,1667E-4
1,00148E-4
1,13447E-4
9,356E-5
1,13511E-4
9,3436E-5
1,16223E-4
9,5043E-5
1,14616E-4
9,3764E-5
1,16366E-4
8,8502E-5
1,12409E-4
9,5951E-5
1,12537E-4
9,1632E-5
1,12805E-4
9,4875E-5
1,12225E-4
9,3007E-5
1,09915E-4
9,4473E-5
1,14435E-4
9,3743E-5
1,14828E-4
9,3676E-5
1,12539E-4
8,5546E-5
1,24226E-4
9,3084E-5
1,11317E-4
9,3037E-5
1,13076E-4
9,5177E-5
1,12111E-4
9,5505E-5
1,21931E-4
9,1273E-5
1,10484E-4
9,7021E-5
1,11855E-4
9,4047E-5
1,22797E-4
9,218E-5
1,13868E-4
9,2613E-5
1,22131E-4
9,1427E-5
1,10779E-4
1,01349E-4
0,001243033
9,1604E-5
1,07132E-4
8,866E-5
1,04339E-4
8,5396E-5
1,10967E-4
9,305E-5
1,06878E-4
8,7862E-5
1,0727E-4
9,2808E-5
1,11547E-4
9,0571E-5
1,0761E-4
9,1772E-5
1,04215E-4
8,9745E-5
0,001310669
8,6221E-5
1,07088E-4
8,5869E-5
1,07631E-4
8,5217E-5
1,06571E-4
8,3386E-5
1,0694E-4
8,1652E-5
1,0554E-4
8,295E-5
1,08014E-4
9,077E-5
1,03722E-4
8,5435E-5
1,00336E-4
8,6237E-5
1,10032E-4
8,6919E-5
1,10476E-4
9,7851E-5
1,12496E-4
8,4831E-5
1,06315E-4
8,5463E-5
1,07907E-4
9,8584E-5
1,04289E-4
8,3958E-5
1,07928E-4
8,1797E-5
1,15853E-4
1,12319E-4
1,1593E-4
9,4483E-5
9,458E-5
1,14039E-4
9,5684E-5
9,02E-5
1,03165E-4
1,19407E-4
1,01675E-4
1,22405E-4
1,14334E-4
1,17909E-4
1,15757E-4
1,14501E-4
1,16942E-4
9,1939E-5
1,12229E-4
1,03548E-4
9,2827E-5
9,763E-5
9,8062E-5
9,2094E-5
1,1307E-4
9,5934E-5
1,22188E-4
1,19027E-4
1,05056E-4
9,2809E-5
1,07281E-4
1,26465E-4
1,04302E-4
1,21844E-4
1,01027E-4
1,19977E-4
1,12008E-4
1,08598E-4
1,19999E-4
9,4592E-5
1,21768E-4
9,7241E-5
9,513E-5
1,41761E-4
9,8533E-5
9,6879E-5
1,0956E-4
1,22656E-4
0,001456121
8,9879E-5
1,02454E-4
1,19762E-4
1,14192E-4
1,12876E-4
8,9322E-5
9,2826E-5
1,12353E-4
0,001432827
1,19544E-4
9,2045E-5
1,05458E-4
1,21223E-4
1,14068E-4
1,15488E-4
9,6361E-5
8,9173E-5
1,03308E-4
1,17453E-4
1,17327E-4
1,14147E-4
1,05807E-4
1,2097E-4
1,15211E-4
1,16336E-4
8,8987E-5
9,8557E-5
1,18861E-4
1,19272E-4
1,16958E-4
9,5846E-5
9,9316E-5
9,1007E-5
1,03383E-4
1,19009E-4
1,29968E-4
1,15223E-4
1,15482E-4
9,2539E-5
1,17421E-4
9,2725E-5
9,0573E-5
9,4982E-5
1,185E-4
9,0342E-5
1,04229E-4
9,1272E-5
1,0163E-4
1,18305E-4
1,18014E-4
1,13978E-4
1,19671E-4
9,3004E-5
1,04448E-4
1,24936E-4
1,15822E-4
1,17808E-4
1,13564E-4
1,0253E-4
1,11349E-4
1,02918E-4
1,1934E-4
1,12428E-4
9,1474E-5
1,14908E-4
9,9112E-5
1,11432E-4
1,18789E-4
1,04655E-4
1,08737E-4
1,0047E-4
1,14603E-4
1,21404E-4
9,4333E-5
1,14709E-4
9,3888E-5
1,13695E-4
9,3441E-5
1,13156E-4
1,14802E-4
1,11472E-4
9,0431E-5
1,09672E-4
1,11269E-4
1,10872E-4
8,9107E-5
1,09722E-4
9,3217E-5
1,11229E-4
1,2256E-4
1,16314E-4
1,36112E-4
1,15853E-4
9,1024E-5
1,16615E-4
9,0191E-5
1,13492E-4
9,3041E-5
1,40651E-4
9,2623E-5
1,12262E-4
8,8375E-5
1,02428E-4
1,76486E-4
1,04051E-4
9,2002E-5
9,8568E-5
1,11358E-4
1,00837E-4
9,387E-5
1,02183E-4
8,8716E-5
1,0478E-4
9,6823E-5
1,03099E-4
1,02517E-4
1,04358E-4
1,03766E-4
1,02514E-4
1,15395E-4
1,0284E-4
1,10531E-4
9,994E-5
9,055E-5
1,01595E-4
1,10892E-4
8,8982E-5
1,17345E-4
1,02554E-4
1,20947E-4
8,7243E-5
1,12048E-4
1,13692E-4
1,09349E-4
1,20488E-4
1,22993E-4
1,23799E-4
9,3562E-5
9,7999E-5
1,24209E-4
1,2017E-4
1,2444E-4
1,06463E-4
1,1738E-4
1,04038E-4
9,8718E-5
1,0136E-4
1,1644E-4
1,93592E-4
1,28143E-4
1,02617E-4
1,00451E-4
9,7379E-5
1,10321E-4
1,19227E-4
1,21897E-4
1,12201E-4
1,07075E-4
1,23015E-4
9,7306E-5
9,3828E-5
1,4694E-4
1,16634E-4
1,19942E-4
1,01916E-4
1,14835E-4
1,68674E-4
9,1375E-5
9,278E-5
1,03935E-4
1,22004E-4
1,20488E-4
1,19656E-4
1,22795E-4
9,6904E-5
9,502E-5
1,01523E-4
1,04206E-4
9,3986E-5
1,10991E-4
9,0202E-5
1,07682E-4
9,5625E-5
1,04522E-4
8,6774E-5
1,06212E-4
8,603E-5
1,04735E-4
8,8536E-5
1,10142E-4
9,0399E-5
1,09131E-4
9,252E-5
1,13294E-4
1,29216E-4
9,7843E-5
1,08297E-4
1,15563E-4
1,17625E-4
1,1305E-4
9,535E-5
1,18857E-4
1,02971E-4
1,15835E-4
9,7857E-5
9,2265E-5
1,03091E-4
1,15365E-4
1,00224E-4
1,26382E-4
1,36722E-4
9,0399E-5
1,15634E-4
8,9545E-5
1,20149E-4
1,01115E-4
1,14282E-4
1,11925E-4
1,05173E-4
9,5926E-5
9,2413E-5
0,001515665
8,9423E-5
9,8341E-5
1,13929E-4
1,10948E-4
9,5575E-5
9,5595E-5
8,9501E-5
1,05522E-4
8,6994E-5
1,07783E-4
8,7331E-5
1,07596E-4
9,2122E-5
1,17105E-4
1,18028E-4
1,2334E-4
1,41524E-4
8,9645E-5
9,1818E-5
1,17873E-4
1,20106E-4
1,07288E-4
9,1553E-5
1,04146E-4
1,23005E-4
1,02446E-4
1,17543E-4
1,04404E-4
1,22748E-4
1,23313E-4
1,20352E-4
1,16127E-4
1,1936E-4
9,8504E-5
9,2163E-5
1,20485E-4
1,15195E-4
1,20802E-4
9,0336E-5
1,08164E-4
8,9192E-5
1,07617E-4
9,3406E-5
1,11832E-4
8,9741E-5
1,06049E-4
9,5681E-5
1,05878E-4
9,6602E-5
1,03648E-4
9,7166E-5
1,09111E-4
9,5556E-5
1,05761E-4
1,64482E-4
1,02941E-4
9,7523E-5
1,02047E-4
1,53115E-4
1,06816E-4
9,6376E-5
1,06682E-4
8,9708E-5
1,0449E-4
8,8348E-5
1,06656E-4
9,1608E-5
1,04697E-4
8,7028E-5
1,05251E-4
9,1846E-5
1,04411E-4
8,9635E-5
1,07075E-4
8,6218E-5
1,05428E-4
9,2702E-5
1,07838E-4
8,5909E-5
1,04443E-4
8,8916E-5
1,0387E-4
9,7246E-5
1,06333E-4
8,6722E-5
1,08718E-4
8,7832E-5
1,09101E-4
9,1742E-5
1,58139E-4
8,7038E-5
1,04944E-4
8,7012E-5
1,05882E-4
9,3473E-5
1,20476E-4
9,7267E-5
1,14308E-4
8,7179E-5
1,14287E-4
1,12927E-4
1,16532E-4
9,4458E-5
1,0869E-4
8,834E-5
0,001538036
8,6956E-5
1,10807E-4
8,9401E-5
1,05567E-4
8,4515E-5
1,04694E-4
8,4328E-5
1,03383E-4
8,5021E-5
1,12526E-4
1,17244E-4
1,14705E-4
9,559E-5
1,04048E-4
1,11938E-4
1,15431E-4
9,1822E-5
1,04736E-4
1,17546E-4
1,13118E-4
9,3812E-5
1,07961E-4
9,3394E-5
9,504E-5
9,2708E-5
1,14888E-4
1,16539E-4
1,13459E-4
8,9116E-5
1,08408E-4
9,1389E-5
1,15423E-4
8,7164E-5
1,01947E-4
1,18091E-4
9,9222E-5
1,22017E-4
1,16821E-4
9,1512E-5
1,05041E-4
1,14652E-4
1,11667E-4
1,21384E-4
1,182E-4
1,1324E-4
1,13085E-4
9,0361E-5
1,02667E-4
1,2284E-4
1,18269E-4
1,13341E-4
1,14578E-4
1,02987E-4
1,10506E-4
1,03011E-4
1,14954E-4
1,10942E-4
9,5967E-5
1,11819E-4
9,0874E-5
1,14611E-4
9,1462E-5
1,13242E-4
9,8154E-5
1,11011E-4
1,09322E-4
1,04616E-4
1,08825E-4
1,02982E-4
9,712E-5
9,6124E-5
1,14414E-4
1,01312E-4
9,0215E-5
1,00262E-4
1,15757E-4
1,09473E-4
1,09788E-4
1,01677E-4
9,1043E-5
9,3903E-5
1,18523E-4
8,9168E-5
1,18882E-4
9,3746E-5
1,18581E-4
1,18673E-4
9,952E-5
0,001493842
1,19125E-4
9,4676E-5
9,9626E-5
9,1892E-5
1,12371E-4
9,1558E-5
1,07944E-4
8,884E-5
1,15181E-4
9,294E-5
1,15311E-4
8,9853E-5
1,13072E-4
9,6354E-5
1,17149E-4
9,1273E-5
1,10017E-4
9,3617E-5
1,11654E-4
9,4849E-5
1,15108E-4
9,18E-5
1,1478E-4
8,986E-5
1,13077E-4
9,0691E-5
1,1327E-4
9,262E-5
1,92308E-4
9,2605E-5
1,2381E-4
9,244E-5
1,11916E-4
9,4716E-5
1,10663E-4
9,1539E-5
1,0655E-4
9,0623E-5
1,14187E-4
9,3143E-5
1,19769E-4
9,9486E-5
1,16078E-4
9,5446E-5
1,16014E-4
9,3292E-5
1,16938E-4
9,5249E-5
1,18844E-4
9,4464E-5
1,14559E-4
9,7409E-5
1,16106E-4
9,7291E-5
1,11596E-4
9,3956E-5
1,17104E-4
9,1034E-5
1,09301E-4
8,8565E-5
1,10246E-4
8,8553E-5
1,04143E-4
8,849E-5
1,12155E-4
9,366E-5
1,2041E-4
9,6834E-5
1,14504E-4
9,3216E-5
1,25667E-4
9,567E-5
1,14516E-4
9,6468E-5
1,12597E-4
9,3099E-5
1,1181E-4
8,5382E-5
1,12797E-4
9,5265E-5
1,11875E-4
9,3323E-5
1,15415E-4
9,3003E-5
1,12198E-4
8,5457E-5
1,13621E-4
9,2203E-5
1,12591E-4
9,0901E-5
1,16344E-4
8,9303E-5
1,13032E-4
9,3897E-5
1,17513E-4
9,2977E-5
1,16137E-4
9,3554E-5
1,15192E-4
9,4865E-5
2,26307E-4
9,3895E-5
1,11578E-4
9,3873E-5
1,15268E-4
0,001276284
1,13335E-4
9,883E-5
1,15802E-4
9,2591E-5
1,12685E-4
9,6505E-5
1,12834E-4
9,6239E-5
1,92302E-4
9,2175E-5
1,1396E-4
9,0327E-5
1,17347E-4
9,5705E-5
1,13682E-4
9,3846E-5
1,09425E-4
9,4575E-5
2,21372E-4
8,3427E-5
1,12127E-4
9,1707E-5
1,10083E-4
9,0896E-5
1,11672E-4
9,0363E-5
1,12655E-4
9,1651E-5
1,11263E-4
8,9158E-5
1,12269E-4
9,2889E-5
1,13597E-4
8,7908E-5
1,1651E-4
9,5516E-5
1,24181E-4
9,0575E-5
1,11129E-4
9,3663E-5
1,11314E-4
9,2213E-5
1,22399E-4
9,8737E-5
1,16875E-4
9,2601E-5
1,14722E-4
9,4471E-5
1,14098E-4
9,2771E-5
1,12659E-4
9,1518E-5
0,001490341
9,4497E-5
1,12552E-4
9,6715E-5
1,12068E-4
9,3222E-5
1,07665E-4
9,6473E-5
1,1168E-4
9,124E-5
1,12274E-4
9,3532E-5
1,07681E-4
9,2411E-5
1,15968E-4
9,8514E-5
1,12654E-4
9,4732E-5
1,12267E-4
9,1067E-5
1,12776E-4
9,1897E-5
1,13903E-4
9,3142E-5
1,11738E-4
9,4204E-5
1,11529E-4
9,1711E-5
1,20824E-4
9,2616E-5
1,09249E-4
8,9353E-5
1,10054E-4
9,3506E-5
1,1144E-4
8,6351E-5
1,12645E-4
9,7177E-5
1,08653E-4
8,6219E-5
1,11159E-4
9,1945E-5
1,15256E-4
9,5081E-5
1,17485E-4
9,7047E-5
1,11896E-4
9,3459E-5
1,14522E-4
9,2398E-5
1,11814E-4
8,7748E-5
1,14226E-4
9,7197E-5
1,12538E-4
9,7536E-5
1,16318E-4
9,8708E-5
1,14471E-4
9,9368E-5
1,17723E-4
9,3465E-5
1,19986E-4
8,8269E-5
1,13007E-4
9,1535E-5
1,19703E-4
9,5515E-5
1,13764E-4
9,2368E-5
1,12747E-4
9,385E-5
1,16132E-4
1,14521E-4
1,04649E-4
9,5136E-5
1,02245E-4
1,14453E-4
9,5368E-5
1,16366E-4
9,3553E-5
1,1584E-4
9,5987E-5
1,17173E-4
9,7045E-5
1,13304E-4
1,02282E-4
9,9601E-5
1,01375E-4
1,11173E-4
8,6506E-5
9,3691E-5
9,3922E-5
1,10277E-4
1,13373E-4
1,13054E-4
1,099E-4
1,00243E-4
9,0051E-5
1,06327E-4
1,15709E-4
1,15486E-4
1,16008E-4
9,4384E-5
1,05387E-4
1,10527E-4
0,001399858
1,04238E-4
1,20846E-4
1,13229E-4
1,15348E-4
1,15784E-4
9,0908E-5
1,10464E-4
9,2036E-5
9,0533E-5
8,9497E-5
8,9627E-5
1,03191E-4
1,12947E-4
1,0419E-4
1,10126E-4
1,00691E-4
9,8923E-5
1,13545E-4
1,10415E-4
9,2348E-5
1,01728E-4
9,347E-5
1,046E-4
1,15453E-4
1,12931E-4
1,15804E-4
1,17181E-4
9,8E-5
1,03476E-4
1,19894E-4
1,57039E-4
1,18E-4
1,15756E-4
1,2753E-4
1,0794E-4
1,06285E-4
9,4663E-5
9,159E-5
1,01926E-4
9,1084E-5
1,0287E-4
1,16794E-4
1,01272E-4
1,07763E-4
1,1098E-4
9,049E-5
1,00498E-4
1,17072E-4
2,46554E-4
1,11992E-4
9,4814E-5
1,26172E-4
9,7786E-5
9,02E-5
1,07363E-4
1,21323E-4
1,0785E-4
9,4162E-5
1,06359E-4
1,21209E-4
1,16728E-4
9,2726E-5
1,78672E-4
1,19763E-4
1,13137E-4
1,06454E-4
1,17685E-4
1,13062E-4
1,1999E-4
1,53227E-4
1,12697E-4
9,3096E-5
1,14683E-4
8,8305E-5
1,14169E-4
1,01016E-4
1,0687E-4
9,2656E-5
1,16552E-4
0,001368455
1,09806E-4
1,119E-4
9,5392E-5
9,5382E-5
1,03737E-4
1,22918E-4
1,18703E-4
1,13202E-4
0,0013853
1,17475E-4
9,8113E-5
9,0483E-5
1,10674E-4
1,16643E-4
1,21218E-4
1,16729E-4
8,9988E-5
9,0531E-5
1,12421E-4
9,1391E-5
1,05526E-4
9,1196E-5
9,8981E-5
1,20471E-4
1,13901E-4
1,1145E-4
1,09258E-4
9,8394E-5
8,8388E-5
9,885E-5
9,1114E-5
1,08554E-4
1,10005E-4
1,02959E-4
1,20298E-4
8,7351E-5
9,8678E-5
8,9056E-5
1,02551E-4
1,13688E-4
1,21534E-4
8,8401E-5
1,0931E-4
1,18009E-4
1,12705E-4
1,1671E-4
1,26836E-4
1,15176E-4
1,17487E-4
1,11098E-4
1,07352E-4
1,095E-4
1,01781E-4
1,1897E-4
9,9681E-5
1,2317E-4
9,7027E-5
1,03836E-4
1,07383E-4
9,3453E-5
1,09362E-4
9,3574E-5
1,09044E-4
9,48E-5
1,10887E-4
9,8478E-5
1,03349E-4
8,5587E-5
1,0322E-4
8,5947E-5
1,1281E-4
1,111E-4
1,17416E-4
8,658E-5
9,9249E-5
9,7691E-5
1,07857E-4
1,30168E-4
9,2778E-5
8,7993E-5
1,01653E-4
1,15992E-4
1,13504E-4
1,11816E-4
1,14379E-4
9,0921E-5
1,11155E-4
8,7741E-5
1,04853E-4
1,15191E-4
1,03357E-4
1,1341E-4
1,20284E-4
1,14896E-4
1,1575E-4
1,0134E-4
1,08111E-4
9,8499E-5
1,06895E-4
1,09091E-4
1,0993E-4
9,8736E-5
1,10341E-4
1,02517E-4
9,0253E-5
9,266E-5
1,01909E-4
1,22765E-4
1,19921E-4
1,17175E-4
9,917E-5
8,7197E-5
1,20011E-4
1,09371E-4
9,6279E-5
8,3827E-5
1,16054E-4
1,09437E-4
1,1637E-4
9,7799E-5
1,10343E-4
9,8954E-5
9,7707E-5
1,00191E-4
1,12947E-4
9,8225E-5
1,15782E-4
1,09125E-4
9,0359E-5
1,16288E-4
8,9015E-5
1,16497E-4
1,12607E-4
1,01275E-4
1,00455E-4
1,01867E-4
1,10126E-4
9,2076E-5
9,6795E-5
1,12613E-4
1,01098E-4
1,16791E-4
9,8893E-5
8,9364E-5
1,0352E-4
1,19575E-4
1,17335E-4
1,13024E-4
1,24653E-4
9,1144E-5
9,7149E-5
8,8761E-5
1,04352E-4
1,13999E-4
1,13289E-4
1,08892E-4
1,20461E-4
9,1601E-5
1,05497E-4
1,23014E-4
1,15939E-4
1,16989E-4
9,6128E-5
1,11676E-4
1,08173E-4
8,9116E-5
9,9067E-5
1,28011E-4
1,12358E-4
1,11739E-4
1,11076E-4
9,9538E-5
1,1116E-4
9,8449E-5
1,00768E-4
1,2152E-4
1,16049E-4
1,15373E-4
1,19498E-4
9,2109E-5
9,6977E-5
1,09666E-4
1,16732E-4
1,00835E-4
1,12696E-4
1,18736E-4
1,1627E-4
1,21555E-4
1,05653E-4
1,01935E-4
1,33673E-4
1,01723E-4
1,06867E-4
1,09445E-4
1,17045E-4
1,1403E-4
9,1456E-5
1,14736E-4
9,1279E-5
1,1237E-4
1,26508E-4
1,15836E-4
1,18181E-4
1,1017E-4
0,001272538
1,15553E-4
9,0852E-5
9,3023E-5
9,2199E-5
1,10493E-4
8,8235E-5
1,0051E-4
1,14776E-4
0,00146625
1,00147E-4
1,10309E-4
9,8646E-5
1,09345E-4
9,8016E-5
9,5658E-5
1,02532E-4
1,07504E-4
9,8429E-5
9,7796E-5
9,8148E-5
1,08283E-4
9,2356E-5
9,3996E-5
1,0086E-4
1,12997E-4
9,7087E-5
8,8286E-5
1,15282E-4
9,6077E-5
8,9219E-5
1,29732E-4
1,17474E-4
1,16789E-4
1,246E-4
1,16059E-4
9,7938E-5
1,12715E-4
9,9514E-5
9,1876E-5
1,04868E-4
1,12844E-4
8,9953E-5
1,15562E-4
9,0694E-5
9,8325E-5
1,09763E-4
1,01662E-4
1,13091E-4
1,12278E-4
1,12562E-4
9,3511E-5
9,6881E-5
1,03641E-4
1,15124E-4
1,10496E-4
8,8972E-5
1,08962E-4
1,15923E-4
1,12419E-4
1,19376E-4
1,17031E-4
1,03844E-4
1,11595E-4
9,4137E-5
9,4665E-5
9,3225E-5
1,01234E-4
1,20217E-4
1,12116E-4
9,7302E-5
9,8582E-5
1,26183E-4
1,09643E-4
1,15101E-4
9,2516E-5
1,18317E-4
1,09129E-4
9,3826E-5
1,00392E-4
1,23023E-4
1,17402E-4
1,13793E-4
1,22509E-4
9,6516E-5
1,17633E-4
1,04888E-4
1,14907E-4
1,06357E-4
9,0062E-5
1,0098E-4
1,17363E-4
9,604E-5
1,01239E-4
9,4232E-5
1,04145E-4
1,22413E-4
1,11355E-4
1,12747E-4
9,9526E-5
9,1385E-5
9,8614E-5
1,20466E-4
1,1651E-4
1,15844E-4
9,0794E-5
9,3983E-5
9,711E-5
1,02297E-4
9,7708E-5
9,9329E-5
1,093E-4
9,0147E-5
9,6363E-5
9,5749E-5
9,7355E-5
9,0673E-5
1,01554E-4
1,20728E-4
9,9475E-5
1,16834E-4
1,18253E-4
1,19515E-4
1,1585E-4
0,001419685
1,10347E-4
9,3948E-5
9,8965E-5
1,02045E-4
1,01558E-4
1,19767E-4
1,13954E-4
1,15419E-4
0,001259606
9,0896E-5
1,04118E-4
1,23131E-4
1,14668E-4
9,3896E-5
9,9846E-5
1,16385E-4
1,16325E-4
1,15377E-4
1,14476E-4
1,46634E-4
1,00316E-4
9,4757E-5
1,22406E-4
9,6349E-5
1,06223E-4
1,18333E-4
1,00978E-4
1,34947E-4
1,2177E-4
1,1719E-4
9,2196E-5
9,3453E-5
1,28234E-4
1,15965E-4
1,25168E-4
9,2781E-5
1,15502E-4
1,16902E-4
9,7778E-5
9,9003E-5
1,03345E-4
1,22435E-4
1,17738E-4
1,17115E-4
1,18064E-4
9,4559E-5
9,8594E-5
9,2316E-5
1,06554E-4
1,18589E-4
1,15671E-4
1,10862E-4
9,8371E-5
9,2102E-5
1,14579E-4
9,0318E-5
1,1506E-4
1,21301E-4
1,0546E-4
1,19302E-4
1,01969E-4
0,00143186
1,15285E-4
1,01521E-4
9,7854E-5
9,3604E-5
9,775E-5
9,1437E-5
1,03632E-4
1,21251E-4
1,04479E-4
1,25592E-4
1,05152E-4
9,1454E-5
1,05201E-4
1,22015E-4
1,04538E-4
9,6002E-5
1,02223E-4
1,22797E-4
1,3003E-4
9,1883E-5
1,06535E-4
1,21506E-4
1,17818E-4
1,16784E-4
1,15085E-4
9,6097E-5
0,00134049
9,4874E-5
9,8157E-5
9,3255E-5
1,03387E-4
1,33012E-4
1,17459E-4
1,16479E-4
1,18964E-4
1,01074E-4
1,10769E-4
1,01021E-4
1,09057E-4
1,02044E-4
1,08969E-4
9,3916E-5
1,12604E-4
1,18655E-4
9,6577E-5
8,8209E-5
1,02313E-4
1,19572E-4
1,04808E-4
1,2028E-4
1,18411E-4
9,3967E-5
1,03971E-4
1,17809E-4
1,02939E-4
1,20818E-4
1,1717E-4
8,8566E-5
1,04903E-4
1,21955E-4
1,17075E-4
8,9715E-5
1,0253E-4
1,20532E-4
1,1813E-4
9,395E-5
1,05033E-4
1,17871E-4
1,04087E-4
1,19629E-4
1,19554E-4
1,18207E-4
1,16568E-4
1,1738E-4
1,11429E-4
1,0508E-4
1,23086E-4
1,02101E-4
1,22956E-4
1,02695E-4
1,1827E-4
1,00513E-4
1,18818E-4
1,16797E-4
9,9468E-5
1,09636E-4
1,17999E-4
1,16027E-4
8,8407E-5
0,001510701
1,00409E-4
1,22007E-4
9,7113E-5
1,03741E-4
9,4381E-5
1,92804E-4
1,17942E-4
1,14231E-4
1,23189E-4
9,0098E-5
9,572E-5
1,13951E-4
9,2512E-5
1,15623E-4
9,2107E-5
1,06516E-4
1,19273E-4
1,17456E-4
9,424E-5
1,0766E-4
1,22372E-4
1,12776E-4
1,28894E-4
1,1754E-4
1,02277E-4
1,18525E-4
1,00676E-4
9,7145E-5
1,06146E-4
1,20709E-4
1,16546E-4
9,234E-5
1,16523E-4
1,19317E-4
9,9809E-5
1,12871E-4
1,01352E-4
9,636E-5
1,18989E-4
1,15967E-4
9,2681E-5
1,0496E-4
8,9956E-5
1,07556E-4
1,2091E-4
1,16034E-4
1,1142E-4
1,09684E-4
9,1497E-5
1,04568E-4
1,305E-4
1,12657E-4
1,24087E-4
1,1968E-4
9,6894E-5
1,1766E-4
9,3299E-5
1,16501E-4
1,04256E-4
9,9508E-5
1,01441E-4
9,8983E-5
1,00527E-4
9,5137E-5
1,04326E-4
1,1645E-4
8,9579E-5
9,8426E-5
9,4809E-5
1,12783E-4
1,20658E-4
9,763E-5
9,1986E-5
1,17023E-4
1,00577E-4
9,4612E-5
1,04469E-4
1,12798E-4
9,5039E-5
9,2483E-5
1,18796E-4
9,622E-5
9,5221E-5
1,10542E-4
1,20651E-4
1,02272E-4
9,429E-5
1,03694E-4
8,9335E-5
1,04595E-4
1,14202E-4
1,11798E-4
1,15337E-4
1,16205E-4
1,0152E-4
1,10882E-4
1,05285E-4
1,12641E-4
9,0333E-5
8,7981E-5
1,17101E-4
9,3756E-5
8,7687E-5
1,01448E-4
1,16733E-4
1,04792E-4
1,16064E-4
1,12636E-4
1,12812E-4
1,17657E-4
1,12926E-4
1,10599E-4
1,16372E-4
9,5717E-5
0,001554841
1,1549E-4
8,7538E-5
1,15481E-4
8,7676E-5
1,14509E-4
9,967E-5
1,0856E-4
9,8782E-5
1,09421E-4
1,00025E-4
1,20074E-4
9,7917E-5
1,07371E-4
8,8327E-5
1,16567E-4
1,03554E-4
1,08552E-4
0,001517343
8,9356E-5
1,00159E-4
1,10962E-4
9,2992E-5
9,584E-5
9,0154E-5
1,25638E-4
1,09232E-4
1,12358E-4
8,7195E-5
1,2171E-4
8,9334E-5
1,1033E-4
9,0434E-5
1,06641E-4
1,13052E-4
1,14767E-4
1,12078E-4
9,9031E-5
8,7701E-5
1,0295E-4
1,16075E-4
1,01136E-4
1,17741E-4
1,22175E-4
8,7868E-5
1,00459E-4
1,16284E-4
1,11864E-4
1,27467E-4
1,16163E-4
1,40829E-4
9,7628E-5
9,4498E-5
1,15048E-4
2,01374E-4
1,10572E-4
1,0198E-4
9,9308E-5
8,9572E-5
1,01881E-4
1,1616E-4
1,14176E-4
1,13938E-4
8,8319E-5
1,12447E-4
1,08146E-4
8,9683E-5
1,00643E-4
1,13101E-4
1,17191E-4
1,10133E-4
1,14015E-4
9,192E-5
1,15535E-4
1,2881E-4
1,151E-4
1,1173E-4
1,22312E-4
9,6549E-5
1,18301E-4
9,963E-5
9,9977E-5
1,03618E-4
1,11243E-4
1,00896E-4
9,9095E-5
1,00415E-4
1,1824E-4
1,14729E-4
0,001335357
1,12485E-4
9,1894E-5
1,1333E-4
9,1555E-5
1,14419E-4
8,9041E-5
1,11988E-4
9,8367E-5
1,00357E-4
1,13664E-4
9,9441E-5
1,12827E-4
9,9546E-5
1,24949E-4
1,14844E-4
8,9183E-5
1,11686E-4
8,78E-5
1,15068E-4
8,9521E-5
1,1306E-4
8,8487E-5
1,09708E-4
8,8996E-5
1,11317E-4
9,5889E-5
1,17747E-4
9,9342E-5
1,09061E-4
9,2325E-5
1,03813E-4
9,0583E-5
1,04591E-4
8,9275E-5
1,04556E-4
9,1836E-5
1,02686E-4
1,15311E-4
1,17239E-4
1,00229E-4
1,0136E-4
1,12819E-4
1,04418E-4
1,1224E-4
8,8305E-5
1,14797E-4
9,1236E-5
1,14284E-4
1,0915E-4
1,12244E-4
1,13485E-4
1,18939E-4
1,0267E-4
1,18155E-4
1,0304E-4
1,24456E-4
1,12866E-4
1,06989E-4
1,1543E-4
1,29138E-4
1,58127E-4
0,001337059
1,06776E-4
9,3536E-5
1,05609E-4
1,00171E-4
1,06701E-4
1,07569E-4
9,5832E-5
1,09978E-4
1,14272E-4
1,15846E-4
1,21215E-4
1,18899E-4
1,02275E-4
1,25404E-4
1,11847E-4
9,0132E-5
1,1903E-4
9,1782E-5
2,27963E-4
9,5538E-5
1,19404E-4
9,6224E-5
1,19639E-4
9,5723E-5
1,27808E-4
9,4831E-5
1,27679E-4
9,3014E-5
1,18278E-4
9,1563E-5
2,31082E-4
9,0131E-5
1,31013E-4
9,1682E-5
1,15033E-4
9,2603E-5
1,09764E-4
8,5895E-5
1,04545E-4
8,5617E-5
1,0328E-4
8,5411E-5
1,06643E-4
8,725E-5
1,02373E-4
8,6279E-5
1,03729E-4
8,3312E-5
1,05549E-4
9,6107E-5
1,10829E-4
9,0136E-5
1,1317E-4
9,019E-5
1,09593E-4
9,2095E-5
1,09687E-4
8,8443E-5
1,09036E-4
8,7435E-5
1,0497E-4
8,7928E-5
1,07783E-4
8,6254E-5
1,07577E-4
8,6436E-5
1,05217E-4
8,6467E-5
1,04809E-4
9,839E-5
1,03567E-4
8,7431E-5
1,05424E-4
9,0735E-5
1,05202E-4
8,8815E-5
1,04176E-4
8,4632E-5
1,06147E-4
8,5139E-5
1,0315E-4
8,5816E-5
1,01913E-4
8,1956E-5
1,0358E-4
8,4545E-5
1,1196E-4
8,6206E-5
1,04857E-4
8,6736E-5
1,08059E-4
8,2446E-5
1,03914E-4
8,6158E-5
1,06037E-4
8,3497E-5
1,60088E-4
1,01911E-4
1,06181E-4
8,9048E-5
1,0795E-4
8,9227E-5
1,05847E-4
9,9188E-5
1,0272E-4
9,3747E-5
1,07199E-4
8,7648E-5
1,08973E-4
8,6943E-5
1,09519E-4
8,6027E-5
2,00848E-4
1,743E-4
1,05249E-4
8,6898E-5
1,05922E-4
8,2373E-5
1,0484E-4
8,8151E-5
1,0694E-4
8,7911E-5
1,33599E-4
8,5463E-5
1,00266E-4
1,17647E-4
1,13877E-4
1,12422E-4
1,27741E-4
1,16532E-4
1,19959E-4
9,8302E-5
1,21299E-4
1,02406E-4
1,19944E-4
1,01503E-4
1,15144E-4
9,7195E-5
1,18824E-4
1,01996E-4
1,1709E-4
1,72567E-4
0,001246173
1,02475E-4
9,9933E-5
1,14801E-4
1,12017E-4
1,12641E-4
1,00752E-4
1,17795E-4
1,1946E-4
1,27025E-4
9,308E-5
1,0304E-4
1,12453E-4
9,241E-5
1,11987E-4
1,33224E-4
1,10989E-4
1,20602E-4
1,1263E-4
9,7401E-5
1,15646E-4
1,14861E-4
8,8436E-5
1,29846E-4
9,7988E-5
9,9299E-5
0,001549488
1,15339E-4
9,5372E-5
1,2259E-4
9,5502E-5
1,26876E-4
1,21782E-4
1,02942E-4
1,21627E-4
1,213E-4
1,04861E-4
1,02401E-4
1,90864E-4
1,08937E-4
1,23616E-4
1,02982E-4
1,16793E-4
1,02107E-4
1,2214E-4
1,09741E-4
1,21058E-4
1,04813E-4
1,20812E-4
1,27012E-4
1,01727E-4
1,26108E-4
1,00567E-4
0,001367274
1,1014E-4
1,17127E-4
1,17481E-4
9,5947E-5
1,18111E-4
1,23396E-4
1,1759E-4
1,02444E-4
0,001474997
1,01E-4
1,21272E-4
1,02645E-4
1,2281E-4
1,01499E-4
1,14914E-4
1,1167E-4
9,1893E-5
1,11414E-4
9,8074E-5
1,10267E-4
8,8523E-5
1,80157E-4
1,13237E-4
1,01501E-4
1,08851E-4
1,00875E-4
1,07865E-4
9,2397E-5
9,0638E-5
9,3352E-5
1,1856E-4
8,9812E-5
1,0887E-4
1,227E-4
1,12626E-4
1,15013E-4
9,6384E-5
9,0787E-5
8,9964E-5
8,9339E-5
9,5846E-5
1,19765E-4
1,14626E-4
1,01185E-4
1,10293E-4
9,2444E-5
9,7499E-5
9,3785E-5
1,10546E-4
1,169E-4
1,17862E-4
1,14397E-4
1,1049E-4
8,8341E-5
1,00972E-4
1,16999E-4
1,14933E-4
9,4665E-5
1,13077E-4
1,11276E-4
1,15299E-4
9,7582E-5
9,7405E-5
8,914E-5
1,05209E-4
9,3935E-5
1,02536E-4
1,18371E-4
1,17746E-4
1,10111E-4
0,001527842
9,7735E-5
1,11167E-4
9,9139E-5
1,19343E-4
1,01134E-4
1,1572E-4
1,09748E-4
1,0144E-4
1,11572E-4
8,924E-5
1,10219E-4
8,7121E-5
1,1218E-4
1,12966E-4
1,152E-4
9,6081E-5
1,1293E-4
0,001383362
1,16853E-4
1,2799E-4
1,30202E-4
1,02715E-4
1,17019E-4
1,02884E-4
1,12366E-4
1,11262E-4
1,00703E-4
1,06779E-4
1,69849E-4
1,18517E-4
1,01755E-4
1,13959E-4
1,04168E-4
1,18225E-4
1,08633E-4
1,13427E-4
9,1577E-5
1,07964E-4
9,0265E-5
1,06646E-4
1,12642E-4
1,12305E-4
1,03749E-4
9,2976E-5
8,5723E-5
1,12112E-4
8,8076E-5
1,12343E-4
1,23914E-4
1,11838E-4
1,20038E-4
9,6158E-5
1,03761E-4
8,8088E-5
8,9423E-5
1,1449E-4
1,1103E-4
8,7568E-5
9,4435E-5
1,12511E-4
1,12378E-4
9,6222E-5
9,6324E-5
9,5465E-5
9,2601E-5
1,16471E-4
1,03276E-4
1,16063E-4
9,3879E-5
1,1741E-4
1,13588E-4
9,5478E-5
8,8957E-5
1,1545E-4
1,11486E-4
9,9153E-5
1,11876E-4
1,04499E-4
9,2511E-5
1,12409E-4
1,15283E-4
1,26095E-4
1,20929E-4
1,14874E-4
8,971E-5
9,6017E-5
1,58802E-4
1,12659E-4
1,02918E-4
1,1056E-4
1,17048E-4
1,18717E-4
1,00582E-4
1,09786E-4
8,7192E-5
1,1185E-4
1,09582E-4
1,14566E-4
1,03703E-4
1,07128E-4
1,00219E-4
1,07318E-4
8,8426E-5
9,7878E-5
8,8603E-5
1,15313E-4
1,10522E-4
1,128E-4
9,9545E-5
9,5357E-5
9,328E-5
1,08165E-4
1,20581E-4
1,05845E-4
1,18888E-4
1,13237E-4
8,9526E-5
1,03893E-4
1,16258E-4
1,14463E-4
1,12003E-4
1,07373E-4
1,32081E-4
9,723E-5
1,17491E-4
1,08702E-4
9,1217E-5
1,13842E-4
1,16992E-4
1,14021E-4
8,8073E-5
1,03892E-4
1,14861E-4
9,3708E-5
9,115E-5
1,05748E-4
1,15476E-4
1,11725E-4
1,10388E-4
1,16245E-4
1,10613E-4
0,001505167
9,2969E-5
1,06134E-4
1,1864E-4
1,0011E-4
1,16687E-4
1,07954E-4
1,17925E-4
1,18179E-4
1,15684E-4
1,14236E-4
9,1529E-5
8,9412E-5
9,4752E-5
9,798E-5
9,2225E-5
1,08053E-4
1,16012E-4
1,19318E-4
1,16447E-4
1,00728E-4
9,0226E-5
1,01296E-4
1,19469E-4
1,14466E-4
1,2019E-4
1,15173E-4
8,8529E-5
9,7111E-5
8,9338E-5
9,9519E-5
1,17578E-4
2,22569E-4
1,14291E-4
1,13034E-4
8,9107E-5
9,4873E-5
8,6679E-5
9,9076E-5
8,963E-5
1,01233E-4
1,18256E-4
1,08513E-4
1,15737E-4
9,7772E-5
1,09184E-4
1,00125E-4
1,16E-4
9,0366E-5
9,8105E-5
1,14388E-4
1,183E-4
1,13352E-4
1,0362E-4
1,18224E-4
1,02855E-4
1,05285E-4
1,04323E-4
1,16181E-4
1,05646E-4
1,23224E-4
1,01396E-4
1,25045E-4
1,00792E-4
9,9404E-5
1,01141E-4
1,30974E-4
1,01141E-4
1,18743E-4
9,989E-5
1,07922E-4
9,8297E-5
1,23652E-4
9,8416E-5
1,08147E-4
9,8152E-5
9,8496E-5
1,10676E-4
9,1914E-5
1,00002E-4
9,492E-5
8,9665E-5
9,9771E-5
1,16324E-4
1,15448E-4
1,12043E-4
1,14214E-4
1,00345E-4
1,09048E-4
1,0407E-4
1,08774E-4
1,61626E-4
1,08829E-4
9,9776E-5
9,539E-5
1,00745E-4
1,1036E-4
1,00944E-4
1,07156E-4
1,07281E-4
1,16104E-4
1,1096E-4
1,08735E-4
1,01808E-4
9,6687E-5
1,00013E-4
1,14493E-4
1,0432E-4
1,20895E-4
1,03152E-4
1,15109E-4
9,8534E-5
1,17459E-4
1,03202E-4
1,11394E-4
1,05626E-4
1,00666E-4
1,00317E-4
1,17331E-4
1,14996E-4
1,38849E-4
1,02161E-4
1,10023E-4
1,06387E-4
1,19794E-4
9,2785E-5
9,8475E-5
9,1374E-5
1,16188E-4
1,16534E-4
1,15404E-4
1,09157E-4
