0,001042744
0,041373887
0,043766896
7,29946E-4
0,040988488
0,042974456
0,043165902
0,043299901
0,043416725
0,043495629
0,043347102
0,043064141
0,043572568
0,043438219
0,043416869
0,043371094
0,044707359
0,043484318
0,042277718
0,043490026
0,043515247
0,043472654
0,043279487
0,043420108
0,043504636
0,043417405
0,0435045
0,043610567
0,043492165
0,043488682
0,043517831
0,043534609
0,043431356
0,043592538
0,045104593
0,043548604
0,042179605
0,04346165
0,043334558
0,04359043
0,043710416
0,043507936
0,043397266
0,044876844
0,043578986
0,042279437
0,042900426
0,043600718
0,043639727
0,043417242
0,043499724
0,043058699
0,044965686
0,043565039
0,041993283
0,043638866
0,043714244
0,043372276
0,043384452
0,043545855
0,043712506
0,044806627
0,043517837
0,042191193
0,043606361
0,043602738
0,043512236
0,043524615
0,043606964
0,043540731
0,044749579
0,043600255
0,042150576
0,043586491
0,04357104
0,043549953
0,043586791
0,043630083
0,043479426
0,043499771
0,043552753
0,043561454
0,043524685
0,043535637
0,043593842
0,043428969
0,043560881
0,043577265
0,04454074
0,043426584
0,042506062
0,043513481
0,043441755
0,043554447
0,043643485
0,043509606
0,043336382
0,043518169
0,043758908
0,043489735
0,043253936
0,043404523
0,043592579
0,043517395
0,043439716
0,043486116
0,044712718
0,04345288
0,042239636
0,043508804
0,04353257
0,043543071
0,04338352
0,043413048
0,043589056
0,043614551
0,043505031
0,043538007
0,043511693
0,04366423
0,043565947
0,04329103
0,043428798
0,043560652
0,04482438
0,043624002
0,042125389
0,043448512
0,043582666
0,043573313
0,043368864
0,043356769
0,043387828
0,043464754
0,043458485
0,043341708
0,043539882
0,043479689
0,043608044
0,043565256
0,043245978
0,043377066
0,04487543
0,043828708
0,042076323
0,043119568
0,043401737
0,043569949
0,043431833
0,043370342
0,043597022
0,043466119
0,043504488
0,043411865
0,043782222
0,043662421
0,043265169
0,043524981
0,043390943
0,04349957
0,043556585
0,043411663
0,044582543
0,043675607
0,043416947
0,043399819
0,043571312
0,043500875
0,043518775
0,044791154
0,043625642
0,043610445
0,043465408
0,043401605
0,043282603
0,043470832
0,043467368
0,04349205
0,044779459
0,043591287
0,04217992
0,043457285
0,043625451
0,043676761
0,043464975
0,04337042
0,043500187
0,044968422
0,043354461
0,042062416
0,043361012
0,043465202
0,043492554
0,043540115
0,04374108
0,043685487
0,044774958
0,043367302
0,042097642
0,043396713
0,043456104
0,043545334
0,043565037
0,043473257
0,043518842
0,044663741
0,043519921
0,042144835
0,043529183
0,043522661
0,043403128
0,043581367
0,04374058
0,04330722
0,044568434
0,043540614
0,042309719
0,043630062
0,043547035
0,043147467
0,043392878
0,043629609
0,043680642
0,0447314
0,043405491
0,04224916
0,043516203
0,043491233
0,04347847
0,043547645
0,043513449
0,043536555
0,044973521
0,043471131
0,042203233
0,043239725
0,043414192
0,043550334
0,043653848
0,043416174
0,043411947
0,044578669
0,043233253
0,042096744
0,043604146
0,043595798
0,043466578
0,0436201
0,043596492
0,043277701
0,044946253
0,04346934
0,041919108
0,043463189
0,043479759
0,043570775
0,043685384
0,043344985
0,043287361
0,043478165
0,043491132
0,043366929
0,043511038
0,04363788
0,043517916
0,043306477
0,043629798
0,043323992
0,044598705
0,044575688
0,042156
0,042575877
0,043066799
0,043413423
0,043466646
0,043524456
0,043488209
0,044588032
0,043589672
0,042274442
0,043459095
0,043468416
0,043704656
0,043255283
0,043279029
0,043531796
0,043504726
0,043459407
0,043371309
0,043629842
0,043693203
0,043514835
0,043532738
0,043549011
0,043430505
0,043503971
0,043334613
0,043409114
0,043537554
0,043469605
0,043577177
0,043460401
0,043302015
0,043588893
0,043633571
0,04345696
0,043467643
0,043494645
0,043563209
0,043515764
0,04212452
0,043316863
0,043327368
0,043641816
0,043616364
0,043480048
0,043580944
0,043602375
0,043395586
0,043494341
0,043544458
0,043441537
0,043638094
0,043436481
0,043556186
0,043540891
0,043406214
0,043223572
0,043700471
0,043630689
0,043541503
0,043372415
0,043549057
0,043622686
0,043288496
0,04346629
0,043655617
0,043459497
0,043433666
0,043480747
0,043444882
0,043427028
0,043473474
0,043600563
0,043489988
0,043579094
0,043490987
0,043356222
0,043699996
0,04342865
0,043380422
0,043727553
0,043705873
0,043387308
0,043490017
0,043470909
0,043399821
0,043409984
0,043564309
0,043460313
0,043633347
0,043533757
0,043581263
0,04356432
0,043293905
0,043596308
0,043619096
0,043479874
0,043598084
0,043626755
0,043563753
0,043585871
0,043560053
0,043370208
0,043370906
0,043618321
0,04359792
0,043626762
0,043510197
0,04351359
0,043506005
0,043546539
0,043440353
0,04357008
0,043485903
0,043306227
0,043647007
0,043505203
0,043487766
0,043456182
0,043592138
0,043449232
0,043424098
0,043527882
0,043514806
0,043616233
0,04360113
0,043409213
0,043614702
0,043605527
0,043484139
0,043683336
0,043527543
0,043543378
0,043550274
0,043570017
0,043463772
0,04332714
0,043403257
0,043596993
0,043442749
0,04355451
0,04361851
0,043415332
0,043530789
0,043493577
0,043382065
0,04351611
0,043428642
0,043396984
0,043272036
0,043525435
0,043702227
0,043356535
0,043427293
0,043513884
0,043410222
0,043465631
0,043482212
0,043582059
0,043604087
0,04336086
0,043724738
0,043674641
0,043468546
0,043574477
0,043567965
0,043494542
0,043475156
0,043426775
0,043409584
0,044085298
0,043549236
0,043420977
0,043392388
0,043504037
0,0435156
0,043367789
0,043496454
0,043463928
0,043589631
0,043503746
0,043635019
0,043490881
0,043597479
0,043406946
0,043371712
0,043547971
0,043620041
0,043518285
0,04351638
0,043485454
0,043466096
0,043669463
0,043459802
0,043492198
0,043425581
0,043338614
0,043662406
0,043549039
0,043430997
0,043461232
0,043456161
0,043541117
0,043470854
0,043430071
0,043811421
0,043620787
0,043367725
0,043439629
0,043509156
0,043458161
0,043601664
0,043546187
0,043339425
0,043424528
0,043771555
0,043471483
0,043219449
0,043403261
0,043369891
0,043603414
0,043648948
0,043405859
0,043280216
0,043740261
0,043482196
0,04355637
0,043472176
0,043574236
0,043593653
0,043755697
0,043526423
0,043411919
0,043354366
0,043483004
0,043486287
0,043487301
0,04352448
0,043572405
0,043405795
0,043459522
0,043506897
0,043380206
0,043373183
0,043537747
0,043647502
0,043509085
0,043500791
0,043481115
0,043358134
0,043518556
0,043630241
0,043332972
0,043316519
0,043786777
0,043588551
0,043329276
0,044942741
0,043517887
0,04222363
0,043471849
0,043385613
0,043392749
0,043475315
0,04368914
0,043750679
0,044840746
0,043395438
0,043481641
0,043560794
0,043484633
0,043544679
0,043331717
0,043610765
0,043567798
0,044599725
0,043374661
0,042442732
0,043557669
0,043410951
0,043635608
0,043647387
0,043708622
0,043464865
0,044838644
0,043574578
0,042149861
0,043553245
0,043598213
0,043586036
0,043568718
0,043567425
0,043533231
0,044707573
0,043549951
0,042298116
0,043366405
0,04348043
0,04364402
0,043640833
0,043548381
0,043421997
0,044788097
0,043601374
0,042317475
0,043639967
0,043456092
0,043673536
0,043504679
0,04324588
0,043726661
0,044975318
0,04336622
0,042304689
0,043529901
0,043244685
0,043605569
0,043488305
0,043363781
0,043576083
0,043538462
0,043518539
0,042586173
0,043640835
0,043476726
0,043429651
0,043503392
0,04387143
0,043530068
0,044662424
0,043750038
0,04247301
0,043460422
0,043443853
0,043587058
0,043503632
0,043558436
0,043547425
0,043549476
0,043601776
0,042213488
0,04380756
0,043686758
0,043433103
0,043341208
0,043644809
0,043583734
0,044735936
0,043741028
0,04205392
0,043233289
0,043747642
0,043653154
0,043229873
0,043607702
0,043429037
0,044563764
0,043567916
0,042446214
0,043421679
0,043481365
0,043909615
0,043551269
0,043177425
0,04343399
0,044772465
0,043519058
0,042355732
0,0437599
0,043558074
0,043403158
0,043547708
0,04338789
0,043461176
0,044871143
0,043601881
0,042403584
0,043530505
0,043715013
0,043532929
0,043586863
0,043734725
0,043430794
0,04454041
0,043525213
0,042462042
0,043692795
0,043537237
0,043575823
0,043490151
0,04350952
0,043621277
0,044754684
0,043416363
0,042177374
0,043238822
0,042667524
0,043375962
0,04351172
0,043689907
0,043452756
0,044683036
0,043782877
0,042335685
0,043348585
0,043509845
0,043489865
0,04333853
0,043422316
0,043422774
0,044827008
0,043545449
0,042120616
0,043463256
0,043455427
0,043435772
0,043490892
0,043688412
0,043585409
0,044682676
0,043481692
0,04215785
0,043477602
0,043570785
0,043595731
0,043547437
0,043615398
0,043439587
0,044887191
0,043421177
0,042274375
0,043656701
0,043637383
0,043509185
0,043411107
0,043426358
0,043490249
0,044630266
0,043617102
0,04230492
0,043633344
0,043679379
0,043316252
0,043376431
0,043590495
0,043491447
0,044795935
0,043450295
0,043577994
0,043601415
0,043545899
0,043699181
0,043438329
0,043389056
0,043839191
0,044993323
0,043152883
0,04206246
0,043506144
0,043447918
0,043468555
0,043589669
0,043360424
0,043406425
0,044777467
0,043603381
0,042304946
0,043481151
0,043342946
0,043466339
0,043502995
0,043383045
0,043485029
0,044672365
0,043400239
0,042157535
0,043399864
0,043504671
0,043786398
0,043599514
0,043186102
0,043631119
0,043479266
0,043505756
0,042205076
0,043439142
0,043468114
0,043565948
0,043477776
0,043607014
0,043485272
0,044710191
0,043792015
0,042164329
0,043437435
0,043325381
0,043461047
0,043400158
0,043350705
0,043547463
0,043502937
0,043504626
0,042575675
0,043472986
0,043402465
0,043452947
0,043612155
0,043548292
0,04353183
0,044657015
0,043529544
0,042378699
0,043584418
0,043573417
0,043618274
0,043467557
0,043331511
0,0434586
0,044768995
0,043605588
0,0423697
0,043529754
0,043791742
0,043517595
0,043311248
0,043540632
0,043548083
0,044848272
0,043540533
0,042240617
0,043472393
0,043512038
0,04357714
0,043820867
0,04360384
0,043178863
0,044451271
0,043606724
0,042309418
0,043359065
0,043524763
0,043545394
0,043438281
0,043563245
0,043372531
0,044805345
0,043690154
0,042147512
0,043499119
0,043592329
0,043592799
0,043588703
0,043431164
0,043385712
0,043761076
0,043451099
0,043645463
0,043486201
0,043449647
0,043648389
0,043697337
0,043567149
0,043227487
0,043402022
0,043418966
0,043598642
0,043519159
0,043565777
0,043542704
0,043392997
0,043518987
0,043612676
0,043484837
0,0436587
0,043259591
0,043506682
0,043642113
0,043532282
0,043717262
0,043545336
0,043316307
0,043519005
0,043567499
0,043449949
0,04345688
0,043195332
0,04349259
0,043553096
0,043587397
0,043570289
0,042963491
0,043326452
0,043366216
0,043507204
0,043426259
0,04345205
0,043530476
0,043597424
0,04349721
0,043320823
0,043598238
0,043476554
0,043466408
0,043565872
0,043478443
0,043552648
0,043419903
0,04337791
0,043384961
0,043786984
0,043613889
0,043359342
0,043491984
0,043540613
0,043680663
0,043691212
0,043561512
0,043445914
0,043500843
0,04342628
0,043539538
0,04356738
0,04343748
0,043523722
0,043662174
0,043539768
0,043484294
0,043549522
0,043366795
0,043365019
0,043554237
0,043536368
0,043662927
0,043639264
0,043195062
0,043466766
0,043529315
0,043521815
0,043586484
0,04358811
0,043395529
0,043563504
0,043601012
0,043585591
0,043403501
0,043475891
0,043515494
0,043574879
0,043604706
0,043431117
0,043483722
0,043477137
0,043526085
0,043583018
0,043511461
0,043483966
0,043500264
0,043642564
0,043569172
0,043548794
0,043576966
0,043599576
0,043492868
0,043495069
0,043618914
0,043621211
0,043507352
0,043566484
0,045247909
0,043540622
0,041869255
0,043570565
0,043418981
0,043467595
0,043503024
0,043634217
0,043523886
0,04344753
0,04342715
0,043513878
0,043638223
0,043442097
0,04352545
0,043537448
0,043311581
0,043389263
0,043423779
0,043341003
0,043432141
0,043387989
0,043552917
0,043559872
0,043459979
0,043383486
0,043359721
0,043409839
0,04329393
0,04353924
0,043437586
0,043419781
0,043548297
0,043607981
0,043494935
0,043654459
0,043526916
0,043469519
0,043583027
0,043452977
0,043454496
0,043436031
0,043425625
0,04368362
0,043502627
0,043453248
0,043329411
0,04338271
0,043608878
0,04219859
0,04343296
0,043578886
0,043543713
0,043174115
0,043610237
0,04346168
0,043311676
0,043475358
0,043435842
0,043491391
0,043438206
0,043581407
0,043218111
0,043368023
0,043638429
0,0436286
0,043337474
0,042697769
0,043595054
0,043427539
0,043492126
0,043418684
0,043309252
0,043590465
0,043458689
0,043506031
0,043310845
0,043530902
0,043465179
0,043484374
0,043527195
0,043610309
0,043297874
0,043355306
0,043572444
0,042124412
0,043232926
0,04357529
0,043772211
0,043479322
0,043387471
0,043596856
0,043752877
0,043552646
0,042039898
0,043658049
0,043574573
0,043472619
0,043405767
0,043500283
0,043444853
0,044962203
0,043393198
0,042042488
0,043513102
0,043514586
0,043415995
0,043680357
0,043498522
0,04349183
0,045000466
0,043525692
0,042044018
0,043573504
0,043480092
0,043470186
0,04342438
0,043569805
0,043656872
0,045063028
0,043371688
0,042148415
0,043539631
0,043396294
0,043598866
0,043507353
0,043759513
0,043557578
0,044722554
0,043716662
0,042196942
0,043312101
0,0435527
0,043628758
0,043473571
0,043546548
0,043296843
0,044795712
0,043486474
0,042332675
0,043300014
0,043508343
0,043599511
0,043666766
0,043614571
0,043719644
0,044692688
0,043540307
0,042357323
0,043612529
0,043340121
0,043370906
0,043385576
0,043699333
0,043844994
0,045084502
0,043468363
0,042334074
0,043508757
0,043566302
0,043556028
0,043453619
0,043244239
0,043757867
0,044856237
0,043284195
0,042266749
0,043730108
0,043487204
0,043286352
0,043528268
0,043619331
0,043540701
0,044737397
0,04355958
0,042245979
0,043479512
0,043501839
0,043774005
0,04363057
0,043504893
0,043280731
0,044641918
0,043430315
0,042224797
0,043518156
0,043374989
0,04339123
0,043601475
0,043412288
0,043453105
0,044777606
0,043434373
0,042321082
0,043605017
0,043489888
0,043432201
0,043581082
0,043401058
0,043510561
0,044693028
0,043245011
0,041970087
0,043635642
0,043469161
0,043521498
0,043551351
0,043592187
0,043456084
0,044580737
0,043689232
0,042358707
0,043272868
0,043581836
0,043558774
0,043608201
0,043378456
0,043341926
0,044803125
0,043566204
0,042659324
0,043688929
0,043477378
0,043632628
0,043599243
0,043423682
0,043530606
0,04481696
0,043544888
0,042423658
0,043658313
0,043566106
0,043477137
0,043490066
0,04346798
0,043644507
0,04476088
0,043359435
0,042023851
0,04365035
0,04346064
0,043314344
0,043531906
0,043673916
0,043425256
0,044967382
0,043581778
0,042136224
0,043464635
0,043515345
0,043632407
0,043568415
0,043392663
0,043362375
0,045101314
0,043413261
0,04202056
0,043445616
0,043589405
0,043600054
0,043472775
0,043494244
0,043453172
0,044932262
0,043224387
0,041994768
0,043689142
0,043772232
0,043472959
0,043238684
0,043306208
0,043349288
0,044849438
0,043624094
0,04204951
0,043596269
0,043577158
0,043577407
0,043270722
0,043479975
0,043587189
0,044993991
0,043698671
0,042167979
0,043233181
0,043395
0,043713969
0,043624778
0,043479882
0,043563863
0,044583695
0,043437883
0,042356527
0,043500741
0,043175001
0,043497565
0,043528054
0,043563025
0,043892418
0,044711432
0,043296057
0,042215793
0,043621344
0,043470423
0,043302381
0,043574273
0,043627676
0,043451577
0,044805337
0,043544667
0,042296993
0,043383467
0,043426923
0,043574756
0,043629474
0,043643648
0,043578692
0,04462581
0,043572169
0,04247917
0,04363291
0,043674207
0,04371815
0,043545825
0,043454454
0,043550951
0,044638073
0,043464509
0,042321044
0,043678731
0,043578745
0,043673966
0,043563098
0,043532113
0,043382713
0,04449323
0,043556468
0,042440302
0,043463951
0,043413111
0,043585244
0,043606581
0,043427883
0,043532225
0,044952679
0,043390349
0,042074894
0,043692779
0,043591369
0,043160233
0,043561619
0,043801673
0,043466031
0,044735925
0,043258866
0,041969238
0,043530981
0,043750591
0,043178927
0,043295734
0,043549108
0,04356409
0,044729403
0,043454438
0,042425916
0,043367471
0,043243482
0,043454237
0,043480015
0,04347957
0,043460111
0,04467204
0,043634359
0,042168286
0,043563877
0,043542764
0,043354035
0,043777637
0,043527063
0,043442731
0,044788938
0,043377068
0,042082903
0,043569862
0,043627468
0,043448807
0,043552179
0,043477216
0,043605762
0,044817775
0,043695692
0,04229761
0,043686005
0,043557746
0,043749655
0,043497374
0,043516617
0,043768162
0,044652071
0,043257322
0,042371546
0,043709143
0,04363961
0,043505928
0,043651363
0,043454542
0,043337272
0,044892632
0,043666397
0,042146111
0,043694869
0,043737801
0,043821943
0,0435113
0,043711452
0,043625533
0,044714138
0,043788014
0,042078124
0,043281805
0,04365504
0,043645028
0,043535707
0,043401276
0,043557636
0,045145625
0,043383919
0,041968185
0,043635864
0,043528019
0,04338685
0,043801829
0,043447389
0,043373091
0,044744112
0,043556489
0,042462231
0,043624105
0,043445461
0,043524368
0,043493103
0,043508905
0,043493789
0,044947323
0,043529656
0,042087413
0,043708679
0,043620715
0,043476862
0,043423344
0,043381099
0,043545251
0,045007389
0,043576238
0,042041544
0,043474362
0,043482428
0,043555942
0,043638193
0,04376104
0,043504256
0,044697121
0,043583347
0,042409046
0,043602892
0,043553196
0,043571719
0,043504759
0,043521412
0,043608835
0,044927847
0,04336664
0,042255897
0,04348216
0,04337817
0,043588027
0,043443566
0,043677847
0,043496361
0,044808371
0,043585752
0,042384762
0,04368841
0,043654333
0,043738692
0,043283423
0,043268987
0,043506035
0,044834309
0,043585009
0,042070176
0,043704304
0,043577083
0,043271624
0,043259785
0,043599178
0,043454127
0,044760747
0,043562055
0,042160838
0,043531612
0,043644769
0,04351188
0,043505699
0,043464139
0,043572095
0,045094311
0,043480981
0,042121278
0,043698613
0,043571593
0,043709262
0,043528593
0,043522897
0,04376352
0,044913295
0,04332652
0,042015353
0,043447457
0,043463972
0,043606268
0,043476422
0,043492808
0,04329057
0,044721968
0,043396917
0,042184815
0,043575555
0,043586681
0,043587007
0,043335929
0,043534171
0,043569744
0,043439752
0,043539117
0,043449667
0,043394955
0,043508858
0,043318238
0,043571291
0,04348511
0,043474288
0,044780828
0,0436133
0,041980201
0,043537105
0,043750828
0,043471155
0,043414141
0,043540191
0,043506848
0,043501184
0,043714854
0,043546764
0,04339319
0,043699586
0,043713232
0,043570761
0,043295203
0,043497815
0,043668273
0,043610769
0,043408478
0,043471299
0,043446605
0,04357646
0,043634277
0,043509868
0,043884605
0,043589567
0,043581144
0,043460008
0,043359177
0,043649295
0,043513669
0,04351123
0,043290138
0,043547884
0,043672553
0,043498638
0,043391481
0,043405964
0,043433321
0,04351124
0,043594976
0,043402655
0,04352378
0,04360553
0,043413554
0,043370578
0,04353525
0,043706846
0,043525654
0,043474263
0,043723988
0,04345093
0,043630701
0,043533627
0,04359277
0,043592655
0,04352018
0,043508834
0,043561719
0,04336223
0,043422558
0,043702573
0,04344108
0,043467348
0,043533312
0,043429157
0,043489109
0,043814351
0,043484378
0,043561545
0,043698657
0,043509881
0,043427672
0,043410351
0,043687324
0,043422923
0,043496011
0,043508298
0,043519106
0,0434028
0,043241711
0,043497182
0,04352268
0,043454644
0,043604889
0,04359826
0,043537142
0,043530267
0,043445446
0,043546104
0,043563936
0,043378152
0,043497072
0,043522845
0,043124635
0,04336677
0,043551221
0,043604139
0,043412427
0,04334862
0,043448655
0,04346445
0,043533824
0,043678328
0,043358172
0,043343968
0,043527049
0,043618634
0,043373577
0,043361742
0,043384353
0,04349824
0,043484273
0,043547822
0,04369789
0,04350303
0,043483065
0,043520552
0,04370831
0,043660002
0,043384895
0,043415567
0,043560231
0,043537029
0,04335829
0,043555211
0,043603741
0,043460798
0,043406008
0,043491697
0,043608456
0,043469341
0,043735108
0,043740051
0,043378028
0,043586883
0,043741309
0,043483723
0,04322243
0,043457103
0,043454581
0,043553039
0,043454083
0,043507756
0,043626558
0,043670441
0,043580782
0,04352698
0,043710337
0,043545032
0,043359328
0,043369975
0,043531267
0,044749976
0,043722963
0,042432672
0,043607058
0,043475188
0,043579676
0,0434523
0,043789526
0,043444974
0,043903296
0,04363553
0,043067786
0,043535317
0,043600046
0,043318712
0,043551358
0,043664424
0,043504352
0,043589464
0,043804107
0,04345705
0,043544578
0,043582382
0,043345652
0,04343918
0,04361349
0,04362077
0,043477178
0,043545605
0,043479803
0,043671867
0,043365938
0,043470354
0,043517066
0,04361566
0,043732852
0,043405589
0,043121475
0,043551954
0,043727109
0,043470462
0,0432055
0,043462696
0,043473997
0,043491582
0,043481437
0,043513025
0,043482335
0,043847298
0,043554946
0,043662989
0,043487877
0,043510459
0,043729667
0,043484242
0,043265737
0,043581767
0,043663415
0,043475242
0,043503903
0,043636034
0,043521675
0,043468765
0,043606387
0,043550899
0,043625897
0,043628868
0,04335809
0,043432017
0,043659572
0,043631206
0,043462086
0,04346983
0,043395129
0,043670257
0,043596806
0,043448543
0,043495361
0,043462252
0,043495053
0,04357807
0,043575215
0,043562393
0,043562593
0,043665336
0,043573883
0,042276216
0,043595727
0,043507708
0,043645613
0,043400101
0,043296314
0,043430588
0,043516209
0,043481237
0,043553626
0,043674629
0,043615111
0,043498192
0,043289089
0,043580635
0,043440845
0,043603263
0,043486365
0,043651336
0,04477502
0,043367463
0,041991192
0,043435162
0,043687421
0,043653637
0,04334051
0,043579458
0,043510178
0,044666803
0,043600415
0,04225878
0,043650223
0,043397084
0,043828052
0,04331857
0,043584341
0,043524599
0,045268458
0,043744415
0,042147696
0,043506643
0,043475964
0,043715275
0,043818916
0,04360952
0,043460671
0,043720773
0,043488962
0,042789316
0,043544226
0,043640307
0,043864501
0,043684659
0,043367179
0,043539317
0,044796792
0,04357494
0,042180331
0,043632205
0,043687652
0,043386237
0,043425148
0,043553602
0,043315312
0,043546328
0,043516802
0,042664708
0,043682004
0,043505064
0,043457172
0,043372022
0,04332502
0,043441139
0,044830861
0,043642384
0,042124425
0,043759558
0,043593352
0,043621952
0,043484729
0,043711926
0,043599877
0,044759153
0,043510226
0,042296341
0,043509277
0,043524678
0,043550246
0,043594804
0,043765727
0,043498207
0,045293366
0,043664573
0,042100874
0,043821083
0,043538404
0,043518237
0,043783829
0,043457815
0,043759728
0,043386977
0,043675211
0,043649486
0,04353989
0,04355633
0,043563136
0,043743353
0,043830249
0,043455419
0,045151219
0,043691608
0,042264877
0,043828414
0,043843926
0,043679863
0,043212111
0,043631834
0,043710765
0,045033844
0,043346532
0,04183234
0,04357267
0,043482534
0,043621407
0,043668058
0,043391423
0,043594055
0,044892558
0,04354266
0,042322831
0,043444168
0,043614174
0,043418014
0,043372387
0,043715787
0,043169666
0,04473674
0,043669379
0,042273068
0,043396762
0,043689284
0,043513585
0,043584833
0,043806216
0,04358642
0,044846735
0,043440507
0,042204073
0,043608216
0,043434692
0,043347249
0,043463808
0,043590241
0,043191556
0,044642643
0,043226741
0,042167794
0,043500119
0,043531756
0,043472798
0,043579261
0,043427341
0,043888431
0,044905307
0,043154892
0,042040319
0,04363925
0,043483227
0,043596015
0,043356061
0,043556872
0,043441451
0,043579047
0,043409683
0,043434977
0,043368806
0,043676383
0,043493331
0,043346791
0,043610836
0,043708929
0,043467806
0,043514017
0,043589336
0,043570477
0,043584653
0,04382606
0,043551874
0,043712108
0,043418418
0,043541443
0,042257379
0,043638985
0,043557504
0,043424013
0,043581738
0,043577471
0,043566192
0,043508171
0,04375747
0,042505612
0,043702355
0,043390545
0,043661395
0,043546834
0,043557983
0,043530163
0,045315773
0,043478294
0,042026943
0,043488466
0,043570415
0,043439362
0,043731906
0,043545015
0,043465067
0,043488289
0,043543237
0,042326417
0,043558083
0,043745865
0,043700884
0,043481807
0,043695661
0,043583366
0,044634488
0,043754477
0,042528994
0,043431502
0,043646633
0,043502138
0,043623313
0,043554255
0,043522
0,043393938
0,042858545
0,043360761
0,043364517
0,043555557
0,043448383
0,043585242
0,04352169
0,043527972
0,043507366
0,043784018
0,043813373
0,043347611
0,04333108
0,043653945
0,043664249
0,04340875
0,044672063
0,043568308
0,042259341
0,043468372
0,04355717
0,043474971
0,043562509
0,043782216
0,043607769
0,04353578
0,043554743
0,043410549
0,043302462
0,04340502
0,04352779
0,04363205
0,043511202
0,043495974
0,043411663
0,043614229
0,043568686
0,043472023
0,043399466
0,043440524
0,043536672
0,043518381
0,043504042
0,043561918
0,043365369
0,043390096
0,043433647
0,043421235
0,043531864
0,043612227
0,043486186
0,043513109
0,043579796
0,043511238
0,043512343
0,043673591
0,043399489
0,043602359
0,043610784
0,043263282
0,043630496
0,043718334
0,043447367
0,043463453
0,043575487
0,043526403
0,043457689
0,043410331
0,043552052
0,043727903
0,043530923
0,04328128
0,043690061
0,043644024
0,043425259
0,043338637
0,043574219
0,043469988
0,044794449
0,043626206
0,04231397
0,04336815
0,043519948
0,043534286
0,043652507
0,043626726
0,043404694
0,044702681
0,043480189
0,042346085
0,043524418
0,043693196
0,043555948
0,043626633
0,043603223
0,04353261
0,043388308
0,043413855
0,043845244
0,043547064
0,043346552
0,043536599
0,043523878
0,043696355
0,043602967
0,043577233
0,043445135
0,043194267
0,043514496
0,043732482
0,04347449
0,043274345
0,04354611
0,043576509
0,043618097
0,043487382
0,043564746
0,043447395
0,043374653
0,043342449
0,043497091
0,043655434
0,043535228
0,043213497
0,043548499
0,04352283
0,04360137
0,043631214
0,043547834
0,043349476
0,043585696
0,04347232
0,043516053
0,043384844
0,043630178
0,04351352
0,043547468
0,043659148
0,043545977
0,043541909
0,043551269
0,043484569
0,042737766
0,043659291
0,043597876
0,043477025
0,043440177
0,043660559
0,043605243
0,043205557
0,043694603
0,0437224
0,043254089
0,043510997
0,043761914
0,043651468
0,043141059
0,043511785
0,043549212
0,043269111
0,043409111
0,043688489
0,043517641
0,043380269
0,043248898
0,043712899
0,043684381
0,043516038
0,04363108
0,043522533
0,043810984
0,043662407
0,043261094
0,043706053
0,043734488
0,043358042
0,044735646
0,043461814
0,042339115
0,043599521
0,043292026
0,04338049
0,043371562
0,043721953
0,043519383
0,044729871
0,043612511
0,04215452
0,043234671
0,043563904
0,043662209
0,04420162
0,043597454
0,042677409
0,044320997
0,043349399
0,042403967
0,043386675
0,04336561
0,043379925
0,043223505
0,043551172
0,043268571
0,044564967
0,043375542
0,042171074
0,043961195
0,043519086
0,043017463
0,043460766
0,043291296
0,043498246
0,043666104
0,043499312
0,043247802
0,04351208
0,043546116
0,043846559
0,043606265
0,043882773
0,043697947
0,043435676
0,043450968
0,044041443
0,043626605
0,043510982
0,043239024
0,043772244
0,043567385
0,043555064
0,043712158
0,043523944
0,043609059
0,043324822
0,04343577
0,043550393
0,043735335
0,044858622
0,043224754
0,042089465
0,043480024
0,042151775
0,043596024
0,043177881
0,043430367
0,043238652
0,043479467
0,043248481
0,044979504
0,043352001
0,042067368
0,043368116
0,04336798
0,043646331
0,043752251
0,043690929
0,043468578
0,044816635
0,043348078
0,042562292
0,043635971
0,043343522
0,043417044
0,043805054
0,043590386
0,043358428
0,043532083
0,043748311
0,04348139
0,043478906
0,043534451
0,04345313
0,04360325
0,043714558
0,04357686
0,044811299
0,04351806
0,042251586
0,043441255
0,043585412
0,043493983
0,043483349
0,043470171
0,045301086
0,043559449
0,041833653
0,043582849
0,043593238
0,04369871
0,043635151
0,04331065
0,043552194
0,04492659
0,043573733
0,042320088
0,043465909
0,043456242
0,04351471
0,043661789
0,043497606
0,043540171
0,043531413
0,043814104
0,043529316
0,043251922
0,043601741
0,04373431
0,043557978
0,043288095
0,04346779
0,043646245
0,043532048
0,042800578
0,043561243
0,043505682
0,043516749
0,043554677
0,043534345
0,043756363
0,04356276
0,043440568
0,043571418
0,043735648
0,043616046
0,043555524
0,043478908
0,043531268
0,043584937
0,043470456
0,043632216
0,043537964
0,043550587
0,043660413
0,043666989
0,043503316
0,043545244
0,043697638
0,043475079
0,043594449
0,043543306
0,043404865
0,043632186
0,043670188
0,043713807
0,04384482
0,043460462
0,043278897
0,043486191
0,043541087
0,04093595
0,043542401
0,043568063
0,043680987
0,043589593
0,043390532
0,043518303
0,043553928
0,043617116
0,043536195
0,043487587
0,04353337
0,043575107
0,043663864
0,043742896
0,043578496
0,043231458
0,043537344
0,04354313
0,043521803
0,052022391
0,043604422
0,043666211
0,043628167
0,043546974
0,050772023
0,043564266
0,042172052
0,043566801
0,043617826
0,050404482
0,043615137
0,041698235
0,04351932
0,043662626
0,043574919
0,043511943
0,043654977
0,043996067
0,043373373
0,043759851
0,044250057
0,043408855
0,043472624
0,043530102
0,043257163
0,043349044
0,043537404
0,043632099
0,043493703
0,043436456
0,043364708
0,043596168
0,04362947
0,043438175
0,043470156
0,043426037
0,043402755
0,043497804
0,043583936
0,043311202
0,043693123
0,043451321
0,043458087
0,043465774
0,043493864
0,043492869
0,044834812
0,043533287
0,042244299
0,043566207
0,043310573
0,043593754
0,043478608
0,043487025
0,043555426
0,044615095
0,043578514
0,042374284
0,043282246
0,04342487
0,04346664
0,0436773
0,04348523
0,043393684
0,042961267
0,043733538
0,043379812
0,042988979
0,043477093
0,043384542
0,042766046
0,043034993
0,043600689
0,043589711
0,043436657
0,04232032
0,043453798
0,043770597
0,043744945
0,043275515
0,043334162
0,043560781
0,043400944
0,043537297
0,043604699
0,043572522
0,042263555
0,043659935
0,043476234
0,043581741
0,043484298
0,043272287
0,043528669
0,043580188
0,043627537
0,043476178
0,043567383
0,043300369
0,043520738
0,043390982
0,044276612
0,043573396
0,043729927
0,043252258
0,04337117
0,043510109
0,043384455
0,043416171
0,043566116
0,043350859
0,043484789
0,0435213
0,043606683
0,043558298
0,043470619
0,043482163
0,043682191
0,044834513
0,043546215
0,041783177
0,04362467
0,04344339
0,043478985
0,043715851
0,043565442
0,042079499
0,043505336
0,043547461
0,0419923
0,043614115
0,043559044
0,043214124
0,043375687
0,04358111
0,04342618
0,043361124
0,043684769
0,043640856
0,043692263
0,04340693
0,043587837
0,043076174
0,043510766
0,044148653
0,043710476
0,042651524
0,043630041
0,043505717
0,04333755
0,043497349
0,043534068
0,043527895
0,043471136
0,043602895
0,043558035
0,043525865
0,043518938
0,043439057
0,043758539
0,04347104
0,043275294
0,04471957
0,043695025
0,042689501
0,043664621
0,043529698
0,043517581
0,043479566
0,043659418
0,043586687
0,044862022
0,043628216
0,043476923
0,04360763
0,04350392
0,043636495
0,043494431
0,043626765
0,043591531
0,044863596
0,043440414
0,042240347
0,043287796
0,043753811
0,043519516
0,043176215
0,043497339
0,043496683
0,043470565
0,043555452
0,043504486
0,043725849
0,043488331
0,043491622
0,04339858
0,043608878
0,043619581
0,043559118
0,043384974
0,043592597
0,043559603
0,043556703
0,043446444
0,043557562
0,043478308
0,043613824
0,043493739
0,043532515
0,043501431
0,043642736
0,043322805
0,043552091
0,043490367
0,043496745
0,043720349
0,044788261
0,043345342
0,042343773
0,043680106
0,043415408
0,043585639
0,043645681
0,043742105
0,043551888
0,043589526
0,043772146
0,04350404
0,043546674
0,043546504
0,043617123
0,043465186
0,043953197
0,044879773
0,043097726
0,042285624
0,043374907
0,043457136
0,043488047
0,043452136
0,043777388
0,043561468
0,043454665
0,043588301
0,043429042
0,043526533
0,043571453
0,043510704
0,043507967
0,043491256
0,043467976
0,043544355
0,043479282
0,043465236
0,043564233
0,043369291
0,043444836
0,043547248
0,043546727
0,043449121
0,043427165
0,043549358
0,043576823
0,043355856
0,043705376
0,04356649
0,043402809
0,043594721
0,043465459
0,043480515
0,043820674
0,043439453
0,043509193
0,043728245
0,043407154
0,043249299
0,043340936
0,044798289
0,043445516
0,043434417
0,043456217
0,043568131
0,043593733
0,043687903
0,043457861
0,043465004
0,044805244
0,043448345
0,042160417
0,043438001
0,04365897
0,043682163
0,043681548
0,043396034
0,043316424
0,044789897
0,043512036
0,042547807
0,043716315
0,043226191
0,043372796
0,043586574
0,043625418
0,043506691
0,043507697
0,04366246
0,043480722
0,043560428
0,043465147
0,043442317
0,043575817
0,043615452
0,043502405
0,043530206
0,04378408
0,04386006
0,043550517
0,043272154
0,043510178
0,043467851
0,043883351
0,043568371
0,043484909
0,043521738
0,043637807
0,043385009
0,043537772
0,043690001
0,043667744
0,043313932
0,043546232
0,044647202
0,043440529
0,042345294
0,04352145
0,043609389
0,043624646
0,043294921
0,043547402
0,043391485
0,044751045
0,043638632
0,04212281
0,043333373
0,043511217
0,04372936
0,043548577
0,043492497
0,043494804
0,04331567
0,043878251
0,043589771
0,043557291
0,043673242
0,043590385
0,043352958
0,043626946
0,043467195
0,043478455
0,043618844
0,043707982
0,043345185
0,043398914
0,043620786
0,043540828
0,043490029
0,044768592
0,043436145
0,042388236
0,043502551
0,043429661
0,043489056
0,04360007
0,043595982
0,043865067
0,043327834
0,043501729
0,042622999
0,043527847
0,043602395
0,04390729
0,043564392
0,043295553
0,043628642
0,044791186
0,043586521
0,042549711
0,04372386
0,043453076
0,043543979
0,0435816
0,043464866
0,043537386
0,04352501
0,043502188
0,043252442
0,043438863
0,043393069
0,043517596
0,043543519
0,043575825
0,043456567
0,043490422
0,043448076
0,043733277
0,04349676
0,043389828
0,043511125
0,043683668
0,043630502
0,04365331
0,043359105
0,043558513
0,043595187
0,043576059
0,043407596
0,043583262
0,043840071
0,043729984
0,043376716
0,043499148
0,043606807
0,042345858
0,043256146
0,043585534
0,043647217
0,04357399
0,043556716
0,043721116
0,043495215
0,043459177
0,043367458
0,043624285
0,043624096
0,043412911
0,043571157
0,04355773
0,043607243
0,043740757
0,043441369
0,043517083
0,043574184
0,04357966
0,043507367
0,04354425
0,043632041
0,043325529
0,043356547
0,043649475
0,043568397
0,043516931
0,0434058
0,043523887
0,0435045
0,043605885
0,044776312
0,043637123
0,042614108
0,043714431
0,043356169
0,043552393
0,043698026
0,043556003
0,043426514
0,044689771
0,043626172
0,042164197
0,043730904
0,043412739
0,043591488
0,043442075
0,04365999
0,043513138
0,043504159
0,043623623
0,043583841
0,043622845
0,043584582
0,04345237
0,04354212
0,043522435
0,043646362
0,044815146
0,043540964
0,042251202
0,043729868
0,043373832
0,04354089
0,043481714
0,043547038
0,043667945
0,043461805
0,04330356
0,04363046
0,043640362
0,043554429
0,043367996
0,043602257
0,04356278
0,043389529
0,044919689
0,04358222
0,04221317
0,043598645
0,04359374
0,043623208
0,043728506
0,043587725
0,04334862
0,043520139
0,043582215
0,043715249
0,043588823
0,043453808
0,043618966
0,043507259
0,04365117
0,043542078
0,043731696
0,04349818
0,043442581
0,043606535
0,043608462
0,043825892
0,043526258
0,043402277
0,043582868
0,042858212
0,043499568
0,043540937
0,043558673
0,043548447
0,043586811
0,043487435
0,043549401
0,043608773
0,043502204
0,04364411
0,043574065
0,043294856
0,043503207
0,043708117
0,043602979
0,043383911
0,043836541
0,04359922
0,043171886
0,043613096
0,043573388
0,043340649
0,043501281
0,043812785
0,043534154
0,04464941
0,043775445
0,042122273
0,043370738
0,043197036
0,043542955
0,043439958
0,043418796
0,043637615
0,04354501
0,043289734
0,043653318
0,04363297
0,043596341
0,043477666
0,043711141
0,04351526
0,043509
0,043693654
0,043756119
0,043247177
0,04351946
0,043702244
0,043828674
0,043557268
0,043336929
0,044807605
0,043484994
0,042765232
0,043633956
0,043629851
0,043651199
0,043491537
0,043734181
0,043561359
0,044699694
0,043467261
0,043385775
0,043467731
0,043581205
0,043864682
0,043475664
0,043548899
0,043668512
0,04480347
0,043617291
0,042106244
0,043458313
0,043661098
0,043596045
0,043499662
0,043573761
0,043714702
0,043490375
0,043273866
0,043393626
0,043448747
0,043729109
0,043550957
0,043380569
0,043365927
0,043682678
0,043464373
0,043457871
0,043714231
0,043582438
0,043523776
0,0436607
0,043559905
0,043616261
0,04329098
0,04483767
0,043498792
0,042222104
0,043467627
0,043511686
0,04357534
0,043672481
0,043397111
0,043601298
0,043522564
0,043522489
0,043496539
0,043483172
0,043495327
0,043410119
0,04369502
0,043475199
0,043490597
0,043591817
0,043490952
0,043403668
0,043403179
0,043668104
0,043575216
0,043364718
0,043594869
0,043501895
0,043457815
0,042370366
0,043500836
0,043658574
0,043638323
0,043559515
0,043498666
0,043542039
0,043514749
0,043518507
0,043602657
0,043840539
0,043584061
0,043424469
0,043307979
0,043744403
0,043530938
0,043628096
0,043530382
0,043403972
0,043485277
0,043562109
0,043495732
0,043572677
0,043572365
0,043894907
0,043448094
0,043208488
0,043631108
0,043551846
0,043477132
0,043688837
0,043408771
0,043577539
0,043685244
0,043565534
0,043487728
0,043559667
0,043480497
0,0435402
0,043378156
0,043659397
0,043685961
0,043428253
0,043500254
0,043561699
0,043377205
0,043559824
0,043557908
0,04359438
0,043498487
0,043703199
0,044777257
0,04366158
0,042214085
0,043573435
0,043552021
0,043703044
0,043618376
0,04356063
0,043534995
0,044888957
0,043542247
0,042331706
0,043487269
0,04366282
0,043498538
0,043608765
0,043541184
0,043653948
0,044867084
0,043561781
0,042321022
0,043650408
0,043461924
0,043431546
0,04359086
0,043808072
0,043734159
0,043494199
0,043399927
0,042040415
0,043414937
0,043550147
0,04338343
0,043743029
0,043621956
0,043345553
0,044448686
0,043492121
0,042052925
0,043684444
0,043650359
0,043450547
0,043722008
0,043630614
0,043347408
0,043371303
0,043615231
0,042508148
0,04340473
0,04352337
0,043722668
0,043562373
0,043591556
0,043591342
0,04353443
0,04346409
0,043433383
0,043641497
0,043672897
0,043662232
0,043783987
0,043557901
0,043555288
0,043321526
0,043523616
0,043464582
0,043622645
0,043399335
0,043526333
0,043503842
0,043595288
0,043554188
0,043536775
0,043472934
0,04354066
0,043398256
0,04350758
0,043512418
0,043650715
0,043445769
0,04342305
0,043414548
0,043619155
0,043466817
0,043594806
0,043562879
0,043233163
0,043518695
0,043582153
0,043569043
0,043601712
0,042284025
0,043545175
0,043509239
0,043621162
0,043543872
0,043642274
0,043727367
0,044671184
0,043439074
0,042411678
0,043570122
0,04369195
0,043463915
0,043526323
0,043652815
0,043638097
0,044887193
0,043370463
0,043741818
0,043433028
0,043513002
0,043677098
0,043677107
0,043662873
0,043341061
0,043662755
0,04352373
0,043408986
0,043610707
0,043560618
0,043592403
0,04348294
0,04361068
0,043350266
0,044946751
0,043563628
0,043530157
0,043582839
0,043564658
0,043415334
0,043408659
0,047504672
0,043536038
0,043444673
0,04348082
0,043592414
0,043604886
0,043544956
0,043515942
0,043613657
0,043573522
0,043503247
0,043736353
0,043535136
0,043576371
0,043459223
0,043560776
0,043665461
0,043479683
0,043441612
0,044799303
0,043529355
0,04332015
0,043607151
0,04371379
0,043434284
0,043602488
0,043497823
0,043434564
0,04466666
0,043491897
0,043391798
0,043581443
0,043444566
0,043479667
0,043544059
0,043486933
0,04347382
0,044997022
0,04333074
0,042131162
0,043506088
0,043517502
0,043351593
0,043421658
0,043580955
0,043456392
0,043507749
0,043554329
0,043529465
0,043764364
0,043629423
0,043486078
0,043279757
0,043740039
0,043636292
0,043350229
0,043713521
0,042292536
0,0433226
0,043602523
0,043511062
0,043664548
0,043519169
0,043398999
0,043427688
0,043637013
0,043487107
0,043285766
0,043346102
0,043718862
0,04352402
0,043356603
0,043503214
0,043624941
0,043486144
0,043503937
0,043465729
0,043689425
0,04360284
0,043405215
0,043339405
0,04467351
0,043708353
0,043524275
0,043432669
0,043460088
0,04355356
0,043500985
0,043406336
0,043771907
0,043410583
0,043238087
0,043713422
0,043715154
0,043484092
0,043402328
0,043408951
0,043697946
0,043520458
0,043329555
0,043450963
0,043584397
0,043494129
0,04357318
0,043495327
0,043587908
0,043479807
0,043560223
0,043604839
0,043532305
0,042313562
0,043665405
0,043446413
0,043534739
0,043671622
0,0435753
0,043381174
0,044969048
0,043511801
0,042305775
0,043153082
0,043764503
0,043800217
0,043373624
0,043497128
0,043522705
0,04353671
0,043626208
0,043511859
0,043633668
0,043616546
0,043613985
0,043484544
0,043560796
0,043682495
0,043456583
0,043727077
0,042254327
0,043567828
0,04365774
0,043289762
0,043656192
0,043336385
0,043577218
0,043658067
0,043666202
0,043371594
0,043257214
0,043275526
0,043654333
0,043498289
0,043488186
0,043547957
0,04341866
0,043813379
0,043865646
0,043353299
0,043177477
0,043604012
0,043552309
0,043242067
0,043524752
0,043564888
0,043499371
0,043536741
0,043527204
0,043387072
0,04371939
0,043479467
0,043565388
0,043474908
0,043601661
0,043628492
0,043382204
0,04328698
0,043678872
0,043478219
0,043725637
0,043460863
0,04482296
0,043515818
0,043487381
0,043556435
0,043615116
0,043347102
0,043565126
0,043763147
0,043526472
0,044879859
0,043544985
0,042001659
0,043626161
0,043755203
0,043611087
0,043420387
0,043750536
0,043802614
0,044618553
0,043512383
0,042163108
0,043250779
0,043568751
0,043612472
0,043603253
0,043506471
0,043532892
0,043741501
0,04349751
0,043332131
0,043518619
0,04375705
0,043559936
0,0434532
0,04378362
0,043451607
0,043484563
0,043485902
0,043550403
0,043478218
0,04348094
0,043741498
0,043515288
0,043504217
0,043683723
0,043323338
0,043491972
0,043602403
0,04366347
0,043615449
0,043649474
0,043626285
0,043495194
0,044672315
0,043480023
0,042210285
0,04375791
0,043532415
0,043511225
0,043536945
0,043495301
0,043382882
0,043540651
0,043515546
0,042302976
0,043481409
0,04361875
0,043686236
0,043744427
0,043368564
0,043533584
0,043482715
0,043625445
0,042247666
0,043327512
0,043381826
0,043504999
0,043464043
0,04358044
0,043630861
0,044934943
0,043435219
0,043673898
0,043388678
0,043460584
0,04342633
0,043529392
0,043523999
0,043567771
0,043619212
0,043573839
0,043727228
0,043528138
0,043398586
0,043796476
0,043527604
0,043447426
0,043600339
0,043695874
0,043512712
0,043516454
0,043292456
0,043618747
0,043747027
0,043605153
0,043412076
0,043427689
0,044148873
0,043316852
0,04222396
0,043493659
0,042761291
0,04358774
0,043478941
0,043463019
0,043511905
0,043568951
0,043543595
0,043573198
0,043525528
0,043808586
0,043538548
0,043562854
0,043715877
0,044896622
0,043662613
0,043605253
0,043562956
0,043777298
0,04358032
0,043621238
0,043558529
0,04360103
0,044914869
0,043610091
0,042260815
0,043448141
0,043252094
0,043561713
0,043755901
0,04366729
0,043478559
0,044640687
0,043564495
0,04357917
0,043598162
0,043574014
0,043527399
0,043592951
0,043515664
0,043687787
0,043494157
0,043672351
0,043513953
0,04357229
0,043718876
0,043648506
0,043521277
0,04354285
0,043336201
0,043552865
0,04376738
0,04235357
0,043338183
0,043682441
0,043663463
0,043875585
0,043437915
0,043368404
0,043231968
0,043494266
0,043167405
0,043598251
0,043641834
0,043511055
0,043803583
0,04366483
0,043391348
0,043314702
0,043602289
0,043589395
0,043508186
0,043369496
0,043573314
0,043429687
0,043631062
0,043483162
0,043520812
0,043470574
0,043623543
0,043416613
0,043598324
0,043650278
0,043686294
0,043340379
0,043484012
0,043560043
0,043526332
0,043416639
0,043620189
0,043588383
0,043500684
0,043379084
0,043667208
0,04339568
0,043554526
0,042829904
0,04361397
0,043504188
0,043554817
0,043433953
0,043573484
0,043482651
0,043572056
0,043484315
0,043555172
0,043629049
0,04345577
0,043533168
0,043537883
0,043648478
0,043403075
0,043521785
0,043806933
0,043662309
0,043262932
0,043499044
0,043730077
0,043648039
0,043145642
0,043598858
0,043626244
0,043358172
0,043142056
0,043511197
0,043766749
0,043438197
0,043472791
0,043680221
0,043503629
0,044513603
0,043456052
0,042270578
0,043435967
0,043510725
0,043573179
0,043540588
0,043624691
0,043443806
0,043504839
0,043421524
0,043627331
0,043668622
0,047577115
0,043431306
0,043577821
0,043563689
0,04345668
0,043728096
0,043482175
0,043080708
0,043469507
0,043666867
0,043580617
0,043235516
0,043707882
0,043526035
0,043411943
0,043456375
0,043544517
0,043595268
0,043682509
0,04348661
0,04358124
0,043495527
0,043645364
0,043530306
0,043480773
0,043524878
0,043478468
0,043522763
0,043594766
0,04356443
0,043664914
0,044788768
0,043420565
0,042330999
0,043830884
0,043602575
0,04325005
0,043480864
0,04365321
0,043695539
0,043474786
0,043450563
0,043587407
0,043597741
0,0438033
0,043486031
0,043440834
0,043419882
0,043592461
0,044796765
0,043635241
0,042376493
0,043491325
0,043374057
0,043595096
0,043575458
0,043613043
0,043489414
0,044802919
0,043460164
0,042198993
0,04342822
0,0435011
0,043516284
0,043442012
0,043446218
0,043586478
0,044873091
0,043529856
0,042248702
0,04358937
0,043532852
0,043576482
0,043408527
0,043624189
0,043585417
0,045035024
0,043553958
0,042025646
0,043484886
0,043676115
0,043589109
0,043586975
0,043528427
0,043633188
0,044664974
0,043362792
0,042418357
0,043574081
0,043616312
0,043324653
0,043510285
0,043734696
0,043402134
0,043629905
0,043457071
0,043687096
0,043539464
0,043486967
0,043492763
0,04359434
0,043599568
0,043683707
0,044990392
0,043401298
0,042282638
0,043680573
0,04329545
0,043526637
0,043626979
0,043475494
0,043431103
0,043657047
0,043508928
0,042359418
0,043559854
0,043470947
0,043501249
0,043705594
0,043819122
0,043450448
0,043471931
0,043404805
0,043698666
0,043562063
0,043369873
0,043650382
0,043609724
0,043708057
0,043532855
0,043598946
0,043497864
0,043555895
0,043649438
0,043419818
0,043221486
0,043647512
0,043617217
0,044941378
0,043399628
0,043526066
0,043610499
0,043428829
0,043566726
0,04372183
0,043506919
0,043663076
0,04506225
0,043535757
0,04359355
0,04358073
0,043481565
0,043855512
0,043441179
0,043281819
0,043503168
0,044988428
0,043547784
0,042162611
0,043521072
0,04353476
0,043506309
0,043668975
0,043676451
0,043541089
0,045055269
0,043683026
0,041822929
0,043456217
0,043535679
0,043667848
0,043605619
0,04347598
0,043637642
0,043455314
0,043456978
0,04239254
0,043660096
0,043688485
0,043316667
0,043639695
0,043578652
0,043523749
0,043521438
0,043544137
0,04355557
0,043697442
0,043502082
0,043554943
0,043442186
0,043237461
0,043421445
0,044892386
0,043634495
0,042267771
0,043634297
0,043449772
0,043684511
0,043472442
0,043644627
0,043355476
0,043522848
0,043668052
0,043516921
0,043522734
0,043513762
0,043587467
0,04349328
0,043503446
0,043683661
0,043401929
0,043459429
0,043610288
0,043560178
0,043576082
0,043589455
0,043343713
0,043477391
0,043329515
0,043579344
0,043604001
0,043488491
0,043608365
0,043440132
0,043573291
0,043517772
0,043479368
0,043512608
0,043707905
0,043685119
0,043496773
0,043540546
0,043536245
0,043357789
0,043660699
0,043579591
0,043395019
0,043270987
0,042076291
0,043531183
0,043545445
0,043539585
0,043478554
0,043709913
0,043518825
0,043613778
0,043634172
0,043484374
0,043657739
0,043509869
0,043352134
0,043506903
0,043614445
0,043728767
0,043556558
0,043550295
0,043679149
0,043544218
0,043757507
0,04352236
0,043396706
0,043581199
0,04368428
0,04344761
0,042405265
0,043644015
0,0435054
0,043551228
0,043577748
0,043599697
0,043504153
0,04454763
0,043557921
0,042365728
0,043565728
0,043574157
0,043564568
0,043427877
0,043499377
0,043463716
0,043499015
0,043607494
0,043607745
0,043484014
0,043495313
0,043573343
0,043573993
0,043432373
0,043532214
0,043558665
0,043482442
0,043593636
0,043376225
0,043443447
0,043592889
0,043418152
0,04345203
0,04356417
0,043498003
0,043669072
0,043839038
0,043440177
0,043335553
0,043575044
0,04362299
0,043509644
0,043551146
0,043596089
0,043614274
0,043641472
0,043617892
0,043589882
0,043446447
0,043378909
0,043614545
0,043684203
0,043570048
0,043444227
0,043381747
0,043552845
0,043511765
0,043417053
0,043586479
0,043619391
0,044821945
0,043463572
0,042311759
0,043536907
0,043701589
0,043355902
0,043417715
0,043476504
0,04350146
0,04353149
0,04368767
0,043597296
0,043571926
0,043388629
0,043419645
0,043375458
0,043673136
0,043531485
0,043300273
0,043627481
0,04356434
0,043154836
0,043480169
0,043365975
0,0435928
0,043646183
0,043694608
0,043260478
0,043477073
0,043442803
0,04358203
0,04353542
0,043651551
0,043590649
0,043600985
0,043615579
0,043533111
0,043523002
0,043503585
0,043346332
0,043487365
0,043539932
0,043512827
0,043545131
0,043640925
0,043557457
0,043498105
0,043561569
0,043611172
0,043541589
0,043618129
0,043610477
0,043702632
0,04465862
0,0434697
0,04225861
0,043817651
0,043451096
0,04329855
0,04357313
0,0436154
0,043509522
0,043326339
0,043472509
0,043603486
0,043506067
0,043548218
0,043475441
0,04361568
0,043532972
0,043543711
0,043583649
0,043339263
0,043486952
0,043605387
0,043727457
0,044161153
0,043550245
0,042970962
0,042530645
0,044951279
0,04372835
0,042141476
0,043405264
0,043560212
0,043652271
0,043687947
0,043441857
0,043468266
0,043590868
0,043632761
0,043433914
0,043560244
0,043585293
0,043535441
0,043637575
0,043569055
0,043339902
0,043374617
0,043616761
0,043905302
0,043494467
0,043290806
0,043711902
0,043573867
0,043535661
0,043492235
0,043567393
0,043506257
0,043528311
0,043421727
0,043758753
0,043461171
0,04370772
0,043510103
0,044748789
0,043463727
0,043609875
0,043520773
0,043497089
0,043411117
0,043485659
0,043548928
0,043585685
0,044772136
0,043695371
0,042275845
0,043609052
0,043247644
0,04358721
0,0434099
0,043583866
0,043630297
0,044841338
0,043571525
0,042354929
0,043334788
0,043830896
0,043378689
0,043940456
0,043442623
0,043340573
0,043298563
0,043502526
0,043507164
0,043667495
0,043622813
0,043690131
0,043460012
0,043480452
0,043489417
0,043763364
0,043750775
0,043431372
0,043434238
0,043761529
0,043433583
0,04315775
0,043540919
0,043686132
0,043592557
0,043667955
0,043610236
0,043555004
0,043468106
0,043603112
0,043592074
0,043506222
0,044662923
0,04362306
0,042313387
0,043412645
0,043522774
0,043408027
0,043408159
0,04369502
0,043643715
0,043519173
0,043533513
0,043480511
0,043614096
0,043649897
0,043388309
0,043499264
0,043442983
0,043471398
0,044867135
0,043605288
0,042353245
0,043529746
0,043444044
0,043473876
0,043474951
0,043417748
0,043577729
0,044687512
0,043552598
0,042254145
0,042209662
0,043473541
0,043536971
0,043599284
0,043532933
0,043743743
0,043878309
0,043189463
0,043486948
0,043632453
0,043687229
0,043399418
0,043411198
0,043374262
0,043578874
0,043579025
0,043517758
0,043560024
0,043515388
0,043594471
0,043457999
0,043424702
0,04364888
0,04334652
0,043511309
0,043594927
0,043464372
0,043341999
0,043559047
0,04352544
0,04363466
0,04349644
0,043504943
0,043454562
0,043471945
0,043439914
0,043568349
0,043657397
0,043633751
0,043618499
0,043462854
0,044909423
0,043458075
0,04358084
0,043557163
0,043782377
0,043435115
0,043592875
0,043630195
0,043689757
0,044323472
0,043884192
0,043527616
0,043159042
0,043526503
0,043567206
0,043542219
0,043696472
0,043823992
0,043429931
0,043522755
0,042425304
0,043524424
0,043419573
0,043539362
0,043493675
0,043666388
0,043472537
0,043365909
0,043536164
0,042439228
0,043505831
0,043471076
0,043330698
0,043900133
0,043777001
0,04353664
0,043696834
0,043543855
0,043386351
0,043622334
0,04354289
0,043596117
0,043741874
0,04351422
0,043419221
0,043487727
0,043636747
0,042434114
0,04341576
0,04352855
0,043449883
0,043536582
0,043599043
0,043671647
0,044975219
0,043943215
0,042236446
0,04358219
0,043523476
0,043588861
0,04357302
0,043797601
0,043246837
0,043140434
0,043598535
0,042457171
0,043685507
0,043537785
0,043338579
0,043455947
0,043429516
0,043620718
0,044892353
0,043521177
0,042124821
0,043799355
0,043523921
0,043602315
0,043609534
0,043421987
0,043446338
0,044913371
0,043438376
0,043723698
0,043528321
0,043513749
0,043614691
0,043619953
0,043515851
0,04345917
0,043510013
0,04347085
0,043610973
0,043719027
0,043214141
0,043419094
0,043485211
0,043829254
0,043610602
0,043282794
0,043581172
0,043585206
0,0435616
0,043400906
0,043396775
0,043765823
0,04343625
0,043607999
0,043555186
0,042629593
0,043527359
0,043417145
0,043557132
0,043787295
0,043635673
0,043649552
0,043608503
0,043540577
0,043503198
0,043792536
0,043688334
0,04356519
0,043280287
0,043437362
0,043758215
0,045221363
0,04345293
0,042100252
0,043625231
0,043583773
0,043568756
0,043602244
0,043556776
0,043370054
0,043545459
0,043509734
0,043600076
0,043489529
0,043555614
0,0434184
0,043400176
0,043692504
0,043496772
0,045037905
0,043579542
0,042319128
0,043544384
0,043576504
0,043466309
0,043655789
0,043541369
0,043846449
0,043377915
0,043433547
0,04364183
0,043703127
0,04374834
0,043655599
0,04376851
0,043557187
0,04346088
0,044871451
0,04372445
0,043494516
0,043371011
0,043602311
0,043670517
0,043494475
0,043463695
0,04365651
0,043502246
0,043520967
0,043354336
0,043751376
0,043587237
0,04342017
0,043627112
0,043591891
0,043453844
0,043586541
0,043556772
0,04379785
0,043360264
0,043848008
0,043598614
0,043470112
0,043520639
0,04461144
0,043585556
0,042421736
0,043666016
0,043477059
0,0434653
0,043601731
0,043579348
0,043620004
0,043425714
0,043590377
0,043514817
0,043562582
0,043555519
0,043756658
0,043652059
0,043524088
0,043371043
0,04343257
0,04363452
0,04363211
0,043798809
0,043693323
0,043809579
0,043609314
0,043552393
0,043495055
0,044818556
0,043509517
0,042368049
0,043711649
0,043590897
0,043487715
0,043415775
0,043546512
0,04326325
0,044624914
0,043474989
0,043594171
0,043926884
0,043367102
0,043442897
0,043507352
0,043395204
0,043573337
0,043263957
0,043426084
0,043303735
0,043708248
0,043689566
0,043646999
0,043452513
0,043641389
0,044754229
0,043618274
0,04346988
0,043594924
0,043593378
0,043616016
0,043533829
0,043505756
0,043500269
0,043366141
0,043470465
0,043501351
0,043474402
0,04352205
0,043492479
0,043522876
0,043492972
0,043546342
0,043608888
0,043551632
0,043551034
0,0436402
0,043640436
0,043682572
0,04373572
0,043314642
0,043336001
0,043587862
0,043391822
0,042311051
0,043601136
0,043529863
0,043507743
0,043539122
0,043524824
0,043580995
0,044796074
0,043581079
0,0413195
0,043533889
0,043444623
0,043360145
0,043538681
0,043468768
0,043478037
0,043458978
0,043305886
0,042001657
0,043515883
0,043383442
0,043356816
0,043475874
0,04360395
0,043656449
0,043706863
0,043453301
0,043232587
0,043581766
0,043708349
0,043537548
0,043376626
0,043436361
0,043620278
0,043560017
0,043318449
0,043443263
0,043415214
0,04359223
0,043460014
0,043534907
0,04359497
0,043498153
0,043484293
0,043596885
0,043472805
0,043665972
0,043620979
0,043549876
0,043117482
0,043467125
0,043612134
0,04351219
0,043369841
0,043705145
0,043576411
0,043737524
0,043659366
0,043506873
0,043442717
0,044817374
0,043363976
0,043573688
0,043509575
0,043435383
0,043510718
0,043520517
0,043448387
0,043620594
0,044967911
0,043614438
0,042073018
0,043524824
0,043110625
0,043354078
0,04357341
0,043452889
0,043428144
0,044778173
0,043579571
0,042231767
0,043551911
0,043508268
0,043464539
0,043415124
0,043605463
0,043446467
0,043427213
0,04341962
0,042265091
0,043665043
0,043481294
0,043544751
0,043461383
0,043656389
0,043767418
0,043525909
0,043449261
0,042254591
0,043543266
0,04376211
0,043524141
0,043586348
0,043463763
0,043491681
0,043558768
0,04352535
0,043321681
0,043436098
0,043512499
0,043263538
0,043235548
0,043574121
0,044969648
0,043395039
0,043520506
0,043550068
0,043566975
0,043507197
0,043659966
0,043683319
0,043735876
0,043472011
0,043259194
0,043436381
0,043560786
0,043645631
0,043583847
0,04362844
0,04334239
0,043708182
0,043648713
0,043287772
0,043510408
0,043494679
0,043676384
0,041685114
0,043442908
0,043564741
0,043373682
0,045009855
0,043529014
0,042217652
0,043486587
0,043616584
0,043572128
0,043530795
0,043682567
0,043566267
0,044519553
0,043668789
0,042261984
0,043612455
0,043327393
0,043443507
0,0431366
0,043440913
0,043509335
0,044902872
0,043639226
0,042220081
0,043586958
0,043688414
0,043262285
0,043531448
0,043547257
0,043506084
0,043615441
0,043723799
0,043729803
0,043516339
0,043567335
0,043393791
0,043546634
0,043475516
0,043478913
0,043348368
0,043528917
0,043610663
0,043744832
0,043652577
0,043483062
0,04365002
0,043497473
0,043529357
0,043434502
0,043414079
0,043499769
0,04344137
0,043525921
0,043581272
0,043683698
0,043715548
0,044676318
0,043624567
0,042071316
0,043383477
0,043630458
0,043798448
0,043373595
0,043353441
0,043453359
0,042652999
0,043536968
0,043589333
0,043648936
0,043587512
0,043543749
0,043478567
0,04333753
0,043363202
0,043626694
0,043495139
0,043534836
0,043301456
0,043877296
0,043459121
0,043307999
0,043483946
0,043668632
0,044869708
0,043601702
0,042280796
0,043439967
0,043623209
0,043351919
0,043457661
0,043676887
0,043612435
0,043550388
0,043478318
0,043563608
0,043715055
0,043587202
0,043423855
0,043518982
0,043533462
0,043307688
0,043613921
0,043755627
0,043624003
0,043409826
0,043363638
0,043528911
0,043578
0,043518547
0,043504428
0,043155623
0,043530405
0,04364848
0,043684632
0,043416945
0,043374669
0,043333034
0,043562377
0,043928028
0,043681046
0,043401315
0,043549845
0,043469027
0,043820414
0,043665291
0,043463282
0,043470937
0,044782159
0,043464178
0,042329496
0,04346086
0,043491513
0,043464695
0,043664218
0,043797456
0,043645786
0,043409262
0,043753579
0,043651349
0,043483145
0,043509721
0,043545453
0,043406518
0,043658676
0,043628646
0,043771101
0,043511197
0,043454337
0,043544995
0,043588302
0,043712549
0,043445165
0,04359678
0,043590542
0,044883462
0,04362788
0,042076145
0,043637232
0,043504861
0,04361048
0,043610789
0,04347426
0,043550679
0,043500271
0,043499785
0,043519081
0,043498908
0,043508243
0,043547844
0,043576998
0,043608816
0,043562701
0,043519054
0,043437617
0,043724509
0,043493419
0,04354166
0,043413259
0,043542024
0,043447267
0,043626857
0,043517917
0,043517638
0,043365823
0,043767691
0,043442158
0,043342227
0,043431604
0,043627497
0,043645705
0,043452146
0,043555216
0,04373824
0,0435636
0,043350281
0,043373845
0,043528534
0,043419249
0,043460305
0,04355392
0,043527609
0,043565278
0,043431996
0,043501112
0,043533063
0,043480387
0,043576865
0,043554559
0,04343966
0,043533379
0,043456642
0,043494521
0,043678544
0,043588193
0,043602905
0,043474936
0,04357216
0,043443719
0,043478213
0,043624258
0,043503784
0,043549622
0,043507645
0,043585008
0,043523677
0,04478727
0,043509614
0,042137386
0,043651425
0,043439098
0,043482961
0,043545061
0,043497432
0,043539188
0,044891224
0,043515643
0,042018625
0,043486849
0,043488143
0,043399284
0,043396811
0,043345099
0,04360302
0,043398087
0,043494531
0,043551732
0,043602934
0,043586643
0,043540375
0,043576381
0,04366522
0,043394908
0,043517785
0,043563622
0,043559389
0,043636944
0,043679314
0,043356831
0,043470525
0,043493551
0,043541989
0,043426979
0,043578238
0,043345624
0,043569499
0,043581314
0,043493307
0,043517448
0,043559745
0,043600591
0,043455707
0,04371369
0,043733317
0,043599829
0,043332682
0,043630494
0,043364255
0,043460774
0,044698163
0,04352668
0,042397478
0,043504156
0,043543651
0,043567026
0,043586911
0,043599269
0,0436847
0,043525486
0,043607681
0,042317786
0,043433738
0,043447238
0,04372822
0,043591632
0,043307656
0,043581471
0,044901538
0,043602324
0,043398785
0,04340983
0,043484497
0,043429877
0,043448317
0,043570812
0,043525603
0,0448794
0,043507154
0,042272464
0,043504738
0,04348894
0,043689462
0,043645057
0,043320238
0,04363389
0,043479142
0,043621553
0,043397976
0,043615867
0,043454496
0,043533238
0,043504748
0,04363531
0,043661394
0,043533532
0,043271421
0,043594801
0,043603284
0,043590656
0,043417961
0,043498722
0,043450434
0,043549545
0,043409184
0,043539779
0,043438079
0,043509646
0,043058956
0,043297035
0,043554408
0,04347324
0,044934545
0,043511856
0,042297161
0,043405954
0,043256239
0,043331571
0,043572227
0,043576998
0,043388283
0,043516261
0,043422107
0,042072975
0,043358861
0,043451714
0,043616899
0,043523492
0,043354862
0,043465196
0,044591563
0,043565785
0,042506502
0,043559515
0,043590071
0,043619405
0,043711696
0,043703264
0,04364433
0,043409943
0,043482102
0,043625988
0,043473659
0,043599509
0,043593681
0,043399626
0,043345056
0,043752697
0,04345447
0,0433539
0,043458691
0,043446973
0,043575166
0,043638433
0,043370339
0,043537972
0,043553075
0,043426745
0,043502395
0,043619732
0,04374164
0,04367915
0,043288103
0,043627418
0,043462133
0,04359901
0,043607484
0,043556655
0,043400901
0,043441779
0,04384355
0,043446944
0,043358414
0,043559976
0,045139036
0,04359972
0,042400732
0,043619715
0,043356857
0,043457018
0,043588418
0,043612877
0,043231038
0,043475593
0,043496618
0,043444541
0,043638899
0,043681743
0,043570407
0,043500356
0,043374459
0,043590919
0,044910845
0,043505412
0,042060449
0,043537711
0,043996599
0,043546125
0,042928042
0,043475672
0,043199069
0,044668442
0,043505241
0,042451239
0,043681075
0,043446529
0,043288226
0,043543375
0,043542614
0,045027105
0,04369747
0,043515197
0,043439729
0,043670071
0,043226879
0,043617823
0,043587556
0,043678435
0,043740003
0,043373285
0,043399852
0,043529121
0,043635212
0,04365737
0,043528551
0,043477912
0,043406659
0,043526068
0,043334905
0,043671087
0,043673775
0,043467628
0,043273301
0,043571331
0,043520233
0,043643165
0,043489987
0,043524734
0,04238038
0,043569553
0,043523821
0,043793761
0,04346412
0,043515387
0,043554395
0,044791814
0,04328462
0,043593646
0,043525778
0,04348453
0,043395727
0,043546148
0,043752706
0,043508491
0,043361172
0,043569889
0,04352392
0,043580897
0,043592759
0,043469052
0,043631926
0,043472274
0,043554057
0,044638779
0,04339712
0,042539169
0,043432837
0,043480808
0,043564967
0,043776063
0,043386398
0,043546688
0,044774583
0,043546379
0,042331266
0,043409049
0,043543898
0,043613526
0,043445624
0,043531006
0,043481739
0,04504781
0,043623229
0,041191117
0,043619362
0,043584629
0,043854136
0,043520756
0,043551531
0,043580461
0,043717127
0,043705877
0,043367092
0,043506393
0,043401546
0,043494136
0,043713583
0,043466106
0,043239507
0,04445371
0,043654183
0,042527138
0,043393337
0,043397468
0,043688733
0,043550425
0,043669556
0,043301909
0,043553849
0,043400056
0,043580978
0,043622357
0,04383784
0,043460356
0,043356565
0,04355976
0,043547049
0,043580046
0,043624083
0,043307531
0,043617386
0,043591216
0,043624246
0,043601331
0,043563264
0,044798834
0,043715133
0,042039805
0,043593694
0,043583162
0,043644383
0,043386058
0,043265747
0,043572954
0,044769024
0,043449233
0,041994109
0,043712944
0,043894137
0,043392211
0,043512538
0,043608089
0,043365089
0,043471397
0,043542345
0,043593591
0,043322445
0,043497541
0,043569043
0,043449218
0,043510306
0,043554524
0,043253656
0,043419256
0,043504253
0,043504399
0,043598648
0,043468578
0,043635071
0,04342468
0,043425921
0,043545579
0,043786177
0,043513746
0,042742127
0,043316122
0,04346099
0,043546441
0,043539401
0,043418407
0,043269246
0,043574357
0,042744842
0,043646826
0,04349269
0,043618328
0,043556284
0,04362665
0,043263058
0,043456211
0,041916599
0,043557415
0,043602141
0,043539265
0,043557811
0,043648423
0,043455491
0,043469242
0,043354711
0,042309568
0,043572992
0,04323107
0,043182687
0,043730335
0,043495557
0,043632748
0,044809592
0,043629261
0,042196428
0,043344835
0,043197902
0,043170917
0,043393528
0,0435607
0,043482155
0,043123087
0,043789833
0,043592564
0,042974714
0,043533123
0,043357058
0,043586633
0,043515201
0,043606642
0,043531408
0,043913258
0,042282694
0,042782542
0,04360087
0,043583642
0,043579745
0,043344395
0,04362458
0,043440696
0,043416593
0,043133974
0,043623845
0,043501425
0,043472816
0,043343891
0,043578247
0,043444427
0,043243196
0,043490536
0,043630186
0,043534324
0,043906606
0,043450798
0,042822558
0,043403998
0,043466393
0,043582757
0,041875833
0,043679848
0,043628056
0,043188319
0,043391087
0,043621598
0,043613794
0,043530436
0,043626371
0,042234705
0,042966389
0,043474498
0,043409438
0,043544277
0,043595706
0,043628467
0,044744925
0,043366294
0,042357884
0,043431457
0,043586027
0,043391152
0,043405634
0,043466725
0,043504871
0,043497667
0,043545234
0,043707979
0,043439561
0,043577351
0,043624981
0,043237265
0,043369972
0,04357897
0,043549056
0,043544773
0,043290792
0,043535658
0,043463097
0,043566688
0,043403128
0,043420517
0,043597381
0,042124976
0,043684724
0,043313769
0,043345688
0,043574075
0,043493218
0,043498429
0,043611793
0,043554112
0,043374921
0,043406224
0,043527619
0,043592637
0,043590411
0,04345686
0,043328213
0,04355053
0,043527145
0,044253383
0,043468428
0,042535775
0,043523748
0,043478665
0,043597617
0,04341313
0,043605656
0,043386412
0,043653047
0,043459703
0,043611411
0,043579477
0,043583668
0,043528247
0,04351263
0,043521791
0,043613511
0,043437576
0,044283807
0,043440955
0,042824682
0,043457993
0,043618996
0,043576411
0,043637231
0,044897163
0,043461008
0,042041217
0,043558863
0,04332709
0,043511547
0,043509967
0,043629693
0,043531859
0,043641429
0,043141006
0,043428749
0,043488276
0,043544015
0,04357838
0,043614671
0,04349784
0,043513141
0,044834622
0,043628114
0,042229568
0,043611015
0,043262187
0,043486312
0,043460479
0,043527443
0,043718091
0,04349446
0,04343729
0,043562347
0,043336969
0,043529516
0,043445854
0,043726223
0,043450623
0,043554768
0,043635731
0,04362484
0,043535395
0,043577495
0,043363395
0,043743735
0,043642216
0,043478548
0,043346274
0,043579156
0,043300896
0,043683756
0,043444981
0,043461159
0,043492872
0,043639879
0,043600443
0,043517638
0,043274569
0,043385769
0,043514022
0,043542602
0,043581743
0,043511137
0,043675087
0,043371212
0,044792137
0,043607407
0,043649488
0,04384336
0,043516125
0,043471949
0,043702149
0,0432885
0,043478952
0,043601244
0,043641444
0,043300245
0,043433514
0,04368637
0,043522803
0,043459948
0,043506868
0,04343097
0,04488487
0,043446936
0,042154493
0,043404882
0,043520888
0,043544802
0,043522751
0,043726895
0,043801987
0,043368703
0,043881289
0,043507714
0,043392884
0,043622664
0,043585737
0,043324146
0,043723975
0,043530224
0,043546372
0,043294178
0,043457515
0,04344551
0,043540692
0,043572259
0,043624869
0,043551562
0,043616846
0,043583532
0,043546217
0,043697144
0,043533947
0,043592338
0,043454629
0,043323075
0,043461856
0,045101121
0,043580199
0,042194549
0,043723275
0,043465673
0,04356703
0,043523012
0,043502244
0,043678328
0,043378559
0,043384715
0,043662357
0,043576208
0,043461213
0,043808117
0,043419088
0,043382687
0,043533267
0,044917774
0,043603244
0,042427448
0,043629835
0,043501135
0,043617049
0,043480075
0,043571494
0,043362171
0,043784493
0,043665924
0,042383329
0,043549615
0,043539749
0,043591421
0,043567104
0,043186952
0,043358096
0,043324214
0,043829183
0,043679222
0,043501797
0,043436724
0,043737534
0,0434637
0,043316879
0,043519153
0,043551715
0,043373352
0,043452158
0,043546237
0,043628206
0,043362795
0,043688329
0,043711529
0,04341269
0,04333323
0,043287961
0,043458634
0,043594821
0,043582763
0,043523602
0,043263585
0,043545102
0,044783812
0,043710606
0,042370739
0,043649526
0,043494683
0,043380692
0,04369989
0,043450852
0,043516955
0,043619078
0,043772751
0,043754389
0,043505595
0,043496474
0,043513299
0,04352683
0,043398773
0,043523303
0,044728807
0,043438307
0,04231518
0,043508787
0,043502066
0,043540689
0,043691199
0,043577399
0,043603
0,04347838
0,043247781
0,042144137
0,043525498
0,043489391
0,043540218
0,043671355
0,043388475
0,043627972
0,043624714
0,043696549
0,043590376
0,043535311
0,043614018
0,043601547
0,043787881
0,043476907
0,043396467
0,043513799
0,043375654
0,043707316
0,043525485
0,043516696
0,043388379
0,043431477
0,043473499
0,043650434
0,043526484
0,043553099
0,043606527
0,043544447
0,043313601
0,043557121
0,043524876
0,043555054
0,044922024
0,043400571
0,042317508
0,043600005
0,043444856
0,043509379
0,0436062
0,043560001
0,043596963
0,044960106
0,043642074
0,043514323
0,04347379
0,043459166
0,043434821
0,043491888
0,043624656
0,043542747
0,043537953
0,043397348
0,043594844
0,043584101
0,043564902
0,043385056
0,043297816
0,043747346
0,043524189
0,044729048
0,043508263
0,042219104
0,043357973
0,04375236
0,043530685
0,043674984
0,043378826
0,043545572
0,043573634
0,043461184
0,043405347
0,043643581
0,043515433
0,043638077
0,043601208
0,04361589
0,043541611
0,043283368
0,043668826
0,043381812
0,043707556
0,043591602
0,04347319
0,043681387
0,043369472
0,043511401
0,043631377
0,043744572
0,043435988
0,043693364
0,043537645
0,043474334
0,04329909
0,04365295
0,043703072
0,043380558
0,043472434
0,043563982
0,043316211
0,043348861
0,043611974
0,043578945
0,043542256
0,043562294
0,043477374
0,043527292
0,043552869
0,043590998
0,043515713
0,043626666
0,043480515
0,043517135
0,043594964
0,043582374
0,043600656
0,043560911
0,043599399
0,043590915
0,043490498
0,043487482
0,043524156
0,043569629
0,043551869
0,043663409
0,043534874
0,04351591
0,043795383
0,043555133
0,043571315
0,043607117
0,043490781
0,043525624
0,044180902
0,04352268
0,043135427
0,043576635
0,043433067
0,04360898
0,043503664
0,043493225
0,04357887
0,044018181
0,043443319
0,043079933
0,043526533
0,043553378
0,04358794
0,043603739
0,044854821
0,043531026
0,042297558
0,043541717
0,043755035
0,043467647
0,043393176
0,043578825
0,04368756
0,044872388
0,043526472
0,042236399
0,043412736
0,043459937
0,043614832
0,043670974
0,043647925
0,04342777
0,043568867
0,043581947
0,043743141
0,043473054
0,043420848
0,043634745
0,043547162
0,043492406
0,043526622
0,043491981
0,043506891
0,043668069
0,043639896
0,043525454
0,04349998
0,043488564
0,043627319
0,043620389
0,043568089
0,043467657
0,043538779
0,043508542
0,043582223
0,043609581
0,043536051
0,043616584
0,043638372
0,043392727
0,043488158
0,043608372
0,043515221
0,04349236
0,04341874
0,043516494
0,043698524
0,043448891
0,043406409
0,043561932
0,043557672
0,043461223
0,043517445
0,043504055
0,043460622
0,043489636
0,043557966
0,043492782
0,043468762
0,043611733
0,043534266
0,043522763
0,043694317
0,043721391
0,043441335
0,043271187
0,043587858
0,04348821
0,043597139
0,043606501
0,043563901
0,043612289
0,043429339
0,043618078
0,04488168
0,043547596
0,04235527
0,043550694
0,043536324
0,043800116
0,043535931
0,043387639
0,043582802
0,044801852
0,043673714
0,042282634
0,043539989
0,043534905
0,043451231
0,043646853
0,043519867
0,043559545
0,043876856
0,043439535
0,043420517
0,043469139
0,043622834
0,043582984
0,043595613
0,043662451
0,043664195
0,043341763
0,04359196
0,043449526
0,043709356
0,043411225
0,043667688
0,043814483
0,043440579
0,044790222
0,043421048
0,042283988
0,043582737
0,043390791
0,043628901
0,043608454
0,043583548
0,043710945
0,043411729
0,043616906
0,04366999
0,043356784
0,043490687
0,043553101
0,043425647
0,043571517
0,043602549
0,044823405
0,043763893
0,04213876
0,043635434
0,043610549
0,043510824
0,043542278
0,04355937
0,043807442
0,044728998
0,043381457
0,042447856
0,043595092
0,043326751
0,043320858
0,043538191
0,043567612
0,043832635
0,043495764
0,043423
0,043466653
0,043648211
0,043686061
0,043717722
0,043482907
0,043565464
0,043595969
0,043453734
0,043456564
0,043626441
0,043603756
0,043559391
0,043549188
0,043610612
0,043485603
0,04354823
0,043714958
0,043517531
0,043576656
0,043392478
0,043471833
0,043570179
0,043438685
0,043443865
0,04371223
0,043629747
0,043813223
0,043373755
0,043500766
0,043391977
0,043552973
0,043586053
0,043714643
0,043548994
0,043358529
0,043639508
0,043591413
0,043558612
0,043411679
0,043491591
0,043649996
0,043478994
0,044819001
0,0435945
0,04197786
0,043488274
0,04352818
0,043534248
0,043482052
0,043752065
0,043435892
0,044849807
0,043438114
0,04209062
0,043592575
0,043680546
0,043502125
0,043592133
0,043354059
0,043654334
0,044870946
0,043643045
0,042165252
0,043474189
0,043647839
0,043670793
0,043528318
0,043305751
0,043589807
0,043537447
0,043486706
0,043547899
0,043647679
0,043486283
0,043497451
0,043567873
0,04365441
0,043565807
0,043394214
0,043469933
0,043622076
0,043553322
0,043846884
0,043362312
0,043395058
0,043635381
0,043641119
0,043552273
0,043408553
0,043384098
0,043454453
0,043479536
0,043590511
0,04362037
0,043636068
0,044895524
0,043345627
0,0423287
0,043603336
0,043329727
0,0434747
0,043612922
0,043383517
0,043558935
0,043689983
0,043509885
0,04354159
0,043737571
0,043757721
0,043453518
0,043584919
0,043499582
0,0435545
0,043604069
0,043526568
0,043406808
0,043662895
0,043676099
0,043504883
0,043444847
0,043497039
0,043444592
0,043452822
0,043535159
0,04351529
0,043638057
0,043701678
0,043783971
0,043689063
0,043409622
0,043760296
0,043114939
0,043332985
0,043622187
0,043595773
0,043579853
0,043681456
0,043523422
0,04357906
0,04367667
0,043446326
0,043395128
0,043602078
0,043619522
0,043625383
0,043590334
0,043616901
0,043694763
0,0447853
0,043743661
0,043599778
0,043524809
0,04355163
0,043671309
0,043507317
0,043600083
0,043562454
0,044694738
0,043288881
0,042229861
0,043633046
0,043490211
0,043639973
0,043468112
0,043507106
0,043492358
0,043524875
0,043591048
0,042692884
0,043502865
0,043567566
0,043437841
0,0436419
0,043692539
0,043647139
