6,5918E-5
5,8157E-5
4,5253E-5
5,8717E-5
3,6805E-5
5,8658E-5
3,7883E-5
6,5665E-5
3,5641E-5
5,8394E-5
3,5971E-5
6,3325E-5
3,5877E-5
7,0876E-5
3,605E-5
5,7042E-5
4,248E-5
5,633E-5
3,6285E-5
6,3085E-5
3,7251E-5
7,8187E-5
3,5178E-5
6,3471E-5
3,6149E-5
5,8163E-5
3,5926E-5
6,3469E-5
3,5012E-5
6,4066E-5
3,4967E-5
6,3807E-5
3,5398E-5
7,378E-5
3,5019E-5
6,5332E-5
3,4679E-5
6,4618E-5
3,5698E-5
6,2619E-5
3,5753E-5
5,8522E-5
3,4617E-5
6,2811E-5
3,4631E-5
6,3908E-5
3,5743E-5
6,6789E-5
3,5657E-5
6,2288E-5
3,6036E-5
6,1804E-5
3,4358E-5
5,6546E-5
3,6124E-5
6,364E-5
3,4556E-5
6,5729E-5
3,5886E-5
7,8013E-5
3,6572E-5
6,5653E-5
3,6483E-5
6,3472E-5
3,5753E-5
6,834E-5
3,6533E-5
7,7571E-5
3,7214E-5
6,3997E-5
3,741E-5
6,3581E-5
3,5264E-5
6,5428E-5
3,6236E-5
6,7511E-5
3,5738E-5
8,9374E-5
3,626E-5
6,5185E-5
3,5257E-5
6,3728E-5
3,6295E-5
6,2692E-5
3,5867E-5
5,9917E-5
3,5457E-5
7,2919E-5
3,8182E-5
6,2808E-5
4,0141E-5
5,692E-5
3,7009E-5
6,9128E-5
5,8504E-5
6,267E-5
5,486E-5
6,2965E-5
5,436E-5
7,8672E-5
5,4978E-5
6,26E-5
5,5567E-5
6,297E-5
5,7509E-5
6,0412E-5
5,5267E-5
6,4232E-5
5,5808E-5
6,6967E-5
6,8982E-5
6,3446E-5
5,6284E-5
6,3004E-5
5,5026E-5
6,3748E-5
7,8284E-5
6,3663E-5
5,4213E-5
6,369E-5
5,8058E-5
6,3528E-5
5,4065E-5
6,387E-5
5,4637E-5
6,2795E-5
5,6413E-5
6,3408E-5
5,5996E-5
6,2695E-5
5,5302E-5
6,2065E-5
5,5262E-5
6,232E-5
5,712E-5
6,2416E-5
5,663E-5
6,3064E-5
3,5605E-5
5,7411E-5
3,6797E-5
6,2407E-5
3,5545E-5
6,268E-5
3,4412E-5
6,2666E-5
3,4208E-5
6,3478E-5
3,4236E-5
5,8187E-5
3,636E-5
6,3274E-5
3,5083E-5
6,2547E-5
3,4799E-5
6,3875E-5
3,7728E-5
6,3491E-5
3,5341E-5
6,4623E-5
3,6981E-5
6,4537E-5
3,6298E-5
6,3778E-5
3,7279E-5
5,8678E-5
3,5211E-5
6,561E-5
3,724E-5
6,217E-5
3,467E-5
6,3575E-5
3,6964E-5
6,3849E-5
3,4441E-5
6,4417E-5
3,7846E-5
6,4132E-5
3,7994E-5
6,3491E-5
3,6757E-5
5,7714E-5
3,6146E-5
6,5113E-5
3,4182E-5
6,3622E-5
3,4583E-5
6,237E-5
3,6048E-5
6,2898E-5
3,5486E-5
5,7038E-5
3,6257E-5
6,3137E-5
3,5515E-5
5,9755E-5
5,5867E-5
6,2299E-5
5,4964E-5
6,2219E-5
5,8972E-5
6,2638E-5
5,5194E-5
6,3708E-5
5,4341E-5
6,2902E-5
5,5421E-5
6,2642E-5
5,4292E-5
6,2003E-5
5,3973E-5
6,229E-5
5,443E-5
6,098E-5
5,4798E-5
6,2776E-5
5,4312E-5
6,2917E-5
5,492E-5
6,2739E-5
5,4107E-5
6,2424E-5
5,4624E-5
6,4314E-5
5,4116E-5
6,2517E-5
5,4006E-5
7,8053E-5
5,4392E-5
6,24E-5
5,5212E-5
6,2307E-5
5,3088E-5
6,3761E-5
5,444E-5
6,2971E-5
5,4228E-5
6,3763E-5
5,7759E-5
6,3069E-5
5,7865E-5
6,0949E-5
5,5692E-5
6,1833E-5
5,4878E-5
6,1984E-5
5,5456E-5
6,2455E-5
5,7261E-5
6,28E-5
6,2267E-5
6,2884E-5
5,4796E-5
6,2771E-5
5,8822E-5
6,2503E-5
5,3843E-5
6,2465E-5
5,439E-5
6,252E-5
5,4952E-5
6,1726E-5
5,4421E-5
6,3217E-5
5,3991E-5
6,332E-5
5,3696E-5
6,3408E-5
5,4205E-5
6,2928E-5
5,4421E-5
6,3549E-5
5,4451E-5
6,214E-5
5,3348E-5
6,2191E-5
5,3768E-5
6,1887E-5
5,5269E-5
6,5902E-5
5,4406E-5
7,8485E-5
5,7777E-5
6,3229E-5
5,5519E-5
6,1752E-5
5,6107E-5
6,2132E-5
5,485E-5
6,2094E-5
5,7992E-5
6,2406E-5
5,6394E-5
6,2347E-5
5,8448E-5
6,3337E-5
5,733E-5
6,3764E-5
5,3472E-5
6,6002E-5
5,4967E-5
6,2485E-5
5,4406E-5
6,2991E-5
5,7061E-5
6,5766E-5
5,549E-5
6,9234E-5
5,4721E-5
6,2467E-5
6,115E-5
6,3815E-5
5,5884E-5
6,1835E-5
5,4188E-5
6,6695E-5
5,5036E-5
7,8623E-5
5,5672E-5
6,3654E-5
5,4941E-5
6,378E-5
5,4178E-5
6,3098E-5
5,5179E-5
6,4149E-5
5,4296E-5
5,9975E-5
3,6528E-5
8,0073E-5
3,5873E-5
8,0916E-5
3,739E-5
7,5535E-5
6,5049E-5
8,4394E-5
3,6707E-5
7,5645E-5
3,5942E-5
0,001454417
3,9833E-5
7,277E-5
3,7245E-5
9,0791E-5
3,658E-5
7,8453E-5
3,6373E-5
8,0321E-5
3,547E-5
7,4948E-5
3,8069E-5
7,5985E-5
3,8102E-5
7,9248E-5
3,7426E-5
7,3887E-5
3,7075E-5
0,001334364
3,6558E-5
7,9625E-5
3,545E-5
9,0707E-5
3,756E-5
7,8114E-5
3,6723E-5
7,3207E-5
3,6474E-5
7,4432E-5
3,7184E-5
6,8991E-5
3,586E-5
8,1153E-5
3,6729E-5
7,8255E-5
3,5923E-5
7,629E-5
3,7405E-5
7,809E-5
3,6526E-5
7,9953E-5
5,0812E-5
7,6309E-5
3,7148E-5
8,8065E-5
3,7471E-5
7,9869E-5
3,7764E-5
7,5956E-5
3,6042E-5
7,7328E-5
3,6267E-5
7,3381E-5
3,5972E-5
6,7272E-5
3,6995E-5
6,4234E-5
3,5994E-5
6,5159E-5
3,6992E-5
6,2798E-5
3,5289E-5
6,3684E-5
3,6457E-5
6,2985E-5
3,3457E-5
6,3934E-5
3,7295E-5
6,2683E-5
3,4487E-5
6,3706E-5
3,3375E-5
6,3845E-5
3,4845E-5
6,283E-5
3,6348E-5
6,2524E-5
4,8633E-5
6,4217E-5
3,2986E-5
5,6573E-5
3,5788E-5
6,3376E-5
3,5449E-5
6,236E-5
3,6049E-5
6,1874E-5
4,7471E-5
6,3567E-5
3,4797E-5
6,3805E-5
3,6627E-5
6,5062E-5
3,6378E-5
6,4535E-5
3,5796E-5
6,3526E-5
3,4961E-5
6,2426E-5
3,4903E-5
6,6071E-5
3,2659E-5
6,2866E-5
3,4768E-5
6,3783E-5
3,6705E-5
6,3773E-5
3,4596E-5
6,2786E-5
3,5307E-5
6,264E-5
3,3505E-5
6,419E-5
3,4969E-5
6,2804E-5
3,54E-5
5,7147E-5
3,6926E-5
6,4733E-5
3,5842E-5
5,8024E-5
3,4141E-5
6,5392E-5
3,4381E-5
6,2124E-5
3,3872E-5
6,4543E-5
3,5129E-5
6,7877E-5
3,6013E-5
7,7237E-5
3,6197E-5
6,2763E-5
3,7719E-5
6,2939E-5
3,4436E-5
6,5371E-5
3,5432E-5
6,4588E-5
3,5951E-5
6,3418E-5
3,484E-5
5,8719E-5
3,5594E-5
6,6353E-5
3,6168E-5
6,5333E-5
3,5347E-5
6,3435E-5
3,5195E-5
6,6453E-5
3,2318E-5
5,6941E-5
3,5068E-5
5,6543E-5
3,4991E-5
6,2967E-5
3,5301E-5
6,5391E-5
3,5604E-5
6,1985E-5
3,5286E-5
6,4378E-5
3,5503E-5
6,5375E-5
3,5464E-5
6,3394E-5
3,544E-5
6,1908E-5
3,5542E-5
6,2396E-5
3,52E-5
6,5343E-5
3,3953E-5
5,7855E-5
3,6916E-5
6,3553E-5
8,2398E-5
5,9964E-5
3,8722E-5
6,4575E-5
3,6048E-5
6,5316E-5
3,6156E-5
6,495E-5
3,5492E-5
8,0223E-5
3,8661E-5
6,3902E-5
3,6104E-5
6,565E-5
3,8517E-5
6,2675E-5
3,6073E-5
7,4627E-5
3,6481E-5
7,0275E-5
3,5502E-5
6,4016E-5
3,6179E-5
5,7232E-5
3,4261E-5
6,2092E-5
3,5538E-5
6,2944E-5
3,4579E-5
6,4446E-5
3,5108E-5
6,3551E-5
3,5937E-5
3,9174E-5
5,7255E-5
3,9503E-5
5,8772E-5
3,7702E-5
5,8699E-5
3,9571E-5
5,7386E-5
3,8802E-5
6,328E-5
3,873E-5
5,8799E-5
3,8643E-5
5,6276E-5
5,3604E-5
5,763E-5
3,9266E-5
5,6848E-5
3,7046E-5
5,7481E-5
3,7931E-5
5,6455E-5
3,7459E-5
5,8534E-5
3,8572E-5
6,3669E-5
3,7069E-5
5,9179E-5
3,9619E-5
6,8228E-5
3,9926E-5
5,6505E-5
3,8048E-5
5,8272E-5
3,7758E-5
6,2786E-5
3,8328E-5
5,7348E-5
3,8503E-5
5,5739E-5
3,5341E-5
6,5508E-5
3,6949E-5
5,6346E-5
3,7238E-5
6,3143E-5
3,8454E-5
5,7082E-5
3,9757E-5
5,7062E-5
3,8506E-5
5,7417E-5
3,8652E-5
5,7904E-5
3,6991E-5
5,7231E-5
3,9475E-5
5,8054E-5
3,7874E-5
6,8037E-5
3,8676E-5
6,4702E-5
3,8643E-5
5,6848E-5
4,0744E-5
6,4756E-5
3,8815E-5
5,7966E-5
4,4094E-5
5,7236E-5
3,7382E-5
5,9143E-5
3,8968E-5
5,7844E-5
3,9043E-5
5,8234E-5
3,7209E-5
5,8891E-5
3,732E-5
5,748E-5
3,8657E-5
5,6147E-5
3,8654E-5
5,8313E-5
3,7902E-5
5,623E-5
3,8794E-5
6,2869E-5
3,7949E-5
5,7741E-5
3,7871E-5
5,7553E-5
3,833E-5
5,7114E-5
3,8223E-5
5,6654E-5
3,8173E-5
5,7277E-5
3,8027E-5
5,6301E-5
3,9579E-5
5,9507E-5
3,8559E-5
5,6982E-5
3,8959E-5
5,8552E-5
3,7402E-5
6,5113E-5
3,9087E-5
5,6709E-5
3,8475E-5
5,9221E-5
3,7952E-5
5,6701E-5
3,8997E-5
6,5393E-5
3,8019E-5
6,5711E-5
4,0199E-5
5,9241E-5
3,8578E-5
5,7119E-5
3,9162E-5
5,6818E-5
3,8317E-5
7,1455E-5
3,9707E-5
6,3214E-5
3,8757E-5
5,6807E-5
3,8613E-5
5,7115E-5
3,7989E-5
5,7345E-5
3,9601E-5
5,6828E-5
3,9041E-5
6,5703E-5
3,9392E-5
6,273E-5
3,7837E-5
6,2618E-5
3,7936E-5
6,8982E-5
3,7519E-5
5,7977E-5
3,7601E-5
5,6813E-5
3,7542E-5
5,6576E-5
3,7867E-5
5,9338E-5
3,7376E-5
6,3143E-5
3,8923E-5
5,6767E-5
3,7938E-5
5,9898E-5
3,7346E-5
6,7252E-5
3,8692E-5
6,5428E-5
3,8936E-5
5,7645E-5
3,8314E-5
6,0557E-5
3,8303E-5
5,885E-5
3,6985E-5
6,0318E-5
3,8769E-5
6,2973E-5
3,8977E-5
5,6696E-5
3,9036E-5
5,7691E-5
3,8034E-5
6,2372E-5
4,9251E-5
6,0489E-5
3,7933E-5
5,8202E-5
3,8255E-5
5,8104E-5
3,8337E-5
5,8598E-5
3,821E-5
5,845E-5
3,8381E-5
5,8886E-5
3,9799E-5
5,7461E-5
3,9295E-5
6,3253E-5
4,2934E-5
5,8632E-5
3,9095E-5
6,346E-5
3,8861E-5
6,4657E-5
3,8218E-5
5,7848E-5
3,8773E-5
6,2876E-5
3,7206E-5
5,7209E-5
3,8426E-5
5,6051E-5
3,9366E-5
5,7201E-5
3,9374E-5
5,8931E-5
3,8437E-5
5,8584E-5
3,7259E-5
5,6823E-5
3,7833E-5
5,8751E-5
3,7854E-5
5,5999E-5
3,7298E-5
5,6408E-5
3,8041E-5
5,8387E-5
3,765E-5
5,7989E-5
3,9106E-5
6,3483E-5
3,9101E-5
5,784E-5
4,3202E-5
5,8754E-5
3,7833E-5
5,7227E-5
3,7886E-5
5,8947E-5
3,5445E-5
5,6901E-5
3,8094E-5
5,6664E-5
3,7869E-5
5,725E-5
3,8217E-5
6,3659E-5
3,8497E-5
5,7715E-5
3,7737E-5
6,8737E-5
3,8539E-5
5,7766E-5
3,9442E-5
6,1716E-5
3,8289E-5
5,8104E-5
3,7021E-5
5,7355E-5
3,8329E-5
5,8633E-5
3,7488E-5
5,8262E-5
3,8666E-5
6,7255E-5
3,8155E-5
5,9338E-5
3,8977E-5
5,7858E-5
3,8653E-5
6,7022E-5
3,7777E-5
5,8528E-5
3,8981E-5
6,3556E-5
3,7296E-5
5,7646E-5
3,5914E-5
5,8201E-5
5,2544E-5
6,2592E-5
3,9682E-5
5,7699E-5
3,8401E-5
5,7428E-5
3,8451E-5
5,8326E-5
3,7248E-5
6,2661E-5
3,571E-5
5,5935E-5
3,7559E-5
5,8312E-5
3,6391E-5
5,7002E-5
3,7499E-5
6,3238E-5
3,899E-5
5,7404E-5
3,7984E-5
6,224E-5
3,896E-5
7,3708E-5
3,8098E-5
5,8601E-5
3,8829E-5
6,4122E-5
3,7744E-5
5,6533E-5
3,7446E-5
7,794E-5
4,8194E-5
5,6673E-5
3,6786E-5
6,2635E-5
3,7736E-5
6,3417E-5
3,7752E-5
5,7946E-5
3,8184E-5
5,6862E-5
3,8826E-5
0,001325435
2,8895E-5
5,6055E-5
3,0216E-5
5,7671E-5
3,0561E-5
5,6804E-5
2,9323E-5
5,9224E-5
4,3718E-5
6,2956E-5
3,0314E-5
5,7785E-5
2,92E-5
5,8004E-5
2,9227E-5
5,6369E-5
3,0073E-5
0,001200494
2,9483E-5
5,6876E-5
2,9772E-5
5,6681E-5
2,9493E-5
5,7908E-5
2,9309E-5
5,7684E-5
2,9596E-5
5,7436E-5
2,8589E-5
5,7117E-5
6,3554E-5
5,7085E-5
2,8693E-5
6,3268E-5
2,9988E-5
0,001271052
2,9721E-5
5,6723E-5
2,9657E-5
5,7579E-5
2,8206E-5
5,9062E-5
2,9794E-5
5,7833E-5
2,8606E-5
5,6895E-5
2,8956E-5
5,7985E-5
3,0436E-5
5,647E-5
2,8836E-5
5,7494E-5
2,886E-5
5,8129E-5
2,8553E-5
5,6746E-5
2,9804E-5
6,1008E-5
2,7369E-5
5,8565E-5
3,0215E-5
6,5419E-5
2,9998E-5
5,7646E-5
2,8862E-5
5,9382E-5
3,8963E-5
5,7938E-5
2,8585E-5
5,7635E-5
2,8876E-5
6,2992E-5
2,9293E-5
6,2151E-5
2,9124E-5
5,9092E-5
2,8939E-5
6,2832E-5
2,8906E-5
5,8092E-5
3,5929E-5
5,9313E-5
2,9741E-5
5,8513E-5
2,9547E-5
5,6346E-5
3,4612E-5
5,7379E-5
2,837E-5
6,023E-5
2,8978E-5
5,6687E-5
2,7906E-5
5,7975E-5
2,8843E-5
5,7494E-5
2,8726E-5
5,7509E-5
3,0061E-5
5,8403E-5
2,9819E-5
5,7322E-5
2,9022E-5
5,8258E-5
2,9613E-5
6,3499E-5
2,9454E-5
6,0354E-5
2,9776E-5
5,9736E-5
2,9263E-5
5,721E-5
3,1402E-5
5,7985E-5
3,061E-5
5,6709E-5
3,5081E-5
5,7271E-5
3,1007E-5
5,8933E-5
2,9253E-5
5,9164E-5
3,0451E-5
5,9025E-5
2,9471E-5
5,821E-5
2,9527E-5
6,1071E-5
3,0427E-5
5,9222E-5
3,0457E-5
5,8779E-5
2,9683E-5
5,9371E-5
2,9726E-5
5,762E-5
2,979E-5
5,6891E-5
2,9319E-5
6,4595E-5
3,0359E-5
5,8428E-5
2,8942E-5
5,7875E-5
3,0735E-5
5,7931E-5
3,0126E-5
5,8274E-5
3,0346E-5
5,7873E-5
3,2212E-5
5,7539E-5
3,0575E-5
5,7506E-5
2,9299E-5
5,8765E-5
2,8766E-5
6,0516E-5
3,0449E-5
5,8787E-5
3,0744E-5
5,7368E-5
2,9713E-5
5,6768E-5
2,9804E-5
5,6459E-5
2,9805E-5
5,6747E-5
2,9565E-5
5,6434E-5
2,8533E-5
5,5853E-5
2,8281E-5
5,8112E-5
2,8616E-5
5,4935E-5
2,884E-5
6,3132E-5
2,9472E-5
5,8684E-5
3,0599E-5
5,7896E-5
3,0611E-5
5,8431E-5
3,0775E-5
5,8224E-5
3,0121E-5
5,7924E-5
3,0585E-5
5,9794E-5
3,4556E-5
5,9408E-5
3,031E-5
6,491E-5
2,9983E-5
5,8397E-5
2,9876E-5
6,3839E-5
2,972E-5
5,9669E-5
2,9662E-5
5,72E-5
3,3133E-5
5,8639E-5
3,0765E-5
5,9157E-5
3,2128E-5
5,8647E-5
2,862E-5
5,8334E-5
2,9719E-5
5,9385E-5
2,9638E-5
5,7217E-5
2,8236E-5
6,3949E-5
2,9819E-5
5,7286E-5
3,2522E-5
5,8592E-5
3,1043E-5
5,8549E-5
3,0714E-5
5,8128E-5
2,991E-5
5,7403E-5
2,9833E-5
5,7928E-5
2,955E-5
5,6928E-5
3,0329E-5
5,7501E-5
2,9897E-5
5,8503E-5
2,9772E-5
5,7804E-5
2,9693E-5
5,9589E-5
3,2525E-5
5,7422E-5
2,9968E-5
5,7295E-5
3,0384E-5
5,8414E-5
3,0039E-5
5,8185E-5
2,8479E-5
5,788E-5
3,0394E-5
5,7341E-5
2,8602E-5
5,784E-5
3,0385E-5
5,7507E-5
4,4031E-5
6,526E-5
2,9936E-5
5,6258E-5
2,8193E-5
5,7935E-5
3,0577E-5
5,7653E-5
2,9658E-5
5,7904E-5
2,9932E-5
5,8805E-5
4,5834E-5
5,7969E-5
4,121E-5
5,647E-5
3,0359E-5
5,7098E-5
2,9723E-5
5,7307E-5
2,8429E-5
5,7979E-5
2,84E-5
6,0795E-5
3,0687E-5
5,8459E-5
2,9887E-5
5,7412E-5
3,0315E-5
6,0856E-5
3,0461E-5
6,511E-5
3,1386E-5
7,1211E-5
2,9666E-5
5,8072E-5
3,0425E-5
5,7992E-5
3,1939E-5
6,3818E-5
3,2812E-5
5,6723E-5
3,1921E-5
5,9056E-5
2,8974E-5
5,7767E-5
2,8452E-5
5,7347E-5
2,8982E-5
5,9581E-5
2,8977E-5
5,6364E-5
2,9606E-5
5,8462E-5
2,7864E-5
5,7561E-5
6,0338E-5
5,7235E-5
2,8642E-5
5,676E-5
2,9606E-5
5,6076E-5
2,6546E-5
5,7553E-5
4,2446E-5
5,8251E-5
2,9142E-5
5,8254E-5
2,8737E-5
5,7303E-5
3,0092E-5
5,7179E-5
2,8735E-5
5,7067E-5
2,8641E-5
5,5708E-5
3,6231E-5
5,7656E-5
2,8783E-5
5,7132E-5
2,9863E-5
5,8014E-5
2,8932E-5
5,714E-5
2,7881E-5
5,6693E-5
2,9792E-5
5,8841E-5
2,9945E-5
5,7808E-5
3,0171E-5
5,9992E-5
3,0151E-5
5,8149E-5
2,7649E-5
5,7297E-5
3,1121E-5
5,777E-5
2,9915E-5
5,7766E-5
2,9209E-5
5,8477E-5
2,7493E-5
5,8117E-5
3,0279E-5
5,9265E-5
3,0174E-5
5,7403E-5
2,8367E-5
5,9247E-5
2,935E-5
6,0782E-5
3,1079E-5
5,8043E-5
3,0361E-5
5,7552E-5
2,9258E-5
5,9169E-5
4,6373E-5
5,7118E-5
2,9113E-5
5,7965E-5
2,9247E-5
5,7103E-5
2,9218E-5
5,7201E-5
2,9461E-5
5,6601E-5
3,0337E-5
6,4311E-5
2,8851E-5
5,7647E-5
3,0879E-5
5,8429E-5
2,9778E-5
5,7722E-5
3,0023E-5
5,6906E-5
2,9383E-5
5,673E-5
2,9668E-5
5,8547E-5
2,9639E-5
5,8939E-5
4,4382E-5
5,7852E-5
2,9616E-5
5,9077E-5
4,5125E-5
6,4018E-5
2,9684E-5
5,8051E-5
4,2949E-5
5,6535E-5
2,8522E-5
5,7698E-5
3,0096E-5
5,7192E-5
3,0597E-5
5,7645E-5
3,0095E-5
5,7232E-5
2,954E-5
5,6621E-5
4,4826E-5
5,6851E-5
2,7366E-5
5,6999E-5
3,0601E-5
5,7418E-5
3,0372E-5
5,8546E-5
2,9826E-5
5,8456E-5
3,8535E-5
5,7013E-5
3,057E-5
6,4111E-5
3,0498E-5
5,6857E-5
2,8691E-5
5,7813E-5
2,9607E-5
5,6537E-5
2,9796E-5
5,6446E-5
3,0211E-5
5,8467E-5
2,8609E-5
5,6538E-5
2,8732E-5
5,8056E-5
2,7953E-5
6,6452E-5
3,9182E-5
7,3028E-5
4,0035E-5
7,6211E-5
3,7761E-5
6,2925E-5
5,3692E-5
6,9787E-5
3,779E-5
6,8907E-5
4,0317E-5
6,9093E-5
3,8574E-5
5,7308E-5
5,2674E-5
7,016E-5
3,6187E-5
7,013E-5
3,8538E-5
7,2751E-5
3,9463E-5
5,9139E-5
3,5924E-5
6,9647E-5
3,881E-5
7,0526E-5
3,9641E-5
7,017E-5
3,9522E-5
7,4738E-5
3,9734E-5
7,0278E-5
3,9515E-5
6,9801E-5
3,856E-5
6,9681E-5
3,8031E-5
6,7315E-5
3,7822E-5
5,8967E-5
4,6443E-5
7,4603E-5
3,8068E-5
7,7617E-5
4,0055E-5
8,6513E-5
4,2407E-5
7,5197E-5
4,1371E-5
6,1738E-5
4,2985E-5
7,5154E-5
3,891E-5
7,1072E-5
3,6124E-5
7,7311E-5
3,9404E-5
7,2196E-5
3,8422E-5
6,3137E-5
3,8366E-5
7,1706E-5
3,9433E-5
5,8885E-5
3,8517E-5
7,0823E-5
3,77E-5
6,9981E-5
3,9041E-5
7,1523E-5
3,9162E-5
7,4911E-5
3,7415E-5
7,0699E-5
3,9657E-5
7,3029E-5
3,95E-5
5,9762E-5
4,0656E-5
5,7445E-5
3,9047E-5
7,5105E-5
3,6292E-5
7,2645E-5
3,9045E-5
7,0428E-5
3,95E-5
7,3528E-5
3,9713E-5
7,1291E-5
5,3919E-5
7,5779E-5
5,2843E-5
7,7324E-5
3,9025E-5
7,0853E-5
3,9181E-5
6,8789E-5
3,7805E-5
5,7051E-5
3,8973E-5
7,6644E-5
5,2836E-5
8,4484E-5
3,8907E-5
5,8303E-5
3,952E-5
6,9442E-5
3,8635E-5
5,687E-5
3,8259E-5
7,3208E-5
5,4625E-5
6,9992E-5
3,8753E-5
7,1431E-5
3,853E-5
7,3574E-5
3,8341E-5
7,2612E-5
3,9639E-5
6,9982E-5
3,968E-5
8,7621E-5
4,0497E-5
7,0052E-5
3,9508E-5
7,0944E-5
4,8457E-5
7,1137E-5
4,0108E-5
6,3037E-5
3,5926E-5
6,1533E-5
3,704E-5
6,2219E-5
3,6591E-5
6,281E-5
3,6284E-5
6,1867E-5
3,6992E-5
6,3418E-5
3,5874E-5
6,2101E-5
3,5306E-5
6,3676E-5
3,5748E-5
6,2778E-5
3,6036E-5
6,3684E-5
3,4239E-5
6,3204E-5
3,5293E-5
6,2807E-5
3,5616E-5
6,4404E-5
3,7166E-5
6,2095E-5
3,4706E-5
6,2498E-5
4,9307E-5
6,1554E-5
3,5516E-5
6,2533E-5
3,5731E-5
7,1295E-5
3,836E-5
6,2991E-5
3,5045E-5
6,2414E-5
3,5854E-5
6,4005E-5
3,5073E-5
6,2961E-5
3,5291E-5
6,3736E-5
3,47E-5
6,2908E-5
3,5536E-5
6,3368E-5
3,5396E-5
6,367E-5
3,6467E-5
6,2898E-5
3,4414E-5
5,8376E-5
3,6111E-5
6,2031E-5
3,4615E-5
0,001260856
3,3538E-5
6,1637E-5
3,5625E-5
5,814E-5
3,6116E-5
5,8815E-5
3,7323E-5
6,2661E-5
3,5918E-5
6,4008E-5
3,5478E-5
6,2455E-5
3,5348E-5
6,2911E-5
3,3943E-5
6,2443E-5
3,5417E-5
6,5757E-5
3,8805E-5
6,2935E-5
3,6049E-5
6,2596E-5
3,5361E-5
6,4145E-5
3,6569E-5
6,461E-5
3,478E-5
5,825E-5
3,4173E-5
6,8581E-5
3,9295E-5
6,2925E-5
3,8624E-5
6,2909E-5
3,544E-5
6,4882E-5
4,465E-5
6,3884E-5
3,4427E-5
6,424E-5
3,6739E-5
6,2899E-5
3,4745E-5
6,4491E-5
3,5503E-5
6,3156E-5
3,5643E-5
6,2709E-5
3,6282E-5
5,7459E-5
3,5158E-5
6,2371E-5
3,485E-5
6,4459E-5
3,6193E-5
6,4726E-5
3,5434E-5
6,3321E-5
3,6005E-5
6,2402E-5
3,4358E-5
6,7637E-5
3,6334E-5
6,6798E-5
3,6014E-5
6,483E-5
3,4109E-5
6,3503E-5
3,5524E-5
6,6942E-5
4,17E-5
6,4077E-5
3,5463E-5
6,316E-5
3,4992E-5
6,2614E-5
4,6306E-5
6,2633E-5
3,6289E-5
5,7702E-5
3,8143E-5
6,3121E-5
3,6181E-5
6,3583E-5
3,4365E-5
6,283E-5
3,4769E-5
6,4587E-5
3,4699E-5
6,371E-5
3,4519E-5
6,2572E-5
3,434E-5
6,2956E-5
3,4671E-5
5,6792E-5
3,5812E-5
6,2055E-5
3,6078E-5
6,244E-5
3,4746E-5
5,6252E-5
3,6304E-5
6,2236E-5
4,4707E-5
6,333E-5
3,4879E-5
6,3884E-5
3,4867E-5
6,2946E-5
4,9708E-5
6,3234E-5
3,6821E-5
6,3E-5
3,5388E-5
6,1747E-5
3,7325E-5
7,2755E-5
3,4764E-5
6,4132E-5
3,5377E-5
6,3233E-5
3,6311E-5
6,2177E-5
3,485E-5
6,3841E-5
3,6076E-5
6,5557E-5
3,556E-5
6,3537E-5
3,5972E-5
6,389E-5
3,5124E-5
6,3394E-5
3,6274E-5
6,316E-5
3,5238E-5
6,3312E-5
3,4681E-5
6,223E-5
3,5087E-5
6,2141E-5
3,4785E-5
6,4391E-5
3,5536E-5
6,3243E-5
3,6015E-5
6,4311E-5
3,7391E-5
6,351E-5
3,5852E-5
6,2963E-5
3,9112E-5
6,3623E-5
3,4864E-5
6,388E-5
3,5791E-5
5,8386E-5
3,7236E-5
6,3447E-5
3,6065E-5
5,9155E-5
6,7606E-5
5,6678E-5
5,4112E-5
5,667E-5
5,285E-5
6,6484E-5
5,4273E-5
5,9331E-5
5,6572E-5
5,7352E-5
5,3798E-5
6,7598E-5
5,4512E-5
5,9433E-5
5,5764E-5
5,9383E-5
5,4956E-5
5,8537E-5
5,4778E-5
5,8285E-5
5,3813E-5
5,6946E-5
5,4594E-5
5,8099E-5
5,5377E-5
5,7064E-5
5,6074E-5
5,9219E-5
3,7443E-5
6,4905E-5
3,6013E-5
6,5408E-5
5,187E-5
6,549E-5
3,5998E-5
6,8947E-5
3,7024E-5
6,4624E-5
3,483E-5
5,8794E-5
3,5025E-5
6,4372E-5
3,5808E-5
6,4453E-5
3,6961E-5
6,4389E-5
3,5993E-5
6,3957E-5
3,524E-5
6,4457E-5
3,5025E-5
6,3078E-5
3,456E-5
6,3786E-5
3,588E-5
6,2325E-5
3,5091E-5
6,3128E-5
3,5924E-5
6,1459E-5
3,5562E-5
6,2556E-5
3,5085E-5
6,3101E-5
3,4943E-5
6,2535E-5
3,4161E-5
5,7611E-5
3,5036E-5
6,3133E-5
3,6388E-5
6,3748E-5
3,5527E-5
6,2426E-5
3,5182E-5
6,2259E-5
4,0811E-5
7,219E-5
3,4947E-5
5,6587E-5
3,6275E-5
6,2412E-5
3,6736E-5
3,0427E-5
4,4669E-5
3,7413E-5
6,7447E-5
6,2669E-5
6,8338E-5
0,001267862
5,8403E-5
6,8996E-5
6,5077E-5
3,1135E-5
5,8235E-5
5,7034E-5
5,7568E-5
5,8687E-5
6,5707E-5
5,688E-5
5,8176E-5
5,7479E-5
7,0722E-5
5,7679E-5
5,9979E-5
5,5811E-5
5,8099E-5
0,001249516
5,8524E-5
6,0919E-5
5,8157E-5
5,654E-5
5,9117E-5
4,1675E-5
5,8118E-5
6,7287E-5
3,1028E-5
3,9956E-5
4,6247E-5
6,6259E-5
3,0377E-5
5,58E-5
4,1893E-5
6,4345E-5
3,8976E-5
3,3144E-5
2,9919E-5
5,5484E-5
2,9898E-5
7,3976E-5
3,873E-5
6,6843E-5
3,7892E-5
3,0116E-5
3,1013E-5
5,6342E-5
3,0167E-5
4,0617E-5
5,9325E-5
5,6604E-5
6,2477E-5
6,5795E-5
5,8752E-5
3,8663E-5
5,6416E-5
5,6813E-5
2,7442E-5
3,1385E-5
5,7891E-5
6,967E-5
2,9893E-5
3,9665E-5
4,3585E-5
3,1703E-5
5,6823E-5
5,5664E-5
6,5641E-5
5,7342E-5
7,1809E-5
3,2259E-5
5,8189E-5
0,001327434
5,7206E-5
5,6759E-5
4,5478E-5
5,6806E-5
5,6888E-5
3,1542E-5
5,8376E-5
5,6476E-5
0,001508982
6,744E-5
4,5763E-5
6,5608E-5
6,4542E-5
3,8409E-5
5,7824E-5
3,8671E-5
4,3228E-5
6,4271E-5
7,2699E-5
3,9795E-5
5,8082E-5
5,6822E-5
5,6471E-5
5,7943E-5
5,8525E-5
5,5304E-5
0,001361307
5,5271E-5
5,8373E-5
5,7075E-5
5,801E-5
3,885E-5
5,7007E-5
5,6359E-5
5,6056E-5
6,5954E-5
5,7987E-5
5,8801E-5
6,5189E-5
5,8177E-5
6,501E-5
3,0635E-5
5,788E-5
5,6112E-5
5,6778E-5
5,776E-5
6,3704E-5
6,4151E-5
6,4656E-5
3,8212E-5
4,4153E-5
6,479E-5
6,8038E-5
3,3334E-5
5,8028E-5
5,5642E-5
5,7145E-5
5,9729E-5
6,5095E-5
6,3446E-5
6,4704E-5
3,171E-5
5,906E-5
6,5224E-5
6,4443E-5
5,8021E-5
6,7638E-5
6,6425E-5
5,7179E-5
4,1289E-5
5,7204E-5
6,5071E-5
3,9027E-5
6,4882E-5
4,1663E-5
6,47E-5
3,923E-5
6,3694E-5
4,039E-5
0,001284043
3,838E-5
3,8344E-5
2,8301E-5
3,2982E-5
3,0324E-5
6,3974E-5
4,1978E-5
6,7079E-5
3,8696E-5
3,803E-5
4,4485E-5
5,768E-5
3,9822E-5
6,187E-5
3,8465E-5
6,5089E-5
3,9838E-5
3,2691E-5
2,9974E-5
3,1286E-5
4,4604E-5
6,3763E-5
6,6112E-5
5,9724E-5
5,7405E-5
5,5635E-5
6,6486E-5
6,5828E-5
2,9095E-5
2,9954E-5
5,8106E-5
3,0846E-5
6,4587E-5
5,7552E-5
5,6245E-5
5,6623E-5
6,8742E-5
3,852E-5
6,4208E-5
3,1603E-5
6,5569E-5
6,5297E-5
6,4217E-5
3,7947E-5
6,4188E-5
5,8402E-5
6,5658E-5
4,0827E-5
7,5972E-5
4,2374E-5
5,8636E-5
5,7493E-5
6,6955E-5
5,5252E-5
4,4088E-5
6,3193E-5
6,4546E-5
3,9671E-5
5,8982E-5
5,5007E-5
5,7074E-5
5,8929E-5
2,8603E-5
6,4134E-5
3,7392E-5
6,3041E-5
3,7598E-5
7,2901E-5
4,2185E-5
6,3558E-5
4,7831E-5
7,3389E-5
3,86E-5
6,2495E-5
4,0234E-5
6,2563E-5
4,3233E-5
6,1825E-5
3,898E-5
6,2622E-5
3,86E-5
6,3663E-5
3,7441E-5
3,8399E-5
3,0376E-5
4,067E-5
4,4392E-5
6,2251E-5
8,9262E-5
4,5913E-5
6,9566E-5
4,5329E-5
5,0866E-5
3,8945E-5
6,0057E-5
7,0157E-5
6,5103E-5
3,941E-5
4,3281E-5
6,3378E-5
6,4732E-5
5,8405E-5
6,6642E-5
3,1392E-5
5,6926E-5
5,4765E-5
5,854E-5
6,2277E-5
4,5324E-5
5,7932E-5
7,0022E-5
7,2441E-5
4,468E-5
3,1395E-5
5,6832E-5
6,6194E-5
4,3719E-5
5,7497E-5
5,5155E-5
5,6322E-5
5,6371E-5
3,0222E-5
5,7851E-5
5,8504E-5
5,8032E-5
5,7275E-5
6,4382E-5
6,5484E-5
5,9634E-5
3,0441E-5
5,6648E-5
5,624E-5
6,5093E-5
5,6969E-5
5,8506E-5
6,465E-5
5,8598E-5
3,0224E-5
6,5958E-5
6,4621E-5
5,8794E-5
0,001307996
5,8063E-5
3,8494E-5
6,5437E-5
4,0044E-5
5,7866E-5
6,1573E-5
5,7262E-5
5,4832E-5
5,6811E-5
5,5176E-5
5,8705E-5
3,9311E-5
5,6544E-5
5,6225E-5
5,7091E-5
5,9811E-5
5,7576E-5
0,001121028
5,7697E-5
5,6014E-5
6,4808E-5
5,6332E-5
6,6858E-5
5,6376E-5
6,676E-5
5,6332E-5
6,5413E-5
5,6355E-5
4,4809E-5
6,4721E-5
5,7275E-5
5,7466E-5
6,4399E-5
4,222E-5
6,0578E-5
5,7528E-5
5,7631E-5
3,9806E-5
4,5043E-5
6,043E-5
5,7051E-5
5,4095E-5
5,85E-5
6,6889E-5
4,5334E-5
5,5438E-5
6,5818E-5
6,4516E-5
5,6991E-5
6,4611E-5
4,6158E-5
6,4715E-5
2,8295E-5
4,3311E-5
5,5838E-5
3,8161E-5
6,6999E-5
6,6475E-5
5,6624E-5
6,4276E-5
4,337E-5
5,9448E-5
5,7149E-5
5,5856E-5
3,0785E-5
3,9776E-5
4,4835E-5
4,0156E-5
4,6329E-5
6,7117E-5
6,6733E-5
5,8717E-5
5,8418E-5
6,3203E-5
6,4069E-5
5,6215E-5
5,8552E-5
3,9076E-5
4,5289E-5
0,001291128
6,0454E-5
5,7219E-5
8,8273E-5
7,1627E-5
5,874E-5
6,6828E-5
3,0574E-5
3,2123E-5
4,5775E-5
6,2201E-5
6,4878E-5
6,5534E-5
4,3569E-5
3,8332E-5
6,5579E-5
4,8617E-5
6,4644E-5
5,4674E-5
2,9029E-5
6,5154E-5
3,9848E-5
6,3324E-5
3,8574E-5
3,0244E-5
2,8843E-5
6,1982E-5
2,9591E-5
3,6611E-5
5,8391E-5
6,3116E-5
2,8315E-5
3,1393E-5
6,9673E-5
5,9186E-5
2,902E-5
3,2709E-5
5,8078E-5
5,8592E-5
7,5609E-5
5,6747E-5
5,8716E-5
3,2932E-5
4,4795E-5
5,5235E-5
7,1417E-5
4,0303E-5
5,8995E-5
5,7944E-5
3,3199E-5
7,3614E-5
5,204E-5
3,2116E-5
3,0469E-5
4,0363E-5
4,4573E-5
5,6797E-5
3,1026E-5
3,912E-5
4,4098E-5
4,0011E-5
6,5856E-5
6,8239E-5
2,7587E-5
6,5378E-5
3,6611E-5
6,3371E-5
4,1438E-5
6,5417E-5
4,0631E-5
6,3231E-5
3,5246E-5
6,4655E-5
3,6028E-5
6,7997E-5
3,6121E-5
5,6399E-5
4,9852E-5
6,3548E-5
3,4913E-5
6,2717E-5
3,5033E-5
6,3765E-5
3,5058E-5
6,723E-5
3,6031E-5
6,3501E-5
3,4177E-5
6,4174E-5
3,4944E-5
6,5019E-5
3,612E-5
6,4216E-5
3,5594E-5
6,4541E-5
3,4964E-5
5,7151E-5
3,3925E-5
6,2711E-5
3,4067E-5
5,7516E-5
3,7121E-5
3,6876E-5
5,0384E-5
5,544E-5
6,374E-5
3,8684E-5
6,5887E-5
6,5541E-5
6,2432E-5
6,52E-5
2,9174E-5
6,0331E-5
3,8477E-5
6,3234E-5
3,7808E-5
3,6462E-5
3,666E-5
6,1946E-5
3,4246E-5
3,3803E-5
2,9202E-5
3,7334E-5
5,8029E-5
5,6682E-5
5,658E-5
5,5436E-5
7,1399E-5
5,7197E-5
3,6907E-5
6,2127E-5
3,7464E-5
3,1701E-5
2,9775E-5
6,3602E-5
2,9108E-5
3,1468E-5
4,4875E-5
3,743E-5
5,8097E-5
5,6531E-5
2,8593E-5
3,1509E-5
6,1634E-5
4,0367E-5
6,5314E-5
5,7549E-5
5,6751E-5
6,4081E-5
3,8782E-5
6,1846E-5
4,0926E-5
6,3741E-5
3,8622E-5
3,3208E-5
2,7343E-5
3,0941E-5
5,7521E-5
5,4732E-5
5,8141E-5
3,71E-5
6,2795E-5
5,5677E-5
8,4706E-5
3,8834E-5
5,76E-5
3,0251E-5
5,6467E-5
3,9496E-5
6,4093E-5
6,5339E-5
5,8315E-5
5,79E-5
4,3571E-5
5,5073E-5
4,3399E-5
3,8656E-5
5,5642E-5
6,5295E-5
5,6205E-5
6,3389E-5
6,4853E-5
6,6404E-5
6,4704E-5
6,4073E-5
6,33E-5
3,1876E-5
5,8378E-5
5,5851E-5
4,5632E-5
5,9059E-5
6,3404E-5
3,7356E-5
5,7895E-5
7,2887E-5
6,166E-5
3,0608E-5
2,8797E-5
6,2383E-5
3,6869E-5
5,6284E-5
3,658E-5
5,6656E-5
3,694E-5
0,001329466
3,8098E-5
6,2748E-5
3,6926E-5
5,6581E-5
3,8636E-5
6,3804E-5
3,7765E-5
5,58E-5
3,3949E-5
5,7125E-5
5,4052E-5
5,6948E-5
3,7774E-5
5,7082E-5
3,8268E-5
5,6225E-5
3,8279E-5
5,699E-5
3,8348E-5
5,7331E-5
3,8586E-5
5,6484E-5
3,9702E-5
5,6973E-5
6,7144E-5
5,5991E-5
3,9844E-5
5,8032E-5
3,8403E-5
6,9081E-5
3,7292E-5
5,8084E-5
3,795E-5
5,6517E-5
3,8638E-5
6,3664E-5
3,8299E-5
5,7382E-5
3,8742E-5
5,7682E-5
3,4318E-5
5,6887E-5
3,454E-5
4,5292E-5
3,6697E-5
5,6335E-5
3,4211E-5
5,7107E-5
5,4472E-5
7,3879E-5
5,4849E-5
6,8617E-5
5,8849E-5
4,288E-5
5,2073E-5
6,4613E-5
5,3382E-5
5,7424E-5
5,3941E-5
4,259E-5
3,3983E-5
6,4372E-5
3,5198E-5
5,7109E-5
5,5566E-5
6,3699E-5
6,3791E-5
3,1156E-5
6,995E-5
5,5773E-5
2,9893E-5
3,2245E-5
3,7198E-5
4,3644E-5
5,7629E-5
6,4286E-5
5,2967E-5
7,1119E-5
6,0139E-5
6,4838E-5
6,0535E-5
4,4031E-5
5,7771E-5
4,7811E-5
5,7243E-5
4,2726E-5
6,4572E-5
5,8626E-5
6,4851E-5
5,6061E-5
3,2151E-5
5,4982E-5
6,5261E-5
6,3242E-5
6,2806E-5
5,5528E-5
3,1829E-5
4,5222E-5
5,4412E-5
6,3535E-5
5,5292E-5
6,4019E-5
5,4251E-5
6,4413E-5
5,7468E-5
6,007E-5
5,432E-5
6,7895E-5
5,4113E-5
7,7532E-5
5,3958E-5
4,4047E-5
3,4584E-5
6,7163E-5
3,7174E-5
5,7926E-5
3,4881E-5
5,7168E-5
3,5944E-5
5,6461E-5
3,8436E-5
5,6605E-5
3,7559E-5
6,5337E-5
3,7838E-5
5,7831E-5
4,0669E-5
7,0054E-5
3,904E-5
5,7492E-5
6,83E-5
6,3862E-5
2,9486E-5
5,6007E-5
6,7736E-5
6,2165E-5
5,6429E-5
3,3168E-5
3,1532E-5
3,6871E-5
7,5395E-5
3,8318E-5
6,8886E-5
7,8411E-5
5,5072E-5
5,705E-5
2,9561E-5
7,1983E-5
6,5991E-5
3,8487E-5
2,9536E-5
6,4076E-5
5,4975E-5
3,0397E-5
2,8983E-5
3,0842E-5
4,4535E-5
3,9363E-5
6,4835E-5
3,4502E-5
4,3921E-5
5,4645E-5
6,4035E-5
5,6312E-5
4,362E-5
6,3348E-5
5,6326E-5
5,5446E-5
3,7793E-5
3,1205E-5
3,9444E-5
6,2302E-5
6,3028E-5
5,4333E-5
5,6393E-5
5,563E-5
3,845E-5
5,4617E-5
3,1038E-5
5,6266E-5
6,5673E-5
5,4925E-5
5,7439E-5
5,5145E-5
3,0387E-5
5,5086E-5
5,8426E-5
5,4121E-5
3,138E-5
3,012E-5
3,755E-5
4,507E-5
5,4979E-5
6,3979E-5
5,2186E-5
5,6797E-5
5,4784E-5
6,3695E-5
3,0116E-5
4,2972E-5
5,4347E-5
5,7983E-5
3,3502E-5
5,7227E-5
6,4282E-5
6,2234E-5
6,2682E-5
6,2075E-5
6,2464E-5
5,5096E-5
8,1236E-5
6,1929E-5
6,178E-5
6,1991E-5
6,2908E-5
6,2162E-5
5,7146E-5
2,8489E-5
2,9753E-5
5,452E-5
6,4047E-5
5,5536E-5
2,9549E-5
4,2788E-5
5,7795E-5
6,6153E-5
6,3752E-5
5,3285E-5
3,1346E-5
2,9203E-5
3,7182E-5
5,7931E-5
6,3939E-5
5,463E-5
3,2552E-5
5,6981E-5
6,369E-5
6,3441E-5
6,1735E-5
5,3889E-5
6,2464E-5
9,0836E-5
6,275E-5
2,7422E-5
3,8374E-5
6,4283E-5
3,1706E-5
6,657E-5
6,4845E-5
5,4034E-5
3,241E-5
2,9211E-5
5,6885E-5
5,6508E-5
3,1103E-5
3,0836E-5
3,7155E-5
4,4557E-5
5,736E-5
5,4944E-5
3,0516E-5
2,7639E-5
3,8854E-5
4,2198E-5
5,7107E-5
6,1937E-5
5,6073E-5
5,808E-5
3,9346E-5
6,0925E-5
6,4354E-5
2,9484E-5
2,9255E-5
2,9544E-5
6,4356E-5
6,4646E-5
6,0604E-5
5,3251E-5
5,1471E-5
5,5416E-5
6,2041E-5
2,9503E-5
8,102E-5
7,4147E-5
5,9376E-5
7,1569E-5
6,2256E-5
6,7256E-5
6,3281E-5
6,8257E-5
6,2961E-5
7,8081E-5
6,3814E-5
7,8147E-5
5,6102E-5
7,3284E-5
5,907E-5
7,6189E-5
6,0222E-5
7,7487E-5
6,6157E-5
3,5417E-5
4,4909E-5
4,881E-5
7,0211E-5
4,9351E-5
6,6134E-5
7,3301E-5
3,1626E-5
7,3863E-5
7,3908E-5
3,0437E-5
7,9338E-5
5,6214E-5
7,3114E-5
7,9898E-5
6,2442E-5
2,812E-5
8,5129E-5
5,8243E-5
3,7985E-5
6,1869E-5
6,7398E-5
5,4599E-5
4,5973E-5
2,8964E-5
3,8489E-5
4,8996E-5
6,9061E-5
7,0532E-5
3,2237E-5
6,3082E-5
6,8995E-5
5,3239E-5
3,1078E-5
5,4039E-5
3,7084E-5
6,3588E-5
3,8454E-5
6,566E-5
5,7799E-5
6,4551E-5
6,4957E-5
5,4472E-5
3,2018E-5
2,9928E-5
3,7644E-5
5,6632E-5
6,3589E-5
2,845E-5
3,7427E-5
5,7558E-5
6,3964E-5
5,3921E-5
3,0796E-5
0,001286091
3,7961E-5
4,3875E-5
6,3626E-5
4,3047E-5
3,7381E-5
6,4624E-5
5,6661E-5
5,694E-5
0,001417336
5,5784E-5
2,9308E-5
2,799E-5
3,7572E-5
5,813E-5
3,1662E-5
5,7414E-5
6,3497E-5
5,356E-5
3,7879E-5
3,0882E-5
3,6681E-5
5,5725E-5
6,3824E-5
2,8808E-5
3,8157E-5
2,8868E-5
3,9282E-5
5,7581E-5
6,5019E-5
5,7213E-5
5,8202E-5
5,4671E-5
3,1019E-5
2,9306E-5
3,8153E-5
4,4567E-5
6,3901E-5
5,4859E-5
3,1441E-5
2,9521E-5
3,7657E-5
4,2886E-5
5,3528E-5
6,3106E-5
5,5281E-5
4,3241E-5
3,3083E-5
5,6742E-5
3,4439E-5
6,368E-5
3,4383E-5
5,7078E-5
3,4312E-5
6,6578E-5
5,5372E-5
6,5562E-5
5,4247E-5
6,4039E-5
5,3317E-5
5,6391E-5
3,8897E-5
5,8715E-5
5,7807E-5
5,7081E-5
5,6831E-5
2,8639E-5
3,0974E-5
5,6965E-5
6,3001E-5
2,7666E-5
3,7221E-5
6,3301E-5
6,2354E-5
3,0891E-5
5,6955E-5
5,5111E-5
3,8039E-5
3,082E-5
6,4885E-5
6,2966E-5
6,3083E-5
6,2715E-5
6,2077E-5
6,3928E-5
6,465E-5
6,2165E-5
6,3297E-5
6,2073E-5
6,3976E-5
6,1333E-5
6,1346E-5
6,2828E-5
6,2684E-5
2,9826E-5
3,76E-5
5,6711E-5
6,6886E-5
2,7657E-5
3,7101E-5
6,383E-5
6,4028E-5
5,5191E-5
3,1731E-5
5,6019E-5
3,9126E-5
6,4074E-5
6,3887E-5
5,4623E-5
3,0603E-5
2,9351E-5
3,7851E-5
5,6781E-5
5,8213E-5
4,3387E-5
5,7171E-5
5,7828E-5
6,535E-5
4,4758E-5
5,4373E-5
4,4235E-5
3,4968E-5
5,6553E-5
4,2281E-5
5,8188E-5
3,5913E-5
5,6699E-5
3,5129E-5
7,0832E-5
5,5449E-5
6,9139E-5
5,48E-5
7,8139E-5
5,3521E-5
5,7127E-5
5,5315E-5
6,829E-5
5,6049E-5
6,2876E-5
6,2607E-5
6,0746E-5
5,4488E-5
6,6196E-5
5,4409E-5
6,5176E-5
5,4822E-5
4,4208E-5
5,4592E-5
6,0465E-5
5,4643E-5
6,4388E-5
6,5524E-5
5,8295E-5
6,6796E-5
4,3004E-5
3,5669E-5
6,3867E-5
3,5596E-5
5,7264E-5
4,4341E-5
0,001370253
3,768E-5
5,7585E-5
3,5656E-5
5,7908E-5
4,6942E-5
5,8869E-5
3,4476E-5
5,8133E-5
3,9644E-5
6,5624E-5
3,654E-5
5,6489E-5
4,1506E-5
6,2888E-5
5,3755E-5
5,7414E-5
5,6182E-5
4,2821E-5
5,3157E-5
5,784E-5
5,7516E-5
5,5029E-5
7,1499E-5
4,9158E-5
5,5561E-5
7,0005E-5
7,5954E-5
2,946E-5
6,3524E-5
5,5561E-5
3,2638E-5
5,5498E-5
3,0606E-5
2,8668E-5
3,7961E-5
6,375E-5
7,0314E-5
5,5191E-5
3,3882E-5
6,3484E-5
8,9805E-5
6,0867E-5
3,0731E-5
5,8214E-5
7,8116E-5
5,3887E-5
4,6121E-5
3,0033E-5
3,7713E-5
6,6212E-5
5,6591E-5
4,3763E-5
5,2817E-5
5,8087E-5
7,6551E-5
7,0945E-5
7,0621E-5
3,0239E-5
2,9911E-5
6,4773E-5
7,59E-5
5,6656E-5
4,347E-5
4,4056E-5
5,6955E-5
5,0094E-5
5,4606E-5
7,4722E-5
4,9417E-5
6,9837E-5
6,8617E-5
6,4712E-5
5,692E-5
5,6555E-5
6,8412E-5
7,4454E-5
3,1894E-5
2,9407E-5
3,7195E-5
7,2103E-5
6,363E-5
5,6495E-5
6,952E-5
8,2035E-5
6,2498E-5
7,4499E-5
6,1903E-5
2,815E-5
4,7884E-5
2,8893E-5
3,0612E-5
6,5971E-5
7,4001E-5
5,3838E-5
3,8578E-5
3,0385E-5
3,7659E-5
5,3546E-5
6,2973E-5
5,274E-5
5,3275E-5
6,9282E-5
5,4721E-5
6,9447E-5
5,3279E-5
7,0179E-5
5,3972E-5
7,1315E-5
5,8334E-5
4,9941E-5
7,5492E-5
2,8699E-5
3,7712E-5
7,5199E-5
9,7073E-5
5,6373E-5
3,0247E-5
2,8816E-5
3,0602E-5
5,1344E-5
5,7197E-5
4,3646E-5
3,6362E-5
5,6018E-5
4,0601E-5
5,7838E-5
5,0512E-5
8,4436E-5
4,9823E-5
6,3109E-5
5,3699E-5
6,3472E-5
4,9862E-5
6,1966E-5
5,2319E-5
6,9978E-5
6,9529E-5
7,1008E-5
5,4419E-5
7,3087E-5
5,3449E-5
5,965E-5
5,3506E-5
7,2063E-5
5,6075E-5
7,2119E-5
5,5593E-5
7,175E-5
5,3052E-5
4,2875E-5
3,3996E-5
6,5455E-5
3,6162E-5
5,8042E-5
3,4497E-5
5,8206E-5
3,5373E-5
5,6316E-5
3,6432E-5
4,6241E-5
3,4308E-5
5,7113E-5
3,7184E-5
5,6915E-5
3,8833E-5
5,6664E-5
3,7959E-5
6,658E-5
3,6874E-5
5,6687E-5
3,7529E-5
5,5913E-5
3,8561E-5
5,6527E-5
3,7609E-5
6,197E-5
3,7522E-5
5,6499E-5
3,6826E-5
5,6194E-5
3,8162E-5
6,0119E-5
3,8351E-5
5,6232E-5
3,8771E-5
6,0599E-5
3,9651E-5
6,3525E-5
3,9194E-5
5,767E-5
3,9321E-5
5,7404E-5
3,9104E-5
6,3517E-5
3,8034E-5
6,0179E-5
3,986E-5
5,9484E-5
3,832E-5
5,9492E-5
3,8433E-5
5,6016E-5
3,8755E-5
5,7268E-5
3,6756E-5
5,4824E-5
3,6429E-5
6,6421E-5
3,8148E-5
6,1078E-5
4,3144E-5
5,6143E-5
3,8875E-5
6,3205E-5
4,0852E-5
7,1519E-5
3,8247E-5
5,7277E-5
3,8341E-5
5,7723E-5
7,1159E-5
5,7767E-5
6,7451E-5
6,191E-5
6,1557E-5
6,354E-5
6,1777E-5
5,6481E-5
6,173E-5
6,2627E-5
6,2421E-5
6,221E-5
6,2509E-5
6,2771E-5
6,2217E-5
6,1978E-5
6,4252E-5
6,3753E-5
2,963E-5
5,6805E-5
5,5568E-5
2,9967E-5
2,8134E-5
5,6814E-5
5,4622E-5
2,9918E-5
2,7809E-5
3,8543E-5
4,2818E-5
5,3677E-5
6,4532E-5
2,9657E-5
5,7626E-5
6,5717E-5
5,5021E-5
3,1477E-5
6,2812E-5
3,238E-5
5,3363E-5
6,4355E-5
6,1879E-5
3,2145E-5
2,9528E-5
5,7554E-5
2,8754E-5
6,3618E-5
5,5897E-5
3,1501E-5
3,0365E-5
3,0251E-5
9,966E-5
3,7735E-5
7,5338E-5
7,6716E-5
5,3474E-5
3,0851E-5
6,377E-5
6,5666E-5
5,3732E-5
3,8472E-5
2,926E-5
3,7141E-5
4,3848E-5
5,6336E-5
4,3843E-5
5,3302E-5
6,525E-5
5,4004E-5
5,7566E-5
5,4149E-5
4,2568E-5
3,3123E-5
5,6366E-5
3,3309E-5
6,4503E-5
6,6107E-5
4,3941E-5
3,4212E-5
6,3683E-5
3,5731E-5
5,7509E-5
3,558E-5
5,809E-5
3,5833E-5
6,4258E-5
5,3291E-5
7,1206E-5
5,4759E-5
6,373E-5
5,5982E-5
5,7272E-5
6,3959E-5
5,3515E-5
6,36E-5
5,3361E-5
5,8442E-5
5,6753E-5
3,2958E-5
5,4822E-5
3,9732E-5
4,424E-5
5,7048E-5
5,7083E-5
2,9695E-5
5,9615E-5
5,7872E-5
4,3585E-5
5,8255E-5
5,7204E-5
6,5363E-5
6,4803E-5
6,3888E-5
6,1825E-5
6,2593E-5
6,1877E-5
6,2191E-5
6,2293E-5
5,7827E-5
6,4702E-5
6,1505E-5
6,36E-5
6,1366E-5
6,1996E-5
6,1352E-5
2,9684E-5
3,9554E-5
4,485E-5
4,8465E-5
6,4079E-5
5,2084E-5
6,5951E-5
5,3488E-5
7,0396E-5
5,3422E-5
6,4682E-5
5,7917E-5
4,9229E-5
6,37E-5
5,8962E-5
5,1144E-5
4,3291E-5
3,5023E-5
5,7524E-5
3,384E-5
5,6875E-5
6,8431E-5
5,7528E-5
7,157E-5
6,0322E-5
6,7992E-5
6,332E-5
7,2646E-5
6,4221E-5
6,9221E-5
5,961E-5
7,2413E-5
6,2631E-5
6,7199E-5
5,65E-5
6,7222E-5
6,2659E-5
6,6429E-5
0,001158062
6,7427E-5
5,69E-5
6,9181E-5
6,3715E-5
7,341E-5
5,9246E-5
7,2125E-5
6,3242E-5
5,6221E-5
6,2743E-5
7,4423E-5
6,3421E-5
3,1206E-5
5,5965E-5
3,1563E-5
3,2921E-5
6,8051E-5
0,001338276
5,4206E-5
3,447E-5
5,3943E-5
3,3985E-5
5,5042E-5
3,0094E-5
4,3042E-5
7,6859E-5
5,9098E-5
6,5856E-5
6,3486E-5
6,1441E-5
7,0068E-5
6,4219E-5
6,3562E-5
6,3578E-5
5,6877E-5
6,3281E-5
6,6991E-5
6,3611E-5
6,5289E-5
6,3345E-5
7,2196E-5
6,561E-5
5,528E-5
6,3952E-5
6,3408E-5
6,0425E-5
6,2303E-5
6,5154E-5
6,1709E-5
6,4371E-5
6,357E-5
5,6929E-5
6,252E-5
6,5165E-5
2,8492E-5
3,8012E-5
4,4193E-5
4,9893E-5
5,6987E-5
5,4971E-5
5,6172E-5
5,4438E-5
5,7136E-5
5,5397E-5
6,3405E-5
5,2551E-5
5,7457E-5
5,7247E-5
4,6489E-5
6,479E-5
2,9241E-5
3,2157E-5
5,7791E-5
6,364E-5
5,4615E-5
6,3693E-5
5,5597E-5
3,2517E-5
3,2435E-5
5,5963E-5
2,9489E-5
3,0358E-5
4,272E-5
3,9316E-5
6,4927E-5
5,7086E-5
5,6575E-5
6,3568E-5
5,506E-5
3,1276E-5
2,8708E-5
3,0729E-5
5,8524E-5
5,6571E-5
4,3345E-5
6,3521E-5
5,417E-5
3,1787E-5
2,9695E-5
3,7148E-5
4,3885E-5
5,7752E-5
4,7084E-5
5,4391E-5
4,3206E-5
3,3609E-5
0,001258417
3,4404E-5
5,6847E-5
3,3047E-5
5,7918E-5
3,4431E-5
5,7592E-5
3,4445E-5
5,5652E-5
3,8968E-5
5,6509E-5
3,3988E-5
5,6627E-5
3,4799E-5
5,664E-5
3,358E-5
5,616E-5
3,4515E-5
5,8545E-5
3,5233E-5
5,6757E-5
3,3382E-5
5,7979E-5
3,4534E-5
5,6563E-5
3,3639E-5
5,698E-5
3,464E-5
6,3076E-5
3,3246E-5
6,3666E-5
3,5677E-5
6,4064E-5
5,4263E-5
6,494E-5
5,2449E-5
6,4675E-5
6,8652E-5
6,5671E-5
5,4392E-5
5,6209E-5
5,753E-5
6,3837E-5
6,5319E-5
5,5633E-5
2,9228E-5
5,5579E-5
3,3267E-5
3,2774E-5
3,0822E-5
2,8333E-5
3,7091E-5
5,7011E-5
0,001235621
4,3767E-5
3,2624E-5
4,2535E-5
5,8309E-5
4,3269E-5
5,372E-5
6,3268E-5
4,8275E-5
6,3924E-5
5,3735E-5
6,3957E-5
5,343E-5
5,767E-5
5,7454E-5
4,3571E-5
5,5004E-5
6,5723E-5
6,4633E-5
5,8207E-5
6,7169E-5
5,7533E-5
3,1177E-5
3,0877E-5
3,8631E-5
7,2853E-5
9,1642E-5
5,4659E-5
3,9086E-5
2,914E-5
3,7918E-5
4,3985E-5
3,4148E-5
5,6397E-5
3,3641E-5
5,6609E-5
0,001253069
5,7098E-5
3,4207E-5
6,3252E-5
5,4443E-5
5,8372E-5
5,5517E-5
4,3162E-5
3,4373E-5
5,703E-5
3,6734E-5
5,9203E-5
3,6637E-5
5,7388E-5
3,4983E-5
5,635E-5
3,6259E-5
5,8403E-5
3,5583E-5
5,8122E-5
3,6026E-5
5,7882E-5
3,6801E-5
5,7353E-5
3,4528E-5
5,7782E-5
3,5805E-5
5,7892E-5
3,4414E-5
5,7932E-5
3,6443E-5
6,3977E-5
5,4209E-5
5,7038E-5
5,4132E-5
5,8074E-5
5,6717E-5
6,0679E-5
6,826E-5
6,2098E-5
6,2679E-5
6,5243E-5
6,3264E-5
6,1641E-5
6,089E-5
6,4797E-5
6,1856E-5
2,865E-5
2,9932E-5
3,1125E-5
5,7592E-5
5,8227E-5
3,3834E-5
2,9477E-5
3,7326E-5
4,3547E-5
5,3859E-5
6,5021E-5
5,4872E-5
6,5099E-5
5,4337E-5
5,82E-5
3,379E-5
6,3204E-5
3,8788E-5
5,7899E-5
3,4754E-5
5,6256E-5
3,3682E-5
6,5501E-5
3,7179E-5
5,7977E-5
3,6924E-5
5,7759E-5
3,3961E-5
4,3105E-5
3,56E-5
5,603E-5
3,4139E-5
5,7405E-5
3,702E-5
6,3774E-5
4,159E-5
5,7747E-5
3,7717E-5
6,3555E-5
5,3916E-5
5,6834E-5
5,1E-5
5,733E-5
5,4339E-5
4,3757E-5
3,5558E-5
5,6425E-5
4,0258E-5
6,5888E-5
7,0142E-5
6,6143E-5
5,5861E-5
5,8514E-5
5,5518E-5
5,7356E-5
5,4417E-5
6,7188E-5
5,8161E-5
6,4896E-5
6,6688E-5
5,5067E-5
3,2394E-5
6,4013E-5
5,7176E-5
5,3877E-5
3,6749E-5
2,9659E-5
5,7442E-5
5,5582E-5
3,8196E-5
5,5536E-5
3,1607E-5
3,0733E-5
3,1042E-5
5,6057E-5
6,4092E-5
5,3899E-5
6,2935E-5
5,4003E-5
3,1299E-5
3,037E-5
3,8069E-5
5,6127E-5
6,2725E-5
5,4251E-5
3,0819E-5
4,3201E-5
5,3355E-5
6,3912E-5
5,7449E-5
2,8899E-5
3,7052E-5
4,3393E-5
3,6803E-5
5,6279E-5
6,4152E-5
5,553E-5
6,4813E-5
5,5187E-5
3,2144E-5
2,8941E-5
5,685E-5
5,5624E-5
4,1178E-5
3,0634E-5
3,849E-5
6,4054E-5
6,5135E-5
5,4643E-5
3,0111E-5
3,0324E-5
3,9486E-5
3,0755E-5
3,8068E-5
4,4667E-5
6,5106E-5
2,9596E-5
3,8187E-5
4,2994E-5
5,7243E-5
4,52E-5
5,3317E-5
6,4936E-5
5,3308E-5
5,7063E-5
5,4169E-5
6,6356E-5
5,3757E-5
5,6971E-5
5,3336E-5
6,6373E-5
5,1644E-5
6,597E-5
7,2382E-5
6,3612E-5
6,4915E-5
6,2001E-5
6,2108E-5
6,2347E-5
6,6939E-5
6,487E-5
5,7102E-5
6,2474E-5
6,3198E-5
6,3052E-5
6,2076E-5
6,3179E-5
6,332E-5
6,3156E-5
6,1562E-5
6,1889E-5
6,2458E-5
6,3168E-5
6,2981E-5
6,3101E-5
6,0444E-5
6,2557E-5
6,204E-5
7,3019E-5
6,1633E-5
6,3185E-5
6,3253E-5
8,2381E-5
6,144E-5
6,2229E-5
6,3371E-5
6,3045E-5
5,7039E-5
6,5016E-5
6,1888E-5
3,0012E-5
3,0624E-5
5,3951E-5
3,8868E-5
4,3305E-5
5,7186E-5
4,4431E-5
5,5476E-5
5,7948E-5
5,8727E-5
5,6572E-5
3,3164E-5
5,8664E-5
6,451E-5
5,5048E-5
3,152E-5
2,889E-5
3,7236E-5
5,8213E-5
3,1055E-5
5,9218E-5
6,3846E-5
5,5357E-5
6,354E-5
5,6144E-5
3,1864E-5
2,8106E-5
6,4832E-5
5,495E-5
2,9591E-5
5,6064E-5
6,1333E-5
5,5777E-5
3,1903E-5
3,1962E-5
3,7128E-5
5,6565E-5
6,3811E-5
2,8179E-5
5,6909E-5
5,864E-5
3,1996E-5
6,8447E-5
6,2852E-5
6,7324E-5
6,5195E-5
5,4608E-5
6,1543E-5
6,1782E-5
6,1906E-5
6,1754E-5
6,6117E-5
6,1915E-5
6,5752E-5
7,9221E-5
6,0507E-5
3,2198E-5
3,1405E-5
4,3406E-5
6,3686E-5
5,5473E-5
3,665E-5
5,3779E-5
3,7513E-5
2,9E-5
3,6857E-5
4,3077E-5
3,2398E-5
5,6807E-5
5,5795E-5
6,3597E-5
5,574E-5
4,3053E-5
5,7104E-5
4,2959E-5
4,8364E-5
4,3349E-5
3,4763E-5
5,724E-5
3,5226E-5
5,6778E-5
3,5179E-5
5,8023E-5
3,6868E-5
5,75E-5
3,5238E-5
5,7338E-5
3,3981E-5
5,6365E-5
3,4042E-5
5,6649E-5
3,4308E-5
5,7264E-5
3,3627E-5
5,6876E-5
3,6551E-5
5,8499E-5
3,4137E-5
5,5837E-5
4,4812E-5
5,6017E-5
5,3601E-5
6,4747E-5
5,4438E-5
5,5476E-5
5,3232E-5
6,4919E-5
6,4585E-5
4,389E-5
5,6791E-5
3,0958E-5
4,685E-5
5,2827E-5
5,7427E-5
5,6668E-5
2,9444E-5
4,2934E-5
5,3718E-5
6,2536E-5
5,3075E-5
6,7083E-5
5,7677E-5
5,0657E-5
5,3249E-5
6,577E-5
5,6115E-5
6,4653E-5
7,0187E-5
6,3042E-5
5,6741E-5
5,5805E-5
7,4188E-5
2,7527E-5
3,8171E-5
5,7521E-5
3,1601E-5
5,7319E-5
5,7293E-5
5,8027E-5
6,4659E-5
5,4296E-5
6,5429E-5
5,4705E-5
4,1825E-5
2,8368E-5
3,7852E-5
5,7856E-5
6,4229E-5
5,3607E-5
3,1896E-5
2,9368E-5
7,3063E-5
5,5151E-5
3,2071E-5
3,0156E-5
5,6541E-5
2,9692E-5
3,734E-5
4,3188E-5
3,8212E-5
6,4577E-5
5,7731E-5
2,7663E-5
3,8494E-5
6,4127E-5
6,5687E-5
5,5433E-5
3,1467E-5
2,835E-5
3,8801E-5
6,5823E-5
6,4449E-5
2,8205E-5
3,9057E-5
2,9175E-5
3,8272E-5
5,7513E-5
6,6625E-5
5,7111E-5
3,0897E-5
3,2122E-5
3,5968E-5
4,3973E-5
5,7341E-5
5,6432E-5
6,4707E-5
6,156E-5
6,2259E-5
6,3163E-5
6,2039E-5
6,1267E-5
6,2723E-5
7,0785E-5
6,1005E-5
6,3135E-5
6,2713E-5
6,2376E-5
6,1745E-5
6,1822E-5
6,1598E-5
2,8901E-5
3,0284E-5
3,014E-5
3,8741E-5
4,3158E-5
6,1515E-5
5,8264E-5
3,2131E-5
6,4821E-5
6,8031E-5
5,4979E-5
3,6202E-5
3,202E-5
3,8267E-5
4,4672E-5
5,71E-5
5,6149E-5
5,7086E-5
4,2496E-5
5,7313E-5
5,6021E-5
5,7569E-5
6,918E-5
5,7258E-5
4,3538E-5
5,3207E-5
4,295E-5
5,4238E-5
6,8264E-5
5,3973E-5
6,367E-5
5,3852E-5
4,4994E-5
3,4484E-5
5,6341E-5
3,5385E-5
5,6266E-5
3,6237E-5
5,8766E-5
3,7951E-5
5,7536E-5
3,5149E-5
5,6527E-5
3,4925E-5
5,7426E-5
3,4047E-5
5,8018E-5
3,5303E-5
5,5639E-5
3,3361E-5
5,6083E-5
3,5779E-5
5,6375E-5
3,381E-5
5,6555E-5
3,3996E-5
5,6573E-5
6,909E-5
6,0722E-5
5,7228E-5
5,7024E-5
6,3523E-5
5,7196E-5
3,2488E-5
2,9143E-5
3,9217E-5
4,2792E-5
5,7067E-5
6,3984E-5
5,8327E-5
4,5443E-5
3,5812E-5
5,6471E-5
3,7055E-5
5,5943E-5
6,2857E-5
6,1921E-5
6,4186E-5
6,2243E-5
6,2027E-5
0,001266246
6,6785E-5
6,1723E-5
3,084E-5
3,8873E-5
4,423E-5
5,8437E-5
2,8473E-5
3,8313E-5
5,7437E-5
6,3636E-5
2,9503E-5
3,8674E-5
6,6327E-5
5,7243E-5
5,54E-5
3,015E-5
3,0497E-5
3,8596E-5
5,6857E-5
6,3263E-5
2,864E-5
6,0694E-5
5,5384E-5
4,7735E-5
2,8873E-5
3,8694E-5
4,611E-5
5,4052E-5
4,4143E-5
3,4963E-5
5,63E-5
3,5247E-5
6,459E-5
3,6356E-5
5,6905E-5
5,3026E-5
6,3404E-5
5,4405E-5
6,3288E-5
5,7496E-5
5,8151E-5
6,2939E-5
5,4635E-5
3,8345E-5
3,0607E-5
3,9396E-5
5,6811E-5
6,5995E-5
3,1265E-5
3,9497E-5
5,6879E-5
6,3667E-5
5,5083E-5
3,3681E-5
4,1752E-5
5,5403E-5
5,5758E-5
6,5075E-5
2,8678E-5
3,7221E-5
5,5996E-5
6,3346E-5
5,4411E-5
3,0961E-5
3,0184E-5
4,0021E-5
5,8307E-5
6,9665E-5
6,4292E-5
6,2461E-5
6,3737E-5
5,7512E-5
6,4148E-5
6,457E-5
8,0561E-5
6,1839E-5
6,2433E-5
6,2906E-5
6,3138E-5
6,3578E-5
6,2797E-5
6,2391E-5
6,2919E-5
6,2594E-5
6,2641E-5
6,189E-5
6,2856E-5
6,2886E-5
6,2936E-5
6,2122E-5
6,129E-5
6,2285E-5
7,3759E-5
6,2834E-5
2,9706E-5
5,644E-5
5,4326E-5
3,8041E-5
2,9813E-5
3,2018E-5
4,4509E-5
5,7967E-5
6,92E-5
6,4753E-5
6,2976E-5
6,2315E-5
6,348E-5
6,1232E-5
7,3186E-5
6,3405E-5
6,8568E-5
6,2847E-5
6,2858E-5
6,2755E-5
6,2155E-5
6,3738E-5
6,7105E-5
6,2425E-5
6,4314E-5
5,5772E-5
6,3049E-5
6,2331E-5
2,8129E-5
3,8467E-5
4,327E-5
6,4564E-5
5,4081E-5
2,9599E-5
3,1186E-5
4,0091E-5
2,8137E-5
3,0307E-5
4,2842E-5
5,8123E-5
4,5584E-5
3,8667E-5
6,7049E-5
6,9342E-5
5,464E-5
3,4668E-5
6,4008E-5
3,8089E-5
5,358E-5
3,7477E-5
4,4227E-5
5,7234E-5
6,1073E-5
3,011E-5
5,7519E-5
3,7802E-5
6,3508E-5
5,7545E-5
5,5839E-5
5,6784E-5
5,3644E-5
3,8246E-5
3,1082E-5
3,9196E-5
6,9848E-5
2,9769E-5
5,9084E-5
6,4112E-5
5,4673E-5
3,9077E-5
5,4239E-5
3,0008E-5
4,3465E-5
5,5851E-5
5,682E-5
6,96E-5
5,602E-5
3,8169E-5
3,0636E-5
7,4772E-5
5,5022E-5
3,7607E-5
2,9657E-5
3,8391E-5
3,5642E-5
3,8257E-5
4,3125E-5
3,7913E-5
5,7308E-5
6,4539E-5
5,3934E-5
3,2288E-5
2,9698E-5
3,7828E-5
4,7592E-5
5,314E-5
7,0082E-5
5,3868E-5
5,7745E-5
5,7888E-5
5,6842E-5
5,298E-5
4,2863E-5
3,5562E-5
6,4638E-5
3,3908E-5
5,7341E-5
6,0287E-5
4,2955E-5
5,8162E-5
6,5277E-5
5,7794E-5
5,9787E-5
6,2668E-5
5,5913E-5
3,203E-5
2,888E-5
3,6689E-5
6,1661E-5
5,6357E-5
5,0157E-5
6,5344E-5
7,2675E-5
5,7095E-5
4,9588E-5
5,8953E-5
7,4184E-5
5,6137E-5
4,9796E-5
5,3396E-5
6,3656E-5
5,3264E-5
6,3582E-5
5,2174E-5
6,4291E-5
5,5897E-5
5,6961E-5
5,6536E-5
5,5133E-5
3,8001E-5
2,7985E-5
3,802E-5
6,4292E-5
7,0597E-5
2,823E-5
3,7946E-5
5,5238E-5
4,2737E-5
4,355E-5
6,4953E-5
7,4754E-5
3,0038E-5
4,2647E-5
5,4366E-5
5,8405E-5
5,4518E-5
6,4047E-5
5,3969E-5
4,4252E-5
5,4175E-5
6,5734E-5
5,3788E-5
5,8117E-5
5,7194E-5
6,4035E-5
6,4194E-5
6,4116E-5
3,778E-5
5,5544E-5
3,186E-5
2,8026E-5
3,1393E-5
3,005E-5
3,7891E-5
4,292E-5
5,7915E-5
4,3607E-5
6,011E-5
5,7713E-5
5,7597E-5
3,7638E-5
3,1414E-5
5,8213E-5
6,4468E-5
5,5186E-5
3,121E-5
2,8532E-5
6,3423E-5
5,6374E-5
3,0536E-5
5,4165E-5
3,2718E-5
2,8311E-5
4,046E-5
5,5214E-5
3,7847E-5
4,3947E-5
5,8266E-5
4,4163E-5
5,346E-5
6,3387E-5
5,0926E-5
6,385E-5
4,9775E-5
7,2772E-5
5,3875E-5
6,5084E-5
6,453E-5
4,299E-5
5,4511E-5
6,3975E-5
5,5148E-5
6,5618E-5
5,4492E-5
6,4451E-5
5,323E-5
6,6013E-5
5,2475E-5
6,3576E-5
5,6654E-5
4,3048E-5
5,7573E-5
5,7843E-5
6,1894E-5
5,4535E-5
3,1449E-5
2,8983E-5
3,9422E-5
5,4463E-5
5,728E-5
5,6634E-5
6,2957E-5
5,4894E-5
3,1367E-5
2,8851E-5
3,2235E-5
5,2794E-5
5,6053E-5
4,3642E-5
5,3917E-5
6,4572E-5
5,4078E-5
5,764E-5
5,4544E-5
6,3453E-5
5,4323E-5
5,8018E-5
5,4292E-5
6,4093E-5
5,3958E-5
6,491E-5
5,4052E-5
5,7517E-5
5,3712E-5
6,5238E-5
5,2889E-5
6,5644E-5
5,4243E-5
6,5173E-5
5,4072E-5
4,3434E-5
3,6038E-5
5,8314E-5
3,5139E-5
5,695E-5
3,4249E-5
5,6735E-5
3,5915E-5
5,6357E-5
3,535E-5
5,8248E-5
3,4692E-5
5,6837E-5
3,6085E-5
6,5074E-5
3,8396E-5
5,7409E-5
3,5495E-5
0,001297552
3,5532E-5
5,692E-5
3,475E-5
5,6468E-5
3,3989E-5
6,3842E-5
3,3832E-5
5,7046E-5
5,1249E-5
6,2704E-5
3,8289E-5
5,689E-5
5,0595E-5
6,4808E-5
5,4079E-5
4,3568E-5
5,2587E-5
6,443E-5
5,9754E-5
5,8315E-5
3,7268E-5
4,2939E-5
3,4268E-5
5,6623E-5
3,5402E-5
5,7567E-5
3,6335E-5
5,6597E-5
3,8006E-5
5,6118E-5
3,8166E-5
5,7861E-5
3,3916E-5
5,8177E-5
3,6423E-5
5,7376E-5
3,6151E-5
5,7025E-5
5,8278E-5
6,4934E-5
5,5924E-5
6,8862E-5
5,6835E-5
6,4131E-5
5,3404E-5
5,5824E-5
6,8031E-5
4,3653E-5
3,5664E-5
5,6934E-5
3,37E-5
5,6487E-5
3,7865E-5
5,636E-5
3,742E-5
5,6203E-5
4,1917E-5
6,1221E-5
3,7887E-5
5,7193E-5
3,8117E-5
5,6619E-5
4,0182E-5
6,2416E-5
3,715E-5
6,4454E-5
3,9252E-5
6,2563E-5
3,7962E-5
5,6384E-5
3,7992E-5
5,7096E-5
4,03E-5
6,3105E-5
3,7827E-5
5,72E-5
3,7636E-5
5,5886E-5
3,8861E-5
6,3917E-5
6,2471E-5
6,1901E-5
2,8954E-5
6,4365E-5
5,3848E-5
3,0256E-5
2,8121E-5
3,3002E-5
6,425E-5
7,4142E-5
5,6527E-5
4,6708E-5
3,208E-5
3,8876E-5
5,6221E-5
3,6836E-5
6,3291E-5
5,7637E-5
4,4086E-5
7,0511E-5
7,5764E-5
5,8765E-5
4,9551E-5
5,5498E-5
6,2492E-5
5,2716E-5
6,8972E-5
5,3529E-5
7,2496E-5
5,4188E-5
7,2597E-5
5,8702E-5
7,1467E-5
8,2388E-5
5,4195E-5
4,2786E-5
2,962E-5
3,0287E-5
6,7909E-5
3,8158E-5
7,2438E-5
6,9048E-5
2,7708E-5
3,6821E-5
5,1625E-5
5,3295E-5
7,143E-5
5,4389E-5
7,1949E-5
5,46E-5
4,4481E-5
4,1717E-5
6,5504E-5
4,6944E-5
5,6652E-5
3,7049E-5
5,5523E-5
6,2877E-5
6,1845E-5
6,335E-5
6,2248E-5
8,1356E-5
6,2429E-5
6,7898E-5
6,2162E-5
7,0944E-5
6,2643E-5
6,2943E-5
6,2426E-5
6,2957E-5
5,682E-5
6,3581E-5
6,3436E-5
6,3041E-5
6,315E-5
6,1845E-5
6,1479E-5
2,9172E-5
3,1008E-5
3,0324E-5
3,9498E-5
4,555E-5
5,6542E-5
7,3843E-5
5,7957E-5
5,6975E-5
6,5372E-5
5,3208E-5
3,0425E-5
5,5157E-5
2,9916E-5
4,412E-5
5,7797E-5
5,7488E-5
6,4578E-5
5,5126E-5
2,9895E-5
2,875E-5
3,7661E-5
4,3298E-5
5,8268E-5
4,2702E-5
5,4093E-5
6,2393E-5
5,6629E-5
4,3853E-5
5,1704E-5
5,6964E-5
5,4467E-5
6,5752E-5
5,5931E-5
5,0664E-5
6,7439E-5
5,7687E-5
5,4949E-5
6,3719E-5
5,6764E-5
5,6261E-5
6,8646E-5
5,3724E-5
3,2391E-5
5,403E-5
3,234E-5
6,6872E-5
5,8291E-5
4,536E-5
5,7537E-5
5,6207E-5
6,3006E-5
5,5098E-5
3,0497E-5
2,8253E-5
3,7889E-5
5,6601E-5
3,0356E-5
4,38E-5
5,3517E-5
6,4005E-5
5,3656E-5
7,1372E-5
5,3202E-5
6,7499E-5
5,3218E-5
6,374E-5
6,8355E-5
5,444E-5
3,4616E-5
2,9876E-5
4,1091E-5
4,6973E-5
5,6344E-5
5,7375E-5
6,3395E-5
5,777E-5
3,2842E-5
4,4595E-5
5,9108E-5
5,7453E-5
6,7901E-5
5,4614E-5
3,1735E-5
5,3481E-5
3,9402E-5
4,3374E-5
5,137E-5
6,3225E-5
5,4775E-5
6,5632E-5
5,4611E-5
6,4689E-5
5,522E-5
6,5823E-5
5,671E-5
5,6434E-5
6,3851E-5
5,5469E-5
3,2483E-5
5,8674E-5
3,2567E-5
3,0887E-5
6,2365E-5
6,1427E-5
6,5649E-5
6,268E-5
6,2342E-5
6,1666E-5
5,8706E-5
6,324E-5
6,817E-5
3,0093E-5
3,2967E-5
3,0987E-5
3,0405E-5
4,3233E-5
6,3997E-5
5,4721E-5
5,6759E-5
5,4638E-5
3,0989E-5
2,8073E-5
3,6709E-5
4,9714E-5
5,6907E-5
5,0812E-5
5,6348E-5
5,7458E-5
6,4523E-5
6,2878E-5
6,3037E-5
6,3264E-5
6,2219E-5
6,3413E-5
6,1234E-5
6,1165E-5
6,2402E-5
6,1828E-5
6,2423E-5
5,4136E-5
6,1723E-5
6,4151E-5
5,6748E-5
6,2387E-5
0,001303664
6,2471E-5
6,197E-5
6,3277E-5
5,5969E-5
6,344E-5
6,4972E-5
6,3039E-5
6,241E-5
6,6424E-5
6,1877E-5
6,3768E-5
6,3969E-5
6,4621E-5
6,1797E-5
6,6007E-5
6,4162E-5
6,3179E-5
6,2864E-5
6,3588E-5
5,6732E-5
6,298E-5
6,1831E-5
6,4405E-5
6,2755E-5
6,3063E-5
6,1399E-5
6,2236E-5
6,1114E-5
6,1797E-5
6,1296E-5
6,2341E-5
6,2832E-5
6,2927E-5
6,2486E-5
3,9251E-5
5,7051E-5
3,7124E-5
6,5661E-5
3,8379E-5
8,7423E-5
3,9542E-5
7,0953E-5
3,8751E-5
6,7121E-5
3,7556E-5
6,1668E-5
3,7735E-5
5,7395E-5
3,6319E-5
5,8411E-5
3,8285E-5
6,6736E-5
3,6483E-5
6,2583E-5
3,7327E-5
5,7187E-5
3,9552E-5
5,6305E-5
3,7756E-5
6,4894E-5
3,5549E-5
5,7418E-5
3,4627E-5
5,6015E-5
5,0938E-5
5,6448E-5
3,3557E-5
6,2754E-5
4,0091E-5
5,6887E-5
4,0711E-5
5,6124E-5
3,5188E-5
6,4139E-5
3,8467E-5
5,5693E-5
3,7346E-5
5,5293E-5
3,8433E-5
5,8278E-5
6,2035E-5
6,2216E-5
3,0106E-5
3,9721E-5
5,829E-5
6,4218E-5
5,3484E-5
3,9216E-5
2,8481E-5
3,7446E-5
5,5062E-5
6,4642E-5
3,0868E-5
3,0806E-5
5,8396E-5
6,5798E-5
5,5251E-5
3,8128E-5
5,3201E-5
6,3157E-5
5,4149E-5
3,1813E-5
5,7495E-5
5,7547E-5
5,545E-5
5,6222E-5
5,4628E-5
6,3187E-5
6,6077E-5
6,2452E-5
2,9265E-5
3,9487E-5
4,3525E-5
3,7881E-5
5,7648E-5
6,32E-5
5,4613E-5
6,311E-5
5,5134E-5
3,3708E-5
2,8692E-5
3,7793E-5
4,3403E-5
5,7762E-5
4,4781E-5
5,4076E-5
6,7099E-5
5,7618E-5
2,824E-5
5,7651E-5
5,4688E-5
6,3945E-5
5,9664E-5
3,1249E-5
6,1818E-5
6,303E-5
6,6436E-5
6,2749E-5
6,6699E-5
6,2425E-5
6,6675E-5
6,4096E-5
6,6153E-5
6,5504E-5
6,5703E-5
6,1812E-5
6,6554E-5
6,1838E-5
6,6964E-5
6,2292E-5
6,3513E-5
6,2333E-5
6,3842E-5
6,2931E-5
7,1084E-5
6,4723E-5
6,3531E-5
5,5867E-5
7,1962E-5
6,7061E-5
6,3379E-5
6,2895E-5
6,3254E-5
6,4693E-5
7,0545E-5
6,5203E-5
6,2479E-5
6,7154E-5
6,2515E-5
6,5897E-5
6,2715E-5
6,4772E-5
6,284E-5
6,5237E-5
2,8326E-5
6,3055E-5
5,4471E-5
3,0032E-5
6,5E-5
3,2388E-5
6,7838E-5
7,4075E-5
2,9541E-5
3,9416E-5
6,817E-5
3,8533E-5
4,3997E-5
3,4611E-5
5,6853E-5
3,5656E-5
5,9268E-5
5,3824E-5
5,6895E-5
6,4321E-5
2,9198E-5
3,7697E-5
4,5347E-5
5,7217E-5
6,393E-5
6,5347E-5
5,55E-5
3,0644E-5
3,1641E-5
3,9E-5
3,1583E-5
3,238E-5
4,5094E-5
6,5018E-5
5,647E-5
6,3898E-5
5,4139E-5
3,7011E-5
5,6881E-5
3,078E-5
2,794E-5
5,5797E-5
6,1857E-5
6,1624E-5
6,2196E-5
6,2337E-5
7,0042E-5
6,223E-5
6,2987E-5
6,2011E-5
5,4514E-5
3,7015E-5
3,0707E-5
3,6892E-5
4,399E-5
5,3845E-5
7,205E-5
5,3824E-5
6,3817E-5
5,1983E-5
6,5127E-5
5,7148E-5
4,3277E-5
5,6835E-5
7,0312E-5
5,6693E-5
4,4341E-5
5,546E-5
6,3618E-5
5,7432E-5
4,4274E-5
5,4702E-5
5,657E-5
5,408E-5
4,6107E-5
3,5356E-5
5,6562E-5
3,5247E-5
6,046E-5
3,5391E-5
5,753E-5
4,2315E-5
5,7792E-5
3,5534E-5
5,8002E-5
3,4551E-5
5,7233E-5
3,5598E-5
5,5641E-5
3,6058E-5
6,5368E-5
3,3694E-5
5,6099E-5
3,5082E-5
5,6357E-5
3,4862E-5
6,313E-5
5,2237E-5
6,4168E-5
5,2341E-5
5,6585E-5
5,639E-5
4,3835E-5
5,7359E-5
5,8487E-5
5,716E-5
4,3189E-5
5,6389E-5
4,2649E-5
5,3741E-5
5,676E-5
5,4958E-5
6,4567E-5
5,4894E-5
7,5158E-5
5,5601E-5
6,4276E-5
5,4678E-5
6,3848E-5
5,4619E-5
7,3216E-5
5,3445E-5
6,4838E-5
5,3545E-5
5,7792E-5
5,4525E-5
6,671E-5
5,2311E-5
6,4268E-5
4,8831E-5
6,557E-5
5,345E-5
7,3761E-5
5,3675E-5
6,3644E-5
5,0794E-5
0,001342417
3,3361E-5
5,7567E-5
3,5355E-5
5,8111E-5
3,445E-5
5,7054E-5
3,577E-5
4,3179E-5
3,5559E-5
5,7418E-5
3,64E-5
5,7154E-5
3,4336E-5
5,6859E-5
3,5102E-5
5,7247E-5
3,5061E-5
5,9532E-5
3,6747E-5
5,7898E-5
3,4252E-5
5,6304E-5
3,3801E-5
5,6346E-5
3,4667E-5
5,6272E-5
3,4474E-5
5,6295E-5
3,6966E-5
6,3178E-5
3,5377E-5
5,8062E-5
3,3925E-5
5,5972E-5
3,5969E-5
6,5003E-5
3,7518E-5
5,8234E-5
3,6097E-5
5,7886E-5
3,7565E-5
5,7641E-5
3,5732E-5
5,7049E-5
4,4798E-5
5,7146E-5
3,6014E-5
5,8401E-5
4,3286E-5
5,6777E-5
3,8028E-5
6,1449E-5
3,5326E-5
6,4114E-5
3,5337E-5
5,6539E-5
3,5079E-5
5,6986E-5
4,9943E-5
5,9783E-5
3,4419E-5
5,8745E-5
3,5173E-5
5,8789E-5
3,5162E-5
5,8783E-5
3,5935E-5
5,9322E-5
3,5299E-5
6,7142E-5
3,4775E-5
5,707E-5
3,4384E-5
5,7608E-5
3,4019E-5
5,6992E-5
3,4362E-5
5,6995E-5
3,7537E-5
5,8747E-5
6,2589E-5
5,4434E-5
3,0026E-5
2,8765E-5
5,6366E-5
5,4144E-5
3,1347E-5
4,8628E-5
5,5364E-5
7,0396E-5
5,5048E-5
7,6148E-5
5,627E-5
8,0879E-5
3,8377E-5
7,8325E-5
7,1099E-5
5,5282E-5
3,7266E-5
2,7848E-5
3,9757E-5
3,1037E-5
3,755E-5
5,0333E-5
7,0629E-5
0,001377642
3,0465E-5
4,9629E-5
5,7045E-5
6,7017E-5
7,1384E-5
5,4492E-5
4,0525E-5
5,4288E-5
0,001404555
5,3776E-5
3,1641E-5
2,7734E-5
3,8278E-5
5,7336E-5
6,3958E-5
5,4275E-5
3,0576E-5
5,4387E-5
3,0903E-5
2,7993E-5
3,8479E-5
5,5944E-5
6,3654E-5
5,4594E-5
6,2103E-5
5,5211E-5
3,8836E-5
2,8284E-5
3,7101E-5
4,3643E-5
5,6365E-5
5,8126E-5
6,3227E-5
6,8279E-5
3,1176E-5
2,8807E-5
3,8661E-5
5,7359E-5
6,5184E-5
5,4869E-5
3,8988E-5
2,8017E-5
3,8849E-5
5,9066E-5
6,6145E-5
5,5746E-5
3,2112E-5
2,915E-5
3,1678E-5
7,2677E-5
3,878E-5
5,6954E-5
5,6688E-5
2,887E-5
6,7401E-5
5,463E-5
3,2222E-5
5,7828E-5
6,4514E-5
2,9865E-5
6,4704E-5
0,001518755
3,0243E-5
2,8476E-5
6,2587E-5
6,1371E-5
3,9099E-5
2,9198E-5
3,7545E-5
5,7777E-5
6,3706E-5
5,5571E-5
3,0295E-5
2,9626E-5
3,7917E-5
5,7232E-5
5,6906E-5
5,3531E-5
3,0567E-5
5,4297E-5
2,9353E-5
4,3771E-5
5,6882E-5
5,7517E-5
6,4437E-5
2,8036E-5
4,4765E-5
5,7985E-5
5,8026E-5
2,9696E-5
6,4196E-5
5,4213E-5
3,1156E-5
2,842E-5
2,9542E-5
5,7385E-5
6,5805E-5
2,9921E-5
3,7268E-5
4,3331E-5
5,2887E-5
4,459E-5
3,7813E-5
5,6436E-5
3,4321E-5
5,6958E-5
3,4067E-5
6,506E-5
3,4106E-5
5,9151E-5
5,5487E-5
6,5308E-5
5,421E-5
5,7143E-5
5,3542E-5
6,4879E-5
6,52E-5
5,4026E-5
3,2519E-5
2,9433E-5
3,8655E-5
6,4795E-5
6,561E-5
5,5688E-5
3,0767E-5
5,5805E-5
3,7441E-5
2,9646E-5
3,751E-5
4,292E-5
5,235E-5
5,7375E-5
5,3451E-5
6,5862E-5
5,4706E-5
5,7036E-5
5,7896E-5
6,3031E-5
6,5696E-5
4,988E-5
9,4201E-5
6,7613E-5
6,4383E-5
3,0524E-5
3,8654E-5
6,6065E-5
3,7844E-5
4,5209E-5
5,5315E-5
6,568E-5
5,4314E-5
7,4611E-5
5,4584E-5
6,548E-5
5,465E-5
7,3244E-5
5,436E-5
6,3163E-5
5,3485E-5
6,2133E-5
5,3052E-5
6,9298E-5
5,7528E-5
7,2045E-5
5,579E-5
6,5168E-5
5,2498E-5
7,4107E-5
5,5185E-5
7,0651E-5
7,2237E-5
7,4592E-5
5,223E-5
6,6466E-5
5,7878E-5
7,1511E-5
5,3606E-5
4,5874E-5
5,5863E-5
6,5466E-5
5,9412E-5
5,6992E-5
3,4386E-5
5,7932E-5
3,6634E-5
5,7311E-5
3,5758E-5
6,4815E-5
5,4049E-5
5,7439E-5
5,4421E-5
6,4382E-5
5,5392E-5
6,5443E-5
5,3786E-5
4,4198E-5
5,4033E-5
6,5588E-5
5,3423E-5
6,4451E-5
5,8355E-5
6,3266E-5
6,4929E-5
5,8677E-5
5,5235E-5
5,554E-5
3,2564E-5
2,9841E-5
3,2628E-5
6,5051E-5
6,5322E-5
5,5957E-5
4,0024E-5
5,5061E-5
3,1099E-5
2,8916E-5
3,7459E-5
5,8011E-5
5,6855E-5
5,7284E-5
2,962E-5
6,4365E-5
5,6708E-5
5,5552E-5
3,2075E-5
2,9202E-5
4,5588E-5
5,686E-5
3,7448E-5
6,449E-5
6,5398E-5
2,9576E-5
3,9659E-5
6,5487E-5
6,4177E-5
5,4231E-5
3,0857E-5
2,9283E-5
3,6405E-5
4,3591E-5
6,5182E-5
6,1877E-5
6,5349E-5
5,4952E-5
3,1788E-5
2,7933E-5
6,5605E-5
5,4936E-5
4,015E-5
5,7261E-5
3,9008E-5
3,0723E-5
5,6607E-5
5,5618E-5
3,9224E-5
2,9644E-5
3,1872E-5
5,7201E-5
5,6383E-5
2,8652E-5
3,7059E-5
4,3414E-5
5,4351E-5
6,3158E-5
5,3514E-5
6,3655E-5
5,289E-5
6,3613E-5
5,6417E-5
5,6393E-5
5,8106E-5
5,7578E-5
6,338E-5
2,9238E-5
4,1099E-5
5,6737E-5
6,3258E-5
5,4491E-5
3,8494E-5
4,292E-5
5,6977E-5
4,5803E-5
5,3568E-5
4,4391E-5
5,3327E-5
5,6986E-5
5,4316E-5
6,4504E-5
5,3509E-5
5,6741E-5
5,3429E-5
6,4479E-5
5,4867E-5
5,6608E-5
5,3154E-5
5,6631E-5
5,5477E-5
6,5459E-5
5,825E-5
5,7247E-5
3,7482E-5
5,9079E-5
6,9306E-5
5,5284E-5
3,4078E-5
2,9277E-5
3,8305E-5
6,7261E-5
5,509E-5
3,086E-5
5,5092E-5
3,7546E-5
2,687E-5
3,8348E-5
5,7378E-5
6,4741E-5
3,5947E-5
3,8536E-5
4,3568E-5
5,6093E-5
5,7887E-5
3,9008E-5
7,0338E-5
3,7387E-5
5,6426E-5
5,6695E-5
5,8178E-5
6,3808E-5
5,3886E-5
3,1736E-5
2,7827E-5
3,6842E-5
4,3092E-5
5,678E-5
4,3159E-5
5,7355E-5
5,8605E-5
3,0103E-5
6,0055E-5
3,792E-5
5,7692E-5
6,4016E-5
2,9686E-5
3,7293E-5
4,3244E-5
2,9837E-5
5,674E-5
5,5565E-5
2,8142E-5
2,9832E-5
4,4048E-5
6,3712E-5
5,8335E-5
6,4647E-5
5,5367E-5
4,4449E-5
5,4564E-5
6,8823E-5
5,4374E-5
3,1985E-5
2,7599E-5
7,4373E-5
5,5394E-5
3,1918E-5
3,1655E-5
3,8953E-5
4,938E-5
5,9332E-5
8,0509E-5
7,3761E-5
5,5033E-5
3,785E-5
3,0104E-5
3,8565E-5
7,6279E-5
7,4299E-5
2,8699E-5
3,8846E-5
2,9614E-5
3,8275E-5
6,6616E-5
7,009E-5
5,4851E-5
3,1076E-5
6,2753E-5
3,1815E-5
6,3475E-5
3,3911E-5
6,6635E-5
6,9744E-5
2,8971E-5
3,7252E-5
6,7623E-5
3,9617E-5
6,4317E-5
7,5907E-5
5,5742E-5
3,6698E-5
2,6627E-5
3,719E-5
6,7405E-5
3,4561E-5
6,908E-5
6,8698E-5
2,6123E-5
3,3588E-5
6,7208E-5
7,2805E-5
5,0707E-5
5,3745E-5
6,2282E-5
5,0681E-5
4,4635E-5
3,4466E-5
5,8176E-5
3,5286E-5
6,3798E-5
3,5145E-5
5,687E-5
5,0007E-5
5,6809E-5
3,4286E-5
5,7069E-5
3,6146E-5
5,6885E-5
3,4827E-5
0,001289737
5,5926E-5
6,3494E-5
5,552E-5
6,4414E-5
5,6296E-5
6,3441E-5
3,2156E-5
5,6933E-5
6,4763E-5
4,5843E-5
5,612E-5
5,8606E-5
5,7193E-5
2,9515E-5
3,1941E-5
5,6823E-5
3,7422E-5
4,4814E-5
3,3572E-5
5,7702E-5
5,3694E-5
6,3618E-5
5,3032E-5
6,448E-5
3,9601E-5
5,6208E-5
2,9877E-5
4,2814E-5
5,3456E-5
6,3331E-5
6,9068E-5
6,3457E-5
6,546E-5
5,4608E-5
3,2854E-5
2,9913E-5
5,865E-5
2,8916E-5
5,724E-5
5,4647E-5
3,7732E-5
4,3309E-5
3,6302E-5
5,2213E-5
5,8181E-5
2,9307E-5
3,7671E-5
5,7406E-5
6,3629E-5
5,4537E-5
3,0009E-5
2,901E-5
4,0471E-5
2,7693E-5
3,7303E-5
5,76E-5
3,1478E-5
4,3589E-5
5,4986E-5
4,4821E-5
5,3458E-5
6,4148E-5
5,4469E-5
6,3841E-5
5,2624E-5
4,2593E-5
3,4189E-5
6,3426E-5
3,891E-5
5,8107E-5
3,5096E-5
5,7743E-5
3,6136E-5
6,2829E-5
5,0366E-5
5,6837E-5
5,4086E-5
5,7707E-5
5,4216E-5
6,4691E-5
3,4785E-5
5,7526E-5
3,5227E-5
6,3685E-5
3,3585E-5
5,8208E-5
5,4328E-5
6,4336E-5
5,5301E-5
6,4235E-5
5,6522E-5
8,3331E-5
4,1578E-5
5,8311E-5
6,382E-5
5,4581E-5
3,9174E-5
2,9241E-5
5,7307E-5
5,464E-5
3,0146E-5
2,9279E-5
3,4393E-5
2,9258E-5
3,1389E-5
2,8705E-5
3,8559E-5
5,7056E-5
6,4727E-5
5,865E-5
3,0605E-5
2,6981E-5
3,1754E-5
2,8526E-5
0,001467445
5,7485E-5
6,3694E-5
5,5118E-5
3,7192E-5
2,8564E-5
5,6194E-5
5,3739E-5
6,3651E-5
5,5654E-5
3,6859E-5
2,8794E-5
3,7906E-5
5,7907E-5
3,8197E-5
5,6675E-5
6,2108E-5
5,8373E-5
4,2382E-5
4,6756E-5
5,6532E-5
5,5903E-5
2,8709E-5
5,6515E-5
6,3871E-5
6,2736E-5
6,4623E-5
4,3813E-5
5,7688E-5
5,7392E-5
5,6666E-5
5,3499E-5
6,4483E-5
5,4766E-5
3,1997E-5
2,9239E-5
4,3223E-5
7,4778E-5
3,9078E-5
6,679E-5
6,7679E-5
5,4899E-5
3,6028E-5
3,0205E-5
3,7805E-5
4,3893E-5
6,3688E-5
2,978E-5
3,9634E-5
2,9106E-5
3,8223E-5
2,8369E-5
4,6551E-5
4,2748E-5
5,7497E-5
4,3098E-5
6,8472E-5
5,7437E-5
5,3402E-5
6,62E-5
5,8894E-5
5,7466E-5
5,7562E-5
2,9783E-5
2,9625E-5
5,6925E-5
6,4498E-5
5,5248E-5
3,0915E-5
2,8887E-5
4,0643E-5
6,4101E-5
6,2768E-5
4,5314E-5
5,1101E-5
6,3896E-5
6,5904E-5
5,7261E-5
6,3587E-5
5,4036E-5
3,0864E-5
2,8953E-5
7,2433E-5
5,5364E-5
3,3241E-5
5,5466E-5
3,0238E-5
3,009E-5
3,1368E-5
2,9983E-5
4,8422E-5
2,944E-5
3,6712E-5
4,4584E-5
6,3186E-5
4,3638E-5
6,1722E-5
4,3982E-5
5,6565E-5
4,4798E-5
6,139E-5
6,4897E-5
3,7757E-5
5,7715E-5
5,854E-5
5,4798E-5
3,0055E-5
2,9702E-5
5,7708E-5
5,4444E-5
3,9389E-5
2,9425E-5
3,7742E-5
5,7102E-5
6,5168E-5
5,4676E-5
3,1886E-5
5,4796E-5
6,6935E-5
5,4381E-5
3,26E-5
2,8023E-5
6,493E-5
5,5266E-5
3,085E-5
4,5465E-5
5,4487E-5
5,8107E-5
5,3949E-5
6,3923E-5
5,75E-5
5,6608E-5
5,6489E-5
5,7907E-5
3,154E-5
2,8188E-5
3,7989E-5
5,8352E-5
6,0595E-5
5,412E-5
3,8177E-5
3,0779E-5
0,001359767
6,192E-5
3,2852E-5
2,8463E-5
3,9365E-5
6,4097E-5
6,5465E-5
5,4123E-5
3,1404E-5
3,0098E-5
3,754E-5
6,4799E-5
6,3656E-5
5,5426E-5
6,325E-5
5,4271E-5
2,9786E-5
2,8654E-5
4,1322E-5
2,8156E-5
3,762E-5
6,2526E-5
3,7283E-5
5,8059E-5
3,7759E-5
6,561E-5
6,5267E-5
5,6468E-5
3,0274E-5
4,3958E-5
5,2949E-5
6,5996E-5
3,7183E-5
6,4315E-5
3,0157E-5
5,7619E-5
5,8256E-5
2,8939E-5
3,4176E-5
4,2799E-5
5,8232E-5
5,7131E-5
6,3002E-5
5,3841E-5
3,8049E-5
2,964E-5
3,8096E-5
5,5651E-5
3,1478E-5
6,4239E-5
5,7883E-5
4,2816E-5
6,44E-5
5,7101E-5
5,6219E-5
5,7413E-5
6,2908E-5
3,0923E-5
3,8226E-5
4,3463E-5
5,6718E-5
5,9503E-5
3,8378E-5
5,7351E-5
5,6826E-5
4,4181E-5
5,3213E-5
6,4987E-5
5,574E-5
5,6535E-5
3,1099E-5
4,4902E-5
4,884E-5
4,2609E-5
5,427E-5
6,4092E-5
5,301E-5
5,8069E-5
5,0176E-5
6,6868E-5
5,4158E-5
5,6156E-5
5,1067E-5
5,7233E-5
5,2792E-5
4,4352E-5
3,5021E-5
5,6891E-5
3,5738E-5
0,001303156
3,4022E-5
5,6742E-5
3,5317E-5
5,57E-5
3,5913E-5
6,1334E-5
3,8234E-5
5,6276E-5
3,7511E-5
6,171E-5
3,4534E-5
6,2078E-5
3,8336E-5
5,5988E-5
3,8538E-5
5,6781E-5
3,7868E-5
5,5922E-5
3,7813E-5
6,0233E-5
3,7253E-5
5,7079E-5
3,7489E-5
5,6222E-5
3,6643E-5
5,8662E-5
3,9756E-5
5,9544E-5
3,8428E-5
5,7323E-5
3,9529E-5
5,7238E-5
3,6792E-5
5,5922E-5
3,9401E-5
6,0132E-5
3,8481E-5
5,9173E-5
3,8488E-5
5,6925E-5
4,0944E-5
5,9708E-5
3,7071E-5
6,0292E-5
3,7181E-5
6,2987E-5
3,759E-5
5,8851E-5
3,7718E-5
5,7025E-5
3,9324E-5
5,7751E-5
3,7599E-5
6,1672E-5
3,4185E-5
6,2447E-5
3,9537E-5
6,4875E-5
3,4705E-5
5,6843E-5
3,9865E-5
5,7427E-5
4,3037E-5
5,7227E-5
4,0558E-5
5,592E-5
4,2297E-5
5,5984E-5
3,8664E-5
6,1295E-5
3,8254E-5
5,6605E-5
3,907E-5
7,2525E-5
3,9347E-5
5,777E-5
3,9752E-5
5,7657E-5
3,8181E-5
6,1453E-5
3,8438E-5
6,1891E-5
3,7101E-5
5,6788E-5
3,912E-5
6,2595E-5
3,8499E-5
5,6443E-5
3,698E-5
5,551E-5
3,9119E-5
5,5671E-5
3,8397E-5
5,7954E-5
3,8041E-5
6,3095E-5
3,7602E-5
5,7037E-5
3,8408E-5
5,6609E-5
3,9224E-5
5,5783E-5
3,8256E-5
5,6627E-5
3,9019E-5
5,6638E-5
3,6907E-5
5,4558E-5
3,6462E-5
5,6734E-5
3,7553E-5
5,6001E-5
3,6996E-5
5,5989E-5
3,6527E-5
6,3286E-5
3,7813E-5
5,5678E-5
3,7063E-5
5,6267E-5
3,8454E-5
5,6595E-5
3,6356E-5
5,5918E-5
3,8207E-5
5,6394E-5
3,9333E-5
5,7818E-5
3,7745E-5
5,7177E-5
3,941E-5
5,6292E-5
3,9183E-5
5,6856E-5
3,7265E-5
5,5856E-5
3,862E-5
5,532E-5
3,7034E-5
5,6427E-5
3,9218E-5
5,7104E-5
3,8227E-5
5,6965E-5
3,8343E-5
5,7758E-5
3,5839E-5
6,4077E-5
3,7017E-5
5,7338E-5
3,7495E-5
5,6816E-5
3,9873E-5
5,6528E-5
3,4069E-5
5,6365E-5
3,6889E-5
5,585E-5
3,9042E-5
6,124E-5
3,6721E-5
5,6565E-5
3,5948E-5
5,5818E-5
3,6801E-5
5,5891E-5
3,7934E-5
5,5088E-5
4,0139E-5
5,5682E-5
3,6429E-5
5,6176E-5
3,725E-5
5,5782E-5
3,793E-5
5,59E-5
3,8401E-5
5,761E-5
3,7173E-5
5,6211E-5
3,6655E-5
5,6005E-5
3,6848E-5
5,5814E-5
3,6464E-5
5,6287E-5
3,9656E-5
5,6064E-5
3,8426E-5
6,0715E-5
3,8586E-5
5,744E-5
3,7749E-5
5,7222E-5
3,7534E-5
5,6415E-5
3,7724E-5
5,7744E-5
3,9166E-5
5,7566E-5
3,8214E-5
5,7139E-5
3,7424E-5
6,3159E-5
3,8041E-5
6,9666E-5
3,786E-5
6,3213E-5
3,9452E-5
5,6776E-5
5,0522E-5
6,2627E-5
