3,7113E-5
5,4671E-5
6,5793E-5
5,6246E-5
6,5617E-5
3,7525E-5
6,5792E-5
5,5929E-5
5,7619E-5
7,0903E-5
5,9299E-5
5,8026E-5
5,8368E-5
5,9176E-5
8,8537E-5
5,8141E-5
5,9787E-5
5,6005E-5
5,6957E-5
6,3805E-5
3,1759E-5
5,6868E-5
3,0321E-5
5,7745E-5
3,0409E-5
5,9339E-5
3,083E-5
5,7999E-5
2,9549E-5
5,704E-5
3,0196E-5
5,7931E-5
3,0357E-5
5,8084E-5
3,034E-5
5,8678E-5
2,947E-5
5,767E-5
2,8883E-5
5,8805E-5
3,0065E-5
5,5893E-5
2,9591E-5
5,9326E-5
3,0081E-5
6,0319E-5
3,0339E-5
5,7747E-5
2,9596E-5
5,7677E-5
2,7027E-5
5,703E-5
2,8843E-5
5,9138E-5
2,8822E-5
6,372E-5
2,9651E-5
5,6811E-5
3,0078E-5
5,701E-5
2,8916E-5
5,724E-5
2,9609E-5
5,8449E-5
2,9167E-5
6,0097E-5
3,1632E-5
5,7789E-5
3,1104E-5
6,0601E-5
3,1591E-5
5,7307E-5
2,8618E-5
5,7905E-5
2,9966E-5
6,4207E-5
2,9557E-5
5,6933E-5
3,0655E-5
5,9546E-5
3,0868E-5
5,7929E-5
3,1901E-5
5,7745E-5
3,0055E-5
5,9023E-5
3,1135E-5
6,1678E-5
3,0358E-5
6,1187E-5
3,0515E-5
6,6134E-5
2,958E-5
6,6567E-5
2,8707E-5
5,7752E-5
2,9071E-5
6,214E-5
2,9445E-5
5,8451E-5
2,9449E-5
5,9022E-5
3,1649E-5
5,8767E-5
2,644E-5
5,9937E-5
3,1551E-5
6,8031E-5
2,9374E-5
5,8091E-5
2,9414E-5
5,8571E-5
3,1693E-5
5,869E-5
2,9596E-5
5,8804E-5
2,9124E-5
5,7077E-5
2,9504E-5
5,8516E-5
2,9155E-5
5,7432E-5
2,8504E-5
5,7143E-5
3,2735E-5
5,8981E-5
2,9545E-5
5,9392E-5
2,9266E-5
5,7104E-5
2,9417E-5
5,7504E-5
2,8671E-5
5,8545E-5
2,9972E-5
5,6197E-5
2,8675E-5
5,5155E-5
2,9611E-5
5,6811E-5
2,8827E-5
5,6658E-5
3,1648E-5
5,7712E-5
2,9742E-5
5,802E-5
2,9936E-5
5,717E-5
2,9078E-5
5,7373E-5
3,02E-5
5,8614E-5
3,053E-5
5,8215E-5
2,9463E-5
5,7475E-5
3,0335E-5
5,8195E-5
3,0369E-5
5,7557E-5
3,2531E-5
5,8655E-5
3,0185E-5
5,8503E-5
4,324E-5
5,7589E-5
3,0419E-5
5,7721E-5
2,9386E-5
5,841E-5
3,1727E-5
5,8195E-5
2,852E-5
5,6848E-5
2,8709E-5
5,7027E-5
2,8994E-5
5,772E-5
2,9231E-5
5,6704E-5
2,969E-5
5,8326E-5
3,3295E-5
5,791E-5
3,0568E-5
5,8226E-5
2,9988E-5
5,826E-5
3,1335E-5
5,9689E-5
2,9746E-5
6,2451E-5
2,8752E-5
5,727E-5
3,0228E-5
5,7395E-5
3,2929E-5
5,6141E-5
2,847E-5
5,8618E-5
2,8652E-5
5,7589E-5
2,9133E-5
6,4376E-5
2,9065E-5
5,8018E-5
3,0856E-5
5,813E-5
2,9095E-5
5,6712E-5
2,8527E-5
5,8291E-5
2,892E-5
6,445E-5
4,0431E-5
5,7323E-5
3,8478E-5
5,7993E-5
3,7721E-5
5,8022E-5
3,7636E-5
5,9377E-5
3,7729E-5
5,8546E-5
4,0245E-5
5,7342E-5
3,7909E-5
5,836E-5
3,7761E-5
5,8077E-5
3,7427E-5
5,8062E-5
3,943E-5
5,8293E-5
3,8282E-5
6,3232E-5
3,7596E-5
5,7479E-5
3,9186E-5
7,2925E-5
3,7877E-5
5,6215E-5
3,8845E-5
5,7829E-5
3,8342E-5
5,7653E-5
3,9224E-5
5,8174E-5
4,0493E-5
6,1075E-5
3,7992E-5
5,8061E-5
4,3376E-5
5,7643E-5
3,8891E-5
6,2651E-5
3,9154E-5
5,8196E-5
3,7578E-5
6,2565E-5
3,7876E-5
5,6198E-5
3,8144E-5
6,7881E-5
3,4678E-5
5,6968E-5
3,8312E-5
6,3548E-5
3,9398E-5
5,8472E-5
3,7785E-5
5,8935E-5
3,7057E-5
6,0408E-5
3,7526E-5
5,8417E-5
3,7506E-5
5,6966E-5
3,7964E-5
5,8255E-5
3,6797E-5
6,5042E-5
3,8541E-5
5,6982E-5
3,7624E-5
6,5665E-5
3,959E-5
5,756E-5
3,797E-5
6,6284E-5
3,7856E-5
6,0986E-5
4,4604E-5
6,2448E-5
3,9635E-5
5,7948E-5
3,7777E-5
6,0648E-5
3,8784E-5
6,1112E-5
3,7492E-5
6,1254E-5
4,2666E-5
6,0944E-5
3,9495E-5
7,2342E-5
3,7903E-5
5,7795E-5
3,7829E-5
6,4674E-5
4,1608E-5
5,9234E-5
3,7825E-5
5,8544E-5
3,9086E-5
5,6984E-5
4,1153E-5
5,9085E-5
3,8273E-5
5,6837E-5
3,7746E-5
5,701E-5
3,6637E-5
5,8339E-5
3,8672E-5
6,3042E-5
3,8209E-5
5,7839E-5
3,8467E-5
5,6301E-5
3,8621E-5
5,8203E-5
3,8219E-5
5,8212E-5
3,9046E-5
5,7243E-5
3,8673E-5
5,8037E-5
3,9562E-5
0,001468245
3,9475E-5
5,8563E-5
4,0284E-5
6,4132E-5
3,8691E-5
5,7624E-5
3,8268E-5
5,6661E-5
3,838E-5
5,7687E-5
3,7031E-5
5,7619E-5
4,8875E-5
5,753E-5
3,8738E-5
5,7205E-5
3,7689E-5
5,8958E-5
3,9044E-5
5,7546E-5
3,8076E-5
5,8221E-5
3,9145E-5
5,7357E-5
3,9293E-5
5,7705E-5
3,8415E-5
5,7843E-5
3,8513E-5
6,3759E-5
3,7713E-5
5,6683E-5
3,9545E-5
5,714E-5
3,7836E-5
6,0226E-5
3,8064E-5
5,6126E-5
3,9547E-5
5,688E-5
3,7038E-5
5,6893E-5
3,7807E-5
5,7575E-5
3,8282E-5
5,6675E-5
3,9105E-5
5,9197E-5
3,8836E-5
5,7846E-5
3,7361E-5
5,5555E-5
3,8017E-5
6,5691E-5
3,8855E-5
6,2106E-5
4,422E-5
6,3967E-5
3,7046E-5
8,2948E-5
3,6859E-5
7,0742E-5
3,8716E-5
5,8575E-5
3,9844E-5
6,6782E-5
3,8676E-5
5,681E-5
3,7003E-5
5,6134E-5
3,4843E-5
5,9402E-5
3,8929E-5
6,3693E-5
4,0088E-5
6,4057E-5
5,3014E-5
6,4618E-5
3,7021E-5
7,015E-5
3,9715E-5
6,3516E-5
3,8619E-5
6,4094E-5
5,1932E-5
7,2136E-5
3,9428E-5
6,2757E-5
3,7364E-5
5,8794E-5
3,7081E-5
5,6469E-5
3,7453E-5
5,8109E-5
3,7836E-5
5,6676E-5
3,7946E-5
5,6201E-5
4,0767E-5
5,6924E-5
6,9425E-5
5,7609E-5
3,8319E-5
5,7406E-5
3,7572E-5
5,7224E-5
3,7152E-5
5,7898E-5
3,85E-5
5,8198E-5
3,7476E-5
5,7774E-5
4,0388E-5
5,7277E-5
3,9184E-5
6,7355E-5
3,8961E-5
6,5771E-5
3,7494E-5
6,3677E-5
3,7726E-5
5,7032E-5
3,7275E-5
5,7274E-5
3,7688E-5
5,6222E-5
3,7755E-5
6,3176E-5
3,9385E-5
6,3401E-5
3,7598E-5
5,657E-5
3,8028E-5
5,6938E-5
3,8671E-5
5,7024E-5
3,9307E-5
5,7803E-5
3,9389E-5
5,6968E-5
3,8999E-5
6,4279E-5
3,8234E-5
5,8396E-5
3,6468E-5
5,7755E-5
3,9089E-5
5,7997E-5
3,8615E-5
5,8318E-5
3,847E-5
6,4328E-5
3,8814E-5
6,3167E-5
3,781E-5
6,0761E-5
3,8476E-5
6,2241E-5
3,7159E-5
6,1115E-5
3,8792E-5
5,789E-5
3,9249E-5
6,2144E-5
3,8448E-5
5,7595E-5
3,8107E-5
5,8471E-5
3,7112E-5
6,0015E-5
3,8233E-5
6,589E-5
4,1108E-5
6,8466E-5
3,8551E-5
5,827E-5
3,8726E-5
6,8737E-5
3,637E-5
5,8973E-5
4,1832E-5
5,652E-5
4,1192E-5
5,7946E-5
3,7845E-5
5,6351E-5
3,9018E-5
5,6024E-5
3,8765E-5
5,7404E-5
3,7152E-5
5,7333E-5
4,4728E-5
5,8843E-5
3,8176E-5
6,4024E-5
3,7921E-5
5,816E-5
3,8371E-5
6,3051E-5
3,8819E-5
5,7092E-5
3,7214E-5
5,6126E-5
3,5429E-5
5,5523E-5
3,9967E-5
5,7699E-5
4,795E-5
2,9061E-5
5,6977E-5
2,9279E-5
6,2047E-5
2,8586E-5
5,8066E-5
2,9298E-5
5,648E-5
2,8577E-5
5,8773E-5
2,8933E-5
5,6263E-5
2,9403E-5
5,7578E-5
3,0839E-5
5,8141E-5
3,0829E-5
5,7298E-5
2,9541E-5
5,7677E-5
3,0929E-5
5,7482E-5
2,8899E-5
5,7556E-5
2,9976E-5
5,752E-5
2,9648E-5
5,8773E-5
3,0082E-5
7,0293E-5
3,0156E-5
5,633E-5
3,0627E-5
5,9159E-5
2,9468E-5
5,7462E-5
2,8877E-5
5,8037E-5
3,0433E-5
5,7252E-5
2,8956E-5
6,853E-5
2,9249E-5
5,7283E-5
2,9248E-5
5,8022E-5
2,983E-5
5,8858E-5
2,8916E-5
6,8528E-5
2,9696E-5
5,7932E-5
2,7984E-5
5,8062E-5
2,9322E-5
6,2071E-5
3,0138E-5
5,7389E-5
2,8757E-5
5,8534E-5
3,0332E-5
5,6261E-5
3,0033E-5
5,7301E-5
2,8644E-5
5,6831E-5
3,0233E-5
5,6541E-5
3,0723E-5
5,6211E-5
2,9759E-5
5,9128E-5
2,8661E-5
5,6915E-5
2,9473E-5
5,8377E-5
2,8684E-5
5,7074E-5
3,0128E-5
5,72E-5
2,9411E-5
5,7737E-5
2,8139E-5
5,8842E-5
3,0009E-5
5,7452E-5
3,0623E-5
5,7797E-5
2,9585E-5
5,7263E-5
3,0028E-5
5,6354E-5
2,9238E-5
6,0362E-5
2,9985E-5
5,6978E-5
2,9102E-5
5,7166E-5
2,9705E-5
5,7558E-5
2,9093E-5
5,696E-5
2,9828E-5
6,7666E-5
3,0064E-5
5,5457E-5
2,8821E-5
5,7892E-5
2,9512E-5
5,775E-5
2,9012E-5
5,7539E-5
3,0972E-5
5,842E-5
3,0112E-5
5,7813E-5
2,9117E-5
5,8071E-5
2,9449E-5
6,268E-5
2,8693E-5
5,6494E-5
2,9614E-5
5,751E-5
3,0356E-5
5,7351E-5
2,9804E-5
5,6477E-5
2,9664E-5
5,8307E-5
2,9501E-5
5,85E-5
4,4291E-5
6,0672E-5
3,0456E-5
5,6904E-5
3,1102E-5
6,018E-5
3,0641E-5
7,5566E-5
2,9581E-5
5,7997E-5
2,9104E-5
5,8523E-5
2,8897E-5
5,9836E-5
2,953E-5
5,7562E-5
2,9439E-5
5,7876E-5
3,0173E-5
5,7627E-5
3,0765E-5
6,2192E-5
3,0324E-5
5,6907E-5
3,0985E-5
5,8506E-5
3,0085E-5
5,6492E-5
2,9051E-5
6,3535E-5
2,8528E-5
5,8019E-5
3,0352E-5
5,8163E-5
2,9591E-5
5,8172E-5
2,9698E-5
5,8111E-5
2,9379E-5
5,7918E-5
2,9096E-5
5,895E-5
2,9851E-5
5,7692E-5
2,9254E-5
5,862E-5
2,9522E-5
5,8138E-5
3,858E-5
5,9734E-5
2,9877E-5
5,652E-5
2,7981E-5
5,8484E-5
3,0532E-5
5,9405E-5
2,9533E-5
5,8391E-5
3,3369E-5
5,8118E-5
3,227E-5
5,9209E-5
2,9175E-5
5,7375E-5
2,8563E-5
5,7355E-5
2,9169E-5
5,9241E-5
2,9412E-5
5,8336E-5
2,8535E-5
5,8983E-5
2,9798E-5
5,8008E-5
2,9465E-5
5,8498E-5
2,8702E-5
5,7448E-5
3,1415E-5
6,5052E-5
2,9978E-5
5,7642E-5
2,93E-5
5,7575E-5
2,8375E-5
5,6938E-5
2,9059E-5
5,6939E-5
2,8514E-5
5,6769E-5
2,9883E-5
6,0678E-5
2,9562E-5
5,7882E-5
2,9873E-5
5,8195E-5
2,9429E-5
5,7153E-5
3,0538E-5
5,9364E-5
3,0996E-5
5,6485E-5
2,8634E-5
5,6668E-5
2,9614E-5
5,6819E-5
2,8001E-5
5,6634E-5
3,0144E-5
5,7263E-5
2,9756E-5
5,7946E-5
2,9843E-5
5,8131E-5
2,8915E-5
5,6922E-5
3,028E-5
5,7486E-5
2,9553E-5
5,7526E-5
2,9369E-5
5,7219E-5
2,9545E-5
5,7312E-5
2,9561E-5
5,7349E-5
2,9407E-5
5,7458E-5
2,9269E-5
5,8157E-5
2,9614E-5
5,7402E-5
2,9661E-5
5,7999E-5
3,013E-5
6,7193E-5
3,0053E-5
5,6813E-5
3,0102E-5
5,7432E-5
2,9773E-5
5,6888E-5
3,0196E-5
5,6951E-5
2,9458E-5
5,6779E-5
2,9522E-5
5,7179E-5
3,1771E-5
5,7941E-5
3,0412E-5
5,821E-5
3,0716E-5
5,7722E-5
2,9415E-5
6,3702E-5
2,9618E-5
5,8495E-5
2,913E-5
5,7695E-5
2,973E-5
5,8398E-5
2,9522E-5
5,7999E-5
3,0878E-5
5,9071E-5
3,0268E-5
5,8128E-5
3,07E-5
5,7873E-5
3,0904E-5
5,7038E-5
2,915E-5
5,7546E-5
2,8963E-5
6,2009E-5
2,9877E-5
5,8902E-5
2,9588E-5
5,9993E-5
2,9558E-5
5,8339E-5
2,9003E-5
5,9214E-5
2,8737E-5
5,8509E-5
2,9681E-5
0,001372513
3,6661E-5
6,2433E-5
3,9519E-5
6,3728E-5
3,6594E-5
5,6593E-5
3,746E-5
5,7702E-5
3,7422E-5
6,5669E-5
3,8838E-5
5,6699E-5
3,7457E-5
6,4198E-5
3,7222E-5
5,7449E-5
3,6898E-5
5,9895E-5
3,8241E-5
5,7901E-5
3,9023E-5
5,7205E-5
3,9464E-5
5,8463E-5
3,9985E-5
6,6898E-5
3,9213E-5
5,7779E-5
3,829E-5
5,9712E-5
3,9318E-5
5,749E-5
3,6763E-5
7,8528E-5
3,8077E-5
6,008E-5
3,761E-5
5,6351E-5
4,0506E-5
5,5947E-5
3,689E-5
5,852E-5
3,8535E-5
5,7438E-5
0,001292778
5,85E-5
3,8855E-5
5,9727E-5
3,8581E-5
5,7425E-5
3,4647E-5
5,9727E-5
3,8045E-5
6,3419E-5
3,8323E-5
5,6487E-5
3,8262E-5
6,6065E-5
4,0165E-5
6,1589E-5
4,4263E-5
6,0784E-5
3,8998E-5
6,2482E-5
3,8479E-5
5,8248E-5
3,8143E-5
6,3657E-5
3,7024E-5
5,7831E-5
3,733E-5
6,3585E-5
3,2989E-5
6,3225E-5
3,8482E-5
6,2904E-5
3,5928E-5
5,7748E-5
3,8647E-5
6,4186E-5
3,5836E-5
6,3593E-5
4,1713E-5
6,2701E-5
3,7169E-5
6,3021E-5
3,9788E-5
6,3423E-5
3,6752E-5
5,9295E-5
3,5534E-5
6,2944E-5
3,5115E-5
7,2122E-5
3,464E-5
6,2611E-5
3,4788E-5
5,7473E-5
3,5326E-5
6,3626E-5
3,5679E-5
6,3941E-5
3,5415E-5
6,6218E-5
3,5027E-5
6,54E-5
3,568E-5
6,3667E-5
3,5661E-5
6,4168E-5
3,5158E-5
6,3715E-5
3,6809E-5
6,376E-5
3,6371E-5
6,3072E-5
3,7547E-5
5,8053E-5
3,5311E-5
6,2333E-5
3,5835E-5
6,4456E-5
3,6078E-5
6,3611E-5
3,5167E-5
5,8492E-5
3,6364E-5
6,3045E-5
3,5274E-5
8,392E-5
3,6666E-5
6,8986E-5
3,7051E-5
5,6776E-5
3,5139E-5
6,1748E-5
3,5193E-5
6,1751E-5
3,5076E-5
5,6646E-5
3,5258E-5
6,3772E-5
3,5365E-5
6,3709E-5
3,5201E-5
6,3064E-5
3,5331E-5
6,7128E-5
3,5158E-5
7,2575E-5
3,649E-5
6,2994E-5
3,3226E-5
6,3797E-5
3,4975E-5
6,3282E-5
3,4788E-5
6,4219E-5
3,546E-5
6,3293E-5
3,5604E-5
6,3914E-5
3,5641E-5
6,3071E-5
3,6824E-5
8,3858E-5
3,5357E-5
6,2067E-5
3,5264E-5
6,218E-5
3,4784E-5
6,2897E-5
3,621E-5
5,969E-5
5,3622E-5
6,2965E-5
3,5303E-5
5,6516E-5
3,4674E-5
6,3381E-5
3,5126E-5
5,8097E-5
3,7173E-5
5,8811E-5
4,0328E-5
5,5899E-5
3,9414E-5
5,7151E-5
3,8578E-5
5,8857E-5
3,8248E-5
5,9495E-5
3,8437E-5
5,7985E-5
3,8193E-5
5,7936E-5
3,8084E-5
5,7601E-5
3,9282E-5
5,8631E-5
4,0545E-5
5,8771E-5
3,8921E-5
5,6707E-5
4,0493E-5
5,8189E-5
4,0318E-5
6,6379E-5
3,9482E-5
5,8057E-5
3,8136E-5
5,6964E-5
3,9248E-5
5,6874E-5
3,8632E-5
7,4713E-5
3,9645E-5
5,766E-5
5,2522E-5
5,8827E-5
3,8472E-5
5,6653E-5
3,7625E-5
5,7097E-5
3,8779E-5
7,6443E-5
3,8463E-5
6,4538E-5
5,3712E-5
5,88E-5
3,8282E-5
5,752E-5
3,7308E-5
6,3829E-5
3,4887E-5
6,2859E-5
3,4684E-5
6,522E-5
3,5117E-5
6,33E-5
3,6308E-5
6,4038E-5
3,5356E-5
6,2915E-5
3,4839E-5
5,8326E-5
3,6402E-5
6,3245E-5
3,5841E-5
6,3078E-5
3,6538E-5
5,754E-5
3,4732E-5
6,7779E-5
3,2751E-5
5,9576E-5
3,5348E-5
6,2952E-5
3,4499E-5
6,7162E-5
3,4341E-5
6,8594E-5
3,4652E-5
6,8526E-5
3,6806E-5
6,6537E-5
3,4518E-5
6,6184E-5
3,5894E-5
6,4196E-5
3,5631E-5
6,3357E-5
3,5081E-5
6,6619E-5
3,5452E-5
6,2453E-5
3,5185E-5
6,4341E-5
3,6255E-5
6,3351E-5
3,8884E-5
6,521E-5
3,9031E-5
6,4546E-5
3,9096E-5
5,8323E-5
3,7233E-5
6,6409E-5
3,7137E-5
6,2952E-5
3,3283E-5
6,345E-5
3,6021E-5
6,7701E-5
3,5713E-5
6,3216E-5
3,5754E-5
6,3596E-5
3,835E-5
6,2677E-5
3,5707E-5
6,1782E-5
3,1997E-5
6,2549E-5
3,5572E-5
6,3675E-5
3,4225E-5
6,2992E-5
3,5144E-5
6,3367E-5
3,6187E-5
6,4076E-5
3,3863E-5
6,2323E-5
3,6043E-5
6,2948E-5
3,551E-5
6,5179E-5
3,3176E-5
6,4635E-5
3,523E-5
6,4851E-5
3,6493E-5
5,7562E-5
3,5796E-5
6,2457E-5
3,509E-5
6,2718E-5
3,2626E-5
6,3445E-5
3,4355E-5
6,4682E-5
3,5004E-5
5,7616E-5
3,5267E-5
6,4221E-5
3,6129E-5
6,4184E-5
3,7163E-5
6,2482E-5
3,5191E-5
6,4699E-5
3,4581E-5
5,7465E-5
3,6486E-5
6,2589E-5
3,4996E-5
6,3537E-5
3,5372E-5
6,2317E-5
4,6101E-5
6,2201E-5
3,8436E-5
6,2369E-5
3,5766E-5
5,7012E-5
3,4459E-5
6,2494E-5
3,2346E-5
6,2338E-5
4,9558E-5
5,7574E-5
3,585E-5
6,2264E-5
3,5184E-5
6,4763E-5
3,5391E-5
6,3327E-5
3,5948E-5
5,7139E-5
3,3423E-5
7,3131E-5
3,5519E-5
7,2319E-5
4,8629E-5
6,3016E-5
3,5626E-5
6,5156E-5
3,5603E-5
5,7177E-5
3,5953E-5
6,3859E-5
3,9575E-5
6,4076E-5
3,5368E-5
5,7369E-5
3,4583E-5
6,2628E-5
3,4234E-5
6,4545E-5
3,4542E-5
6,5389E-5
3,4895E-5
5,9365E-5
3,7201E-5
5,7108E-5
3,7691E-5
6,4771E-5
3,8451E-5
5,8407E-5
3,8511E-5
5,775E-5
3,795E-5
5,7989E-5
3,8601E-5
5,794E-5
3,8343E-5
6,4874E-5
3,729E-5
6,4144E-5
3,4928E-5
6,3801E-5
3,6356E-5
6,3999E-5
3,5353E-5
6,4853E-5
3,4996E-5
6,3989E-5
3,6001E-5
6,4905E-5
3,4987E-5
6,4004E-5
3,6869E-5
6,3431E-5
3,7093E-5
5,6899E-5
3,4665E-5
5,9033E-5
3,6156E-5
6,2546E-5
3,6596E-5
5,7217E-5
3,6787E-5
5,7594E-5
3,6323E-5
6,335E-5
3,6105E-5
6,6161E-5
3,5763E-5
5,7283E-5
3,4613E-5
6,3567E-5
3,5002E-5
6,1918E-5
3,4678E-5
6,3658E-5
3,4986E-5
6,259E-5
3,4991E-5
6,3585E-5
3,5711E-5
6,3496E-5
4,5032E-5
6,2241E-5
3,6018E-5
6,3724E-5
6,6592E-5
5,8159E-5
5,3896E-5
5,711E-5
5,2907E-5
5,7642E-5
6,8905E-5
5,7381E-5
5,3213E-5
6,1498E-5
5,3851E-5
5,8981E-5
5,5078E-5
5,7592E-5
6,9905E-5
6,383E-5
5,8217E-5
5,6863E-5
5,4283E-5
5,704E-5
5,8717E-5
5,6522E-5
5,8872E-5
5,6652E-5
5,5815E-5
5,7993E-5
5,4723E-5
5,7052E-5
7,9183E-5
5,7706E-5
5,9161E-5
6,1053E-5
5,8628E-5
5,7494E-5
5,5089E-5
6,0338E-5
5,5575E-5
5,7992E-5
5,7872E-5
6,7544E-5
5,8419E-5
5,8792E-5
5,5245E-5
5,9718E-5
5,4964E-5
5,7194E-5
5,4702E-5
6,4229E-5
8,5544E-5
6,6222E-5
5,5064E-5
5,8576E-5
5,621E-5
5,7078E-5
5,5547E-5
5,7666E-5
5,3836E-5
5,7387E-5
5,4374E-5
6,4832E-5
5,5229E-5
5,74E-5
5,3878E-5
5,733E-5
5,3121E-5
5,7942E-5
5,5128E-5
6,8594E-5
5,406E-5
5,9034E-5
5,5662E-5
5,828E-5
5,3801E-5
5,7144E-5
5,2941E-5
5,6803E-5
5,3815E-5
5,6419E-5
5,3492E-5
5,7019E-5
5,5114E-5
5,6861E-5
5,2456E-5
5,7289E-5
4,9493E-5
5,8055E-5
5,4869E-5
5,788E-5
5,5839E-5
5,7476E-5
5,4713E-5
5,8545E-5
5,4006E-5
5,7982E-5
6,9688E-5
5,8192E-5
6,9655E-5
5,648E-5
5,3903E-5
5,773E-5
5,5477E-5
6,8212E-5
5,5254E-5
5,8994E-5
5,4164E-5
5,8048E-5
5,4286E-5
5,772E-5
5,3529E-5
5,7171E-5
6,9263E-5
5,6195E-5
5,4774E-5
5,7451E-5
5,4096E-5
6,9969E-5
5,4367E-5
6,376E-5
5,4709E-5
5,9347E-5
5,5212E-5
6,1744E-5
5,2659E-5
5,7813E-5
5,3706E-5
5,8592E-5
5,4255E-5
5,6688E-5
6,6024E-5
5,808E-5
5,4545E-5
5,7542E-5
5,4344E-5
5,832E-5
5,328E-5
5,8347E-5
5,4847E-5
5,6997E-5
5,5766E-5
5,7058E-5
5,421E-5
5,7293E-5
5,4291E-5
5,8432E-5
5,4272E-5
5,6745E-5
5,3889E-5
5,6928E-5
5,169E-5
5,9006E-5
5,0328E-5
5,6435E-5
5,3917E-5
5,6957E-5
6,7259E-5
5,7923E-5
5,5205E-5
5,7333E-5
5,6742E-5
5,9068E-5
5,4354E-5
5,8002E-5
6,0052E-5
0,001280271
5,3391E-5
5,7186E-5
5,4232E-5
5,8989E-5
5,5061E-5
5,7144E-5
5,3514E-5
5,7549E-5
0,001463609
5,7053E-5
5,4304E-5
5,8149E-5
5,5005E-5
6,2893E-5
5,3843E-5
5,7204E-5
5,2872E-5
6,0403E-5
8,5301E-5
5,6304E-5
5,3213E-5
6,3612E-5
5,4756E-5
6,2623E-5
5,281E-5
5,6727E-5
5,634E-5
5,7234E-5
6,7735E-5
5,6662E-5
5,5749E-5
5,6525E-5
5,5034E-5
5,6381E-5
5,2876E-5
5,9776E-5
5,5393E-5
5,7287E-5
5,3425E-5
5,6353E-5
5,5242E-5
6,4855E-5
5,5929E-5
5,7243E-5
5,5648E-5
6,2494E-5
5,4929E-5
5,7126E-5
5,4289E-5
5,6961E-5
5,4086E-5
5,77E-5
5,5619E-5
5,8451E-5
5,4893E-5
5,6033E-5
5,3248E-5
5,7661E-5
5,4396E-5
5,808E-5
5,5056E-5
5,7734E-5
5,6115E-5
5,6942E-5
5,4043E-5
5,7781E-5
5,5786E-5
6,4382E-5
5,3028E-5
5,7997E-5
5,2057E-5
5,8042E-5
5,0311E-5
5,7219E-5
5,6807E-5
6,0431E-5
6,9812E-5
6,0577E-5
5,3783E-5
5,6767E-5
5,3947E-5
5,9532E-5
5,5432E-5
5,7926E-5
5,4915E-5
5,7672E-5
5,6815E-5
5,8722E-5
5,3199E-5
6,0591E-5
5,4666E-5
5,7401E-5
5,4058E-5
5,6791E-5
5,378E-5
5,6843E-5
5,431E-5
6,2061E-5
5,5098E-5
5,7549E-5
5,4788E-5
5,7063E-5
5,4756E-5
5,6496E-5
5,0905E-5
5,7464E-5
5,5021E-5
5,7283E-5
5,5794E-5
5,7686E-5
5,3808E-5
5,784E-5
5,2939E-5
6,2724E-5
5,4933E-5
6,8328E-5
5,3393E-5
5,7417E-5
5,3333E-5
6,2537E-5
5,5802E-5
5,8736E-5
5,2892E-5
5,728E-5
5,4093E-5
5,6921E-5
5,5307E-5
1,25052E-4
5,4102E-5
5,7805E-5
5,3371E-5
5,7479E-5
5,3989E-5
5,8385E-5
5,4666E-5
5,7372E-5
5,4065E-5
5,7296E-5
5,4478E-5
5,686E-5
5,2481E-5
5,7943E-5
5,3863E-5
5,9633E-5
5,329E-5
5,7902E-5
5,452E-5
5,7922E-5
5,4253E-5
5,735E-5
5,3375E-5
5,7121E-5
5,451E-5
5,813E-5
5,4913E-5
5,6479E-5
7,076E-5
5,8322E-5
5,2965E-5
6,5776E-5
7,0881E-5
5,7871E-5
5,2489E-5
5,8207E-5
5,3753E-5
5,7531E-5
5,5548E-5
5,8925E-5
5,469E-5
5,7894E-5
5,6565E-5
5,7979E-5
6,7329E-5
5,7016E-5
5,3407E-5
6,3511E-5
8,4951E-5
5,7183E-5
6,5654E-5
6,3246E-5
3,6044E-5
6,2824E-5
3,6701E-5
6,2913E-5
3,5004E-5
6,2782E-5
3,6233E-5
6,1926E-5
3,7892E-5
6,366E-5
3,4254E-5
6,3779E-5
3,6541E-5
6,4227E-5
3,6725E-5
6,3037E-5
3,6591E-5
6,438E-5
3,5503E-5
6,1776E-5
3,3769E-5
6,179E-5
3,5233E-5
6,248E-5
3,5175E-5
6,256E-5
3,5141E-5
6,4462E-5
5,6678E-5
5,9124E-5
5,4811E-5
5,844E-5
5,6431E-5
5,8272E-5
5,3731E-5
5,7692E-5
5,9112E-5
5,7016E-5
5,747E-5
6,4486E-5
5,682E-5
5,7311E-5
5,4605E-5
5,7738E-5
5,5465E-5
5,9668E-5
5,599E-5
5,9979E-5
5,3853E-5
5,7299E-5
5,2847E-5
5,6389E-5
5,3923E-5
5,8522E-5
5,501E-5
5,6834E-5
5,5523E-5
5,6765E-5
5,5204E-5
5,7915E-5
5,3802E-5
5,6406E-5
5,4758E-5
5,8247E-5
5,4202E-5
5,7787E-5
5,5429E-5
6,2674E-5
5,3681E-5
5,708E-5
5,3113E-5
6,066E-5
5,3358E-5
5,5666E-5
5,3822E-5
5,7739E-5
5,5005E-5
6,7232E-5
5,5457E-5
6,3512E-5
5,4426E-5
5,8114E-5
5,502E-5
6,3939E-5
5,874E-5
5,7477E-5
4,9608E-5
5,7605E-5
5,3317E-5
5,6357E-5
5,6443E-5
5,7029E-5
6,4762E-5
5,8452E-5
5,4992E-5
5,7992E-5
5,4592E-5
5,7674E-5
5,5115E-5
5,8867E-5
5,0798E-5
5,7061E-5
5,3326E-5
5,8406E-5
5,0127E-5
5,6832E-5
5,3895E-5
5,818E-5
5,792E-5
6,0801E-5
5,473E-5
6,0758E-5
5,4635E-5
5,8581E-5
5,7801E-5
6,3252E-5
5,8411E-5
6,1594E-5
5,8846E-5
6,1351E-5
5,7997E-5
5,749E-5
5,5548E-5
5,8317E-5
6,5352E-5
6,2166E-5
5,8879E-5
5,8458E-5
5,5761E-5
5,9732E-5
5,7672E-5
5,866E-5
6,8102E-5
6,3575E-5
5,4852E-5
5,6549E-5
5,5858E-5
5,7315E-5
5,5795E-5
5,6829E-5
5,4816E-5
5,7287E-5
5,3923E-5
5,8937E-5
5,3722E-5
5,7117E-5
5,266E-5
5,7427E-5
5,0282E-5
6,4176E-5
5,3126E-5
6,7472E-5
5,2576E-5
6,2524E-5
5,4104E-5
5,9883E-5
5,4186E-5
6,2467E-5
8,3048E-5
6,447E-5
5,5248E-5
6,3788E-5
5,5548E-5
5,6973E-5
8,3637E-5
5,5196E-5
5,2947E-5
5,7648E-5
5,4568E-5
5,6858E-5
5,5226E-5
5,7805E-5
5,4069E-5
5,7594E-5
5,432E-5
5,7308E-5
5,4234E-5
6,6682E-5
4,9987E-5
5,7374E-5
5,4997E-5
5,7645E-5
5,364E-5
5,6864E-5
5,5487E-5
5,9784E-5
5,4697E-5
5,6353E-5
5,493E-5
5,7112E-5
5,629E-5
6,4248E-5
5,5155E-5
5,6931E-5
5,5045E-5
6,3207E-5
5,4072E-5
5,7927E-5
5,728E-5
5,8635E-5
5,4562E-5
6,332E-5
5,5378E-5
6,2627E-5
5,2306E-5
5,6422E-5
5,3487E-5
5,6799E-5
5,4648E-5
5,7474E-5
5,4222E-5
5,8217E-5
5,1335E-5
5,7293E-5
3,6498E-5
6,3699E-5
3,6061E-5
6,2149E-5
3,6383E-5
6,2719E-5
3,4458E-5
6,2202E-5
3,687E-5
6,7566E-5
3,5342E-5
6,2111E-5
3,7173E-5
6,34E-5
3,465E-5
6,1571E-5
3,4323E-5
5,687E-5
3,7406E-5
6,3314E-5
3,6289E-5
5,86E-5
3,7884E-5
6,3929E-5
3,666E-5
6,4018E-5
3,5631E-5
6,5309E-5
3,6128E-5
6,4639E-5
3,5769E-5
5,694E-5
5,0269E-5
6,4768E-5
3,5348E-5
6,2418E-5
3,6339E-5
6,3429E-5
3,4977E-5
6,369E-5
3,6389E-5
6,1221E-5
3,5262E-5
5,7449E-5
3,6369E-5
6,4498E-5
3,5013E-5
6,3562E-5
3,495E-5
5,7932E-5
4,9083E-5
6,3417E-5
4,3801E-5
6,3426E-5
3,6027E-5
6,211E-5
3,4767E-5
6,2379E-5
3,6513E-5
6,3267E-5
3,4996E-5
6,1879E-5
3,5143E-5
5,652E-5
3,581E-5
6,2094E-5
3,3813E-5
6,5194E-5
3,5843E-5
3,0806E-5
2,9416E-5
7,9711E-5
4,057E-5
6,2246E-5
3,8415E-5
6,5489E-5
3,8308E-5
6,2057E-5
3,4963E-5
4,3297E-5
2,9165E-5
3,8575E-5
6,3941E-5
6,0161E-5
5,8439E-5
6,2503E-5
3,0108E-5
6,3952E-5
3,801E-5
6,4762E-5
3,8575E-5
3,9769E-5
6,9431E-5
6,4811E-5
3,1795E-5
3,7842E-5
5,8543E-5
6,5892E-5
3,088E-5
3,0782E-5
4,2975E-5
3,8795E-5
5,6829E-5
5,9528E-5
5,9059E-5
5,5903E-5
5,9125E-5
3,8493E-5
5,765E-5
3,8897E-5
6,0473E-5
3,3216E-5
5,7333E-5
6,7219E-5
6,0976E-5
5,8911E-5
6,5927E-5
6,4507E-5
4,4106E-5
6,2316E-5
3,0821E-5
3,2941E-5
5,7174E-5
5,5228E-5
6,4013E-5
7,0798E-5
3,8778E-5
4,7468E-5
3,2825E-5
4,0262E-5
4,9848E-5
6,5658E-5
7,204E-5
7,3742E-5
3,1447E-5
6,6886E-5
3,0997E-5
7,5532E-5
3,9517E-5
7,0025E-5
4,0189E-5
9,6155E-5
3,8691E-5
7,1469E-5
3,9004E-5
6,8503E-5
3,8004E-5
3,9165E-5
3,0023E-5
7,5965E-5
3,8456E-5
6,7832E-5
3,9349E-5
4,3673E-5
2,9536E-5
7,429E-5
3,8719E-5
6,8788E-5
3,9404E-5
6,4252E-5
3,8669E-5
7,6079E-5
3,5892E-5
4,1356E-5
4,5608E-5
5,0987E-5
4,9875E-5
4,0105E-5
6,5347E-5
3,1653E-5
6,4592E-5
5,5544E-5
5,6473E-5
5,9164E-5
7,5051E-5
7,3569E-5
5,2632E-5
6,1713E-5
3,8198E-5
6,3656E-5
3,8279E-5
3,1861E-5
3,6776E-5
3,4876E-5
4,4969E-5
3,7515E-5
6,5352E-5
6,041E-5
5,7765E-5
6,6426E-5
2,8894E-5
3,1437E-5
5,8715E-5
6,4595E-5
2,822E-5
3,2002E-5
3,0774E-5
3,0775E-5
5,9101E-5
6,5444E-5
3,8794E-5
6,2636E-5
3,8782E-5
3,1512E-5
3,1231E-5
3,1962E-5
4,5944E-5
6,6583E-5
6,6255E-5
6,9078E-5
2,9944E-5
3,2001E-5
6,6073E-5
5,8675E-5
3,1779E-5
6,5138E-5
3,8026E-5
2,9474E-5
3,039E-5
5,8383E-5
3,7584E-5
6,3007E-5
3,623E-5
6,2728E-5
3,5721E-5
6,4462E-5
3,714E-5
6,1751E-5
3,6305E-5
6,402E-5
3,7087E-5
6,2146E-5
4,0915E-5
6,5423E-5
3,9091E-5
3,2887E-5
2,9195E-5
5,5967E-5
3,1659E-5
3,8484E-5
4,3999E-5
4,0757E-5
6,6035E-5
5,5214E-5
5,8938E-5
5,9935E-5
6,4441E-5
6,3662E-5
2,9892E-5
6,3844E-5
3,085E-5
6,718E-5
3,9997E-5
4,0248E-5
4,3016E-5
5,8875E-5
5,9037E-5
3,9319E-5
6,8194E-5
6,8867E-5
2,9087E-5
5,8391E-5
3,895E-5
6,3685E-5
3,9666E-5
6,3592E-5
3,8307E-5
6,3785E-5
3,9051E-5
3,8226E-5
5,7373E-5
5,5323E-5
4,3413E-5
5,8587E-5
5,7986E-5
3,2608E-5
6,5176E-5
5,7433E-5
6,5568E-5
3,8282E-5
8,3088E-5
7,0022E-5
5,9197E-5
6,3677E-5
5,6709E-5
6,102E-5
5,8254E-5
6,6504E-5
3,2606E-5
6,6654E-5
3,9708E-5
3,7686E-5
2,9758E-5
3,2143E-5
4,3814E-5
5,6011E-5
4,5044E-5
5,8814E-5
4,6387E-5
3,5874E-5
4,3974E-5
3,8796E-5
6,6631E-5
5,5641E-5
5,8063E-5
5,8489E-5
5,7345E-5
6,0786E-5
6,4968E-5
5,708E-5
5,6171E-5
0,00129118
6,8263E-5
6,4423E-5
6,7219E-5
6,6977E-5
6,4506E-5
3,7796E-5
5,8685E-5
3,3934E-5
0,001403429
3,0432E-5
4,7078E-5
6,7284E-5
6,231E-5
5,949E-5
6,8049E-5
5,7605E-5
7,4811E-5
5,9187E-5
8,0919E-5
3,0831E-5
4,4808E-5
5,5877E-5
6,5517E-5
6,0898E-5
5,7677E-5
5,7749E-5
4,3806E-5
5,4619E-5
5,6565E-5
3,8774E-5
4,7733E-5
7,166E-5
5,7332E-5
3,8172E-5
4,3904E-5
3,9475E-5
6,5245E-5
5,6351E-5
5,7771E-5
6,5182E-5
3,5719E-5
6,3025E-5
3,7742E-5
6,3969E-5
3,5932E-5
6,2534E-5
3,9336E-5
6,3979E-5
3,8679E-5
4,0014E-5
3,1135E-5
3,0766E-5
4,5077E-5
5,6785E-5
6,5195E-5
3,1841E-5
5,9173E-5
6,4753E-5
3,7598E-5
6,2854E-5
3,9734E-5
0,001333707
2,7918E-5
6,4607E-5
3,1886E-5
3,2785E-5
5,736E-5
3,0713E-5
5,6747E-5
5,917E-5
5,0001E-5
6,6316E-5
3,7927E-5
6,3091E-5
3,7999E-5
6,6355E-5
3,7724E-5
6,2085E-5
3,8666E-5
9,893E-5
3,5236E-5
6,3127E-5
4,1005E-5
6,2009E-5
3,7898E-5
3,0729E-5
2,9505E-5
3,6777E-5
4,4975E-5
5,8398E-5
2,8869E-5
3,9589E-5
4,3268E-5
5,7216E-5
4,3064E-5
6,9616E-5
2,9325E-5
3,3041E-5
2,9016E-5
3,1196E-5
5,4459E-5
6,3917E-5
5,7274E-5
5,7579E-5
4,4095E-5
5,8837E-5
5,8901E-5
5,5033E-5
3,0535E-5
6,7155E-5
3,0419E-5
3,885E-5
7,7556E-5
5,6254E-5
6,9377E-5
6,3711E-5
5,9051E-5
6,5219E-5
2,9335E-5
3,0745E-5
3,0057E-5
3,772E-5
4,4089E-5
5,5613E-5
6,4365E-5
3,7873E-5
6,3566E-5
6,5148E-5
5,7587E-5
3,1804E-5
4,273E-5
3,275E-5
5,7586E-5
6,3661E-5
3,9017E-5
3,894E-5
2,9711E-5
3,8144E-5
5,889E-5
3,8307E-5
6,2199E-5
3,8012E-5
5,4126E-5
6,2714E-5
5,7575E-5
5,852E-5
5,7389E-5
6,9483E-5
3,1108E-5
3,0377E-5
5,4928E-5
6,2378E-5
5,6693E-5
6,3238E-5
5,4361E-5
3,0519E-5
2,9679E-5
3,8557E-5
4,5725E-5
5,7395E-5
6,3917E-5
5,7023E-5
5,7257E-5
5,8075E-5
4,4129E-5
5,8102E-5
5,6699E-5
6,2398E-5
3,0298E-5
3,2649E-5
3,2692E-5
6,118E-5
2,8091E-5
3,7554E-5
2,849E-5
3,0289E-5
3,642E-5
2,9639E-5
3,9163E-5
6,9423E-5
5,8091E-5
6,2835E-5
6,2287E-5
5,5132E-5
5,3552E-5
3,0185E-5
2,8989E-5
6,5816E-5
5,8891E-5
4,2873E-5
6,3229E-5
5,8777E-5
6,4358E-5
2,9173E-5
2,9895E-5
4,7105E-5
5,6208E-5
6,3738E-5
5,8426E-5
5,6283E-5
7,4824E-5
5,4649E-5
5,8714E-5
3,0017E-5
3,8723E-5
4,6315E-5
5,7557E-5
6,7951E-5
3,3289E-5
5,7104E-5
3,8177E-5
6,1924E-5
3,1954E-5
4,5934E-5
6,3678E-5
5,7272E-5
6,3802E-5
6,2947E-5
3,8711E-5
5,8002E-5
3,709E-5
3,0174E-5
3,7714E-5
5,8085E-5
3,1347E-5
5,7432E-5
6,407E-5
5,4013E-5
3,8153E-5
2,9276E-5
6,3643E-5
7,0251E-5
6,7447E-5
2,9477E-5
3,8098E-5
5,6431E-5
3,7268E-5
5,7253E-5
8,3929E-5
2,9979E-5
6,5743E-5
2,8317E-5
3,7585E-5
3,4093E-5
6,3989E-5
3,0826E-5
5,7748E-5
5,5699E-5
4,0202E-5
5,7422E-5
3,1962E-5
2,947E-5
3,8206E-5
4,2806E-5
6,4982E-5
5,7306E-5
3,0409E-5
5,7147E-5
5,7863E-5
4,4153E-5
5,3942E-5
5,8391E-5
5,3678E-5
6,3593E-5
5,6224E-5
5,795E-5
5,7095E-5
4,6538E-5
6,2613E-5
4,412E-5
5,5471E-5
6,3954E-5
3,8768E-5
4,4827E-5
5,3824E-5
6,2801E-5
5,4083E-5
6,5619E-5
5,6145E-5
5,508E-5
5,7969E-5
5,7253E-5
5,791E-5
4,338E-5
3,0705E-5
4,3603E-5
5,3584E-5
6,4582E-5
5,3506E-5
4,4082E-5
3,3821E-5
5,7156E-5
3,6115E-5
4,5107E-5
3,5609E-5
6,3057E-5
3,3773E-5
5,835E-5
3,6134E-5
6,4361E-5
3,5134E-5
5,7159E-5
3,6839E-5
5,6688E-5
3,4388E-5
5,6416E-5
3,4785E-5
6,5819E-5
3,3976E-5
5,7031E-5
3,4783E-5
6,8384E-5
3,5311E-5
5,6193E-5
3,3763E-5
5,6151E-5
3,35E-5
6,4993E-5
3,6706E-5
5,6466E-5
3,4172E-5
6,4401E-5
3,4272E-5
5,8965E-5
3,6436E-5
5,7925E-5
3,5316E-5
5,6223E-5
3,4942E-5
5,8147E-5
3,348E-5
5,6689E-5
5,3666E-5
6,3205E-5
6,54E-5
5,733E-5
6,2576E-5
2,817E-5
3,7854E-5
4,3184E-5
4,7841E-5
7,6749E-5
5,7237E-5
4,5009E-5
5,3246E-5
6,5364E-5
5,3804E-5
5,768E-5
5,7349E-5
6,5742E-5
5,7907E-5
4,3513E-5
5,6599E-5
5,808E-5
5,6626E-5
4,2848E-5
5,6552E-5
4,488E-5
5,7146E-5
5,7186E-5
5,7513E-5
2,7924E-5
3,6783E-5
4,8664E-5
4,8679E-5
5,7057E-5
5,1935E-5
7,499E-5
5,6006E-5
4,3037E-5
5,4391E-5
5,665E-5
5,735E-5
4,2895E-5
5,8592E-5
4,3727E-5
3,6426E-5
6,6116E-5
3,4171E-5
6,4652E-5
4,9844E-5
6,5326E-5
5,3345E-5
6,8096E-5
5,0E-5
6,5447E-5
5,8288E-5
4,3205E-5
5,5454E-5
5,798E-5
5,4207E-5
0,001214496
3,5052E-5
5,9998E-5
3,4418E-5
5,5912E-5
3,9071E-5
5,6572E-5
3,7183E-5
5,8947E-5
3,8013E-5
5,6333E-5
4,0895E-5
5,6671E-5
3,8004E-5
5,6773E-5
3,905E-5
5,6629E-5
3,803E-5
5,8218E-5
4,3751E-5
6,4701E-5
5,3446E-5
6,6259E-5
5,3659E-5
6,4472E-5
5,8146E-5
4,4949E-5
5,697E-5
3,0264E-5
3,8398E-5
5,7507E-5
2,9453E-5
6,1975E-5
5,6553E-5
5,786E-5
3,6633E-5
8,1509E-5
3,8829E-5
7,3999E-5
6,6824E-5
5,7725E-5
6,857E-5
5,6787E-5
3,7381E-5
3,0733E-5
3,7652E-5
4,7675E-5
5,7859E-5
6,4798E-5
6,7856E-5
6,558E-5
5,7939E-5
4,4069E-5
5,6394E-5
5,6045E-5
3,7926E-5
5,7467E-5
3,6712E-5
5,7232E-5
5,6728E-5
4,3711E-5
5,3638E-5
0,001319897
5,6341E-5
2,9397E-5
3,204E-5
5,5213E-5
3,0981E-5
6,3598E-5
5,7125E-5
6,2714E-5
6,2577E-5
3,0277E-5
6,3691E-5
2,9908E-5
3,8544E-5
5,7202E-5
6,3323E-5
6,3571E-5
5,7115E-5
4,19E-5
3,6827E-5
6,6872E-5
4,4403E-5
4,4069E-5
5,7954E-5
8,482E-5
6,4598E-5
2,8854E-5
7,3964E-5
5,6762E-5
3,2522E-5
2,8934E-5
4,1643E-5
5,6566E-5
5,6808E-5
5,6979E-5
7,7583E-5
6,3116E-5
6,2892E-5
6,2064E-5
6,0992E-5
6,2273E-5
5,7835E-5
6,3874E-5
6,202E-5
0,001250167
3,2137E-5
3,1066E-5
5,7274E-5
5,3918E-5
3,0537E-5
5,7197E-5
7,3522E-5
5,4455E-5
3,8183E-5
5,6302E-5
5,8941E-5
4,3611E-5
5,4194E-5
4,4702E-5
3,4695E-5
5,6615E-5
3,4732E-5
6,6597E-5
3,4324E-5
5,6967E-5
3,4486E-5
6,3624E-5
6,3824E-5
6,1233E-5
3,5893E-5
5,6474E-5
3,5382E-5
5,6691E-5
3,4977E-5
6,6055E-5
3,4305E-5
5,7801E-5
3,5283E-5
5,7613E-5
3,4796E-5
5,8407E-5
3,5999E-5
5,6343E-5
3,3829E-5
6,4799E-5
4,4412E-5
5,737E-5
3,4681E-5
5,6338E-5
3,4189E-5
5,7843E-5
5,366E-5
6,4526E-5
5,3859E-5
5,6523E-5
5,4647E-5
6,3638E-5
5,4859E-5
4,274E-5
3,5193E-5
5,7779E-5
3,3799E-5
5,6557E-5
3,4231E-5
5,6693E-5
4,5772E-5
6,3979E-5
5,4894E-5
6,456E-5
5,3632E-5
5,8952E-5
5,4517E-5
6,3706E-5
5,7004E-5
5,6797E-5
6,385E-5
5,4596E-5
3,8084E-5
6,2087E-5
3,123E-5
3,0478E-5
6,3904E-5
5,8396E-5
3,6897E-5
5,6617E-5
5,6986E-5
5,56E-5
3,2492E-5
5,5832E-5
3,0682E-5
5,2053E-5
5,6317E-5
5,6987E-5
6,6521E-5
6,1037E-5
6,9986E-5
5,3957E-5
3,0253E-5
5,4556E-5
2,9832E-5
3,0255E-5
3,767E-5
4,3535E-5
6,5469E-5
5,3626E-5
3,1561E-5
3,0332E-5
3,8415E-5
5,7317E-5
3,2414E-5
5,5819E-5
5,6793E-5
5,204E-5
5,6295E-5
4,317E-5
5,8895E-5
4,4335E-5
6,4653E-5
3,8153E-5
3,7254E-5
4,33E-5
5,4398E-5
5,8082E-5
5,8104E-5
5,7488E-5
5,6651E-5
4,3004E-5
5,4524E-5
6,9083E-5
5,4475E-5
6,4103E-5
5,6783E-5
5,8872E-5
6,5858E-5
2,8956E-5
3,8384E-5
4,5904E-5
6,3363E-5
4,3976E-5
6,8116E-5
3,0081E-5
3,7645E-5
4,8328E-5
5,7416E-5
6,055E-5
6,3271E-5
5,5983E-5
3,9467E-5
2,957E-5
3,7568E-5
6,5649E-5
6,5644E-5
6,3691E-5
5,6684E-5
6,1078E-5
6,2547E-5
6,2407E-5
6,6305E-5
6,9501E-5
6,1595E-5
6,4144E-5
6,6527E-5
5,5833E-5
5,7991E-5
6,354E-5
6,6274E-5
6,2594E-5
6,4255E-5
6,3119E-5
5,6896E-5
6,3676E-5
6,995E-5
7,3359E-5
6,3342E-5
6,2433E-5
6,3014E-5
6,2368E-5
6,3248E-5
6,3084E-5
6,4404E-5
7,2757E-5
6,2733E-5
7,321E-5
6,2897E-5
7,3019E-5
6,1944E-5
6,2052E-5
6,3285E-5
6,2591E-5
5,539E-5
2,8502E-5
5,6851E-5
5,444E-5
3,9091E-5
2,8968E-5
3,9473E-5
4,6533E-5
5,689E-5
4,4446E-5
5,3915E-5
4,5884E-5
5,4239E-5
5,675E-5
5,1997E-5
4,5102E-5
3,5677E-5
6,4833E-5
3,4392E-5
5,7838E-5
5,3033E-5
6,2823E-5
4,912E-5
5,6979E-5
3,4668E-5
5,5902E-5
5,1958E-5
6,4229E-5
0,00131213
4,4294E-5
5,4526E-5
4,6947E-5
3,5627E-5
5,7073E-5
3,9272E-5
5,6794E-5
3,6789E-5
5,5793E-5
3,7557E-5
5,656E-5
6,4387E-5
6,3311E-5
6,446E-5
6,1821E-5
5,6286E-5
6,1988E-5
6,2694E-5
6,4294E-5
6,3659E-5
6,2335E-5
6,3982E-5
6,2027E-5
5,47E-5
6,3555E-5
6,3119E-5
6,2737E-5
3,0451E-5
4,536E-5
5,8535E-5
3,8344E-5
5,7459E-5
7,0276E-5
5,4949E-5
3,2085E-5
4,2875E-5
5,8371E-5
4,5181E-5
5,3432E-5
6,4371E-5
5,7359E-5
5,6195E-5
7,2879E-5
5,3493E-5
3,0694E-5
2,9311E-5
6,4968E-5
5,564E-5
3,211E-5
4,373E-5
5,6988E-5
6,0043E-5
3,8291E-5
6,2928E-5
6,286E-5
5,3837E-5
3,7394E-5
3,0903E-5
3,0602E-5
4,4741E-5
5,6279E-5
5,4885E-5
6,3108E-5
5,6992E-5
6,379E-5
5,4524E-5
5,7566E-5
5,3685E-5
3,1934E-5
3,0558E-5
3,7622E-5
4,2997E-5
5,6915E-5
5,6476E-5
5,7699E-5
5,4081E-5
6,6728E-5
7,2077E-5
5,6953E-5
5,7307E-5
3,8822E-5
6,4679E-5
5,8523E-5
4,3641E-5
5,6294E-5
5,6757E-5
6,1879E-5
5,4173E-5
3,1296E-5
3,1353E-5
3,8052E-5
4,4566E-5
6,9677E-5
5,6683E-5
3,3555E-5
3,0439E-5
3,7801E-5
5,4029E-5
3,7095E-5
3,0199E-5
2,9739E-5
6,2383E-5
6,3834E-5
5,4515E-5
3,1183E-5
2,9478E-5
3,7187E-5
5,8784E-5
6,4766E-5
5,5237E-5
3,0082E-5
2,9655E-5
3,8188E-5
4,307E-5
5,5011E-5
5,6785E-5
5,3523E-5
6,7994E-5
5,7345E-5
5,6917E-5
5,6998E-5
2,8343E-5
3,9874E-5
4,3295E-5
5,6348E-5
5,6901E-5
5,697E-5
6,3491E-5
3,0537E-5
4,3527E-5
3,4825E-5
5,5744E-5
3,3405E-5
6,3376E-5
3,5009E-5
6,1554E-5
3,4059E-5
6,2705E-5
3,5185E-5
6,1621E-5
3,4999E-5
6,6554E-5
3,4441E-5
6,0451E-5
5,4362E-5
6,4896E-5
3,8004E-5
5,8459E-5
4,3263E-5
5,7165E-5
5,7433E-5
6,4585E-5
7,0783E-5
5,9672E-5
3,0717E-5
3,2527E-5
3,4486E-5
4,9474E-5
6,1809E-5
7,6432E-5
5,8985E-5
7,0607E-5
4,2666E-5
4,5953E-5
5,397E-5
6,9176E-5
5,7778E-5
4,7878E-5
5,6087E-5
7,6397E-5
6,3952E-5
3,1632E-5
3,7266E-5
6,248E-5
3,9594E-5
5,8046E-5
5,7294E-5
7,6547E-5
7,2216E-5
5,5957E-5
4,4282E-5
3,0854E-5
7,2319E-5
6,7935E-5
3,0809E-5
5,6301E-5
3,203E-5
4,8708E-5
5,482E-5
5,7798E-5
5,5059E-5
6,361E-5
5,3697E-5
7,4491E-5
5,8103E-5
7,9501E-5
3,6774E-5
6,3294E-5
5,7277E-5
4,9887E-5
5,8697E-5
6,6699E-5
7,9855E-5
2,9111E-5
4,7716E-5
2,9319E-5
3,1796E-5
4,2856E-5
3,4117E-5
5,6463E-5
6,7097E-5
6,1977E-5
6,1302E-5
6,1797E-5
6,5964E-5
6,1193E-5
6,3476E-5
6,1886E-5
6,3491E-5
6,106E-5
6,2219E-5
6,5025E-5
6,3545E-5
6,3424E-5
6,3367E-5
6,4812E-5
6,4766E-5
6,3297E-5
6,8595E-5
7,3492E-5
6,2719E-5
6,3659E-5
6,2917E-5
6,1919E-5
6,7737E-5
6,2074E-5
6,3851E-5
6,2929E-5
6,2795E-5
6,225E-5
2,8938E-5
3,0956E-5
3,0673E-5
3,8563E-5
6,2718E-5
6,4495E-5
5,3754E-5
3,1787E-5
2,9424E-5
3,9843E-5
4,6013E-5
5,5614E-5
5,6969E-5
5,8883E-5
5,6718E-5
3,1596E-5
4,3071E-5
5,3044E-5
6,4434E-5
5,6421E-5
5,6939E-5
3,766E-5
4,5286E-5
3,5537E-5
5,6727E-5
3,8289E-5
6,2198E-5
3,5987E-5
6,235E-5
3,7508E-5
5,7362E-5
3,5014E-5
6,8827E-5
3,5329E-5
5,6738E-5
3,7054E-5
5,7075E-5
3,4563E-5
5,7455E-5
3,4734E-5
5,6213E-5
3,3577E-5
5,8077E-5
3,4772E-5
5,6956E-5
3,5595E-5
5,7457E-5
3,4674E-5
5,7091E-5
3,37E-5
5,6192E-5
3,4172E-5
5,711E-5
5,4046E-5
6,7018E-5
6,5479E-5
4,2072E-5
5,7771E-5
4,4034E-5
7,5787E-5
4,3779E-5
5,7622E-5
5,9212E-5
6,4029E-5
2,9836E-5
3,2676E-5
2,7942E-5
3,7176E-5
5,7362E-5
5,7562E-5
6,3195E-5
6,1956E-5
3,8936E-5
6,2375E-5
3,6976E-5
5,6809E-5
3,8479E-5
5,6675E-5
3,8149E-5
5,6261E-5
3,9272E-5
5,8473E-5
3,516E-5
5,7297E-5
3,4282E-5
5,7104E-5
3,6438E-5
5,6987E-5
3,6007E-5
5,6315E-5
3,6547E-5
5,7851E-5
3,9027E-5
6,0115E-5
3,4734E-5
5,6707E-5
3,6665E-5
6,4175E-5
3,4594E-5
5,7432E-5
3,5299E-5
5,7563E-5
3,6705E-5
5,7784E-5
3,8917E-5
5,8427E-5
3,7072E-5
5,6845E-5
3,4595E-5
6,4307E-5
3,4365E-5
6,6537E-5
3,5055E-5
6,1964E-5
3,4756E-5
6,2877E-5
4,329E-5
5,6135E-5
3,4102E-5
5,6719E-5
3,6374E-5
5,8048E-5
4,5475E-5
5,8808E-5
3,5494E-5
5,768E-5
3,5193E-5
6,1943E-5
3,4747E-5
4,2955E-5
4,5892E-5
5,661E-5
3,3538E-5
5,7893E-5
4,0558E-5
6,4088E-5
3,4422E-5
5,6446E-5
3,6038E-5
5,8389E-5
3,721E-5
5,7847E-5
5,4147E-5
5,7444E-5
5,4843E-5
6,4412E-5
5,8279E-5
6,51E-5
3,7035E-5
5,7112E-5
5,7645E-5
5,374E-5
3,2615E-5
6,2543E-5
6,0796E-5
6,287E-5
6,2147E-5
6,1885E-5
6,1951E-5
6,0823E-5
6,2799E-5
6,3503E-5
6,1845E-5
6,2564E-5
6,4219E-5
6,2743E-5
6,2062E-5
6,2576E-5
6,3559E-5
6,2995E-5
6,3317E-5
6,3323E-5
5,7195E-5
6,2574E-5
5,6746E-5
6,2979E-5
6,1308E-5
6,2019E-5
5,5503E-5
6,3442E-5
6,1803E-5
6,3139E-5
6,2458E-5
2,9982E-5
3,8668E-5
5,8203E-5
6,3998E-5
5,4209E-5
3,0711E-5
5,3482E-5
3,7753E-5
5,856E-5
6,4649E-5
5,3979E-5
2,9583E-5
2,8363E-5
3,7028E-5
4,2888E-5
5,7162E-5
5,8364E-5
5,6366E-5
2,9354E-5
3,1247E-5
4,188E-5
5,7325E-5
6,4125E-5
3,6622E-5
4,4864E-5
5,3112E-5
5,8893E-5
5,3926E-5
6,4951E-5
5,6834E-5
4,3906E-5
3,9266E-5
5,8018E-5
6,4364E-5
5,5839E-5
3,0229E-5
3,0369E-5
6,4148E-5
5,5846E-5
3,0531E-5
2,9017E-5
3,2107E-5
5,7542E-5
6,3247E-5
5,5672E-5
3,2405E-5
3,0041E-5
6,4065E-5
5,4107E-5
3,0743E-5
6,1835E-5
6,3569E-5
5,4516E-5
3,1513E-5
2,8554E-5
3,8787E-5
6,8621E-5
6,8853E-5
8,3651E-5
5,6029E-5
6,8134E-5
6,203E-5
7,2147E-5
6,2543E-5
6,6864E-5
5,7591E-5
6,8209E-5
6,2514E-5
6,5669E-5
5,5591E-5
7,1036E-5
6,2084E-5
7,1617E-5
6,29E-5
7,1839E-5
6,1833E-5
6,276E-5
6,2494E-5
6,3302E-5
5,6443E-5
6,174E-5
6,2549E-5
6,2523E-5
6,3653E-5
3,8828E-5
6,7425E-5
3,8164E-5
6,3771E-5
3,8889E-5
5,8E-5
4,0264E-5
6,249E-5
3,8663E-5
5,4959E-5
3,885E-5
5,6826E-5
3,7746E-5
7,4576E-5
4,1173E-5
5,6987E-5
3,7478E-5
5,6752E-5
3,7977E-5
6,7683E-5
3,7378E-5
5,7003E-5
3,7521E-5
5,6906E-5
3,7944E-5
0,001265499
3,8367E-5
6,2395E-5
3,4623E-5
5,6835E-5
3,8585E-5
6,1332E-5
3,6747E-5
6,3946E-5
3,9427E-5
6,0639E-5
3,9672E-5
5,6947E-5
3,828E-5
6,3307E-5
3,7566E-5
5,6878E-5
3,8427E-5
7,0378E-5
3,8268E-5
5,7444E-5
3,7056E-5
5,8244E-5
3,4505E-5
5,809E-5
3,6812E-5
5,5687E-5
3,9407E-5
5,8243E-5
3,9132E-5
5,7192E-5
3,8539E-5
5,7162E-5
3,9414E-5
5,7407E-5
3,8222E-5
5,7568E-5
3,9376E-5
5,6394E-5
3,8516E-5
6,0072E-5
3,8262E-5
5,6128E-5
3,839E-5
6,4889E-5
3,6121E-5
5,953E-5
3,7781E-5
5,676E-5
3,8844E-5
5,9335E-5
3,8544E-5
6,2608E-5
3,752E-5
5,8404E-5
3,803E-5
5,7126E-5
3,7266E-5
5,7532E-5
3,7743E-5
5,7206E-5
3,9257E-5
6,3261E-5
3,8464E-5
5,7576E-5
3,6517E-5
6,1806E-5
3,6737E-5
5,6233E-5
3,9509E-5
5,5874E-5
4,1332E-5
6,1173E-5
3,8969E-5
5,6127E-5
3,8519E-5
6,0115E-5
3,7704E-5
5,4866E-5
3,7179E-5
5,6557E-5
3,4932E-5
5,7771E-5
3,6892E-5
5,6106E-5
3,7956E-5
5,7411E-5
3,8187E-5
5,7325E-5
3,8546E-5
6,9387E-5
3,8677E-5
5,6954E-5
3,7039E-5
6,2202E-5
3,8959E-5
5,7077E-5
3,7195E-5
5,4913E-5
3,8728E-5
5,6001E-5
3,811E-5
6,5852E-5
3,7833E-5
5,6206E-5
3,8077E-5
5,6417E-5
3,8444E-5
6,1447E-5
3,8654E-5
5,7349E-5
3,6589E-5
5,6857E-5
3,9603E-5
5,8062E-5
3,9288E-5
5,676E-5
3,4308E-5
6,2743E-5
3,5345E-5
5,7985E-5
3,3753E-5
5,6498E-5
3,435E-5
5,7499E-5
3,4761E-5
5,7888E-5
3,4313E-5
5,6599E-5
3,4052E-5
5,5751E-5
3,4889E-5
5,6495E-5
3,6321E-5
5,7521E-5
3,4577E-5
5,7752E-5
3,6993E-5
5,6013E-5
3,7706E-5
5,5285E-5
3,6609E-5
5,8344E-5
3,7642E-5
5,578E-5
3,7156E-5
5,7536E-5
3,5524E-5
5,616E-5
3,7773E-5
6,7666E-5
3,6794E-5
5,6897E-5
3,8598E-5
5,6639E-5
3,899E-5
5,6826E-5
3,6908E-5
5,5029E-5
3,6249E-5
5,6472E-5
3,7966E-5
5,6939E-5
3,7626E-5
5,637E-5
3,7591E-5
6,7035E-5
3,9369E-5
5,4337E-5
3,8312E-5
6,3109E-5
3,7862E-5
5,6875E-5
3,8264E-5
5,7171E-5
3,6521E-5
5,7399E-5
3,8017E-5
6,0633E-5
3,7904E-5
6,1655E-5
3,6952E-5
5,5808E-5
3,7913E-5
5,7404E-5
3,6668E-5
5,7314E-5
3,4444E-5
5,6673E-5
3,8005E-5
5,5853E-5
3,8644E-5
5,6784E-5
3,9986E-5
5,728E-5
3,8519E-5
5,7448E-5
3,4023E-5
5,5973E-5
3,8576E-5
5,5993E-5
3,6506E-5
5,6927E-5
3,8138E-5
5,6676E-5
3,728E-5
6,2083E-5
3,6665E-5
5,6315E-5
3,7938E-5
5,5516E-5
3,7493E-5
5,7242E-5
3,6113E-5
5,6226E-5
3,7999E-5
5,6886E-5
3,922E-5
5,7759E-5
3,8388E-5
5,7212E-5
3,8973E-5
5,7353E-5
3,5941E-5
5,6559E-5
3,4917E-5
5,6885E-5
3,4848E-5
6,4122E-5
5,4757E-5
5,7643E-5
6,0905E-5
2,9186E-5
3,7622E-5
4,3064E-5
3,9128E-5
5,7975E-5
6,5759E-5
6,657E-5
6,2579E-5
6,9608E-5
6,5729E-5
6,4959E-5
6,2292E-5
2,8906E-5
3,0747E-5
5,0034E-5
3,9414E-5
0,001246444
6,4658E-5
5,5899E-5
3,0552E-5
6,3709E-5
4,199E-5
5,6589E-5
6,5252E-5
3,0301E-5
3,9506E-5
2,7879E-5
3,6817E-5
4,2757E-5
5,6541E-5
2,7928E-5
3,2029E-5
4,5016E-5
6,269E-5
5,8733E-5
5,5475E-5
5,8459E-5
5,7988E-5
5,8136E-5
5,6274E-5
5,6475E-5
5,7007E-5
6,2397E-5
6,3333E-5
6,1773E-5
6,2965E-5
6,2474E-5
6,1424E-5
6,2725E-5
6,3969E-5
6,3734E-5
6,5436E-5
6,3391E-5
6,2478E-5
6,2907E-5
6,3779E-5
6,2807E-5
6,1305E-5
6,2272E-5
6,2897E-5
3,8202E-5
5,6715E-5
4,3656E-5
5,7025E-5
3,6725E-5
5,7621E-5
3,6238E-5
5,6942E-5
3,5887E-5
5,7091E-5
3,7591E-5
6,4087E-5
3,8438E-5
5,649E-5
3,8397E-5
5,5809E-5
3,8478E-5
5,7378E-5
3,7617E-5
5,7037E-5
3,7569E-5
5,7229E-5
3,7886E-5
5,6873E-5
3,7387E-5
5,695E-5
3,8674E-5
5,5962E-5
3,585E-5
5,6352E-5
3,7291E-5
5,6256E-5
3,4801E-5
5,6997E-5
3,365E-5
5,9246E-5
5,4252E-5
7,1701E-5
5,6913E-5
5,7189E-5
3,1795E-5
5,6862E-5
6,4056E-5
4,3385E-5
5,567E-5
4,389E-5
3,5857E-5
5,7842E-5
3,4693E-5
5,9232E-5
3,4248E-5
6,5437E-5
5,4693E-5
6,5077E-5
5,2884E-5
6,4181E-5
5,2861E-5
5,5725E-5
5,3742E-5
5,7792E-5
5,3561E-5
4,3593E-5
3,6462E-5
5,6787E-5
3,4809E-5
5,7765E-5
3,3604E-5
5,7159E-5
3,439E-5
6,5786E-5
5,3425E-5
5,8016E-5
5,3092E-5
6,6152E-5
5,4242E-5
5,645E-5
5,3396E-5
4,3579E-5
4,6235E-5
5,6298E-5
3,3907E-5
5,8603E-5
3,3769E-5
5,6892E-5
3,3862E-5
6,3649E-5
5,4933E-5
6,3426E-5
6,5579E-5
4,2765E-5
5,6943E-5
4,3524E-5
5,4191E-5
6,6456E-5
5,3751E-5
6,3768E-5
5,4029E-5
0,001411177
5,3045E-5
7,3984E-5
5,6142E-5
4,3165E-5
5,6671E-5
5,6568E-5
5,3134E-5
5,7337E-5
5,7074E-5
2,8495E-5
3,2207E-5
6,6761E-5
6,3345E-5
5,4346E-5
5,6567E-5
5,366E-5
3,0484E-5
5,3942E-5
5,6631E-5
5,5243E-5
4,0954E-5
3,2294E-5
3,8155E-5
4,3682E-5
5,6071E-5
4,1956E-5
5,7859E-5
5,7552E-5
6,5213E-5
5,4273E-5
3,1674E-5
2,9396E-5
3,9304E-5
4,317E-5
3,8313E-5
5,5805E-5
7,3203E-5
5,5917E-5
4,6309E-5
3,1406E-5
3,8118E-5
5,7878E-5
3,1753E-5
5,8018E-5
6,3663E-5
5,5087E-5
3,1488E-5
2,7874E-5
3,8073E-5
5,7149E-5
3,0461E-5
5,6592E-5
4,5966E-5
7,6465E-5
7,3165E-5
6,5241E-5
5,7018E-5
4,3063E-5
6,4978E-5
4,3125E-5
6,8219E-5
6,2803E-5
5,3427E-5
6,7849E-5
5,2277E-5
6,6433E-5
5,3251E-5
6,1349E-5
5,601E-5
6,6997E-5
5,6597E-5
6,5818E-5
6,5272E-5
5,7524E-5
2,98E-5
4,3784E-5
5,3932E-5
6,6278E-5
5,4047E-5
6,5931E-5
6,5248E-5
5,3941E-5
3,2319E-5
3,1193E-5
3,7304E-5
4,5699E-5
5,8392E-5
5,6444E-5
6,4323E-5
5,4501E-5
3,116E-5
2,8717E-5
3,7475E-5
6,5037E-5
6,2865E-5
5,4485E-5
2,9664E-5
3,1129E-5
6,4271E-5
6,185E-5
6,2178E-5
6,1545E-5
6,207E-5
6,4013E-5
5,6364E-5
0,001369263
6,2652E-5
6,355E-5
6,1863E-5
6,3346E-5
6,1803E-5
6,1857E-5
6,3105E-5
6,1533E-5
6,2135E-5
6,2102E-5
5,765E-5
6,2219E-5
6,0824E-5
8,0124E-5
5,6474E-5
6,1796E-5
6,2395E-5
6,5194E-5
6,2773E-5
6,3765E-5
6,2743E-5
6,3322E-5
6,2733E-5
6,3492E-5
6,4916E-5
5,327E-5
5,8049E-5
6,2468E-5
6,1508E-5
7,4488E-5
6,2442E-5
6,2144E-5
6,1718E-5
7,1268E-5
6,138E-5
6,173E-5
6,1917E-5
7,0576E-5
6,0751E-5
7,4907E-5
6,1599E-5
7,3349E-5
6,3027E-5
7,2735E-5
6,4064E-5
7,2244E-5
6,1837E-5
7,3688E-5
6,4243E-5
7,808E-5
5,7109E-5
6,6543E-5
6,0699E-5
7,1444E-5
5,5238E-5
7,1333E-5
6,2607E-5
6,6895E-5
6,4991E-5
2,792E-5
3,9756E-5
6,0471E-5
6,6909E-5
3,1144E-5
5,6355E-5
3,2123E-5
3,9889E-5
7,3222E-5
7,0307E-5
6,1447E-5
4,9325E-5
3,0719E-5
4,0402E-5
6,6962E-5
6,9589E-5
6,1087E-5
4,2899E-5
2,879E-5
3,8161E-5
7,063E-5
3,8223E-5
6,233E-5
5,7744E-5
6,8729E-5
5,628E-5
4,3924E-5
3,7201E-5
5,7435E-5
3,3958E-5
6,4695E-5
5,3877E-5
6,3781E-5
5,4368E-5
7,1541E-5
5,4631E-5
6,4725E-5
5,3467E-5
0,001382105
5,431E-5
6,6595E-5
5,3207E-5
4,4182E-5
5,4653E-5
6,6658E-5
5,3922E-5
6,4523E-5
5,7748E-5
3,0417E-5
3,9591E-5
5,7734E-5
5,7473E-5
4,466E-5
5,6814E-5
5,4445E-5
3,1588E-5
3,2465E-5
3,8481E-5
4,3166E-5
5,7779E-5
6,484E-5
6,0074E-5
5,7175E-5
6,433E-5
3,0495E-5
6,363E-5
6,172E-5
5,6769E-5
6,3472E-5
6,2882E-5
6,2288E-5
5,5821E-5
5,9818E-5
6,5165E-5
6,2957E-5
6,3759E-5
6,2914E-5
6,3669E-5
6,1887E-5
5,5343E-5
3,0241E-5
5,5557E-5
5,6024E-5
6,3676E-5
5,5162E-5
3,0654E-5
3,012E-5
6,4233E-5
5,4884E-5
3,0351E-5
2,7979E-5
7,2073E-5
6,3891E-5
6,5617E-5
6,2757E-5
6,6603E-5
6,2837E-5
6,9414E-5
6,259E-5
6,2792E-5
6,1314E-5
6,3847E-5
6,2625E-5
6,3376E-5
6,2445E-5
6,7477E-5
6,2421E-5
6,5054E-5
5,5737E-5
6,159E-5
6,2163E-5
7,2821E-5
6,2109E-5
7,2933E-5
6,1973E-5
6,3001E-5
6,2626E-5
6,2672E-5
6,3152E-5
6,6009E-5
6,694E-5
6,2514E-5
5,5963E-5
6,2244E-5
7,8225E-5
6,3811E-5
6,5791E-5
2,9244E-5
3,8981E-5
5,7173E-5
6,4852E-5
5,3228E-5
2,9266E-5
2,8909E-5
3,9123E-5
6,451E-5
6,2714E-5
5,494E-5
3,0581E-5
5,5449E-5
3,0779E-5
3,0135E-5
3,9632E-5
4,4281E-5
5,6305E-5
6,4822E-5
6,3827E-5
5,604E-5
3,0412E-5
5,5174E-5
6,4497E-5
5,583E-5
3,2652E-5
6,3088E-5
6,2636E-5
6,2063E-5
5,7304E-5
6,2239E-5
6,2615E-5
6,0929E-5
6,1762E-5
7,1517E-5
5,5904E-5
8,6834E-5
6,3161E-5
6,3118E-5
6,1874E-5
6,2327E-5
6,2685E-5
2,9473E-5
4,2996E-5
5,831E-5
6,1806E-5
2,9593E-5
5,8346E-5
5,4595E-5
4,1019E-5
5,4073E-5
3,9862E-5
5,5571E-5
6,7936E-5
6,3237E-5
3,7504E-5
6,3286E-5
6,256E-5
6,4626E-5
6,2831E-5
6,3875E-5
6,2184E-5
2,9357E-5
3,1895E-5
2,9625E-5
3,8859E-5
4,3209E-5
6,5045E-5
3,5069E-5
5,8379E-5
4,3665E-5
6,4656E-5
3,3711E-5
5,8838E-5
3,7371E-5
5,7818E-5
3,6683E-5
5,856E-5
4,2408E-5
5,7454E-5
3,506E-5
5,7704E-5
4,9597E-5
6,2442E-5
3,5453E-5
5,6731E-5
3,4654E-5
5,6895E-5
5,0493E-5
5,7947E-5
3,5241E-5
5,7146E-5
3,4341E-5
5,8371E-5
3,4326E-5
5,7571E-5
3,4146E-5
6,3592E-5
3,5134E-5
5,624E-5
3,6279E-5
5,6904E-5
4,4633E-5
5,6884E-5
3,5305E-5
5,7811E-5
3,4404E-5
5,6823E-5
3,4195E-5
5,7398E-5
3,5335E-5
5,5601E-5
3,5996E-5
5,8839E-5
3,6408E-5
5,9126E-5
3,4975E-5
5,6201E-5
3,4132E-5
5,7279E-5
3,4688E-5
5,8E-5
3,4199E-5
5,734E-5
3,4091E-5
5,751E-5
4,3301E-5
5,7435E-5
3,5457E-5
5,7648E-5
3,531E-5
5,6748E-5
3,5216E-5
5,805E-5
3,521E-5
5,8716E-5
4,3226E-5
5,8089E-5
3,41E-5
5,9955E-5
4,7858E-5
5,6689E-5
3,4995E-5
5,8262E-5
3,8063E-5
6,4499E-5
3,41E-5
5,7393E-5
3,4381E-5
5,7895E-5
3,5308E-5
4,2866E-5
4,5575E-5
5,6998E-5
3,3863E-5
5,7084E-5
3,4599E-5
5,7733E-5
3,5154E-5
6,6828E-5
5,455E-5
5,6793E-5
5,3467E-5
6,2967E-5
5,468E-5
6,2677E-5
5,4043E-5
6,4263E-5
6,6188E-5
6,3135E-5
6,3812E-5
5,4323E-5
3,213E-5
2,8048E-5
6,4287E-5
5,5103E-5
3,0118E-5
2,849E-5
3,6656E-5
2,8641E-5
4,8286E-5
4,3742E-5
6,7632E-5
5,4533E-5
3,366E-5
6,3219E-5
3,0838E-5
2,9776E-5
3,6748E-5
5,718E-5
3,1885E-5
7,3169E-5
5,7133E-5
6,5812E-5
5,8756E-5
4,3771E-5
5,3057E-5
6,4816E-5
5,7828E-5
5,9965E-5
6,4805E-5
6,7602E-5
5,6911E-5
6,3297E-5
6,2457E-5
5,8367E-5
6,3048E-5
6,2601E-5
6,2745E-5
3,7821E-5
5,791E-5
3,9156E-5
5,9679E-5
4,1253E-5
5,7107E-5
3,689E-5
7,1623E-5
3,8539E-5
5,6855E-5
4,0299E-5
5,729E-5
3,823E-5
5,618E-5
6,2167E-5
6,2726E-5
6,2122E-5
6,0941E-5
3,1401E-5
3,7267E-5
5,7544E-5
0,001346595
7,6918E-5
7,8971E-5
6,9689E-5
5,1099E-5
2,8938E-5
3,9943E-5
5,85E-5
3,9116E-5
0,001368407
5,5314E-5
7,6908E-5
5,5698E-5
6,5374E-5
5,4366E-5
7,021E-5
5,0244E-5
6,4489E-5
5,3554E-5
7,7364E-5
5,4237E-5
7,1754E-5
5,8377E-5
6,7973E-5
6,8909E-5
5,5035E-5
5,2182E-5
5,583E-5
3,2327E-5
4,5033E-5
5,1858E-5
6,529E-5
5,3878E-5
6,457E-5
5,3952E-5
6,528E-5
5,6649E-5
4,2797E-5
5,4062E-5
5,7433E-5
5,5605E-5
5,6533E-5
5,3243E-5
6,4312E-5
5,1188E-5
5,7495E-5
3,044E-5
6,1289E-5
5,3595E-5
6,3906E-5
5,8278E-5
6,367E-5
6,4657E-5
0,001288909
3,1159E-5
3,0873E-5
3,9093E-5
4,2708E-5
5,5015E-5
6,357E-5
5,3505E-5
6,4697E-5
5,5012E-5
5,6037E-5
5,2808E-5
5,214E-5
3,5994E-5
5,7054E-5
3,4995E-5
6,4347E-5
3,5848E-5
5,6038E-5
3,4658E-5
5,6457E-5
3,4813E-5
5,7331E-5
3,423E-5
6,4577E-5
5,5155E-5
5,731E-5
5,3516E-5
6,4334E-5
5,3659E-5
6,6477E-5
5,3683E-5
6,7435E-5
5,3312E-5
7,3803E-5
5,3162E-5
6,4852E-5
5,3232E-5
6,3761E-5
5,6034E-5
4,4029E-5
7,119E-5
5,96E-5
3,0693E-5
3,023E-5
3,9583E-5
4,281E-5
5,4837E-5
6,4771E-5
5,4676E-5
6,4061E-5
5,7027E-5
4,5466E-5
5,9043E-5
5,7513E-5
6,4478E-5
6,3034E-5
5,761E-5
6,4081E-5
6,2882E-5
6,2922E-5
6,3283E-5
2,8699E-5
3,8025E-5
2,9107E-5
3,8052E-5
4,2877E-5
5,5808E-5
4,5751E-5
5,3473E-5
6,5178E-5
5,7939E-5
5,7808E-5
6,9685E-5
5,5646E-5
3,1718E-5
2,9914E-5
3,1045E-5
5,6025E-5
6,3687E-5
5,4679E-5
3,9799E-5
2,9271E-5
3,8042E-5
5,8713E-5
6,4199E-5
5,362E-5
3,6684E-5
2,9833E-5
3,8826E-5
5,488E-5
3,3423E-5
2,7841E-5
6,2931E-5
6,229E-5
6,275E-5
6,2016E-5
6,2433E-5
6,2196E-5
6,0815E-5
6,2069E-5
6,2133E-5
6,1288E-5
6,1011E-5
6,2915E-5
5,5865E-5
6,158E-5
6,3158E-5
6,3059E-5
6,3692E-5
6,3885E-5
6,2843E-5
7,4546E-5
6,3466E-5
6,663E-5
6,3422E-5
6,6891E-5
6,2456E-5
6,9226E-5
6,3295E-5
6,7939E-5
6,2915E-5
6,7238E-5
6,3232E-5
2,9388E-5
3,8475E-5
7,017E-5
6,4534E-5
5,3583E-5
3,2067E-5
5,5411E-5
4,1549E-5
4,2987E-5
5,7482E-5
4,5473E-5
5,3296E-5
6,0165E-5
6,4246E-5
4,3377E-5
6,5675E-5
4,5242E-5
5,8934E-5
4,4679E-5
7,2652E-5
2,8683E-5
3,8116E-5
2,8779E-5
3,9311E-5
6,0059E-5
6,0226E-5
5,8533E-5
6,5502E-5
5,4773E-5
3,8425E-5
5,3576E-5
3,8188E-5
5,8855E-5
7,1477E-5
5,4333E-5
3,3532E-5
3,088E-5
4,0345E-5
4,2638E-5
5,3754E-5
4,318E-5
3,5769E-5
5,6727E-5
3,5327E-5
5,6934E-5
3,4778E-5
6,302E-5
5,4113E-5
5,6271E-5
5,6851E-5
5,8104E-5
3,8733E-5
5,8032E-5
6,4056E-5
5,7536E-5
3,1207E-5
5,4904E-5
3,864E-5
5,6912E-5
6,2663E-5
5,547E-5
3,1915E-5
2,8591E-5
3,161E-5
6,9086E-5
3,7289E-5
5,7941E-5
6,497E-5
5,5116E-5
3,1909E-5
3,0125E-5
3,9974E-5
4,5313E-5
5,6043E-5
2,865E-5
3,69E-5
6,2967E-5
5,5752E-5
2,9047E-5
3,7595E-5
6,4772E-5
6,2267E-5
5,5266E-5
3,2041E-5
2,9558E-5
5,6418E-5
5,3411E-5
4,7059E-5
2,8702E-5
3,8198E-5
4,4161E-5
5,3682E-5
4,3676E-5
4,0901E-5
5,8092E-5
3,4848E-5
5,6059E-5
3,5525E-5
5,6049E-5
3,47E-5
5,9026E-5
3,4371E-5
5,7069E-5
3,5872E-5
6,3672E-5
3,3587E-5
5,7226E-5
5,3429E-5
6,4707E-5
5,6846E-5
5,6012E-5
6,3777E-5
2,7924E-5
3,1274E-5
5,7872E-5
6,4084E-5
5,5125E-5
3,2232E-5
2,8412E-5
3,7474E-5
6,9771E-5
3,0935E-5
7,2476E-5
3,7896E-5
4,2852E-5
5,4945E-5
4,4799E-5
3,557E-5
6,0207E-5
3,7218E-5
5,7543E-5
3,5868E-5
5,5754E-5
3,6604E-5
5,5364E-5
3,8823E-5
5,5373E-5
5,148E-5
5,6676E-5
3,8259E-5
5,8638E-5
3,7634E-5
5,5625E-5
3,8433E-5
6,2453E-5
3,7368E-5
5,7738E-5
3,5462E-5
5,7175E-5
3,464E-5
5,6303E-5
3,4942E-5
5,8922E-5
3,3838E-5
5,6128E-5
3,9236E-5
5,7298E-5
3,4699E-5
5,6783E-5
3,5614E-5
5,6744E-5
3,473E-5
5,7012E-5
3,6069E-5
5,7954E-5
3,5389E-5
4,3865E-5
3,4422E-5
5,7013E-5
3,6414E-5
5,7173E-5
3,4146E-5
5,7739E-5
4,5338E-5
5,8173E-5
3,6066E-5
5,745E-5
4,3663E-5
0,001312243
3,5227E-5
5,7589E-5
3,3937E-5
5,6598E-5
3,5231E-5
6,7797E-5
3,4376E-5
5,6654E-5
3,5639E-5
5,8295E-5
3,6145E-5
6,0734E-5
3,5014E-5
6,5691E-5
3,6014E-5
5,8077E-5
3,5318E-5
6,7225E-5
3,6816E-5
5,6992E-5
3,637E-5
5,7035E-5
3,4336E-5
6,0599E-5
3,4921E-5
6,5677E-5
5,3478E-5
6,7557E-5
5,3002E-5
6,989E-5
6,3589E-5
3,1108E-5
5,8086E-5
5,7865E-5
3,1479E-5
3,0043E-5
3,9783E-5
4,4525E-5
6,5247E-5
2,9973E-5
4,0921E-5
4,6291E-5
6,3259E-5
4,2136E-5
5,3855E-5
6,3377E-5
5,6E-5
6,4795E-5
5,2576E-5
4,2625E-5
3,3072E-5
6,9098E-5
3,5794E-5
6,8441E-5
3,7597E-5
5,916E-5
3,7975E-5
5,7214E-5
3,8371E-5
5,9981E-5
3,8218E-5
5,5762E-5
4,3602E-5
5,7189E-5
3,7352E-5
5,5779E-5
3,7479E-5
5,714E-5
3,6825E-5
5,6707E-5
3,6688E-5
5,6411E-5
3,9339E-5
7,1384E-5
3,7973E-5
6,2951E-5
3,8407E-5
5,6758E-5
3,8956E-5
6,7142E-5
3,7258E-5
5,588E-5
3,8028E-5
5,6495E-5
3,7574E-5
5,7579E-5
3,7851E-5
5,6549E-5
3,7612E-5
5,5384E-5
3,8425E-5
5,688E-5
3,8521E-5
5,6095E-5
3,7189E-5
5,5852E-5
3,9074E-5
5,6039E-5
3,8705E-5
5,657E-5
3,7183E-5
5,7898E-5
3,7037E-5
5,5507E-5
3,6371E-5
5,737E-5
3,7308E-5
5,7912E-5
3,8758E-5
5,8462E-5
3,9057E-5
5,8115E-5
3,7823E-5
5,7024E-5
3,9474E-5
5,8128E-5
3,8096E-5
5,8901E-5
3,7857E-5
5,7423E-5
3,9541E-5
5,6364E-5
3,6901E-5
5,5688E-5
3,9606E-5
5,6915E-5
3,8608E-5
5,9384E-5
3,7561E-5
5,7411E-5
3,8072E-5
5,6149E-5
3,9636E-5
5,8088E-5
3,8799E-5
5,8308E-5
3,9148E-5
5,6739E-5
3,9925E-5
5,6186E-5
4,036E-5
5,6677E-5
3,9188E-5
5,6189E-5
3,7545E-5
6,46E-5
3,912E-5
5,6622E-5
3,8274E-5
5,6775E-5
3,7902E-5
5,6261E-5
3,8836E-5
5,6667E-5
3,9394E-5
5,8064E-5
3,9321E-5
5,5722E-5
3,8076E-5
5,601E-5
3,7863E-5
5,7581E-5
3,8413E-5
5,7034E-5
3,7646E-5
5,7102E-5
3,8456E-5
5,8478E-5
3,9135E-5
5,5702E-5
3,5617E-5
6,5812E-5
5,3091E-5
5,7663E-5
5,2995E-5
6,3964E-5
5,6803E-5
6,472E-5
6,481E-5
5,4607E-5
3,1409E-5
3,0215E-5
3,7841E-5
4,707E-5
5,6927E-5
5,7379E-5
7,2904E-5
5,3931E-5
3,1303E-5
3,0971E-5
6,4437E-5
5,4488E-5
3,2324E-5
5,2259E-5
5,7784E-5
5,7618E-5
7,0033E-5
5,498E-5
5,6813E-5
5,5899E-5
3,075E-5
2,8972E-5
3,8508E-5
2,8782E-5
5,8157E-5
5,4768E-5
3,0917E-5
4,4005E-5
5,6645E-5
6,4511E-5
5,7431E-5
5,7304E-5
5,7749E-5
2,8762E-5
3,7157E-5
4,3314E-5
3,7571E-5
4,4378E-5
6,4619E-5
5,6685E-5
7,6613E-5
5,5873E-5
3,9607E-5
2,9662E-5
5,733E-5
5,2922E-5
3,4071E-5
2,8364E-5
5,817E-5
5,3747E-5
3,2056E-5
2,8577E-5
4,0914E-5
5,8171E-5
6,3295E-5
5,4495E-5
4,1342E-5
2,8031E-5
5,6515E-5
5,4053E-5
3,8E-5
2,8215E-5
3,7568E-5
4,7654E-5
5,7942E-5
6,5619E-5
6,5688E-5
5,6391E-5
3,2278E-5
2,9537E-5
5,8113E-5
6,011E-5
3,0095E-5
2,9391E-5
6,6016E-5
5,489E-5
3,3584E-5
2,8972E-5
3,8425E-5
4,3635E-5
5,4304E-5
5,9119E-5
5,8461E-5
4,4333E-5
5,7829E-5
4,5006E-5
6,8162E-5
4,2919E-5
5,7993E-5
6,9652E-5
5,6848E-5
6,5721E-5
5,7067E-5
5,6359E-5
6,6698E-5
5,8708E-5
3,2799E-5
2,9681E-5
3,7066E-5
5,8217E-5
6,5153E-5
5,5317E-5
3,0756E-5
4,4483E-5
5,7096E-5
5,7586E-5
6,522E-5
5,4736E-5
3,6984E-5
2,8298E-5
3,7786E-5
3,048E-5
3,6894E-5
4,4956E-5
5,6859E-5
5,8054E-5
6,4612E-5
5,4966E-5
3,1591E-5
4,3234E-5
5,7146E-5
7,2324E-5
3,848E-5
5,7903E-5
6,5514E-5
5,4499E-5
3,0418E-5
2,8791E-5
3,8027E-5
5,7899E-5
6,4481E-5
5,5324E-5
3,3267E-5
2,8935E-5
3,7063E-5
5,9868E-5
6,4355E-5
5,2738E-5
0,001367652
2,9316E-5
3,8912E-5
4,564E-5
5,6209E-5
4,2823E-5
5,3727E-5
6,4504E-5
5,4471E-5
6,4368E-5
5,3717E-5
6,3907E-5
5,2261E-5
6,343E-5
6,2557E-5
5,8187E-5
3,6898E-5
5,789E-5
5,9365E-5
5,8464E-5
6,366E-5
5,5564E-5
3,1186E-5
2,7859E-5
3,7249E-5
5,8677E-5
6,5003E-5
6,0856E-5
3,1876E-5
2,9373E-5
3,7574E-5
6,4295E-5
3,3063E-5
5,816E-5
5,7653E-5
5,4547E-5
3,2641E-5
3,0243E-5
3,8175E-5
4,2538E-5
5,9203E-5
4,39E-5
5,3174E-5
6,4261E-5
5,2434E-5
4,3654E-5
3,5236E-5
5,7222E-5
3,6884E-5
6,4715E-5
5,4154E-5
8,0358E-5
5,3312E-5
6,3524E-5
5,3984E-5
5,6797E-5
5,3126E-5
6,3241E-5
5,4361E-5
6,3878E-5
6,356E-5
6,3838E-5
5,6577E-5
5,7508E-5
6,4683E-5
5,4985E-5
3,2403E-5
2,8297E-5
3,8985E-5
5,6993E-5
6,313E-5
3,0322E-5
6,2868E-5
5,4548E-5
3,7281E-5
2,7493E-5
3,683E-5
5,684E-5
6,8725E-5
2,9269E-5
6,6108E-5
5,4919E-5
3,6988E-5
2,882E-5
3,7848E-5
4,2347E-5
5,7231E-5
4,4882E-5
5,2995E-5
0,00144359
6,5067E-5
5,8496E-5
2,9416E-5
5,8209E-5
6,3947E-5
4,5945E-5
5,3795E-5
6,3531E-5
5,3939E-5
5,6923E-5
5,7396E-5
6,4876E-5
5,7375E-5
6,6852E-5
6,4044E-5
5,434E-5
3,2833E-5
2,9306E-5
3,7389E-5
4,2437E-5
5,6761E-5
4,4584E-5
5,6443E-5
5,6835E-5
5,6143E-5
5,6659E-5
6,4401E-5
2,925E-5
6,3421E-5
5,587E-5
3,126E-5
2,8783E-5
3,7665E-5
4,4094E-5
6,5022E-5
4,4624E-5
6,1819E-5
6,4075E-5
6,3746E-5
2,903E-5
3,7564E-5
7,8839E-5
3,2071E-5
4,3E-5
5,6478E-5
4,3969E-5
3,5316E-5
5,6317E-5
3,4219E-5
5,6803E-5
3,5536E-5
6,8157E-5
3,4255E-5
5,6427E-5
3,3169E-5
5,6846E-5
3,4273E-5
5,7443E-5
3,4128E-5
5,7131E-5
3,5938E-5
6,9974E-5
3,5496E-5
5,7522E-5
3,7001E-5
5,7944E-5
3,5354E-5
5,7324E-5
3,5713E-5
6,1616E-5
3,4502E-5
5,7406E-5
3,5808E-5
6,1912E-5
3,5254E-5
4,44E-5
3,5879E-5
5,6808E-5
4,0772E-5
5,9796E-5
3,4848E-5
5,7697E-5
3,9487E-5
6,5189E-5
5,55E-5
4,3417E-5
5,3236E-5
7,1347E-5
6,6639E-5
3,8088E-5
5,5144E-5
6,4083E-5
5,5481E-5
5,9149E-5
5,4615E-5
4,1568E-5
3,0085E-5
3,0977E-5
5,9121E-5
3,6886E-5
5,5894E-5
6,3499E-5
5,5106E-5
3,0941E-5
5,5873E-5
3,1274E-5
2,8713E-5
2,9315E-5
4,463E-5
5,8193E-5
6,0039E-5
5,7312E-5
4,7001E-5
5,779E-5
4,3388E-5
0,00147084
4,4171E-5
5,7397E-5
4,2456E-5
5,4067E-5
6,468E-5
5,3973E-5
6,4681E-5
5,432E-5
5,7294E-5
6,7321E-5
5,7679E-5
5,7115E-5
4,486E-5
5,3805E-5
4,2959E-5
3,2619E-5
5,6507E-5
3,6438E-5
5,7459E-5
3,6548E-5
5,6808E-5
3,4382E-5
5,7571E-5
3,4935E-5
5,5505E-5
3,4794E-5
5,8734E-5
3,5759E-5
6,5498E-5
3,5083E-5
5,6824E-5
3,4012E-5
5,6658E-5
3,5215E-5
5,7435E-5
3,5057E-5
5,6422E-5
3,3209E-5
5,7026E-5
3,3658E-5
6,6567E-5
3,45E-5
5,8148E-5
3,6097E-5
4,4713E-5
3,5093E-5
6,5169E-5
3,532E-5
5,6929E-5
3,7154E-5
5,7342E-5
3,4658E-5
5,7132E-5
3,5124E-5
5,6366E-5
3,5327E-5
5,7945E-5
6,0705E-5
6,5747E-5
5,716E-5
5,7382E-5
0,001279074
5,4869E-5
3,2171E-5
2,8179E-5
6,4114E-5
5,4407E-5
3,1904E-5
2,8191E-5
3,7417E-5
5,6819E-5
6,3725E-5
5,2479E-5
3,1145E-5
2,9602E-5
6,3775E-5
5,3933E-5
3,9834E-5
2,9841E-5
5,9237E-5
5,5685E-5
3,8283E-5
2,8622E-5
5,8901E-5
5,6443E-5
3,1941E-5
2,9975E-5
5,7779E-5
5,5474E-5
4,0602E-5
2,9615E-5
6,4422E-5
5,4991E-5
2,9996E-5
3,7396E-5
2,8925E-5
6,5712E-5
5,4689E-5
3,1317E-5
2,9445E-5
3,7691E-5
4,2928E-5
5,6871E-5
5,7255E-5
7,6194E-5
6,491E-5
3,0429E-5
2,8671E-5
3,0941E-5
2,889E-5
3,9211E-5
4,5355E-5
5,6756E-5
5,7653E-5
5,6217E-5
5,5537E-5
3,1252E-5
2,975E-5
3,1485E-5
5,7064E-5
6,5443E-5
5,3742E-5
3,7515E-5
3,0458E-5
5,6061E-5
5,5609E-5
3,6194E-5
5,3098E-5
2,9762E-5
2,7627E-5
6,4094E-5
5,5799E-5
6,3479E-5
5,5572E-5
3,8344E-5
5,5369E-5
3,1843E-5
3,0034E-5
3,9519E-5
4,8732E-5
5,9155E-5
5,8866E-5
3,0517E-5
4,3148E-5
6,5107E-5
4,2404E-5
5,4612E-5
6,9252E-5
5,3178E-5
6,7396E-5
5,4044E-5
6,3448E-5
5,4076E-5
6,0951E-5
5,5506E-5
5,7588E-5
6,3259E-5
5,4407E-5
3,0407E-5
3,4067E-5
3,1383E-5
5,7461E-5
6,3754E-5
5,4433E-5
3,1861E-5
5,5674E-5
3,1922E-5
2,9695E-5
3,6792E-5
2,9431E-5
5,6559E-5
5,4466E-5
3,7561E-5
2,71E-5
3,7371E-5
6,3007E-5
6,3773E-5
5,3903E-5
5,6718E-5
5,4159E-5
3,0919E-5
2,9107E-5
5,7809E-5
5,53E-5
3,0654E-5
3,354E-5
5,7188E-5
3,0865E-5
3,8606E-5
5,6248E-5
3,6646E-5
4,324E-5
5,5597E-5
6,5086E-5
3,7259E-5
6,3024E-5
6,2858E-5
6,154E-5
3,0686E-5
2,8479E-5
3,6759E-5
4,724E-5
2,9539E-5
6,3192E-5
3,863E-5
4,2572E-5
5,2867E-5
6,493E-5
6,4783E-5
5,5248E-5
3,0445E-5
2,938E-5
5,6284E-5
5,5297E-5
5,583E-5
5,5068E-5
2,9716E-5
2,9969E-5
5,6552E-5
2,7688E-5
3,3044E-5
8,1309E-5
6,9779E-5
5,5361E-5
3,1634E-5
4,2503E-5
5,8248E-5
5,7636E-5
7,7581E-5
5,677E-5
6,4308E-5
5,4336E-5
3,3448E-5
2,8492E-5
3,7441E-5
5,7622E-5
6,4213E-5
2,8982E-5
6,3287E-5
5,5451E-5
5,5932E-5
5,4999E-5
4,9022E-5
4,0947E-5
4,0E-5
6,3202E-5
6,4002E-5
5,4413E-5
6,5332E-5
5,2707E-5
3,0762E-5
2,7178E-5
6,3907E-5
5,47E-5
3,1649E-5
5,6586E-5
6,3551E-5
6,4569E-5
3,5526E-5
2,8642E-5
3,7499E-5
6,5345E-5
6,5648E-5
5,4189E-5
3,7923E-5
5,4396E-5
3,7533E-5
2,8014E-5
5,7946E-5
2,8688E-5
4,385E-5
6,4251E-5
6,0704E-5
4,2253E-5
5,5601E-5
5,7615E-5
6,3486E-5
5,5328E-5
3,1788E-5
2,7762E-5
6,3979E-5
5,3944E-5
3,2316E-5
5,8963E-5
6,497E-5
5,4057E-5
3,0693E-5
2,8771E-5
3,037E-5
4,3342E-5
5,6708E-5
5,7465E-5
5,9835E-5
2,8145E-5
5,6879E-5
5,2904E-5
3,791E-5
2,8872E-5
5,5674E-5
5,4036E-5
3,1705E-5
2,8858E-5
3,0982E-5
6,6077E-5
5,5673E-5
6,5107E-5
5,5774E-5
6,6322E-5
5,696E-5
4,5945E-5
6,5533E-5
5,8008E-5
6,4324E-5
5,6137E-5
5,7747E-5
5,6072E-5
6,4074E-5
5,5821E-5
3,0145E-5
2,802E-5
3,9292E-5
4,3265E-5
5,4563E-5
6,4562E-5
5,4017E-5
6,5008E-5
0,001496353
2,8556E-5
3,7774E-5
5,7128E-5
5,6527E-5
4,3393E-5
6,4411E-5
5,631E-5
4,1476E-5
4,4005E-5
5,7614E-5
5,7283E-5
6,5138E-5
5,5533E-5
5,731E-5
5,9412E-5
3,0324E-5
2,7411E-5
3,3718E-5
7,0159E-5
6,8257E-5
5,4022E-5
3,6668E-5
2,7445E-5
5,6475E-5
5,385E-5
2,9441E-5
2,8444E-5
4,0295E-5
4,359E-5
5,3223E-5
5,7926E-5
3,7909E-5
5,9919E-5
3,6768E-5
6,0085E-5
6,4548E-5
5,515E-5
5,7204E-5
5,4823E-5
3,1752E-5
2,8903E-5
4,12E-5
4,6332E-5
5,7253E-5
5,8719E-5
3,7674E-5
6,8172E-5
6,4358E-5
5,6233E-5
3,1246E-5
5,5384E-5
5,6595E-5
5,4343E-5
3,8786E-5
5,8089E-5
3,1084E-5
5,4198E-5
3,0693E-5
2,8431E-5
3,1378E-5
4,3527E-5
4,0955E-5
5,664E-5
5,7221E-5
4,3608E-5
5,8664E-5
5,6139E-5
5,7033E-5
4,3148E-5
5,7213E-5
5,645E-5
5,5775E-5
5,3653E-5
3,8318E-5
2,7812E-5
5,7519E-5
5,4234E-5
3,1001E-5
2,8963E-5
3,9513E-5
4,2443E-5
5,7704E-5
4,4584E-5
5,9018E-5
3,0687E-5
4,0068E-5
4,5263E-5
6,4618E-5
5,9181E-5
7,5559E-5
5,4143E-5
3,0602E-5
2,8376E-5
5,6552E-5
5,4716E-5
3,9655E-5
2,9127E-5
3,9303E-5
5,9312E-5
6,5658E-5
5,8146E-5
6,5851E-5
5,6093E-5
3,2605E-5
2,9007E-5
3,7288E-5
5,7477E-5
3,8877E-5
6,9503E-5
3,0986E-5
5,8812E-5
6,4207E-5
5,5087E-5
3,0893E-5
2,9423E-5
3,6797E-5
4,3027E-5
4,9073E-5
6,3753E-5
5,3398E-5
4,3312E-5
3,4221E-5
5,5987E-5
3,5158E-5
5,7529E-5
3,5525E-5
6,5818E-5
3,5729E-5
5,8094E-5
3,43E-5
6,409E-5
4,653E-5
5,5951E-5
3,4051E-5
5,6013E-5
3,5406E-5
6,2374E-5
5,2322E-5
6,4325E-5
5,1867E-5
6,4361E-5
0,001387964
4,3342E-5
5,2945E-5
7,3891E-5
5,6508E-5
4,363E-5
5,3619E-5
4,3074E-5
3,3923E-5
4,384E-5
3,4294E-5
5,7535E-5
3,6603E-5
5,7223E-5
3,4785E-5
5,6531E-5
3,4972E-5
5,6869E-5
3,5989E-5
5,868E-5
3,5882E-5
5,7213E-5
3,5361E-5
5,6442E-5
3,5851E-5
5,7514E-5
3,5209E-5
5,8072E-5
3,3836E-5
5,704E-5
3,5868E-5
5,7684E-5
3,4786E-5
5,7984E-5
5,3235E-5
6,4526E-5
5,465E-5
7,2161E-5
5,4553E-5
6,5003E-5
5,3733E-5
5,8543E-5
5,6965E-5
4,269E-5
5,7557E-5
5,868E-5
6,6437E-5
4,5251E-5
5,793E-5
4,4346E-5
3,9559E-5
5,7518E-5
5,686E-5
5,3142E-5
3,8331E-5
5,453E-5
3,1522E-5
5,5646E-5
3,2581E-5
2,7518E-5
3,7527E-5
3,0439E-5
3,3264E-5
6,4688E-5
3,1707E-5
5,7763E-5
3,7334E-5
5,8086E-5
6,3745E-5
5,6402E-5
3,7951E-5
2,6136E-5
3,9531E-5
6,4678E-5
3,1846E-5
4,3476E-5
6,4468E-5
5,6965E-5
3,1543E-5
5,3712E-5
9,2329E-5
5,5085E-5
3,1771E-5
5,4584E-5
3,0658E-5
4,3884E-5
5,7934E-5
5,3857E-5
3,0414E-5
4,4109E-5
6,505E-5
5,7722E-5
3,3027E-5
2,9281E-5
6,6857E-5
5,6345E-5
3,0647E-5
5,4875E-5
3,096E-5
3,0136E-5
3,076E-5
5,9238E-5
6,6709E-5
5,7568E-5
3,7856E-5
2,8659E-5
6,0251E-5
2,9867E-5
3,795E-5
4,8083E-5
5,7383E-5
2,9076E-5
4,7505E-5
4,4223E-5
5,4936E-5
6,4496E-5
6,0912E-5
6,0493E-5
6,4627E-5
5,8926E-5
4,1194E-5
2,8617E-5
3,0658E-5
4,3975E-5
6,7361E-5
5,7831E-5
6,611E-5
5,5901E-5
3,8819E-5
2,8243E-5
3,115E-5
2,8836E-5
3,022E-5
4,3288E-5
5,8758E-5
5,9344E-5
6,4536E-5
3,0559E-5
3,9797E-5
4,4507E-5
6,6452E-5
5,6944E-5
0,001539259
5,6742E-5
3,1221E-5
6,371E-5
5,7861E-5
5,5807E-5
7,3564E-5
5,4029E-5
3,2116E-5
3,0275E-5
5,742E-5
5,4372E-5
3,0497E-5
2,8956E-5
5,6048E-5
5,3594E-5
3,7122E-5
2,9065E-5
3,6849E-5
2,8509E-5
3,8658E-5
4,3817E-5
5,7664E-5
6,3771E-5
6,4767E-5
6,9939E-5
5,702E-5
3,0197E-5
3,0996E-5
4,3442E-5
5,7151E-5
5,6501E-5
6,3399E-5
4,4804E-5
5,6349E-5
5,5219E-5
6,3734E-5
5,4107E-5
3,2099E-5
2,8636E-5
3,2991E-5
4,5139E-5
5,6682E-5
5,7689E-5
5,407E-5
6,3015E-5
5,4816E-5
4,42E-5
3,6232E-5
5,8554E-5
3,6212E-5
5,7539E-5
3,4841E-5
5,6786E-5
3,5316E-5
5,9685E-5
4,4635E-5
5,8393E-5
3,4949E-5
5,7381E-5
3,4295E-5
5,6672E-5
3,5299E-5
5,8126E-5
3,4924E-5
6,5118E-5
5,7904E-5
2,9589E-5
5,641E-5
5,5562E-5
4,8484E-5
5,4942E-5
2,9389E-5
2,9871E-5
3,812E-5
4,3542E-5
5,4597E-5
7,1201E-5
5,4088E-5
6,4687E-5
5,9489E-5
5,7042E-5
6,421E-5
5,3825E-5
3,1647E-5
2,9056E-5
5,7953E-5
5,4473E-5
3,1414E-5
7,0995E-5
3,9424E-5
5,8061E-5
6,4789E-5
5,6065E-5
3,0795E-5
2,7535E-5
7,5054E-5
5,4395E-5
3,2526E-5
2,9242E-5
3,8658E-5
2,7913E-5
3,8729E-5
4,3979E-5
5,0811E-5
4,3618E-5
3,4524E-5
4,3151E-5
3,4176E-5
5,6479E-5
3,4749E-5
5,6249E-5
3,4699E-5
5,6001E-5
4,2521E-5
5,7151E-5
3,532E-5
5,6815E-5
3,5768E-5
5,6829E-5
3,5583E-5
5,692E-5
3,5673E-5
5,6189E-5
3,5727E-5
5,7093E-5
3,3585E-5
6,4883E-5
5,6502E-5
4,9892E-5
3,3807E-5
5,7181E-5
3,4439E-5
5,7654E-5
3,5979E-5
5,8535E-5
3,415E-5
5,6377E-5
3,5568E-5
5,6706E-5
3,3284E-5
5,8038E-5
3,5991E-5
5,7373E-5
5,1979E-5
5,7791E-5
5,2751E-5
6,467E-5
5,8571E-5
7,786E-5
6,4988E-5
5,6927E-5
3,8563E-5
2,8793E-5
6,3114E-5
5,5774E-5
3,1459E-5
5,4225E-5
4,2721E-5
