1,60319E-4
1,45074E-4
2,39121E-4
2,48953E-4
2,43477E-4
2,48116E-4
2,47835E-4
2,48106E-4
1,41099E-4
1,59629E-4
2,46615E-4
2,50615E-4
2,48199E-4
2,61724E-4
2,48807E-4
2,50665E-4
0,001323312
2,54903E-4
2,42372E-4
2,50107E-4
2,61147E-4
2,5635E-4
2,43885E-4
2,51182E-4
2,5072E-4
2,45708E-4
2,42622E-4
2,62068E-4
2,3888E-4
2,49456E-4
2,43188E-4
2,5182E-4
2,43637E-4
2,49088E-4
0,001675563
2,59305E-4
2,43006E-4
2,50404E-4
2,3999E-4
2,49323E-4
2,42887E-4
2,43413E-4
2,41685E-4
0,001532554
2,43499E-4
2,51906E-4
2,38032E-4
2,80922E-4
2,39765E-4
2,51244E-4
2,43283E-4
2,51935E-4
0,001570889
2,49357E-4
2,3874E-4
3,15933E-4
2,45955E-4
2,48324E-4
2,41185E-4
2,53719E-4
2,40387E-4
2,47523E-4
2,39607E-4
2,44065E-4
2,41632E-4
2,55078E-4
2,61922E-4
2,54166E-4
2,46879E-4
2,59533E-4
2,47408E-4
2,60199E-4
2,42895E-4
2,49853E-4
2,40015E-4
2,49373E-4
2,43724E-4
2,49216E-4
2,48955E-4
2,59122E-4
2,47033E-4
2,49236E-4
2,45391E-4
2,51188E-4
2,45708E-4
2,50266E-4
2,44245E-4
2,55135E-4
2,42969E-4
2,49301E-4
2,46002E-4
2,51273E-4
2,43039E-4
2,64771E-4
2,46496E-4
2,51154E-4
2,51365E-4
2,58893E-4
2,41825E-4
2,48098E-4
2,42954E-4
2,52566E-4
2,474E-4
2,54314E-4
2,4507E-4
2,5418E-4
2,51988E-4
2,52401E-4
2,47487E-4
2,53626E-4
2,60132E-4
2,52522E-4
2,44205E-4
2,48457E-4
2,59914E-4
2,64286E-4
2,49786E-4
2,60492E-4
2,44291E-4
2,80232E-4
2,45065E-4
2,55528E-4
2,53789E-4
2,55745E-4
2,50598E-4
2,55925E-4
2,43844E-4
2,51317E-4
2,41201E-4
2,50857E-4
2,4236E-4
2,54129E-4
2,45336E-4
2,55703E-4
2,40723E-4
2,53971E-4
2,41553E-4
2,51573E-4
2,47612E-4
2,45994E-4
2,3906E-4
2,50779E-4
2,45458E-4
3,03361E-4
2,46376E-4
2,54068E-4
2,41572E-4
2,6345E-4
2,38944E-4
2,49466E-4
2,39972E-4
2,6036E-4
2,45117E-4
2,48727E-4
2,40778E-4
2,51754E-4
2,42469E-4
2,49648E-4
2,43104E-4
2,55892E-4
2,51034E-4
2,52647E-4
1,89326E-4
1,49813E-4
2,51095E-4
2,52124E-4
2,4313E-4
2,50576E-4
1,76768E-4
1,51865E-4
2,42448E-4
2,46233E-4
1,76289E-4
1,42773E-4
2,28904E-4
2,26072E-4
1,77024E-4
2,22739E-4
2,51536E-4
2,5035E-4
2,42254E-4
2,50956E-4
1,79866E-4
1,57147E-4
1,93951E-4
2,21893E-4
2,33193E-4
1,47555E-4
2,29119E-4
1,61359E-4
2,46986E-4
2,23988E-4
2,44247E-4
2,24534E-4
2,36673E-4
1,62488E-4
2,48814E-4
1,61991E-4
2,46704E-4
2,23304E-4
2,41081E-4
2,50998E-4
2,44178E-4
2,51186E-4
1,73071E-4
2,44171E-4
1,80095E-4
1,60627E-4
2,49788E-4
2,21466E-4
2,33661E-4
1,6621E-4
2,47718E-4
1,64081E-4
0,001440069
2,28994E-4
2,36314E-4
1,68644E-4
2,48481E-4
2,27325E-4
1,84895E-4
1,43815E-4
2,33293E-4
1,44855E-4
2,49916E-4
2,25663E-4
2,45107E-4
2,50495E-4
2,32212E-4
2,52026E-4
1,76205E-4
1,47336E-4
2,42834E-4
2,51747E-4
1,81158E-4
1,42977E-4
2,44925E-4
1,62354E-4
2,41021E-4
2,46214E-4
1,79231E-4
1,48469E-4
1,79898E-4
2,24412E-4
2,62555E-4
1,45601E-4
2,45908E-4
2,52873E-4
1,81391E-4
1,66104E-4
2,41335E-4
2,54393E-4
1,8629E-4
2,611E-4
1,77755E-4
1,45777E-4
2,44235E-4
2,77434E-4
2,44179E-4
2,53272E-4
1,77882E-4
2,53787E-4
1,76661E-4
1,46384E-4
2,34023E-4
1,49238E-4
2,43512E-4
2,52204E-4
1,82963E-4
1,64211E-4
1,79042E-4
1,69398E-4
2,49805E-4
2,27512E-4
2,37995E-4
1,67237E-4
2,50034E-4
1,4882E-4
2,61401E-4
1,68084E-4
2,57246E-4
1,68365E-4
2,55297E-4
2,36989E-4
2,58617E-4
2,5131E-4
1,80403E-4
1,47774E-4
1,75952E-4
2,25638E-4
2,49447E-4
2,50448E-4
1,75572E-4
1,52908E-4
2,59592E-4
2,61107E-4
1,84351E-4
2,51419E-4
1,82681E-4
1,62352E-4
2,43107E-4
1,61413E-4
2,44522E-4
2,28611E-4
2,51937E-4
2,26869E-4
2,48689E-4
1,51458E-4
2,40805E-4
1,72988E-4
2,56323E-4
1,66626E-4
2,37089E-4
2,31056E-4
2,5234E-4
2,58793E-4
1,82552E-4
1,45521E-4
2,46002E-4
2,54772E-4
1,77068E-4
1,55506E-4
2,45902E-4
2,66327E-4
2,38644E-4
2,58068E-4
1,84592E-4
1,46097E-4
2,38803E-4
1,68696E-4
2,52362E-4
2,34891E-4
2,33213E-4
2,27151E-4
1,78492E-4
2,24806E-4
2,48144E-4
1,61632E-4
2,44844E-4
2,30754E-4
1,86385E-4
1,45883E-4
2,44297E-4
2,53753E-4
1,79211E-4
1,44185E-4
2,45328E-4
1,45878E-4
2,31555E-4
2,32385E-4
1,75541E-4
1,59964E-4
2,36047E-4
2,22753E-4
2,42894E-4
2,47905E-4
1,77646E-4
1,51622E-4
2,48865E-4
2,48011E-4
1,80167E-4
1,62478E-4
2,42148E-4
2,48708E-4
1,78664E-4
2,27001E-4
2,52699E-4
2,53127E-4
1,80476E-4
1,43724E-4
2,43706E-4
2,49213E-4
1,7897E-4
1,59544E-4
1,80266E-4
2,26439E-4
2,53121E-4
1,44104E-4
2,37356E-4
1,5981E-4
2,47684E-4
2,22275E-4
2,3212E-4
2,23234E-4
2,49543E-4
2,26935E-4
2,50016E-4
2,26208E-4
2,4964E-4
1,70031E-4
2,45174E-4
2,24912E-4
2,42587E-4
2,50641E-4
2,33652E-4
2,50491E-4
1,79431E-4
1,45981E-4
2,3424E-4
2,21633E-4
2,33515E-4
1,47051E-4
2,43821E-4
2,49316E-4
1,75722E-4
1,43529E-4
2,57099E-4
2,47162E-4
1,77814E-4
1,6295E-4
1,79319E-4
1,61377E-4
2,45159E-4
2,26576E-4
2,3767E-4
1,67129E-4
2,54013E-4
2,26287E-4
2,32066E-4
1,44256E-4
2,45364E-4
2,27833E-4
2,36096E-4
1,63499E-4
2,45863E-4
2,21101E-4
2,45962E-4
2,23753E-4
2,47667E-4
2,4824E-4
1,7869E-4
1,46204E-4
2,61668E-4
2,49951E-4
1,79558E-4
2,61376E-4
1,80897E-4
2,25682E-4
2,44527E-4
2,82107E-4
1,76639E-4
1,45623E-4
2,42692E-4
2,55486E-4
1,77048E-4
1,48056E-4
2,31521E-4
1,61476E-4
2,34922E-4
1,62978E-4
2,48045E-4
2,23685E-4
2,44714E-4
1,64309E-4
2,32145E-4
1,60493E-4
2,29536E-4
2,35449E-4
2,31372E-4
1,61527E-4
2,4707E-4
2,21088E-4
2,46596E-4
1,45935E-4
2,44122E-4
2,23137E-4
1,88599E-4
1,44724E-4
2,33155E-4
1,64476E-4
2,4792E-4
1,6503E-4
2,47002E-4
1,63485E-4
2,30525E-4
2,26589E-4
2,33713E-4
1,66098E-4
2,37443E-4
2,26413E-4
2,36423E-4
1,60936E-4
2,45591E-4
2,27348E-4
2,44564E-4
2,50561E-4
1,82701E-4
1,66251E-4
2,52462E-4
2,5306E-4
1,77237E-4
1,63424E-4
2,52507E-4
2,52276E-4
1,91353E-4
1,68777E-4
2,46751E-4
2,53442E-4
1,80211E-4
2,22909E-4
2,40323E-4
1,48279E-4
1,78307E-4
1,56451E-4
2,34134E-4
1,46907E-4
2,46934E-4
2,2817E-4
2,37888E-4
1,68852E-4
1,79037E-4
1,65521E-4
2,51385E-4
2,25107E-4
2,35189E-4
2,25664E-4
2,58269E-4
2,79908E-4
1,77139E-4
1,41082E-4
2,53654E-4
2,26593E-4
2,45153E-4
2,56994E-4
1,78578E-4
1,44203E-4
2,57278E-4
1,50943E-4
2,35895E-4
2,31389E-4
2,41965E-4
2,53054E-4
1,7925E-4
1,70797E-4
2,53308E-4
2,28059E-4
2,49273E-4
0,001494545
1,80827E-4
1,48132E-4
2,53738E-4
1,45478E-4
1,75511E-4
1,48072E-4
2,4739E-4
2,31596E-4
2,43715E-4
1,49266E-4
2,49281E-4
2,21417E-4
2,35328E-4
1,61276E-4
2,43398E-4
1,4753E-4
2,43988E-4
2,61425E-4
2,47907E-4
2,55917E-4
2,43844E-4
2,537E-4
1,78148E-4
1,68248E-4
2,45689E-4
2,51692E-4
1,77996E-4
2,54553E-4
1,80154E-4
1,46855E-4
2,45949E-4
1,63406E-4
2,42697E-4
2,56193E-4
1,77582E-4
2,60269E-4
2,44314E-4
2,66797E-4
1,77161E-4
1,47596E-4
2,52145E-4
2,56024E-4
1,79204E-4
1,45188E-4
0,001615864
1,44103E-4
2,4202E-4
1,45013E-4
2,49324E-4
2,47851E-4
1,79138E-4
1,46437E-4
2,3124E-4
1,46206E-4
2,45631E-4
1,64317E-4
2,45393E-4
1,62668E-4
2,49374E-4
2,24229E-4
2,5582E-4
1,44306E-4
0,001523562
1,49641E-4
2,41344E-4
2,55861E-4
2,41026E-4
2,59283E-4
2,43898E-4
2,48458E-4
2,42807E-4
2,52961E-4
1,74464E-4
1,53431E-4
2,46487E-4
2,82578E-4
2,31896E-4
2,47857E-4
1,76267E-4
1,50742E-4
1,78781E-4
1,47646E-4
2,38739E-4
1,47288E-4
2,70809E-4
1,45686E-4
2,66682E-4
2,2387E-4
2,30389E-4
1,65023E-4
2,48351E-4
2,24497E-4
1,79976E-4
1,6162E-4
2,34989E-4
1,64412E-4
2,39095E-4
2,2473E-4
1,8306E-4
1,44939E-4
2,55429E-4
1,67527E-4
2,35337E-4
2,22867E-4
2,3026E-4
2,223E-4
2,52382E-4
0,001396652
2,32836E-4
2,26347E-4
2,48321E-4
1,59759E-4
2,41858E-4
1,43577E-4
2,37282E-4
1,42844E-4
2,54212E-4
1,45639E-4
2,50052E-4
1,65564E-4
2,3361E-4
1,65174E-4
2,42929E-4
2,20171E-4
2,59876E-4
0,001506783
2,48731E-4
2,19072E-4
1,74293E-4
1,44391E-4
2,46899E-4
2,29999E-4
2,33287E-4
1,66551E-4
0,001484221
2,40976E-4
2,31132E-4
1,62557E-4
2,36428E-4
1,60292E-4
2,30408E-4
1,43818E-4
2,34585E-4
0,001510298
2,49514E-4
1,46186E-4
2,48251E-4
2,28065E-4
2,46055E-4
1,65143E-4
2,47784E-4
2,50731E-4
1,8037E-4
1,65449E-4
2,51942E-4
2,28552E-4
2,49522E-4
2,24566E-4
2,51586E-4
1,65243E-4
2,40525E-4
2,3313E-4
1,78114E-4
1,43973E-4
2,50229E-4
2,32405E-4
2,42099E-4
1,62004E-4
2,37536E-4
2,24874E-4
2,45693E-4
1,6269E-4
2,5575E-4
1,65481E-4
2,39119E-4
2,24943E-4
1,79508E-4
1,60257E-4
2,52316E-4
2,26772E-4
2,47994E-4
2,52051E-4
2,56306E-4
2,48448E-4
1,7914E-4
1,72164E-4
2,36263E-4
1,67971E-4
2,40848E-4
1,64464E-4
2,38029E-4
1,61309E-4
2,51868E-4
2,24989E-4
2,48988E-4
2,65093E-4
1,85094E-4
1,74031E-4
2,43679E-4
1,6972E-4
2,66424E-4
2,30572E-4
2,39932E-4
1,74608E-4
2,40256E-4
1,67624E-4
2,40404E-4
1,66024E-4
2,57908E-4
2,28089E-4
2,60467E-4
1,61581E-4
2,55479E-4
2,30291E-4
2,51386E-4
2,59583E-4
1,88114E-4
1,48431E-4
2,46804E-4
2,57719E-4
1,8944E-4
1,49169E-4
2,38765E-4
1,494E-4
2,45283E-4
2,96212E-4
1,79735E-4
1,65106E-4
1,81645E-4
1,63864E-4
2,5465E-4
2,3207E-4
2,56813E-4
2,56989E-4
1,81939E-4
1,48796E-4
2,46951E-4
2,82142E-4
1,81331E-4
1,66928E-4
2,64242E-4
2,26463E-4
2,40942E-4
2,48191E-4
1,77828E-4
1,40519E-4
2,44633E-4
2,49061E-4
2,44963E-4
2,49647E-4
1,7693E-4
1,49724E-4
2,33359E-4
2,2511E-4
1,80258E-4
1,45996E-4
2,36224E-4
1,46976E-4
2,42763E-4
2,53003E-4
2,60014E-4
2,51565E-4
1,77527E-4
1,46788E-4
2,45945E-4
2,77796E-4
1,79802E-4
1,48564E-4
2,42219E-4
1,45726E-4
2,47702E-4
2,23875E-4
1,78469E-4
1,65376E-4
2,41802E-4
1,4534E-4
2,48096E-4
2,23998E-4
2,44468E-4
2,57135E-4
2,56624E-4
2,5524E-4
1,76409E-4
1,46704E-4
2,31271E-4
1,64031E-4
2,30951E-4
2,27637E-4
2,50446E-4
2,48648E-4
2,40745E-4
2,61621E-4
1,79848E-4
1,64591E-4
2,47606E-4
1,64247E-4
2,43919E-4
2,21222E-4
2,47183E-4
1,44051E-4
2,39775E-4
2,49592E-4
1,73296E-4
2,2251E-4
2,35653E-4
2,2437E-4
2,50595E-4
1,48132E-4
2,40094E-4
2,48642E-4
1,75375E-4
1,43009E-4
2,46051E-4
2,48339E-4
1,78102E-4
1,47814E-4
2,45148E-4
1,61698E-4
2,37272E-4
2,25156E-4
2,28354E-4
1,49396E-4
1,76653E-4
2,31753E-4
1,87382E-4
1,62822E-4
2,53788E-4
1,50544E-4
2,46621E-4
1,64632E-4
2,46793E-4
1,47958E-4
1,77238E-4
1,62029E-4
2,48701E-4
1,66722E-4
2,54879E-4
1,46766E-4
2,3653E-4
2,20762E-4
2,42446E-4
2,51202E-4
2,54899E-4
2,64352E-4
1,76445E-4
2,26045E-4
2,47908E-4
2,21899E-4
2,41981E-4
2,5108E-4
2,49424E-4
2,53665E-4
2,36462E-4
2,48372E-4
1,82837E-4
2,23743E-4
2,6184E-4
2,49388E-4
1,80919E-4
2,1942E-4
1,76275E-4
2,24219E-4
1,79535E-4
1,48143E-4
2,33844E-4
2,20961E-4
2,30367E-4
2,26077E-4
2,48922E-4
2,66228E-4
1,87504E-4
2,26908E-4
2,47471E-4
2,2224E-4
2,53597E-4
2,22543E-4
2,49183E-4
2,23787E-4
2,45442E-4
2,47355E-4
1,81477E-4
2,26371E-4
2,52996E-4
2,54845E-4
2,46796E-4
2,47751E-4
1,78775E-4
2,21386E-4
2,46606E-4
2,4713E-4
1,85855E-4
2,55569E-4
2,53596E-4
2,49023E-4
1,79394E-4
2,23131E-4
2,4925E-4
2,57539E-4
1,82755E-4
2,36777E-4
2,46855E-4
2,24016E-4
1,79543E-4
2,55478E-4
1,80931E-4
1,67586E-4
2,48308E-4
2,59588E-4
1,88068E-4
1,62931E-4
2,35333E-4
1,68285E-4
2,35017E-4
2,3443E-4
2,72212E-4
1,62537E-4
2,564E-4
1,69612E-4
1,81292E-4
2,6169E-4
2,50178E-4
1,49677E-4
1,797E-4
2,52551E-4
1,80963E-4
2,2825E-4
1,75049E-4
1,41836E-4
2,47082E-4
2,32184E-4
2,36244E-4
1,63612E-4
2,45304E-4
2,22595E-4
2,44692E-4
2,3041E-4
2,47848E-4
1,44446E-4
1,78282E-4
2,52154E-4
2,39985E-4
1,49131E-4
2,45412E-4
1,47921E-4
2,42026E-4
1,65341E-4
2,30115E-4
1,45719E-4
2,33836E-4
1,63155E-4
2,32286E-4
2,23871E-4
2,44845E-4
2,39907E-4
1,75935E-4
2,22004E-4
2,32841E-4
2,22145E-4
2,51288E-4
1,47215E-4
2,50055E-4
2,55397E-4
2,48336E-4
1,48139E-4
2,51613E-4
2,22461E-4
2,43378E-4
2,2515E-4
2,44508E-4
2,20942E-4
2,4415E-4
2,22184E-4
2,477E-4
1,6391E-4
2,48502E-4
2,55834E-4
2,44041E-4
1,60957E-4
2,45895E-4
2,21594E-4
2,47614E-4
2,21693E-4
2,48278E-4
2,50794E-4
1,78638E-4
2,22863E-4
2,45008E-4
2,60306E-4
2,60277E-4
1,43592E-4
2,40788E-4
1,62858E-4
2,33211E-4
1,62185E-4
1,74761E-4
2,25479E-4
2,50938E-4
2,22545E-4
2,47741E-4
2,5084E-4
2,30153E-4
1,5945E-4
2,43376E-4
1,43398E-4
2,31622E-4
2,25913E-4
2,46005E-4
2,2319E-4
2,49003E-4
1,62083E-4
2,45232E-4
2,26855E-4
2,37792E-4
2,61173E-4
2,41606E-4
1,4547E-4
2,4205E-4
1,46516E-4
2,53273E-4
1,45161E-4
0,001645745
1,48155E-4
2,37718E-4
1,45613E-4
2,33634E-4
2,66846E-4
2,50787E-4
1,4707E-4
2,51689E-4
0,001600356
1,90468E-4
1,73053E-4
2,44498E-4
2,53182E-4
1,80621E-4
1,6369E-4
2,48971E-4
1,68964E-4
2,4589E-4
2,31546E-4
2,73596E-4
2,53884E-4
2,37497E-4
1,48693E-4
2,49374E-4
1,48224E-4
2,36779E-4
0,001439665
2,4508E-4
1,48543E-4
1,83047E-4
1,49708E-4
1,81365E-4
2,63173E-4
2,44719E-4
1,48374E-4
0,001688493
2,67357E-4
2,57055E-4
1,64451E-4
2,51849E-4
1,46357E-4
2,38541E-4
1,65399E-4
2,52612E-4
2,26721E-4
2,46426E-4
2,29597E-4
2,52809E-4
2,59587E-4
2,47274E-4
1,66406E-4
2,40821E-4
1,49635E-4
1,93438E-4
1,6368E-4
2,55838E-4
2,6061E-4
2,51256E-4
1,50901E-4
2,46085E-4
2,64971E-4
1,81153E-4
0,001462554
2,48275E-4
2,31121E-4
2,36847E-4
1,65667E-4
1,79455E-4
2,2797E-4
2,47933E-4
2,39738E-4
0,001474134
2,69772E-4
2,51225E-4
1,51949E-4
2,39973E-4
1,64756E-4
2,53906E-4
1,49724E-4
2,644E-4
0,001395823
2,48313E-4
1,45295E-4
2,5193E-4
2,53701E-4
2,44494E-4
2,31986E-4
2,52092E-4
2,24249E-4
0,001411548
2,40476E-4
2,53159E-4
1,4774E-4
2,62945E-4
1,46553E-4
2,52466E-4
2,69826E-4
2,45541E-4
0,001530099
2,79307E-4
1,52507E-4
2,43673E-4
1,69021E-4
2,62611E-4
1,4804E-4
1,84031E-4
2,60522E-4
1,85325E-4
2,67707E-4
1,77545E-4
2,63534E-4
1,81583E-4
1,75578E-4
2,51204E-4
1,47657E-4
2,51995E-4
1,46801E-4
2,48693E-4
1,5368E-4
2,33914E-4
2,53792E-4
1,78884E-4
2,55814E-4
1,77956E-4
1,65589E-4
0,001637638
2,54232E-4
1,79234E-4
1,68806E-4
2,47423E-4
2,55797E-4
1,86665E-4
2,42716E-4
2,48673E-4
1,48873E-4
1,82078E-4
1,48916E-4
2,35727E-4
1,4495E-4
2,47455E-4
2,29682E-4
2,45764E-4
2,59701E-4
0,00157397
1,47567E-4
2,50454E-4
2,26086E-4
2,48937E-4
2,27535E-4
2,40837E-4
1,45531E-4
2,54151E-4
0,00161124
2,40307E-4
1,63964E-4
2,33342E-4
1,62082E-4
2,4893E-4
2,27669E-4
2,36048E-4
2,52949E-4
1,80863E-4
2,56419E-4
2,35006E-4
1,43137E-4
2,4174E-4
1,62545E-4
2,35496E-4
2,56393E-4
1,73741E-4
1,66765E-4
1,80221E-4
2,26914E-4
2,46839E-4
2,56143E-4
2,35105E-4
2,26851E-4
2,42462E-4
1,45779E-4
1,79441E-4
1,48729E-4
2,47638E-4
2,23869E-4
2,3445E-4
2,55157E-4
2,48537E-4
1,43481E-4
1,7722E-4
2,56839E-4
1,76306E-4
2,48743E-4
1,76897E-4
1,60684E-4
2,33031E-4
2,5121E-4
2,49218E-4
1,61488E-4
2,4714E-4
2,54123E-4
2,33651E-4
1,68784E-4
2,47836E-4
1,47768E-4
2,48508E-4
1,46432E-4
2,52134E-4
1,45567E-4
2,48907E-4
2,26723E-4
2,32092E-4
2,50658E-4
2,594E-4
1,49675E-4
2,44512E-4
1,63005E-4
2,56968E-4
1,48893E-4
2,35298E-4
2,63481E-4
1,7947E-4
2,55511E-4
2,57003E-4
1,66973E-4
2,45226E-4
1,47274E-4
2,40522E-4
2,30209E-4
2,51698E-4
2,24234E-4
2,33086E-4
2,59257E-4
1,79579E-4
2,5752E-4
1,80564E-4
1,48105E-4
2,39248E-4
2,5274E-4
2,32512E-4
1,46969E-4
2,52208E-4
2,23115E-4
2,47373E-4
2,32323E-4
1,7977E-4
2,27579E-4
1,75422E-4
2,25112E-4
2,47522E-4
2,26569E-4
1,78981E-4
2,2586E-4
2,49795E-4
2,52756E-4
1,76486E-4
1,68693E-4
2,48003E-4
2,33515E-4
2,37994E-4
2,28395E-4
2,33359E-4
1,63999E-4
2,45767E-4
1,47762E-4
2,5224E-4
1,4748E-4
2,48316E-4
2,23173E-4
2,38712E-4
2,26487E-4
1,78869E-4
2,53863E-4
2,4431E-4
1,48336E-4
2,53678E-4
1,49885E-4
2,3889E-4
1,67462E-4
2,40503E-4
2,25398E-4
2,44315E-4
2,2511E-4
2,46743E-4
2,48862E-4
1,82295E-4
1,69405E-4
1,76469E-4
2,26536E-4
2,42381E-4
1,47997E-4
2,60196E-4
2,69387E-4
2,35437E-4
1,48382E-4
2,44356E-4
2,61063E-4
1,83562E-4
1,66852E-4
2,51033E-4
2,25018E-4
2,49279E-4
2,57004E-4
2,55331E-4
1,64978E-4
2,41357E-4
2,58386E-4
2,38342E-4
2,26416E-4
2,51543E-4
2,26132E-4
2,53366E-4
2,24791E-4
2,60939E-4
1,67772E-4
2,52072E-4
2,41937E-4
2,38257E-4
2,53302E-4
1,77964E-4
1,63178E-4
2,38785E-4
2,56197E-4
1,79847E-4
2,54202E-4
2,47932E-4
1,63442E-4
2,45073E-4
1,42086E-4
2,30746E-4
1,6315E-4
2,47001E-4
2,48128E-4
2,50142E-4
2,31264E-4
2,33824E-4
2,29683E-4
2,48232E-4
1,45478E-4
2,41002E-4
1,45696E-4
2,40446E-4
1,60808E-4
2,48396E-4
2,52206E-4
1,77559E-4
2,57987E-4
1,7731E-4
1,66082E-4
2,44522E-4
2,25828E-4
2,31141E-4
1,66162E-4
2,4594E-4
2,24011E-4
2,34017E-4
2,25949E-4
2,5091E-4
2,50771E-4
2,47838E-4
1,63593E-4
2,38543E-4
2,50785E-4
2,49812E-4
1,6099E-4
2,42509E-4
1,47454E-4
1,76188E-4
1,64248E-4
2,47229E-4
2,39582E-4
2,47782E-4
2,22954E-4
2,46074E-4
2,26721E-4
2,46981E-4
1,50716E-4
2,48632E-4
2,27205E-4
2,50444E-4
2,5347E-4
1,82769E-4
1,5067E-4
2,45816E-4
1,64914E-4
2,48505E-4
1,64659E-4
2,4846E-4
1,53592E-4
1,76566E-4
2,27232E-4
2,35953E-4
1,45669E-4
2,42322E-4
1,43804E-4
2,48956E-4
1,45818E-4
1,85268E-4
1,6571E-4
2,61841E-4
2,24016E-4
2,4765E-4
1,65475E-4
2,44609E-4
2,29219E-4
1,7689E-4
2,32144E-4
2,34082E-4
2,29929E-4
2,49271E-4
2,24915E-4
2,51875E-4
1,51281E-4
2,52589E-4
2,3675E-4
2,36969E-4
2,4022E-4
1,78082E-4
2,56E-4
2,48451E-4
1,44412E-4
2,56597E-4
2,26354E-4
2,64916E-4
2,568E-4
2,33617E-4
2,27601E-4
2,31116E-4
1,45708E-4
2,50382E-4
2,51879E-4
2,30111E-4
2,2454E-4
2,62487E-4
1,51349E-4
2,44906E-4
1,45029E-4
2,44245E-4
1,61008E-4
2,35867E-4
2,57863E-4
1,76001E-4
1,64742E-4
2,33746E-4
1,43196E-4
2,30886E-4
2,59167E-4
1,76746E-4
2,55709E-4
2,44657E-4
1,44607E-4
2,3294E-4
1,62296E-4
2,35997E-4
1,59238E-4
2,40461E-4
2,23886E-4
2,49242E-4
1,43524E-4
2,50261E-4
2,27778E-4
2,51188E-4
2,22449E-4
2,36352E-4
2,52707E-4
1,7753E-4
1,61315E-4
1,76963E-4
2,55577E-4
2,50846E-4
1,54557E-4
2,31648E-4
2,55402E-4
1,76096E-4
2,55962E-4
2,4679E-4
1,49984E-4
2,3704E-4
2,25188E-4
1,77021E-4
1,61439E-4
2,36224E-4
1,60472E-4
2,47123E-4
2,27269E-4
1,82456E-4
2,93711E-4
2,54096E-4
2,2313E-4
2,48687E-4
2,23798E-4
2,47947E-4
2,49931E-4
1,78601E-4
2,51618E-4
2,50837E-4
1,45399E-4
2,49305E-4
1,48388E-4
2,31289E-4
2,23656E-4
2,43614E-4
2,24729E-4
2,4508E-4
2,27399E-4
2,47912E-4
1,459E-4
2,47767E-4
1,45464E-4
2,47176E-4
2,29858E-4
2,52207E-4
2,26722E-4
2,49622E-4
2,46227E-4
2,52193E-4
2,2524E-4
2,55232E-4
2,2955E-4
2,50721E-4
1,50241E-4
2,5027E-4
2,27141E-4
2,47985E-4
2,44832E-4
2,4684E-4
1,68653E-4
2,38669E-4
1,62738E-4
2,4726E-4
2,26314E-4
2,50404E-4
1,64932E-4
2,45412E-4
2,5631E-4
2,47855E-4
1,68482E-4
2,47906E-4
2,30461E-4
2,55364E-4
2,20338E-4
2,42158E-4
2,33249E-4
1,81896E-4
2,56391E-4
1,76465E-4
1,61082E-4
2,47364E-4
2,23745E-4
2,48086E-4
2,32405E-4
2,46266E-4
2,21406E-4
2,47519E-4
2,5289E-4
2,47518E-4
2,55943E-4
2,42987E-4
1,5012E-4
2,50136E-4
1,46157E-4
2,35469E-4
1,63413E-4
2,41989E-4
1,46372E-4
2,36391E-4
1,61034E-4
2,47208E-4
2,25855E-4
2,44487E-4
1,64016E-4
1,76612E-4
2,49972E-4
1,76055E-4
1,62887E-4
2,33086E-4
2,52548E-4
1,84542E-4
1,68509E-4
2,45278E-4
1,50842E-4
2,53484E-4
1,62898E-4
2,44015E-4
2,26488E-4
1,75698E-4
1,63848E-4
2,51142E-4
2,56941E-4
1,77634E-4
1,49526E-4
2,4473E-4
1,653E-4
1,7774E-4
2,54107E-4
1,79581E-4
1,64218E-4
2,43517E-4
1,46161E-4
1,76113E-4
2,28215E-4
2,42261E-4
2,29784E-4
2,34089E-4
1,47789E-4
2,46845E-4
1,72054E-4
2,33614E-4
1,62878E-4
2,34053E-4
1,44133E-4
2,53414E-4
2,38654E-4
2,47386E-4
2,25746E-4
2,46169E-4
1,63624E-4
2,47772E-4
2,2399E-4
1,78913E-4
2,50888E-4
2,42953E-4
2,25765E-4
2,35496E-4
2,55257E-4
2,4486E-4
2,52683E-4
1,79044E-4
1,64227E-4
2,44589E-4
2,24578E-4
2,34601E-4
2,52683E-4
1,83031E-4
1,44E-4
2,39771E-4
2,28822E-4
2,35745E-4
2,54933E-4
2,39647E-4
1,65075E-4
2,46098E-4
1,47097E-4
2,28808E-4
2,48595E-4
1,76657E-4
1,6001E-4
2,38023E-4
2,57419E-4
1,81215E-4
1,60275E-4
2,43464E-4
2,21758E-4
2,38144E-4
2,48705E-4
1,74234E-4
2,51822E-4
1,75629E-4
2,52622E-4
1,77976E-4
1,63719E-4
2,38988E-4
1,63601E-4
2,42649E-4
2,21212E-4
2,43688E-4
2,22141E-4
2,43998E-4
2,28538E-4
1,75226E-4
2,22076E-4
2,45365E-4
2,52945E-4
2,36387E-4
2,31633E-4
2,31016E-4
2,25754E-4
1,76138E-4
2,42988E-4
2,34596E-4
2,55083E-4
1,42427E-4
1,63698E-4
2,30927E-4
2,66468E-4
2,41875E-4
2,49228E-4
1,88796E-4
2,55306E-4
2,36435E-4
2,59973E-4
2,49848E-4
2,61634E-4
2,47217E-4
1,48944E-4
2,48984E-4
2,54824E-4
1,62014E-4
2,52728E-4
1,59912E-4
1,64236E-4
1,3816E-4
0,001626094
1,37045E-4
1,65416E-4
2,4521E-4
2,58078E-4
1,40672E-4
1,50305E-4
1,77691E-4
1,72165E-4
2,50668E-4
2,64134E-4
2,42154E-4
1,50646E-4
2,50622E-4
1,66709E-4
2,38953E-4
1,64986E-4
2,50461E-4
0,00150152
2,34383E-4
2,54854E-4
2,44918E-4
1,46114E-4
2,40163E-4
2,46895E-4
2,35711E-4
1,6532E-4
2,49703E-4
2,28294E-4
2,47988E-4
2,40225E-4
2,51756E-4
2,52158E-4
2,31476E-4
2,36469E-4
2,50946E-4
2,27938E-4
2,50034E-4
2,53827E-4
1,80323E-4
2,56021E-4
1,83726E-4
2,55018E-4
1,76944E-4
2,5595E-4
2,50434E-4
1,4503E-4
2,42735E-4
2,56832E-4
1,6371E-4
2,42467E-4
1,65719E-4
1,43763E-4
1,61331E-4
3,13353E-4
1,66512E-4
1,69772E-4
2,69216E-4
2,60071E-4
1,37845E-4
2,77943E-4
1,64151E-4
1,75089E-4
1,57634E-4
2,43739E-4
1,58252E-4
2,50779E-4
1,62588E-4
1,43897E-4
1,96985E-4
2,47113E-4
1,62994E-4
1,48299E-4
1,40063E-4
1,61684E-4
2,30179E-4
1,74392E-4
1,81416E-4
2,50178E-4
2,47535E-4
1,66772E-4
2,41406E-4
1,66539E-4
2,35055E-4
1,47001E-4
2,51814E-4
2,58374E-4
1,78327E-4
2,56117E-4
1,4286E-4
1,67044E-4
2,4482E-4
2,60571E-4
1,46705E-4
1,47382E-4
1,7714E-4
1,64555E-4
2,31825E-4
2,5027E-4
0,001559442
2,46837E-4
2,35185E-4
2,51581E-4
2,30197E-4
2,49772E-4
1,35007E-4
1,68735E-4
1,43277E-4
1,49773E-4
1,81537E-4
1,49684E-4
2,51789E-4
2,51215E-4
1,77307E-4
2,58951E-4
2,3187E-4
1,70515E-4
0,001542367
1,46337E-4
2,45961E-4
2,30459E-4
2,4323E-4
2,56051E-4
1,40092E-4
1,64202E-4
1,7865E-4
2,36076E-4
1,83575E-4
2,53372E-4
2,40144E-4
1,64661E-4
2,48727E-4
2,28804E-4
2,5021E-4
2,50598E-4
2,33569E-4
2,31418E-4
1,7856E-4
1,52667E-4
2,32907E-4
2,2572E-4
2,65891E-4
2,25107E-4
2,54286E-4
2,32331E-4
2,49941E-4
2,5081E-4
2,37941E-4
2,5466E-4
1,41769E-4
1,63327E-4
2,55372E-4
1,64328E-4
2,43128E-4
2,42368E-4
2,43556E-4
1,63833E-4
2,40505E-4
2,2807E-4
2,41301E-4
1,65821E-4
2,46127E-4
2,30586E-4
2,34915E-4
2,47296E-4
1,383E-4
1,62092E-4
2,42882E-4
1,48E-4
2,45604E-4
2,30665E-4
1,64391E-4
2,45103E-4
1,6294E-4
1,47774E-4
1,43111E-4
1,63336E-4
2,40846E-4
2,47148E-4
1,36716E-4
1,46535E-4
2,39679E-4
2,43202E-4
1,64618E-4
1,61656E-4
2,42868E-4
1,45408E-4
2,41007E-4
2,53696E-4
1,38996E-4
2,3213E-4
1,37914E-4
2,55049E-4
1,68752E-4
2,48592E-4
1,5296E-4
2,47711E-4
1,56484E-4
2,74482E-4
1,53331E-4
2,50412E-4
1,59007E-4
2,48481E-4
1,63179E-4
2,50146E-4
1,54359E-4
2,48625E-4
1,53461E-4
2,82049E-4
1,52634E-4
2,46786E-4
1,64409E-4
2,65606E-4
1,54768E-4
2,52098E-4
1,55247E-4
2,47821E-4
1,56673E-4
2,48368E-4
1,50458E-4
2,48202E-4
1,5505E-4
2,4451E-4
1,59387E-4
2,45156E-4
1,5295E-4
2,4664E-4
1,53774E-4
2,46487E-4
1,58945E-4
2,4552E-4
1,57294E-4
2,46094E-4
1,58833E-4
2,45144E-4
1,59826E-4
2,4746E-4
1,53723E-4
2,51185E-4
1,61508E-4
2,47601E-4
1,54733E-4
2,44577E-4
1,54262E-4
2,43644E-4
1,50229E-4
2,49921E-4
1,57688E-4
2,45914E-4
1,60575E-4
2,68142E-4
1,60216E-4
2,54034E-4
1,53966E-4
2,50957E-4
1,55266E-4
2,52528E-4
1,6087E-4
2,5876E-4
1,54715E-4
2,53799E-4
1,56753E-4
2,67594E-4
2,25511E-4
2,54228E-4
2,30791E-4
2,51286E-4
2,33527E-4
2,52873E-4
2,19023E-4
2,47215E-4
2,28768E-4
2,48627E-4
2,21275E-4
2,53458E-4
2,22575E-4
0,001488799
1,58103E-4
2,51265E-4
1,59464E-4
2,54953E-4
1,59928E-4
2,75213E-4
1,57747E-4
2,53491E-4
1,57051E-4
2,55325E-4
1,62947E-4
2,53261E-4
1,57088E-4
2,51162E-4
1,55571E-4
2,5279E-4
1,70066E-4
2,53937E-4
1,54852E-4
2,93568E-4
1,50585E-4
2,5102E-4
1,57156E-4
2,45525E-4
1,69188E-4
2,43958E-4
1,54451E-4
2,5363E-4
1,55803E-4
2,57374E-4
1,56892E-4
2,46575E-4
1,49877E-4
2,49461E-4
1,55033E-4
2,47652E-4
1,73762E-4
2,65835E-4
1,57306E-4
2,5287E-4
1,55933E-4
2,51679E-4
1,57771E-4
2,50407E-4
2,24651E-4
2,49713E-4
2,1984E-4
2,47334E-4
2,34675E-4
2,5298E-4
2,23407E-4
2,59314E-4
2,22206E-4
2,4807E-4
2,19535E-4
2,498E-4
1,5115E-4
2,52591E-4
1,57086E-4
2,55252E-4
1,55185E-4
2,49052E-4
1,55808E-4
2,58657E-4
1,58606E-4
2,68175E-4
1,53994E-4
2,52172E-4
1,58865E-4
2,45783E-4
1,62074E-4
1,62277E-4
1,70726E-4
1,4578E-4
2,41816E-4
1,66644E-4
1,8125E-4
1,65112E-4
2,47844E-4
2,31661E-4
2,37577E-4
2,49748E-4
2,35443E-4
2,44466E-4
2,48344E-4
2,58389E-4
2,58758E-4
2,70387E-4
1,65066E-4
2,59681E-4
1,65987E-4
1,47032E-4
1,40038E-4
1,71877E-4
1,81721E-4
2,58736E-4
2,43277E-4
0,001619315
1,80519E-4
1,64574E-4
2,55643E-4
2,47316E-4
2,45814E-4
2,24081E-4
2,35263E-4
2,57907E-4
0,001552172
1,63328E-4
2,46345E-4
1,65784E-4
2,50455E-4
2,29589E-4
1,75512E-4
2,51341E-4
1,80712E-4
0,001411789
2,49371E-4
1,48171E-4
2,45887E-4
1,76073E-4
2,32882E-4
2,21439E-4
2,5419E-4
1,65413E-4
2,50461E-4
2,32918E-4
1,76143E-4
2,30158E-4
2,45321E-4
2,42217E-4
2,47676E-4
1,61759E-4
2,41655E-4
2,41857E-4
1,76723E-4
1,48194E-4
2,45513E-4
1,67807E-4
1,5243E-4
1,40801E-4
2,52512E-4
1,62553E-4
2,50142E-4
1,64902E-4
2,53498E-4
1,63685E-4
2,52432E-4
1,61059E-4
1,67684E-4
2,42098E-4
2,27762E-4
1,7603E-4
2,53505E-4
2,42321E-4
1,59775E-4
2,37622E-4
1,47641E-4
2,82784E-4
2,23384E-4
2,39383E-4
2,28686E-4
2,53012E-4
1,6492E-4
2,46635E-4
1,44784E-4
2,43106E-4
2,28316E-4
2,41982E-4
1,68454E-4
2,49177E-4
2,54168E-4
2,48848E-4
2,55791E-4
2,55838E-4
2,66128E-4
1,44153E-4
2,5378E-4
1,65775E-4
2,48971E-4
1,68289E-4
1,61461E-4
2,44756E-4
1,76339E-4
2,53782E-4
2,62228E-4
1,39519E-4
2,48199E-4
1,64277E-4
2,50243E-4
1,6889E-4
2,50159E-4
1,68617E-4
2,62987E-4
1,65267E-4
2,41798E-4
1,64133E-4
2,73009E-4
2,05039E-4
2,45849E-4
1,72072E-4
2,52415E-4
1,64376E-4
2,50059E-4
1,52963E-4
0,001960491
1,67474E-4
2,54457E-4
1,53019E-4
2,53872E-4
1,5215E-4
2,55524E-4
1,58086E-4
2,51409E-4
0,001373401
2,53803E-4
1,67024E-4
2,50868E-4
1,63868E-4
2,49322E-4
1,56332E-4
2,51294E-4
1,51918E-4
2,51812E-4
1,66288E-4
2,56881E-4
1,57122E-4
2,4878E-4
1,59289E-4
2,52561E-4
1,55133E-4
2,46397E-4
1,73042E-4
2,4954E-4
1,56375E-4
2,46476E-4
1,56299E-4
2,51112E-4
1,54455E-4
2,45432E-4
1,53028E-4
2,50613E-4
1,61358E-4
2,47774E-4
1,54098E-4
2,52827E-4
1,55727E-4
2,44691E-4
1,51084E-4
2,46603E-4
1,57539E-4
2,45852E-4
1,5253E-4
2,44248E-4
1,52326E-4
2,45079E-4
1,59887E-4
2,4951E-4
1,57867E-4
2,49783E-4
1,5539E-4
2,47333E-4
1,55458E-4
2,46863E-4
1,65438E-4
2,47027E-4
1,61392E-4
2,50635E-4
1,55532E-4
2,535E-4
1,56445E-4
2,465E-4
1,55207E-4
2,46509E-4
1,52066E-4
2,49753E-4
1,63377E-4
2,50708E-4
1,56214E-4
2,46566E-4
1,54414E-4
2,50098E-4
1,54523E-4
2,48902E-4
1,53015E-4
2,6966E-4
1,55025E-4
2,52929E-4
1,54107E-4
2,4787E-4
1,52738E-4
2,28671E-4
1,56208E-4
2,47916E-4
1,64847E-4
2,45217E-4
2,48521E-4
2,42767E-4
2,25686E-4
2,29807E-4
2,56706E-4
2,23535E-4
1,45639E-4
2,23944E-4
1,72493E-4
2,3088E-4
2,55287E-4
1,40782E-4
1,59686E-4
1,76149E-4
2,5095E-4
2,39874E-4
2,41533E-4
2,3257E-4
2,48573E-4
2,49119E-4
1,65582E-4
1,76134E-4
2,16758E-4
2,29368E-4
2,22925E-4
1,76262E-4
1,76367E-4
2,35573E-4
1,51648E-4
2,51375E-4
1,54396E-4
2,32895E-4
2,21763E-4
2,46074E-4
2,36562E-4
1,81589E-4
1,53583E-4
2,49318E-4
1,5685E-4
2,49367E-4
2,20936E-4
2,37871E-4
0,00150103
2,40904E-4
2,58296E-4
1,41857E-4
1,64894E-4
2,46326E-4
1,45708E-4
2,43776E-4
2,20583E-4
0,001454984
2,24468E-4
2,38022E-4
1,72836E-4
2,35899E-4
2,5062E-4
2,56008E-4
1,59297E-4
2,44144E-4
2,54326E-4
2,23438E-4
1,42493E-4
1,40264E-4
1,61633E-4
1,82359E-4
2,51619E-4
2,22844E-4
1,43583E-4
1,42398E-4
1,60902E-4
2,49076E-4
2,65215E-4
1,8372E-4
2,24829E-4
2,28606E-4
2,17958E-4
2,44989E-4
2,20682E-4
2,44414E-4
2,20089E-4
2,37224E-4
2,51976E-4
1,7921E-4
2,47989E-4
1,82516E-4
2,18529E-4
1,76177E-4
1,51102E-4
2,45663E-4
1,55298E-4
2,56038E-4
1,52394E-4
2,34782E-4
1,53369E-4
2,53892E-4
1,60742E-4
2,70923E-4
1,56074E-4
2,51457E-4
1,55651E-4
2,61351E-4
1,54155E-4
2,54944E-4
1,56669E-4
2,52019E-4
1,61979E-4
2,53963E-4
1,68354E-4
2,54711E-4
1,536E-4
2,55063E-4
1,6706E-4
2,52857E-4
1,56607E-4
2,56404E-4
1,58299E-4
2,52129E-4
1,6085E-4
2,45967E-4
2,26957E-4
2,5335E-4
2,21891E-4
2,4059E-4
2,52678E-4
2,35971E-4
1,46424E-4
2,46437E-4
2,51462E-4
2,25208E-4
1,7259E-4
1,46369E-4
2,48885E-4
2,34973E-4
1,71112E-4
2,45819E-4
1,49032E-4
1,37769E-4
1,63592E-4
1,87139E-4
2,48526E-4
1,40946E-4
1,6121E-4
2,46765E-4
2,52762E-4
2,36003E-4
1,50407E-4
1,43669E-4
2,46674E-4
1,42376E-4
1,65806E-4
1,79037E-4
2,52401E-4
2,35203E-4
1,65069E-4
1,47071E-4
2,50076E-4
0,001505568
1,64014E-4
1,58705E-4
2,52667E-4
2,27322E-4
1,66404E-4
2,26916E-4
2,53451E-4
1,46593E-4
2,5613E-4
2,46843E-4
2,46956E-4
2,4694E-4
2,56542E-4
2,41579E-4
2,48939E-4
2,45119E-4
2,51473E-4
2,44657E-4
2,49156E-4
2,22813E-4
2,47163E-4
2,45162E-4
2,50371E-4
2,49721E-4
2,49232E-4
2,46498E-4
2,51575E-4
2,24702E-4
2,51437E-4
2,40075E-4
2,58888E-4
2,39553E-4
2,51742E-4
2,47015E-4
2,5155E-4
2,48626E-4
2,455E-4
2,41993E-4
2,55739E-4
2,18791E-4
2,45248E-4
2,43532E-4
2,54236E-4
2,409E-4
2,52347E-4
2,46201E-4
2,45344E-4
1,39447E-4
1,67098E-4
2,37097E-4
2,54605E-4
1,43031E-4
1,64919E-4
1,86199E-4
2,59356E-4
2,47295E-4
2,53653E-4
1,4368E-4
2,54363E-4
2,43169E-4
1,4625E-4
1,42986E-4
1,6109E-4
2,47117E-4
2,57729E-4
2,42256E-4
2,512E-4
2,43141E-4
2,50089E-4
1,6416E-4
2,51373E-4
1,68377E-4
2,46879E-4
1,62121E-4
2,46693E-4
1,61269E-4
2,49218E-4
1,78002E-4
2,51867E-4
1,64367E-4
2,51577E-4
1,65255E-4
2,53711E-4
1,64045E-4
2,48683E-4
1,61338E-4
2,47559E-4
1,62596E-4
2,48102E-4
1,62865E-4
2,46668E-4
1,61578E-4
2,49265E-4
1,64682E-4
2,4869E-4
1,68338E-4
2,45714E-4
1,60748E-4
2,59748E-4
1,64389E-4
2,39202E-4
1,56313E-4
2,48511E-4
1,49318E-4
2,46249E-4
1,51626E-4
2,51554E-4
1,57633E-4
2,3525E-4
2,22953E-4
2,34403E-4
2,32788E-4
1,85721E-4
1,55677E-4
0,001513942
1,51862E-4
2,45711E-4
1,66727E-4
2,45668E-4
1,62683E-4
2,5339E-4
1,659E-4
2,52443E-4
0,001405026
2,58696E-4
1,63676E-4
2,50649E-4
1,60263E-4
2,53852E-4
1,62222E-4
2,49508E-4
1,61087E-4
0,001526494
1,63792E-4
2,50836E-4
1,63179E-4
2,46855E-4
1,63274E-4
2,46411E-4
1,65134E-4
2,50502E-4
1,67954E-4
2,52362E-4
1,61797E-4
2,57343E-4
1,59385E-4
2,49993E-4
1,61053E-4
2,52717E-4
1,63611E-4
2,45063E-4
2,46244E-4
2,89317E-4
2,47974E-4
2,51523E-4
2,24795E-4
2,52826E-4
2,41263E-4
2,52855E-4
2,32499E-4
2,49344E-4
2,46207E-4
2,5656E-4
1,43673E-4
1,59546E-4
2,33668E-4
1,88808E-4
2,47162E-4
2,59526E-4
2,30212E-4
1,4658E-4
1,79399E-4
2,51114E-4
2,33899E-4
2,46329E-4
2,43743E-4
1,63946E-4
1,79646E-4
2,40827E-4
2,45838E-4
2,29282E-4
2,53663E-4
2,36959E-4
2,48688E-4
2,52046E-4
2,43614E-4
2,53676E-4
1,78878E-4
2,53893E-4
2,34525E-4
1,4952E-4
1,42372E-4
1,79576E-4
1,79216E-4
2,27992E-4
2,54002E-4
2,5216E-4
1,77981E-4
2,20683E-4
2,36314E-4
2,52395E-4
2,42668E-4
2,52796E-4
0,001508537
2,45903E-4
2,46207E-4
2,53804E-4
2,44689E-4
2,47114E-4
2,49056E-4
2,51289E-4
1,40072E-4
1,46327E-4
1,86469E-4
1,62628E-4
2,37283E-4
2,54807E-4
2,24812E-4
2,51618E-4
2,29139E-4
1,47571E-4
1,4378E-4
2,58058E-4
2,27512E-4
1,47175E-4
1,41302E-4
1,64296E-4
1,78771E-4
2,30693E-4
2,37107E-4
2,41327E-4
2,44079E-4
2,25179E-4
2,4152E-4
2,50399E-4
1,79349E-4
2,46385E-4
2,44011E-4
2,54933E-4
2,27365E-4
1,46016E-4
1,41195E-4
1,65271E-4
1,77351E-4
2,47054E-4
2,40006E-4
2,51166E-4
1,42052E-4
1,69596E-4
2,34166E-4
2,52247E-4
2,34404E-4
1,45186E-4
1,37643E-4
2,50182E-4
2,21933E-4
1,44441E-4
1,36738E-4
1,65288E-4
1,80932E-4
2,49816E-4
2,42596E-4
2,50597E-4
2,21085E-4
1,42519E-4
2,42673E-4
2,57022E-4
2,20941E-4
1,44913E-4
2,31425E-4
1,61925E-4
1,7689E-4
2,34953E-4
2,32162E-4
2,19513E-4
2,47167E-4
2,20432E-4
2,499E-4
2,2081E-4
2,53999E-4
2,1847E-4
1,76789E-4
1,53359E-4
2,38569E-4
2,24699E-4
2,38202E-4
2,44645E-4
2,41412E-4
2,54555E-4
2,23064E-4
1,64272E-4
2,23753E-4
1,64411E-4
2,2974E-4
1,44402E-4
1,38845E-4
1,61076E-4
1,75779E-4
2,33257E-4
2,42377E-4
2,211E-4
0,001598674
2,19759E-4
1,78988E-4
1,61463E-4
2,51597E-4
1,52425E-4
1,80172E-4
1,56016E-4
2,53179E-4
1,53485E-4
2,49908E-4
1,49996E-4
2,49311E-4
1,56072E-4
2,48974E-4
1,53436E-4
2,65362E-4
1,55268E-4
2,58548E-4
1,58098E-4
2,49036E-4
1,53015E-4
2,4939E-4
2,28447E-4
2,36221E-4
2,55716E-4
2,51191E-4
1,5073E-4
1,79518E-4
2,22029E-4
1,84576E-4
1,51583E-4
2,5156E-4
1,77428E-4
2,49363E-4
1,66342E-4
2,49273E-4
1,64559E-4
2,48362E-4
1,60303E-4
2,49142E-4
1,64533E-4
2,48598E-4
1,64409E-4
2,47974E-4
1,62577E-4
2,49388E-4
1,62436E-4
2,47683E-4
1,62846E-4
2,47414E-4
1,60619E-4
2,49328E-4
1,56223E-4
2,50987E-4
1,63435E-4
2,47334E-4
1,62283E-4
2,504E-4
1,64957E-4
2,51122E-4
1,65082E-4
2,51799E-4
1,55623E-4
2,52237E-4
1,6553E-4
2,53754E-4
1,53251E-4
2,52198E-4
1,60243E-4
2,54863E-4
1,63414E-4
2,5233E-4
1,80159E-4
2,51275E-4
1,52552E-4
2,50611E-4
1,6805E-4
2,55366E-4
1,67142E-4
2,50057E-4
1,69119E-4
2,50844E-4
1,68734E-4
2,49274E-4
1,66242E-4
2,45885E-4
1,92538E-4
2,54999E-4
0,00150692
2,49731E-4
1,56211E-4
2,30113E-4
2,23103E-4
2,40321E-4
2,26315E-4
2,42401E-4
2,50369E-4
2,33203E-4
2,4754E-4
2,44237E-4
2,5061E-4
2,26345E-4
1,499E-4
1,42882E-4
1,61626E-4
1,41038E-4
1,64504E-4
1,74606E-4
2,56423E-4
1,77221E-4
2,53954E-4
2,26037E-4
1,64516E-4
2,50004E-4
1,47632E-4
2,29079E-4
1,67368E-4
1,41727E-4
1,65574E-4
2,5264E-4
2,48662E-4
2,3065E-4
1,46544E-4
1,44894E-4
1,51852E-4
2,51287E-4
2,55592E-4
2,29262E-4
2,5074E-4
2,4329E-4
1,45335E-4
1,40276E-4
1,67296E-4
1,4094E-4
1,65762E-4
2,27036E-4
2,4702E-4
1,41123E-4
2,50644E-4
2,25507E-4
1,46602E-4
2,28981E-4
1,46505E-4
1,41191E-4
1,45624E-4
1,80043E-4
2,49584E-4
1,78611E-4
1,62377E-4
2,44094E-4
2,55519E-4
2,22512E-4
2,43429E-4
2,24242E-4
1,43298E-4
1,41616E-4
1,65002E-4
1,86415E-4
2,59287E-4
2,61864E-4
1,50234E-4
2,57424E-4
2,53617E-4
2,30007E-4
1,49412E-4
2,23535E-4
1,50043E-4
1,38614E-4
1,6371E-4
2,40762E-4
2,30455E-4
2,31284E-4
2,18578E-4
2,34797E-4
2,23815E-4
1,78392E-4
1,53635E-4
2,4845E-4
1,54864E-4
2,3152E-4
2,20876E-4
2,34079E-4
2,26123E-4
2,40895E-4
2,47024E-4
2,46004E-4
2,54453E-4
2,43716E-4
2,53067E-4
2,44364E-4
2,49231E-4
2,30362E-4
2,4732E-4
2,59155E-4
2,51379E-4
2,60814E-4
2,71469E-4
2,65365E-4
2,85009E-4
2,57553E-4
2,59622E-4
2,61099E-4
2,52838E-4
2,61479E-4
2,5129E-4
2,52973E-4
2,45393E-4
2,61558E-4
2,6456E-4
2,57008E-4
2,45336E-4
1,42358E-4
2,67899E-4
2,35162E-4
1,61977E-4
2,4563E-4
2,50795E-4
2,6088E-4
2,52751E-4
2,53952E-4
2,50017E-4
2,58965E-4
2,60401E-4
2,56903E-4
2,46973E-4
2,57254E-4
2,47201E-4
2,69035E-4
2,48707E-4
2,47826E-4
2,49696E-4
2,57051E-4
2,49979E-4
2,54996E-4
2,48793E-4
2,55763E-4
2,53641E-4
2,50492E-4
2,47605E-4
2,40965E-4
2,46364E-4
2,45807E-4
2,69316E-4
2,49573E-4
2,5377E-4
2,41648E-4
2,61545E-4
2,53396E-4
2,57972E-4
2,54692E-4
2,54361E-4
2,52326E-4
2,52881E-4
2,50974E-4
2,49389E-4
1,40538E-4
0,001421711
2,35858E-4
2,69669E-4
2,32323E-4
2,5555E-4
1,41699E-4
2,57031E-4
2,32733E-4
1,68141E-4
1,43729E-4
1,63617E-4
1,83872E-4
2,51295E-4
2,51844E-4
1,65709E-4
2,44293E-4
1,52276E-4
1,84032E-4
2,77437E-4
2,49003E-4
1,50348E-4
2,55915E-4
1,67427E-4
2,54043E-4
2,55028E-4
2,29286E-4
1,49367E-4
1,47585E-4
1,64738E-4
2,48064E-4
2,61509E-4
2,38654E-4
2,48969E-4
2,2757E-4
1,55727E-4
2,27242E-4
1,4563E-4
1,46835E-4
2,53061E-4
2,31262E-4
1,47896E-4
1,46241E-4
1,66239E-4
1,77572E-4
1,60298E-4
2,55094E-4
1,64202E-4
2,42071E-4
1,574E-4
1,83959E-4
1,58893E-4
2,48657E-4
1,53207E-4
2,45905E-4
1,54614E-4
2,49071E-4
1,55906E-4
2,33928E-4
1,57063E-4
2,48024E-4
1,52536E-4
2,45246E-4
1,55903E-4
2,46252E-4
1,57669E-4
2,36261E-4
2,20902E-4
2,4074E-4
1,64984E-4
2,47222E-4
2,46532E-4
1,82189E-4
2,51051E-4
2,44618E-4
2,58205E-4
2,27008E-4
2,52889E-4
2,28432E-4
1,48878E-4
1,41676E-4
2,48791E-4
2,24788E-4
1,46133E-4
1,41231E-4
2,54796E-4
2,23796E-4
1,46575E-4
1,44337E-4
1,66099E-4
2,54485E-4
2,53955E-4
2,33232E-4
1,63479E-4
1,40375E-4
2,6522E-4
2,30308E-4
1,77871E-4
2,27822E-4
1,66257E-4
2,59033E-4
2,4559E-4
2,44209E-4
2,48887E-4
1,85991E-4
2,27667E-4
2,40666E-4
2,47488E-4
2,35378E-4
2,52821E-4
2,25806E-4
1,5128E-4
2,51648E-4
1,74309E-4
1,4108E-4
1,68136E-4
1,78812E-4
2,20557E-4
2,32611E-4
2,23351E-4
2,45182E-4
2,55656E-4
1,43552E-4
1,61818E-4
2,62099E-4
2,47827E-4
2,6234E-4
2,53799E-4
2,28852E-4
1,72516E-4
1,41207E-4
1,63842E-4
2,52884E-4
2,58405E-4
1,44675E-4
1,66398E-4
1,84009E-4
2,38445E-4
2,39385E-4
2,457E-4
2,52336E-4
2,20686E-4
2,37619E-4
0,001554468
1,7956E-4
2,29046E-4
2,3606E-4
2,36137E-4
2,39641E-4
2,4786E-4
2,35831E-4
2,48846E-4
0,001591477
1,45165E-4
2,62513E-4
1,64155E-4
2,44386E-4
1,4958E-4
2,48206E-4
2,54659E-4
2,52137E-4
2,56367E-4
2,42811E-4
2,46188E-4
2,53007E-4
2,62382E-4
2,43662E-4
2,49351E-4
1,44685E-4
2,42994E-4
1,42468E-4
1,62032E-4
2,37501E-4
2,44998E-4
1,77845E-4
2,4066E-4
2,35271E-4
2,23293E-4
1,80272E-4
2,27456E-4
1,76359E-4
2,22486E-4
2,34411E-4
2,53688E-4
1,84473E-4
1,63523E-4
1,76152E-4
2,30894E-4
2,37391E-4
2,2114E-4
2,29469E-4
2,4735E-4
2,4946E-4
2,49041E-4
2,25642E-4
1,43055E-4
2,44935E-4
1,72792E-4
1,7581E-4
2,50846E-4
1,89902E-4
2,23227E-4
2,34463E-4
2,40061E-4
2,41869E-4
2,23087E-4
1,80019E-4
2,35021E-4
2,56695E-4
2,78906E-4
2,51365E-4
2,20137E-4
2,45218E-4
2,48792E-4
2,46916E-4
2,24087E-4
2,43483E-4
2,20865E-4
2,36608E-4
2,22058E-4
2,35772E-4
2,1807E-4
2,40261E-4
2,30131E-4
2,46913E-4
2,53755E-4
1,79217E-4
2,6318E-4
2,54588E-4
2,59195E-4
1,42313E-4
1,66213E-4
1,82455E-4
2,51175E-4
2,53317E-4
2,39534E-4
2,36488E-4
2,4288E-4
2,3864E-4
2,56432E-4
2,34541E-4
2,53607E-4
1,76849E-4
2,55322E-4
2,4413E-4
2,53371E-4
2,30642E-4
2,62553E-4
2,23986E-4
1,44611E-4
1,4422E-4
1,79517E-4
1,85581E-4
2,52095E-4
2,50179E-4
2,54744E-4
2,27495E-4
1,44253E-4
2,4518E-4
2,59499E-4
1,42142E-4
1,62664E-4
1,82429E-4
2,23397E-4
1,76419E-4
1,55842E-4
2,57954E-4
1,57404E-4
2,53035E-4
1,64513E-4
2,49973E-4
1,58091E-4
1,7979E-4
1,55563E-4
2,45399E-4
1,5322E-4
2,43791E-4
1,58798E-4
2,46624E-4
1,5594E-4
2,34343E-4
2,31936E-4
2,43137E-4
2,23546E-4
2,51308E-4
2,32533E-4
2,36004E-4
2,65229E-4
2,52498E-4
2,22081E-4
2,38415E-4
2,48356E-4
2,57493E-4
2,46651E-4
0,001507137
2,45478E-4
2,22729E-4
1,48142E-4
1,45004E-4
2,52625E-4
2,27279E-4
1,61658E-4
2,23045E-4
1,4587E-4
1,40199E-4
1,49135E-4
1,41788E-4
1,63598E-4
1,78323E-4
2,51497E-4
1,76055E-4
2,30514E-4
2,34698E-4
2,20017E-4
2,3192E-4
2,21808E-4
2,35791E-4
2,21807E-4
2,46398E-4
2,59822E-4
2,34766E-4
2,66843E-4
2,24953E-4
2,54804E-4
2,27352E-4
1,46436E-4
1,40684E-4
1,6123E-4
1,76536E-4
2,43647E-4
2,44554E-4
2,45441E-4
2,40346E-4
2,47311E-4
1,41931E-4
1,59639E-4
1,81914E-4
2,56452E-4
2,43867E-4
2,45107E-4
2,41271E-4
2,52722E-4
2,23661E-4
2,53549E-4
2,99575E-4
1,46005E-4
1,39347E-4
1,45227E-4
2,4347E-4
2,52699E-4
2,48762E-4
2,5326E-4
2,22462E-4
1,46597E-4
1,4354E-4
1,41065E-4
1,84429E-4
2,48117E-4
2,41082E-4
2,59269E-4
2,27848E-4
1,46288E-4
1,41548E-4
1,69301E-4
1,76735E-4
2,20704E-4
2,42625E-4
2,5526E-4
2,47756E-4
2,53447E-4
2,24856E-4
1,47003E-4
1,40714E-4
1,59487E-4
0,001508071
2,54587E-4
2,26429E-4
1,47673E-4
2,29237E-4
1,76447E-4
2,43389E-4
2,53783E-4
2,29584E-4
2,6422E-4
2,27669E-4
1,49059E-4
2,20634E-4
1,53103E-4
1,78792E-4
2,43687E-4
2,489E-4
2,50233E-4
2,3592E-4
2,52491E-4
1,38978E-4
1,46484E-4
1,41339E-4
1,66886E-4
1,79486E-4
2,62226E-4
2,24837E-4
1,60634E-4
2,52388E-4
1,60036E-4
2,40744E-4
2,53951E-4
1,85616E-4
2,50939E-4
2,44797E-4
2,6149E-4
1,41743E-4
1,64872E-4
1,76172E-4
2,55442E-4
2,47264E-4
2,58954E-4
1,42876E-4
2,51767E-4
1,42367E-4
1,62016E-4
1,84718E-4
2,48348E-4
2,58273E-4
2,63178E-4
2,22545E-4
2,4859E-4
2,24725E-4
1,50691E-4
1,45015E-4
1,50118E-4
2,22458E-4
2,60756E-4
2,26616E-4
1,68064E-4
1,40848E-4
1,70333E-4
1,83395E-4
2,59677E-4
2,31305E-4
2,53972E-4
2,24731E-4
1,50534E-4
2,46279E-4
2,50823E-4
2,60223E-4
2,56535E-4
1,41567E-4
1,44774E-4
2,50171E-4
1,45014E-4
1,4449E-4
1,68625E-4
2,51843E-4
2,55227E-4
1,48458E-4
1,64911E-4
2,53177E-4
2,53518E-4
1,42364E-4
1,5988E-4
1,76216E-4
2,47449E-4
2,33209E-4
1,65998E-4
1,87307E-4
2,233E-4
2,35698E-4
2,31642E-4
1,82306E-4
1,49735E-4
2,31219E-4
1,56324E-4
2,53863E-4
1,62106E-4
2,30157E-4
2,22938E-4
2,34485E-4
2,34955E-4
1,77885E-4
1,52209E-4
2,45981E-4
1,5765E-4
2,44141E-4
1,56085E-4
2,49845E-4
1,63229E-4
2,4774E-4
1,50744E-4
2,47443E-4
1,5664E-4
2,51052E-4
1,5544E-4
2,49076E-4
1,5306E-4
2,50094E-4
1,53279E-4
2,34235E-4
1,50594E-4
2,47021E-4
1,54329E-4
2,51302E-4
1,51062E-4
2,44856E-4
1,55995E-4
2,39776E-4
1,5508E-4
2,32457E-4
2,23363E-4
2,47245E-4
2,32276E-4
2,46603E-4
2,42055E-4
2,39019E-4
2,51037E-4
2,5146E-4
2,45129E-4
1,42524E-4
1,65707E-4
1,39178E-4
1,46394E-4
1,77827E-4
2,48419E-4
2,40339E-4
1,45079E-4
1,75638E-4
2,52008E-4
2,43243E-4
1,66091E-4
1,79736E-4
2,44851E-4
1,77748E-4
2,17534E-4
2,48234E-4
2,1896E-4
1,82824E-4
1,51714E-4
2,52606E-4
1,52106E-4
2,43332E-4
1,6246E-4
2,47308E-4
1,56395E-4
2,36531E-4
1,58006E-4
2,454E-4
1,54233E-4
2,47159E-4
1,5056E-4
2,4754E-4
1,54346E-4
2,52456E-4
1,57372E-4
2,51191E-4
1,53812E-4
1,75733E-4
1,5468E-4
2,43654E-4
1,56545E-4
1,76592E-4
1,53302E-4
2,50591E-4
1,53627E-4
2,47648E-4
1,54225E-4
2,48E-4
1,59924E-4
2,39568E-4
1,52257E-4
2,5329E-4
1,62621E-4
2,50291E-4
1,54107E-4
2,46345E-4
1,56724E-4
2,49504E-4
1,68838E-4
2,46779E-4
1,49352E-4
2,55468E-4
1,62025E-4
2,4684E-4
1,5597E-4
2,71747E-4
1,52749E-4
2,44606E-4
1,57487E-4
2,48355E-4
1,5314E-4
2,48834E-4
1,71862E-4
2,49433E-4
1,54299E-4
2,50115E-4
1,53913E-4
2,46962E-4
1,54795E-4
0,001454971
1,54534E-4
2,46517E-4
1,65932E-4
1,78943E-4
1,51805E-4
2,31269E-4
1,54153E-4
2,50193E-4
1,59999E-4
2,5038E-4
1,58814E-4
2,50397E-4
2,22279E-4
1,85879E-4
1,58613E-4
2,53738E-4
1,57505E-4
0,001590663
2,57427E-4
2,60117E-4
2,67045E-4
2,51624E-4
2,76624E-4
2,49636E-4
2,809E-4
2,4731E-4
2,6082E-4
2,63313E-4
2,55608E-4
2,55594E-4
2,61632E-4
2,63206E-4
2,71146E-4
2,61488E-4
1,4991E-4
0,001477029
1,48366E-4
1,70628E-4
2,59521E-4
2,61168E-4
2,44615E-4
2,49376E-4
2,47628E-4
2,52306E-4
2,66506E-4
2,58038E-4
1,41917E-4
1,68919E-4
1,46263E-4
2,6282E-4
2,49146E-4
2,52146E-4
2,33592E-4
2,62933E-4
2,28341E-4
1,46829E-4
1,41423E-4
1,48846E-4
1,78972E-4
2,60574E-4
2,48105E-4
2,53166E-4
2,27333E-4
1,47894E-4
2,63186E-4
2,65203E-4
1,5585E-4
2,60845E-4
2,30804E-4
1,48125E-4
2,29025E-4
1,67434E-4
2,53369E-4
2,62428E-4
2,36007E-4
1,63777E-4
1,43433E-4
1,46398E-4
2,47751E-4
2,55184E-4
2,26811E-4
1,50165E-4
1,47554E-4
1,60469E-4
2,43817E-4
2,57375E-4
2,32178E-4
1,47406E-4
1,41152E-4
1,6962E-4
2,45623E-4
2,67787E-4
2,50291E-4
2,5392E-4
2,43036E-4
2,53899E-4
1,41028E-4
0,001600033
2,43479E-4
2,4905E-4
2,55491E-4
2,57455E-4
2,55025E-4
2,54472E-4
2,56993E-4
2,5409E-4
2,64677E-4
2,5396E-4
2,58701E-4
2,55578E-4
2,63711E-4
2,53273E-4
1,40889E-4
1,65694E-4
2,51122E-4
0,001898628
2,27749E-4
1,48668E-4
1,44259E-4
2,55309E-4
1,4065E-4
2,5135E-4
2,26505E-4
1,43208E-4
2,27286E-4
1,60382E-4
2,47643E-4
2,54312E-4
2,31305E-4
1,63538E-4
1,40533E-4
2,51136E-4
2,25246E-4
1,45827E-4
1,41309E-4
1,46235E-4
1,7449E-4
2,23185E-4
2,3469E-4
2,19506E-4
1,81284E-4
1,52882E-4
2,53553E-4
1,69878E-4
2,45635E-4
1,5561E-4
2,35216E-4
1,51709E-4
2,48369E-4
1,51286E-4
2,34708E-4
2,26773E-4
2,36695E-4
2,54617E-4
2,49969E-4
2,50109E-4
1,80056E-4
2,26032E-4
1,83267E-4
1,5914E-4
2,46606E-4
1,54302E-4
2,49016E-4
1,51813E-4
2,50097E-4
1,52439E-4
2,36707E-4
2,2147E-4
2,4564E-4
2,21672E-4
2,45599E-4
2,23023E-4
2,41169E-4
2,52188E-4
2,46496E-4
2,4742E-4
1,75197E-4
2,35772E-4
2,4268E-4
2,21344E-4
2,33174E-4
2,47117E-4
2,47665E-4
2,55051E-4
2,30384E-4
1,44979E-4
1,41711E-4
1,69712E-4
1,78813E-4
2,24338E-4
2,41969E-4
2,49278E-4
1,81295E-4
2,51862E-4
1,79855E-4
2,21537E-4
2,42015E-4
2,25666E-4
2,44598E-4
2,47921E-4
1,78499E-4
2,51851E-4
2,50953E-4
2,57026E-4
2,50255E-4
2,46968E-4
2,42265E-4
2,47694E-4
2,5207E-4
2,49586E-4
2,4634E-4
2,51746E-4
2,44712E-4
2,54344E-4
1,59044E-4
2,46309E-4
1,57739E-4
2,43989E-4
1,63987E-4
2,45309E-4
1,60052E-4
0,001301795
1,62976E-4
2,45855E-4
1,6385E-4
2,45417E-4
1,63954E-4
2,54405E-4
1,62023E-4
2,46856E-4
1,63506E-4
2,48735E-4
1,60108E-4
2,44431E-4
1,57776E-4
2,43569E-4
1,62032E-4
2,44526E-4
1,80125E-4
2,47781E-4
1,62428E-4
2,44437E-4
1,52524E-4
2,46976E-4
1,59665E-4
2,46183E-4
1,59383E-4
2,47007E-4
1,63655E-4
2,46735E-4
1,68259E-4
2,44768E-4
1,6159E-4
2,41955E-4
1,63244E-4
2,45205E-4
1,63977E-4
2,4796E-4
1,60384E-4
2,42732E-4
1,62707E-4
2,50071E-4
1,59111E-4
2,42212E-4
1,61513E-4
2,50271E-4
1,64867E-4
2,47539E-4
1,60606E-4
2,47302E-4
1,63352E-4
2,45489E-4
1,61678E-4
2,49306E-4
0,001356792
2,50744E-4
1,52872E-4
2,52006E-4
1,55242E-4
1,78492E-4
1,57956E-4
2,46906E-4
1,57226E-4
2,54834E-4
1,58921E-4
2,52639E-4
1,59109E-4
2,70588E-4
1,53926E-4
1,7958E-4
1,5275E-4
2,52007E-4
1,60748E-4
2,46616E-4
1,60322E-4
2,5082E-4
1,56235E-4
1,8221E-4
1,54014E-4
2,47614E-4
1,67641E-4
2,53946E-4
1,58329E-4
2,47826E-4
1,54916E-4
2,50226E-4
1,53025E-4
2,54528E-4
1,56884E-4
2,51337E-4
1,51483E-4
2,34925E-4
2,22707E-4
2,42176E-4
2,27461E-4
2,51483E-4
2,22689E-4
1,79214E-4
1,54748E-4
2,52967E-4
1,5398E-4
2,49564E-4
1,51467E-4
2,48067E-4
1,54475E-4
2,47181E-4
1,53653E-4
0,001517746
1,52196E-4
2,46202E-4
1,52679E-4
2,32502E-4
1,56715E-4
2,46534E-4
1,65492E-4
2,46058E-4
1,51927E-4
2,46599E-4
1,60752E-4
2,47161E-4
1,62374E-4
2,47178E-4
1,60558E-4
2,47248E-4
1,61621E-4
2,54159E-4
1,60928E-4
2,5053E-4
1,60401E-4
2,48439E-4
1,6565E-4
2,45984E-4
1,61017E-4
2,4926E-4
1,66917E-4
2,51491E-4
1,6932E-4
2,55177E-4
1,55568E-4
2,48884E-4
1,55487E-4
2,56535E-4
1,57246E-4
2,49268E-4
1,60962E-4
2,49684E-4
1,54921E-4
2,48021E-4
1,58292E-4
2,47084E-4
1,56819E-4
2,51305E-4
2,24264E-4
2,33333E-4
2,82531E-4
2,2257E-4
1,69241E-4
2,43839E-4
2,50842E-4
2,43354E-4
2,51281E-4
2,46749E-4
2,48352E-4
2,72051E-4
2,46901E-4
2,49541E-4
2,51729E-4
1,38402E-4
1,64835E-4
2,45791E-4
2,55134E-4
2,23764E-4
1,53423E-4
2,58729E-4
2,53151E-4
2,37208E-4
1,46713E-4
1,42656E-4
1,46354E-4
2,53465E-4
2,53875E-4
2,40201E-4
1,50541E-4
1,43173E-4
1,64491E-4
1,79532E-4
2,62587E-4
0,001459574
2,54392E-4
2,47618E-4
2,54986E-4
2,25507E-4
1,46602E-4
1,78491E-4
2,47528E-4
2,34801E-4
1,55123E-4
2,43104E-4
2,51346E-4
1,76219E-4
2,453E-4
2,43308E-4
2,74378E-4
1,48131E-4
2,52125E-4
1,40833E-4
1,438E-4
1,39857E-4
1,61203E-4
1,77632E-4
2,48129E-4
1,79292E-4
2,60445E-4
2,42096E-4
1,68155E-4
1,78786E-4
2,23717E-4
2,39253E-4
2,57684E-4
1,77589E-4
2,47442E-4
2,5646E-4
2,47714E-4
1,45221E-4
1,68155E-4
1,75753E-4
2,23273E-4
2,52541E-4
2,18749E-4
2,35351E-4
2,2442E-4
2,32043E-4
2,47971E-4
2,43313E-4
2,53923E-4
2,25997E-4
1,49709E-4
1,36522E-4
2,53345E-4
2,27792E-4
1,45286E-4
1,85608E-4
2,52063E-4
2,48008E-4
2,62346E-4
1,86151E-4
2,5065E-4
1,78482E-4
2,16026E-4
0,001378601
2,23971E-4
2,32563E-4
1,47292E-4
2,4595E-4
2,50997E-4
2,37244E-4
1,6672E-4
2,70724E-4
1,46002E-4
1,42384E-4
1,64488E-4
1,80739E-4
2,22028E-4
1,84392E-4
1,55107E-4
2,4691E-4
1,52314E-4
2,5719E-4
1,5631E-4
2,50678E-4
1,55334E-4
2,53823E-4
1,52031E-4
2,42816E-4
1,56443E-4
2,5414E-4
2,38806E-4
2,31832E-4
2,23802E-4
1,7852E-4
1,60029E-4
2,34664E-4
1,59171E-4
2,49857E-4
2,35164E-4
2,40028E-4
2,57949E-4
2,4738E-4
2,51492E-4
2,40549E-4
2,58075E-4
2,24034E-4
1,43494E-4
1,56813E-4
1,638E-4
2,57041E-4
2,51281E-4
1,74495E-4
2,49359E-4
2,46519E-4
2,56512E-4
2,42624E-4
2,55117E-4
2,40284E-4
2,50465E-4
2,59463E-4
2,58585E-4
2,5078E-4
2,52492E-4
1,47246E-4
1,55118E-4
1,4926E-4
1,48387E-4
1,80283E-4
2,52343E-4
1,45737E-4
1,48937E-4
1,76876E-4
2,48468E-4
1,77343E-4
2,27719E-4
1,78795E-4
1,57186E-4
2,49041E-4
1,57221E-4
1,81735E-4
2,43404E-4
2,56069E-4
2,27241E-4
2,52311E-4
2,26561E-4
1,49569E-4
2,32474E-4
1,66121E-4
2,27352E-4
1,45974E-4
1,46294E-4
1,62335E-4
1,79768E-4
2,58789E-4
1,42862E-4
1,60073E-4
1,83471E-4
2,51804E-4
1,81186E-4
2,43771E-4
1,76901E-4
2,54086E-4
1,80234E-4
2,53431E-4
2,44214E-4
1,45311E-4
1,75507E-4
2,48955E-4
2,42775E-4
1,62022E-4
2,48675E-4
2,553E-4
2,26554E-4
1,4235E-4
1,40762E-4
1,62084E-4
1,77981E-4
2,47157E-4
2,46173E-4
1,68813E-4
2,51925E-4
1,47483E-4
1,75141E-4
2,50187E-4
1,78567E-4
2,57576E-4
1,77514E-4
2,48591E-4
0,001657442
2,53361E-4
1,4151E-4
1,63992E-4
2,49469E-4
2,57847E-4
2,28474E-4
1,43003E-4
1,41378E-4
1,67049E-4
1,81723E-4
2,52224E-4
2,46278E-4
1,49451E-4
1,78727E-4
2,22625E-4
2,39138E-4
2,25624E-4
2,33412E-4
2,23079E-4
2,3849E-4
2,22303E-4
2,44226E-4
2,50726E-4
2,52457E-4
1,65688E-4
2,36942E-4
2,57103E-4
1,70081E-4
1,45345E-4
1,41048E-4
1,62211E-4
2,51874E-4
2,61075E-4
2,41736E-4
1,46505E-4
2,27998E-4
1,61599E-4
1,85418E-4
2,48553E-4
2,48923E-4
1,65502E-4
2,45288E-4
2,57934E-4
2,3036E-4
1,66154E-4
1,45493E-4
1,67198E-4
1,4361E-4
1,60435E-4
1,79395E-4
2,49737E-4
1,78505E-4
2,20518E-4
2,50495E-4
2,24032E-4
2,42375E-4
2,19486E-4
2,47527E-4
2,54084E-4
2,4775E-4
1,67812E-4
0,001650722
2,46813E-4
2,42526E-4
2,5558E-4
2,25145E-4
1,4638E-4
1,38057E-4
1,62571E-4
2,36875E-4
2,58802E-4
2,38355E-4
1,46423E-4
1,46178E-4
2,67115E-4
2,26577E-4
1,44064E-4
1,4457E-4
1,67125E-4
2,52411E-4
2,59598E-4
2,26024E-4
1,49671E-4
1,42066E-4
1,62261E-4
2,50285E-4
2,54753E-4
2,29275E-4
1,51014E-4
2,52696E-4
1,67181E-4
1,42246E-4
1,65165E-4
1,92655E-4
2,59929E-4
2,50651E-4
1,51927E-4
1,41877E-4
1,67868E-4
2,69136E-4
2,58873E-4
1,94909E-4
2,54103E-4
2,52077E-4
2,6045E-4
0,001486181
2,83408E-4
2,43141E-4
1,47144E-4
1,44046E-4
2,58807E-4
2,64924E-4
2,65012E-4
2,67676E-4
2,61629E-4
2,61141E-4
2,50104E-4
2,29056E-4
2,56355E-4
2,459E-4
2,5205E-4
1,44039E-4
1,51352E-4
1,42254E-4
2,6448E-4
2,36084E-4
1,50901E-4
1,39506E-4
2,53586E-4
2,2713E-4
1,64375E-4
1,77386E-4
0,001619856
1,44346E-4
1,66411E-4
1,76779E-4
2,31532E-4
2,38663E-4
2,23855E-4
2,29358E-4
2,49304E-4
1,84653E-4
2,5978E-4
2,26464E-4
1,64136E-4
1,40561E-4
1,62574E-4
1,7811E-4
2,53422E-4
1,80222E-4
2,22941E-4
2,36571E-4
2,58404E-4
2,49745E-4
2,58731E-4
2,44927E-4
2,48165E-4
2,48123E-4
2,45277E-4
1,43086E-4
1,67475E-4
2,37752E-4
2,55646E-4
2,26596E-4
1,47213E-4
2,25633E-4
1,46334E-4
1,38348E-4
1,69019E-4
1,76506E-4
2,45731E-4
2,50207E-4
2,57356E-4
2,27805E-4
1,62035E-4
1,38598E-4
2,49424E-4
2,304E-4
2,62623E-4
2,32535E-4
1,4497E-4
1,40698E-4
1,66343E-4
1,76394E-4
2,4571E-4
2,46619E-4
2,57021E-4
2,32048E-4
1,45599E-4
1,36582E-4
1,61405E-4
2,44421E-4
2,55658E-4
2,25224E-4
1,53354E-4
2,39268E-4
1,45849E-4
1,45878E-4
1,6379E-4
1,78558E-4
2,57644E-4
2,63491E-4
2,57517E-4
2,36697E-4
1,57117E-4
1,80316E-4
2,33926E-4
2,41294E-4
2,27695E-4
2,34446E-4
2,23812E-4
2,44583E-4
2,48893E-4
2,42985E-4
2,58737E-4
2,29038E-4
1,49518E-4
2,28051E-4
1,63647E-4
2,46533E-4
2,57276E-4
2,25046E-4
1,46218E-4
2,28884E-4
1,51154E-4
1,39809E-4
1,66809E-4
1,43046E-4
1,62615E-4
2,42858E-4
2,52889E-4
2,27016E-4
1,47003E-4
1,42939E-4
1,64029E-4
2,4368E-4
2,53557E-4
2,26864E-4
1,5534E-4
1,4325E-4
1,66197E-4
2,44245E-4
2,55666E-4
2,24949E-4
1,65562E-4
2,29119E-4
1,46956E-4
0,001362193
1,6541E-4
1,74812E-4
2,22075E-4
2,31814E-4
2,49209E-4
1,76549E-4
2,44983E-4
2,42818E-4
0,001564228
1,41997E-4
1,64938E-4
1,79024E-4
1,63585E-4
1,77523E-4
2,25821E-4
1,78488E-4
1,54756E-4
2,478E-4
1,54448E-4
2,44443E-4
1,51528E-4
2,46308E-4
1,52989E-4
2,47742E-4
1,49569E-4
2,30369E-4
2,20013E-4
2,46958E-4
2,47397E-4
2,45236E-4
2,49878E-4
1,4122E-4
2,68135E-4
2,39036E-4
1,49984E-4
1,40316E-4
1,62932E-4
1,7616E-4
2,44962E-4
2,52056E-4
2,5618E-4
2,27861E-4
1,48215E-4
2,25467E-4
1,60814E-4
1,40006E-4
1,62359E-4
2,4573E-4
2,62613E-4
2,49134E-4
2,47748E-4
2,54713E-4
0,001569214
1,51345E-4
1,53319E-4
1,42632E-4
2,4898E-4
2,24729E-4
1,52219E-4
1,3716E-4
1,62958E-4
2,46369E-4
1,62243E-4
1,79861E-4
2,23174E-4
2,41949E-4
2,34656E-4
2,40272E-4
2,27467E-4
2,70638E-4
2,25475E-4
2,56978E-4
2,36494E-4
2,38913E-4
2,48387E-4
2,40079E-4
2,59912E-4
2,34626E-4
2,27008E-4
2,46583E-4
2,53388E-4
2,4925E-4
2,56848E-4
2,23383E-4
2,50922E-4
2,31736E-4
1,47181E-4
1,43733E-4
1,52897E-4
2,58207E-4
2,54478E-4
1,77098E-4
2,25675E-4
2,36757E-4
2,25674E-4
2,37746E-4
2,24564E-4
2,34248E-4
2,31953E-4
2,45039E-4
2,48866E-4
2,45112E-4
2,48584E-4
2,4807E-4
2,56178E-4
2,28196E-4
1,65003E-4
2,24664E-4
2,4758E-4
2,42591E-4
1,50881E-4
1,41991E-4
1,676E-4
1,7896E-4
2,55516E-4
2,33485E-4
2,48272E-4
2,24796E-4
1,45414E-4
1,4142E-4
1,61958E-4
1,77467E-4
2,21259E-4
2,43209E-4
2,24225E-4
2,41557E-4
2,21085E-4
2,34535E-4
2,2016E-4
2,51157E-4
2,52709E-4
2,50053E-4
2,55133E-4
2,26907E-4
1,54316E-4
1,40513E-4
1,63422E-4
1,77153E-4
2,48211E-4
1,74722E-4
2,20623E-4
2,38169E-4
2,23093E-4
2,53676E-4
2,32969E-4
2,32704E-4
2,18751E-4
2,44567E-4
2,2259E-4
1,81306E-4
1,52381E-4
2,48991E-4
1,53117E-4
2,45601E-4
1,5011E-4
2,34061E-4
1,5772E-4
2,4832E-4
2,32708E-4
0,001464851
1,51697E-4
2,32015E-4
2,19038E-4
2,35842E-4
2,48548E-4
1,79793E-4
2,50786E-4
2,45402E-4
2,53952E-4
1,41486E-4
1,6103E-4
1,82667E-4
2,20535E-4
2,37335E-4
2,20785E-4
2,45954E-4
2,53315E-4
1,4236E-4
2,30309E-4
1,40958E-4
1,59814E-4
2,44435E-4
2,49827E-4
2,22966E-4
1,60069E-4
1,42361E-4
1,65794E-4
1,80737E-4
2,43349E-4
2,40333E-4
2,44318E-4
1,77621E-4
2,50836E-4
2,56797E-4
2,52445E-4
2,26301E-4
2,47878E-4
2,44731E-4
2,48381E-4
2,56222E-4
2,50735E-4
2,44828E-4
2,5389E-4
2,50559E-4
2,57564E-4
2,44713E-4
2,4833E-4
2,57701E-4
2,5319E-4
2,44382E-4
2,51969E-4
2,49099E-4
2,51009E-4
2,48413E-4
2,61302E-4
2,4024E-4
2,46593E-4
2,42624E-4
2,48336E-4
2,68989E-4
2,4719E-4
2,4388E-4
2,5335E-4
1,40576E-4
1,61169E-4
2,24688E-4
1,44844E-4
1,41386E-4
2,56646E-4
2,22913E-4
1,49481E-4
1,39708E-4
1,44809E-4
1,40653E-4
1,62304E-4
2,49638E-4
2,55191E-4
2,29204E-4
1,48833E-4
2,28261E-4
1,51455E-4
1,41216E-4
1,64753E-4
1,79086E-4
2,23039E-4
2,34481E-4
2,5217E-4
1,39876E-4
1,64945E-4
1,7688E-4
2,60347E-4
1,78657E-4
2,1979E-4
1,77781E-4
1,51812E-4
2,44715E-4
1,50419E-4
2,4761E-4
1,55642E-4
2,45556E-4
1,58362E-4
1,75477E-4
1,60136E-4
2,45841E-4
1,55704E-4
2,46553E-4
1,50414E-4
2,46347E-4
1,60238E-4
2,51641E-4
1,55305E-4
2,49243E-4
2,18136E-4
2,49556E-4
2,20844E-4
2,36863E-4
2,2489E-4
2,37888E-4
2,21408E-4
2,43338E-4
2,50048E-4
1,81961E-4
2,23016E-4
2,35564E-4
2,64968E-4
1,79087E-4
2,31109E-4
2,36333E-4
2,21325E-4
1,78495E-4
1,57178E-4
2,47076E-4
1,58362E-4
2,51151E-4
1,56846E-4
2,49406E-4
1,55431E-4
2,54938E-4
1,60419E-4
2,46858E-4
1,62555E-4
0,001443991
2,19867E-4
2,53804E-4
2,35458E-4
1,82076E-4
1,67507E-4
2,45233E-4
1,56187E-4
2,68193E-4
2,24819E-4
2,38277E-4
2,34526E-4
2,44564E-4
2,3098E-4
2,38269E-4
2,23072E-4
1,77984E-4
1,5086E-4
2,53098E-4
1,53448E-4
2,5305E-4
1,55988E-4
2,49052E-4
1,50883E-4
2,50493E-4
1,5889E-4
2,51671E-4
1,60493E-4
2,54456E-4
1,56841E-4
2,4814E-4
1,57859E-4
2,50541E-4
1,54291E-4
2,30975E-4
1,54832E-4
2,50658E-4
1,51517E-4
2,35784E-4
2,23993E-4
2,35588E-4
2,2025E-4
2,43362E-4
2,50379E-4
1,80715E-4
2,50515E-4
2,49593E-4
2,54893E-4
2,23036E-4
1,67713E-4
1,42635E-4
1,6399E-4
1,84014E-4
0,001564069
2,51042E-4
2,56686E-4
2,26773E-4
1,47328E-4
1,41165E-4
2,57549E-4
2,25187E-4
1,45356E-4
1,42865E-4
1,65393E-4
2,28362E-4
1,6186E-4
1,84826E-4
2,35124E-4
2,33716E-4
2,25229E-4
2,37003E-4
0,001538168
2,33031E-4
2,44541E-4
2,42832E-4
2,53618E-4
2,23601E-4
1,47732E-4
1,56181E-4
1,64787E-4
1,83276E-4
2,21688E-4
2,32951E-4
2,61614E-4
2,41215E-4
2,6164E-4
2,42898E-4
1,44044E-4
1,39526E-4
1,65019E-4
2,43479E-4
2,55326E-4
2,23947E-4
1,48987E-4
1,41206E-4
1,6558E-4
1,35564E-4
1,78785E-4
1,81626E-4
2,45888E-4
2,51638E-4
2,53999E-4
2,26455E-4
1,47665E-4
1,39882E-4
1,66147E-4
1,79776E-4
2,47382E-4
2,41912E-4
1,63506E-4
2,49283E-4
2,49719E-4
1,40141E-4
2,54178E-4
2,29994E-4
1,46836E-4
2,25521E-4
1,43417E-4
1,66104E-4
1,43231E-4
1,81545E-4
2,48152E-4
1,77969E-4
2,58759E-4
2,21552E-4
1,65544E-4
1,8189E-4
1,63706E-4
2,46757E-4
2,63108E-4
2,30961E-4
1,49164E-4
1,39297E-4
1,68575E-4
2,45024E-4
2,61427E-4
2,27303E-4
2,59453E-4
2,26863E-4
1,46886E-4
1,41097E-4
1,65716E-4
1,4528E-4
2,65963E-4
2,2954E-4
1,61368E-4
1,42277E-4
1,65116E-4
1,83535E-4
2,58473E-4
1,78297E-4
2,565E-4
1,87462E-4
2,49489E-4
1,80217E-4
2,21456E-4
2,34949E-4
2,22264E-4
2,32053E-4
2,2104E-4
2,45263E-4
2,52029E-4
1,79752E-4
2,43279E-4
2,40223E-4
2,59513E-4
2,27324E-4
1,63388E-4
1,45746E-4
1,66244E-4
2,53237E-4
1,49271E-4
2,36396E-4
2,60553E-4
2,30754E-4
1,70101E-4
1,43369E-4
0,001684305
2,26309E-4
1,48564E-4
1,42699E-4
2,52454E-4
2,23891E-4
1,4406E-4
1,53984E-4
1,55814E-4
2,34531E-4
2,53767E-4
2,23499E-4
1,68767E-4
1,63252E-4
1,79066E-4
2,48627E-4
2,56378E-4
1,42887E-4
1,70347E-4
1,43006E-4
1,66991E-4
1,84725E-4
2,60764E-4
1,79156E-4
2,54543E-4
1,84176E-4
1,61066E-4
0,001372689
2,25773E-4
2,41089E-4
2,49229E-4
2,39725E-4
2,6819E-4
1,80889E-4
2,61587E-4
2,3524E-4
2,58148E-4
2,29045E-4
1,45136E-4
1,43711E-4
1,63582E-4
2,48396E-4
2,4904E-4
1,40426E-4
1,65168E-4
1,78977E-4
2,56923E-4
1,81026E-4
2,24396E-4
2,36693E-4
2,22051E-4
2,40745E-4
2,54255E-4
1,768E-4
2,49247E-4
1,41143E-4
1,65695E-4
1,81258E-4
2,50719E-4
1,82191E-4
2,52366E-4
1,49251E-4
1,68939E-4
1,78002E-4
2,57652E-4
2,22161E-4
1,43411E-4
1,40334E-4
1,60677E-4
1,79567E-4
2,53604E-4
1,45213E-4
1,60155E-4
1,76764E-4
2,4545E-4
1,76666E-4
2,24039E-4
2,36183E-4
2,55991E-4
2,32525E-4
2,18289E-4
2,32644E-4
2,19625E-4
2,34413E-4
2,18951E-4
2,33966E-4
2,23474E-4
2,38023E-4
2,38968E-4
0,001356015
2,47816E-4
2,42733E-4
2,44291E-4
2,4493E-4
2,48241E-4
1,82152E-4
2,48815E-4
1,75017E-4
2,3997E-4
2,48933E-4
2,18615E-4
2,33948E-4
2,25673E-4
2,49988E-4
2,56447E-4
1,83924E-4
1,64561E-4
2,50289E-4
2,4907E-4
2,39587E-4
2,49959E-4
1,43456E-4
1,6324E-4
2,4969E-4
2,54388E-4
1,42719E-4
1,64165E-4
2,5299E-4
2,45999E-4
1,8088E-4
2,50644E-4
1,78861E-4
2,43835E-4
1,76106E-4
2,17923E-4
2,32913E-4
2,13751E-4
2,35534E-4
2,19621E-4
1,78815E-4
1,54316E-4
2,47416E-4
1,53471E-4
2,31432E-4
1,55112E-4
2,48988E-4
1,52518E-4
2,45738E-4
1,51656E-4
2,47485E-4
1,51845E-4
2,48201E-4
1,51413E-4
2,56116E-4
1,55932E-4
2,36006E-4
1,54094E-4
2,32188E-4
1,58094E-4
2,36025E-4
1,54802E-4
2,53786E-4
1,53211E-4
2,47372E-4
1,57379E-4
2,35866E-4
2,2667E-4
2,50459E-4
1,7459E-4
2,4979E-4
2,55792E-4
2,28269E-4
1,49933E-4
1,40209E-4
1,63021E-4
1,83916E-4
2,49644E-4
2,37599E-4
2,55385E-4
2,28823E-4
1,48654E-4
1,578E-4
1,64704E-4
2,4589E-4
2,65615E-4
2,25267E-4
1,43636E-4
1,57284E-4
1,82322E-4
1,84558E-4
2,59316E-4
1,78827E-4
2,51339E-4
2,43833E-4
2,53627E-4
2,27078E-4
1,53693E-4
1,54359E-4
1,61787E-4
1,78032E-4
1,50709E-4
2,36328E-4
2,20288E-4
2,43848E-4
2,21543E-4
2,30013E-4
2,55554E-4
2,32753E-4
2,50517E-4
1,77281E-4
2,49288E-4
2,63482E-4
1,70721E-4
2,57057E-4
1,52735E-4
2,50537E-4
1,652E-4
2,36757E-4
1,62598E-4
2,38814E-4
2,54876E-4
1,37982E-4
1,68123E-4
1,82487E-4
2,46875E-4
1,78718E-4
2,47496E-4
2,46845E-4
1,48933E-4
2,49797E-4
2,54763E-4
1,38413E-4
2,54763E-4
1,4083E-4
1,67815E-4
1,79957E-4
1,44769E-4
2,53632E-4
2,55024E-4
2,44829E-4
2,48861E-4
2,2745E-4
1,48596E-4
1,39883E-4
1,72258E-4
1,78063E-4
2,56013E-4
1,35799E-4
1,68697E-4
1,78816E-4
2,30472E-4
1,76007E-4
1,60347E-4
2,47375E-4
1,54292E-4
2,45351E-4
2,1764E-4
2,50187E-4
1,52198E-4
2,44317E-4
1,5532E-4
2,50534E-4
1,64739E-4
2,51234E-4
2,27897E-4
2,53884E-4
2,22178E-4
2,39305E-4
2,571E-4
1,42615E-4
1,65171E-4
2,478E-4
2,57292E-4
2,29012E-4
1,47324E-4
1,39704E-4
1,46959E-4
2,43689E-4
1,65874E-4
2,47479E-4
2,64817E-4
2,24144E-4
1,4654E-4
1,40051E-4
2,56787E-4
1,41391E-4
1,63749E-4
2,44412E-4
2,55999E-4
2,24154E-4
1,46982E-4
1,39665E-4
2,6906E-4
2,32918E-4
1,65758E-4
2,28591E-4
1,49664E-4
1,37991E-4
1,67971E-4
2,38266E-4
2,55725E-4
2,26789E-4
1,45988E-4
1,38314E-4
1,67496E-4
1,47004E-4
1,49569E-4
1,40599E-4
1,75768E-4
1,84439E-4
1,66768E-4
1,77708E-4
2,23462E-4
2,37449E-4
1,45024E-4
2,44128E-4
1,6632E-4
2,4644E-4
1,45956E-4
2,46693E-4
2,52968E-4
1,41149E-4
1,48499E-4
1,8041E-4
2,53325E-4
1,44213E-4
2,67901E-4
1,42744E-4
1,65023E-4
2,48791E-4
1,6428E-4
1,77636E-4
2,24458E-4
1,81553E-4
1,56388E-4
2,55176E-4
1,54328E-4
2,48496E-4
1,53805E-4
2,51267E-4
1,54126E-4
2,44974E-4
1,59781E-4
2,4576E-4
1,54817E-4
2,48055E-4
1,6171E-4
2,32783E-4
1,51416E-4
2,45269E-4
1,54905E-4
2,52225E-4
1,56294E-4
2,50495E-4
1,54616E-4
2,47421E-4
1,56715E-4
2,45023E-4
1,55949E-4
2,32616E-4
1,52569E-4
2,45884E-4
1,53596E-4
2,5006E-4
1,56446E-4
0,001659343
1,54314E-4
2,4118E-4
1,53544E-4
2,43104E-4
1,5695E-4
2,55879E-4
1,55243E-4
2,48825E-4
1,55555E-4
2,46646E-4
1,54215E-4
2,47795E-4
1,51082E-4
2,47772E-4
1,54808E-4
2,4858E-4
1,49502E-4
2,45813E-4
1,51854E-4
2,74774E-4
1,50671E-4
2,42099E-4
1,51535E-4
2,48128E-4
1,57643E-4
2,45759E-4
1,56157E-4
2,3209E-4
1,54799E-4
2,45853E-4
1,53086E-4
2,38E-4
1,54467E-4
2,52171E-4
1,55627E-4
2,49494E-4
1,53048E-4
2,45419E-4
1,51325E-4
2,2867E-4
1,52152E-4
2,48974E-4
1,55464E-4
2,48127E-4
1,51942E-4
1,78558E-4
1,51468E-4
2,45309E-4
1,55761E-4
2,47981E-4
1,51875E-4
2,42481E-4
1,57443E-4
2,35252E-4
2,31991E-4
2,49061E-4
2,32877E-4
2,34826E-4
2,52095E-4
1,79343E-4
2,52428E-4
0,001537625
2,58952E-4
2,2548E-4
1,46378E-4
2,26976E-4
1,4971E-4
1,38963E-4
1,63834E-4
2,48662E-4
2,58211E-4
2,2779E-4
1,63683E-4
2,23129E-4
1,51232E-4
2,34245E-4
2,56621E-4
1,54302E-4
1,68206E-4
2,5232E-4
2,50444E-4
1,85736E-4
2,57283E-4
1,82157E-4
2,24268E-4
2,32157E-4
2,49192E-4
2,53867E-4
2,55844E-4
1,76378E-4
2,63526E-4
1,5416E-4
1,63392E-4
2,69228E-4
2,54914E-4
1,76655E-4
2,24481E-4
2,38689E-4
1,66605E-4
1,8375E-4
2,2827E-4
2,39235E-4
2,47262E-4
1,42319E-4
1,65415E-4
1,40534E-4
2,52479E-4
1,41995E-4
1,45662E-4
2,31324E-4
2,46768E-4
2,39932E-4
2,60576E-4
2,57111E-4
1,65794E-4
1,43827E-4
2,46067E-4
2,28129E-4
1,61979E-4
1,79415E-4
2,55167E-4
2,42935E-4
2,5965E-4
2,32559E-4
1,44187E-4
1,42919E-4
1,46762E-4
2,42793E-4
2,54983E-4
2,28582E-4
2,51945E-4
2,21654E-4
1,69756E-4
2,38482E-4
1,5175E-4
1,38799E-4
1,62375E-4
2,48458E-4
2,65823E-4
2,21363E-4
1,50601E-4
1,38551E-4
1,63256E-4
2,35455E-4
2,59252E-4
2,21473E-4
1,44494E-4
1,36617E-4
1,44742E-4
1,8278E-4
2,47375E-4
2,56185E-4
1,64126E-4
2,60839E-4
1,45551E-4
2,51338E-4
2,56967E-4
2,52449E-4
2,55466E-4
2,43291E-4
1,47382E-4
1,80391E-4
2,57215E-4
1,80637E-4
2,56963E-4
2,50553E-4
2,5073E-4
1,41074E-4
1,47446E-4
2,47174E-4
2,47503E-4
2,28805E-4
1,45953E-4
1,35087E-4
1,62279E-4
2,4138E-4
2,45895E-4
2,47226E-4
2,60373E-4
2,26503E-4
2,5349E-4
2,30144E-4
1,47033E-4
1,37275E-4
2,53933E-4
2,25547E-4
1,46412E-4
1,40516E-4
1,66084E-4
2,43885E-4
2,53201E-4
2,25721E-4
1,65955E-4
1,38696E-4
1,63239E-4
1,40539E-4
1,68262E-4
2,44428E-4
2,57386E-4
2,22863E-4
2,4852E-4
2,25648E-4
1,46575E-4
1,40001E-4
1,4655E-4
2,45104E-4
2,64319E-4
1,4228E-4
1,46897E-4
2,41999E-4
1,63826E-4
2,45692E-4
2,59316E-4
2,25897E-4
1,69995E-4
2,27667E-4
2,5768E-4
2,30776E-4
1,51502E-4
1,43977E-4
1,63343E-4
2,4641E-4
1,69062E-4
2,46917E-4
2,44158E-4
2,46885E-4
1,6274E-4
2,3352E-4
2,49701E-4
1,81646E-4
2,65492E-4
1,79069E-4
2,47574E-4
2,46589E-4
2,54178E-4
2,27279E-4
2,56057E-4
2,24066E-4
0,001584795
2,24992E-4
1,44086E-4
1,43638E-4
2,5495E-4
2,34612E-4
1,4667E-4
1,37427E-4
1,5371E-4
1,39901E-4
1,45762E-4
2,31645E-4
2,47144E-4
1,80305E-4
2,22408E-4
1,74944E-4
1,51375E-4
2,45753E-4
1,56207E-4
2,41583E-4
1,55763E-4
2,51052E-4
1,54666E-4
2,35805E-4
2,52787E-4
2,40491E-4
2,35506E-4
0,001463663
2,2647E-4
2,33128E-4
2,62444E-4
2,5234E-4
1,47634E-4
1,84157E-4
2,55745E-4
1,84317E-4
2,53442E-4
1,8084E-4
2,55309E-4
1,9145E-4
2,51568E-4
1,84108E-4
2,51352E-4
2,24691E-4
1,48765E-4
1,38348E-4
2,53825E-4
2,25638E-4
1,52918E-4
2,48657E-4
2,54E-4
1,84848E-4
1,60378E-4
2,47829E-4
2,59973E-4
1,39064E-4
1,69574E-4
2,50712E-4
1,66491E-4
1,84931E-4
2,2184E-4
2,40355E-4
2,37204E-4
2,34127E-4
2,44411E-4
2,37326E-4
2,20974E-4
1,8333E-4
1,52902E-4
2,5271E-4
1,5734E-4
2,47839E-4
1,67761E-4
2,61646E-4
1,66373E-4
2,45237E-4
1,52948E-4
2,56591E-4
1,60182E-4
2,48688E-4
1,59775E-4
2,49355E-4
1,65551E-4
2,49878E-4
1,61612E-4
2,49269E-4
1,64062E-4
2,49073E-4
1,64326E-4
2,52269E-4
1,65649E-4
2,54011E-4
1,64191E-4
2,50162E-4
1,612E-4
2,49666E-4
1,64628E-4
2,49804E-4
1,61479E-4
2,49628E-4
1,60948E-4
2,42489E-4
1,67737E-4
2,47668E-4
1,62399E-4
2,51059E-4
1,62315E-4
2,5383E-4
1,59515E-4
2,46474E-4
1,52048E-4
2,49082E-4
1,64831E-4
2,50441E-4
1,62141E-4
2,47408E-4
1,60758E-4
2,48796E-4
1,61767E-4
2,45012E-4
1,60961E-4
2,5046E-4
1,65453E-4
2,51636E-4
1,63932E-4
0,00157393
1,63711E-4
2,51124E-4
1,59646E-4
2,45236E-4
1,58331E-4
2,50308E-4
1,59735E-4
2,44789E-4
1,63324E-4
2,471E-4
1,73166E-4
2,4177E-4
1,59588E-4
2,50955E-4
1,61015E-4
2,45075E-4
1,65535E-4
2,47957E-4
1,51166E-4
2,54468E-4
1,61629E-4
2,46605E-4
1,62295E-4
2,43265E-4
1,61393E-4
2,51832E-4
1,61862E-4
2,43512E-4
1,61074E-4
2,46203E-4
1,6134E-4
2,47259E-4
1,59818E-4
2,47452E-4
1,61532E-4
2,45633E-4
1,6138E-4
2,46622E-4
1,65632E-4
2,50139E-4
1,64705E-4
2,47682E-4
1,66372E-4
2,48422E-4
1,62125E-4
2,44564E-4
1,59953E-4
2,4705E-4
1,588E-4
2,43304E-4
1,64107E-4
2,47425E-4
1,6588E-4
2,44597E-4
1,6127E-4
2,44988E-4
1,61537E-4
2,47352E-4
1,61372E-4
2,46197E-4
1,6184E-4
2,44459E-4
1,59033E-4
2,50302E-4
1,73351E-4
2,44259E-4
1,75896E-4
2,47484E-4
1,63228E-4
2,45885E-4
1,54537E-4
2,44253E-4
1,64792E-4
2,431E-4
1,62483E-4
2,46347E-4
1,62788E-4
2,42891E-4
1,61728E-4
2,44667E-4
1,59899E-4
2,43069E-4
1,59995E-4
2,46005E-4
1,59307E-4
2,45552E-4
1,60136E-4
2,47022E-4
1,6438E-4
2,41779E-4
1,52844E-4
2,44671E-4
1,57763E-4
2,36653E-4
1,58495E-4
2,50086E-4
1,88443E-4
2,38074E-4
1,54553E-4
2,49018E-4
1,49565E-4
2,30738E-4
2,34685E-4
2,33637E-4
2,24045E-4
0,00158388
2,18886E-4
2,29369E-4
2,30238E-4
2,45329E-4
2,24131E-4
2,43338E-4
2,50527E-4
2,48029E-4
2,26822E-4
2,34883E-4
2,40361E-4
2,37175E-4
2,37844E-4
1,77017E-4
1,53008E-4
2,47629E-4
1,53681E-4
2,38649E-4
1,5292E-4
2,49125E-4
1,5518E-4
2,47384E-4
1,53744E-4
2,47211E-4
1,51478E-4
2,47493E-4
0,001392485
2,47951E-4
1,54168E-4
2,53355E-4
1,54764E-4
2,53118E-4
1,52196E-4
2,49E-4
1,6166E-4
2,35056E-4
1,55736E-4
2,47666E-4
1,51659E-4
2,52959E-4
1,53171E-4
2,45778E-4
2,53995E-4
2,37449E-4
2,27376E-4
2,33373E-4
2,22468E-4
2,42348E-4
2,19181E-4
2,48091E-4
2,27043E-4
2,413E-4
2,25175E-4
2,53952E-4
2,24016E-4
2,50744E-4
2,25586E-4
2,37378E-4
2,24587E-4
2,46008E-4
2,70313E-4
1,82595E-4
2,63713E-4
1,81092E-4
2,50043E-4
2,49529E-4
1,68453E-4
2,41548E-4
1,47506E-4
1,7669E-4
2,32636E-4
2,34354E-4
2,36186E-4
2,45349E-4
2,4512E-4
2,4974E-4
2,44862E-4
2,52517E-4
2,33455E-4
0,001569098
2,27738E-4
2,46906E-4
2,20767E-4
1,76809E-4
1,5211E-4
2,44321E-4
1,53786E-4
2,3841E-4
2,21957E-4
2,56067E-4
2,35686E-4
1,80144E-4
1,50928E-4
2,6143E-4
1,52779E-4
2,48471E-4
1,53863E-4
2,48748E-4
1,52018E-4
2,30963E-4
2,21954E-4
2,47258E-4
2,38102E-4
2,37214E-4
2,3524E-4
2,35541E-4
2,33449E-4
2,36427E-4
2,51112E-4
1,76648E-4
2,52617E-4
1,82251E-4
2,46404E-4
2,41228E-4
2,50726E-4
2,27909E-4
1,60496E-4
1,53819E-4
1,44885E-4
1,78375E-4
2,55609E-4
1,82525E-4
2,51716E-4
2,54303E-4
2,49262E-4
2,42745E-4
2,59727E-4
2,23671E-4
1,49303E-4
2,27773E-4
1,43214E-4
2,25047E-4
1,68805E-4
1,5597E-4
1,68078E-4
1,3969E-4
1,74543E-4
1,83996E-4
2,56728E-4
1,41887E-4
1,6655E-4
1,42264E-4
1,49901E-4
1,62307E-4
1,69087E-4
2,52821E-4
2,57551E-4
2,25805E-4
1,48355E-4
1,38882E-4
1,68251E-4
1,80394E-4
2,49879E-4
1,7484E-4
2,50737E-4
2,34453E-4
2,4927E-4
2,4738E-4
2,49626E-4
2,26066E-4
1,46676E-4
1,40045E-4
2,57383E-4
2,22874E-4
1,4433E-4
1,38353E-4
1,63157E-4
1,77991E-4
1,67328E-4
2,51068E-4
2,55554E-4
2,21895E-4
1,50586E-4
1,38081E-4
2,61961E-4
2,31199E-4
2,4397E-4
2,30096E-4
1,49789E-4
2,49138E-4
2,50965E-4
2,26398E-4
1,49979E-4
1,39079E-4
2,55249E-4
2,27283E-4
1,47546E-4
1,39931E-4
1,61789E-4
1,78882E-4
2,59599E-4
2,36087E-4
2,61155E-4
2,23483E-4
1,47988E-4
1,36041E-4
1,64646E-4
1,77835E-4
2,46528E-4
2,44874E-4
2,50326E-4
2,21019E-4
1,46496E-4
1,42794E-4
1,50219E-4
1,82163E-4
2,22164E-4
2,33286E-4
2,55548E-4
1,80933E-4
2,52896E-4
2,67826E-4
