0,001389385
0,007589256
9,90149E-4
0,0135966
0,001114981
8,61413E-4
9,58715E-4
0,001092852
0,001724813
0,001708277
0,00140385
8,3961E-4
0,005967257
9,49279E-4
0,003811218
0,001920518
9,95738E-4
9,04424E-4
7,75509E-4
6,98299E-4
6,75257E-4
6,73862E-4
9,39617E-4
6,68234E-4
6,8419E-4
6,22084E-4
6,89356E-4
6,80716E-4
6,50807E-4
6,49858E-4
0,008443271
0,001231582
7,39705E-4
7,74415E-4
7,24258E-4
6,7607E-4
7,99526E-4
6,49419E-4
8,67317E-4
7,30056E-4
6,543E-4
7,50534E-4
6,88236E-4
7,21163E-4
6,36087E-4
6,47756E-4
0,010684125
0,003991013
0,001775047
7,21458E-4
6,02397E-4
6,65773E-4
7,52161E-4
7,08147E-4
7,46603E-4
7,07561E-4
6,04419E-4
6,45226E-4
6,00968E-4
6,32652E-4
6,0563E-4
6,94936E-4
6,60083E-4
5,93568E-4
6,22843E-4
5,66573E-4
6,43718E-4
5,8056E-4
6,54557E-4
6,15201E-4
6,11776E-4
6,18736E-4
7,30296E-4
6,01357E-4
6,50345E-4
7,05703E-4
6,68625E-4
7,21223E-4
7,86506E-4
6,33105E-4
6,66302E-4
6,14454E-4
6,47413E-4
6,15966E-4
5,8126E-4
6,55991E-4
7,01461E-4
6,12296E-4
5,87364E-4
6,41043E-4
6,61144E-4
6,01032E-4
0,00345156
7,68193E-4
6,33989E-4
6,39579E-4
6,19739E-4
5,7814E-4
6,50268E-4
6,03946E-4
0,00141738
8,24867E-4
7,91081E-4
8,40916E-4
8,35412E-4
8,02018E-4
8,06371E-4
8,41068E-4
5,67041E-4
5,76014E-4
6,17416E-4
5,94679E-4
7,82036E-4
6,17985E-4
7,29551E-4
6,97409E-4
6,91323E-4
6,39418E-4
6,6514E-4
6,01414E-4
5,99348E-4
7,42325E-4
6,6091E-4
6,85841E-4
6,27883E-4
6,55221E-4
7,34137E-4
8,29797E-4
6,53396E-4
6,49362E-4
7,60976E-4
6,33221E-4
6,20139E-4
6,56359E-4
6,41126E-4
7,42089E-4
6,58811E-4
6,40541E-4
5,67994E-4
7,93423E-4
7,22802E-4
0,001239616
0,001643085
0,00163011
0,001662502
0,001621173
0,001669711
0,001663007
0,001650458
0,00111177
7,29362E-4
7,21812E-4
6,53426E-4
6,71948E-4
7,06811E-4
6,91343E-4
6,53883E-4
0,002271013
7,21327E-4
6,49137E-4
6,88457E-4
6,6177E-4
6,31884E-4
6,01629E-4
6,22671E-4
6,44937E-4
6,4961E-4
5,95116E-4
8,70365E-4
8,65658E-4
8,50707E-4
8,44717E-4
8,7443E-4
8,56934E-4
8,27074E-4
7,96601E-4
8,16429E-4
8,0509E-4
8,27632E-4
8,19012E-4
8,07979E-4
8,2021E-4
8,17527E-4
8,19669E-4
8,80974E-4
6,53443E-4
7,4383E-4
6,77384E-4
6,03393E-4
6,33528E-4
7,05136E-4
6,08905E-4
6,56545E-4
7,02751E-4
6,78068E-4
7,33875E-4
6,76113E-4
6,88951E-4
6,38173E-4
6,31903E-4
7,47986E-4
7,04834E-4
6,32307E-4
7,19092E-4
6,35224E-4
6,04188E-4
6,84285E-4
6,43569E-4
6,61217E-4
7,33682E-4
6,73176E-4
6,22693E-4
6,63962E-4
6,06015E-4
6,10989E-4
6,37315E-4
6,53058E-4
6,66282E-4
5,5668E-4
6,28977E-4
6,47225E-4
6,75824E-4
6,40817E-4
6,72724E-4
6,06952E-4
7,78619E-4
6,60959E-4
6,14498E-4
6,41037E-4
6,40939E-4
7,10925E-4
6,51996E-4
6,41627E-4
6,74906E-4
5,94567E-4
7,93253E-4
8,26133E-4
6,88712E-4
6,84344E-4
6,24575E-4
6,07185E-4
6,42552E-4
0,001264722
6,45282E-4
7,07952E-4
6,0792E-4
6,51359E-4
7,6803E-4
7,6868E-4
6,19056E-4
6,17867E-4
5,92945E-4
6,19691E-4
6,70548E-4
6,64773E-4
6,63313E-4
6,36514E-4
6,42122E-4
6,49772E-4
0,002425167
6,47022E-4
5,99529E-4
6,0077E-4
5,99811E-4
6,20803E-4
5,50728E-4
8,51785E-4
7,91157E-4
7,18538E-4
7,27272E-4
7,63865E-4
7,58559E-4
6,96939E-4
6,92552E-4
6,81967E-4
6,15758E-4
6,40053E-4
6,62011E-4
5,75272E-4
5,74949E-4
0,001608389
8,19298E-4
7,34105E-4
7,02813E-4
6,21805E-4
6,89896E-4
5,91866E-4
6,11878E-4
6,71845E-4
5,9847E-4
6,23071E-4
5,95441E-4
6,53095E-4
7,05883E-4
5,9916E-4
6,28949E-4
6,5558E-4
6,29982E-4
5,92834E-4
6,01742E-4
5,50871E-4
6,18238E-4
5,80874E-4
6,30516E-4
5,87247E-4
8,48646E-4
0,001081626
8,34197E-4
6,85406E-4
5,99044E-4
6,40878E-4
6,96577E-4
6,12419E-4
6,65834E-4
6,22655E-4
6,95107E-4
6,67397E-4
6,33828E-4
6,82544E-4
7,75051E-4
6,54529E-4
6,38932E-4
6,40248E-4
6,44805E-4
6,86524E-4
6,11405E-4
6,36146E-4
6,5857E-4
6,85137E-4
6,66782E-4
6,97333E-4
6,88031E-4
6,22229E-4
6,1224E-4
6,94125E-4
6,22745E-4
5,97111E-4
5,7963E-4
7,30268E-4
6,02357E-4
5,91161E-4
6,19321E-4
6,33998E-4
5,9496E-4
5,99467E-4
5,90282E-4
6,33945E-4
7,46372E-4
6,11746E-4
6,40351E-4
6,2602E-4
5,97276E-4
6,92744E-4
8,21375E-4
7,40026E-4
7,58366E-4
6,80323E-4
6,60975E-4
6,57168E-4
6,51779E-4
6,46068E-4
6,19051E-4
6,33934E-4
6,12601E-4
6,42697E-4
6,12323E-4
6,31755E-4
6,76313E-4
6,84121E-4
5,83674E-4
6,08411E-4
6,70114E-4
6,08725E-4
7,45189E-4
6,9E-4
5,78639E-4
5,96547E-4
6,16873E-4
6,05565E-4
8,77409E-4
8,20692E-4
9,87186E-4
8,6857E-4
0,001074971
8,42766E-4
8,57316E-4
8,63439E-4
0,002201321
6,49052E-4
6,25307E-4
6,37534E-4
6,70106E-4
7,75765E-4
6,1265E-4
6,07049E-4
6,259E-4
6,58903E-4
6,70587E-4
6,17695E-4
6,87892E-4
6,25278E-4
7,7079E-4
7,84073E-4
6,6678E-4
7,04943E-4
6,02838E-4
6,38411E-4
6,40191E-4
7,21331E-4
6,13233E-4
6,27407E-4
7,69456E-4
6,25977E-4
6,49293E-4
7,23039E-4
7,14198E-4
7,0234E-4
6,23909E-4
6,19727E-4
5,91606E-4
6,29274E-4
6,14249E-4
6,27293E-4
5,82307E-4
5,94153E-4
6,54453E-4
6,25354E-4
6,39064E-4
5,89521E-4
6,03728E-4
6,40564E-4
6,34176E-4
6,49283E-4
5,99516E-4
6,02969E-4
6,57528E-4
6,29846E-4
6,05301E-4
6,98716E-4
6,03447E-4
6,26353E-4
8,08922E-4
7,04103E-4
6,35379E-4
6,29833E-4
6,05477E-4
6,69364E-4
6,87083E-4
7,28145E-4
6,32621E-4
5,98917E-4
6,20543E-4
6,24865E-4
6,11734E-4
6,7467E-4
6,66308E-4
6,35805E-4
6,24963E-4
6,20899E-4
7,13646E-4
6,72106E-4
6,06128E-4
6,98391E-4
6,8325E-4
7,34121E-4
6,38147E-4
6,91225E-4
6,16047E-4
6,51827E-4
7,08815E-4
8,33634E-4
8,61105E-4
8,34629E-4
8,28734E-4
8,23147E-4
8,39485E-4
8,41994E-4
7,76304E-4
7,92913E-4
9,0609E-4
7,56124E-4
8,03938E-4
8,3517E-4
7,85485E-4
7,56854E-4
6,75745E-4
6,26145E-4
6,65535E-4
9,05184E-4
6,6014E-4
6,26489E-4
8,97864E-4
6,36946E-4
6,63116E-4
6,59901E-4
6,15416E-4
5,94228E-4
6,55836E-4
7,61817E-4
7,04837E-4
6,23326E-4
6,26706E-4
6,30314E-4
6,90145E-4
6,67189E-4
7,28964E-4
6,52442E-4
6,05958E-4
6,37994E-4
6,07214E-4
6,19858E-4
7,11604E-4
8,25471E-4
8,87886E-4
8,44481E-4
0,00117003
0,001287611
0,00137869
0,001385878
0,00142599
0,001336679
0,001285134
0,001392924
8,81395E-4
9,84917E-4
0,001123089
0,002835426
6,14073E-4
5,86426E-4
6,75763E-4
6,61634E-4
6,47511E-4
6,39152E-4
5,8739E-4
6,02267E-4
6,99995E-4
7,05597E-4
6,16817E-4
6,03506E-4
6,39941E-4
6,40365E-4
6,11748E-4
6,8171E-4
7,04488E-4
6,8879E-4
6,55626E-4
5,68965E-4
7,04884E-4
6,1087E-4
6,82595E-4
5,75222E-4
6,04356E-4
6,39751E-4
6,49044E-4
6,05881E-4
7,99738E-4
7,76584E-4
6,9966E-4
7,97481E-4
7,07082E-4
7,66872E-4
8,08491E-4
6,69279E-4
7,14452E-4
7,26746E-4
6,6896E-4
7,07252E-4
7,46481E-4
6,41168E-4
6,69298E-4
6,21762E-4
6,67718E-4
6,11238E-4
6,24674E-4
5,76549E-4
6,61407E-4
5,62361E-4
7,00691E-4
6,38583E-4
6,99055E-4
5,97935E-4
6,76451E-4
5,94635E-4
6,34645E-4
7,08587E-4
6,16538E-4
6,64011E-4
6,31332E-4
6,45499E-4
5,54124E-4
5,84934E-4
6,25993E-4
6,09921E-4
6,13411E-4
5,60903E-4
6,11668E-4
6,06623E-4
6,0055E-4
5,83923E-4
6,39553E-4
5,92107E-4
6,48516E-4
6,73765E-4
6,67145E-4
6,65849E-4
6,07442E-4
6,22264E-4
6,06645E-4
6,0995E-4
6,75942E-4
6,27493E-4
6,80393E-4
6,3323E-4
6,10958E-4
6,30456E-4
6,43832E-4
7,31684E-4
6,31226E-4
6,41743E-4
5,88122E-4
5,94E-4
6,11359E-4
7,13308E-4
6,52568E-4
6,25254E-4
7,10854E-4
7,03902E-4
6,49829E-4
6,12989E-4
5,69211E-4
6,19114E-4
5,8337E-4
5,844E-4
0,001215956
0,001942931
0,001921671
0,001904118
0,001976277
0,002035044
8,54572E-4
6,7509E-4
7,25711E-4
7,11652E-4
7,29378E-4
6,71468E-4
6,27288E-4
5,86398E-4
6,08246E-4
6,17631E-4
6,45019E-4
6,04614E-4
6,1391E-4
6,7447E-4
6,33077E-4
7,45944E-4
6,00951E-4
6,27749E-4
7,36869E-4
6,24041E-4
5,96449E-4
0,001220873
5,91337E-4
6,45972E-4
6,54796E-4
7,42291E-4
8,48735E-4
6,58998E-4
7,38157E-4
7,69942E-4
7,41776E-4
8,22891E-4
8,58275E-4
7,46696E-4
7,23047E-4
7,84971E-4
7,6458E-4
7,25464E-4
9,24236E-4
0,001463866
0,001616104
0,00167354
0,001560093
0,002923491
8,24255E-4
6,61705E-4
5,71566E-4
5,8329E-4
5,65639E-4
6,1826E-4
6,42675E-4
6,25681E-4
6,23524E-4
7,12494E-4
5,78114E-4
7,90213E-4
6,90927E-4
6,64283E-4
6,03611E-4
5,82805E-4
6,33021E-4
6,46041E-4
6,49977E-4
6,3681E-4
6,28546E-4
8,63325E-4
8,39596E-4
8,39963E-4
8,59379E-4
8,38205E-4
8,10036E-4
8,23719E-4
8,12838E-4
8,56602E-4
6,00463E-4
6,16043E-4
6,19334E-4
6,54823E-4
5,86263E-4
6,72628E-4
6,40512E-4
6,0847E-4
5,96783E-4
6,17332E-4
6,31202E-4
5,67291E-4
6,57322E-4
6,92442E-4
6,4325E-4
5,94528E-4
6,40403E-4
6,56945E-4
5,90368E-4
5,76518E-4
5,73838E-4
5,73175E-4
6,30421E-4
6,1096E-4
5,81036E-4
5,55752E-4
6,20866E-4
6,63671E-4
7,48767E-4
7,34513E-4
5,99695E-4
6,6385E-4
6,87595E-4
6,45248E-4
6,43282E-4
6,82188E-4
6,98909E-4
5,70977E-4
6,20541E-4
6,76838E-4
5,66675E-4
5,50911E-4
6,35117E-4
7,2859E-4
6,40032E-4
6,35334E-4
6,21221E-4
8,09261E-4
7,96432E-4
8,1496E-4
5,794E-4
6,25486E-4
5,76551E-4
6,43611E-4
6,16895E-4
5,76374E-4
6,97091E-4
6,15869E-4
6,98231E-4
6,5088E-4
8,75994E-4
6,36105E-4
6,7116E-4
6,27847E-4
8,1164E-4
6,58933E-4
5,66405E-4
6,09781E-4
7,05268E-4
6,74889E-4
6,05454E-4
5,33198E-4
6,23285E-4
6,0377E-4
6,04436E-4
6,04435E-4
5,90574E-4
5,59787E-4
7,65326E-4
6,52635E-4
5,88401E-4
5,89039E-4
7,87709E-4
7,01436E-4
6,68515E-4
6,39436E-4
6,99303E-4
6,33151E-4
7,20077E-4
6,61656E-4
5,91389E-4
6,30546E-4
6,09761E-4
5,63141E-4
6,36043E-4
5,95877E-4
5,9409E-4
7,47359E-4
7,26379E-4
8,66271E-4
8,17685E-4
8,23138E-4
8,49681E-4
7,91767E-4
7,93053E-4
8,23601E-4
8,26047E-4
7,69979E-4
8,24439E-4
8,20911E-4
8,49584E-4
7,81276E-4
8,34854E-4
8,0283E-4
6,2709E-4
6,98638E-4
6,97146E-4
5,92517E-4
6,73909E-4
6,57395E-4
8,38607E-4
9,28911E-4
8,65291E-4
8,47518E-4
0,002945748
0,006455181
0,001665443
0,001888821
0,001857771
0,001910257
0,001862695
0,001881993
0,001884209
0,001864635
7,18686E-4
6,52921E-4
7,27456E-4
7,51796E-4
8,70851E-4
9,64229E-4
8,88954E-4
0,001044416
7,75752E-4
8,24903E-4
6,81056E-4
0,004217159
6,42741E-4
7,05168E-4
0,001056785
7,29818E-4
6,30576E-4
7,23316E-4
8,46183E-4
9,03765E-4
9,68212E-4
8,5449E-4
9,84599E-4
7,99754E-4
7,7711E-4
8,86528E-4
9,83495E-4
7,90502E-4
8,07557E-4
8,31473E-4
8,09721E-4
6,53253E-4
5,86559E-4
6,56799E-4
5,87894E-4
6,24976E-4
0,001277498
0,001669064
6,64349E-4
9,86139E-4
0,001035322
7,86879E-4
8,2729E-4
9,8588E-4
7,97593E-4
8,59156E-4
0,001013053
7,93272E-4
0,001027841
8,2239E-4
8,39354E-4
9,67889E-4
8,89534E-4
5,97122E-4
5,77004E-4
7,93076E-4
5,63152E-4
5,74791E-4
5,91342E-4
6,29189E-4
7,17812E-4
6,23951E-4
6,46623E-4
6,06914E-4
6,14652E-4
5,99828E-4
6,26251E-4
7,56962E-4
6,26163E-4
6,26605E-4
6,19843E-4
6,34986E-4
6,10279E-4
6,3495E-4
6,2435E-4
6,18706E-4
5,84407E-4
7,54414E-4
6,22879E-4
6,96657E-4
6,67901E-4
5,95671E-4
6,2363E-4
6,26479E-4
6,50837E-4
6,4248E-4
6,50925E-4
7,03169E-4
6,73577E-4
6,12513E-4
6,2885E-4
5,94388E-4
5,83277E-4
5,99757E-4
7,13563E-4
6,15701E-4
6,30177E-4
5,75127E-4
6,05359E-4
5,85333E-4
6,10716E-4
6,15722E-4
6,41451E-4
7,86631E-4
6,27811E-4
5,66083E-4
7,21646E-4
7,23126E-4
7,17499E-4
7,50475E-4
6,81112E-4
6,56953E-4
6,54958E-4
6,62308E-4
6,81477E-4
6,16097E-4
6,24525E-4
6,02788E-4
6,56669E-4
7,6511E-4
8,52112E-4
8,19554E-4
8,58617E-4
8,91577E-4
8,7395E-4
8,38718E-4
7,99847E-4
8,74293E-4
7,73472E-4
8,51526E-4
8,28182E-4
8,03079E-4
8,21209E-4
8,19904E-4
0,00125795
7,29974E-4
6,46039E-4
6,30957E-4
7,69924E-4
6,49625E-4
7,2379E-4
7,63123E-4
6,1568E-4
8,44755E-4
7,71422E-4
8,32748E-4
0,00274878
0,002737612
0,002792077
0,002710002
0,001176968
9,23967E-4
8,57409E-4
8,68918E-4
7,95189E-4
7,83634E-4
8,05317E-4
8,68697E-4
8,55446E-4
7,67295E-4
7,52229E-4
7,42253E-4
7,44177E-4
8,83363E-4
9,30879E-4
8,4103E-4
8,6424E-4
9,09534E-4
8,05442E-4
8,09399E-4
7,66844E-4
8,04033E-4
7,68576E-4
7,47377E-4
7,94268E-4
0,002516483
6,32374E-4
5,86447E-4
5,91191E-4
6,75052E-4
5,70803E-4
5,7461E-4
6,06964E-4
5,86812E-4
5,75034E-4
6,92202E-4
6,72681E-4
6,09065E-4
5,70542E-4
5,69471E-4
6,15173E-4
5,93053E-4
6,38089E-4
6,25425E-4
6,89214E-4
6,40021E-4
6,25928E-4
5,80089E-4
6,88329E-4
5,94705E-4
6,23234E-4
5,64438E-4
5,79572E-4
7,85891E-4
6,14166E-4
5,77919E-4
5,88819E-4
5,90263E-4
6,23748E-4
6,20268E-4
5,58346E-4
5,86732E-4
6,7319E-4
5,69744E-4
5,75928E-4
5,54437E-4
6,04775E-4
6,37657E-4
6,27216E-4
6,53959E-4
8,5174E-4
8,0632E-4
8,27813E-4
8,73443E-4
8,12599E-4
8,1588E-4
8,28282E-4
8,58024E-4
8,01462E-4
8,47064E-4
8,41084E-4
8,44541E-4
8,13281E-4
5,98517E-4
6,56495E-4
6,42341E-4
5,72834E-4
6,12723E-4
6,00909E-4
6,53034E-4
6,77061E-4
6,44418E-4
6,43691E-4
6,34535E-4
6,33684E-4
6,08465E-4
7,30089E-4
6,61816E-4
6,79401E-4
5,62666E-4
5,92767E-4
6,82426E-4
5,90356E-4
7,13884E-4
7,08761E-4
6,15178E-4
5,79644E-4
6,95391E-4
7,20466E-4
7,34204E-4
5,74064E-4
5,78742E-4
5,9185E-4
6,29031E-4
5,91214E-4
5,87693E-4
5,94133E-4
6,21631E-4
6,53018E-4
8,38908E-4
8,53739E-4
8,68164E-4
7,84733E-4
8,32648E-4
8,09529E-4
8,31503E-4
7,83412E-4
8,09892E-4
8,32056E-4
8,14593E-4
8,09187E-4
7,94985E-4
8,03457E-4
7,87152E-4
6,71746E-4
6,03369E-4
6,44432E-4
7,30562E-4
6,58239E-4
6,15748E-4
6,27472E-4
5,63815E-4
6,01541E-4
5,81863E-4
8,42492E-4
9,09091E-4
8,81382E-4
8,6897E-4
7,79737E-4
9,17394E-4
8,10903E-4
8,66691E-4
8,35691E-4
8,18489E-4
5,83503E-4
6,52591E-4
6,34506E-4
6,51669E-4
6,37462E-4
5,35483E-4
6,20934E-4
6,81053E-4
7,72143E-4
8,0983E-4
8,06716E-4
8,20842E-4
8,23695E-4
8,19326E-4
8,47243E-4
7,80565E-4
8,08945E-4
8,46055E-4
7,98995E-4
8,30384E-4
8,04958E-4
8,42439E-4
6,69097E-4
7,79581E-4
6,29958E-4
6,60394E-4
6,18357E-4
7,30428E-4
6,43482E-4
5,98077E-4
5,84494E-4
5,96254E-4
5,86301E-4
5,66305E-4
5,85785E-4
5,84866E-4
5,9621E-4
5,89416E-4
6,56919E-4
6,29361E-4
6,24957E-4
6,82934E-4
6,43861E-4
7,36635E-4
6,52705E-4
5,55683E-4
5,60775E-4
6,08516E-4
6,03328E-4
5,85353E-4
5,6966E-4
6,31449E-4
6,06077E-4
6,00305E-4
5,78504E-4
6,06575E-4
6,63794E-4
6,61769E-4
7,00375E-4
0,002554904
6,65028E-4
6,03569E-4
5,90284E-4
5,74275E-4
6,07838E-4
5,7193E-4
5,86191E-4
5,69343E-4
6,29476E-4
6,3544E-4
6,05963E-4
5,80564E-4
6,4253E-4
6,13022E-4
6,24605E-4
5,76594E-4
7,17456E-4
6,01624E-4
5,83542E-4
6,24619E-4
6,09548E-4
7,04987E-4
7,00134E-4
6,56799E-4
6,39197E-4
6,14886E-4
5,95598E-4
6,23829E-4
7,20296E-4
6,31002E-4
6,09197E-4
6,4288E-4
6,41777E-4
6,78164E-4
6,23211E-4
6,9133E-4
6,70858E-4
6,82999E-4
7,23926E-4
5,79365E-4
6,03615E-4
5,94148E-4
6,14447E-4
6,3206E-4
8,35935E-4
8,48337E-4
8,50675E-4
7,16507E-4
8,4904E-4
8,39277E-4
7,71228E-4
8,82609E-4
8,59557E-4
7,72607E-4
8,6752E-4
7,9737E-4
8,48322E-4
5,85754E-4
8,59611E-4
7,99071E-4
8,40175E-4
8,29502E-4
6,04567E-4
6,97881E-4
6,52691E-4
6,5464E-4
6,41453E-4
6,00454E-4
8,47619E-4
5,92515E-4
7,08738E-4
6,2291E-4
6,64486E-4
6,16106E-4
6,01922E-4
7,56443E-4
6,76447E-4
7,42878E-4
6,43503E-4
6,5E-4
7,72815E-4
6,84156E-4
7,12723E-4
7,87545E-4
8,21645E-4
6,37704E-4
6,62874E-4
7,45457E-4
6,55305E-4
6,43916E-4
6,06066E-4
6,0196E-4
6,09078E-4
5,66766E-4
6,0024E-4
6,49369E-4
6,05192E-4
5,80725E-4
5,96065E-4
6,03953E-4
6,18976E-4
6,15092E-4
7,17899E-4
6,4372E-4
6,4218E-4
7,10975E-4
6,07899E-4
6,10189E-4
6,60415E-4
7,13657E-4
6,00798E-4
7,37022E-4
6,18121E-4
6,41423E-4
6,52954E-4
5,87948E-4
7,69974E-4
5,99316E-4
6,0592E-4
6,47237E-4
6,00192E-4
6,31054E-4
5,77391E-4
6,94385E-4
6,52856E-4
6,04975E-4
5,8972E-4
5,79383E-4
6,53711E-4
6,71975E-4
5,77968E-4
6,30344E-4
6,52701E-4
6,89902E-4
6,01779E-4
6,66551E-4
6,53441E-4
6,26755E-4
5,67477E-4
7,09047E-4
6,31819E-4
6,41674E-4
5,88473E-4
5,72668E-4
0,001630173
0,001643473
0,001632446
0,00165322
0,001625267
0,001664212
7,16907E-4
8,94946E-4
7,76707E-4
6,24311E-4
7,09785E-4
7,2692E-4
6,17024E-4
6,46947E-4
6,72007E-4
5,85859E-4
5,88002E-4
7,15878E-4
5,63986E-4
6,25155E-4
5,84196E-4
5,54515E-4
6,16981E-4
6,03484E-4
6,85289E-4
5,73316E-4
7,03401E-4
5,53822E-4
6,48742E-4
6,03535E-4
7,1143E-4
6,70217E-4
5,88852E-4
6,28129E-4
0,001152107
6,165E-4
6,97638E-4
6,42946E-4
5,74681E-4
6,16338E-4
5,94172E-4
6,23982E-4
6,44724E-4
7,15981E-4
8,22369E-4
8,90069E-4
7,5805E-4
8,48225E-4
7,86669E-4
7,8885E-4
8,44754E-4
7,91032E-4
8,07334E-4
8,603E-4
7,82706E-4
8,03093E-4
0,001448949
0,00146221
0,001338216
0,001386839
0,00138347
0,001347992
0,001394331
0,001395533
0,001406544
0,00116548
8,89237E-4
8,36337E-4
8,49691E-4
8,24167E-4
7,42614E-4
8,16557E-4
7,36109E-4
7,83017E-4
7,82282E-4
7,74874E-4
8,37634E-4
8,2015E-4
7,28759E-4
7,32849E-4
8,92579E-4
0,002190777
0,002730225
0,002748325
0,003707899
6,62357E-4
6,75365E-4
6,38951E-4
5,75193E-4
5,86225E-4
6,56747E-4
6,27925E-4
6,29329E-4
6,54777E-4
6,73055E-4
6,45901E-4
6,71451E-4
6,64466E-4
5,56381E-4
5,71047E-4
5,71358E-4
5,80803E-4
6,24274E-4
8,07229E-4
6,65832E-4
7,04991E-4
5,73821E-4
6,34801E-4
6,93874E-4
6,02941E-4
6,03925E-4
6,83146E-4
6,55083E-4
5,96502E-4
6,24075E-4
6,25008E-4
5,83179E-4
6,05513E-4
6,39161E-4
5,95796E-4
5,62766E-4
6,80849E-4
6,23289E-4
7,62128E-4
5,72136E-4
6,02348E-4
5,89579E-4
5,61392E-4
6,21073E-4
6,34013E-4
6,75615E-4
5,64393E-4
7,71335E-4
6,28012E-4
7,28415E-4
6,61596E-4
7,56693E-4
7,97312E-4
8,31577E-4
8,42585E-4
8,25405E-4
7,94023E-4
8,32954E-4
7,88034E-4
8,29826E-4
8,14723E-4
7,1827E-4
8,38678E-4
8,15292E-4
7,922E-4
8,20624E-4
8,13337E-4
7,95077E-4
8,47609E-4
7,54676E-4
5,86912E-4
6,3134E-4
6,29809E-4
6,05332E-4
5,88732E-4
5,92627E-4
7,26586E-4
6,07656E-4
6,92172E-4
7,04193E-4
6,30963E-4
6,1186E-4
5,66991E-4
6,13206E-4
5,84518E-4
5,9877E-4
5,64509E-4
5,60447E-4
7,42755E-4
8,32032E-4
7,80017E-4
7,8322E-4
8,08507E-4
8,10272E-4
5,77117E-4
6,09739E-4
5,90263E-4
7,15445E-4
6,53007E-4
5,54696E-4
6,76042E-4
6,72304E-4
5,95162E-4
6,22101E-4
5,67784E-4
7,30135E-4
6,68572E-4
6,19174E-4
5,92684E-4
6,31319E-4
7,26708E-4
6,95465E-4
6,21939E-4
6,43389E-4
6,5083E-4
5,38118E-4
6,23953E-4
5,99977E-4
7,36376E-4
5,79183E-4
5,79932E-4
5,90839E-4
6,0488E-4
5,86772E-4
5,81923E-4
6,30352E-4
6,18875E-4
7,14005E-4
6,02522E-4
5,64557E-4
6,65463E-4
6,03235E-4
6,01695E-4
6,45596E-4
6,3079E-4
6,39311E-4
6,15969E-4
6,63539E-4
5,45496E-4
5,94761E-4
5,92961E-4
5,89401E-4
6,3473E-4
6,27468E-4
6,2113E-4
6,16646E-4
6,10651E-4
5,73826E-4
7,07702E-4
7,05708E-4
6,1202E-4
6,55526E-4
7,43489E-4
7,35994E-4
6,70242E-4
7,34466E-4
8,28848E-4
8,12898E-4
8,14428E-4
8,00785E-4
7,97894E-4
8,36762E-4
8,19712E-4
8,46928E-4
7,89E-4
8,16255E-4
8,90037E-4
8,5175E-4
8,21485E-4
7,82093E-4
5,74365E-4
6,43336E-4
5,98007E-4
6,0128E-4
5,56948E-4
6,13282E-4
6,54682E-4
5,71943E-4
5,76293E-4
5,7291E-4
6,04406E-4
6,60878E-4
5,34686E-4
6,43107E-4
6,62803E-4
6,37963E-4
5,89982E-4
5,77598E-4
5,42089E-4
6,08301E-4
5,62004E-4
5,70999E-4
5,23282E-4
6,02938E-4
6,36883E-4
6,30889E-4
5,78711E-4
5,80305E-4
7,89901E-4
6,07853E-4
5,93592E-4
5,90186E-4
5,9532E-4
5,78435E-4
5,89679E-4
5,83252E-4
6,95181E-4
6,76214E-4
6,74449E-4
6,34157E-4
5,72672E-4
5,96015E-4
5,60709E-4
6,19427E-4
5,74567E-4
6,24645E-4
6,46962E-4
6,87392E-4
6,40719E-4
6,01877E-4
5,99901E-4
6,84129E-4
7,33439E-4
6,66383E-4
6,13719E-4
0,001201512
0,00230577
0,002748555
7,89687E-4
5,86696E-4
7,03931E-4
6,57173E-4
5,70448E-4
6,69408E-4
6,24138E-4
5,87372E-4
6,0357E-4
7,38521E-4
5,47889E-4
5,94822E-4
6,03731E-4
6,6216E-4
5,71185E-4
6,19352E-4
6,18817E-4
7,13732E-4
7,15008E-4
6,04461E-4
6,2919E-4
5,96567E-4
5,75541E-4
8,00408E-4
6,58036E-4
6,42128E-4
6,27608E-4
6,82085E-4
6,53491E-4
6,51075E-4
6,11142E-4
6,10765E-4
6,66239E-4
7,05237E-4
6,0464E-4
7,00927E-4
6,42937E-4
7,82957E-4
6,381E-4
7,40687E-4
7,15389E-4
6,14669E-4
8,39935E-4
8,66967E-4
8,05538E-4
8,80275E-4
8,05849E-4
8,23847E-4
8,35152E-4
7,92375E-4
7,97107E-4
7,79707E-4
7,7173E-4
8,23605E-4
8,04414E-4
8,21535E-4
7,96152E-4
7,67802E-4
7,10321E-4
6,99183E-4
6,39897E-4
6,47016E-4
6,03939E-4
6,10753E-4
7,3884E-4
6,37358E-4
5,85775E-4
5,71469E-4
6,00218E-4
7,06739E-4
7,07643E-4
6,2563E-4
6,84915E-4
5,96219E-4
6,11902E-4
5,92962E-4
6,42664E-4
5,66749E-4
5,81192E-4
6,75932E-4
6,24122E-4
6,09101E-4
6,0045E-4
5,74295E-4
6,35631E-4
6,32125E-4
6,55414E-4
6,17578E-4
5,77418E-4
6,97683E-4
5,95187E-4
5,80745E-4
5,925E-4
7,45345E-4
6,323E-4
7,53265E-4
7,45949E-4
6,63251E-4
6,51499E-4
6,30345E-4
6,86142E-4
5,95185E-4
5,96065E-4
5,85795E-4
5,91489E-4
5,82483E-4
5,7986E-4
5,7159E-4
5,84082E-4
6,03769E-4
6,99663E-4
6,17492E-4
6,89995E-4
6,48831E-4
5,59004E-4
6,46849E-4
7,65023E-4
6,29644E-4
5,6457E-4
6,50956E-4
6,90378E-4
7,08927E-4
7,91311E-4
6,43073E-4
7,00601E-4
5,88029E-4
6,41274E-4
6,0506E-4
6,27333E-4
6,00688E-4
6,09741E-4
5,8683E-4
6,28001E-4
6,99963E-4
6,60107E-4
5,98561E-4
6,77113E-4
6,04646E-4
5,82254E-4
6,29687E-4
6,6992E-4
6,7039E-4
5,57286E-4
0,001186789
0,00166431
0,001668351
0,001646147
0,001636073
0,001647112
0,001644708
0,001643911
0,001565246
7,02678E-4
6,12862E-4
6,16384E-4
5,84783E-4
5,77374E-4
5,99669E-4
6,24533E-4
6,5319E-4
6,0641E-4
6,80932E-4
7,48203E-4
6,32126E-4
6,44633E-4
6,82198E-4
7,09268E-4
0,001912997
0,001934967
0,001897659
0,001395123
6,78064E-4
6,78444E-4
6,74063E-4
6,87825E-4
6,54845E-4
6,40116E-4
6,00977E-4
5,85362E-4
6,30704E-4
7,02945E-4
5,94821E-4
5,82535E-4
6,5279E-4
5,97541E-4
7,27125E-4
7,25743E-4
7,11854E-4
7,93842E-4
8,71845E-4
8,5895E-4
7,92535E-4
8,07946E-4
8,58794E-4
7,94591E-4
8,2374E-4
8,25707E-4
8,48943E-4
8,44506E-4
8,36082E-4
9,80855E-4
6,90873E-4
6,2978E-4
6,83772E-4
7,27794E-4
6,0706E-4
6,45389E-4
7,1842E-4
5,98247E-4
7,57899E-4
7,82588E-4
5,819E-4
6,95091E-4
6,86692E-4
6,03784E-4
5,68229E-4
5,8059E-4
5,53213E-4
6,44195E-4
7,32819E-4
6,04442E-4
6,71708E-4
6,39032E-4
6,53124E-4
5,98102E-4
5,73607E-4
6,10002E-4
6,16304E-4
5,81544E-4
6,32577E-4
7,26672E-4
7,14903E-4
8,80411E-4
0,001038051
0,001002655
8,97293E-4
8,94977E-4
9,10051E-4
8,78899E-4
0,001020903
8,21034E-4
8,09136E-4
8,71675E-4
8,67059E-4
7,71192E-4
7,78547E-4
8,1482E-4
8,87631E-4
9,23139E-4
8,03245E-4
8,86981E-4
8,98103E-4
7,60676E-4
7,69028E-4
7,77457E-4
7,71863E-4
7,88746E-4
8,98044E-4
7,95224E-4
9,54893E-4
9,40998E-4
9,1351E-4
8,19256E-4
9,21429E-4
8,22815E-4
0,00100349
9,90115E-4
8,20225E-4
8,73407E-4
8,0263E-4
7,87398E-4
8,69125E-4
7,52301E-4
0,001099121
8,11987E-4
8,98173E-4
7,85154E-4
0,002714229
6,86384E-4
6,11965E-4
6,57663E-4
6,04792E-4
5,65776E-4
6,73886E-4
6,09831E-4
5,58733E-4
6,60018E-4
6,61295E-4
6,08812E-4
6,37951E-4
9,44223E-4
6,41434E-4
5,59824E-4
6,06921E-4
5,47979E-4
6,02023E-4
7,0808E-4
6,3368E-4
6,81271E-4
6,797E-4
6,78132E-4
6,27237E-4
6,31064E-4
5,88171E-4
6,28685E-4
6,59207E-4
6,30312E-4
6,39326E-4
6,47221E-4
6,14602E-4
6,07539E-4
6,01429E-4
5,68754E-4
6,3152E-4
5,90731E-4
5,7214E-4
6,01422E-4
5,72816E-4
6,13993E-4
6,5353E-4
6,26951E-4
6,13581E-4
6,44965E-4
5,86945E-4
6,3933E-4
6,30671E-4
5,99542E-4
5,82178E-4
5,80889E-4
5,62854E-4
6,6725E-4
6,48073E-4
6,05092E-4
6,1923E-4
6,96492E-4
6,57215E-4
6,62894E-4
6,39821E-4
6,33608E-4
5,86799E-4
6,95542E-4
6,74506E-4
6,98301E-4
6,63065E-4
6,39599E-4
6,79758E-4
5,88858E-4
6,6192E-4
6,57235E-4
5,88923E-4
6,227E-4
6,47091E-4
6,75588E-4
6,97891E-4
7,07131E-4
7,19228E-4
6,79331E-4
6,41252E-4
6,59791E-4
6,64485E-4
6,13561E-4
6,45549E-4
6,53802E-4
6,40126E-4
7,19487E-4
5,85968E-4
6,01464E-4
6,15438E-4
5,96921E-4
6,89089E-4
6,85904E-4
5,9021E-4
5,90706E-4
5,84299E-4
6,09546E-4
6,49219E-4
6,21389E-4
0,00102458
0,001643277
5,97124E-4
6,14672E-4
6,80273E-4
6,43514E-4
6,78385E-4
6,9786E-4
6,67641E-4
6,61074E-4
6,55936E-4
7,86106E-4
7,77607E-4
7,12717E-4
6,77874E-4
6,9946E-4
6,29197E-4
5,8831E-4
6,53073E-4
5,89978E-4
6,087E-4
6,59435E-4
7,09958E-4
0,001058965
8,22236E-4
7,77682E-4
8,64563E-4
0,001003332
8,04553E-4
8,33318E-4
0,001016269
8,23082E-4
0,001017357
8,28655E-4
0,001048745
8,62803E-4
9,42003E-4
9,64317E-4
8,38469E-4
6,10308E-4
5,86663E-4
6,87744E-4
6,51688E-4
5,77661E-4
6,78276E-4
7,10842E-4
5,90142E-4
6,50424E-4
6,33429E-4
6,43007E-4
6,30007E-4
6,41504E-4
7,09743E-4
6,37606E-4
6,21478E-4
6,07721E-4
6,07292E-4
6,2236E-4
6,90408E-4
5,97014E-4
6,69182E-4
6,77273E-4
7,13917E-4
0,001017096
5,91629E-4
5,92136E-4
6,15451E-4
6,12353E-4
6,53341E-4
6,51635E-4
6,46058E-4
6,31465E-4
7,11491E-4
6,71488E-4
6,34851E-4
6,45137E-4
6,71155E-4
6,02814E-4
5,75097E-4
7,11354E-4
6,10332E-4
7,45803E-4
5,89187E-4
6,06345E-4
6,2193E-4
6,62167E-4
5,94526E-4
7,52202E-4
7,2822E-4
7,03283E-4
5,8733E-4
6,32213E-4
6,48145E-4
6,14967E-4
8,03285E-4
6,15788E-4
6,97166E-4
6,65216E-4
7,06013E-4
7,27988E-4
6,96281E-4
7,25886E-4
6,94107E-4
6,61065E-4
6,8727E-4
6,35425E-4
7,03036E-4
6,83588E-4
7,77846E-4
7,36987E-4
6,71335E-4
6,65592E-4
6,77297E-4
6,33357E-4
6,77501E-4
6,07564E-4
6,72987E-4
7,26103E-4
6,15056E-4
6,56713E-4
5,98398E-4
6,47479E-4
6,41543E-4
6,70783E-4
7,20159E-4
6,08092E-4
6,24272E-4
6,4957E-4
5,95193E-4
7,29805E-4
6,01871E-4
5,91734E-4
6,1334E-4
6,75944E-4
5,77958E-4
6,00841E-4
6,32348E-4
6,57563E-4
6,45056E-4
6,35284E-4
6,16364E-4
6,27862E-4
6,04953E-4
5,82404E-4
6,09392E-4
6,04725E-4
6,4139E-4
6,43766E-4
7,35619E-4
5,94115E-4
5,78635E-4
6,49507E-4
6,94998E-4
7,51826E-4
6,19952E-4
6,20142E-4
6,15191E-4
5,93451E-4
7,19791E-4
7,00109E-4
6,45309E-4
6,0968E-4
6,26072E-4
6,06116E-4
6,33655E-4
5,73453E-4
6,93609E-4
6,61823E-4
7,50332E-4
6,52719E-4
6,95174E-4
5,95326E-4
6,13068E-4
6,56087E-4
6,3409E-4
5,83035E-4
6,42485E-4
7,33543E-4
0,002835619
6,87444E-4
6,43964E-4
6,69928E-4
6,14202E-4
6,03185E-4
6,6983E-4
6,57066E-4
6,38549E-4
6,61081E-4
6,00752E-4
6,13923E-4
6,40453E-4
6,39608E-4
6,42609E-4
6,20758E-4
5,77438E-4
7,39244E-4
9,33715E-4
0,00104188
8,0619E-4
0,00104247
8,00686E-4
9,88587E-4
8,87285E-4
9,51996E-4
9,11091E-4
9,10004E-4
8,68268E-4
9,64696E-4
9,18638E-4
9,18173E-4
9,03482E-4
9,36937E-4
6,91323E-4
6,78522E-4
6,05724E-4
6,48742E-4
6,40117E-4
7,01444E-4
6,10599E-4
6,03834E-4
5,64324E-4
6,63696E-4
5,85169E-4
5,82157E-4
6,9158E-4
6,34684E-4
6,64045E-4
6,85336E-4
7,37851E-4
6,50396E-4
5,84602E-4
6,63979E-4
7,02312E-4
6,99041E-4
6,17461E-4
6,56925E-4
6,90452E-4
6,04771E-4
6,91632E-4
6,00961E-4
5,98314E-4
6,00471E-4
6,14726E-4
5,93255E-4
6,02283E-4
6,5999E-4
6,71045E-4
7,12744E-4
6,45927E-4
6,93348E-4
6,54745E-4
5,85667E-4
6,58112E-4
6,34999E-4
6,37421E-4
6,18563E-4
5,69895E-4
6,58122E-4
6,82723E-4
7,30223E-4
8,23761E-4
8,38242E-4
8,70166E-4
7,65554E-4
8,44678E-4
7,77677E-4
8,18402E-4
8,71299E-4
8,71561E-4
8,57248E-4
7,97666E-4
9,13535E-4
8,41273E-4
8,31133E-4
8,45542E-4
0,001066022
6,45767E-4
6,26017E-4
6,86468E-4
7,03825E-4
6,39685E-4
6,83385E-4
6,1072E-4
7,02763E-4
5,79682E-4
6,18941E-4
6,30218E-4
6,69305E-4
6,22606E-4
5,98253E-4
5,6771E-4
6,22161E-4
6,7847E-4
5,82636E-4
5,66425E-4
6,80243E-4
7,79912E-4
6,12771E-4
6,45743E-4
6,74788E-4
6,11339E-4
5,66825E-4
6,26886E-4
6,74085E-4
6,03394E-4
6,16169E-4
6,35165E-4
7,34096E-4
7,43141E-4
8,61661E-4
6,22713E-4
5,78386E-4
7,50505E-4
8,81991E-4
9,8886E-4
8,83476E-4
8,09608E-4
0,001081339
9,42907E-4
8,71113E-4
0,001001628
9,17403E-4
9,35022E-4
8,9654E-4
0,001052112
6,16573E-4
6,01018E-4
5,72064E-4
5,8039E-4
6,21912E-4
6,85563E-4
5,86131E-4
5,43547E-4
6,16687E-4
6,40384E-4
5,69199E-4
6,74425E-4
6,22256E-4
6,07163E-4
6,43176E-4
5,71241E-4
5,63359E-4
6,5924E-4
6,21113E-4
5,89651E-4
5,75293E-4
5,84572E-4
6,57134E-4
7,53961E-4
7,51428E-4
6,72363E-4
6,1797E-4
6,55699E-4
5,6471E-4
5,9708E-4
7,38355E-4
6,52352E-4
7,90273E-4
6,55396E-4
6,83297E-4
7,31124E-4
6,99296E-4
7,9232E-4
6,20119E-4
6,47866E-4
6,19127E-4
5,86097E-4
5,80324E-4
6,24879E-4
5,69031E-4
5,92676E-4
7,08097E-4
5,72999E-4
5,90783E-4
6,01243E-4
5,96812E-4
6,89909E-4
6,09467E-4
5,73041E-4
5,91105E-4
6,23099E-4
6,10651E-4
7,48479E-4
6,30628E-4
5,79322E-4
5,82886E-4
5,62855E-4
6,39141E-4
5,96479E-4
6,64684E-4
5,67398E-4
5,7278E-4
6,2988E-4
6,77781E-4
6,70828E-4
5,73669E-4
5,9859E-4
6,60828E-4
6,61519E-4
5,79854E-4
5,77025E-4
6,53396E-4
6,26401E-4
6,80527E-4
5,94322E-4
5,66256E-4
5,61939E-4
5,97494E-4
5,99491E-4
5,94514E-4
5,88916E-4
5,63146E-4
9,15207E-4
9,26032E-4
8,51112E-4
0,001037289
0,001143793
0,001011198
9,39119E-4
0,001026147
0,001026145
9,30377E-4
0,001009903
8,03862E-4
0,001080696
8,85294E-4
5,7561E-4
6,98649E-4
7,05382E-4
5,95442E-4
6,04879E-4
6,22243E-4
6,54552E-4
6,77267E-4
6,04593E-4
6,58212E-4
5,68148E-4
6,76829E-4
6,38536E-4
6,85622E-4
6,31198E-4
5,66207E-4
5,9872E-4
5,88082E-4
6,40317E-4
8,10938E-4
5,94564E-4
6,92587E-4
7,83775E-4
7,04152E-4
5,96527E-4
6,3938E-4
5,6693E-4
6,64979E-4
7,07825E-4
6,86138E-4
8,94794E-4
8,07278E-4
6,29255E-4
7,25826E-4
8,59883E-4
8,84236E-4
0,001030552
0,001043751
0,001048926
8,76736E-4
8,85464E-4
7,69766E-4
7,66884E-4
7,70784E-4
7,56838E-4
7,74616E-4
7,89147E-4
8,49701E-4
8,02713E-4
9,3593E-4
8,90624E-4
7,62743E-4
8,20978E-4
9,31193E-4
8,87342E-4
0,002148339
0,002977358
0,002954489
0,002941948
8,2671E-4
9,16509E-4
8,84806E-4
9,10257E-4
8,79468E-4
7,67649E-4
8,05334E-4
8,16014E-4
7,50783E-4
7,73243E-4
7,43411E-4
7,85139E-4
8,03657E-4
8,74063E-4
7,98789E-4
7,98694E-4
8,11592E-4
7,98362E-4
8,13398E-4
8,38104E-4
0,001019118
7,7786E-4
9,65989E-4
0,001090268
0,001401661
0,001402138
0,001412802
0,001420678
0,003044697
7,27483E-4
6,04485E-4
5,87472E-4
6,05705E-4
6,19249E-4
5,72998E-4
5,7271E-4
5,95615E-4
6,08074E-4
6,18711E-4
5,75127E-4
5,9887E-4
6,17529E-4
6,12873E-4
5,90179E-4
6,16871E-4
6,54126E-4
5,79414E-4
6,57772E-4
5,80886E-4
5,85788E-4
5,88011E-4
6,0276E-4
6,19481E-4
6,22474E-4
6,62369E-4
5,85552E-4
5,58484E-4
5,75882E-4
5,64429E-4
6,84254E-4
5,9102E-4
6,1223E-4
5,95014E-4
7,44131E-4
5,74102E-4
7,3359E-4
6,41562E-4
6,76865E-4
6,37968E-4
0,001015377
5,84201E-4
6,31468E-4
6,58302E-4
5,6167E-4
6,97091E-4
6,51794E-4
8,36505E-4
6,53553E-4
6,38649E-4
6,5346E-4
6,10414E-4
8,71301E-4
6,20763E-4
6,42338E-4
6,28816E-4
7,60203E-4
6,41055E-4
6,03052E-4
6,4425E-4
6,02741E-4
6,27029E-4
5,98487E-4
6,28595E-4
6,28457E-4
5,87834E-4
6,48407E-4
6,31123E-4
6,00667E-4
6,25357E-4
6,22469E-4
6,90838E-4
6,85194E-4
6,33304E-4
5,90207E-4
6,1524E-4
5,6422E-4
6,25966E-4
7,07898E-4
6,27439E-4
6,85376E-4
6,57033E-4
6,04284E-4
6,36977E-4
6,07176E-4
5,96196E-4
5,68617E-4
5,81567E-4
5,77399E-4
7,25367E-4
6,00354E-4
6,35137E-4
6,8505E-4
6,44113E-4
6,36381E-4
6,80548E-4
6,36556E-4
6,54619E-4
6,01711E-4
5,99773E-4
6,48701E-4
6,59825E-4
6,13533E-4
6,48325E-4
6,1059E-4
6,18283E-4
8,37651E-4
8,11959E-4
8,15413E-4
8,82023E-4
8,07345E-4
7,91987E-4
8,35143E-4
7,28332E-4
6,89204E-4
6,4428E-4
6,56996E-4
6,64121E-4
6,02389E-4
5,90613E-4
5,69421E-4
6,14086E-4
5,96343E-4
6,07551E-4
6,92722E-4
5,94733E-4
5,66438E-4
5,7742E-4
6,16062E-4
6,00089E-4
6,37025E-4
7,59601E-4
6,65407E-4
6,815E-4
6,19023E-4
5,88579E-4
5,95622E-4
5,73142E-4
5,75588E-4
6,19903E-4
6,25423E-4
6,66481E-4
6,04248E-4
5,90174E-4
6,44991E-4
6,01138E-4
6,38453E-4
6,09625E-4
6,72968E-4
5,91139E-4
6,52439E-4
5,9189E-4
5,87858E-4
6,39052E-4
6,16857E-4
6,17433E-4
6,10505E-4
6,48946E-4
6,76465E-4
0,001451745
0,00165537
0,001636149
7,28936E-4
7,04344E-4
6,51588E-4
6,35558E-4
6,23018E-4
7,05505E-4
6,803E-4
5,64683E-4
6,57819E-4
5,96468E-4
6,32128E-4
6,87131E-4
6,7771E-4
5,82537E-4
6,1221E-4
5,89474E-4
5,89999E-4
6,14508E-4
6,21115E-4
5,78686E-4
5,89583E-4
6,90476E-4
7,40315E-4
5,90188E-4
5,97047E-4
6,35536E-4
6,09946E-4
5,91608E-4
6,31681E-4
5,55417E-4
6,11136E-4
6,00364E-4
6,70236E-4
5,73519E-4
7,28017E-4
5,92792E-4
5,59696E-4
5,63266E-4
5,62243E-4
5,6306E-4
6,41714E-4
6,66573E-4
6,24711E-4
8,14854E-4
5,82569E-4
6,0087E-4
5,96293E-4
5,81281E-4
6,1623E-4
7,18078E-4
5,97869E-4
6,22336E-4
8,60165E-4
5,92586E-4
5,81129E-4
5,73161E-4
5,98504E-4
6,24126E-4
6,25775E-4
6,37379E-4
6,85296E-4
5,5066E-4
5,92628E-4
5,96278E-4
5,83924E-4
5,98983E-4
6,45069E-4
5,62697E-4
6,45676E-4
6,39156E-4
5,91651E-4
6,3867E-4
5,72857E-4
5,53095E-4
5,78709E-4
6,42206E-4
5,78343E-4
5,38961E-4
6,06836E-4
5,59224E-4
7,03824E-4
5,97778E-4
6,61302E-4
6,65031E-4
5,73005E-4
5,7746E-4
6,08035E-4
6,15263E-4
5,83905E-4
6,6921E-4
6,54339E-4
5,72716E-4
6,37619E-4
6,48501E-4
6,47846E-4
5,84462E-4
6,01794E-4
8,31098E-4
8,13802E-4
8,33132E-4
8,60268E-4
8,82315E-4
8,3753E-4
8,64366E-4
8,4152E-4
8,43636E-4
8,15355E-4
8,35252E-4
8,0042E-4
8,2926E-4
8,33602E-4
8,25858E-4
8,65474E-4
8,45375E-4
8,00416E-4
6,32517E-4
6,53095E-4
6,28655E-4
6,59495E-4
6,66117E-4
7,78789E-4
6,26868E-4
6,7901E-4
6,08467E-4
6,51535E-4
6,83536E-4
5,84694E-4
6,10375E-4
5,55222E-4
5,70749E-4
5,89723E-4
7,14993E-4
6,35532E-4
6,12768E-4
6,41918E-4
5,80065E-4
5,80433E-4
6,0324E-4
5,47115E-4
5,78952E-4
6,60941E-4
6,44175E-4
6,03683E-4
6,21351E-4
6,59834E-4
5,86062E-4
5,67592E-4
5,81363E-4
6,17527E-4
5,5702E-4
6,18678E-4
5,93223E-4
6,17987E-4
6,33767E-4
6,27148E-4
7,4692E-4
6,94473E-4
6,21857E-4
0,003668157
6,1353E-4
6,13114E-4
5,93821E-4
5,62859E-4
6,2108E-4
6,34916E-4
6,47447E-4
7,15649E-4
5,98609E-4
5,95616E-4
6,17894E-4
5,65376E-4
5,86124E-4
5,88646E-4
5,73073E-4
6,01002E-4
5,65813E-4
5,74351E-4
6,07261E-4
5,62163E-4
5,62181E-4
5,52114E-4
6,59919E-4
5,82212E-4
5,76545E-4
5,77021E-4
6,2437E-4
6,20882E-4
6,72046E-4
5,65355E-4
7,57302E-4
5,83632E-4
6,34107E-4
5,91621E-4
6,11696E-4
6,72233E-4
6,91196E-4
6,01089E-4
5,79917E-4
6,21479E-4
5,98655E-4
5,94472E-4
5,56945E-4
5,49574E-4
5,83462E-4
5,8586E-4
5,69531E-4
5,8932E-4
5,49172E-4
5,88386E-4
5,45421E-4
6,46876E-4
6,56858E-4
6,66724E-4
6,60344E-4
6,23692E-4
6,24758E-4
6,0152E-4
6,06703E-4
5,97447E-4
6,80251E-4
6,47764E-4
7,12299E-4
5,82962E-4
6,63423E-4
6,27183E-4
5,97759E-4
5,78253E-4
5,83752E-4
5,76635E-4
5,68747E-4
5,89571E-4
6,24718E-4
5,71523E-4
6,68157E-4
7,06493E-4
5,94752E-4
6,00326E-4
6,81458E-4
6,21081E-4
6,59252E-4
6,06707E-4
6,05052E-4
5,64645E-4
6,56037E-4
6,09717E-4
6,77798E-4
5,83684E-4
5,73651E-4
5,94542E-4
5,57944E-4
5,63447E-4
5,96152E-4
5,83425E-4
6,28708E-4
5,79671E-4
5,9936E-4
5,60566E-4
6,35375E-4
7,08336E-4
6,03746E-4
6,20271E-4
6,01873E-4
6,406E-4
5,87622E-4
5,82684E-4
5,79668E-4
5,96694E-4
5,96292E-4
5,74183E-4
5,39805E-4
5,84943E-4
5,68795E-4
5,54134E-4
5,8346E-4
5,57221E-4
5,83555E-4
6,02328E-4
5,88496E-4
5,48201E-4
