0,021133761
0,005033888
0,004378402
0,005228545
0,001968596
0,001121594
0,001025375
0,00413367
0,001367123
0,001386432
7,79571E-4
0,009180409
9,79803E-4
0,001335274
0,006036172
0,001255877
9,36253E-4
7,14122E-4
8,08207E-4
0,009506289
0,002902157
0,002619373
6,49571E-4
9,12447E-4
7,287E-4
7,14061E-4
6,2331E-4
7,12816E-4
8,66497E-4
0,009524638
6,66244E-4
6,4495E-4
6,28705E-4
6,60143E-4
5,93212E-4
6,46371E-4
6,20679E-4
6,41486E-4
5,99219E-4
6,12963E-4
6,4632E-4
6,84536E-4
5,92831E-4
6,73997E-4
7,78183E-4
7,41589E-4
7,46813E-4
6,14234E-4
6,47233E-4
7,09392E-4
5,68014E-4
0,003486144
7,65009E-4
6,75767E-4
8,0345E-4
6,54508E-4
6,74308E-4
6,56644E-4
5,95192E-4
7,85314E-4
8,6458E-4
8,01229E-4
8,5043E-4
7,98921E-4
8,51838E-4
8,10535E-4
8,05382E-4
6,09505E-4
6,78684E-4
6,20089E-4
6,09765E-4
6,67578E-4
6,86923E-4
6,3676E-4
7,30925E-4
7,00757E-4
6,24214E-4
7,11032E-4
6,50843E-4
6,41253E-4
5,94855E-4
7,95249E-4
6,12983E-4
6,65709E-4
6,57581E-4
6,20127E-4
6,95647E-4
6,84479E-4
8,15494E-4
6,40886E-4
6,19388E-4
5,77776E-4
6,6876E-4
6,35226E-4
6,30099E-4
6,29115E-4
6,51984E-4
6,04819E-4
6,67989E-4
6,09909E-4
6,10129E-4
0,001648686
0,00164993
0,00162314
0,001643485
0,001678149
0,001664886
0,001650448
0,001636414
7,05146E-4
6,13633E-4
6,60621E-4
7,50351E-4
6,15201E-4
6,65781E-4
6,54176E-4
6,33569E-4
6,34813E-4
0,001998933
5,9983E-4
6,12984E-4
6,21856E-4
6,21451E-4
6,27313E-4
6,18837E-4
6,23583E-4
5,8407E-4
6,47075E-4
5,68062E-4
8,73497E-4
7,82142E-4
8,148E-4
8,48137E-4
8,25306E-4
8,40506E-4
8,36128E-4
8,77514E-4
8,44822E-4
8,33434E-4
8,37236E-4
8,32619E-4
7,96221E-4
8,01523E-4
8,42999E-4
8,02396E-4
7,98288E-4
6,97175E-4
6,63093E-4
6,13495E-4
6,1006E-4
6,16887E-4
6,59929E-4
6,75503E-4
6,53351E-4
6,4013E-4
6,23541E-4
6,48987E-4
6,40517E-4
6,24873E-4
7,52616E-4
5,84719E-4
6,20056E-4
6,38104E-4
8,24555E-4
6,26776E-4
6,37877E-4
5,95733E-4
6,1458E-4
6,35478E-4
6,4387E-4
6,36078E-4
6,68869E-4
6,74607E-4
5,68267E-4
5,8225E-4
6,47365E-4
6,61859E-4
6,67058E-4
6,30595E-4
6,29814E-4
6,3814E-4
5,89119E-4
6,50496E-4
6,26756E-4
6,80299E-4
6,0845E-4
6,95225E-4
6,14625E-4
6,86621E-4
6,17734E-4
6,50525E-4
6,23059E-4
6,33363E-4
6,36343E-4
7,12534E-4
6,7813E-4
6,32138E-4
5,8749E-4
6,09199E-4
6,40137E-4
6,79564E-4
5,87319E-4
6,01639E-4
6,12095E-4
6,24933E-4
5,99668E-4
6,58267E-4
6,10212E-4
6,61273E-4
6,10847E-4
5,92719E-4
6,19142E-4
6,11756E-4
7,02557E-4
6,20953E-4
6,12753E-4
6,02878E-4
7,04086E-4
6,15906E-4
6,06454E-4
6,49277E-4
6,02331E-4
6,1914E-4
6,52995E-4
5,71965E-4
0,002112882
6,32224E-4
5,94247E-4
6,34784E-4
6,52465E-4
6,49481E-4
7,14411E-4
8,87423E-4
7,1495E-4
6,92137E-4
6,18718E-4
6,09781E-4
6,17815E-4
6,63555E-4
6,23144E-4
7,71087E-4
6,40123E-4
6,0512E-4
6,33101E-4
5,88398E-4
6,11297E-4
0,001493923
7,09649E-4
6,6764E-4
6,34904E-4
6,44226E-4
6,32504E-4
6,10081E-4
6,1988E-4
5,83108E-4
6,89357E-4
6,62681E-4
6,60664E-4
6,43981E-4
6,18026E-4
6,57205E-4
6,30395E-4
5,89434E-4
5,91842E-4
5,84818E-4
6,05246E-4
6,66144E-4
6,80169E-4
6,46689E-4
6,80844E-4
5,94062E-4
7,76228E-4
8,50834E-4
6,75293E-4
6,35033E-4
6,33282E-4
6,5548E-4
6,62765E-4
6,02843E-4
6,5667E-4
6,47742E-4
6,41644E-4
6,32653E-4
7,47977E-4
6,71046E-4
6,19019E-4
6,78512E-4
6,04874E-4
6,63909E-4
6,88902E-4
6,85753E-4
6,57151E-4
7,36648E-4
6,79178E-4
6,26264E-4
6,17429E-4
6,56788E-4
6,79643E-4
7,07244E-4
6,18988E-4
5,96454E-4
6,81751E-4
6,24336E-4
6,10499E-4
5,75649E-4
6,67339E-4
7,43816E-4
6,45886E-4
6,03423E-4
6,56423E-4
7,1693E-4
6,43353E-4
6,13145E-4
6,51132E-4
5,92142E-4
6,91745E-4
6,12101E-4
6,14501E-4
6,28224E-4
6,72518E-4
6,43226E-4
7,31294E-4
5,77774E-4
6,32793E-4
6,21781E-4
6,51453E-4
6,16771E-4
6,46304E-4
6,08711E-4
6,20239E-4
6,05029E-4
6,38119E-4
7,61313E-4
6,33829E-4
6,47547E-4
6,35508E-4
6,01096E-4
6,36018E-4
6,56858E-4
6,44621E-4
6,80027E-4
7,641E-4
6,33994E-4
7,05267E-4
6,37315E-4
7,47277E-4
7,38829E-4
7,68466E-4
8,23076E-4
8,68842E-4
8,56764E-4
7,98875E-4
7,66439E-4
8,44189E-4
0,002442632
7,54349E-4
7,55743E-4
6,96198E-4
7,21767E-4
6,42682E-4
6,58826E-4
6,74228E-4
6,16997E-4
6,32939E-4
5,96219E-4
6,81743E-4
6,49998E-4
6,83313E-4
6,20677E-4
8,23975E-4
6,83058E-4
6,9395E-4
6,60721E-4
7,0157E-4
7,16612E-4
6,86903E-4
6,37871E-4
6,82298E-4
6,96448E-4
7,54103E-4
6,95113E-4
6,90388E-4
6,65454E-4
6,81566E-4
6,12865E-4
6,14048E-4
6,51879E-4
5,97663E-4
6,3714E-4
6,07906E-4
5,9497E-4
6,43103E-4
6,44929E-4
6,13708E-4
5,79409E-4
6,28169E-4
6,47396E-4
6,12296E-4
6,61024E-4
6,11562E-4
6,15932E-4
6,15592E-4
6,23209E-4
6,1255E-4
6,80451E-4
6,15568E-4
6,84163E-4
7,21802E-4
6,38863E-4
6,01974E-4
7,12394E-4
6,67905E-4
6,6519E-4
7,00179E-4
7,38059E-4
5,95396E-4
6,44569E-4
6,47911E-4
6,88844E-4
6,44447E-4
6,80608E-4
6,07619E-4
6,38782E-4
6,67447E-4
6,44074E-4
6,83287E-4
6,29593E-4
6,58902E-4
6,31409E-4
6,08288E-4
6,5974E-4
6,36013E-4
6,0237E-4
5,76833E-4
6,56415E-4
6,38486E-4
8,09742E-4
8,76201E-4
8,33737E-4
8,17538E-4
7,91914E-4
8,48395E-4
8,40003E-4
9,20407E-4
7,07616E-4
7,8338E-4
8,42424E-4
8,07836E-4
8,56839E-4
7,58722E-4
8,14535E-4
6,6909E-4
6,12744E-4
6,46115E-4
6,37275E-4
0,00103004
7,95429E-4
6,43649E-4
6,55773E-4
6,90941E-4
6,9093E-4
6,39744E-4
6,03935E-4
6,0451E-4
6,44709E-4
6,61311E-4
6,58581E-4
5,91472E-4
6,34788E-4
6,18027E-4
6,26643E-4
6,002E-4
6,0417E-4
5,87137E-4
6,14782E-4
5,75482E-4
7,27814E-4
6,44368E-4
6,10087E-4
8,08577E-4
8,80644E-4
8,72412E-4
0,001103554
0,00119865
0,001368651
0,001387428
0,001369768
0,001427889
0,001440552
0,001341948
7,95779E-4
6,49678E-4
7,91498E-4
8,20554E-4
0,002826212
6,39814E-4
6,39951E-4
6,21469E-4
6,45545E-4
6,05876E-4
5,91764E-4
5,87772E-4
6,68343E-4
5,8771E-4
6,25563E-4
7,38971E-4
6,07323E-4
6,62264E-4
7,33583E-4
6,45695E-4
6,80359E-4
7,12511E-4
6,83429E-4
6,46374E-4
6,36322E-4
6,01E-4
5,77425E-4
6,56236E-4
6,1362E-4
6,1425E-4
6,192E-4
6,40698E-4
6,80424E-4
6,12125E-4
6,32276E-4
6,22224E-4
5,7128E-4
6,62751E-4
6,7997E-4
7,26843E-4
7,21269E-4
7,0934E-4
7,57801E-4
7,23531E-4
6,7366E-4
6,92573E-4
6,64547E-4
7,27913E-4
6,82708E-4
7,74383E-4
7,43484E-4
6,20016E-4
6,72417E-4
6,06041E-4
6,38701E-4
6,50357E-4
5,85282E-4
6,40402E-4
6,46456E-4
6,62844E-4
7,51085E-4
6,67026E-4
6,37444E-4
5,81821E-4
6,92028E-4
6,05748E-4
6,0304E-4
6,5633E-4
6,42938E-4
5,90604E-4
6,34769E-4
7,0479E-4
7,43055E-4
6,51109E-4
6,58906E-4
7,00932E-4
5,85221E-4
5,87491E-4
6,09997E-4
5,79584E-4
6,16896E-4
6,47904E-4
6,08825E-4
7,46223E-4
6,02153E-4
6,45523E-4
6,17933E-4
5,66586E-4
6,00324E-4
7,84985E-4
6,61993E-4
6,25481E-4
6,24664E-4
6,05844E-4
6,45252E-4
6,21716E-4
6,19052E-4
6,04562E-4
6,01E-4
5,63188E-4
6,60978E-4
8,57287E-4
6,09499E-4
5,71754E-4
6,6241E-4
7,3804E-4
6,27979E-4
6,30401E-4
5,7398E-4
5,99909E-4
5,86235E-4
0,001835202
0,0019376
0,001913101
0,001959112
0,003151433
6,77309E-4
6,92502E-4
6,8485E-4
7,09909E-4
6,50587E-4
6,66529E-4
6,52821E-4
6,27185E-4
5,96612E-4
5,95189E-4
6,50781E-4
6,08043E-4
6,39367E-4
6,19903E-4
7,28046E-4
5,88911E-4
6,33499E-4
6,31239E-4
6,17987E-4
7,27577E-4
6,52986E-4
6,61044E-4
6,65936E-4
6,38474E-4
6,13103E-4
5,98711E-4
6,91656E-4
6,73986E-4
7,55198E-4
7,4553E-4
8,69742E-4
8,52268E-4
7,46673E-4
7,75101E-4
7,33522E-4
7,63153E-4
7,72208E-4
7,60646E-4
8,30546E-4
8,27803E-4
0,001290892
0,001383301
0,001536927
0,001620178
0,001435931
0,002268382
7,28915E-4
6,14185E-4
5,98175E-4
6,00625E-4
7,37579E-4
5,85034E-4
7,17056E-4
6,75071E-4
6,30239E-4
5,94421E-4
5,83881E-4
7,25137E-4
5,87538E-4
7,48326E-4
7,16664E-4
8,05274E-4
6,43652E-4
6,51534E-4
6,91716E-4
5,76108E-4
8,31837E-4
8,23707E-4
7,95776E-4
8,73864E-4
8,24351E-4
7,98177E-4
8,503E-4
8,14203E-4
8,44726E-4
8,49848E-4
6,05446E-4
5,69586E-4
6,08141E-4
5,99603E-4
5,79995E-4
5,81623E-4
6,23907E-4
6,33862E-4
6,90379E-4
6,12363E-4
5,8538E-4
6,06758E-4
7,18561E-4
6,10763E-4
5,80668E-4
5,73356E-4
5,87684E-4
6,00174E-4
6,64129E-4
6,17289E-4
5,8103E-4
6,70242E-4
6,12118E-4
6,24108E-4
5,81599E-4
6,1635E-4
6,38751E-4
7,63155E-4
5,69007E-4
5,75243E-4
5,78882E-4
6,02913E-4
6,23397E-4
6,61014E-4
6,59744E-4
6,15177E-4
6,28032E-4
6,12722E-4
6,08406E-4
6,23768E-4
5,98901E-4
5,86623E-4
6,01078E-4
7,71974E-4
5,93462E-4
6,1786E-4
5,61426E-4
7,52753E-4
7,8347E-4
8,23636E-4
6,28294E-4
6,85678E-4
6,05348E-4
6,6525E-4
6,08132E-4
6,08103E-4
6,8999E-4
6,53276E-4
6,15544E-4
6,55816E-4
6,7964E-4
8,10205E-4
6,09036E-4
7,43571E-4
7,00252E-4
6,26429E-4
6,60825E-4
5,72763E-4
6,39253E-4
6,41068E-4
5,85307E-4
5,75031E-4
5,89577E-4
5,72612E-4
5,76579E-4
5,55243E-4
6,34213E-4
6,3683E-4
8,26561E-4
5,97635E-4
6,22293E-4
6,65183E-4
8,11528E-4
6,4886E-4
6,27084E-4
6,1821E-4
7,57273E-4
6,53392E-4
6,87337E-4
7,24263E-4
6,28847E-4
6,14644E-4
5,94776E-4
6,00349E-4
6,05089E-4
5,87941E-4
6,83807E-4
6,95107E-4
5,88829E-4
8,47518E-4
8,12905E-4
7,99457E-4
8,2296E-4
8,71892E-4
7,70935E-4
7,83417E-4
8,38454E-4
7,80115E-4
8,28903E-4
8,19069E-4
8,15886E-4
8,07821E-4
8,15016E-4
8,1721E-4
6,14228E-4
9,36095E-4
5,87626E-4
6,97948E-4
6,18951E-4
6,82868E-4
6,65413E-4
6,84844E-4
8,12959E-4
9,23592E-4
9,4413E-4
0,008904785
9,55349E-4
0,001863996
0,001926762
0,001890164
0,001871909
0,001872494
0,001918016
0,001865974
0,001217749
6,60974E-4
6,15434E-4
7,84122E-4
6,28211E-4
0,00101506
8,47539E-4
9,31856E-4
9,27346E-4
8,88807E-4
6,53796E-4
6,17237E-4
8,34398E-4
6,23663E-4
5,92759E-4
5,96893E-4
6,68011E-4
6,31148E-4
6,49919E-4
7,0771E-4
6,15935E-4
6,21542E-4
7,90311E-4
5,77293E-4
7,62903E-4
8,35256E-4
9,7865E-4
8,79371E-4
8,93624E-4
9,3757E-4
9,07273E-4
9,0533E-4
9,59942E-4
9,25629E-4
9,73124E-4
0,001011465
6,19189E-4
6,65105E-4
6,43431E-4
9,64861E-4
8,26282E-4
6,43327E-4
0,001641469
0,001067856
6,21515E-4
8,33509E-4
7,79333E-4
8,28932E-4
0,001022224
7,95383E-4
8,29804E-4
0,001016013
8,07552E-4
0,001004632
8,4047E-4
8,22578E-4
9,30584E-4
9,22239E-4
0,001232254
6,18287E-4
6,87214E-4
6,27573E-4
6,08585E-4
5,47928E-4
5,83641E-4
5,4802E-4
5,94008E-4
5,74848E-4
5,76727E-4
5,97759E-4
6,01989E-4
6,40425E-4
5,91041E-4
5,63479E-4
6,26017E-4
6,2391E-4
6,60442E-4
6,35022E-4
6,31218E-4
6,14534E-4
5,50114E-4
6,44457E-4
5,87193E-4
5,89619E-4
5,91429E-4
5,67207E-4
6,68758E-4
6,25139E-4
6,20168E-4
6,26017E-4
6,23658E-4
5,83947E-4
6,24013E-4
6,39919E-4
5,89589E-4
5,6201E-4
6,26498E-4
7,02805E-4
6,11923E-4
5,79098E-4
5,76748E-4
5,57688E-4
7,36631E-4
6,96234E-4
6,57951E-4
5,58102E-4
5,73731E-4
5,69514E-4
5,92655E-4
5,71349E-4
5,8095E-4
6,6741E-4
6,16687E-4
5,94346E-4
6,09027E-4
7,26898E-4
7,15539E-4
6,84023E-4
6,93583E-4
7,07214E-4
6,61848E-4
5,85238E-4
5,98399E-4
5,79507E-4
6,06408E-4
6,04189E-4
6,26502E-4
6,37495E-4
7,74102E-4
8,15672E-4
7,602E-4
8,37926E-4
7,12283E-4
8,3674E-4
8,03813E-4
8,35017E-4
8,10175E-4
7,6884E-4
8,12091E-4
8,44626E-4
8,19785E-4
8,17761E-4
8,17474E-4
8,20259E-4
5,66983E-4
6,11342E-4
6,13194E-4
6,19774E-4
6,24374E-4
6,45987E-4
6,32829E-4
6,18227E-4
6,16885E-4
7,48381E-4
8,58225E-4
7,80044E-4
0,002185594
0,002771546
0,002731563
0,002756775
0,002128425
8,25717E-4
8,7694E-4
8,57251E-4
8,51256E-4
8,33114E-4
9,04118E-4
7,3763E-4
7,77926E-4
7,73645E-4
7,68414E-4
8,30494E-4
8,09513E-4
8,03725E-4
8,53745E-4
8,69637E-4
7,70224E-4
7,40198E-4
7,95009E-4
8,63739E-4
8,35935E-4
7,92736E-4
7,56599E-4
8,04229E-4
7,78106E-4
0,002515575
6,71111E-4
6,24907E-4
5,86798E-4
5,8696E-4
6,43521E-4
5,8994E-4
5,80545E-4
7,13827E-4
5,83841E-4
5,46483E-4
6,29616E-4
6,22433E-4
5,81796E-4
6,69977E-4
6,24702E-4
6,59596E-4
6,38794E-4
6,70788E-4
5,93007E-4
5,99729E-4
5,77926E-4
5,89823E-4
5,90023E-4
5,51848E-4
6,10762E-4
5,69711E-4
6,01034E-4
5,93296E-4
5,85904E-4
6,32182E-4
6,2036E-4
6,02435E-4
5,92555E-4
5,94782E-4
6,22994E-4
5,54737E-4
6,04006E-4
5,86557E-4
5,69485E-4
5,82904E-4
7,04006E-4
5,90225E-4
6,20252E-4
6,46988E-4
8,436E-4
8,23588E-4
8,49834E-4
8,54703E-4
8,3414E-4
8,42113E-4
7,83626E-4
8,86333E-4
7,9324E-4
8,31471E-4
8,46419E-4
8,03137E-4
8,66056E-4
8,37527E-4
7,04701E-4
5,62812E-4
5,98723E-4
6,37353E-4
6,52592E-4
6,41709E-4
5,55315E-4
5,98801E-4
6,19326E-4
5,89434E-4
5,92106E-4
5,92885E-4
5,92096E-4
5,87723E-4
6,32875E-4
7,11591E-4
6,03736E-4
6,13981E-4
6,49319E-4
5,48649E-4
6,81046E-4
6,34511E-4
7,5148E-4
6,11792E-4
5,57879E-4
5,93213E-4
5,42083E-4
6,25315E-4
5,71218E-4
5,68732E-4
6,05183E-4
6,48347E-4
5,89351E-4
5,9111E-4
6,14806E-4
8,30541E-4
8,47253E-4
8,33195E-4
8,16576E-4
8,09822E-4
8,13305E-4
8,27252E-4
8,07434E-4
7,98081E-4
8,13361E-4
8,24907E-4
8,19162E-4
8,12413E-4
7,95646E-4
7,98519E-4
0,001075131
6,27137E-4
5,62394E-4
6,65919E-4
5,67513E-4
5,89564E-4
6,29555E-4
5,61538E-4
6,49277E-4
5,92034E-4
5,86631E-4
6,08759E-4
8,5246E-4
8,34842E-4
8,2321E-4
8,5197E-4
8,61823E-4
8,43445E-4
8,44812E-4
8,40837E-4
8,00875E-4
8,20715E-4
5,68969E-4
5,85346E-4
5,56013E-4
5,93865E-4
5,1644E-4
5,53179E-4
5,41026E-4
5,76658E-4
5,55498E-4
8,19779E-4
8,08431E-4
8,35351E-4
8,16253E-4
8,31011E-4
8,07381E-4
8,19116E-4
8,03288E-4
8,14874E-4
8,32391E-4
8,00449E-4
7,71028E-4
8,08748E-4
7,95377E-4
5,82891E-4
7,01925E-4
5,38461E-4
6,00435E-4
5,96547E-4
6,17981E-4
7,34932E-4
5,8057E-4
5,66016E-4
6,05499E-4
6,23025E-4
5,58498E-4
5,70066E-4
5,45092E-4
5,92698E-4
5,42141E-4
6,14335E-4
6,16073E-4
5,7717E-4
6,03132E-4
5,95485E-4
5,97113E-4
5,77376E-4
5,69358E-4
5,37959E-4
5,65127E-4
6,24906E-4
5,78004E-4
5,7026E-4
5,44589E-4
5,76721E-4
6,49268E-4
6,02907E-4
6,30273E-4
5,88404E-4
6,4516E-4
5,66873E-4
6,04182E-4
5,70363E-4
0,002511494
6,77041E-4
5,75842E-4
5,7598E-4
5,91362E-4
6,48604E-4
6,57051E-4
5,82196E-4
5,71945E-4
5,48292E-4
6,03624E-4
6,11959E-4
6,74224E-4
6,29157E-4
5,78228E-4
5,99854E-4
5,89041E-4
7,22019E-4
7,08026E-4
6,368E-4
5,70146E-4
5,65623E-4
5,93092E-4
5,9991E-4
5,61154E-4
7,07304E-4
6,75915E-4
6,66971E-4
6,77342E-4
5,9675E-4
6,01112E-4
6,00002E-4
6,51847E-4
6,64593E-4
6,71203E-4
5,9442E-4
6,09812E-4
7,59139E-4
6,14265E-4
6,1865E-4
5,88502E-4
6,13907E-4
5,98231E-4
5,62879E-4
5,83091E-4
8,31943E-4
8,258E-4
9,18116E-4
8,12013E-4
8,68612E-4
8,16703E-4
8,27536E-4
8,51058E-4
9,18933E-4
7,5475E-4
8,44414E-4
8,12465E-4
8,7381E-4
7,39011E-4
7,83091E-4
7,92324E-4
8,14277E-4
6,89466E-4
6,25286E-4
6,11611E-4
6,49201E-4
6,15946E-4
6,65742E-4
6,71974E-4
6,75975E-4
7,46405E-4
7,38683E-4
6,2953E-4
5,80394E-4
6,46981E-4
6,03398E-4
7,50751E-4
6,83311E-4
7,15672E-4
6,90488E-4
6,62582E-4
6,71651E-4
5,91221E-4
6,27702E-4
6,47447E-4
6,82612E-4
6,80251E-4
6,43946E-4
7,03009E-4
6,25171E-4
7,25808E-4
6,28824E-4
6,15457E-4
7,27274E-4
5,5483E-4
5,94181E-4
6,731E-4
6,80864E-4
5,55454E-4
5,85155E-4
6,84067E-4
6,1089E-4
6,47827E-4
7,19667E-4
5,55601E-4
5,75988E-4
5,75185E-4
5,67989E-4
6,1315E-4
6,05367E-4
6,52074E-4
6,94534E-4
6,10391E-4
6,14104E-4
5,96682E-4
6,34672E-4
6,43757E-4
7,27028E-4
6,26321E-4
6,18433E-4
6,3006E-4
5,99954E-4
6,17778E-4
5,9847E-4
5,73046E-4
6,09154E-4
5,61851E-4
6,38084E-4
5,88713E-4
5,63616E-4
6,1184E-4
6,50224E-4
6,56066E-4
5,85338E-4
6,6337E-4
6,32925E-4
5,81242E-4
6,24303E-4
6,17835E-4
6,26265E-4
6,23717E-4
5,76025E-4
6,62084E-4
6,00006E-4
6,06594E-4
7,27661E-4
8,18271E-4
0,001432747
0,00166204
0,001624443
0,001655374
0,001620752
0,001682143
6,05541E-4
7,91504E-4
6,29228E-4
6,00475E-4
6,73399E-4
6,7851E-4
6,68001E-4
6,98562E-4
5,92662E-4
6,23247E-4
6,1802E-4
6,27067E-4
6,64087E-4
5,82651E-4
5,82583E-4
5,78021E-4
7,43248E-4
6,14135E-4
6,37553E-4
5,98297E-4
6,17242E-4
6,05986E-4
6,17423E-4
5,79013E-4
5,88202E-4
5,53079E-4
5,64002E-4
6,53648E-4
6,32992E-4
6,36867E-4
6,24079E-4
6,15359E-4
6,41042E-4
5,96655E-4
5,5367E-4
5,89992E-4
5,68584E-4
5,98456E-4
5,74821E-4
6,21194E-4
8,12061E-4
6,99986E-4
7,87062E-4
7,17531E-4
8,42298E-4
7,90267E-4
7,82416E-4
7,42519E-4
7,80799E-4
7,62561E-4
8,15332E-4
7,20252E-4
8,4793E-4
0,001450848
0,00139436
0,00140463
0,001382088
0,001399024
0,001366827
0,001414099
0,001369517
0,001386334
9,13375E-4
9,21438E-4
9,19143E-4
8,20638E-4
8,58028E-4
7,90216E-4
7,87949E-4
8,02867E-4
8,11087E-4
8,02668E-4
7,72818E-4
8,17862E-4
8,56633E-4
8,51103E-4
9,63313E-4
0,00135637
0,002740633
0,002712927
0,004577796
6,51715E-4
7,20691E-4
6,78985E-4
5,75709E-4
5,78909E-4
5,72999E-4
5,96115E-4
6,01031E-4
6,56292E-4
6,01229E-4
5,99459E-4
5,67153E-4
6,19506E-4
5,93827E-4
5,84113E-4
6,33448E-4
6,0675E-4
5,96244E-4
5,71716E-4
6,03925E-4
7,23953E-4
6,10074E-4
5,65556E-4
6,30584E-4
6,06155E-4
5,88828E-4
6,05396E-4
5,92119E-4
6,34088E-4
6,07338E-4
5,91025E-4
5,53862E-4
5,99396E-4
6,40989E-4
5,91274E-4
5,6474E-4
5,85396E-4
5,64586E-4
5,73437E-4
6,0099E-4
6,19377E-4
5,96415E-4
5,59262E-4
5,94635E-4
5,70827E-4
6,24591E-4
6,3831E-4
6,01745E-4
5,7352E-4
5,67323E-4
5,48338E-4
6,23341E-4
6,74103E-4
6,77783E-4
8,65055E-4
8,19829E-4
8,17771E-4
8,19581E-4
8,46357E-4
8,00421E-4
7,91643E-4
8,15123E-4
8,39459E-4
8,49319E-4
7,56957E-4
8,09512E-4
8,88589E-4
7,67535E-4
7,90084E-4
8,15615E-4
7,93228E-4
8,2169E-4
8,4938E-4
5,37462E-4
5,5127E-4
5,64239E-4
5,83609E-4
5,65884E-4
6,34366E-4
5,90249E-4
5,95194E-4
6,6078E-4
5,79702E-4
5,68706E-4
5,89181E-4
6,54681E-4
6,22158E-4
6,35703E-4
5,74124E-4
6,27495E-4
5,91998E-4
8,04239E-4
8,3663E-4
7,96643E-4
8,16234E-4
8,57141E-4
8,32819E-4
6,91888E-4
6,65511E-4
6,34796E-4
6,09232E-4
5,93496E-4
6,09152E-4
6,90885E-4
5,89786E-4
6,02312E-4
6,2771E-4
5,72064E-4
5,68443E-4
6,55559E-4
5,97822E-4
5,49842E-4
6,80775E-4
6,97911E-4
5,97761E-4
6,74801E-4
5,80057E-4
6,1261E-4
5,71646E-4
5,54074E-4
6,05248E-4
6,75294E-4
6,05116E-4
5,65826E-4
6,41619E-4
5,86766E-4
5,90692E-4
5,83186E-4
5,72415E-4
6,61963E-4
6,1114E-4
5,8705E-4
5,64558E-4
6,22664E-4
5,87266E-4
5,75875E-4
5,86512E-4
6,34154E-4
6,7923E-4
5,6688E-4
5,93963E-4
6,64148E-4
6,43996E-4
8,06155E-4
6,72376E-4
6,78965E-4
6,59524E-4
6,15734E-4
6,15087E-4
6,02343E-4
5,62293E-4
6,36506E-4
6,15488E-4
5,64125E-4
5,83356E-4
5,81009E-4
6,31897E-4
6,00214E-4
7,12002E-4
7,19268E-4
8,25589E-4
8,01527E-4
8,16182E-4
8,05934E-4
8,02219E-4
8,43804E-4
8,15243E-4
8,18637E-4
8,03913E-4
8,15175E-4
8,44153E-4
8,68489E-4
7,39605E-4
6,44355E-4
8,23096E-4
7,34844E-4
7,42367E-4
6,08868E-4
5,61554E-4
5,83016E-4
6,21956E-4
6,01109E-4
5,95546E-4
5,90993E-4
5,87053E-4
6,09704E-4
6,62896E-4
7,79997E-4
6,67607E-4
5,84785E-4
5,57858E-4
5,72686E-4
5,93652E-4
5,96939E-4
6,10706E-4
5,85414E-4
6,02314E-4
5,74194E-4
5,76025E-4
5,83615E-4
7,29528E-4
6,28879E-4
6,38022E-4
5,95565E-4
6,10961E-4
6,98989E-4
6,73416E-4
5,58409E-4
6,23327E-4
5,98049E-4
5,93869E-4
5,96165E-4
6,65838E-4
6,05264E-4
5,92782E-4
5,76885E-4
6,81522E-4
5,87656E-4
5,90735E-4
6,35615E-4
5,93212E-4
7,14378E-4
6,55401E-4
6,08721E-4
6,13792E-4
5,97743E-4
6,55321E-4
5,6006E-4
6,23954E-4
0,001653214
0,004319877
7,38754E-4
6,53325E-4
5,95759E-4
6,0892E-4
6,67111E-4
5,86046E-4
6,39261E-4
7,37803E-4
7,52525E-4
5,7731E-4
5,72115E-4
6,29325E-4
5,9383E-4
5,48613E-4
5,52153E-4
6,30696E-4
6,49765E-4
5,75278E-4
6,7878E-4
6,07796E-4
5,81764E-4
6,52769E-4
6,68323E-4
6,27228E-4
5,78641E-4
6,32101E-4
6,28251E-4
6,32028E-4
5,8967E-4
7,29152E-4
5,91378E-4
7,04644E-4
6,2503E-4
6,01706E-4
6,92396E-4
6,66204E-4
6,06568E-4
6,56945E-4
6,17578E-4
5,73724E-4
6,35247E-4
5,87813E-4
5,89334E-4
6,7086E-4
7,88568E-4
8,45586E-4
8,42733E-4
8,47432E-4
7,90409E-4
8,42434E-4
8,33567E-4
7,70962E-4
7,80794E-4
7,82973E-4
8,02292E-4
8,20805E-4
8,25664E-4
8,13048E-4
7,85458E-4
7,48829E-4
6,13717E-4
5,814E-4
6,02729E-4
5,93564E-4
6,86146E-4
6,14967E-4
6,81336E-4
6,14145E-4
6,19972E-4
5,90564E-4
6,00449E-4
7,50412E-4
5,81932E-4
5,62471E-4
5,74082E-4
7,25437E-4
6,06067E-4
5,96478E-4
6,14969E-4
6,34677E-4
6,61896E-4
5,59903E-4
6,05998E-4
7,02625E-4
5,6498E-4
5,81307E-4
5,67074E-4
6,32397E-4
5,92234E-4
5,90718E-4
6,08244E-4
6,01811E-4
6,13134E-4
5,80962E-4
5,85707E-4
5,77168E-4
5,64495E-4
6,83636E-4
6,71328E-4
6,97418E-4
6,30072E-4
5,97992E-4
5,81575E-4
6,22248E-4
5,92911E-4
6,187E-4
5,82661E-4
5,86344E-4
6,25949E-4
6,28622E-4
6,19245E-4
5,87167E-4
6,36097E-4
7,09296E-4
6,40896E-4
6,03385E-4
5,7365E-4
5,70788E-4
5,84993E-4
5,83199E-4
5,64648E-4
5,75365E-4
6,01636E-4
5,89538E-4
6,33848E-4
6,20522E-4
6,26374E-4
5,98814E-4
5,93988E-4
5,77365E-4
5,73341E-4
5,87953E-4
5,6904E-4
7,27231E-4
7,14234E-4
5,86477E-4
6,94842E-4
6,88691E-4
7,35894E-4
5,99484E-4
5,74447E-4
6,44777E-4
6,26253E-4
6,06962E-4
5,56759E-4
5,61515E-4
6,26603E-4
5,9933E-4
0,001364762
0,001703579
0,001644642
0,00165224
0,001722084
0,001606485
0,001603439
0,001646107
0,001179397
6,46183E-4
5,87616E-4
5,7676E-4
5,89681E-4
5,6851E-4
6,24963E-4
6,0071E-4
5,9486E-4
5,98372E-4
6,2903E-4
5,94984E-4
6,57211E-4
6,65368E-4
6,23549E-4
7,26528E-4
0,001803298
0,001894964
0,00193302
0,001739812
6,49611E-4
6,87308E-4
6,72704E-4
7,11363E-4
7,48818E-4
6,04135E-4
6,13124E-4
5,68116E-4
6,22461E-4
6,0391E-4
6,51626E-4
5,76017E-4
5,81003E-4
5,8197E-4
5,69479E-4
5,83328E-4
7,84555E-4
8,20015E-4
8,70564E-4
8,35991E-4
8,36469E-4
7,84491E-4
8,33166E-4
8,39054E-4
7,91326E-4
8,45902E-4
8,69746E-4
8,2069E-4
8,30236E-4
8,01532E-4
8,76563E-4
7,81956E-4
6,61237E-4
7,63074E-4
6,05379E-4
7,14575E-4
7,213E-4
6,78689E-4
6,17124E-4
5,44143E-4
6,02203E-4
5,89149E-4
5,95676E-4
5,91557E-4
5,64392E-4
5,8846E-4
6,34463E-4
6,58226E-4
6,14182E-4
6,18964E-4
6,55242E-4
6,35436E-4
6,65798E-4
5,79003E-4
5,46827E-4
5,82734E-4
6,29518E-4
6,4295E-4
6,8166E-4
7,33218E-4
6,17349E-4
6,61238E-4
7,95594E-4
8,12E-4
9,61147E-4
8,20509E-4
8,41067E-4
9,42993E-4
8,66868E-4
8,75069E-4
8,57737E-4
7,78052E-4
8,23414E-4
8,04792E-4
9,15715E-4
8,01707E-4
8,4408E-4
8,09727E-4
8,93622E-4
9,00477E-4
9,1072E-4
8,30265E-4
7,99107E-4
7,71319E-4
7,63563E-4
7,58863E-4
8,13548E-4
7,29009E-4
8,46689E-4
9,68657E-4
9,22243E-4
8,75529E-4
9,13679E-4
8,88113E-4
7,52643E-4
9,73283E-4
9,15742E-4
9,08613E-4
0,001029147
8,26874E-4
7,81971E-4
7,89696E-4
7,7403E-4
7,9916E-4
0,001002295
9,78892E-4
8,05875E-4
0,003199853
6,20033E-4
5,95571E-4
5,72701E-4
5,89272E-4
5,88038E-4
6,45553E-4
5,70605E-4
5,99221E-4
5,6066E-4
5,9113E-4
6,20558E-4
6,17642E-4
5,7633E-4
6,88347E-4
6,49635E-4
5,99495E-4
5,99259E-4
6,51605E-4
6,59937E-4
6,52103E-4
6,83729E-4
6,55532E-4
6,13971E-4
6,80278E-4
6,51641E-4
6,04466E-4
5,88523E-4
6,09601E-4
5,86269E-4
5,97019E-4
6,36012E-4
6,60262E-4
5,78249E-4
5,9647E-4
5,80041E-4
5,76449E-4
6,40546E-4
5,7075E-4
6,45656E-4
5,79117E-4
6,39096E-4
6,33069E-4
6,69891E-4
5,99432E-4
6,52364E-4
5,94417E-4
5,90565E-4
6,05401E-4
6,03065E-4
6,30237E-4
5,75666E-4
6,43945E-4
5,86847E-4
5,44304E-4
6,35997E-4
5,89848E-4
6,53334E-4
5,88992E-4
5,73753E-4
5,86682E-4
6,19877E-4
6,37256E-4
6,17755E-4
6,11401E-4
6,0715E-4
6,5908E-4
6,07532E-4
6,05918E-4
6,28021E-4
5,98846E-4
5,83639E-4
5,76439E-4
6,29402E-4
5,99142E-4
6,18793E-4
6,34609E-4
7,04839E-4
5,92819E-4
5,59517E-4
5,99985E-4
6,58985E-4
6,30045E-4
5,94272E-4
6,11555E-4
6,18838E-4
6,76174E-4
5,82766E-4
5,93938E-4
6,05408E-4
5,89657E-4
5,78696E-4
6,13534E-4
5,77606E-4
5,55297E-4
5,41465E-4
6,37115E-4
6,63614E-4
5,9972E-4
5,38579E-4
5,92086E-4
5,64474E-4
5,70402E-4
6,07744E-4
5,87001E-4
0,001677459
0,001028499
6,39532E-4
6,14658E-4
5,98397E-4
5,56493E-4
6,62074E-4
6,07383E-4
6,08332E-4
6,71501E-4
6,72757E-4
7,1007E-4
6,5788E-4
6,08755E-4
6,48999E-4
6,86285E-4
7,22922E-4
6,33979E-4
6,70242E-4
5,93684E-4
6,10114E-4
6,47045E-4
7,76857E-4
9,39326E-4
7,41019E-4
7,91066E-4
8,07512E-4
9,7642E-4
8,72849E-4
9,74591E-4
8,74271E-4
9,78586E-4
8,46367E-4
0,0010427
8,59102E-4
9,26754E-4
9,74588E-4
8,75542E-4
8,20526E-4
6,74521E-4
6,15975E-4
6,24867E-4
6,205E-4
6,43038E-4
6,57556E-4
6,19214E-4
6,15795E-4
6,33954E-4
6,22462E-4
5,81701E-4
6,19243E-4
5,93508E-4
5,47794E-4
6,24069E-4
6,30628E-4
6,01043E-4
6,03821E-4
5,95382E-4
5,84705E-4
6,15412E-4
5,66792E-4
5,97261E-4
5,83128E-4
6,62034E-4
5,84829E-4
7,07491E-4
5,87243E-4
6,04868E-4
5,88158E-4
6,12278E-4
0,001547148
5,69256E-4
5,98601E-4
5,873E-4
6,80874E-4
5,91795E-4
6,1742E-4
6,27836E-4
6,87384E-4
6,00945E-4
6,81983E-4
5,86082E-4
6,36715E-4
5,59966E-4
6,31804E-4
5,98814E-4
6,87417E-4
6,38468E-4
6,5662E-4
6,10438E-4
5,82962E-4
5,8223E-4
6,66893E-4
6,05254E-4
6,15886E-4
6,13265E-4
6,70994E-4
6,46154E-4
6,4473E-4
6,49494E-4
6,00202E-4
6,16719E-4
6,09474E-4
6,32657E-4
6,51063E-4
6,97431E-4
6,47702E-4
6,6952E-4
6,82534E-4
8,71213E-4
6,30045E-4
6,68845E-4
6,03173E-4
6,05742E-4
6,29981E-4
6,28615E-4
6,95321E-4
6,15022E-4
6,32036E-4
6,45838E-4
6,93279E-4
6,41505E-4
6,94586E-4
5,82087E-4
5,88356E-4
6,33463E-4
7,2132E-4
6,45142E-4
6,06513E-4
5,92966E-4
6,78904E-4
6,437E-4
6,56967E-4
6,39966E-4
6,1971E-4
6,07057E-4
5,94201E-4
6,33417E-4
5,81267E-4
6,17105E-4
5,84324E-4
6,24947E-4
7,47426E-4
6,13277E-4
5,93574E-4
7,54277E-4
5,87459E-4
5,86219E-4
5,95834E-4
6,51899E-4
7,00629E-4
6,28794E-4
6,01316E-4
6,03557E-4
5,92928E-4
5,86032E-4
5,96744E-4
6,7498E-4
5,9738E-4
5,84105E-4
6,05605E-4
6,30091E-4
5,71764E-4
6,47338E-4
7,22074E-4
6,81515E-4
5,9551E-4
6,82716E-4
5,9601E-4
5,92354E-4
5,75198E-4
5,99313E-4
6,29172E-4
6,34047E-4
6,71858E-4
6,31513E-4
6,37577E-4
5,76942E-4
5,6975E-4
7,31898E-4
5,87471E-4
5,763E-4
0,00299624
7,267E-4
6,23873E-4
5,95529E-4
6,6284E-4
6,67855E-4
6,69376E-4
6,49066E-4
6,44642E-4
6,87169E-4
7,01363E-4
6,54233E-4
7,05629E-4
6,24455E-4
6,21674E-4
6,68192E-4
6,05422E-4
6,91697E-4
0,001018136
8,36874E-4
0,001014018
0,001031233
7,72055E-4
8,10559E-4
9,61381E-4
9,43166E-4
9,42391E-4
8,65538E-4
9,86923E-4
8,35133E-4
9,89361E-4
8,7874E-4
9,69929E-4
8,05657E-4
6,91327E-4
0,001097121
6,14972E-4
7,45637E-4
5,58839E-4
6,30185E-4
5,79683E-4
5,95329E-4
5,78585E-4
5,41939E-4
5,63489E-4
5,97626E-4
6,14661E-4
6,06612E-4
6,56986E-4
5,83587E-4
6,28448E-4
5,96212E-4
6,52366E-4
6,45942E-4
5,72557E-4
5,70949E-4
6,02783E-4
6,3917E-4
5,78193E-4
6,76604E-4
6,4332E-4
5,8065E-4
6,36892E-4
6,17414E-4
6,36344E-4
5,89954E-4
7,27288E-4
6,82594E-4
6,22019E-4
5,88578E-4
5,82254E-4
6,01125E-4
5,87208E-4
6,16178E-4
5,73074E-4
5,77347E-4
5,91844E-4
6,32379E-4
6,39754E-4
6,44117E-4
6,10825E-4
7,37051E-4
7,00232E-4
8,27658E-4
8,54402E-4
8,59272E-4
8,08074E-4
8,5946E-4
7,94085E-4
8,08912E-4
8,42598E-4
7,91024E-4
8,32298E-4
7,0751E-4
8,45758E-4
8,19619E-4
7,94513E-4
7,96088E-4
8,28695E-4
7,07033E-4
6,62357E-4
5,82165E-4
6,38661E-4
6,36935E-4
6,69793E-4
6,81794E-4
6,47356E-4
5,99567E-4
6,10846E-4
6,11891E-4
5,78403E-4
5,92571E-4
6,05584E-4
6,72926E-4
5,57441E-4
5,32745E-4
6,75049E-4
5,65789E-4
6,80536E-4
6,12457E-4
5,83271E-4
5,62833E-4
6,82508E-4
6,16754E-4
5,77916E-4
6,45155E-4
6,02836E-4
6,05092E-4
6,09946E-4
6,98697E-4
6,51835E-4
5,91632E-4
6,63024E-4
6,58579E-4
6,1932E-4
5,99471E-4
6,45261E-4
6,73708E-4
0,001013149
8,57012E-4
8,17301E-4
9,67802E-4
9,79157E-4
8,8144E-4
9,99437E-4
0,001026368
7,99177E-4
8,54809E-4
8,39825E-4
9,98742E-4
7,20449E-4
6,24369E-4
6,1432E-4
6,29902E-4
5,84358E-4
5,83282E-4
6,03638E-4
5,75564E-4
6,11586E-4
5,98781E-4
5,93281E-4
6,05758E-4
6,40845E-4
6,15408E-4
6,08279E-4
5,91354E-4
5,88527E-4
6,23976E-4
5,84401E-4
5,91626E-4
5,94028E-4
5,78692E-4
6,62676E-4
6,13353E-4
6,48357E-4
6,85053E-4
6,56011E-4
5,62642E-4
5,78308E-4
6,74159E-4
6,96252E-4
6,34854E-4
6,02805E-4
8,16595E-4
6,64719E-4
6,20905E-4
5,53498E-4
6,17645E-4
8,55736E-4
6,78102E-4
6,61738E-4
6,2544E-4
6,31238E-4
6,1313E-4
6,96857E-4
6,10565E-4
6,13433E-4
6,41929E-4
6,05771E-4
5,42611E-4
6,30785E-4
7,54835E-4
6,32611E-4
6,05271E-4
5,94917E-4
5,94698E-4
5,77556E-4
6,02087E-4
6,25619E-4
6,36211E-4
6,66561E-4
6,28139E-4
6,12241E-4
5,99116E-4
6,33894E-4
5,92971E-4
5,7823E-4
6,10842E-4
6,58885E-4
6,75504E-4
6,36015E-4
5,90307E-4
6,42906E-4
6,58775E-4
6,1186E-4
5,87031E-4
5,91047E-4
6,59828E-4
6,31672E-4
6,95845E-4
6,54876E-4
5,62252E-4
6,07455E-4
6,44297E-4
5,97798E-4
6,52345E-4
6,39421E-4
6,33937E-4
8,43592E-4
8,41294E-4
8,37648E-4
8,90103E-4
8,57459E-4
0,001090709
0,001073811
8,2075E-4
8,88002E-4
9,25531E-4
9,74622E-4
9,40918E-4
9,45988E-4
8,74697E-4
7,57003E-4
6,19448E-4
6,80823E-4
6,35866E-4
5,76021E-4
6,52055E-4
5,85176E-4
6,50283E-4
6,27536E-4
6,1767E-4
6,82871E-4
6,00446E-4
6,51893E-4
5,89269E-4
6,30702E-4
6,63181E-4
5,85077E-4
6,17851E-4
6,12111E-4
5,96998E-4
5,96132E-4
5,76137E-4
6,53602E-4
6,76795E-4
6,78477E-4
5,6539E-4
5,66977E-4
5,8837E-4
6,78923E-4
7,15779E-4
6,0759E-4
9,16148E-4
7,44432E-4
7,09223E-4
7,7864E-4
7,77925E-4
0,001101959
9,54313E-4
8,90941E-4
9,66088E-4
7,52629E-4
7,47415E-4
7,494E-4
8,50326E-4
7,96935E-4
7,61213E-4
8,13891E-4
7,66441E-4
7,83833E-4
7,61897E-4
7,70274E-4
7,39993E-4
8,10772E-4
8,15582E-4
8,2504E-4
8,39061E-4
8,97597E-4
0,00123747
0,002983346
0,002966131
0,00295203
0,001600533
9,38839E-4
8,399E-4
8,59419E-4
8,40299E-4
7,36614E-4
7,14864E-4
7,25811E-4
8,00006E-4
7,79507E-4
8,072E-4
8,25029E-4
9,33574E-4
8,84245E-4
8,04425E-4
7,53983E-4
7,49825E-4
7,37086E-4
8,80774E-4
8,19482E-4
7,78707E-4
0,001023439
8,0097E-4
9,67824E-4
0,001342054
0,001402593
0,001419492
0,001397263
0,00376854
6,55974E-4
5,8613E-4
6,25166E-4
5,98497E-4
6,08785E-4
6,42143E-4
5,61039E-4
6,13878E-4
6,28786E-4
5,60459E-4
5,52988E-4
6,76791E-4
6,0623E-4
5,92318E-4
6,3124E-4
6,3466E-4
5,86276E-4
6,81009E-4
5,82534E-4
5,70092E-4
5,5778E-4
6,07954E-4
5,73705E-4
5,96985E-4
6,27747E-4
5,66326E-4
5,99657E-4
5,79709E-4
5,92101E-4
5,66067E-4
5,73687E-4
6,27992E-4
6,29435E-4
5,68798E-4
6,08858E-4
6,77246E-4
5,81635E-4
5,44771E-4
6,44805E-4
5,89907E-4
6,46186E-4
5,91425E-4
6,05521E-4
6,78793E-4
6,47771E-4
5,77952E-4
5,8218E-4
6,49543E-4
5,9988E-4
6,57522E-4
6,68705E-4
6,57319E-4
6,96527E-4
6,1297E-4
8,89431E-4
6,56891E-4
0,001057957
6,1675E-4
6,10397E-4
5,98595E-4
6,13579E-4
5,7994E-4
5,84268E-4
5,89534E-4
5,81954E-4
6,65034E-4
5,81506E-4
6,29199E-4
6,92498E-4
5,51111E-4
6,40153E-4
6,26527E-4
5,71295E-4
5,66705E-4
6,52912E-4
5,81326E-4
5,82319E-4
6,2691E-4
5,76273E-4
6,35762E-4
6,31538E-4
6,9847E-4
6,7772E-4
6,06815E-4
6,33334E-4
7,64034E-4
6,81151E-4
6,238E-4
5,60078E-4
5,87038E-4
5,87654E-4
6,11575E-4
5,89786E-4
6,04558E-4
5,79546E-4
6,35718E-4
6,36739E-4
5,8494E-4
6,16269E-4
6,3385E-4
6,10367E-4
7,22506E-4
6,79611E-4
6,38636E-4
7,05249E-4
6,99532E-4
7,31039E-4
6,51316E-4
7,86746E-4
8,34892E-4
8,2205E-4
8,75588E-4
7,97007E-4
8,34064E-4
8,01826E-4
5,77266E-4
6,59339E-4
6,29948E-4
6,04094E-4
6,05175E-4
5,37669E-4
5,41699E-4
5,91957E-4
5,27581E-4
5,66279E-4
5,90276E-4
5,57239E-4
5,73798E-4
6,49245E-4
5,66607E-4
5,36818E-4
6,6519E-4
6,085E-4
6,03566E-4
5,73607E-4
6,44712E-4
5,68201E-4
5,82204E-4
5,59662E-4
5,57003E-4
6,18074E-4
6,69774E-4
7,28388E-4
6,226E-4
6,62846E-4
5,65852E-4
5,7012E-4
5,81373E-4
5,78105E-4
5,95074E-4
6,43292E-4
5,86631E-4
6,35406E-4
5,84569E-4
5,597E-4
6,84184E-4
6,97128E-4
6,88111E-4
6,86884E-4
6,24136E-4
6,45554E-4
6,87674E-4
0,001226283
0,00165032
0,001636471
9,60799E-4
6,93344E-4
6,45298E-4
6,40959E-4
6,21724E-4
7,04248E-4
7,03721E-4
5,86735E-4
5,70914E-4
6,28777E-4
6,49379E-4
5,94342E-4
5,95166E-4
6,00506E-4
5,86473E-4
6,30761E-4
6,58742E-4
6,3721E-4
5,84356E-4
5,72001E-4
6,81635E-4
5,99612E-4
5,87726E-4
5,63933E-4
5,87919E-4
6,24737E-4
6,40395E-4
6,7859E-4
6,26021E-4
6,49392E-4
6,67898E-4
6,21411E-4
6,09578E-4
5,71274E-4
6,07991E-4
5,64295E-4
5,96201E-4
5,86597E-4
5,93611E-4
6,81208E-4
5,88305E-4
6,64292E-4
5,94323E-4
8,68749E-4
8,47415E-4
6,82084E-4
6,39144E-4
5,92538E-4
5,9337E-4
6,01217E-4
6,05614E-4
5,81385E-4
6,48861E-4
6,41691E-4
5,82381E-4
6,37421E-4
6,64602E-4
6,05899E-4
5,92024E-4
6,09753E-4
6,09409E-4
6,00524E-4
5,96593E-4
6,49686E-4
6,41195E-4
5,91911E-4
6,00144E-4
6,11335E-4
6,33748E-4
5,99458E-4
5,98865E-4
6,09056E-4
6,34102E-4
6,91563E-4
6,07252E-4
5,62824E-4
5,56874E-4
5,98997E-4
5,76669E-4
6,30474E-4
6,15175E-4
6,11571E-4
5,80718E-4
6,33208E-4
6,11949E-4
6,07204E-4
5,94216E-4
5,4505E-4
6,19126E-4
5,75148E-4
5,85284E-4
5,83395E-4
5,54757E-4
6,1165E-4
5,78755E-4
6,25407E-4
5,91079E-4
5,53407E-4
7,80025E-4
9,16965E-4
7,74332E-4
8,686E-4
8,6216E-4
8,23225E-4
8,77966E-4
8,20978E-4
8,32712E-4
8,32761E-4
8,13771E-4
8,06816E-4
8,06545E-4
8,13439E-4
8,23181E-4
8,16524E-4
7,79033E-4
7,52319E-4
5,81779E-4
6,33848E-4
6,27297E-4
5,96097E-4
7,21844E-4
8,37529E-4
6,26442E-4
5,62001E-4
6,77945E-4
5,65926E-4
5,56535E-4
5,72731E-4
5,76737E-4
6,03951E-4
5,88361E-4
6,14507E-4
5,88388E-4
6,17589E-4
6,09854E-4
6,33924E-4
5,6649E-4
6,00274E-4
6,7372E-4
6,47101E-4
5,67478E-4
5,99885E-4
5,95319E-4
5,42087E-4
5,95685E-4
6,33418E-4
6,37334E-4
5,45602E-4
6,05103E-4
6,10331E-4
6,67114E-4
5,73937E-4
5,69937E-4
6,34464E-4
5,60019E-4
5,26867E-4
5,76435E-4
5,69317E-4
7,50249E-4
5,91334E-4
0,003583229
5,38823E-4
5,97085E-4
5,72433E-4
5,80131E-4
5,72103E-4
6,27608E-4
6,39304E-4
6,27481E-4
5,6493E-4
5,54694E-4
5,4647E-4
5,60691E-4
5,80776E-4
5,41773E-4
5,26669E-4
6,00981E-4
5,93928E-4
5,81258E-4
5,87006E-4
5,74468E-4
5,88499E-4
6,51201E-4
5,70018E-4
5,54663E-4
5,8411E-4
5,77923E-4
6,11704E-4
6,16731E-4
5,79506E-4
6,98055E-4
5,71459E-4
6,85249E-4
5,98429E-4
6,70919E-4
6,01324E-4
6,31314E-4
5,9602E-4
6,43765E-4
5,96277E-4
6,73154E-4
5,70868E-4
5,9107E-4
6,23697E-4
5,68818E-4
6,24797E-4
6,01293E-4
5,96479E-4
6,17373E-4
5,98447E-4
5,73558E-4
5,8349E-4
5,68826E-4
5,59064E-4
6,29232E-4
6,61799E-4
5,97319E-4
6,05942E-4
6,04684E-4
6,13285E-4
5,86766E-4
6,20241E-4
5,6116E-4
6,50525E-4
7,26785E-4
7,32972E-4
6,20769E-4
6,43806E-4
6,12734E-4
5,99633E-4
5,35861E-4
5,86088E-4
6,05475E-4
6,18641E-4
6,46909E-4
6,57358E-4
5,96921E-4
5,58354E-4
5,84053E-4
6,06741E-4
5,68595E-4
7,13856E-4
5,84178E-4
6,26861E-4
5,87186E-4
5,86502E-4
5,76771E-4
7,91226E-4
5,76829E-4
6,01356E-4
7,39111E-4
6,34737E-4
6,14833E-4
5,97124E-4
5,71785E-4
6,48224E-4
6,14005E-4
5,61741E-4
5,91474E-4
6,69032E-4
6,62913E-4
5,91102E-4
5,9676E-4
6,18663E-4
