1,036378026008606	1,0317082405090332	1,0139492750167847	1,0262458324432373	1,01645827293396	1,01359224319458	1,0273492336273193	1,0172879695892334	1,0014734268188477	1,0299969911575317	1,0408806800842285	1,016863226890564	1,0199915170669556	1,0162382125854492	1,0280011892318726	1,0260778665542603
1,0119315385818481	1,0118985176086426	1,0118138790130615	1,011855125427246	1,0131261348724365	1,0159223079681396	1,012223243713379	1,0117567777633667	1,016108512878418	1,012003779411316	1,012033224105835	1,0119882822036743	1,0120737552642822	1,011932611465454	1,0119866132736206	1,0119084119796753
1,0158928632736206	1,0118088722229004	1,0120123624801636	1,011865496635437	1,0107208490371704	1,0120867490768433	1,0117954015731812	1,0119878053665161	1,0116838216781616	1,0156655311584473	1,0119744539260864	1,0118768215179443	1,0119404792785645	1,0159547328948975	1,0119335651397705	1,0123525857925415
1,0119075775146484	1,0119400024414062	1,0118515491485596	1,0119339227676392	1,011903166770935	1,0159178972244263	1,0158038139343262	1,0119329690933228	1,01187264919281	1,0118680000305176	1,0156664848327637	1,0119106769561768	1,0116550922393799	1,011938214302063	1,0158554315567017	1,0115807056427002
1,0119123458862305	1,0120404958724976	1,0119304656982422	1,0118733644485474	1,0118860006332397	1,0129648447036743	1,0118242502212524	1,0118558406829834	1,0119152069091797	1,0121632814407349	1,0118449926376343	1,0119329690933228	1,0119141340255737	1,0118908882141113	1,011892557144165	1,012013554573059
1,0131806135177612	1,011968731880188	1,0118663311004639	1,01200270652771	1,0119987726211548	1,010709285736084	1,0118391513824463	1,0118626356124878	1,0118874311447144	1,0131480693817139	1,0118883848190308	1,0118821859359741	1,0120024681091309	1,0119521617889404	1,0119110345840454	1,0119030475616455
1,0117485523223877	1,0119349956512451	1,0120316743850708	1,011939287185669	1,0117963552474976	1,0119125843048096	1,01201593875885	1,0119578838348389	1,0119825601577759	1,0118379592895508	1,0118365287780762	1,0120842456817627	1,0120067596435547	1,0160069465637207	1,0119264125823975	1,0119746923446655
1,0108057260513306	1,011769413948059	1,0120254755020142	1,0119785070419312	1,0121448040008545	1,0119221210479736	1,0118509531021118	1,011999487876892	1,0120600461959839	1,010776400566101	1,0120164155960083	1,0118951797485352	1,0118354558944702	1,0129196643829346	1,0120335817337036	1,0118991136550903
1,0119446516036987	1,0160746574401855	1,011945366859436	1,0117557048797607	1,01182222366333	1,0120877027511597	1,0124611854553223	1,0119925737380981	1,0161612033843994	1,01193368434906	1,0123120546340942	1,0119743347167969	1,016295075416565	1,0107395648956299	1,0120337009429932	1,016271710395813
1,0118982791900635	1,0119961500167847	1,0118814706802368	1,0119946002960205	1,0119810104370117	1,0118857622146606	1,0116488933563232	1,0118279457092285	1,0114997625350952	1,0118695497512817	1,011824607849121	1,0118910074234009	1,0119472742080688	1,011983036994934	1,0120607614517212	1,0118979215621948
1,011997103691101	1,011733889579773	1,0119155645370483	1,0120444297790527	1,0118929147720337	1,0119752883911133	1,0118868350982666	1,0132684707641602	1,0123050212860107	1,0120066404342651	1,012107014656067	1,011874794960022	1,0117378234863281	1,011898398399353	1,0116820335388184	1,0116298198699951
1,0119330883026123	1,0160837173461914	1,0118720531463623	1,0119283199310303	1,011914849281311	1,0119755268096924	1,0119982957839966	1,0105767250061035	1,0119364261627197	1,0118412971496582	1,0119930505752563	1,0120331048965454	1,0120270252227783	1,0119272470474243	1,0119602680206299	1,0119491815567017
1,016032099723816	1,0118882656097412	1,0118790864944458	1,0118098258972168	1,0118972063064575	1,0121463537216187	1,0120218992233276	1,0119432210922241	1,0117913484573364	1,015979290008545	1,019652009010315	1,0120450258255005	1,01189124584198	1,0122357606887817	1,0120515823364258	1,0121593475341797
1,012040376663208	1,01188063621521	1,0119333267211914	1,0120981931686401	1,0119690895080566	1,0116702318191528	1,0119534730911255	1,0118871927261353	1,0120309591293335	1,012096881866455	1,0120816230773926	1,0119494199752808	1,0119549036026	1,0118201971054077	1,011827826499939	1,0117168426513672
1,0117567777633667	1,012101650238037	1,011928677558899	1,0118322372436523	1,0119421482086182	1,0119885206222534	1,0117660760879517	1,011989712715149	1,0116260051727295	1,0119036436080933	1,0118569135665894	1,012062668800354	1,011988878250122	1,012121319770813	1,0121238231658936	1,0120570659637451
1,0120478868484497	1,011751651763916	1,011982798576355	1,011898159980774	1,011885643005371	1,0118898153305054	1,0118812322616577	1,011875867843628	1,0120117664337158	1,0119014978408813	1,0118725299835205	1,011714220046997	1,0154088735580444	1,0116653442382812	1,0117110013961792	1,0119625329971313
1,0118436813354492	1,0119482278823853	1,0118200778961182	1,0120258331298828	1,011949062347412	1,0118961334228516	1,0118656158447266	1,011916995048523	1,0120106935501099	1,0120768547058105	1,011838674545288	1,011885404586792	1,011911392211914	1,0120880603790283	1,011816143989563	1,0117239952087402
1,012059211730957	1,0119796991348267	1,012149453163147	1,0119038820266724	1,0119342803955078	1,0118951797485352	1,0120275020599365	1,0120420455932617	1,0119221210479736	1,0117467641830444	1,0120521783828735	1,0119956731796265	1,011902093887329	1,0119825601577759	1,0120599269866943	1,0119794607162476
1,0118770599365234	1,0118588209152222	1,0119632482528687	1,0118687152862549	1,012003779411316	1,0120360851287842	1,011981725692749	1,0119367837905884	1,0117796659469604	1,0118600130081177	1,0117472410202026	1,0119510889053345	1,0119696855545044	1,0117889642715454	1,0119564533233643	1,012081503868103
1,012071967124939	1,0120431184768677	1,0117578506469727	1,0118634700775146	1,0119587182998657	1,0118842124938965	1,0119644403457642	1,0119130611419678	1,0119266510009766	1,0122249126434326	1,012296199798584	1,0120080709457397	1,016392707824707	1,0119447708129883	1,011928915977478	1,0119824409484863
1,0131924152374268	1,011956810951233	1,0119521617889404	1,0120259523391724	1,0117899179458618	1,0118072032928467	1,0118285417556763	1,011974811553955	1,0120717287063599	1,0128384828567505	1,0130655765533447	1,0120500326156616	1,0118613243103027	1,0119118690490723	1,0119085311889648	1,011672854423523
1,0104948282241821	1,011862874031067	1,0119980573654175	1,0119017362594604	1,0128226280212402	1,0120588541030884	1,0128960609436035	1,0119401216506958	1,011963963508606	1,0109392404556274	1,010568618774414	1,0160616636276245	1,0159437656402588	1,0119529962539673	1,0130243301391602	1,0124093294143677
1,0121110677719116	1,0120030641555786	1,0118976831436157	1,0119760036468506	1,0112425088882446	1,0125036239624023	1,0110431909561157	1,0121291875839233	1,0124598741531372	1,0118168592453003	1,0119673013687134	1,0126914978027344	1,0126980543136597	1,0119531154632568	1,0108330249786377	1,0114359855651855
1,0118199586868286	1,0119013786315918	1,0119632482528687	1,0119869709014893	1,0118306875228882	1,011326551437378	1,0119918584823608	1,0116997957229614	1,0114184617996216	1,0120434761047363	1,0119582414627075	1,012062907218933	1,0119903087615967	1,0119222402572632	1,0119779109954834	1,0120352506637573
1,0118563175201416	1,0118095874786377	1,0118155479431152	1,0118552446365356	1,012087106704712	1,011967658996582	1,0118470191955566	1,0129446983337402	1,0119723081588745	1,011868953704834	1,0118777751922607	1,0107128620147705	1,0108057260513306	1,0119197368621826	1,0118998289108276	1,011852502822876
1,01204514503479	1,0120019912719727	1,0119764804840088	1,0119822025299072	1,011899709701538	1,011918544769287	1,011948823928833	1,0109336376190186	1,0116448402404785	1,0118759870529175	1,0118873119354248	1,0118980407714844	1,0119032859802246	1,011797547340393	1,0118892192840576	1,011967420578003
1,0118340253829956	1,011955976486206	1,0120450258255005	1,0117982625961304	1,0117847919464111	1,011966347694397	1,0118149518966675	1,012040138244629	1,012125015258789	1,0117785930633545	1,0119214057922363	1,0120368003845215	1,0120052099227905	1,012058138847351	1,011925458908081	1,011871337890625
1,0120034217834473	1,0118474960327148	1,0119376182556152	1,0120537281036377	1,0120189189910889	1,0118677616119385	1,0118786096572876	1,0119904279708862	1,011837363243103	1,0120666027069092	1,0118099451065063	1,0118106603622437	1,0120298862457275	1,0119259357452393	1,0120232105255127	1,0118975639343262
1,0119271278381348	1,011926293373108	1,0118935108184814	1,0118831396102905	1,0118204355239868	1,011894702911377	1,0120913982391357	1,0117777585983276	1,0119775533676147	1,0118423700332642	1,012035846710205	1,0121389627456665	1,0119651556015015	1,0119682550430298	1,0119706392288208	1,011930227279663
1,011818766593933	1,0118863582611084	1,0119084119796753	1,0159411430358887	1,0120787620544434	1,01198148727417	1,011847972869873	1,0119036436080933	1,0117992162704468	1,0120216608047485	1,0119353532791138	1,0117279291152954	1,0119496583938599	1,0118058919906616	1,0118857622146606	1,0119950771331787
1,0130860805511475	1,012104868888855	1,0119335651397705	1,012091040611267	1,0119056701660156	1,011976957321167	1,011825680732727	1,0120983123779297	1,0121735334396362	1,0129071474075317	1,0128841400146484	1,0120978355407715	1,0119034051895142	1,01198148727417	1,0118274688720703	1,0120046138763428
1,0108150243759155	1,0119036436080933	1,0119304656982422	1,0118995904922485	1,011832594871521	1,0119270086288452	1,0122416019439697	1,0117990970611572	1,011923909187317	1,0111640691757202	1,0110396146774292	1,011897325515747	1,0118250846862793	1,0130152702331543	1,0120693445205688	1,0118794441223145
1,01201593875885	1,011926531791687	1,012008786201477	1,0119802951812744	1,0119848251342773	1,0118327140808105	1,0119277238845825	1,0159178972244263	1,0118417739868164	1,0117323398590088	1,0119309425354004	1,0118917226791382	1,01201331615448	1,0108659267425537	1,0120248794555664	1,0120712518692017
1,0119857788085938	1,0118802785873413	1,013054609298706	1,0117945671081543	1,012025237083435	1,011974811553955	1,0116981267929077	1,0130201578140259	1,0119785070419312	1,0119655132293701	1,0119143724441528	1,0118348598480225	1,0118762254714966	1,0120583772659302	1,0118634700775146	1,0118638277053833
1,0118218660354614	1,0120534896850586	1,0109211206436157	1,0119470357894897	1,0119301080703735	1,0120056867599487	1,0120946168899536	1,0109518766403198	1,0119588375091553	1,0119857788085938	1,0119733810424805	1,0121115446090698	1,011979579925537	1,0118948221206665	1,0119067430496216	1,0118443965911865
1,0120041370391846	1,0118592977523804	1,0118733644485474	1,011989951133728	1,0118526220321655	1,0119351148605347	1,0117186307907104	1,011868953704834	1,0119655132293701	1,0118764638900757	1,011965036392212	1,0118314027786255	1,0118629932403564	1,011864185333252	1,0119084119796753	1,011879563331604
1,011965274810791	1,0119545459747314	1,0119200944900513	1,011948585510254	1,0119143724441528	1,011904001235962	1,0121515989303589	1,0119043588638306	1,011759877204895	1,012036681175232	1,0119414329528809	1,012034296989441	1,0120213031768799	1,0119929313659668	1,0119717121124268	1,0119373798370361
1,0119907855987549	1,0118979215621948	1,0120493173599243	1,0120407342910767	1,0120000839233398	1,0120501518249512	1,0129756927490234	1,0120787620544434	1,0121973752975464	1,0119826793670654	1,012033462524414	1,0119129419326782	1,0119428634643555	1,011897325515747	1,0129674673080444	1,0121464729309082
1,0118801593780518	1,012077808380127	1,0118889808654785	1,011980414390564	1,0118848085403442	1,011762022972107	1,0109378099441528	1,0118764638900757	1,0117909908294678	1,0118012428283691	1,0117950439453125	1,0119191408157349	1,011889100074768	1,0120006799697876	1,0109666585922241	1,011840581893921
1,0119209289550781	1,0119231939315796	1,0119132995605469	1,0118542909622192	1,0119147300720215	1,0119378566741943	1,0119816064834595	1,0119118690490723	1,0119372606277466	1,0120588541030884	1,012044072151184	1,0119954347610474	1,011989951133728	1,011942744255066	1,0119092464447021	1,0130844116210938
1,0118458271026611	1,0119538307189941	1,0118407011032104	1,011950969696045	1,0121103525161743	1,0134246349334717	1,0118684768676758	1,0119144916534424	1,0132099390029907	1,0119109153747559	1,011844277381897	1,0117805004119873	1,0117939710617065	1,011789083480835	1,0119057893753052	1,0108907222747803
1,0119786262512207	1,0118261575698853	1,0119316577911377	1,0118848085403442	1,0117727518081665	1,0106089115142822	1,0119975805282593	1,011860728263855	1,0106290578842163	1,0119229555130005	1,0120954513549805	1,013134241104126	1,0131136178970337	1,012044072151184	1,0119638442993164	1,011997938156128
1,0119575262069702	1,012015700340271	1,0119473934173584	1,0120476484298706	1,011962652206421	1,0119259357452393	1,0119527578353882	1,0119292736053467	1,0120818614959717	1,0119433403015137	1,0118882656097412	1,010873794555664	1,0108752250671387	1,011961817741394	1,0118995904922485	1,0118892192840576
1,0119800567626953	1,0159780979156494	1,01198148727417	1,0157827138900757	1,013339638710022	1,0125325918197632	1,0117801427841187	1,0119943618774414	1,0124913454055786	1,0119622945785522	1,0119073390960693	1,011844515800476	1,0119251012802124	1,0119078159332275	1,0118656158447266	1,0118335485458374
1,0119205713272095	1,0117510557174683	1,011923909187317	1,0120112895965576	1,010502576828003	1,0114006996154785	1,0119998455047607	1,0119787454605103	1,011455774307251	1,0118138790130615	1,0117942094802856	1,0120060443878174	1,011986255645752	1,0119954347610474	1,0119342803955078	1,011918306350708
1,0119128227233887	1,0121358633041382	1,0119951963424683	1,0119212865829468	1,0119065046310425	1,0119397640228271	1,0119147300720215	1,0119287967681885	1,011675477027893	1,012058973312378	1,0120736360549927	1,01192045211792	1,011875033378601	1,0119444131851196	1,0120114088058472	1,0119279623031616
1,0120383501052856	1,0118672847747803	1,011880874633789	1,01193106174469	1,01202392578125	1,0118314027786255	1,0129231214523315	1,0118845701217651	1,0121057033538818	1,0118732452392578	1,0118299722671509	1,0118374824523926	1,0118286609649658	1,0117030143737793	1,0130761861801147	1,0119236707687378
1,0117336511611938	1,0118660926818848	1,0118262767791748	1,0118352174758911	1,011914849281311	1,0118143558502197	1,0109726190567017	1,011950135231018	1,0119867324829102	1,0118964910507202	1,0120271444320679	1,011993646621704	1,011986255645752	1,0119737386703491	1,0108009576797485	1,0119632482528687
1,0119456052780151	1,011949896812439	1,012007474899292	1,0119736194610596	1,0118882656097412	1,0120295286178589	1,0117546319961548	1,0118892192840576	1,011834740638733	1,0118736028671265	1,011905312538147	1,0120031833648682	1,0120269060134888	1,0121045112609863	1,01190185546875	1,0118980407714844
1,0119903087615967	1,0118842124938965	1,0119508504867554	1,011861801147461	1,0120341777801514	1,017033338546753	1,0161653757095337	1,0119484663009644	1,016876220703125	1,0120713710784912	1,0117343664169312	1,0118248462677002	1,0117977857589722	1,0118553638458252	1,0159839391708374	1,015930414199829
1,0119080543518066	1,0119104385375977	1,0119001865386963	1,0120059251785278	1,011799693107605	1,0109847784042358	1,0119372606277466	1,0120024681091309	1,0111712217330933	1,0119256973266602	1,0120831727981567	1,0119879245758057	1,0120028257369995	1,0120515823364258	1,0119893550872803	1,0120846033096313
1,012033224105835	1,0120387077331543	1,0120230913162231	1,0119918584823608	1,0120033025741577	1,0119885206222534	1,0119438171386719	1,0119080543518066	1,0118588209152222	1,0120011568069458	1,0117521286010742	1,0119088888168335	1,0118801593780518	1,011858582496643	1,0118513107299805	1,011907696723938
1,0130048990249634	1,0120750665664673	1,011850357055664	1,011986255645752	1,011831283569336	1,0117788314819336	1,011824131011963	1,0118725299835205	1,0119203329086304	1,012943148612976	1,0132229328155518	1,0119435787200928	1,0119699239730835	1,0119396448135376	1,0119619369506836	1,0117782354354858
1,0106894969940186	1,0118578672409058	1,0119729042053223	1,011888027191162	1,012047529220581	1,0119904279708862	1,0119049549102783	1,0119686126708984	1,011972188949585	1,010786771774292	1,010767936706543	1,0119402408599854	1,0118917226791382	1,0131897926330566	1,0119099617004395	1,0120575428009033
1,0120673179626465	1,0119646787643433	1,0119082927703857	1,012002944946289	1,0119657516479492	1,0119796991348267	1,0121417045593262	1,0119130611419678	1,011963963508606	1,0118650197982788	1,0119409561157227	1,0119025707244873	1,0119298696517944	1,0106955766677856	1,012026071548462	1,0118927955627441
1,011961579322815	1,011879801750183	1,0132927894592285	1,0118849277496338	1,011844277381897	1,0118681192398071	1,0119175910949707	1,0132877826690674	1,0118961334228516	1,0120879411697388	1,0118521451950073	1,0119750499725342	1,0119704008102417	1,0119248628616333	1,0118787288665771	1,012058138847351
1,0118664503097534	1,0120338201522827	1,0107733011245728	1,0119675397872925	1,0117998123168945	1,0119057893753052	1,011702060699463	1,0107756853103638	1,0118244886398315	1,011993646621704	1,0120882987976074	1,0159776210784912	1,0159889459609985	1,0119514465332031	1,0118417739868164	1,0118573904037476
1,0119560956954956	1,0117130279541016	1,0118045806884766	1,0117474794387817	1,0119630098342896	1,0119764804840088	1,0121134519577026	1,0117912292480469	1,012044906616211	1,0119441747665405	1,0119011402130127	1,016011118888855	1,0159934759140015	1,0119953155517578	1,0119482278823853	1,0120069980621338
1,0119041204452515	1,0120865106582642	1,0119684934616089	1,0120468139648438	1,0119640827178955	1,0119379758834839	1,0120140314102173	1,0119850635528564	1,0119763612747192	1,011799931526184	1,0119887590408325	1,0118509531021118	1,0119036436080933	1,0118041038513184	1,012063980102539	1,0120307207107544
1,0122629404067993	1,0118811130523682	1,0119343996047974	1,0119695663452148	1,0119651556015015	1,0120378732681274	1,0132173299789429	1,0119333267211914	1,0119448900222778	1,0119805335998535	1,0118913650512695	1,0118564367294312	1,0118823051452637	1,0121437311172485	1,013193130493164	1,011786937713623
1,0115649700164795	1,011983036994934	1,0120649337768555	1,0118227005004883	1,0122002363204956	1,011829137802124	1,0103565454483032	1,011983871459961	1,0118319988250732	1,0118719339370728	1,0119348764419556	1,011966347694397	1,0119448900222778	1,0116950273513794	1,0106618404388428	1,0117977857589722
1,0119335651397705	1,01189124584198	1,0117740631103516	1,0120849609375	1,0116080045700073	1,0119640827178955	1,0121667385101318	1,0118638277053833	1,0119690895080566	1,0119467973709106	1,011916995048523	1,0119515657424927	1,0119092464447021	1,0119060277938843	1,0118805170059204	1,0134869813919067
1,016005039215088	1,0119084119796753	1,016098976135254	1,011826753616333	1,0122936964035034	1,0132712125778198	1,0119234323501587	1,0160702466964722	1,0132544040679932	1,016135334968567	1,016000747680664	1,0120272636413574	1,0120211839675903	1,0160534381866455	1,0119472742080688	1,0104985237121582
1,0119318962097168	1,0118852853775024	1,011849284172058	1,0120092630386353	1,0118982791900635	1,010650634765625	1,0120075941085815	1,0118720531463623	1,0105242729187012	1,0119256973266602	1,0120704174041748	1,013083815574646	1,013124704360962	1,0120545625686646	1,0119582414627075	1,0119856595993042
1,011920690536499	1,0119801759719849	1,0131491422653198	1,0118659734725952	1,0119867324829102	1,0118939876556396	1,0118855237960815	1,0131112337112427	1,0120220184326172	1,0116945505142212	1,0118329524993896	1,0108178853988647	1,0108262300491333	1,011976957321167	1,0120161771774292	1,0119723081588745
1,0121135711669922	1,0120151042938232	1,0107840299606323	1,0119115114212036	1,011979579925537	1,0118993520736694	1,0119253396987915	1,0108277797698975	1,0119296312332153	1,0122621059417725	1,0118643045425415	1,011877417564392	1,0118663311004639	1,0118986368179321	1,0119990110397339	1,0118238925933838
1,0118939876556396	1,011949062347412	1,0117909908294678	1,0120437145233154	1,0118770599365234	1,0118966102600098	1,0119287967681885	1,0119078159332275	1,011974573135376	1,011773705482483	1,0121731758117676	1,0120130777359009	1,0120362043380737	1,011934757232666	1,011906623840332	1,0120251178741455
1,0118004083633423	1,0118818283081055	1,0119547843933105	1,0119162797927856	1,0118569135665894	1,0119978189468384	1,0118845701217651	1,012068510055542	1,011958360671997	1,0118619203567505	1,0118407011032104	1,011955976486206	1,0118790864944458	1,0118640661239624	1,0117605924606323	1,011749505996704
1,0120799541473389	1,0119860172271729	1,0118908882141113	1,0118155479431152	1,0117934942245483	1,0119496583938599	1,0129234790802002	1,0116666555404663	1,0117287635803223	1,0120861530303955	1,0118130445480347	1,0119324922561646	1,0119779109954834	1,0119562149047852	1,0131428241729736	1,0120947360992432
1,0117816925048828	1,0119377374649048	1,0119348764419556	1,01199471950531	1,0120618343353271	1,0120046138763428	1,0110795497894287	1,0120376348495483	1,0120148658752441	1,0119147300720215	1,0118980407714844	1,0119074583053589	1,0118581056594849	1,0119478702545166	1,0109126567840576	1,012020230293274
1,012060523033142	1,0118449926376343	1,012001633644104	1,0119370222091675	1,0118311643600464	1,0117945671081543	1,0119104385375977	1,0119904279708862	1,0118680000305176	1,011870265007019	1,012121319770813	1,0119469165802002	1,012027382850647	1,0119221210479736	1,0118340253829956	1,0130232572555542
1,0118467807769775	1,0120593309402466	1,0121411085128784	1,0118690729141235	1,0119892358779907	1,0131335258483887	1,0119214057922363	1,011981725692749	1,0132473707199097	1,0119696855545044	1,011797308921814	1,0119295120239258	1,01200270652771	1,0117592811584473	1,011885166168213	1,0107694864273071
1,0131827592849731	1,0118175745010376	1,0117965936660767	1,011986255645752	1,01193368434906	1,010729193687439	1,0119587182998657	1,011838674545288	1,0107070207595825	1,0118706226348877	1,01320219039917	1,0117723941802979	1,0118601322174072	1,0120867490768433	1,0119578838348389	1,0119104385375977
1,0107420682907104	1,0118972063064575	1,011867642402649	1,0119102001190186	1,0121999979019165	1,0120480060577393	1,0118656158447266	1,0119777917861938	1,0120253562927246	1,0119707584381104	1,0108826160430908	1,0120677947998047	1,0118438005447388	1,012084722518921	1,0119043588638306	1,0118759870529175
1,0132743120193481	1,0120599269866943	1,016095519065857	1,012016773223877	1,013266921043396	1,0118263959884644	1,0120564699172974	1,0160409212112427	1,011899471282959	1,013484239578247	1,0130964517593384	1,0118435621261597	1,011893391609192	1,0118587017059326	1,0120245218276978	1,0121592283248901
1,0105818510055542	1,0118755102157593	1,01177179813385	1,011921763420105	1,0104402303695679	1,0118472576141357	1,0119903087615967	1,0117768049240112	1,012028694152832	1,0104904174804688	1,010751485824585	1,0120769739151	1,0120608806610107	1,0132094621658325	1,0119409561157227	1,011844277381897
1,0119258165359497	1,012086272239685	1,0117905139923096	1,0120038986206055	1,0119928121566772	1,012129545211792	1,0119400024414062	1,0118905305862427	1,0118108987808228	1,0117934942245483	1,0118772983551025	1,0118107795715332	1,0118402242660522	1,0107663869857788	1,0121408700942993	1,0119028091430664
1,0119671821594238	1,0118520259857178	1,0121933221817017	1,0118218660354614	1,0119708776474	1,0120352506637573	1,0117498636245728	1,0120733976364136	1,0122302770614624	1,0120036602020264	1,0118951797485352	1,012050986289978	1,0119705200195312	1,0156266689300537	1,011647343635559	1,0119905471801758
1,0119998455047607	1,0119359493255615	1,0117864608764648	1,0134189128875732	1,0118073225021362	1,0117837190628052	1,0119917392730713	1,0118050575256348	1,011545181274414	1,0119895935058594	1,0119918584823608	1,0118376016616821	1,0118650197982788	1,0119537115097046	1,0120819807052612	1,0118807554244995
1,011887550354004	1,0119329690933228	1,0120737552642822	1,010435938835144	1,011974811553955	1,0120631456375122	1,0118789672851562	1,0120834112167358	1,012221336364746	1,0119621753692627	1,0118464231491089	1,0119647979736328	1,0118857622146606	1,0161136388778687	1,0118910074234009	1,012044906616211
1,0120906829833984	1,0119097232818604	1,0119500160217285	1,012054681777954	1,011936902999878	1,0122536420822144	1,0118966102600098	1,0119450092315674	1,0122241973876953	1,0119495391845703	1,0120412111282349	1,0119520425796509	1,0119520425796509	1,0119253396987915	1,011961817741394	1,012115240097046
1,0199276208877563	1,0159119367599487	1,0131380558013916	1,0120152235031128	1,0159802436828613	1,0153911113739014	1,0120394229888916	1,0131326913833618	1,0114370584487915	1,0159249305725098	1,0198026895523071	1,012057900428772	1,0121570825576782	1,011960744857788	1,0119726657867432	1,0116229057312012
1,0132243633270264	1,0119718313217163	1,0106889009475708	1,0117437839508057	1,0118275880813599	1,0118173360824585	1,011791706085205	1,0106807947158813	1,0119047164916992	1,0118173360824585	1,0133157968521118	1,0119918584823608	1,01193106174469	1,0117623805999756	1,0116915702819824	1,0119940042495728
1,010709285736084	1,0119186639785767	1,0118474960327148	1,0119750499725342	1,0120675563812256	1,013213038444519	1,0119950771331787	1,011858582496643	1,0120949745178223	1,0120800733566284	1,0108177661895752	1,0118135213851929	1,011825680732727	1,01212739944458	1,0119662284851074	1,0118294954299927
1,0117453336715698	1,011839747428894	1,011906623840332	1,011894702911377	1,011788010597229	1,0106779336929321	1,0118409395217896	1,0118846893310547	1,011794090270996	1,0117956399917603	1,0118474960327148	1,0120230913162231	1,0120398998260498	1,0119717121124268	1,012001633644104	1,0119956731796265
1,0119178295135498	1,0120593309402466	1,0119032859802246	1,0119372606277466	1,012019157409668	1,0119293928146362	1,0119879245758057	1,0119191408157349	1,0119458436965942	1,011897087097168	1,0119414329528809	1,0118509531021118	1,0118831396102905	1,0119566917419434	1,0119035243988037	1,0119242668151855
1,0119034051895142	1,011925220489502	1,0120407342910767	1,011983036994934	1,011896014213562	1,0119264125823975	1,011868953704834	1,0120484828948975	1,0118381977081299	1,0120099782943726	1,0117994546890259	1,0119962692260742	1,011980414390564	1,0117853879928589	1,0118993520736694	1,011826753616333
1,0122077465057373	1,0119478702545166	1,0118533372879028	1,0118454694747925	1,0120396614074707	1,012019157409668	1,0121018886566162	1,0118516683578491	1,0120735168457031	1,0120155811309814	1,0119781494140625	1,011777400970459	1,0117483139038086	1,0121264457702637	1,0119662284851074	1,0119696855545044
1,0117439031600952	1,0118699073791504	1,0120083093643188	1,011947751045227	1,0117253065109253	1,01213538646698	1,0159916877746582	1,0120031833648682	1,0160685777664185	1,0117344856262207	1,0118327140808105	1,0120491981506348	1,0122736692428589	1,0118738412857056	1,0159587860107422	1,0159285068511963
1,0119026899337769	1,0119962692260742	1,0118590593338013	1,012008786201477	1,0134637355804443	1,011948585510254	1,0119822025299072	1,011918544769287	1,0119719505310059	1,0134872198104858	1,0121583938598633	1,0120813846588135	1,0118660926818848	1,011840581893921	1,0120201110839844	1,0121442079544067
1,0119248628616333	1,011974573135376	1,0119822025299072	1,0118775367736816	1,0104882717132568	1,0134114027023315	1,0118054151535034	1,0119167566299438	1,0131945610046387	1,0104867219924927	1,0118939876556396	1,011779546737671	1,0117956399917603	1,0119400024414062	1,0119621753692627	1,0119538307189941
1,0120660066604614	1,012007474899292	1,0119256973266602	1,0119960308074951	1,012020230293274	1,0103778839111328	1,0133651494979858	1,011947751045227	1,0103634595870972	1,0119057893753052	1,0117921829223633	1,0120660066604614	1,0120946168899536	1,0119844675064087	1,013173222541809	1,0117887258529663
1,0117661952972412	1,0118802785873413	1,0160422325134277	1,0119688510894775	1,0118681192398071	1,0119370222091675	1,0104039907455444	1,0159176588058472	1,0121577978134155	1,0118944644927979	1,0119960308074951	1,011914610862732	1,0119050741195679	1,0118039846420288	1,010654330253601	1,0121287107467651
1,0120407342910767	1,0118402242660522	1,0119582414627075	1,0119928121566772	1,011947512626648	1,0120680332183838	1,011933445930481	1,0119543075561523	1,011890172958374	1,0120327472686768	1,0120823383331299	1,0116558074951172	1,0117384195327759	1,0135376453399658	1,0120176076889038	1,0117790699005127
1,0118151903152466	1,011967420578003	1,0119136571884155	1,0119911432266235	1,011967420578003	1,0119844675064087	1,0120413303375244	1,011966586112976	1,0121232271194458	1,0118794441223145	1,0116636753082275	1,0136401653289795	1,0135234594345093	1,0104882717132568	1,0117979049682617	1,0119677782058716
1,0121512413024902	1,0119837522506714	1,012285590171814	1,0119889974594116	1,0119786262512207	1,0118273496627808	1,0121153593063354	1,0122936964035034	1,0115933418273926	1,0120373964309692	1,0121887922286987	1,0103682279586792	1,0103968381881714	1,0118464231491089	1,0120787620544434	1,0119787454605103
1,0117363929748535	1,0119436979293823	1,0115532875061035	1,011907696723938	1,0118916034698486	1,0120010375976562	1,0117930173873901	1,011500597000122	1,0121909379959106	1,0119476318359375	1,0117442607879639	1,0120787620544434	1,0120536088943481	1,0119645595550537	1,011871576309204	1,0133774280548096
1,01203453540802	1,0119737386703491	1,0120301246643066	1,0119868516921997	1,0118670463562012	1,012032389640808	1,0119237899780273	1,0120799541473389	1,0118454694747925	1,011866807937622	1,0120747089385986	1,0119743347167969	1,011913776397705	1,0118910074234009	1,0119048357009888	1,0105631351470947
1,011924386024475	1,0120495557785034	1,0118831396102905	1,0118590593338013	1,0120010375976562	1,0117642879486084	1,0120538473129272	1,011894702911377	1,012089729309082	1,011960506439209	1,0119669437408447	1,0116949081420898	1,0118833780288696	1,011961817741394	1,011984944343567	1,011826515197754
1,013276219367981	1,0117172002792358	1,0120584964752197	1,0119999647140503	1,0118337869644165	1,0119940042495728	1,0119359493255615	1,0120463371276855	1,011763572692871	1,011902093887329	1,0131746530532837	1,0121043920516968	1,0119481086730957	1,0120809078216553	1,0119041204452515	1,0118125677108765
1,0106220245361328	1,0120450258255005	1,011783480644226	1,0120530128479004	1,0119431018829346	1,0117127895355225	1,0117733478546143	1,0118674039840698	1,0119211673736572	1,0118889808654785	1,0106698274612427	1,0117276906967163	1,0119538307189941	1,011778712272644	1,0119028091430664	1,0121805667877197
1,0160740613937378	1,012021541595459	1,0119603872299194	1,0116987228393555	1,0121303796768188	1,0121684074401855	1,0120114088058472	1,0120015144348145	1,0121837854385376	1,012132167816162	1,016108512878418	1,0176783800125122	1,0174896717071533	1,0161608457565308	1,011942982673645	1,0118619203567505
1,0118616819381714	1,011809229850769	1,011913537979126	1,0120203495025635	1,0118534564971924	1,011789321899414	1,0119441747665405	1,0118058919906616	1,0116218328475952	1,0118145942687988	1,0119178295135498	1,0105981826782227	1,0106250047683716	1,0118695497512817	1,0119363069534302	1,011952519416809
1,0120344161987305	1,011989951133728	1,0118640661239624	1,0119224786758423	1,0120066404342651	1,0121482610702515	1,012004017829895	1,0119625329971313	1,0122240781784058	1,012011170387268	1,0119962692260742	1,011765718460083	1,0117586851119995	1,0119723081588745	1,0120104551315308	1,0120744705200195
1,011927604675293	1,0119340419769287	1,0119869709014893	1,0119704008102417	1,0117965936660767	1,0119913816452026	1,011911153793335	1,0119596719741821	1,0118086338043213	1,0118496417999268	1,0118358135223389	1,0118452310562134	1,011803150177002	1,0119659900665283	1,0119316577911377	1,011645793914795
1,0117559432983398	1,0118893384933472	1,0121433734893799	1,0118625164031982	1,0119500160217285	1,0116767883300781	1,0118705034255981	1,0120428800582886	1,0119819641113281	1,011938214302063	1,0117844343185425	1,0120882987976074	1,0121328830718994	1,0118799209594727	1,0119366645812988	1,0119844675064087
1,0136317014694214	1,0119798183441162	1,0118399858474731	1,0119656324386597	1,0120525360107422	1,0120810270309448	1,0119564533233643	1,0118584632873535	1,011733055114746	1,0120500326156616	1,0134962797164917	1,0118039846420288	1,011772632598877	1,0119448900222778	1,011958360671997	1,012096881866455
1,0104014873504639	1,011812686920166	1,011788010597229	1,0118894577026367	1,0118420124053955	1,013269305229187	1,012304663658142	1,0119096040725708	1,0135892629623413	1,011820673942566	1,0103977918624878	1,0123324394226074	1,012313723564148	1,0119750499725342	1,0124343633651733	1,011965274810791
1,011863350868225	1,012120008468628	1,011966586112976	1,0120590925216675	1,012032389640808	1,0106635093688965	1,0130908489227295	1,0119616985321045	1,0104395151138306	1,0119805335998535	1,0119463205337524	1,0118883848190308	1,011749029159546	1,0118794441223145	1,0114188194274902	1,0117521286010742
1,0119225978851318	1,0133649110794067	1,0120137929916382	1,0120407342910767	1,0118993520736694	1,0119256973266602	1,0104819536209106	1,0118900537490845	1,0118852853775024	1,0119339227676392	1,0119668245315552	1,0116844177246094	1,0118521451950073	1,0119472742080688	1,0119798183441162	1,0119290351867676
1,0119514465332031	1,0103756189346313	1,0118513107299805	1,0118796825408936	1,01192307472229	1,0118499994277954	1,012127161026001	1,0119916200637817	1,0120607614517212	1,0119813680648804	1,0119794607162476	1,012015461921692	1,011999487876892	1,013242483139038	1,0119529962539673	1,011988639831543
1,0119465589523315	1,0118674039840698	1,012044906616211	1,0117969512939453	1,011878252029419	1,011991024017334	1,011670470237732	1,0119473934173584	1,011940598487854	1,0118716955184937	1,0117937326431274	1,0119489431381226	1,0119659900665283	1,0107388496398926	1,011866807937622	1,01199209690094
1,0118879079818726	1,0121362209320068	1,0118391513824463	1,011958360671997	1,011997103691101	1,0118802785873413	1,0118573904037476	1,0120244026184082	1,0118842124938965	1,0119465589523315	1,0120326280593872	1,0119633674621582	1,0119439363479614	1,0118099451065063	1,0120165348052979	1,0119073390960693
1,012000560760498	1,0120389461517334	1,011954426765442	1,0120136737823486	1,0119749307632446	1,0118392705917358	1,0120935440063477	1,011863350868225	1,011871576309204	1,0120859146118164	1,0120311975479126	1,0118522644042969	1,011825680732727	1,0119075775146484	1,0118666887283325	1,0118976831436157
1,0119749307632446	1,0118530988693237	1,0119948387145996	1,012094259262085	1,011954665184021	1,0121408700942993	1,01198148727417	1,0118886232376099	1,0120924711227417	1,0118927955627441	1,0120127201080322	1,0120545625686646	1,0121535062789917	1,0121012926101685	1,0121285915374756	1,0120224952697754
1,0120707750320435	1,0119045972824097	1,0120453834533691	1,011752724647522	1,0118991136550903	1,0119885206222534	1,0118194818496704	1,0120289325714111	1,011757731437683	1,011778712272644	1,0117124319076538	1,011972188949585	1,011898398399353	1,011926293373108	1,0118988752365112	1,011925458908081
1,0118316411972046	1,0117915868759155	1,011918544769287	1,0134305953979492	1,012030839920044	1,0118992328643799	1,0119370222091675	1,0120303630828857	1,0119270086288452	1,0120524168014526	1,0240033864974976	1,0158357620239258	1,0119436979293823	1,0117701292037964	1,0118048191070557	1,0123249292373657
1,0159193277359009	1,0121673345565796	1,0121867656707764	1,0106737613677979	1,011885404586792	1,0120093822479248	1,012033462524414	1,012068748474121	1,0119643211364746	1,0119420289993286	1,011706829071045	1,0119949579238892	1,015905737876892	1,017775058746338	1,0120652914047241	1,0118166208267212
1,0121723413467407	1,0117793083190918	1,0121184587478638	1,0121867656707764	1,0119322538375854	1,0157139301300049	1,011941909790039	1,0119400024414062	1,0118649005889893	1,0119398832321167	1,012017846107483	1,013420820236206	1,0135326385498047	1,010321021080017	1,0158003568649292	1,0156584978103638
1,0117273330688477	1,0124452114105225	1,0115903615951538	1,011879801750183	1,016217589378357	1,0119417905807495	1,0119006633758545	1,0119653940200806	1,0120519399642944	1,0118849277496338	1,0119532346725464	1,0106672048568726	1,0104786157608032	1,0120809078216553	1,0119643211364746	1,0120400190353394
1,0121257305145264	1,0114386081695557	1,0120148658752441	1,0117499828338623	1,0116724967956543	1,0119783878326416	1,011854648590088	1,0120197534561157	1,0119374990463257	1,0119682550430298	1,0118498802185059	1,0115857124328613	1,0119141340255737	1,0118025541305542	1,0118504762649536	1,0118708610534668
1,01175856590271	1,0120195150375366	1,0119980573654175	1,0120376348495483	1,0118640661239624	1,0119227170944214	1,0119625329971313	1,0120896100997925	1,0118427276611328	1,0118451118469238	1,0119690895080566	1,0120642185211182	1,0118097066879272	1,0120338201522827	1,0118814706802368	1,0118416547775269
1,0119248628616333	1,0120354890823364	1,013653039932251	1,011902093887329	1,0119507312774658	1,0119785070419312	1,0119658708572388	1,01337468624115	1,0120913982391357	1,0119692087173462	1,011991024017334	1,0119233131408691	1,0119287967681885	1,011741042137146	1,0121057033538818	1,0119380950927734
1,0118823051452637	1,0119611024856567	1,0102357864379883	1,0120713710784912	1,01200532913208	1,0118569135665894	1,0119273662567139	1,0102107524871826	1,0119173526763916	1,0119200944900513	1,01189124584198	1,0121383666992188	1,012033224105835	1,0121772289276123	1,0120168924331665	1,0120218992233276
1,0120505094528198	1,0119707584381104	1,0120317935943604	1,0118154287338257	1,0120378732681274	1,01192045211792	1,0118863582611084	1,0118685960769653	1,0133659839630127	1,0119891166687012	1,0120248794555664	1,0120524168014526	1,0121010541915894	1,0154893398284912	1,011884331703186	1,0118986368179321
1,0119569301605225	1,0118272304534912	1,011939525604248	1,012054443359375	1,012023687362671	1,011974811553955	1,0119409561157227	1,0123125314712524	1,0105574131011963	1,0119777917861938	1,0120946168899536	1,0118262767791748	1,011977195739746	1,0119374990463257	1,0134764909744263	1,0120419263839722
1,0120277404785156	1,011955738067627	1,0118955373764038	1,0115840435028076	1,01177978515625	1,011824131011963	1,0121145248413086	1,0117098093032837	1,011904001235962	1,0119712352752686	1,011759638786316	1,0118751525878906	1,01172935962677	1,0119117498397827	1,0104153156280518	1,011783480644226
1,0118529796600342	1,0119340419769287	1,0120608806610107	1,0121334791183472	1,012115478515625	1,0121341943740845	1,0118399858474731	1,0120588541030884	1,011940598487854	1,0118924379348755	1,0119813680648804	1,0117862224578857	1,0118560791015625	1,011871337890625	1,0119647979736328	1,012122631072998
1,0119467973709106	1,0160470008850098	1,01201331615448	1,012088656425476	1,0117969512939453	1,012011170387268	1,0118428468704224	1,0120216608047485	1,0119224786758423	1,011851191520691	1,015968918800354	1,013563871383667	1,0135862827301025	1,0120176076889038	1,0119102001190186	1,0117360353469849
1,011960744857788	1,0118494033813477	1,0117686986923218	1,0119454860687256	1,0118728876113892	1,0117753744125366	1,012070655822754	1,0115816593170166	1,0117987394332886	1,012028694152832	1,0120612382888794	1,0105700492858887	1,0105431079864502	1,0118868350982666	1,0118552446365356	1,012012243270874
