3,05604E-4
3,74768E-4
2,84588E-4
2,55786E-4
2,44597E-4
2,66356E-4
2,40483E-4
2,42247E-4
2,38235E-4
2,40611E-4
2,40182E-4
2,59161E-4
2,38613E-4
1,50372E-4
1,47654E-4
9,7066E-5
1,40975E-4
1,00981E-4
9,9917E-5
9,5052E-5
9,7425E-5
9,4143E-5
1,14121E-4
9,477E-5
9,658E-5
9,5317E-5
9,4353E-5
9,412E-5
9,4927E-5
7,1347E-5
7,1483E-5
7,0255E-5
6,9122E-5
6,7745E-5
7,025E-5
7,1835E-5
7,2453E-5
6,9214E-5
7,0073E-5
6,9472E-5
6,9161E-5
7,315E-5
6,8563E-5
6,8603E-5
6,8675E-5
6,8083E-5
7,3412E-5
6,8615E-5
6,7584E-5
6,7921E-5
6,748E-5
6,8373E-5
7,1849E-5
6,7868E-5
6,75E-5
6,6886E-5
6,8226E-5
6,7452E-5
6,766E-5
6,7064E-5
6,8568E-5
6,7376E-5
1,25093E-4
6,8312E-5
6,7497E-5
6,7379E-5
6,8986E-5
8,3781E-5
7,6322E-5
6,8076E-5
6,8319E-5
6,6529E-5
6,8328E-5
6,7523E-5
6,6965E-5
6,7939E-5
6,6466E-5
6,9228E-5
6,7014E-5
6,752E-5
6,7071E-5
6,7385E-5
6,6589E-5
7,1413E-5
6,5927E-5
6,8977E-5
6,7773E-5
6,7559E-5
6,8785E-5
6,6797E-5
6,754E-5
6,779E-5
6,7831E-5
6,9332E-5
6,6337E-5
6,7066E-5
6,7465E-5
6,8155E-5
6,7174E-5
6,9385E-5
6,9025E-5
6,8262E-5
6,643E-5
6,7838E-5
6,745E-5
6,7738E-5
6,6907E-5
6,8179E-5
6,6591E-5
6,6366E-5
6,7854E-5
6,7225E-5
6,9297E-5
6,8735E-5
6,7593E-5
6,8541E-5
6,693E-5
6,8886E-5
6,72E-5
7,474E-5
6,7602E-5
6,8464E-5
6,8045E-5
6,644E-5
6,9488E-5
6,7332E-5
6,7034E-5
6,7494E-5
6,7081E-5
6,7589E-5
6,7086E-5
6,7067E-5
6,6962E-5
6,6832E-5
6,7872E-5
6,7731E-5
6,8082E-5
6,643E-5
6,6421E-5
6,7292E-5
6,8578E-5
6,8096E-5
7,5925E-5
6,7033E-5
8,4497E-5
6,9479E-5
6,7551E-5
6,8591E-5
7,0534E-5
6,8254E-5
6,7888E-5
7,0713E-5
6,6779E-5
6,8352E-5
6,6742E-5
6,7239E-5
7,279E-5
6,6929E-5
6,8556E-5
6,7429E-5
6,7416E-5
6,642E-5
7,3236E-5
6,7953E-5
6,7675E-5
6,7273E-5
6,8029E-5
6,7998E-5
6,909E-5
6,8112E-5
6,8979E-5
6,8226E-5
6,6541E-5
6,7494E-5
6,7919E-5
6,7366E-5
6,6309E-5
6,7848E-5
6,7164E-5
6,703E-5
6,7675E-5
6,7682E-5
6,6703E-5
6,7238E-5
6,7296E-5
6,8308E-5
8,0629E-5
6,7832E-5
6,6352E-5
6,9616E-5
6,7163E-5
6,77E-5
6,7946E-5
6,7867E-5
6,7458E-5
6,7894E-5
6,6968E-5
6,6857E-5
6,8286E-5
6,9685E-5
6,7549E-5
7,1453E-5
6,7869E-5
6,8357E-5
6,7494E-5
6,9156E-5
6,7201E-5
6,7877E-5
6,7798E-5
6,7077E-5
6,7625E-5
7,3136E-5
6,8117E-5
6,8519E-5
6,9739E-5
6,7912E-5
6,9084E-5
7,0711E-5
7,3644E-5
6,9121E-5
6,6808E-5
6,8132E-5
7,0782E-5
6,9641E-5
6,9263E-5
6,8457E-5
0,001030055
6,9113E-5
6,8611E-5
6,9365E-5
7,045E-5
7,0036E-5
7,0232E-5
6,8788E-5
6,8242E-5
6,7789E-5
9,2682E-5
6,8739E-5
6,8993E-5
7,3536E-5
6,7083E-5
6,7832E-5
6,7446E-5
7,3983E-5
6,8025E-5
6,7841E-5
8,8715E-5
6,6698E-5
6,6548E-5
6,9443E-5
7,0488E-5
6,9363E-5
6,9766E-5
6,9775E-5
6,9294E-5
6,9041E-5
6,916E-5
6,9005E-5
6,9628E-5
6,8258E-5
6,8618E-5
6,8958E-5
6,9104E-5
6,93E-5
6,9948E-5
6,844E-5
7,0634E-5
6,7519E-5
6,65E-5
6,6245E-5
6,8766E-5
6,8444E-5
6,8433E-5
6,9255E-5
6,8316E-5
6,8974E-5
6,6923E-5
7,2416E-5
6,8518E-5
7,1534E-5
6,8905E-5
6,6737E-5
6,7165E-5
6,7206E-5
6,7306E-5
7,0569E-5
6,7381E-5
6,6863E-5
6,86E-5
6,8473E-5
6,8033E-5
6,7882E-5
7,2839E-5
6,8208E-5
7,0046E-5
7,0567E-5
6,8181E-5
7,0886E-5
6,8268E-5
6,8107E-5
6,846E-5
6,9578E-5
7,0195E-5
7,0872E-5
7,0527E-5
6,9797E-5
8,4973E-5
7,057E-5
6,9209E-5
7,0535E-5
7,017E-5
6,8912E-5
6,9004E-5
7,572E-5
6,7325E-5
7,0162E-5
7,0132E-5
6,8341E-5
6,8E-5
6,8015E-5
6,8604E-5
6,8819E-5
6,7675E-5
6,8455E-5
6,8881E-5
6,824E-5
6,8584E-5
6,8041E-5
6,9013E-5
6,7647E-5
6,699E-5
6,7835E-5
6,7077E-5
6,849E-5
6,8008E-5
6,9842E-5
6,7417E-5
6,6586E-5
6,7407E-5
6,7822E-5
6,7441E-5
6,9834E-5
6,7642E-5
7,7496E-5
6,7985E-5
6,6627E-5
6,6523E-5
6,7355E-5
6,688E-5
6,6306E-5
6,8718E-5
7,193E-5
6,6996E-5
6,8015E-5
6,7727E-5
6,7649E-5
6,7044E-5
6,7534E-5
6,9534E-5
7,0166E-5
6,8952E-5
6,8706E-5
6,7938E-5
6,7371E-5
6,7142E-5
6,7026E-5
6,8448E-5
7,1405E-5
6,8457E-5
6,9679E-5
6,8923E-5
6,8835E-5
6,8197E-5
7,053E-5
7,1719E-5
