0,002497285
0,043904521
0,04359288
0,044059921
0,043946548
0,043932432
0,04404348
0,043933104
0,043896574
0,044036794
0,043994599
0,044015379
0,043954927
0,045212284
0,042742917
0,043945025
0,043965654
0,04397166
0,044049617
0,044040172
0,044010045
0,04391055
0,043955512
0,044101694
0,04340407
0,043880484
0,044103896
0,043864846
0,044198203
0,043978609
0,043780635
0,044043138
0,043981534
0,043992109
0,043999432
0,044203476
0,043717513
0,043903728
0,044123453
0,043930312
0,043978763
0,04403985
0,043974069
0,044005667
0,044007427
0,043895012
0,043948897
0,044043976
0,043932817
0,044019346
0,043995458
0,043961679
0,043991888
0,044018241
0,044004042
0,04391802
0,044147468
0,043840124
0,04402087
0,044010375
0,043948152
0,043885552
0,045035171
0,042968581
0,04414163
0,044057624
0,043744504
0,044134141
0,043817184
0,044063415
0,043882891
0,043891601
0,044133121
0,043943691
0,043917753
0,043946695
0,044166026
0,044098043
0,043817454
0,044109898
0,043854823
0,043954229
0,044113474
0,044012547
0,043931471
0,043995015
0,043937884
0,044034499
0,043841353
0,044009565
0,044001844
0,044032176
0,043939186
0,043987023
0,043990306
0,04388559
0,044017569
0,044022459
0,044062946
0,044047057
0,043935316
0,044040857
0,043933758
0,043894337
0,044040514
0,043937711
0,043927041
0,04400128
0,044054369
0,044014562
0,043960783
0,04514324
0,042773919
0,044017305
0,043954772
0,043998179
0,043924424
0,043927055
0,044011853
0,043932256
0,044053106
0,04391354
0,044274603
0,043810638
0,04394768
0,043939182
0,044067822
0,044198293
0,043831555
0,043856779
0,043992879
0,043991427
0,044037557
0,043860675
0,044036106
0,044035282
0,044099261
0,043902084
0,044000792
0,04402636
0,043835088
0,044041865
0,043942344
0,044065866
0,043970346
0,044013649
0,043955076
0,044016466
0,043994274
0,043988307
0,044200219
0,043802006
0,043981133
0,044000032
0,0439385
0,044003078
0,04404927
0,04386936
0,044054666
0,043938755
0,045186098
0,042763389
0,044054886
0,043892412
0,044045908
0,043879894
0,044127697
0,043853776
0,043979003
0,044025507
0,043962753
0,044023365
0,043969226
0,043991393
0,044058968
0,044046212
0,043951392
0,043894817
0,043909636
0,04412977
0,043890066
0,043981506
0,043986457
0,043983633
0,043952967
0,043937508
0,044155682
0,043897745
0,043987827
0,044020106
0,043990985
0,044105757
0,043902764
0,043955549
0,044046111
0,04389575
0,043951665
0,044071583
0,043994505
0,043944825
0,04401952
0,043904903
0,044131608
0,04393018
0,043938593
0,043972913
0,0439371
0,044038435
0,043920829
0,045249338
0,042889228
0,044039685
0,043840346
0,044091644
0,043896427
0,043972732
0,043873862
0,044107988
0,043926337
0,044054279
0,044001203
0,044087095
0,043872154
0,044048528
0,043970585
0,043919588
0,043962765
0,043997472
0,043967117
0,044014944
0,044009249
0,043870474
0,044145068
0,043901044
0,044037843
0,04392838
0,043947451
0,044048404
0,044055546
0,043890069
0,044019908
0,043973984
0,044013202
0,044018185
0,044080544
0,043941653
0,043963492
0,043991877
0,043935041
0,043959321
0,043989171
0,0439695
0,044042302
0,043932682
0,043998673
0,044031598
0,043917504
0,04400692
0,045217554
0,042776865
0,043946014
0,044068356
0,043990457
0,043964365
0,04394946
0,04409177
0,04384408
0,044022067
0,043964373
0,044001606
0,044206508
0,043760506
0,044069831
0,044048982
0,043831274
0,044007153
0,043997547
0,04398967
0,043930928
0,044098578
0,043929201
0,044093525
0,043915512
0,044016252
0,043981761
0,04400191
0,044120622
0,04409558
0,043647253
0,044065166
0,043952745
0,044127968
0,043861627
0,044120765
0,043868306
0,044049359
0,044116019
0,043852922
0,044037589
0,043868915
0,043983265
0,044115531
0,043900735
0,044157851
0,043968597
0,043892895
0,043969675
0,045198575
0,042842427
0,043848553
0,044064148
0,043912419
0,044027962
0,044032686
0,04392799
0,044116411
0,045078273
0,042782433
0,043917067
0,044084546
0,043911254
0,044086888
0,043940917
0,043980601
0,04397723
0,04401919
0,044048581
0,044086545
0,04390574
0,043973769
0,044065648
0,043822028
0,043979137
0,044013174
0,044080974
0,043933122
0,04394134
0,04411623
0,043856967
0,044069258
0,043972911
0,044006219
0,043917527
0,044143263
0,043972994
0,044009062
0,04390267
0,044029205
0,043930271
0,044184613
0,043913022
0,044093469
0,043730001
0,04426678
0,043801663
0,044040253
0,045308418
0,042731068
0,043956159
0,043858908
0,044087828
0,044039106
0,043872736
0,044078231
0,043973198
0,043869371
0,044002629
0,043988271
0,044096496
0,043782497
0,044011769
0,044030783
0,043991389
0,044095193
0,043952504
0,043931969
0,044091568
0,043930179
0,044003522
0,04392709
0,044070036
0,044089148
0,043827232
0,044014688
0,043972971
0,044051047
0,043844626
0,043996646
0,044166748
0,04379013
0,044020374
0,04393629
0,044122536
0,043849834
0,044129284
0,043949951
0,043933108
0,044038456
0,043950058
0,043971624
0,044065511
0,043884559
0,044091755
0,043965199
0,044034691
0,045126606
0,042855769
0,043946981
0,043939576
0,043964889
0,043944607
0,044006156
0,043925396
0,044052742
0,044060073
0,04388693
0,044077897
0,044073055
0,043790787
0,044123504
0,043919991
0,044027685
0,044004125
0,043867398
0,044105631
0,043969186
0,044129158
0,04396991
0,043866245
0,043967187
0,044097881
0,04390456
0,043960582
0,044021246
0,043860771
0,044143516
0,043927989
0,043852404
0,04412502
0,043966088
0,044017869
0,043939481
0,044034665
0,043982412
0,043988284
0,043925048
0,043986259
0,043959485
0,044017898
0,044023188
0,04411441
0,043911398
0,044005333
0,043951518
0,045176379
0,042821221
0,043900493
0,04401059
0,044070376
0,043971413
0,04401005
0,043819255
0,044068734
0,045158341
0,042768668
0,044112681
0,04390254
0,043993759
0,044037979
0,043964702
0,043939521
0,04394796
0,044001695
0,04431492
0,043815133
0,044107218
0,043825452
0,044036157
0,044010399
0,044083892
0,043920862
0,043911496
0,043997134
0,043951213
0,043960546
0,044074402
0,043965516
0,043964388
0,044022895
0,044049437
0,043872598
0,044033515
0,043933164
0,043943343
0,043997416
0,043954242
0,044019498
0,043993196
0,044075966
0,043913931
0,043968199
0,044036974
0,043846898
0,045183238
0,042723276
0,044055467
0,044009756
0,04391258
0,044019861
0,04392809
0,044062845
0,044136569
0,043699484
0,044164729
0,043852783
0,044071251
0,043950605
0,044065076
0,043910367
0,044028122
0,043995113
0,043913783
0,044073242
0,043943224
0,04403645
0,044065207
0,043911132
0,043898878
0,044068963
0,044033547
0,043884614
0,044099748
0,04397204
0,044002396
0,044002075
0,043975813
0,044021485
0,043943522
0,044034885
0,043972726
0,044063369
0,043851371
0,043956955
0,044005959
0,044200414
0,043847245
0,043942995
0,044063382
0,043985857
0,04392929
0,044053047
0,043873357
0,045262837
0,042825005
0,04390099
0,044064234
0,044140627
0,04380162
0,044032744
0,043905233
0,044089833
0,045239685
0,042732117
0,044075107
0,044058702
0,043881069
0,044031177
0,044059115
0,043898121
0,044058522
0,043971532
0,043933323
0,043959683
0,04403842
0,043867094
0,044112174
0,043921887
0,044038991
0,044040664
0,043998338
0,043984796
0,044158055
0,043805851
0,043978683
0,044097926
0,044001767
0,043953465
0,043970582
0,043975785
0,044057601
0,043946822
0,044089066
0,044020025
0,044030125
0,043771978
0,04399824
0,04401462
0,043982379
0,043981425
0,044172585
0,043802954
0,04402665
0,044047026
0,04388961
0,044155812
0,043910945
0,044044196
0,043935682
0,0440672
0,044003577
0,045389997
0,042615664
0,043937805
0,043938861
0,043991531
0,044099554
0,043918573
0,044066501
0,043897865
0,044010884
0,044018834
0,043943879
0,044059983
0,043903605
0,044044323
0,044074202
0,043815787
0,044075577
0,043956904
0,044052586
0,043993112
0,044067241
0,043988233
0,043848882
0,044193118
0,043924968
0,044078073
0,043884092
0,043981538
0,04411692
0,043887639
0,043955029
0,044005012
0,044142882
0,043817003
0,044067686
0,043919701
0,044045386
0,043976053
0,043954442
0,045348809
0,042647369
0,043956242
0,044065124
0,043998955
0,044029153
0,043934177
0,044014262
0,04389485
0,045218206
0,042808095
0,044050899
0,044054871
0,043943227
0,043954781
0,044018655
0,043925416
0,044057176
0,043951902
0,043971479
0,043997794
0,044006384
0,044286898
0,043747275
0,044082935
0,043918326
0,043966377
0,043977771
0,044020381
0,044004408
0,044037643
0,044011326
0,043991404
0,043926112
0,043940948
0,04424498
0,043849536
0,043927965
0,04394392
0,044103389
0,043903632
0,044005572
0,04397925
0,043991413
0,044069657
0,043918257
0,043961557
0,044094601
0,043993019
0,04401386
0,043968109
0,043947865
0,044065854
0,043939726
0,044056336
0,043935355
0,044052711
0,045082296
0,044057123
0,042760538
0,044231429
0,043736433
0,044067173
0,044032238
0,04407741
0,043910777
0,043942102
0,043941327
0,044057672
0,044030152
0,04400895
0,043880919
0,044103827
0,043947346
0,044001927
0,043927579
0,044181299
0,043782028
0,044026012
0,043955331
0,044075364
0,04392398
0,044031561
0,043893102
0,044006885
0,044099421
0,043940696
0,043971444
0,044127138
0,043962891
0,043916006
0,043975245
0,044028414
0,044009236
0,043995222
0,043947748
0,043990052
0,044078193
0,043879623
0,044023932
0,043998278
0,043999105
0,044229982
0,043693974
0,044003172
0,043998577
0,044121592
0,045248632
0,042773813
0,0439219
0,044008296
0,043916563
0,044243882
0,043844249
0,044146629
0,043807172
0,044058924
0,043902998
0,044042164
0,043980773
0,043986942
0,043965078
0,04409143
0,044073694
0,043797293
0,044094525
0,043884805
0,043957278
0,044015563
0,043955463
0,043965264
0,044062984
0,044086665
0,043825078
0,044096602
0,044037417
0,043884757
0,043976747
0,044226693
0,043695599
0,044050034
0,043926839
0,044115506
0,044163033
0,043781766
0,04401605
0,043978356
0,04401548
0,043908654
0,044120731
0,043901751
0,044065034
0,043990993
0,043969282
0,044043443
0,044006648
0,04516091
0,042704539
0,044051994
0,043978505
0,04396942
0,044028069
0,044069841
0,043993402
0,043889224
0,044021364
0,044107271
0,043945914
0,043977595
0,044019362
0,043952046
0,04401872
0,043995054
0,043946905
0,043952607
0,043982529
0,044029742
0,043991402
0,044227844
0,043827998
0,043963911
0,044005028
0,043989913
0,044112797
0,043832657
0,044153745
0,043758917
0,044195927
0,043873704
0,044092727
0,043915543
0,043976009
0,044069372
0,043862235
0,044116506
0,043976902
0,043963876
0,043934801
0,044035867
0,043969303
0,044098755
0,043867997
0,044105917
0,043959151
0,043872158
0,045293625
0,042812515
0,044013916
0,043985852
0,04390875
0,044118616
0,043919672
0,044065531
0,043964077
0,043882497
0,044056865
0,044034531
0,04394036
0,043998522
0,043961412
0,044042411
0,043957721
0,044117536
0,043867979
0,043910702
0,04428592
0,043788389
0,043966932
0,044134726
0,044101902
0,043775482
0,04410644
0,043835744
0,043971758
0,044008215
0,044071812
0,044118642
0,043863353
0,044082188
0,04382654
0,044040985
0,044056613
0,044005262
0,043902759
0,04402252
0,043967504
0,043991304
0,043950904
0,044081143
0,044055741
0,043915003
0,043881038
0,044020057
0,044090477
0,04520915
0,042799172
0,043987567
0,044150207
0,0437478
0,04400755
0,044265963
0,043792563
0,043936247
0,043992334
0,043998744
0,044195873
0,043838016
0,043943085
0,044003939
0,044031247
0,043961317
0,044027655
0,043978595
0,043958904
0,044068111
0,043931796
0,044081195
0,043897841
0,044055061
0,043958197
0,043968949
0,044077104
0,043937433
0,044029231
0,043919857
0,044009918
0,043941124
0,04414484
0,043934203
0,043901411
0,044139717
0,043894518
0,044112191
0,043895989
0,045104645
0,042990091
0,043775862
0,043982204
0,043995775
0,044102484
0,04395268
0,044004228
0,044001513
0,045307169
0,042706244
0,043975526
0,043963512
0,043926557
0,044086456
0,04398597
0,043973658
0,043978415
0,044005555
0,044010647
0,043994585
0,044058613
0,043928608
0,043992003
0,044040818
0,043922145
0,044084644
0,04402146
0,043854395
0,044015149
0,043993897
0,043961423
0,04411006
0,044025473
0,043917646
0,044040632
0,04405459
0,043933055
0,043986479
0,044042438
0,043985811
0,043924305
0,044078587
0,043983062
0,044180264
0,043918739
0,043905981
0,043926335
0,044014313
0,045567927
0,042380383
0,043956671
0,044081691
0,043962944
0,043967525
0,044091487
0,044006307
0,043899312
0,043930096
0,044160347
0,043760248
0,044135677
0,043984247
0,044009931
0,043856707
0,044021101
0,044119037
0,043752845
0,044246099
0,043801416
0,044051902
0,043983002
0,043987001
0,043940166
0,044029655
0,044116757
0,044007746
0,043949338
0,04393485
0,044005874
0,044021864
0,043967476
0,044089125
0,043816711
0,044062014
0,04397267
0,044062109
0,043973753
0,043865662
0,044046868
0,043937282
0,044097979
0,043970753
0,04395874
0,043996892
0,044076561
0,044037435
0,043907418
0,045327258
0,042704586
0,044025563
0,044136094
0,043773906
0,044160439
0,04383582
0,043921561
0,044184776
0,045199217
0,042644655
0,04400174
0,043909845
0,0440608
0,043971347
0,044266237
0,043754618
0,044012837
0,043912759
0,044035895
0,044054751
0,044019387
0,044107202
0,04395267
0,043809425
0,044075148
0,043861774
0,044137209
0,043997019
0,044014092
0,044006392
0,043977551
0,044268974
0,043653258
0,043991322
0,044162597
0,043924552
0,043918937
0,044030927
0,044154238
0,043829479
0,043899584
0,04391512
0,044018699
0,044090552
0,043984287
0,043999104
0,04400011
0,044035323
0,045242447
0,042639835
0,044042305
0,04403764
0,044207162
0,043851987
0,043742078
0,044013088
0,044146581
0,043914513
0,044113701
0,044056722
0,04400141
0,043849292
0,043942286
0,043916963
0,044135179
0,043904003
0,044010553
0,043986927
0,04416933
0,043834825
0,044055081
0,043953221
0,044016806
0,043937164
0,044006944
0,044003655
0,043991667
0,044083817
0,043864661
0,044141034
0,043972417
0,043941429
0,043986159
0,043965521
0,044052702
0,043960587
0,044019263
0,043853921
0,044071153
0,044005849
0,043970603
0,043965241
0,044047108
0,044095591
0,043899967
0,043956599
0,044025923
0,045133129
0,042863536
0,043900218
0,04406048
0,044014336
0,044019241
0,043999608
0,043922799
0,043972691
0,044036285
0,044069033
0,043944359
0,043998994
0,04394509
0,044046365
0,043882828
0,044076068
0,044005229
0,0439496
0,044009207
0,043980058
0,044047411
0,043937324
0,044136883
0,043965593
0,043929884
0,043977051
0,044024554
0,044081567
0,04386013
0,043943435
0,044090141
0,043885491
0,043985602
0,044034883
0,044120456
0,043861441
0,04415079
0,043826052
0,043969747
0,044033579
0,043987856
0,043991394
0,044076299
0,043888442
0,043949147
0,044055195
0,044132683
0,043983021
0,045078143
0,042734091
0,044145717
0,043822962
0,044223293
0,04388221
0,043942042
0,043943296
0,044022586
0,043964993
0,044000116
0,043937473
0,044089922
0,043925476
0,044032738
0,044075155
0,043924553
0,043980624
0,043949897
0,044040345
0,044047694
0,044065346
0,044013667
0,043793513
0,044069283
0,044038546
0,043934162
0,04400323
0,043968457
0,043919193
0,044080514
0,044040474
0,044005736
0,044038171
0,043872131
0,0440675
0,043920769
0,043990603
0,044004942
0,044073859
0,04396179
0,044026646
0,044442773
0,043473014
0,044011819
0,043890201
0,044071217
0,044010468
0,043996879
0,04520616
0,042789475
0,044023432
0,043973192
0,0439173
0,044078118
0,044044986
0,043989119
0,043829885
0,045413573
0,042690386
0,044102252
0,043797426
0,044055009
0,043949901
0,044129062
0,043777723
0,044254504
0,043708984
0,044069015
0,044103858
0,043889486
0,044041578
0,0439288
0,044013512
0,043967718
0,044046873
0,043970698
0,043983293
0,044040758
0,044018073
0,043930088
0,043961864
0,043966608
0,044155668
0,043899431
0,043999676
0,04407106
0,043951877
0,043911479
0,044163104
0,043898692
0,043962037
0,044197417
0,043820049
0,043966224
0,04403717
0,043887104
0,043993006
0,045343132
0,042636098
0,044081124
0,043906309
0,04399117
0,044168142
0,043817868
0,044156696
0,043936203
0,045266579
0,042601037
0,044026614
0,043914333
0,0441106
0,044009808
0,044596835
0,043450991
0,043933153
0,043950475
0,044073702
0,043896112
0,044045962
0,043949851
0,043945941
0,044090998
0,043967766
0,043969765
0,044010322
0,043961085
0,043963871
0,044089828
0,04395111
0,044013111
0,043914599
0,043992384
0,04399024
0,043951399
0,04412203
0,043942339
0,044100276
0,043914558
0,044079396
0,043861803
0,044056752
0,044021257
0,043857572
0,044065189
0,044067133
0,043910433
0,04398033
0,044051318
0,043964568
0,04410558
0,044020229
0,043907976
0,043824277
0,044055232
0,044101004
0,045237957
0,042725713
0,043939964
0,044028544
0,0440262
0,043925023
0,04400926
0,043965334
0,044059996
0,043927944
0,04403319
0,043844597
0,044050625
0,044001377
0,044030104
0,043964524
0,044058418
0,043909566
0,044011766
0,044029458
0,043945409
0,044021071
0,043907748
0,044090209
0,044067983
0,043894714
0,0441977
0,043869032
0,043936666
0,044088405
0,04397157
0,044083916
0,043971154
0,043933298
0,043925171
0,044115229
0,043903192
0,043963654
0,0439207
0,043958025
0,04412356
0,043968913
0,044006278
0,043986551
0,043926873
0,044050283
0,044035424
0,043965264
0,043937456
0,043972479
0,04406905
0,043936124
0,043949007
0,044026501
0,04400429
0,04404821
0,044051424
0,043964358
0,043908689
0,044053344
0,043969889
0,044004601
0,043942347
0,044140491
0,043875852
0,044022079
0,044000386
0,043923906
0,044029702
0,044078482
0,044035769
0,043916824
0,043944227
0,043935385
0,044088877
0,044073044
0,043943552
0,04396031
0,04395406
0,043970927
0,04405197
0,044003861
0,04396563
0,044024161
0,043971236
0,044026296
0,043943235
0,043975572
0,04393747
0,045255514
0,042687143
0,04408382
0,044038919
0,043914371
0,044081628
0,044084505
0,043965403
0,043967647
0,043986689
0,044003401
0,043899576
0,044031115
0,043947535
0,04396265
0,044055668
0,043967569
0,044017968
0,043904536
0,044071713
0,043911327
0,044118378
0,043975964
0,044000482
0,043961979
0,044038629
0,043990055
0,043901264
0,044034869
0,044053211
0,043980438
0,044270623
0,043715827
0,043992983
0,04395439
0,044019948
0,043982434
0,043994769
0,043975092
0,044112865
0,043904414
0,043887419
0,044116672
0,043936677
0,043931392
0,044039843
0,044187144
0,043875576
0,044041816
0,045180053
0,042740533
0,043986817
0,043947623
0,044048485
0,043981985
0,04400857
0,043951771
0,043952491
0,045441679
0,042648154
0,044117253
0,043897224
0,043952438
0,044036706
0,043982163
0,043893938
0,04402592
0,043961155
0,044029183
0,043977319
0,043925059
0,04397603
0,044045873
0,044196066
0,043812459
0,043983626
0,044042496
0,043951399
0,043998291
0,043973162
0,043940415
0,043987731
0,044071975
0,043903001
0,04402705
0,043997969
0,043986416
0,044047251
0,043954993
0,04394951
0,04401782
0,04405106
0,04391813
0,043970039
0,044097005
0,04413077
0,043820979
0,044156362
0,043890612
0,044000214
0,044038261
0,043928688
0,043958326
0,043966641
0,044021235
0,043949857
0,043985637
0,04533585
0,042727469
0,043950081
0,04400716
0,0440209
0,043921414
0,044204652
0,043847691
0,043870665
0,044091958
0,043959301
0,044031121
0,044061316
0,043908106
0,044050364
0,044059419
0,043900724
0,044028745
0,04394161
0,044005028
0,043964655
0,044029428
0,043981236
0,044169497
0,043817731
0,043994255
0,043970414
0,044013793
0,043953219
0,044229646
0,04376958
0,044108983
0,044021198
0,043860087
0,043984156
0,04397735
0,044004945
0,044097035
0,043943498
0,043982633
0,043979827
0,044016774
0,043984855
0,044058661
0,043872814
0,044013455
0,044063812
0,043899005
0,044146866
0,045372264
0,042532887
0,043978855
0,043965351
0,043995153
0,043987303
0,044053063
0,043943648
0,044080684
0,043926487
0,044005306
0,043988203
0,043924544
0,044099376
0,04399336
0,044038779
0,043936595
0,04398664
0,043999604
0,043957125
0,044026974
0,043970114
0,043863802
0,044134193
0,043956154
0,044038584
0,043931694
0,043980747
0,043992477
0,04404417
0,043932801
0,043995899
0,044011774
0,04408798
0,043953418
0,044021144
0,043948787
0,044039311
0,043922163
0,044040746
0,04399702
0,04395072
0,044094551
0,043950704
0,044044334
0,043989521
0,043886565
0,044027408
0,044035348
0,045178719
0,042823016
0,043943696
0,044125922
0,043844651
0,043991131
0,043971777
0,044089395
0,043990423
0,043915786
0,044088738
0,043927908
0,044023386
0,043963897
0,04394261
0,044016259
0,04388459
0,044109728
0,043842339
0,044221872
0,04406234
0,043844243
0,044003897
0,044081186
0,044000757
0,043925186
0,043961231
0,043914646
0,044114496
0,043921599
0,043943602
0,044072262
0,044030296
0,043892138
0,044042024
0,043943817
0,044050977
0,044023875
0,043952293
0,043994002
0,044044338
0,044037694
0,043950564
0,043955739
0,044129103
0,04403601
0,043787468
0,044267888
0,043912536
0,045239852
0,042693991
0,043892591
0,044098689
0,043869407
0,044079573
0,044034923
0,04399896
0,044041997
0,045179551
0,042579452
0,044085044
0,043844777
0,04405064
0,044119841
0,043940465
0,043943721
0,044025734
0,043941444
0,043960063
0,044098587
0,044051826
0,043936442
0,044002894
0,044007144
0,044033978
0,04387301
0,044095798
0,044011522
0,043923463
0,044005663
0,043997922
0,044110919
0,043882719
0,044116422
0,043853499
0,044153483
0,043871665
0,043931217
0,044096601
0,043843681
0,04404332
0,044009064
0,044010364
0,044006461
0,043889328
0,044050957
0,043964996
0,044009798
0,045280383
0,042680693
0,044153756
0,043900196
0,043923452
0,043995742
0,044110012
0,043934788
0,043924848
0,045396613
0,042661274
0,044085013
0,043796223
0,044186341
0,043978045
0,043923527
0,043970492
0,044069508
0,045037795
0,042899683
0,043985347
0,044063785
0,043864236
0,044147749
0,043810439
0,043990055
0,044047538
0,043955881
0,044215764
0,043718626
0,0440628
0,043965425
0,044098766
0,043955966
0,043997944
0,044002947
0,043850184
0,044123018
0,043881539
0,044069483
0,0440323
0,043915426
0,044066794
0,04392635
0,044186478
0,043782592
0,044164859
0,04394679
0,043890679
0,044046615
0,044021052
0,044138166
0,043792815
0,044074277
0,043982873
0,044001127
0,043985674
0,043972113
0,045498711
0,042419935
0,044037505
0,043936869
0,044111447
0,043901667
0,04424002
0,043750538
0,044024415
0,045335085
0,042677789
0,043932393
0,044071331
0,043868203
0,044004197
0,044075287
0,044011979
0,043840033
0,044162535
0,043847517
0,044180349
0,044315676
0,043721413
0,043881705
0,044074927
0,044291317
0,043706641
0,043909967
0,043892339
0,043933352
0,044129251
0,044056057
0,044433578
0,043556197
0,043942709
0,044162799
0,043915201
0,044019897
0,043908604
0,043848803
0,044033569
0,04399582
0,044123242
0,043951203
0,043872285
0,044150843
0,043966717
0,044757571
0,043129924
0,045406778
0,042655734
0,044008183
0,043980288
0,044053949
0,043830991
0,043950048
0,04412809
0,04381475
0,045399578
0,042641881
0,044093469
0,043930473
0,044053678
0,043916295
0,043957965
0,044156984
0,043897245
0,043954267
0,044128551
0,043808597
0,044014773
0,044087335
0,043988654
0,043963161
0,04404029
0,043882995
0,04412473
0,043990521
0,044042124
0,043788849
0,04409514
0,044021358
0,04399467
0,044068687
0,043804939
0,044093441
0,044026498
0,043903431
0,044149728
0,043837454
0,043967724
0,043982197
0,043996347
0,044076896
0,043919019
0,044171802
0,043877503
0,044032361
0,045389241
0,042636395
0,043930973
0,043861054
0,043959497
0,044055532
0,044103898
0,043905818
0,04413294
0,045106257
0,042746481
0,044008071
0,043954104
0,044062341
0,043876293
0,04418627
0,043917062
0,043929215
0,043935493
0,044160392
0,043870454
0,04401351
0,044079589
0,043882775
0,044006217
0,044011578
0,044034019
0,04392234
0,043950121
0,044241128
0,043865666
0,044140089
0,043853701
0,044075018
0,043908189
0,04407329
0,043908659
0,043920166
0,044120308
0,044028031
0,043867951
0,044134882
0,043826821
0,044014102
0,044121902
0,043851449
0,044173137
0,04384915
0,044112814
0,045236972
0,042594737
0,043907037
0,044134003
0,043896319
0,044048934
0,044054949
0,04401943
0,043867138
0,045426635
0,042595374
0,044089255
0,043823988
0,044044018
0,044139246
0,043908972
0,043933393
0,044079683
0,045228933
0,042713487
0,043950781
0,04408043
0,043999101
0,043977182
0,043879768
0,044044812
0,04396792
0,043912451
0,044145917
0,043919738
0,044098987
0,043816631
0,043997428
0,044047376
0,043899008
0,044127721
0,044035539
0,043878747
0,044110432
0,043969782
0,043912781
0,044088764
0,043928458
0,044024141
0,043883853
0,044239327
0,043710792
0,04419234
0,043961319
0,043778794
0,044152726
0,044030005
0,043965648
0,043910099
0,044054296
0,043995486
0,044018499
0,044007983
0,045477826
0,042294789
0,044148981
0,043935242
0,043968757
0,043994043
0,044150609
0,043859551
0,043959809
0,045450167
0,042525855
0,043991919
0,044069099
0,044021732
0,044002813
0,043907646
0,044093383
0,043919226
0,043820884
0,044105021
0,043967759
0,044073206
0,044014482
0,044018002
0,044040213
0,043907757
0,043922683
0,04412321
0,043915111
0,043928265
0,044117265
0,04392967
0,043960522
0,04410275
0,043882231
0,043937528
0,044107564
0,043904063
0,044173997
0,043926947
0,045331686
0,042594756
0,044014988
0,044030999
0,043774704
0,044083606
0,043912488
0,044163274
0,043916456
0,045269633
0,042824796
0,043836071
0,044049972
0,04401501
0,043981734
0,043897125
0,044181877
0,043948508
0,045497084
0,042346951
0,04404729
0,044100644
0,044026774
0,043766364
0,044102085
0,044018878
0,043899294
0,043977937
0,044133414
0,043722919
0,04412482
0,044108475
0,044117319
0,043847766
0,044031175
0,043843282
0,043977287
0,044054446
0,043952509
0,044058402
0,044068917
0,043918265
0,0440903
0,043804691
0,044006783
0,044074291
0,044119266
0,043815335
0,044138821
0,045322063
0,042622466
0,043846497
0,044110036
0,04390815
0,044049375
0,043933802
0,044039775
0,0437724
0,045356489
0,042855902
0,044024227
0,043943504
0,044033245
0,043795927
0,044213737
0,044011914
0,043894411
0,043922194
0,043953808
0,044116456
0,043830491
0,044005679
0,044039737
0,044033614
0,04413821
0,043672815
0,044302579
0,04382967
0,04398269
0,044139657
0,043862633
0,043895126
0,04421559
0,043842577
0,044102689
0,043832544
0,044071413
0,043932773
0,044160849
0,043843621
0,0440329
0,04401315
0,043847229
0,044145874
0,043841352
0,044041374
0,044101057
0,043840737
0,045309768
0,042647441
0,044148587
0,04385035
0,044164693
0,044023328
0,043831637
0,044067972
0,043936185
0,045238915
0,042834418
0,04387634
0,044077403
0,044010214
0,043957081
0,04396339
0,04404591
0,043880489
0,045392805
0,042615779
0,044045254
0,044184909
0,043979539
0,043757217
0,044010684
0,044003657
0,044018925
0,044065678
0,04392779
0,043962602
0,044022706
0,043861494
0,044205253
0,04381587
0,04409709
0,044042247
0,043841471
0,044001672
0,044030797
0,044138716
0,043996111
0,043901762
0,043974418
0,043912467
0,043987745
0,043965146
0,043981011
0,044093472
0,043932025
0,044070858
0,04395812
0,043961218
0,044162946
0,04395218
0,043924671
0,043971869
0,044107943
0,043974795
0,045220024
0,042686954
0,044001684
0,044642915
0,043299652
0,04404084
0,043869751
0,044163806
0,044014688
0,045464467
0,04238063
0,044145993
0,043854922
0,043965522
0,044066767
0,043870578
0,04421009
0,043917858
0,043979262
0,043903916
0,044095612
0,043898306
0,044083408
0,043879502
0,044014101
0,04423491
0,043953917
0,04394623
0,044057308
0,043943173
0,04396514
0,044044828
0,043841382
0,044013381
0,044060899
0,04389367
0,044071729
0,043938232
0,043951513
0,044145832
0,043873612
0,043985406
0,04395189
0,044001019
0,044050371
0,043961533
0,043978827
0,044202864
0,043912832
0,04522884
0,042721374
0,043889977
0,044048277
0,043958446
0,044028805
0,043958787
0,043993395
0,043914354
0,045534423
0,042441492
0,044033886
0,044081698
0,043959649
0,044019995
0,043961824
0,044022073
0,044003068
0,044026578
0,043853092
0,044131925
0,044057397
0,043859895
0,044020288
0,044108517
0,043935048
0,043974874
0,043984712
0,043990327
0,043867089
0,044092518
0,044061929
0,043956484
0,044099129
0,04381259
0,044104273
0,043917949
0,043963303
0,043825957
0,044069665
0,044192686
0,043822912
0,044115217
0,04375269
0,044130034
0,043952113
0,044104269
0,043865193
0,044146484
0,043833429
0,044055223
0,043964995
0,044039437
0,044012887
0,043859206
0,044087836
0,043953071
0,0441306
0,045408621
0,042502783
0,043980826
0,044029305
0,043957755
0,044029743
0,044022069
0,043765689
0,044198767
0,045220507
0,042788142
0,043965189
0,043921125
0,044113308
0,04380417
0,044063918
0,04388331
0,044238185
0,043799718
0,043977085
0,044090237
0,043993992
0,044017579
0,043882676
0,044138248
0,044008295
0,043915284
0,043840703
0,044216306
0,04388586
0,044155282
0,043784172
0,044322228
0,043820861
0,043781805
0,044251333
0,043705077
0,044063325
0,04417951
0,044035562
0,043790133
0,043993172
0,043993138
0,044045002
0,043876041
0,044063686
0,043900836
0,04402473
0,044123631
0,045329527
0,042633565
0,04395087
0,044035881
0,043997242
0,043860141
0,043974998
0,044021039
0,044117071
0,045138011
0,042938905
0,043816922
0,044043151
0,043888215
0,044236992
0,043794371
0,044027726
0,044032518
0,043921354
0,044105304
0,044094195
0,043919929
0,043932354
0,043918255
0,04403646
0,043967259
0,043984301
0,043966443
0,043981682
0,04408244
0,044173837
0,043933588
0,043877848
0,043954409
0,04401204
0,044089862
0,043855453
0,044056292
0,043869601
0,043993392
0,044159688
0,043997841
0,043882745
0,044155883
0,043917669
0,044053508
0,043713424
0,044202015
0,043925157
0,045267815
0,042826112
0,043797071
0,044234653
0,043741001
0,044176532
0,043944416
0,043953635
0,043978578
0,045234715
0,042716833
0,044200132
0,043866367
0,043966205
0,043971557
0,044027215
0,04410916
0,043832171
0,044080664
0,043951139
0,043985866
0,043973762
0,044138601
0,043973937
0,043794796
0,044044209
0,043963333
0,043982255
0,044148396
0,043985042
0,044076192
0,043799528
0,04391596
0,043989143
0,044173494
0,044036351
0,043882139
0,043953967
0,043997375
0,043938147
0,044118001
0,043887249
0,044147493
0,043918386
0,043909648
0,044056756
0,043850669
0,044070004
0,044197999
0,045236626
0,042587819
0,044145824
0,043746694
0,044032131
0,043951889
0,044084348
0,043854967
0,044214748
0,045185289
0,042692183
0,043908322
0,044123302
0,043918616
0,044158557
0,043946397
0,043837912
0,044016722
0,043967699
0,044008602
0,043959033
0,044159977
0,043939894
0,044044255
0,044019879
0,043821967
0,044114802
0,044096367
0,043870906
0,043888558
0,044094063
0,04390593
0,043927766
0,044151318
0,043846271
0,044067068
0,043913122
0,044074996
0,044064485
0,043838334
0,043994109
0,04434657
0,043795473
0,043807084
0,044171293
0,043925635
0,043852734
0,043909613
0,04418396
0,044118793
0,043904185
0,043703129
0,044105749
0,043899913
0,044283023
0,043750191
0,043996837
0,044014717
0,045424283
0,04260685
0,043975088
0,043843131
0,044094561
0,043900126
0,044070886
0,044133618
0,043817243
0,045558977
0,042348246
0,044099661
0,043886387
0,044211185
0,043853884
0,044073238
0,044141004
0,043782256
0,043974707
0,044051705
0,044108359
0,043903893
0,043822528
0,044199855
0,043865205
0,043998384
0,043998269
0,044047906
0,043844586
0,044109752
0,043809683
0,044110695
0,043975393
0,044016766
0,043964735
0,044096121
0,043906923
0,04410409
0,043786391
0,044154123
0,043911
0,044042453
0,044034843
0,043909723
0,043995829
0,044220937
0,043794385
0,044061717
0,04397927
0,045342158
0,042657647
0,04387274
0,044073926
0,043927913
0,043968376
0,044190686
0,043791582
0,044129562
0,045378613
0,042674161
0,043809222
0,044003385
0,044049151
0,043908225
0,044080994
0,043845173
0,044092426
0,044046812
0,043821056
0,044128426
0,044070999
0,043850401
0,044064407
0,043967321
0,044035213
0,043853778
0,043936384
0,044156156
0,043943374
0,044126973
0,043761108
0,04408294
0,04417232
0,043758951
0,044329142
0,043638383
0,044149222
0,044100303
0,043887261
0,043947342
0,043954696
0,044015429
0,043967207
0,043972875
0,044114586
0,043892999
0,044161106
0,043861534
0,045606156
0,042309706
0,044073805
0,044054314
0,043919616
0,044064217
0,043926082
0,044089125
0,043838269
0,045454596
0,042543408
0,044015516
0,044116909
0,043856172
0,044152907
0,044002387
0,043957479
0,043947265
0,043888844
0,044235783
0,043871361
0,043877062
0,044262005
0,04380997
0,043935397
0,044109554
0,04388665
0,044194418
0,04376007
0,044008793
0,044001043
0,043978683
0,044204644
0,043740333
0,044252111
0,043837617
0,043999702
0,043864964
0,044180972
0,043894614
0,044019603
0,04389398
0,044067037
0,043874548
0,044173447
0,044054316
0,043778534
0,044126278
0,043940006
0,045457298
0,042552303
0,043899674
0,044061132
0,044083804
0,043955225
0,044022871
0,043886004
0,044047831
0,045227567
0,042632081
0,044163256
0,04411315
0,043796078
0,044134042
0,043830468
0,04405173
0,043921514
0,045517373
0,042515619
0,044067423
0,044004387
0,043976578
0,044067447
0,043889695
0,044031238
0,044064177
0,043902962
0,043920743
0,044156636
0,043897605
0,043952238
0,043889774
0,044064838
0,044069814
0,044004795
0,043840769
0,044163819
0,043848322
0,044133804
0,043948986
0,044066686
0,043944705
0,044034992
0,043917836
0,044012165
0,044011961
0,043916136
0,043988534
0,044050512
0,04400952
0,043999812
0,043989416
0,043985752
0,044129477
0,043888406
0,043959484
0,044139272
0,045182631
0,042571417
0,043995509
0,044114619
0,043857575
0,044028542
0,044062411
0,044072933
0,043886733
0,045408371
0,042537909
0,043962905
0,044052537
0,043962408
0,043956756
0,04392221
0,044208973
0,043934719
0,043908659
0,044213177
0,043774769
0,044296093
0,043741374
0,04418048
0,043765056
0,044023254
0,044039737
0,043995428
0,043957424
0,043887614
0,044212993
0,043759441
0,044302343
0,043782521
0,044004672
0,044054638
0,043951567
0,043974611
0,044039371
0,044054472
0,043846399
0,044106796
0,043929448
0,044024281
0,044141206
0,043779394
0,044041969
0,04402184
0,043945656
0,045371408
0,042634651
0,044185617
0,043827059
0,043899975
0,044016359
0,043944729
0,044147357
0,043929723
0,045393541
0,042499797
0,043982849
0,044220667
0,044000866
0,043842906
0,043935197
0,043933154
0,044055877
0,04518147
0,042903527
0,043850019
0,044101551
0,043874801
0,044030307
0,044040255
0,04389558
0,044008413
0,044031746
0,043943169
0,044174366
0,043873176
0,043941582
0,044027247
0,043998098
0,043995609
0,043995306
0,044080532
0,043918522
0,0439671
0,044001026
0,044137849
0,043896858
0,043998014
0,043935464
0,044069382
0,044006279
0,043865609
0,044153592
0,043832785
0,045483828
0,042568092
0,044162711
0,043760972
0,044025015
0,044007995
0,044098955
0,043802472
0,044119192
0,045130141
0,042850837
0,043886523
0,044099443
0,044150626
0,043812549
0,043996963
0,043924021
0,044107226
0,045109422
0,042921164
0,043849625
0,044104776
0,043835446
0,044116846
0,044051993
0,043993717
0,043983023
0,043893733
0,044103175
0,043871847
0,04413376
0,043832496
0,044054798
0,044040797
0,043917901
0,044229758
0,043850039
0,043829568
0,044063802
0,044135478
0,043798391
0,043977167
0,044292864
0,04393809
0,043928332
0,043924018
0,043951067
0,044117211
0,043908604
0,043934778
0,043991138
0,043918622
0,044152288
0,043946834
0,04410713
0,043915161
0,043989102
0,04419524
0,045186635
0,042531094
0,043926629
0,044109018
0,043965425
0,043963952
0,044047135
0,043996664
0,044107837
0,045085415
0,042726046
0,043979181
0,044040314
0,043949228
0,044229971
0,043772813
0,044073947
0,044028572
0,043944568
0,04385768
0,044074099
0,043967402
0,044047281
0,043957573
0,044241974
0,043751971
0,043967324
0,044318731
0,043902706
0,043778545
0,044066077
0,043962361
0,043976598
0,043961088
0,044154459
0,043959732
0,043918692
0,043987858
0,043990506
0,043846976
0,045555933
0,042526277
0,044001768
0,044103948
0,043984987
0,043860628
0,044044594
0,044048007
0,044210466
0,04490725
0,042803042
0,04401448
0,043898099
0,044081736
0,04395598
0,044012595
0,044022675
0,043889363
0,045474975
0,042614315
0,043927324
0,04411111
0,043815719
0,044033318
0,04405816
0,043804497
0,044165621
0,043792593
0,044109102
0,044239039
0,043881971
0,043970513
0,043840965
0,043996006
0,044192371
0,043850575
0,044244977
0,043735158
0,044132606
0,043824533
0,044081583
0,043830068
0,044276374
0,043753625
0,044159982
0,043894549
0,044057729
0,043900317
0,044029122
0,044015673
0,044016262
0,043954179
0,044063098
0,043993619
0,044052458
0,043947556
0,04395695
0,044379183
0,045124132
0,042352874
0,044238043
0,043920371
0,04416602
0,043649817
0,044089991
0,044133561
0,044063453
0,045245522
0,042620112
0,04387089
0,044103289
0,04401078
0,044135497
0,043771472
0,044034689
0,043757916
0,045588612
0,042495268
0,044071587
0,044106679
0,043855147
0,044185089
0,043919903
0,043826588
0,044170075
0,043930504
0,044161013
0,043866105
0,043967977
0,043971818
0,043951369
