0,03006728
0,042207358
0,043916159
0,04394694
0,047794126
0,044200825
0,043966991
0,044008437
0,044024533
0,043967454
0,043886182
0,04400245
0,04411894
0,043842757
0,044070833
0,043942552
0,044155537
0,043833816
0,044036471
0,043978631
0,044061632
0,043969137
0,043968542
0,043539979
0,043814198
0,044058713
0,043963682
0,043930747
0,044013527
0,044158776
0,043809376
0,044015569
0,043984828
0,044021147
0,043938826
0,045194815
0,042694256
0,044283033
0,043727706
0,043943999
0,044188974
0,043954802
0,043881905
0,044025152
0,045314478
0,042532089
0,044028644
0,044016327
0,043944972
0,044026636
0,043992864
0,043928184
0,043995885
0,04402936
0,044043658
0,043969748
0,043826696
0,044197472
0,043842644
0,044034885
0,043913662
0,044017182
0,044109964
0,04399101
0,043867986
0,044240757
0,043752914
0,043963524
0,043940353
0,04399953
0,043994088
0,044024541
0,043976464
0,044011419
0,04396094
0,043969573
0,044140082
0,043945611
0,044064229
0,043932615
0,043919029
0,044199504
0,043721125
0,044053277
0,045370648
0,042569305
0,043996249
0,043876564
0,04401521
0,043971604
0,043997533
0,044053067
0,043952853
0,045241992
0,042710335
0,043975312
0,043993657
0,043974569
0,044001224
0,044107384
0,043883877
0,044028132
0,044002683
0,043906634
0,043971271
0,043915123
0,044049954
0,044069309
0,04403402
0,043836057
0,044043722
0,043960437
0,044018165
0,044033387
0,043976682
0,04397608
0,043895215
0,043982067
0,043990773
0,043947691
0,043974525
0,044146023
0,043969781
0,043867015
0,04410106
0,043895206
0,044114986
0,043841767
0,04414661
0,04378651
0,0441312
0,043909096
0,044009466
0,045213644
0,042728447
0,044091782
0,04395333
0,044009179
0,044010942
0,044151502
0,043740828
0,043970478
0,045228919
0,042863654
0,043930423
0,043858125
0,044043049
0,044096297
0,044028504
0,043938466
0,043979846
0,044097781
0,043920844
0,043992342
0,043927368
0,044091786
0,044012785
0,043744732
0,04413
0,043977324
0,043827395
0,044009578
0,044070785
0,043873256
0,044098564
0,044040341
0,043926807
0,043903681
0,044078677
0,043967852
0,043914304
0,044062399
0,044040132
0,043982861
0,04405501
0,043804428
0,044062798
0,043916292
0,044083885
0,043937293
0,043946061
0,044039917
0,044030109
0,044002552
0,043997181
0,043804551
0,044229738
0,043803113
0,044015245
0,044028541
0,043989685
0,045255355
0,042573328
0,044120919
0,044201435
0,043704751
0,043989024
0,044067194
0,04416323
0,043786081
0,043894374
0,044103304
0,043918496
0,04403841
0,044006226
0,043883507
0,043943386
0,044103774
0,04389822
0,044047747
0,044193117
0,043834829
0,043928388
0,043950034
0,04400646
0,0440199
0,043930087
0,043990809
0,044133304
0,043851809
0,04428841
0,04369738
0,043993892
0,044047719
0,043958051
0,043967412
0,044072221
0,044082407
0,043880414
0,043951307
0,043886309
0,04397662
0,044140984
0,043898777
0,043949681
0,044241717
0,043861931
0,04393725
0,043928546
0,044036009
0,045030527
0,043063901
0,043769786
0,044341595
0,04398979
0,043800853
0,043880255
0,043970134
0,043984737
0,043911547
0,04420472
0,043906937
0,044021741
0,044066312
0,043855986
0,044075153
0,043885274
0,043905158
0,044192468
0,043795942
0,044160559
0,043945601
0,043855286
0,044250562
0,043933331
0,043779443
0,043991142
0,044071659
0,044046749
0,043848989
0,044017928
0,044012819
0,043965184
0,044006415
0,044025505
0,04398237
0,04403131
0,04388221
0,044018211
0,043975517
0,044041428
0,044182719
0,04383551
0,04398378
0,044003885
0,044055943
0,044008343
0,043831205
0,044015059
0,045241062
0,042657478
0,044111984
0,043853393
0,044048304
0,044014772
0,044204088
0,043911334
0,043901035
0,044023688
0,044074555
0,043772511
0,044104969
0,043879894
0,044118677
0,043868402
0,044166657
0,043989965
0,043891942
0,04392341
0,043969966
0,043977158
0,044054829
0,043891924
0,044162394
0,043969292
0,044064395
0,043840259
0,04389004
0,04398826
0,043937164
0,044062659
0,043883833
0,044109475
0,044109884
0,043879725
0,043995923
0,044140367
0,043885605
0,043955451
0,043958745
0,043998158
0,044168075
0,04377421
0,044140278
0,043942137
0,04402967
0,043918229
0,04396595
0,045425587
0,04253374
0,044034744
0,043952417
0,043957144
0,044063131
0,043997373
0,04394015
0,044027891
0,045174222
0,042712721
0,044233227
0,04379636
0,044028839
0,044114005
0,04394381
0,043954221
0,043991176
0,044056223
0,043922649
0,044032002
0,044137602
0,043730448
0,044113328
0,043962484
0,044548711
0,043456408
0,043891627
0,044034861
0,043930001
0,044033489
0,044129111
0,043777497
0,044014328
0,04397127
0,04401591
0,044140049
0,043896698
0,044126136
0,043826584
0,043977783
0,044150837
0,043995524
0,043835103
0,043912664
0,044081322
0,043953196
0,043882409
0,04399308
0,045204398
0,04286439
0,043868253
0,043960184
0,044164156
0,043853094
0,044107724
0,044090582
0,043776333
0,045318968
0,042701932
0,04399816
0,043925977
0,044138112
0,043887127
0,044090123
0,043883331
0,043873785
0,044083096
0,044016153
0,04405212
0,043892225
0,043947383
0,043948159
0,044095926
0,043902294
0,044042185
0,044019855
0,043906976
0,044009691
0,044027438
0,04392405
0,044027107
0,044036657
0,043951007
0,043928544
0,044045276
0,043982027
0,044104521
0,044021737
0,043824747
0,044211384
0,043785911
0,04391118
0,044125824
0,043941892
0,04407392
0,043988946
0,043788462
0,045334729
0,042739721
0,043993756
0,043916349
0,044095192
0,043988272
0,043976946
0,04384803
0,044044785
0,045234741
0,04270527
0,044131154
0,043954004
0,043808937
0,044075674
0,044049695
0,043901012
0,044236287
0,043836061
0,043948264
0,043974501
0,044021042
0,043986693
0,043953919
0,043962772
0,044092429
0,043963746
0,043929853
0,044075628
0,043951332
0,043912908
0,044048914
0,043928865
0,043980117
0,044081089
0,043918085
0,044038314
0,044009484
0,043960653
0,044035711
0,044014258
0,043980332
0,044050273
0,043900519
0,044000612
0,043936718
0,044025335
0,043925872
0,044018593
0,045322013
0,042726041
0,04385095
0,044100727
0,043913733
0,04407493
0,043957393
0,043861862
0,044026754
0,045152926
0,042785513
0,043971555
0,044065814
0,043955869
0,043967695
0,043988794
0,043850142
0,044058691
0,043935831
0,043968812
0,04412042
0,044013599
0,043908052
0,04401089
0,043937755
0,043936627
0,044014016
0,044137927
0,043782175
0,044327171
0,043684311
0,044089767
0,043916648
0,044070547
0,043943872
0,043906382
0,044085588
0,04396782
0,043953913
0,044052223
0,044041394
0,043952884
0,043878666
0,044309104
0,043798514
0,043854047
0,044012337
0,0440048
0,04408125
0,045099977
0,042948893
0,043831051
0,04401725
0,044117645
0,044110294
0,043638537
0,044051761
0,044085943
0,045176323
0,042781257
0,043991747
0,043921253
0,044070818
0,043918405
0,044084024
0,043890299
0,044018015
0,043906504
0,044067458
0,043934583
0,044081895
0,044016066
0,044003177
0,043960879
0,043982927
0,044096943
0,043943477
0,044111796
0,043902471
0,044052757
0,043943806
0,043945478
0,044111988
0,0437818
0,044137152
0,043947872
0,04390653
0,044121716
0,043969382
0,044050255
0,043873042
0,044110027
0,044037911
0,043894584
0,044022181
0,043963419
0,043950858
0,043940188
0,045366587
0,042684565
0,044088925
0,043877023
0,044042409
0,043974581
0,044124019
0,043859224
0,044046036
0,04528628
0,042606417
0,044032043
0,043966315
0,04411197
0,043890826
0,04404752
0,043958264
0,044076184
0,043997727
0,043924165
0,0440267
0,044024472
0,044035366
0,043867355
0,044000111
0,044007413
0,0439591
0,044037038
0,044026657
0,044036978
0,043935637
0,043984139
0,043887554
0,044048588
0,043983601
0,044127623
0,043977389
0,043973824
0,043861805
0,044078542
0,043965674
0,044012757
0,043972232
0,044079539
0,043871905
0,044005861
0,044084107
0,044023755
0,044033252
0,045081025
0,042731544
0,044033853
0,044067149
0,043948743
0,044015565
0,043982008
0,043928441
0,044066821
0,045094042
0,042896763
0,044100495
0,04387418
0,044099215
0,043723806
0,044139508
0,044056072
0,043956608
0,043926757
0,043975392
0,044043017
0,044092447
0,043898649
0,043982967
0,044024066
0,044066535
0,043997417
0,043841271
0,044080724
0,043992395
0,043983276
0,044011085
0,044077965
0,043842622
0,043989434
0,044069639
0,043928584
0,044033771
0,043947534
0,044051215
0,04407638
0,043946759
0,043987712
0,043974362
0,044123695
0,043814577
0,043977088
0,043957412
0,044194241
0,045084404
0,042882838
0,043928245
0,043919477
0,043995666
0,044034338
0,043949406
0,04393559
0,044056525
0,045355475
0,04274587
0,043935464
0,043930412
0,044029191
0,043974834
0,044114985
0,043859212
0,043981746
0,044053206
0,044036191
0,044020531
0,044011507
0,04408494
0,043828886
0,044005051
0,043988833
0,044004148
0,04395736
0,044092755
0,043981918
0,043952111
0,043987342
0,044055677
0,043960986
0,043857327
0,044264031
0,043910835
0,043891984
0,044058186
0,043962915
0,044107531
0,043843252
0,043969242
0,044001524
0,043954829
0,044019973
0,043952239
0,044137906
0,043868951
0,045490663
0,042604052
0,043934233
0,04400668
0,043957057
0,044045099
0,0439925
0,043895846
0,044015207
0,045472908
0,042634334
0,044002554
0,043821713
0,044065077
0,043965581
0,044065359
0,043956188
0,043995866
0,043891081
0,044068015
0,043967462
0,044028379
0,044087056
0,043838622
0,04408107
0,044054612
0,043946547
0,04403755
0,043844613
0,043994384
0,044084691
0,043913086
0,044086095
0,043935931
0,044002906
0,044099016
0,043950713
0,043894881
0,044016127
0,043961733
0,044093013
0,043938695
0,044012728
0,044017514
0,043960108
0,043837218
0,044070566
0,044000044
0,04399039
0,045288936
0,0427338
0,043997068
0,043969368
0,043921218
0,04407459
0,04403087
0,04395194
0,043954689
0,045183234
0,04265956
0,044137351
0,044003646
0,044085603
0,043893081
0,044005741
0,04391858
0,043979238
0,044028676
0,044039532
0,044007826
0,044013121
0,043984502
0,044008294
0,043908737
0,044111582
0,043956829
0,044018712
0,043938266
0,04407915
0,043845473
0,044043878
0,043975677
0,044040132
0,043972507
0,043997652
0,043967885
0,044020348
0,044158928
0,04390334
0,043930617
0,043977434
0,043917461
0,044064814
0,043973994
0,044061161
0,044047792
0,043892315
0,044016581
0,045242262
0,04265542
0,044058586
0,043963119
0,044018421
0,043950125
0,043940091
0,044204486
0,043848119
0,045319091
0,042838217
0,043928086
0,04402201
0,043862003
0,044114186
0,043936195
0,043970158
0,044065695
0,043959375
0,043981971
0,044019773
0,044061141
0,043908174
0,044112354
0,044109239
0,043825035
0,04407071
0,043796789
0,044079802
0,043982439
0,043974536
0,044115322
0,043884144
0,043961909
0,044065103
0,043958101
0,044020845
0,044256975
0,043665837
0,043890691
0,044100624
0,043940492
0,04403549
0,044014526
0,04391088
0,044126463
0,043909511
0,043967533
0,044099499
0,045178478
0,042753276
0,043949488
0,043997383
0,044058156
0,043994776
0,044010227
0,043981227
0,043952976
0,045154139
0,042838956
0,044056914
0,043857845
0,044209316
0,043886461
0,044016099
0,043999208
0,043991959
0,043830757
0,044213627
0,043820006
0,044082773
0,044042643
0,043965964
0,044153263
0,043705149
0,044166464
0,043816797
0,044089675
0,043909963
0,044058183
0,043969783
0,043988169
0,044104073
0,043960161
0,043882014
0,044121022
0,043845005
0,044188008
0,043773514
0,044165529
0,044169961
0,043845172
0,043979566
0,04398702
0,043935938
0,043948096
0,0440046
0,043982738
0,045291158
0,042674227
0,043952403
0,044128336
0,043996251
0,043913894
0,04395886
0,04411285
0,044177154
0,043658204
0,04410696
0,044199607
0,043730361
0,044239075
0,043679942
0,044155545
0,044095078
0,043775996
0,044222168
0,043786676
0,043984193
0,044235621
0,043870194
0,043929634
0,043901729
0,044059547
0,044023087
0,043910839
0,044253061
0,043796943
0,043945755
0,044013547
0,044099453
0,044037292
0,044139398
0,043678252
0,044024928
0,043971507
0,043952992
0,044103346
0,043962305
0,043990807
0,044042028
0,044038816
0,043911714
0,044039256
0,043887844
0,044004878
0,044035019
0,045293047
0,042653133
0,043986889
0,043945114
0,043990953
0,044133237
0,04386293
0,044295169
0,043872156
0,0441576
0,043720425
0,044118947
0,044026226
0,043913966
0,044107839
0,043899168
0,04387973
0,044029678
0,044010707
0,043964114
0,044049581
0,044107312
0,0440206
0,043805279
0,044006724
0,043985232
0,044009012
0,044033883
0,043894994
0,043964859
0,044066071
0,043890735
0,044074781
0,043939369
0,04395749
0,044135481
0,043919221
0,044163602
0,043905741
0,044047207
0,043838166
0,044009798
0,04396338
0,044138708
0,043999561
0,043845221
0,044075465
0,04390741
0,043909486
0,045407357
0,042627856
0,044156752
0,043827061
0,044105688
0,043984213
0,043840774
0,044175732
0,043960255
0,043825594
0,044097414
0,04400441
0,043996384
0,044049174
0,043902032
0,043995252
0,044090011
0,043840813
0,044097173
0,043901179
0,04411033
0,043886757
0,044017984
0,04409745
0,043892355
0,044005664
0,043998624
0,044039283
0,044013953
0,043871108
0,044033493
0,044046818
0,044127404
0,043845085
0,044053583
0,043825405
0,04414381
0,043926257
0,044074727
0,043917151
0,044063055
0,043883908
0,044025321
0,044067267
0,043919821
0,043974345
0,043938516
0,044137621
0,044023675
0,045069394
0,042876591
0,044086698
0,043900631
0,043949279
0,043906842
0,04405509
0,043952723
0,044089511
0,043850522
0,04406709
0,044065024
0,043924745
0,043917281
0,044057984
0,044047385
0,04393823
0,043981829
0,044183583
0,043801029
0,043985256
0,044258641
0,043787863
0,044046248
0,043846227
0,044064058
0,044012764
0,043972637
0,043994147
0,044000302
0,043943429
0,043999623
0,044121059
0,043934798
0,04399604
0,04405592
0,043874114
0,044127954
0,043922101
0,043932983
0,044021524
0,043970373
0,04399357
0,043976915
0,043946345
0,043981355
0,044138441
0,043922746
0,044081656
0,045309248
0,042682189
0,043806463
0,04417315
0,044168671
0,043666676
0,043969084
0,044023614
0,044127725
0,043930205
0,043916232
0,044048196
0,043999
0,043977259
0,04397875
0,043989486
0,044058414
0,043926095
0,043990792
0,043985373
0,044087723
0,044022865
0,044009677
0,043889643
0,044044726
0,043980843
0,043915355
0,044001405
0,044027911
0,044039484
0,043928391
0,043922086
0,04401954
0,044164679
0,043870388
0,044006119
0,04387637
0,044171028
0,043924877
0,04386809
0,044039255
0,044122926
0,043864173
0,043995177
0,044073521
0,044020629
0,043867642
0,044065519
0,043974795
0,045201248
0,042814483
0,043963673
0,043928426
0,044116891
0,044033832
0,043862877
0,04396921
0,043969654
0,04536966
0,042631427
0,04391392
0,044186411
0,0438276
0,04410671
0,043947921
0,044061317
0,044003081
0,043959998
0,044051356
0,043980945
0,043914297
0,043942167
0,044123053
0,043866157
0,044023891
0,044124182
0,043885599
0,044001405
0,044171958
0,043800957
0,044099183
0,04392272
0,043985083
0,043923554
0,044084696
0,044035122
0,044032536
0,043906666
0,043922551
0,044047608
0,044138896
0,043837746
0,044111191
0,043921765
0,044051567
0,043827748
0,044075423
0,043921427
0,045290366
0,042855279
0,044033799
0,043794249
0,044048498
0,043949287
0,044097403
0,043861559
0,044063583
0,045246301
0,042748719
0,044002984
0,043996955
0,044031421
0,043940757
0,044008989
0,043916429
0,044081379
0,044019607
0,044047942
0,043833507
0,044013049
0,043929793
0,044101374
0,043880226
0,043972163
0,04405269
0,044069894
0,043998915
0,043999729
0,04386809
0,044071974
0,044012312
0,043916361
0,044168202
0,043884154
0,043941887
0,044038471
0,044060876
0,043883383
0,044008783
0,044032751
0,043916076
0,044095812
0,043861184
0,044133412
0,043959743
0,043840546
0,044205338
0,045119983
0,042754643
0,043930297
0,044099883
0,043972031
0,044099839
0,043890221
0,043886861
0,044153569
0,045284813
0,042636875
0,043937633
0,044009125
0,044054949
0,043921252
0,044088523
0,043946496
0,044125664
0,043792474
0,044117308
0,044095932
0,04379695
0,044075353
0,043877971
0,044191179
0,04382103
0,044048967
0,043919331
0,044000468
0,04395452
0,044055136
0,044049831
0,043805954
0,044146419
0,043996506
0,044040374
0,044010526
0,043893726
0,043972807
0,044035576
0,044059389
0,043819255
0,044098684
0,044223139
0,043786745
0,043955069
0,044006922
0,044055171
0,043865411
0,045300991
0,042715174
0,043961114
0,043965664
0,044079027
0,043921479
0,04408172
0,044033046
0,04391823
0,045330368
0,042738653
0,044022787
0,043801759
0,044087162
0,043982531
0,04394943
0,044098729
0,043938011
0,043971019
0,043951619
0,044003118
0,04421062
0,043836557
0,043934638
0,044030354
0,044017729
0,043923212
0,044022666
0,04399097
0,044133979
0,043870742
0,043941698
0,04414695
0,043859413
0,043973269
0,044034615
0,044055968
0,043924429
0,04391165
0,044151411
0,043844504
0,044035548
0,044153085
0,043822509
0,044001838
0,04397147
0,044138745
0,043841214
0,044021563
0,045104036
0,042944726
0,044070673
0,043843565
0,044068707
0,043919983
0,044036054
0,044035781
0,043887624
0,045415727
0,04270484
0,04418839
0,043809971
0,043921664
0,044012131
0,04390626
0,044034292
0,043985505
0,043976672
0,044001991
0,044080547
0,043961739
0,043909115
0,043988941
0,044006917
0,04401635
0,043933069
0,044085072
0,043981028
0,043958769
0,044048908
0,043926586
0,043982371
0,044161366
0,043850538
0,044003361
0,044069404
0,044016875
0,043899198
0,043951717
0,045383696
0,042579277
0,044004608
0,04402769
0,043967661
0,044116242
0,04393629
0,043969176
0,044077177
0,045274804
0,042606851
0,043999601
0,0439558
0,044079321
0,044050701
0,043969749
0,043933674
0,04402888
0,043896818
0,04411897
0,043944763
0,044058051
0,044000397
0,043877622
0,044150363
0,043785044
0,0441175
0,04388999
0,044127529
0,043802057
0,044161297
0,043958208
0,044019803
0,043961028
0,04403668
0,044043047
0,043877085
0,043988335
0,043929571
0,044102938
0,044181571
0,043804123
0,044030534
0,043832664
0,04401334
0,044099429
0,043996624
0,043909633
0,043949354
0,044100959
0,044016466
0,043935135
0,04404753
0,044006488
0,044071213
0,043933696
0,044157492
0,043773589
0,045262271
0,042807445
0,043895812
0,044133325
0,043759482
0,044106298
0,043905356
0,044047177
0,044127635
0,045136917
0,042811299
0,043887342
0,043999488
0,043936767
0,044090332
0,044188596
0,043755017
0,044056275
0,043950032
0,044018072
0,044085449
0,043884213
0,044100616
0,04387592
0,044016062
0,044114043
0,043840056
0,044046448
0,044041874
0,043921232
0,044203795
0,043889159
0,043994673
0,043893949
0,043831137
0,044171298
0,043845207
0,044094963
0,043949803
0,04401042
0,043948554
0,044105795
0,04389014
0,044105885
0,043993073
0,043836201
0,044127493
0,043962406
0,043998969
0,045219469
0,042671094
0,044014619
0,043964788
0,044064124
0,043991875
0,04400154
0,044031199
0,043882891
0,045357429
0,042717156
0,043938559
0,043934673
0,044099715
0,043954746
0,044021221
0,043985541
0,044096781
0,04389952
0,04402702
0,044029297
0,043950284
0,043897409
0,043980089
0,044047544
0,0441081
0,0439775
0,044009246
0,043935415
0,044035344
0,043983172
0,043848764
0,04401824
0,043998108
0,043997951
0,043992203
0,04406455
0,044030351
0,043911739
0,044087401
0,043987457
0,044004813
0,0439716
0,043889011
0,043952811
0,044142512
0,043929913
0,043933832
0,044059708
0,045216736
0,042782236
0,043962513
0,04409518
0,043906129
0,044083709
0,044053302
0,043849362
0,044000048
0,045415973
0,042672861
0,043860029
0,044052218
0,044040102
0,043840563
0,04409061
0,04407063
0,043906298
0,044011404
0,043988691
0,043967357
0,04407828
0,043856199
0,044022968
0,044007577
0,044000833
0,044109237
0,044001824
0,04385201
0,044004802
0,044024218
0,043926694
0,043985434
0,044038693
0,043966118
0,044040833
0,04406966
0,043927085
0,043953346
0,043981758
0,044103368
0,043900489
0,044098077
0,04388065
0,043966891
0,043955944
0,04402799
0,044077083
0,044043679
0,045158723
0,042779677
0,043977513
0,04398059
0,044037189
0,04390956
0,044019007
0,043962912
0,044027667
0,045342956
0,042721737
0,043922886
0,044099744
0,043937001
0,043919553
0,044071502
0,043847475
0,044182823
0,043845133
0,044067398
0,043942912
0,044068144
0,044035436
0,043925001
0,04392266
0,044050393
0,044018781
0,043998386
0,043840692
0,044111276
0,044077854
0,043976616
0,043969305
0,043914993
0,043987238
0,044079682
0,043848916
0,044016765
0,044011787
0,043974907
0,044073818
0,043924788
0,044007385
0,043944053
0,044007579
0,044064181
0,044162319
0,04377058
0,04398446
0,045328939
0,042759868
0,04396435
0,04401509
0,043982193
0,043975329
0,043930447
0,044016461
0,043911863
0,045614226
0,042379747
0,044006464
0,044082496
0,043930354
0,044045758
0,043978514
0,044221138
0,043857423
0,043890227
0,043968757
0,04395767
0,044096453
0,044014732
0,044026523
0,043855239
0,044177468
0,043849523
0,044088857
0,043874023
0,0440374
0,04408162
0,04393673
0,043939089
0,04393076
0,043997047
0,044098007
0,043893203
0,044003371
0,044017063
0,043918535
0,044182847
0,043923192
0,043994328
0,043891107
0,044011397
0,044011549
0,043934188
0,044054838
0,043997242
0,045306246
0,042672085
0,044025887
0,044037256
0,043903938
0,044133409
0,043981503
0,04385874
0,044165445
0,045264881
0,042735948
0,043733504
0,04407933
0,044008504
0,044084606
0,043892844
0,043959619
0,04419338
0,043826559
0,043981561
0,044024738
0,04410938
0,043879296
0,043934992
0,044120235
0,044008867
0,043891892
0,043956077
0,044026683
0,044089061
0,044003104
0,043932644
0,043922375
0,044002314
0,043997567
0,044165217
0,043798236
0,044073619
0,043912392
0,04406826
0,044009042
0,043913848
0,044052105
0,044097843
0,043825202
0,044106979
0,043890197
0,044018927
0,044075008
0,044029268
0,043981649
0,04389257
0,044016597
0,04395004
0,04401616
0,043944354
0,044059871
0,043971081
0,045177801
0,042756283
0,044144391
0,043782571
0,043995151
0,044072968
0,044023846
0,043941533
0,044105061
0,043929594
0,043998222
0,044027679
0,044002803
0,044008729
0,043984596
0,043928711
0,044028749
0,043993342
0,043835363
0,044018966
0,044188098
0,043956998
0,043846872
0,044139998
0,04401284
0,043848777
0,043971943
0,044153015
0,043898821
0,044009168
0,043935591
0,044038134
0,044018596
0,044010924
0,044031112
0,04388758
0,043947456
0,044536748
0,043561167
0,044003198
0,043908118
0,044037513
0,044144676
0,043712779
0,044097112
0,043904896
0,0439498
0,04430018
0,044004556
0,045302517
0,042429114
0,044025718
0,044089351
0,043887038
0,043890947
0,044070384
0,044123874
0,043905211
0,04537771
0,042536943
0,044038939
0,043915629
0,044171334
0,044031931
0,044075561
0,043936661
0,043757295
0,044019451
0,044052393
0,044064525
0,043932163
0,044157433
0,043883357
0,043991394
0,044025933
0,044006902
0,043893688
0,044145991
0,043876391
0,044069575
0,043918229
0,043985505
0,04396686
0,043975764
0,04397975
0,044188956
0,043832347
0,043964879
0,044047966
0,044036229
0,043887577
0,044008776
0,044006319
0,043915764
0,044244785
0,043836388
0,0438867
0,044122218
0,045162748
0,042761432
0,043905042
0,043990709
0,044151691
0,043928819
0,044000555
0,043921632
0,044012196
0,04546595
0,042522061
0,044032239
0,044023879
0,043998996
0,043864594
0,04426128
0,043815436
0,043910229
0,044290938
0,044008763
0,043730237
0,043956684
0,044119065
0,043854545
0,044072078
0,04418905
0,043810311
0,044078874
0,043799267
0,044257723
0,043783304
0,043925863
0,044148435
0,043890204
0,043968724
0,044054
0,043920076
0,044009909
0,044350273
0,043672664
0,044018311
0,043868671
0,044029687
0,04406205
0,044050119
0,044172991
0,04370365
0,044094017
0,044163051
0,044846444
0,04291332
0,043991534
0,044042552
0,044239785
0,043742382
0,043888471
0,044095843
0,044026265
0,045164354
0,042760533
0,043907848
0,044265204
0,043724049
0,044062622
0,043947276
0,04408912
0,043929432
0,043923526
0,044060936
0,044060007
0,043874101
0,04405308
0,043983617
0,04401377
0,043998796
0,044001701
0,043982566
0,044002282
0,043933474
0,044096338
0,043985715
0,043968531
0,044008283
0,043988093
0,04397566
0,044035323
0,043964545
0,043924617
0,044097347
0,04390284
0,044015397
0,044118601
0,044066894
0,043953339
0,043799681
0,043995665
0,044160054
0,043920606
0,043951525
0,044069379
0,043956473
0,044006006
0,043998015
0,044004214
0,043906887
0,044028254
0,043987746
0,045190201
0,042756244
0,044084117
0,043933262
0,043942316
0,044127252
0,04395726
0,043957134
0,044076576
0,043913579
0,044018722
0,043962635
0,044018163
0,043974624
0,043936313
0,043936312
0,044145894
0,044065081
0,043884751
0,043816088
0,044252393
0,043858814
0,0442889
0,043649441
0,044275862
0,043755647
0,044057961
0,043913198
0,044007967
0,044021844
0,043944985
0,044056222
0,043889538
0,043998417
0,043981593
0,043957488
0,044019959
0,044024816
0,04399507
0,04401098
0,043961065
0,044060982
0,043946953
0,043920811
0,044065562
0,044045001
0,043942018
0,044146416
0,043761414
0,045399047
0,042549404
0,044084497
0,043943983
0,044011913
0,044080161
0,043930292
0,04395001
0,044105862
0,045293059
0,04280173
0,043857316
0,044079898
0,044015993
0,043876216
0,043972057
0,043947999
0,04401009
0,044002527
0,044108795
0,043871225
0,044116425
0,043922057
0,043961145
0,04409338
0,043878367
0,043995891
0,043982377
0,044105916
0,043982377
0,043904002
0,044013353
0,044033382
0,043962294
0,044107433
0,043871757
0,043982057
0,04393458
0,04413433
0,043994077
0,043952535
0,044056295
0,043882739
0,044099442
0,04393926
0,044025263
0,043968982
0,043993757
0,043872862
0,045353297
0,042723371
0,043952523
0,044050694
0,043984413
0,044006408
0,043864866
0,044033164
0,044077415
0,045382064
0,042600401
0,043969024
0,044006799
0,043970032
0,044011643
0,043943698
0,043985813
0,044005257
0,044007341
0,044052776
0,043964302
0,043950369
0,043966017
0,044056697
0,044141786
0,043848608
0,043963755
0,043989131
0,044031474
0,0440495
0,043949451
0,044183252
0,043801914
0,043923208
0,044062971
0,04393578
0,044022779
0,044074256
0,043943844
0,044032461
0,045172244
0,042779308
0,043955766
0,044026293
0,043873473
0,044050731
0,044133188
0,043846862
0,043988015
0,045262597
0,04281898
0,044011161
0,043991144
0,044045668
0,043911111
0,043959521
0,044067127
0,043913293
0,043947559
0,044056194
0,043915617
0,044068012
0,044003933
0,047923691
0,044086109
0,043972643
0,044015966
0,043948129
0,043955156
0,044085501
0,043986323
0,04392167
0,044034002
0,043921497
0,044070004
0,044083251
0,044057841
0,043868925
0,043886517
0,043988489
0,044139598
0,044016279
0,043893995
0,044023463
0,043959322
0,044057135
0,043854337
0,044104347
0,044003334
0,045294783
0,04259117
0,044146859
0,043900062
0,044316218
0,043690391
0,04407813
0,04396844
0,043930539
0,045516365
0,042444463
0,044026997
0,044080042
0,043917988
0,044000464
0,044080846
0,043908431
0,043968688
0,044029813
0,044053053
0,043890855
0,043958748
0,044024613
0,043956423
0,044067008
0,043986175
0,043987406
0,043996875
0,044010865
0,044118882
0,044598321
0,043238849
0,043998179
0,044001559
0,04396222
0,043951757
0,044005274
0,043992311
0,044128533
0,043885559
0,044066552
0,044006723
0,043907798
0,043988827
0,044077413
0,043914113
0,043941414
0,044061367
0,043914638
0,044031771
0,04396227
0,044056377
0,044072394
0,043843152
0,04405243
0,044027203
0,04400119
0,043950087
0,045230446
0,042753949
0,044025082
0,044098531
0,043962282
0,043955226
0,045853752
0,04212194
0,043851635
0,045437205
0,042702445
0,043957831
0,043939408
0,044055665
0,044004314
0,04386199
0,044048628
0,044036174
0,043963827
0,044020863
0,043946634
0,044102678
0,043924879
0,044037215
0,043916383
0,044033518
0,043933999
0,044097122
0,043930322
0,043963614
0,044142778
0,043936218
0,043922954
0,043961767
0,043950276
0,044055179
0,043955794
0,044052581
0,043962262
0,044038437
0,044082981
0,043953148
0,044025304
0,043997335
0,04389008
0,044002724
0,043966054
0,043999432
0,044052222
0,043906491
0,044006108
0,044102356
0,044010361
0,043934803
0,044132952
0,043780869
0,044009893
0,044016306
0,04548761
0,042514122
0,044105005
0,043819303
0,044158977
0,043922551
0,044006865
0,0439802
0,044002455
0,043913029
0,044057392
0,043874685
0,044099165
0,043966951
0,043966132
0,043992398
0,044005509
0,044007723
0,043956445
0,044069725
0,044077461
0,043837721
0,043928513
0,044134151
0,044105257
0,04396287
0,043938924
0,043829001
0,044082473
0,044011076
0,044016643
0,043866361
0,044112395
0,043983961
0,044011896
0,043974534
0,044020283
0,043980253
0,043994874
0,04394633
0,044064953
0,04396817
0,043948014
0,044075335
0,04401056
0,043939712
0,043994577
0,044005634
0,043935401
0,04533374
0,042692912
0,043983959
0,043948797
0,044226027
0,043860505
0,043896124
0,044071755
0,043922799
0,044032069
0,044016616
0,04406638
0,043961764
0,04391926
0,044007436
0,044006212
0,043973547
0,043986578
0,04410597
0,044036494
0,043720271
0,044052089
0,044192444
0,043746683
0,044013224
0,044177731
0,043930242
0,044019223
0,044019249
0,043909839
0,044079889
0,04391986
0,043936919
0,044008927
0,044180267
0,043781826
0,044049328
0,043858904
0,044088482
0,044003778
0,044073116
0,04394106
0,043914652
0,044115683
0,043969883
0,044032817
0,04396919
0,044095376
0,043827344
0,045627262
0,042371379
0,04401249
0,043936176
0,044177705
0,043943529
0,043945918
0,044001937
0,04392896
0,045231708
0,042722419
0,044030342
0,044107622
0,043861998
0,04416875
0,0438642
0,043915755
0,044076065
0,043860329
0,044025813
0,043978678
0,044188114
0,043903737
0,044088185
0,044170745
0,043787755
0,044080825
0,043810654
0,04408699
0,043967853
0,043957777
0,043934378
0,044067076
0,043983891
0,044125707
0,043728768
0,043953823
0,044303676
0,043815577
0,044043496
0,044011234
0,044020221
0,043946664
0,043986052
0,043993414
0,044062474
0,043939008
0,04406063
0,043927601
0,044056463
0,04375469
0,044008883
0,044096812
0,04392831
0,044045212
0,04395766
0,04405943
0,043920962
0,045409825
0,042696524
0,04391785
0,044026967
0,044039957
0,043931885
0,04396516
0,044004141
0,044026396
0,044015754
0,043979659
0,044043034
0,043941125
0,043960285
0,044051837
0,043911042
0,044058657
0,043988007
0,043976088
0,043968286
0,044062907
0,043944513
0,043961349
0,044014415
0,043968861
0,04397072
0,0440064
0,044046205
0,043946524
0,044155569
0,043818005
0,04416493
0,04397599
0,043965219
0,043983975
0,043800567
0,044150854
0,043969469
0,044144741
0,043960176
0,043850274
0,044030928
0,044003216
0,04381942
0,044136334
0,044045037
0,043869961
0,043895883
0,044064612
0,045402197
0,042839483
0,043703916
0,044033094
0,044007033
0,044049601
0,043939061
0,044274167
0,043795962
0,043889732
0,043986241
0,043991694
0,044061
0,044681531
0,043204666
0,044106567
0,044027307
0,043979003
0,04402867
0,043861973
0,043923038
0,044029675
0,044050019
0,044139645
0,04371947
0,044867202
0,043141108
0,043984909
0,043924524
0,044098521
0,044196745
0,043748311
0,044013283
0,044096664
0,044007263
0,044021065
0,043991169
0,043852435
0,044027171
0,043952738
0,044136913
0,043964183
0,043899
0,04400146
0,0442063
0,043944355
0,043965558
0,043785126
0,044279517
0,045192286
0,042528414
0,043966959
0,044030788
0,044236609
0,043780137
0,044000953
0,044034932
0,044204603
0,043705941
0,044023305
0,044006602
0,04392564
0,044032042
0,044080751
0,043948438
0,043979456
0,043989427
0,043999136
0,044021174
0,043971408
0,043953626
0,044096402
0,043912964
0,043938625
0,044060747
0,044001418
0,044065483
0,043893467
0,043994826
0,044100389
0,043831937
0,044069838
0,04408852
0,043990868
0,043926784
0,04394551
0,0440331
0,043995951
0,04405472
0,043845917
0,044057871
0,044171451
0,043786304
0,04390202
0,044118121
0,044050174
0,043860491
0,044084861
0,045347982
0,042731741
0,043942246
0,044041818
0,043835617
0,044148758
0,043924749
0,043901309
0,044048693
0,043942011
0,044036913
0,044029966
0,043938915
0,043939982
0,044042633
0,044133313
0,043886989
0,044028522
0,043945047
0,043877598
0,044220597
0,043913621
0,043895055
0,043982242
0,04406195
0,044079241
0,044144371
0,043844302
0,043923662
0,044005139
0,043945605
0,044093519
0,043868743
0,044113594
0,043911325
0,044029023
0,043870177
0,044100254
0,044023339
0,043929759
0,044080643
0,044142292
0,043813356
0,043934818
0,044149234
0,043995068
0,043921087
0,043917792
0,044001113
0,044069891
0,044000314
0,043911997
0,044002502
0,04402058
0,044125808
0,043819395
0,043971337
0,044090585
0,045157336
0,042861524
0,043962929
0,043984973
0,043912641
0,043938233
0,044065887
0,044092797
0,043866866
0,044013183
0,044077236
0,044044415
0,044030958
0,043927242
0,043952787
0,043978934
0,043960305
0,043952612
0,044059104
0,044054714
0,043901758
0,044047897
0,043962925
0,043927327
0,044035079
0,043945602
0,044071609
0,043991592
0,044044481
0,043819269
0,044217372
0,043879163
0,043934075
0,044011712
0,044008283
0,043881507
0,044058195
0,044037309
0,043887204
0,044000333
0,04413155
0,043947124
0,043984919
0,043923168
0,044101976
0,04391244
0,044078046
0,044055548
0,043862709
0,045597165
0,042480958
0,04392592
0,043982789
0,044187123
0,043930592
0,043813322
0,044076278
0,043968209
0,044078529
0,043929477
0,043988733
0,043991191
0,043966776
0,0439637
0,044085564
0,043855755
0,044147134
0,043847916
0,043977135
0,044132581
0,0438477
0,04405586
0,044104898
0,043948467
0,044018074
0,043988835
0,043969029
0,044010252
0,043912648
0,044115443
0,043951451
0,044010881
0,043894923
0,043883382
0,044253074
0,043754698
0,044103243
0,043971302
0,043993365
0,0440549
0,043848186
0,044037348
0,044022085
0,044131482
0,043910987
0,04406855
0,043882915
0,044122974
0,045386421
0,042439088
0,043935791
0,044336164
0,04365676
0,04413931
0,044169402
0,043805997
0,043946812
0,045421692
0,042608982
0,044133794
0,043823173
0,043981896
0,043981058
0,044000778
0,044005915
0,04395155
0,044079606
0,043997411
0,043936989
0,044049226
0,043957827
0,044070735
0,043889124
0,044187581
0,043841134
0,044011572
0,044025295
0,043817072
0,044005289
0,044108501
0,044226187
0,04371227
0,044130453
0,043871606
0,044023132
0,044009135
0,043967545
0,044138941
0,043818996
0,043977247
0,043962991
0,044247136
0,043774997
0,044071388
0,043936907
0,044008837
0,043959278
0,043986415
0,044020527
0,043968307
0,043976915
0,044013453
0,043941584
0,043921832
0,044057359
0,044026441
0,045343744
0,042610067
0,044043037
0,044040578
0,043975093
0,044073139
0,04388239
0,043999325
0,043998523
0,043973856
0,043984924
0,044139523
0,043991967
0,043784723
0,044293313
0,043727845
0,044006753
0,044124329
0,043915433
0,043886569
0,044107796
0,043929182
0,043965901
0,043969758
0,044020808
0,0439643
0,043984938
0,043990891
0,044153267
0,044059232
0,04379676
0,044053578
0,044057334
0,043871702
0,044331361
0,043746762
0,044005156
0,043930479
0,044123798
0,043878727
0,044027415
0,044005274
0,044011619
0,044133305
0,043725011
0,044308173
0,043822247
0,04380406
0,04401052
0,045158407
0,042817182
0,04409836
0,044010136
0,043944385
0,043951734
0,044049383
0,044018274
0,043994219
0,044078084
0,043882281
0,043995943
0,043923669
0,044198584
0,043813288
0,044150916
0,044135531
0,043768463
0,043908312
0,044027077
0,043968492
0,044091865
0,043986376
0,043950047
0,044051034
0,043811948
0,044075182
0,043982357
0,04399003
0,044210348
0,043759402
0,044105764
0,043914093
0,044096344
0,043973308
0,043941071
0,044017426
0,044016461
0,043861321
0,044107662
0,043974277
0,04418425
0,043752284
0,044059484
0,044005836
0,043942248
0,043968697
0,043917029
0,044150699
0,045289935
0,042663063
0,043995081
0,043921732
0,04404767
0,044109695
0,044529176
0,043294731
0,044115317
0,045109187
0,042820743
0,044151769
0,043885678
0,043935319
0,043897315
0,043997051
0,043967065
0,044074966
0,044041676
0,043864084
0,044030639
0,044220263
0,043748143
0,043975451
0,044037982
0,043954606
0,044100816
0,043866459
0,044036051
0,043939645
0,044040667
0,044077517
0,044056943
0,043799671
0,044291534
0,043997329
0,04374409
0,044066848
0,043939861
0,043956203
0,044032192
0,043988465
0,043963605
0,044062137
0,043808975
0,044134151
0,044042473
0,04391076
0,044107371
0,043955423
0,043935164
0,043964539
0,04394868
0,044031181
0,043950857
0,044010203
0,044094294
0,043957182
0,045240868
0,042740176
0,044009421
0,043933338
0,044002906
0,044037549
0,043955505
0,043974177
0,044094657
0,043991815
0,043948842
0,04405025
0,045984581
0,042019018
0,043897857
0,04422851
0,044014153
0,043795538
0,044173988
0,04372809
0,044000174
0,044020331
0,044142185
0,043920295
0,043928344
0,04420471
0,043816082
0,044022487
0,043968437
0,043964973
0,043919332
0,044061496
0,044133496
0,04404665
0,043856886
0,043924964
0,04403134
0,044005026
0,043952951
0,044207401
0,043750844
0,044060513
0,043991314
0,043952448
0,044052919
0,043960972
0,043927511
0,044000845
0,044045404
0,04540085
0,04259781
