0,0025716
0,044190017
0,043760148
0,043903079
0,044028125
0,043960934
0,043884152
0,044127837
0,043831413
0,044052222
0,044051559
0,043879835
0,043975581
0,044899442
0,043154184
0,043967829
0,04404478
0,043872254
0,044267345
0,043723414
0,044063316
0,043949611
0,043999971
0,043907152
0,04473854
0,04274041
0,044013028
0,04398822
0,044030319
0,043965655
0,044027822
0,044001414
0,04397965
0,043923936
0,044028788
0,043941926
0,043843042
0,044133346
0,044035267
0,043911338
0,04402711
0,04394459
0,044066572
0,043925793
0,044000923
0,043947328
0,044149156
0,043843601
0,044059994
0,043935456
0,043990089
0,043989885
0,043939301
0,044048134
0,043913043
0,044002199
0,044170599
0,043782967
0,043984166
0,043999925
0,044050783
0,044095013
0,043844058
0,044009751
0,045399593
0,042732222
0,043895487
0,043873141
0,044039927
0,043935374
0,044028278
0,043961895
0,044200464
0,045129133
0,0425955
0,044066862
0,044015918
0,043930709
0,043992526
0,04410979
0,043922342
0,044069049
0,043812231
0,044249016
0,043802743
0,043937465
0,043978532
0,043906985
0,044026731
0,044028313
0,043891225
0,044048301
0,043954429
0,044024741
0,043998595
0,043875992
0,044146981
0,043887754
0,044108505
0,043975437
0,043932553
0,04388203
0,044160247
0,04397912
0,04383062
0,044051174
0,04397256
0,044022664
0,043986814
0,0439659
0,043918995
0,044057336
0,044080383
0,045005492
0,042878154
0,044026027
0,043977432
0,043931972
0,043993068
0,044018733
0,04391516
0,04395613
0,045270119
0,042863105
0,043889051
0,043921833
0,044046622
0,043997213
0,043930693
0,043998406
0,044026959
0,04391033
0,044076289
0,04408149
0,043848388
0,044026722
0,04403373
0,043913541
0,044072518
0,043949168
0,04400194
0,044011066
0,04399822
0,043949973
0,044023515
0,043999847
0,044152966
0,043753214
0,044028901
0,043988998
0,044085003
0,043946588
0,043863122
0,044040349
0,043974219
0,043931817
0,044043892
0,043891047
0,043996162
0,044070853
0,044054394
0,043998515
0,045281178
0,042667355
0,043953302
0,043967669
0,043966772
0,043946984
0,044115275
0,043895835
0,044101437
0,04514403
0,04277852
0,043880688
0,044026111
0,043989616
0,043940324
0,044069574
0,043980147
0,043957316
0,043890677
0,044074727
0,043952555
0,043978044
0,044040923
0,043982095
0,043964762
0,044012288
0,044064362
0,044044248
0,043843752
0,043984446
0,044010702
0,044027516
0,043865691
0,044065377
0,043961687
0,044017291
0,044033162
0,043938447
0,044109641
0,043904621
0,044077795
0,043866858
0,044009812
0,043844485
0,044058923
0,043955124
0,044013702
0,043976071
0,044094605
0,043833428
0,044114264
0,043997987
0,044038348
0,043862307
0,044002539
0,043933844
0,04411422
0,043914782
0,045201801
0,042829744
0,04394053
0,044011154
0,044712312
0,043238466
0,044176623
0,043803306
0,043949578
0,045176516
0,042804975
0,043977894
0,043964839
0,044056924
0,043934421
0,043985991
0,044096137
0,043994076
0,043821271
0,044100773
0,043929606
0,044035037
0,043955686
0,04402051
0,044033846
0,043841367
0,043999921
0,044030827
0,043943422
0,043997288
0,044026762
0,044067425
0,043942302
0,044152631
0,043800971
0,043987919
0,044003753
0,043949523
0,0439978
0,044006316
0,043981086
0,043999116
0,044006414
0,043972893
0,043876079
0,044000388
0,044094378
0,044017581
0,043918905
0,045395025
0,042481938
0,044121691
0,043971595
0,043954874
0,043944772
0,044141045
0,043945337
0,044081483
0,043863297
0,043935216
0,044130069
0,0438329
0,04412635
0,043995077
0,044043481
0,043883701
0,044041244
0,04382423
0,044084011
0,043973397
0,044214222
0,043766557
0,043995299
0,043995635
0,043989592
0,043988628
0,043891868
0,044013832
0,044009174
0,044072425
0,04378956
0,044048582
0,044066882
0,043947507
0,043972787
0,043985345
0,044025377
0,043920491
0,044022609
0,044051655
0,043895878
0,043940445
0,044040557
0,043937592
0,043989538
0,04428036
0,043764805
0,043921129
0,04545382
0,042594103
0,043878982
0,044126857
0,043893485
0,044036336
0,043984293
0,043972937
0,044026664
0,04504139
0,042928518
0,043950732
0,043873853
0,044125529
0,044017258
0,044031707
0,043886264
0,043925657
0,044069093
0,043979525
0,043939781
0,043939791
0,04405845
0,04399185
0,043952413
0,043930031
0,044176613
0,044009306
0,043819595
0,044066899
0,044105571
0,043838262
0,044068801
0,04399055
0,043981574
0,043949975
0,044037868
0,044006582
0,043888031
0,044127393
0,043912689
0,043968383
0,043906988
0,044035646
0,044044532
0,043983952
0,04397912
0,043974256
0,044039949
0,045177895
0,042813744
0,043945301
0,043973906
0,043934266
0,044011215
0,043913541
0,044098522
0,043975406
0,04531759
0,042676959
0,04403995
0,043921285
0,044043866
0,043982855
0,043960915
0,043963816
0,043932484
0,04394369
0,044047245
0,043968517
0,043777914
0,044178081
0,044008862
0,044024781
0,043950194
0,043862554
0,043992714
0,044062704
0,043964374
0,043946061
0,04412135
0,043771176
0,044166731
0,043971731
0,043809439
0,044116788
0,04401876
0,044100176
0,043832558
0,044000596
0,043998123
0,044002371
0,044008967
0,043965532
0,043910051
0,048001615
0,043922162
0,044177601
0,045142537
0,042743264
0,043965008
0,043977615
0,04420161
0,04388146
0,043942706
0,044101796
0,043856745
0,044013354
0,044253468
0,043613276
0,044018402
0,044031341
0,044026496
0,043960583
0,043989006
0,044030593
0,043868391
0,043865298
0,04424145
0,043875127
0,043936853
0,044077503
0,043946073
0,044003643
0,043907099
0,044049894
0,043884386
0,044027777
0,044037683
0,044104578
0,043850467
0,043890733
0,044072778
0,044017743
0,044448894
0,043512988
0,044085544
0,04381753
0,044212452
0,044176398
0,043718965
0,043772652
0,044361728
0,04371278
0,04398626
0,043989832
0,044156784
0,045104118
0,042746965
0,043995369
0,043947168
0,044034495
0,043971764
0,044167054
0,044310877
0,043584734
0,045211487
0,042738323
0,044404273
0,043604108
0,043984566
0,043948101
0,044029365
0,04394619
0,044012344
0,044032057
0,043954931
0,043861404
0,044077648
0,043910003
0,043982463
0,043885162
0,044057139
0,043919401
0,043905672
0,044175928
0,043941912
0,043960674
0,043917458
0,043948789
0,043996066
0,04400923
0,044060565
0,043894525
0,043912611
0,044062304
0,04392685
0,044000835
0,044002825
0,04404697
0,043978295
0,043857617
0,043874465
0,044125473
0,043919383
0,044109798
0,045383333
0,042515524
0,043938682
0,044086706
0,043911931
0,044025493
0,043901414
0,044044213
0,043968849
0,044108689
0,043917018
0,0439915
0,043992301
0,044131613
0,043863575
0,044005904
0,043962299
0,043875769
0,044075879
0,043991037
0,043870386
0,044099863
0,04405958
0,043907977
0,043895243
0,044091414
0,043892146
0,044007964
0,044021998
0,04398985
0,043980023
0,044000919
0,044041103
0,043937083
0,043997737
0,044155183
0,043837766
0,04428873
0,043755779
0,04395113
0,044131083
0,0438124
0,043996769
0,044023072
0,044031268
0,043965423
0,044035928
0,043915477
0,044042051
0,045205284
0,042656178
0,044147078
0,043968469
0,043871305
0,044054615
0,043948656
0,044052112
0,044049665
0,045308561
0,042575877
0,043917128
0,044116899
0,044000628
0,044092191
0,043960498
0,043924312
0,043926705
0,044070527
0,043923581
0,044044917
0,043976744
0,044042679
0,043956613
0,044107567
0,043874171
0,043921672
0,044001867
0,044024173
0,044065196
0,043997223
0,043931878
0,043965773
0,044203259
0,043821904
0,043978864
0,043979508
0,044021272
0,04403954
0,043996234
0,04398775
0,044093994
0,043960576
0,043873018
0,043968896
0,043997132
0,044010976
0,04402508
0,043923032
0,045191872
0,04274767
0,043970031
0,044017003
0,044088283
0,043895131
0,044118407
0,043872196
0,043969244
0,04533868
0,042793305
0,044023167
0,043877999
0,04413426
0,043804215
0,044159181
0,043964628
0,044138605
0,043692683
0,044080532
0,04411217
0,043919895
0,04398136
0,044093371
0,043921179
0,043936603
0,043968308
0,0440934
0,043859205
0,044099571
0,044089526
0,043936735
0,043863892
0,04398881
0,043978572
0,044079852
0,044006962
0,043955627
0,043944497
0,043941628
0,044013064
0,044049526
0,043968669
0,043980695
0,043968391
0,044065965
0,044019949
0,043974459
0,044019251
0,045304046
0,042792775
0,043810778
0,043972033
0,044043312
0,044107626
0,043942486
0,04392974
0,044080807
0,045269977
0,042667412
0,043987037
0,044033978
0,044002644
0,043949584
0,04407134
0,04379077
0,044178155
0,043993363
0,043891497
0,044138729
0,043989021
0,043990789
0,043858593
0,044045777
0,043958349
0,043977438
0,04417951
0,043823748
0,044037219
0,043908457
0,043994412
0,044052273
0,044165972
0,043767055
0,043987653
0,044046959
0,044000735
0,043994397
0,043838821
0,045404549
0,042693423
0,043947206
0,044035402
0,044038981
0,043998858
0,0438765
0,044153876
0,043866927
0,045501916
0,042490897
0,044022869
0,04400519
0,043950897
0,044113125
0,043866563
0,043974986
0,044067712
0,045072573
0,042893526
0,043927853
0,043995763
0,043949474
0,0440354
0,044009562
0,043956028
0,044028616
0,04396726
0,043951386
0,044107617
0,043956701
0,04402778
0,04404287
0,043838662
0,044225598
0,043854389
0,043846254
0,044140389
0,043890083
0,0439956
0,043939939
0,044106496
0,043929952
0,043984226
0,04408586
0,043891836
0,043924712
0,044212158
0,044018968
0,043844688
0,043984424
0,043978198
0,043956102
0,043965862
0,044087628
0,043997718
0,043985097
0,044016395
0,045142067
0,042871065
0,044015076
0,043846682
0,044311574
0,043780901
0,043976583
0,043937851
0,043990218
0,045336499
0,04263785
0,044146665
0,04385501
0,043937606
0,044014603
0,043932004
0,044097684
0,043941144
0,043933679
0,04407464
0,044032464
0,043884292
0,044082869
0,04387218
0,044020135
0,044001052
0,044013846
0,044108472
0,043846438
0,043937535
0,04426727
0,043751834
0,044125128
0,043941277
0,043921402
0,044063471
0,043915441
0,044007547
0,044056331
0,043982133
0,043993854
0,044068799
0,043917836
0,044020387
0,043865923
0,044000476
0,044221024
0,043921225
0,043909601
0,045401153
0,042559314
0,044068447
0,043915062
0,04400316
0,044035942
0,043960367
0,044047158
0,043952004
0,045427111
0,042551366
0,044065113
0,043907657
0,04407776
0,043968405
0,044018603
0,043994158
0,043905158
0,043892867
0,044045585
0,044088238
0,043907764
0,044006592
0,043922923
0,044075232
0,044141781
0,043980636
0,043716653
0,044222017
0,044145112
0,043707325
0,044038786
0,044165812
0,043974146
0,04385375
0,043892988
0,044166217
0,043921992
0,04402796
0,043923824
0,044027867
0,043980142
0,04402535
0,044039205
0,043975814
0,044047811
0,043883331
0,044098219
0,043881999
0,045328062
0,042654601
0,043927823
0,044180987
0,043830283
0,044087624
0,043937514
0,043977538
0,043892799
0,045294744
0,042758311
0,043985189
0,043987162
0,044168298
0,04380411
0,044096395
0,043893435
0,043897
0,044092014
0,043922822
0,044052869
0,044003995
0,043913365
0,044085948
0,044076976
0,04400358
0,043875807
0,044110243
0,043870756
0,043937859
0,044122859
0,0437816
0,044072202
0,044123674
0,043924109
0,044171486
0,043784419
0,044020093
0,044064792
0,043884932
0,044004499
0,044084253
0,043986322
0,043775015
0,044055689
0,043966122
0,044033095
0,044158759
0,043969003
0,045277734
0,042471575
0,04413598
0,043886404
0,044050901
0,044001051
0,044010534
0,043950192
0,044046147
0,045188679
0,042760709
0,043927576
0,044104432
0,044013237
0,043974448
0,043943365
0,043973155
0,044075305
0,043735449
0,044202562
0,043915534
0,043989307
0,04395934
0,044194672
0,043865437
0,044049593
0,043828383
0,044223964
0,043906053
0,044007243
0,043872507
0,044196909
0,043989003
0,044091736
0,043763624
0,044013079
0,043993739
0,044095572
0,043731342
0,044178384
0,044046539
0,043929371
0,043904905
0,04407508
0,043889849
0,044067244
0,044020953
0,043976202
0,043877786
0,04520519
0,042836426
0,044000636
0,044266632
0,043728322
0,043962104
0,043967235
0,044155845
0,043935721
0,045300194
0,042616266
0,044019068
0,043904979
0,044076587
0,044020025
0,043981003
0,044057363
0,043850521
0,043977349
0,04410306
0,043969404
0,043868394
0,044016814
0,043945174
0,044018509
0,044242511
0,043784007
0,044099535
0,044038399
0,043996089
0,043891105
0,0439537
0,04414931
0,04394155
0,044004488
0,043927858
0,043973311
0,044101703
0,043919514
0,043865359
0,045581996
0,042391276
0,044103127
0,04395036
0,044071016
0,044008407
0,043796475
0,043940798
0,044125863
0,045250763
0,042791004
0,043962711
0,043906835
0,044010993
0,044029728
0,043908996
0,044101445
0,043813734
0,044250079
0,043781596
0,043995987
0,044151776
0,043841502
0,044033085
0,044108615
0,043817734
0,044081397
0,043833926
0,044201645
0,04400816
0,043939097
0,043989649
0,044001785
0,043929007
0,043897004
0,04426968
0,044035032
0,043787314
0,0439953
0,044036406
0,043959767
0,044139562
0,043726727
0,044063562
0,043983621
0,044078091
0,043845027
0,044024318
0,043918899
0,044093208
0,044084869
0,043936081
0,04392397
0,0441385
0,043888538
0,043834878
0,044195665
0,043915415
0,045146806
0,042870988
0,044022179
0,04399217
0,044116604
0,043933183
0,043918957
0,04393518
0,044007587
0,045267524
0,042677763
0,044055589
0,043835538
0,044017813
0,044176001
0,043879745
0,044013478
0,043905689
0,044052559
0,043983157
0,043954054
0,044082771
0,043934534
0,04400532
0,043856587
0,044122503
0,044149123
0,043911798
0,043827697
0,044057259
0,044232752
0,04380353
0,043981524
0,043955465
0,044205167
0,043795912
0,04397529
0,044077423
0,043940839
0,044070125
0,044016961
0,043856597
0,043859341
0,044074439
0,043989189
0,044004284
0,044022808
0,04393005
0,0440174
0,045486298
0,042566737
0,044005947
0,043977966
0,043970157
0,043990509
0,044104067
0,04382218
0,043929372
0,044130903
0,044073429
0,043868082
0,043993637
0,04392045
0,044061246
0,043868141
0,044248185
0,043883842
0,043946806
0,044111049
0,043924767
0,043955321
0,044106955
0,043909598
0,044050657
0,043916724
0,043951017
0,04404637
0,044011112
0,044021718
0,043885029
0,04400701
0,044970955
0,042990218
0,044095926
0,043958705
0,043919968
0,044078176
0,043986218
0,044051345
0,043954693
0,043909757
0,044120368
0,043879951
0,044094063
0,043936866
0,044041738
0,043878077
0,044042805
0,045262391
0,042633766
0,044110897
0,043834666
0,044035421
0,043971747
0,044105549
0,043983614
0,043998172
0,045277604
0,042762018
0,043810731
0,044076747
0,044055898
0,043897424
0,043957626
0,043993728
0,044182724
0,043779393
0,044173679
0,043933556
0,044031495
0,043785401
0,044072032
0,043891494
0,044076093
0,043996893
0,04396905
0,044027827
0,043898335
0,044053658
0,044259775
0,043736593
0,043981595
0,043998626
0,043966225
0,043948205
0,044070258
0,043958168
0,044041901
0,043992752
0,044080353
0,043826185
0,044187398
0,043875624
0,043983552
0,044071423
0,043940777
0,044116029
0,045026527
0,042863169
0,043973908
0,043988125
0,044128739
0,043941265
0,04388268
0,04406124
0,044063287
0,045246253
0,042626771
0,044048455
0,044036055
0,043991843
0,043906837
0,044103874
0,043877341
0,043935303
0,0440028
0,044082545
0,043972868
0,044074587
0,04390688
0,043944762
0,044156297
0,043810939
0,044008594
0,04392277
0,04405358
0,044577266
0,043409707
0,043967167
0,044048371
0,043957222
0,043952652
0,044003462
0,044044358
0,043913334
0,044039377
0,043912888
0,04404283
0,043878156
0,044071751
0,0440526
0,043835983
0,044183138
0,04392542
0,04417377
0,043724438
0,045466193
0,042647114
0,043866457
0,0440257
0,04396509
0,043963558
0,044079034
0,043908545
0,044096939
0,044025924
0,043938885
0,044153958
0,043719191
0,044128966
0,044011809
0,043884665
0,044081665
0,043818516
0,044089147
0,04392568
0,044110313
0,043981994
0,044025234
0,044016376
0,043915563
0,044092865
0,043950175
0,044103155
0,043784897
0,04407497
0,044091305
0,043979348
0,043921499
0,043954206
0,043918632
0,04410247
0,043904564
0,044156755
0,043821486
0,044008046
0,044053378
0,043950605
0,043997299
0,044102018
0,043825919
0,044013415
0,043952063
0,044125981
0,043990652
0,044940079
0,042909401
0,044037385
0,044111727
0,043863567
0,043968996
0,044027739
0,043945756
0,043976255
0,045162063
0,042933488
0,043894041
0,044282939
0,043796918
0,043885703
0,044183975
0,04391704
0,04387018
0,043991967
0,044064356
0,043881798
0,044014622
0,044049678
0,044024428
0,04382567
0,044181656
0,044073812
0,043924377
0,043860125
0,044068336
0,04399627
0,043936811
0,044002796
0,044084244
0,043920205
0,043944078
0,044008153
0,043990399
0,043976008
0,044041296
0,043916389
0,044005417
0,043957099
0,044061494
0,044022958
0,043993563
0,044066532
0,04404926
0,043856402
0,045414655
0,04255095
0,044020323
0,04391698
0,044235241
0,043670496
0,044537927
0,043552277
0,044007162
0,04518083
0,042877607
0,0439188
0,044027569
0,043980592
0,044019194
0,04388753
0,044084513
0,043978931
0,043885286
0,044078032
0,044084949
0,043883804
0,044086671
0,044042243
0,0438992
0,044062006
0,043879224
0,043958676
0,044001492
0,044066408
0,04407959
0,043912245
0,043981755
0,044000113
0,043899676
0,044224906
0,043915132
0,043859094
0,04398158
0,044047908
0,044016599
0,044026438
0,043918967
0,044042593
0,043965675
0,044199321
0,043777179
0,043954269
0,043981331
0,045385863
0,042620287
0,044103631
0,044011918
0,04386862
0,044156454
0,044044417
0,043842471
0,044109411
0,04379888
0,044002783
0,043967469
0,044035113
0,04415241
0,043883525
0,043936832
0,044133096
0,043833118
0,044011023
0,043892819
0,044151321
0,043987161
0,043907622
0,044055244
0,044043121
0,044076848
0,043922833
0,043915721
0,044086426
0,04408132
0,0439246
0,044003185
0,043880947
0,044024404
0,044003383
0,043990251
0,043969716
0,043909221
0,043925235
0,04416602
0,043973204
0,044025728
0,04401415
0,044014812
0,043958582
0,043960017
0,043960878
0,044054366
0,043994191
0,04513224
0,042885228
0,043770623
0,044053228
0,044290922
0,043780164
0,043861334
0,044004169
0,043978038
0,045261143
0,042728505
0,044022967
0,043984262
0,044290642
0,043744392
0,044082683
0,043959644
0,044105732
0,043866866
0,043934838
0,043997264
0,044028293
0,043912454
0,044021335
0,04402704
0,04404042
0,04393517
0,043984595
0,044074016
0,043885115
0,044020894
0,043896892
0,044077797
0,043960307
0,044064765
0,043996436
0,043883249
0,043963107
0,044101928
0,043950021
0,044087747
0,043861006
0,044084467
0,043971178
0,043995326
0,044013884
0,043891119
0,044161883
0,043876281
0,045297695
0,042717457
0,043923346
0,044011111
0,044110388
0,043886824
0,044010187
0,043830498
0,044194286
0,045243781
0,042805975
0,043750701
0,043968132
0,044289244
0,043796629
0,043997445
0,044026059
0,043910734
0,043948455
0,044074851
0,04388469
0,04395032
0,044091695
0,043952938
0,044012688
0,043988956
0,043936948
0,044042677
0,043999428
0,043883284
0,044060374
0,044105809
0,043948393
0,043977214
0,044069669
0,043888123
0,044042077
0,044018948
0,044001836
0,043972549
0,044029964
0,043969676
0,04398753
0,04390686
0,043954735
0,044150173
0,043883711
0,044085224
0,043928139
0,045374638
0,042515837
0,044089276
0,043837503
0,044044628
0,044075415
0,043929914
0,043963635
0,044141145
0,045154774
0,042959225
0,043833767
0,043963859
0,044038858
0,044077202
0,043841125
0,044125603
0,043902001
0,044028872
0,043995921
0,044006465
0,043971013
0,043942292
0,043976849
0,043988664
0,043990122
0,044008762
0,043907095
0,044158736
0,043805301
0,044090469
0,044066624
0,043911725
0,044053925
0,044098372
0,043780609
0,044070208
0,043978776
0,044015245
0,043973886
0,044165894
0,043903777
0,043964851
0,043914443
0,044109278
0,043843924
0,044046472
0,044016637
0,043930733
0,045262444
0,042670664
0,044027776
0,044105217
0,04382238
0,044023919
0,043969718
0,044064713
0,043883129
0,045562209
0,042478188
0,044000616
0,044009692
0,043919392
0,044119946
0,043910873
0,043989102
0,044162497
0,043888322
0,044051242
0,043916852
0,044028147
0,044031116
0,043936117
0,044004332
0,044096448
0,043894097
0,04395674
0,044082345
0,044095607
0,043842189
0,043959765
0,04393484
0,044028185
0,043972621
0,043937886
0,044066414
0,043992292
0,0440964
0,043890843
0,044047629
0,043920048
0,044027223
0,044056979
0,043817862
0,044094982
0,04413059
0,043811749
0,044002968
0,045244741
0,042730678
0,043973046
0,044130861
0,043943618
0,043955807
0,044120053
0,043897338
0,044040081
0,045263564
0,042703677
0,044054146
0,043776459
0,04421586
0,043819015
0,043969051
0,044012358
0,044008633
0,044017713
0,044014156
0,044241471
0,043959742
0,04388657
0,043841485
0,043983376
0,044017573
0,043878078
0,044091406
0,044109006
0,04391727
0,043952895
0,043885412
0,044053046
0,044098709
0,043909514
0,044053934
0,043935847
0,043954649
0,043967238
0,044019862
0,044001385
0,044129266
0,043888397
0,044074397
0,043912454
0,043964294
0,043879927
0,044121008
0,04398639
0,04527875
0,042784497
0,043913653
0,044023404
0,043972037
0,044000576
0,044004488
0,043920493
0,043978587
0,04549095
0,042535441
0,044025797
0,043918262
0,043954484
0,043947204
0,044097636
0,043923005
0,043997302
0,043976233
0,044217648
0,043952066
0,043787713
0,044158955
0,043971541
0,043941125
0,044017358
0,043971068
0,043996929
0,044009556
0,043923947
0,043999704
0,044036844
0,044119104
0,043919861
0,043945226
0,043969668
0,043995738
0,043948578
0,044065825
0,043881019
0,04422374
0,043767309
0,044043413
0,044139399
0,043846934
0,04403853
0,043967387
0,04399509
0,044019967
0,045296225
0,042633785
0,044068638
0,04402644
0,04394159
0,0443546
0,043528131
0,044083367
0,044020984
0,045149374
0,042844357
0,043991179
0,044019593
0,044064542
0,043861197
0,043949696
0,044001051
0,044240962
0,043837985
0,043920315
0,043921942
0,044018824
0,043998333
0,043943132
0,043962452
0,04399231
0,04400726
0,044167931
0,043905036
0,043994347
0,043938975
0,043911923
0,044075266
0,044095648
0,04395471
0,043998957
0,044021385
0,043871409
0,043992847
0,044058921
0,043987601
0,043926169
0,044025746
0,043896947
0,044204507
0,044021258
0,043955009
0,043968251
0,044009236
0,043885674
0,043960875
0,044092782
0,043925092
0,044041029
0,04392286
0,044180944
0,043837586
0,044008296
0,045311342
0,042661263
0,044043268
0,047938239
0,044132535
0,043989599
0,043923952
0,043980619
0,044107548
0,04500389
0,042866164
0,044094559
0,043841329
0,044042323
0,043919128
0,044080299
0,043995565
0,043978769
0,043936125
0,044114088
0,043869759
0,044048842
0,043945488
0,044506454
0,043433377
0,044073051
0,043962634
0,044069473
0,043858647
0,044074706
0,044152883
0,044018781
0,043971095
0,043963818
0,043923679
0,043953313
0,044066911
0,043941285
0,044001821
0,043893195
0,044097801
0,044107308
0,043944747
0,044013762
0,044797752
0,043043118
0,044122542
0,04385674
0,044039623
0,045820133
0,042169148
0,043944667
0,04403942
0,044009467
0,043964096
0,044035539
0,043966631
0,043960029
0,045575463
0,042326107
0,044208328
0,043876125
0,043850635
0,044104736
0,043949981
0,043999059
0,043939701
0,044079933
0,043920353
0,043947045
0,044032225
0,044020263
0,04397291
0,044098468
0,043912793
0,043971134
0,044079376
0,044150468
0,043985932
0,043743033
0,044074101
0,044001961
0,044187255
0,043825005
0,043983147
0,043850221
0,04406881
0,044039856
0,043953612
0,044062816
0,04401627
0,043868502
0,044104216
0,043968634
0,044021162
0,044059735
0,04386747
0,044053432
0,045343327
0,042541577
0,043985862
0,043992352
0,04405101
0,04397745
0,044021764
0,044020316
0,043836776
0,045167131
0,042926994
0,044051687
0,043981887
0,043940638
0,04407791
0,043826833
0,043995786
0,044070853
0,043814585
0,044072223
0,044186204
0,04387521
0,043950498
0,04412212
0,0439467
0,043867038
0,044091801
0,044002688
0,043957758
0,043993534
0,044030945
0,043999594
0,043925433
0,043939026
0,044211059
0,043854393
0,044027814
0,043895186
0,044257865
0,043935589
0,043893362
0,043981003
0,043908493
0,04402328
0,044217956
0,04398577
0,043833192
0,044123521
0,0439259
0,045271628
0,042641576
0,043997472
0,044022375
0,044016285
0,044017982
0,044190122
0,043610933
0,044043167
0,045238399
0,042831026
0,044114287
0,043857032
0,044098135
0,043820916
0,043994178
0,044131228
0,04384954
0,044077117
0,044081589
0,043926096
0,043951821
0,044007474
0,044033964
0,044025547
0,043993565
0,043845533
0,044102424
0,044121817
0,043753917
0,044035883
0,043946306
0,044129111
0,044071705
0,043868304
0,043963071
0,044042867
0,043979746
0,043962981
0,044009142
0,044003718
0,043922246
0,04419277
0,043999599
0,043781153
0,043954634
0,044093778
0,044116407
0,043869768
0,044858217
0,043134504
0,043923007
0,044126081
0,043885347
0,044124892
0,043997795
0,043908492
0,043896071
0,045423245
0,042623521
0,044119383
0,043986318
0,043917903
0,043927512
0,043882581
0,04436786
0,043643195
0,045397196
0,042635126
0,044054046
0,043978144
0,04393948
0,043938061
0,043938686
0,04410231
0,043962244
0,044155343
0,043857854
0,044034636
0,043905366
0,044038026
0,044149945
0,043851087
0,044019822
0,04398905
0,043919232
0,044081782
0,044056061
0,043954555
0,043933484
0,043994273
0,044256646
0,043693818
0,044102779
0,043962968
0,044126033
0,0439165
0,04399307
0,04400068
0,043861659
0,044026149
0,044172416
0,043751186
0,044051106
0,043999671
0,04404794
0,043949291
0,045284703
0,042679444
0,044103564
0,044061513
0,043873399
0,04400158
0,04399909
0,043927978
0,044106594
0,04533017
0,042581712
0,043953816
0,044128659
0,044006147
0,044056874
0,04377785
0,044017994
0,044125023
0,043853858
0,043982431
0,044029773
0,043933264
0,044110795
0,043983333
0,044044502
0,04399351
0,043898423
0,043968364
0,044018503
0,043995763
0,043999113
0,04407738
0,043816663
0,044056791
0,044023949
0,043946772
0,044009979
0,043952719
0,044110341
0,043901643
0,045288159
0,042777243
0,044049961
0,043940428
0,043834002
0,044248587
0,04386694
0,043933334
0,044114138
0,045198775
0,04289302
0,043708294
0,04425218
0,04382145
0,043984304
0,044006529
0,043943906
0,0441093
0,043877344
0,044083984
0,044035101
0,043848761
0,044050364
0,044090676
0,04382553
0,044034541
0,044086718
0,044172742
0,043696045
0,044164808
0,043936415
0,043877421
0,043985776
0,044010009
0,044097757
0,043888645
0,044168165
0,043904801
0,04385942
0,044144245
0,043890724
0,043934104
0,044110263
0,043999343
0,043982277
0,043959953
0,043980965
0,043991104
0,043956854
0,045324325
0,042698064
0,044072332
0,043958363
0,044013456
0,043930038
0,044128774
0,043889059
0,043986519
0,045342432
0,042719647
0,043895617
0,044034899
0,043954893
0,044099753
0,043892694
0,044006598
0,043990445
0,04395986
0,043973966
0,044071476
0,043988868
0,044130001
0,043798529
0,044203864
0,043996646
0,043888499
0,043986666
0,044029786
0,044080023
0,043852933
0,044002196
0,044045996
0,043965424
0,043938759
0,043960738
0,044000893
0,044002503
0,044079939
0,043869146
0,044027769
0,043936899
0,044044372
0,043983229
0,043931491
0,044133274
0,043978366
0,043993479
0,044064721
0,043990366
0,043826834
0,044057984
0,043921199
0,043945325
0,044101636
0,044021306
0,044047743
0,043823673
0,045463895
0,04256895
0,043997937
0,044025368
0,044108239
0,043891167
0,044036262
0,0439281
0,044048061
0,0452225
0,042666754
0,044095525
0,043877679
0,044031896
0,044052777
0,043956229
0,044053773
0,043888546
0,044019521
0,043948304
0,044087833
0,044076822
0,043873184
0,044037377
0,044051631
0,043783875
0,043990928
0,044104546
0,044039511
0,043872582
0,044049511
0,044034815
0,043892612
0,044023872
0,044005345
0,04395007
0,044037039
0,044053365
0,043887109
0,044152579
0,04393596
0,043981444
0,043968533
0,044036573
0,043986464
0,044027219
0,043963656
0,044101655
0,043828797
0,045503209
0,042547388
0,044038271
0,043950337
0,043923003
0,043952032
0,044051144
0,043966539
0,043986811
0,04533627
0,042712728
0,043960301
0,044083218
0,043836832
0,044025553
0,04413677
0,0445377
0,043383033
0,043980391
0,043970553
0,044086644
0,043950938
0,043990489
0,043927856
0,04397612
0,044036923
0,044121433
0,044530362
0,043423217
0,043960651
0,044036781
0,043835553
0,044136744
0,044002183
0,043942339
0,043924988
0,04393049
0,044036562
0,043981664
0,04415353
0,043935372
0,043924871
0,04403579
0,043905909
0,044036077
0,044003096
0,044010494
0,044104157
0,043931572
0,045250359
0,042714324
0,043996637
0,043935793
0,044110214
0,043901665
0,044082773
0,043983778
0,043977815
0,04529586
0,042619237
0,044012573
0,043920931
0,043981404
0,044127214
0,043885965
0,043993538
0,044012914
0,04406062
0,044090953
0,043784919
0,044064884
0,04401697
0,043935869
0,043990072
0,04414058
0,043967376
0,043968974
0,043963239
0,044017852
0,043918062
0,044095895
0,043946256
0,043922914
0,044061379
0,044031186
0,044008292
0,043814542
0,044183631
0,043851797
0,044010416
0,044074762
0,043935193
0,044300703
0,043757688
0,043941958
0,044042335
0,043916612
0,044084112
0,045453761
0,042488398
0,044022663
0,044049897
0,043994787
0,043933371
0,044073616
0,043902096
0,043946529
0,045367113
0,042710483
0,043903424
0,044028157
0,043931447
0,044011351
0,044096224
0,044048839
0,043887996
0,045197479
0,042708597
0,044033613
0,043971886
0,04400774
0,044060163
0,043966019
0,043967972
0,043967049
0,044017345
0,044045593
0,043957684
0,044057582
0,043960563
0,044018903
0,043921628
0,044041005
0,044066391
0,043848497
0,044028223
0,044082615
0,043974347
0,043891024
0,043917204
0,044084558
0,044018413
0,044011594
0,043986562
0,043949402
0,044006117
0,043989688
0,044238863
0,043848732
0,043939056
0,043928206
0,044374062
0,043744865
0,044049763
0,043887401
0,043914808
0,045411442
0,04257728
0,044006265
0,044115274
0,044221654
0,043674757
0,044059444
0,043854003
0,044028104
0,045634479
0,042404324
0,044009968
0,044075106
0,044013237
0,044004636
0,043877862
0,043962129
0,043979531
0,043984912
0,044082057
0,043903291
0,043956494
0,044073202
0,043925887
0,044182895
0,043987879
0,043884175
0,043969212
0,043978318
0,043938151
0,044131332
0,043909303
0,043936552
0,044054401
0,044114262
0,043977517
0,04390462
0,044103778
0,043942692
0,043907164
0,044068928
0,043938778
0,043968115
0,043982003
0,043958798
0,04424557
0,043776456
0,044172008
0,043843872
0,0454655
0,042498893
0,044068924
0,043931131
0,044074285
0,043920671
0,044003413
0,044013665
0,043962553
0,045225928
0,042830967
0,044077602
0,043952169
0,044023874
0,043996606
0,043855759
0,044068284
0,044138323
0,043832214
0,044107449
0,04392764
0,043911361
0,043986963
0,04398689
0,044094663
0,043861836
0,043986505
0,043988994
0,044027756
0,043865997
0,044133958
0,043919464
0,044039591
0,044051931
0,046667167
0,045436429
0,04400143
0,044155467
0,043827522
0,044136094
0,045207719
0,042680348
0,04380466
0,044159752
0,044105609
0,043841173
0,044074988
0,043867805
0,044255815
0,045029417
0,04274607
0,043759669
0,044218597
0,044052288
0,044036817
0,043853155
0,043820273
0,044105817
0,045337194
0,042777182
0,044011692
0,043921828
0,044082361
0,043755399
0,044123421
0,043769462
0,044090597
0,044344827
0,04368937
0,044310084
0,043815828
0,043940304
0,044083445
0,043959509
0,043998035
0,044000749
0,043968722
0,043862199
0,04406289
0,044077583
0,045366569
0,042599455
0,044010512
0,043851051
0,043944525
0,044005151
0,0440752
0,04418929
0,043610599
0,045721585
0,042441495
0,043807444
0,043887054
0,044211846
0,044011593
0,04406573
0,043994441
0,043795477
0,045637365
0,045227383
0,04506171
0,043910807
0,043985369
0,044045153
0,043932089
0,043927105
0,043982858
0,043940631
0,044058452
0,044042612
0,043989122
0,043936281
0,04407458
0,044011685
0,043901577
0,04408059
0,043987261
0,043912304
0,044010409
0,044892136
0,043159059
0,043972935
0,043990665
0,04398843
0,04405072
0,043941143
0,044025134
0,043959289
0,043937166
0,045276863
0,042707934
0,04405272
0,04389138
0,044132944
0,043915097
0,043996439
0,044230425
0,043786513
0,043966113
0,043971723
0,044053589
0,043955068
0,044040385
0,044015201
0,04397329
0,043979222
0,043970025
0,043935736
0,04408355
0,043937003
0,044002643
0,044110969
0,043880909
0,043952256
0,043996619
0,044059609
0,043912914
0,043995876
0,044075984
0,04393982
0,044052971
0,043914462
0,044049721
0,044243473
0,043733495
0,044053831
0,043941666
0,043949173
0,044066362
0,043984165
0,043969171
0,044004001
0,044018921
0,044053215
0,043883061
0,043941549
0,044230473
0,043779716
0,043931441
0,044041708
0,04405287
0,044006331
0,04393013
0,04406861
0,044017891
0,044002751
0,043886401
0,044059193
0,044038587
0,043968285
0,043970157
0,044026881
0,043902932
0,04402437
0,044156665
0,043804828
0,043975719
0,044056224
0,043943179
0,04406027
0,043897864
0,043963937
0,044092784
0,044042538
0,04418679
0,043749982
0,044025073
0,043889168
0,04396079
0,04411553
0,043964611
0,044062643
0,043895548
0,044071398
0,043916274
0,044026027
0,043998065
0,043994035
0,043951879
0,044071565
0,044037553
0,043939194
0,043975592
0,043952533
0,04408682
0,043945003
0,044019368
0,043972688
0,043898554
0,044024681
0,044121893
0,043949245
0,043920679
0,044068565
0,044015095
0,043938853
0,045309196
0,042682601
0,043985622
0,043974858
0,043889065
0,044138104
0,043962957
0,044038911
0,043961186
0,044003628
0,043962131
0,043949934
0,044116903
0,043908438
0,044074647
0,043871246
0,044004745
0,044062278
0,043988172
0,044008308
0,043952329
0,043968059
0,044123841
0,04388657
0,044004544
0,044000944
0,044042955
0,043894909
0,044068249
0,044013382
0,0439498
0,044028856
0,044199381
0,043740084
0,043967934
0,043979205
0,043990864
0,044036756
0,044001063
0,043951483
0,044316877
0,04368941
0,04406176
0,043863205
0,044022487
0,044061685
0,044036004
0,043980612
0,043913266
0,044076885
0,043980309
0,043904845
0,044232639
0,043955891
0,043846693
0,043982471
0,043969874
0,043970104
0,044016267
0,044043599
0,043846358
0,044100966
0,043899537
0,04408376
0,04395234
0,044118166
0,043940496
0,043955538
0,043907234
0,044063469
0,043997053
0,044048422
0,044029499
0,043922443
0,044048472
0,043885606
0,044041011
0,043942627
0,044051122
0,043917748
0,044020873
0,044003638
0,043994191
0,044068077
0,043951184
0,043938742
0,044020972
0,044000508
0,04401827
0,043941742
0,044145942
0,043911283
0,043831661
0,044100983
0,044042947
0,04389706
0,044080149
0,043975067
0,043969447
0,043971922
0,043976098
0,044006739
0,044037157
0,043946952
0,044033872
0,04397269
0,044041848
0,04529248
0,042655241
0,043953709
0,044053074
0,043967607
0,04391666
0,044119665
0,043973452
0,044193746
0,043697746
0,044280772
0,043820641
0,043909902
0,044064904
0,043950906
0,044069539
0,043968173
0,043967369
0,043919393
0,043997664
0,043953316
0,044053159
0,04399115
0,044026081
0,043883411
0,044096532
0,044042616
0,043919815
0,044045409
0,043970567
0,044017409
0,043979482
0,043957088
0,044063384
0,044022399
0,043900829
0,043946735
0,043992337
0,044118027
0,04396026
0,043982292
0,044055115
0,043832103
0,044053697
0,043931654
0,044072426
0,04396309
0,044000702
0,043967126
0,045334391
0,042654211
0,044161056
0,043861742
0,044050275
0,04394806
0,043942305
0,043995222
0,044059998
0,043949349
0,044061045
0,043989609
0,043959003
0,043979207
0,043992104
0,04402706
0,044030438
0,043913117
0,044000904
0,044045963
0,043976134
0,044005584
0,044008174
0,04405811
0,04421626
0,043688261
0,043947163
0,043939672
0,043984029
0,044072553
0,044061445
0,04397354
0,043998613
0,043915371
0,044030881
0,043942426
0,044033865
0,04405899
0,04395354
0,04392262
0,043988924
0,044033242
0,044014184
0,043998384
0,043900431
0,044083658
0,043899925
0,044087492
0,043918442
0,044039423
0,044023963
0,04408812
0,04386742
0,044036519
0,043876697
0,044134143
0,044034938
0,043912018
0,04402205
0,04390724
0,044021949
0,043968124
0,043964859
0,044050455
0,043956987
0,044016451
0,043953084
0,044005351
0,043973875
0,044045244
0,043996896
0,043949596
0,044047293
0,043982978
0,043993237
0,043962461
0,044002654
0,044021615
0,043959321
0,044052989
0,043989075
0,043941801
0,043978598
0,044036337
0,043957972
0,043927154
0,044106519
0,043921327
0,043945887
0,044027186
0,043970307
0,044035932
0,044074313
0,043918934
0,044036924
0,043949322
0,043997343
0,044023342
0,044021082
0,043903478
0,044004782
0,043993229
0,043984113
0,044040425
0,043995677
0,04399847
0,044006299
0,043964808
0,044047352
0,043898577
0,044061455
0,04398328
0,044003591
0,044037463
0,043952283
0,043997939
0,043931075
0,043980634
0,044028781
0,044047646
0,044014093
0,043950336
0,043988415
0,044024319
0,043919937
0,04402016
0,044007589
0,044048944
0,043973048
0,04389855
0,044110664
0,043936949
0,044016725
0,044026486
0,043931221
0,044014086
0,043907178
0,043986864
0,044036801
0,04403846
0,043980196
0,044162351
0,043855788
0,043997429
0,043942945
0,044033797
0,043963084
0,043977422
0,044040047
0,044005752
0,043965277
0,043970149
0,044046053
0,043973828
0,04405136
0,043973654
