0,030651368
0,063897654
0,045325201
0,047781308
0,04432453
0,043874541
0,044031613
0,044007716
0,044012983
0,043854905
0,043970432
0,044081376
0,043941473
0,044042273
0,043902993
0,044192181
0,043821619
0,044048845
0,043988273
0,044010574
0,043970359
0,043954211
0,044102071
0,043280421
0,044031992
0,044023114
0,043978278
0,043934857
0,044165443
0,043683687
0,044163819
0,043893067
0,044109058
0,043923761
0,04522212
0,042692934
0,044231653
0,043770774
0,043912985
0,044215651
0,043954129
0,043914775
0,044040667
0,045197133
0,0424962
0,044153026
0,043961346
0,044059624
0,043974806
0,044024344
0,043923695
0,043983754
0,044109147
0,04395772
0,043964717
0,043901796
0,044137195
0,043899075
0,043983638
0,043933361
0,043983248
0,04412305
0,043998967
0,043864432
0,044061242
0,044117506
0,043770002
0,043950172
0,044028127
0,044007699
0,043894481
0,044098502
0,04377604
0,044129463
0,043989293
0,044132446
0,04391667
0,044095218
0,043896126
0,043956323
0,044215301
0,043688404
0,044153936
0,045281643
0,042620876
0,043828538
0,044014064
0,04386375
0,044144318
0,044069236
0,043956535
0,043960979
0,045180885
0,04283031
0,043895501
0,043832819
0,04413117
0,043816307
0,044318823
0,043721414
0,044159165
0,043979981
0,043942915
0,044004012
0,043936665
0,043984071
0,044091207
0,044046365
0,043828251
0,044008811
0,043967158
0,04399586
0,044044276
0,044018209
0,043972822
0,043873775
0,043994452
0,043992301
0,043990075
0,043956594
0,044129244
0,044008774
0,04381868
0,044182157
0,043882002
0,044018508
0,04373539
0,04432531
0,043600046
0,044292196
0,043739768
0,044186681
0,045249842
0,042705278
0,044045671
0,043964527
0,044069839
0,043995673
0,044153692
0,043717848
0,043946748
0,045184127
0,042911897
0,043964974
0,043826651
0,044084849
0,044102013
0,044050975
0,043889512
0,043978166
0,044086564
0,043949748
0,044004781
0,043890433
0,044076532
0,04402337
0,04374722
0,044089433
0,043909663
0,043965884
0,043989136
0,044084468
0,043854069
0,044097416
0,044066326
0,043871187
0,043945733
0,044060403
0,043987111
0,043881584
0,044048753
0,044084175
0,044007937
0,044035209
0,043798954
0,044054849
0,043911625
0,044061814
0,044007117
0,043943649
0,043955343
0,044085636
0,043955891
0,043997278
0,04370808
0,044304552
0,043889073
0,04392772
0,044082388
0,043986997
0,045325444
0,042687385
0,04386634
0,044229862
0,043827912
0,043940843
0,044034572
0,044065377
0,043898134
0,043919923
0,044049201
0,044006945
0,043851664
0,044114358
0,043964059
0,043916897
0,044111653
0,04387311
0,044125016
0,044071683
0,043873511
0,043929144
0,043976701
0,043991844
0,04405362
0,043865067
0,044024815
0,044149083
0,043886106
0,044252962
0,043727629
0,043855886
0,044180328
0,043918173
0,043831067
0,044228066
0,044021583
0,043722084
0,044129255
0,043904002
0,043807795
0,044278484
0,043881616
0,04402041
0,044285241
0,043783629
0,043980693
0,043919733
0,044044742
0,044992284
0,043016364
0,043845257
0,044309812
0,043999953
0,043823098
0,043868427
0,044009909
0,043939996
0,043886964
0,04421238
0,043953998
0,044007663
0,044105134
0,04364174
0,044238772
0,043927176
0,043878102
0,044177511
0,043804476
0,044128134
0,043958513
0,043904191
0,044245841
0,043888355
0,043804972
0,044006374
0,04414569
0,043942291
0,043868433
0,044002539
0,043913139
0,044060106
0,044018434
0,043995789
0,043833329
0,044210482
0,043895686
0,04397346
0,044021803
0,044008916
0,04415888
0,04382884
0,04406633
0,043966242
0,044078499
0,043887854
0,043996627
0,043891074
0,045361991
0,042572539
0,044183142
0,043824705
0,044028424
0,044024323
0,044185533
0,043945142
0,043881267
0,043978577
0,0441391
0,043595437
0,044277211
0,043737347
0,044264124
0,04388901
0,044215399
0,043937959
0,043845548
0,043952481
0,043950986
0,044067095
0,043982556
0,043928848
0,044181571
0,043975869
0,044040757
0,043650087
0,044093304
0,043968752
0,043968917
0,044046417
0,043915107
0,044111637
0,044025103
0,043705658
0,044182939
0,044203635
0,043788703
0,044064564
0,043903868
0,044118818
0,044058931
0,043779285
0,044153022
0,043740719
0,044193066
0,043778279
0,044125896
0,045436797
0,042404767
0,044181195
0,043910579
0,043803229
0,044070003
0,044205034
0,043982527
0,043980547
0,045110426
0,042691788
0,044272918
0,043851591
0,043992485
0,044045017
0,043982031
0,043920759
0,044015202
0,044076798
0,043962789
0,044541525
0,043562721
0,043757276
0,044113922
0,043988939
0,04380161
0,044149364
0,043893872
0,043911056
0,04398865
0,044150892
0,044138207
0,043770149
0,043958746
0,044034138
0,04396625
0,044147109
0,04392283
0,044093884
0,043835581
0,044037415
0,044233614
0,04390683
0,043833954
0,043867213
0,044118748
0,043901447
0,043956883
0,04403507
0,044979413
0,042976972
0,04379448
0,044116538
0,044140205
0,043742957
0,044208314
0,043973558
0,043875207
0,045364588
0,042647183
0,044121029
0,043854819
0,044077312
0,043857617
0,044160944
0,043898542
0,043843772
0,043983299
0,044060215
0,044088284
0,04399576
0,043861316
0,043931261
0,044135071
0,043709777
0,044245702
0,044075286
0,043643817
0,044198023
0,043826717
0,044127346
0,044015055
0,044057047
0,043919011
0,043984371
0,044005713
0,043994117
0,044114565
0,043975497
0,043807728
0,044299859
0,043736303
0,043953594
0,044071496
0,044261255
0,043771642
0,044026832
0,04387798
0,045187287
0,042733734
0,04398562
0,043966851
0,044089381
0,04394013
0,044125756
0,043749341
0,044096778
0,045180132
0,042675767
0,044141807
0,043945184
0,043808165
0,044102951
0,043811894
0,044180477
0,044154255
0,043839421
0,043928281
0,044011167
0,043856623
0,044130522
0,043972191
0,043963132
0,044076564
0,043852231
0,044051833
0,04406689
0,04399102
0,04392382
0,044031893
0,043931384
0,0440282
0,043881012
0,044098192
0,043987346
0,044065841
0,043912771
0,044066656
0,043986377
0,043814731
0,044135191
0,043905693
0,044087145
0,043972844
0,044011186
0,043960225
0,04394555
0,045417461
0,042658334
0,043856115
0,044093614
0,043897318
0,044126658
0,043881829
0,043890889
0,044054369
0,045176365
0,042767476
0,043982755
0,044039778
0,043905954
0,044032415
0,043988171
0,043955331
0,043952706
0,043929328
0,043967518
0,044095217
0,044001491
0,043917326
0,044031638
0,043940418
0,043956381
0,044030316
0,044035468
0,043871116
0,044290117
0,043677926
0,044075472
0,043987484
0,044008642
0,043963492
0,043926566
0,044011718
0,044036239
0,043943948
0,043997527
0,044105816
0,043928572
0,043903883
0,044250289
0,043842255
0,043858568
0,043993088
0,043997908
0,044074387
0,045161955
0,042868563
0,04389449
0,04402534
0,044108251
0,0440674
0,04362485
0,044094438
0,044062348
0,045045666
0,042764077
0,044181952
0,043899498
0,043985781
0,044003545
0,044069393
0,043919058
0,044026329
0,043976438
0,044014508
0,043893444
0,044065433
0,04405203
0,043988209
0,043973297
0,043982574
0,044079018
0,043951508
0,044072367
0,043958241
0,04401954
0,043943338
0,043965331
0,044071652
0,043863646
0,044106
0,043917553
0,044026033
0,043969969
0,044009329
0,04409739
0,04382063
0,04409162
0,043979979
0,043998691
0,044032663
0,043932603
0,04395576
0,044020736
0,045247304
0,042750014
0,044046995
0,04395134
0,043990535
0,044011217
0,044143931
0,043814439
0,043991048
0,045346562
0,042620141
0,043993
0,043928099
0,044197115
0,043869739
0,044070052
0,043926456
0,044087847
0,043867964
0,044062831
0,04396745
0,044074652
0,044062347
0,043838297
0,044012197
0,04401508
0,043933377
0,044052068
0,044026182
0,043993009
0,04399626
0,043950843
0,043935092
0,044016979
0,043992508
0,044079195
0,043956449
0,043997353
0,043912289
0,043997279
0,043994092
0,043999526
0,043983257
0,044061241
0,044011047
0,043899448
0,044032293
0,044063972
0,044016299
0,045104342
0,042799153
0,043951222
0,04410829
0,043906081
0,04404542
0,043986751
0,043928549
0,044035424
0,045145385
0,04291293
0,043988679
0,043870684
0,044185481
0,043714283
0,04412029
0,044030569
0,043997512
0,043933008
0,043935309
0,044040759
0,044128186
0,043882537
0,043973271
0,043985114
0,044134916
0,043933532
0,043872752
0,044093559
0,043974005
0,044058614
0,043975531
0,044000671
0,043920884
0,043957629
0,044015723
0,044016558
0,043988723
0,043970675
0,044053939
0,044096099
0,043868791
0,044072624
0,04395085
0,043962166
0,043905048
0,043876739
0,044113472
0,044207481
0,04512638
0,042849033
0,043869131
0,043990633
0,043857921
0,044142119
0,044174455
0,04371259
0,044072866
0,045311984
0,042775486
0,043945532
0,043875504
0,04406155
0,043929055
0,044145921
0,043869578
0,044014067
0,04402591
0,044069695
0,044000156
0,043979526
0,044083463
0,043802615
0,044083108
0,043919974
0,043962041
0,0439313
0,044214225
0,044005236
0,043919189
0,043944099
0,04410021
0,043994536
0,043841194
0,044285516
0,043881822
0,043922645
0,044047594
0,04389866
0,044105882
0,043907435
0,043937933
0,043988677
0,044001982
0,043985081
0,043928781
0,044153131
0,04388552
0,045475548
0,042578325
0,043964502
0,04398571
0,04401383
0,043990029
0,043990168
0,043955018
0,043974086
0,04549737
0,042572727
0,044044029
0,043851181
0,044045863
0,043964274
0,044063913
0,043974793
0,043961102
0,043976227
0,043994476
0,043957378
0,044028587
0,044111639
0,043804962
0,044063748
0,044041734
0,04398805
0,044032962
0,043896202
0,044044852
0,043990141
0,043987684
0,044051953
0,043938682
0,044012424
0,04404887
0,043977872
0,043899534
0,044023357
0,043942942
0,044069717
0,043968335
0,044044463
0,044015322
0,043929046
0,043859109
0,044112907
0,043961342
0,043768126
0,045519644
0,042537436
0,044140479
0,044013033
0,043945712
0,044008312
0,044057618
0,044053321
0,043846655
0,045117862
0,042703855
0,0440006
0,044114273
0,04400306
0,044049751
0,044039015
0,043935984
0,043966708
0,0437254
0,044275936
0,043829863
0,044189781
0,044031749
0,044027328
0,043846882
0,043997291
0,044099744
0,043913862
0,044083286
0,043927706
0,043938979
0,043981117
0,043972212
0,044061886
0,044011072
0,043987051
0,043985892
0,043990491
0,044189374
0,043948566
0,04385282
0,043971598
0,043968528
0,044071933
0,043962052
0,044060187
0,043983572
0,043898395
0,044040476
0,045257103
0,042654454
0,044058996
0,043935915
0,04399861
0,044057842
0,043872335
0,044228132
0,043835075
0,045329547
0,042784208
0,043944988
0,043998951
0,043905962
0,044136717
0,043936734
0,043788349
0,044218413
0,043946097
0,04398567
0,04401311
0,044038114
0,043813864
0,044217839
0,044083928
0,043901093
0,044006549
0,043864037
0,044046573
0,043910511
0,044044454
0,044072256
0,044003316
0,043861075
0,044004164
0,044038348
0,044075949
0,044179254
0,043747365
0,043897618
0,043916369
0,044135124
0,043986997
0,044120649
0,043776155
0,044141977
0,043880157
0,043963755
0,044103778
0,045197875
0,042795762
0,043900182
0,043999484
0,044052816
0,043995976
0,044019494
0,044006658
0,043933584
0,045230445
0,042787127
0,04397074
0,043921883
0,044194606
0,043876302
0,043818841
0,044211503
0,043990536
0,043829797
0,044148435
0,043772321
0,044192231
0,044051437
0,043969187
0,044151225
0,043730082
0,044119752
0,043829169
0,04409462
0,04390915
0,044116216
0,043962498
0,043940371
0,044108673
0,043956748
0,043876423
0,044152695
0,043923818
0,044036693
0,043830366
0,044193382
0,04412947
0,043849878
0,043979518
0,043966629
0,043809423
0,044077059
0,044031042
0,043948298
0,045152698
0,042873729
0,043920101
0,044251413
0,04395465
0,043862799
0,044001511
0,044076064
0,044141026
0,043750142
0,044022292
0,044218627
0,043739401
0,044256864
0,04365305
0,04415569
0,04409884
0,043728503
0,044242663
0,043865826
0,043826505
0,044313901
0,043882984
0,043895174
0,043941163
0,044058868
0,044032146
0,043899412
0,044319685
0,043733131
0,044008421
0,043955673
0,044126856
0,044047551
0,044033926
0,043770499
0,04398188
0,043958282
0,044018221
0,04413352
0,0439494
0,04394781
0,044038855
0,044058346
0,043870922
0,044097545
0,043878947
0,043954101
0,044019015
0,04510815
0,042976905
0,043770141
0,04408834
0,044007255
0,044053427
0,043912971
0,044287909
0,043832773
0,044157054
0,043754215
0,044125858
0,044058633
0,04385441
0,044118674
0,043911811
0,04383681
0,04406455
0,044037614
0,043943385
0,04403094
0,044074157
0,044096576
0,043770025
0,044027825
0,044019386
0,0440055
0,04407513
0,043828917
0,043958833
0,044063223
0,043929194
0,044004089
0,044029329
0,043882226
0,044193075
0,043747895
0,044258093
0,043917553
0,044060033
0,045122857
0,042668133
0,043998763
0,044219595
0,043870974
0,043937631
0,044100443
0,043859158
0,043926732
0,045457465
0,04255864
0,04417893
0,043857442
0,043997037
0,044029458
0,043834934
0,044198612
0,043838819
0,043999596
0,044016083
0,044038244
0,043974229
0,04406924
0,043903122
0,043958618
0,044062052
0,043936644
0,044054186
0,043917622
0,044101401
0,043933795
0,043777649
0,044276794
0,043727682
0,044006596
0,044183729
0,044043388
0,04399531
0,043879322
0,044082987
0,043884287
0,044202295
0,043772765
0,044222648
0,04376922
0,04405192
0,044003458
0,044062137
0,043924427
0,043967772
0,044102348
0,04388688
0,044056407
0,04398974
0,043907405
0,044016388
0,04406837
0,044038767
0,045061445
0,04273973
0,0442123
0,043788707
0,044189023
0,043811742
0,04402099
0,044018718
0,044060097
0,043947383
0,043939503
0,044006391
0,043998838
0,043908827
0,044076297
0,044056552
0,043818687
0,044080875
0,044146377
0,043824162
0,043994717
0,044245212
0,043805602
0,043846691
0,044069853
0,044071716
0,044061081
0,04398373
0,043933217
0,043960474
0,043945136
0,044079625
0,044044041
0,043950246
0,043869971
0,044253262
0,043835903
0,044066892
0,043820391
0,044064071
0,043855668
0,044242024
0,043892203
0,043963592
0,043942743
0,044052137
0,043967518
0,044063419
0,043852796
0,045524912
0,042439947
0,044071894
0,043997258
0,044325694
0,043625333
0,0439863
0,043868387
0,044298523
0,043934706
0,043919143
0,044022241
0,044044568
0,043789629
0,044146543
0,044080456
0,043929239
0,043936895
0,044017143
0,043927727
0,043939854
0,044248589
0,043967358
0,043917653
0,04406619
0,043867433
0,044000271
0,043997059
0,044042473
0,044097645
0,043843647
0,043918508
0,044038372
0,04419537
0,043818794
0,044020329
0,043890793
0,04410098
0,043990295
0,043849874
0,04407462
0,044123042
0,043931113
0,043910396
0,04414007
0,043947719
0,043980375
0,043838098
0,044057188
0,045038198
0,042984633
0,04409878
0,043881933
0,043865807
0,044320483
0,043639637
0,044164116
0,043886863
0,045358887
0,042741279
0,043907932
0,044120418
0,043856698
0,043892247
0,044116481
0,044065736
0,043994713
0,043907679
0,04413233
0,043953974
0,043940016
0,043927621
0,044130951
0,043844805
0,044087719
0,043912652
0,044023994
0,044012062
0,044206369
0,043769794
0,044077638
0,043942751
0,043987004
0,043943613
0,044065877
0,043998627
0,044073031
0,043939477
0,043933353
0,04404548
0,044115705
0,04389423
0,044075648
0,043877948
0,044130357
0,043637328
0,044227718
0,043898031
0,045329533
0,042842679
0,044009127
0,043790749
0,044047303
0,043952862
0,044049089
0,043925299
0,043926363
0,045396962
0,042709712
0,044035855
0,043949525
0,044051742
0,043919562
0,044030258
0,044026437
0,043976312
0,043996416
0,044010758
0,043893996
0,044024291
0,043885484
0,044124744
0,043888132
0,044017976
0,043918128
0,044238777
0,043862165
0,044068432
0,043825253
0,044150351
0,043986371
0,043833362
0,044298167
0,043813888
0,043749797
0,044218942
0,044129782
0,04376311
0,044089305
0,044038673
0,043852032
0,044133306
0,043700674
0,044236197
0,044002609
0,043878946
0,044242658
0,045087079
0,042723943
0,043884059
0,044096713
0,04404612
0,04405231
0,043907852
0,043839831
0,044188833
0,045341438
0,042617749
0,043911742
0,043999175
0,044030899
0,043969701
0,044068178
0,043962334
0,044096035
0,043838174
0,044106243
0,043996742
0,043940034
0,044018064
0,043870464
0,044151262
0,043887406
0,044041778
0,043938168
0,043976217
0,043954251
0,044039607
0,044050862
0,043849446
0,044157516
0,044026533
0,043942562
0,04400725
0,043947229
0,04394699
0,044014657
0,04408115
0,043833781
0,044126451
0,044185969
0,043809031
0,043950683
0,043995195
0,044098761
0,043809439
0,045327403
0,042679831
0,043965151
0,043928094
0,043981659
0,044039958
0,04406444
0,044037379
0,043966876
0,045300525
0,042754671
0,044036434
0,043764267
0,044118621
0,044008392
0,04390807
0,044119175
0,043960554
0,043955505
0,043978444
0,043969209
0,044198456
0,04386811
0,043913042
0,044018185
0,044011307
0,043967945
0,044029334
0,043949627
0,044118458
0,043844301
0,044078664
0,044044639
0,043672635
0,044190188
0,044031693
0,044018069
0,043747121
0,044113841
0,044127911
0,043825208
0,044130494
0,044086408
0,043780659
0,044118839
0,043914559
0,044085606
0,043907826
0,043986437
0,04493642
0,04312031
0,044036619
0,043888687
0,04415672
0,043821354
0,044072949
0,043922958
0,043998607
0,045436969
0,042658016
0,044201393
0,04379913
0,043922636
0,044035441
0,043866181
0,044046783
0,043962014
0,043986284
0,044018491
0,044009762
0,044010126
0,043881394
0,044074438
0,043995586
0,044059698
0,043875919
0,044057721
0,043947114
0,043843578
0,044196661
0,043899492
0,043980755
0,044137171
0,043885623
0,04399148
0,044013027
0,044058347
0,043940714
0,043918781
0,045334439
0,042679613
0,044000878
0,044017231
0,043877623
0,044194903
0,04397251
0,043936859
0,044138955
0,045225878
0,04256031
0,043859621
0,044096167
0,044175243
0,04396996
0,043930207
0,043948027
0,044051467
0,043932336
0,044085762
0,043910502
0,044090754
0,043995248
0,043943843
0,044033357
0,043825245
0,044132888
0,043886576
0,044157414
0,043821712
0,044084301
0,044060947
0,043972919
0,044677291
0,043285735
0,044100501
0,043839944
0,044034634
0,043872339
0,0440817
0,044194304
0,043745419
0,044097685
0,043829336
0,044042193
0,044140186
0,043938398
0,04391528
0,044042028
0,043957563
0,044087507
0,043899832
0,043999189
0,044112995
0,044064092
0,043902515
0,044196295
0,043589392
0,045404717
0,042835578
0,043904771
0,044199661
0,043668368
0,044140707
0,04390717
0,043851927
0,044296997
0,045094042
0,042841637
0,043930687
0,043894089
0,043852543
0,044310068
0,044115406
0,043671403
0,044180631
0,043891442
0,043852671
0,044224696
0,043802723
0,043925266
0,044190193
0,044031842
0,044167089
0,04375256
0,044031397
0,044095342
0,043663271
0,044411376
0,043969368
0,043911129
0,043770348
0,044029746
0,044123488
0,043884833
0,044035433
0,043975912
0,043971995
0,044014053
0,044059514
0,043919431
0,044077452
0,044082615
0,043793231
0,044113827
0,043977168
0,04395229
0,045291115
0,042688399
0,043930494
0,043934881
0,044095988
0,044001331
0,044023991
0,043991324
0,043917547
0,045323386
0,042735321
0,04393632
0,043925408
0,04407987
0,043943888
0,044075472
0,043963538
0,04412055
0,043862644
0,044045465
0,044085359
0,043950157
0,043875605
0,043991564
0,044032857
0,044066992
0,043988601
0,043945842
0,044010538
0,044022186
0,043932761
0,043870988
0,044058949
0,044001196
0,043961949
0,043849203
0,044223968
0,04404293
0,043924073
0,044060672
0,043995833
0,044013695
0,044009019
0,043856305
0,044008239
0,044143639
0,043913905
0,043941645
0,044036481
0,045220898
0,042653473
0,044054652
0,044062291
0,043781765
0,044190069
0,044099085
0,043841261
0,044000496
0,045359315
0,042692077
0,043905053
0,044031811
0,044066095
0,043899521
0,044054802
0,04407291
0,043880627
0,044032384
0,043965434
0,044043991
0,043995923
0,043908042
0,043980085
0,04409787
0,043924513
0,044059097
0,043872288
0,044030049
0,043931653
0,044072521
0,043987544
0,04392416
0,04408175
0,043861539
0,044145549
0,043903951
0,044075691
0,043893761
0,043856069
0,044243011
0,043907906
0,044157546
0,043864983
0,043958705
0,044017863
0,043811829
0,044217162
0,044100618
0,045151355
0,042722098
0,043953412
0,043950542
0,044092461
0,043928153
0,043967048
0,044029759
0,043975519
0,045303282
0,042815566
0,04394274
0,044018092
0,043931701
0,04395201
0,043991338
0,043965279
0,044025855
0,043926949
0,044136676
0,043978584
0,043862152
0,044024344
0,044104628
0,043974736
0,043814053
0,044196967
0,043965311
0,0438807
0,044088152
0,044170755
0,043856272
0,044007939
0,043907722
0,044005714
0,04411369
0,043814533
0,044026171
0,043966216
0,044008404
0,04405803
0,043915709
0,044037022
0,043925381
0,043994923
0,044058577
0,044190967
0,043737203
0,043982439
0,045474786
0,04260778
0,043966959
0,044030517
0,043987042
0,044015773
0,04387059
0,044016484
0,043958007
0,045575329
0,04242181
0,044000838
0,044104525
0,043824362
0,044198351
0,04388034
0,044216686
0,043842017
0,043912234
0,044000967
0,044028275
0,044011461
0,04399139
0,044071266
0,043810634
0,044195742
0,043718012
0,044186444
0,043888259
0,044017097
0,04413263
0,043864845
0,043976267
0,043965068
0,043986731
0,044056137
0,043958877
0,043914549
0,044054106
0,043991367
0,044131742
0,043989537
0,043966942
0,043883313
0,043999798
0,043969906
0,043991878
0,044036682
0,044006539
0,045334822
0,042653705
0,04400987
0,044033544
0,043875647
0,04419699
0,043923583
0,043891838
0,04414572
0,045176854
0,042823497
0,043810074
0,043994203
0,04401783
0,044106553
0,043918573
0,043829324
0,044310297
0,043788402
0,043966559
0,044031384
0,044098929
0,043948079
0,043887299
0,044115508
0,043993167
0,043875241
0,044019792
0,043984983
0,044096028
0,044003752
0,043844912
0,043943551
0,044105725
0,043959346
0,044125561
0,043908184
0,044057675
0,043871121
0,0441128
0,043957196
0,043968296
0,04402665
0,044032632
0,043872755
0,044114377
0,043875852
0,043911663
0,044195488
0,045304647
0,042670613
0,043870837
0,043872163
0,044101097
0,044012239
0,044014325
0,043903438
0,044079005
0,045160491
0,04283325
0,044136743
0,043737841
0,04403416
0,044013339
0,044045777
0,043807975
0,044208972
0,043993719
0,043935383
0,04401576
0,044044105
0,044031632
0,043904123
0,043967071
0,044089082
0,043924531
0,043931715
0,043972752
0,044185654
0,043936096
0,043901474
0,044112568
0,043956616
0,043884296
0,043969682
0,044116167
0,043946521
0,043963819
0,043968196
0,044053575
0,044005542
0,04399317
0,044047569
0,043908119
0,043901496
0,044000568
0,044130172
0,044015456
0,043898463
0,044015586
0,044141385
0,043755832
0,044092054
0,043912815
0,043963926
0,044248995
0,044024259
0,045269429
0,042513538
0,043981964
0,044033782
0,043955734
0,043882185
0,044104477
0,044021749
0,043939877
0,045240438
0,042670017
0,044006349
0,044019866
0,044110736
0,044038549
0,043934049
0,044058947
0,043765988
0,04402514
0,044088421
0,044111728
0,043862833
0,044137946
0,043881727
0,044009078
0,044046646
0,043919018
0,043982346
0,043968832
0,04402518
0,044063519
0,043890111
0,0438819
0,044051821
0,044015133
0,043999423
0,044056773
0,043940889
0,044005542
0,044039292
0,044006285
0,043901912
0,044004061
0,044029488
0,043934163
0,044264326
0,043793782
0,043722396
0,044322236
0,045126169
0,042757285
0,043905763
0,043892376
0,044200438
0,043886743
0,044084323
0,043933672
0,044007905
0,045408976
0,042608318
0,043968545
0,044082607
0,04398291
0,04384649
0,044304901
0,043738196
0,043960643
0,044313559
0,043995907
0,043757541
0,043892965
0,044182964
0,043827666
0,044108673
0,044127111
0,04382417
0,044053198
0,043826325
0,044199875
0,04385332
0,043918838
0,044056096
0,043848877
0,044090279
0,04411223
0,043912355
0,043987548
0,04429862
0,043688534
0,044082193
0,04384256
0,044029182
0,044034935
0,04396367
0,044217982
0,043751868
0,044155219
0,044177878
0,044785738
0,042875129
0,043817595
0,044233299
0,044205926
0,043753069
0,043961335
0,044042293
0,044039854
0,045167607
0,042771459
0,043828552
0,044366063
0,04349067
0,044222816
0,043950515
0,04405028
0,044008724
0,043869021
0,044052419
0,04407163
0,043866424
0,044057181
0,043962043
0,044122587
0,043878923
0,044026353
0,044028812
0,043968648
0,043949112
0,044057441
0,043953338
0,043971486
0,044045616
0,04403468
0,043991643
0,043989681
0,043953375
0,043885922
0,044168754
0,044003235
0,043924534
0,04413925
0,043975367
0,044021816
0,043752144
0,044047629
0,044161356
0,043907826
0,045281653
0,04273501
0,044007032
0,043955516
0,043996891
0,043991731
0,043944851
0,043991904
0,044033841
0,045129731
0,042746039
0,044087722
0,043945193
0,043945553
0,044114994
0,04379812
0,044134461
0,044074621
0,04393134
0,043912131
0,044067275
0,043997854
0,043839989
0,044050641
0,043951184
0,044230762
0,04393066
0,043940178
0,043812146
0,044319726
0,043722674
0,044352547
0,043733217
0,044237625
0,043693666
0,044176878
0,043640666
0,044225364
0,044015111
0,043902228
0,044132127
0,043803964
0,044060689
0,043970694
0,044030143
0,043936428
0,044034958
0,043998515
0,043767076
0,044215274
0,043762184
0,044262237
0,043934494
0,043959601
0,044097396
0,04391183
0,044209787
0,043793481
0,045323355
0,042564456
0,044126101
0,043891795
0,044051183
0,044048345
0,043914333
0,043949227
0,044110988
0,045346359
0,042762694
0,043866751
0,044109004
0,044032415
0,043813146
0,043938638
0,044007246
0,043993118
0,044035771
0,044098225
0,043835083
0,044156906
0,043827269
0,043982981
0,04411166
0,043873364
0,043990547
0,044003867
0,044029723
0,043973853
0,04394424
0,044084084
0,044006455
0,043973376
0,044085035
0,043939993
0,043907498
0,043965896
0,044068558
0,044079508
0,043938236
0,044160534
0,043641676
0,044209977
0,04380995
0,044182571
0,043776272
0,044203491
0,043836071
0,045400471
0,042686763
0,04392144
0,044123737
0,043927801
0,0440305
0,043886644
0,043986479
0,044091527
0,045401897
0,042585019
0,044002565
0,043950191
0,043899732
0,044006174
0,044017574
0,043862935
0,044072789
0,044101177
0,044060509
0,04388324
0,044023774
0,04393716
0,044031905
0,04417301
0,043811324
0,04403539
0,04382673
0,044223723
0,043972068
0,04394996
0,04405806
0,043938886
0,043976828
0,043837109
0,044124657
0,04406037
0,043966955
0,044043958
0,043834528
0,045320518
0,042818794
0,043900291
0,043844338
0,044190389
0,043936758
0,044145568
0,043865492
0,043941254
0,045187038
0,042965222
0,043775836
0,044137526
0,044112217
0,043870157
0,043951417
0,044094151
0,043760316
0,044096973
0,044112749
0,04396037
0,043989177
0,044008261
0,047958589
0,04384785
0,044099416
0,044022144
0,043995671
0,043817895
0,044234224
0,043994467
0,043925774
0,044004546
0,043763412
0,044141586
0,044154977
0,044091247
0,043859411
0,043953354
0,043977238
0,044121359
0,043716053
0,044190989
0,043993632
0,043913641
0,044095444
0,04389237
0,043840892
0,044193143
0,045290164
0,042615377
0,044143236
0,043908374
0,044304353
0,043661688
0,044090229
0,043979858
0,043921704
0,045497851
0,042474363
0,044038266
0,044090991
0,043937227
0,044082251
0,043803962
0,044063112
0,043822493
0,044210304
0,043823898
0,04407595
0,044021671
0,043986387
0,043920835
0,044072365
0,043796899
0,044233277
0,043835704
0,044154136
0,044052655
0,044941767
0,042878615
0,04414275
0,043812714
0,044052073
0,044009078
0,044082631
0,043922005
0,04410304
0,043744575
0,044155149
0,044015444
0,043947774
0,044012971
0,044100499
0,043950574
0,043861305
0,043829411
0,04414662
0,044057738
0,043741878
0,044277048
0,043999109
0,043772115
0,04417977
0,043907479
0,044209168
0,043884796
0,045251922
0,042719982
0,043989737
0,044180087
0,043893988
0,043978481
0,0465475
0,045171186
0,043975263
0,044768347
0,043176479
0,043999979
0,043985264
0,044073684
0,043921243
0,043919171
0,044101983
0,043960455
0,044021537
0,044022264
0,04400926
0,04400408
0,04390621
0,044016524
0,04400347
0,044021882
0,043976309
0,044003144
0,043990035
0,04404269
0,043940551
0,044013919
0,043984373
0,04397784
0,043957145
0,044013595
0,043909477
0,044036749
0,044030651
0,04401057
0,044045244
0,044023176
0,043941219
0,044050635
0,044038748
0,043886032
0,044001398
0,043893462
0,044106226
0,045033632
0,042933421
0,04414373
0,043992085
0,043860281
0,044074642
0,043878376
0,044056249
0,043910556
0,044030707
0,044011608
0,043960765
0,044017355
0,043995493
0,043968998
0,043948942
0,044051146
0,043909124
0,044009663
0,043970875
0,043997875
0,043974173
0,044078692
0,044001691
0,043963847
0,04417451
0,0438328
0,044024007
0,044024217
0,043988834
0,044055861
0,043874475
0,044007944
0,043986665
0,044030138
0,044039797
0,043885653
0,044021289
0,043960561
0,043968023
0,044049959
0,043943576
0,044083837
0,043927444
0,044037922
0,043915942
0,044130294
0,043910489
0,044149253
0,045097437
0,042688991
0,044108823
0,044082128
0,043859126
0,044002438
0,044052037
0,044036945
0,044005945
0,043865709
0,044062665
0,04394129
0,043944259
0,044073092
0,043958462
0,044008983
0,043973397
0,044131463
0,043785907
0,044048234
0,044034457
0,043946097
0,044000153
0,044123887
0,043875964
0,043968698
0,043979487
0,044068595
0,043973776
0,044003445
0,04389948
0,044057491
0,043954263
0,044033211
0,044059249
0,043978267
0,043980147
0,044007657
0,043971465
0,043970074
0,043944963
0,044078764
0,043983034
0,043990723
0,043937091
0,044001661
0,044014843
0,044091605
0,043927434
0,043964761
0,044019797
0,043988333
0,043909074
0,043991687
0,043989103
0,044073255
0,044097284
0,043888638
0,044018274
0,043878745
0,0440661
0,044021658
0,044006577
0,044083083
0,043857945
0,04400938
0,044063406
0,04386258
0,044081298
0,043917482
0,044059982
0,043920858
0,044035593
0,044014654
0,043985659
0,04395207
0,044001694
0,044022264
0,043977929
0,044051109
0,044165891
0,04376978
0,044016304
0,044281825
0,04369493
0,0441965
0,043775648
0,043963376
0,044016039
0,044109725
0,043869017
0,044003242
0,044050191
0,043998892
0,044071549
0,043910887
0,043893762
0,044095618
0,043918708
0,04402461
0,044069441
0,043974147
0,043977914
0,044046153
0,043953986
0,044020258
0,043957839
0,043860734
0,044008975
0,044063774
0,043936629
0,044045311
0,043975702
0,044164573
0,043942177
0,043903273
0,044026209
0,044161262
0,04376786
0,044059797
0,043927419
0,044014086
0,043956179
0,044016284
0,04402258
0,043920986
0,044012895
0,044136898
0,043996138
0,043952443
0,043899652
0,043969662
0,044073075
0,043962436
0,043986589
0,043962355
0,044177354
0,044010541
0,043975056
0,043777113
0,044073493
0,043935291
0,044350841
0,043853541
0,04394322
0,043833632
0,044011833
0,044081543
0,04414462
0,043967223
0,043838245
0,043948555
0,044060611
0,044171269
0,043833661
0,043996177
0,045264254
0,042739438
0,043938604
0,044005984
0,043929702
0,044105686
0,043797705
0,044022214
0,044051714
0,043992297
0,044033527
0,043980898
0,04397251
0,04400203
0,043986186
0,043926956
0,044072364
0,043889693
0,04399499
0,043999115
0,04401387
0,043910449
0,044133313
0,044001685
0,043903476
0,044046352
0,044032492
0,044005231
0,044034918
0,0438355
0,043944754
0,043965362
0,044101631
0,043972615
0,044190354
0,043801996
0,043980014
0,043992095
0,043972483
0,043960571
0,044166668
0,043902544
0,043972669
0,044040218
0,044032823
0,04389396
0,043976414
0,043996818
0,044019626
0,045546365
0,042472475
0,043932797
0,044099607
0,044110184
0,044045208
0,043810478
0,044032078
0,043969988
0,043898104
0,043997432
0,04396528
0,044024213
0,044125668
0,043861748
0,043909245
0,044048997
0,044036114
0,043871491
0,044058327
0,043995965
0,044014629
0,043924698
0,044161135
0,043957353
0,043978868
0,043914772
0,044077343
0,044040729
0,043925175
0,044154267
0,044014795
0,043982153
0,043838736
0,044004268
0,04405267
0,044057936
0,043845124
0,043993812
0,044221887
0,043753506
0,044326669
0,043758103
0,043878694
0,043966372
0,044053325
0,044040065
0,043931715
0,044109154
0,043880367
0,044048503
0,044117966
0,043928977
0,043872229
0,04400121
0,044257772
0,043702907
0,044036519
0,043830534
0,044074722
0,044082264
0,04412054
0,043730712
0,04414741
0,043912814
0,043987812
0,044015306
0,043903
0,044062093
0,043971763
0,044049436
0,044017401
0,044002049
0,044167499
0,044039131
0,043809066
0,044055497
0,043850791
0,044156054
0,04387986
0,044034664
0,043995627
0,043882963
0,044068511
0,044067238
0,043982456
0,043921634
0,043970424
0,043979554
0,044077625
0,043819121
0,044042895
0,0441226
0,043916945
0,044065498
0,043958049
0,044224264
0,043773786
0,043933104
0,043956392
0,044000533
0,044083626
0,043976361
0,0440092
0,043915358
0,043972747
0,044060363
0,045275825
0,042782277
0,043886421
0,043961715
0,044045534
0,043945468
0,044129342
0,043861765
0,044039054
0,043956825
0,044026181
0,044018178
0,044133052
0,04383781
0,043901417
0,043999334
0,044005464
0,044007742
0,043958294
0,044205574
0,043924449
0,044013621
0,043884806
0,044204185
0,043770208
0,044068473
0,043909765
0,044120008
0,043930179
0,043943032
0,043968734
0,04411852
0,04392124
0,04397879
0,044126009
0,043884128
0,044186441
0,043866608
0,043926551
0,044156972
0,043924601
0,044011343
0,044190824
0,043762046
0,04390927
0,043985502
0,044103041
0,043896373
0,044003445
0,045357029
0,042567962
0,043999773
0,043997864
0,044086135
0,043981957
0,044027233
0,043938753
0,044083065
0,043819667
0,044127858
0,043957006
0,043953324
0,043963771
0,043961128
0,044145465
0,043854877
0,043981836
0,044074699
0,043974281
0,044032288
0,043970301
0,044018754
0,043927489
0,044055061
0,043979201
0,043993213
0,043952655
0,044047287
0,043948952
0,043959561
0,044050121
0,044119466
0,043748387
0,044142403
0,044147356
0,043849484
0,044032988
0,043928096
0,044237661
0,043731793
0,044054299
0,043956161
0,043996616
0,043950145
0,04402002
0,044013759
0,04414367
0,043867388
0,043896991
0,043955986
0,043950595
0,044068802
0,044105488
0,04393552
0,044015042
0,043826444
0,044161592
0,043878417
0,043996214
0,044015556
0,044153636
0,044073964
0,04388749
0,044159827
0,043695974
0,044216983
0,043688153
0,044326467
0,043787251
0,043946066
0,043988117
0,044039099
0,043843575
0,044110285
0,043973038
0,044130664
0,043976221
0,043916931
0,043996752
0,044020707
0,044054187
0,043990994
0,044063252
0,043898691
0,044178197
0,04382076
0,043872711
0,044120101
0,043940713
0,044138471
0,043770605
0,044332114
0,043733646
0,043942045
0,043969766
0,044151818
0,043806713
0,044067659
0,043926133
0,04403773
0,044003434
0,043895331
0,044119475
0,044146973
0,043816415
0,043909513
0,045654161
0,042454539
0,04390482
0,044036891
0,044134474
0,043856013
0,044072139
0,043875969
0,043925439
0,044113905
0,04389367
0,043898106
0,044103366
0,044035831
0,043947154
0,043943836
0,043970304
0,044179907
0,043892763
0,043967528
0,043952025
0,04422669
0,043929058
0,04393829
0,04410075
0,043883633
0,044022737
0,043988915
0,043983698
0,044137799
0,043854234
0,043948958
0,043936279
0,043968414
0,044027129
0,043969704
0,044006854
0,044170473
0,043899375
0,043888271
0,044119605
0,043999444
0,043932097
0,044155841
0,044043212
0,043881168
0,044115208
0,043836682
0,043930243
0,045225981
0,042759528
0,043988331
0,043944719
0,044221424
0,043836251
0,044095509
0,043892541
0,044012047
0,043937497
0,044045516
0,043942159
0,04404065
0,043946003
0,043937769
0,044227473
0,043947129
0,043924878
0,044000314
0,044062001
0,043941373
0,044011617
0,043916612
0,044232065
0,043995681
0,043894765
0,043900453
0,043933394
0,044068834
0,043961259
0,043939291
0,044062938
0,043980549
0,043886685
0,044148122
0,04385811
0,044062028
0,043987347
0,04397736
0,043977116
0,044009245
0,043939918
0,044131328
0,044034946
0,043866274
0,043894373
0,044065746
0,043900098
0,044130178
0,043954225
0,044173472
0,04384383
0,043912858
0,044022494
0,043907447
0,044029147
0,044090884
0,043892244
0,044036813
0,04402067
0,044116186
0,04395387
0,044020403
0,043840375
0,044131605
0,043891411
0,044058296
0,044008356
0,044020487
0,043896943
0,043964581
0,044037618
0,043922535
0,043981138
0,04399041
0,044000103
0,043955478
0,044002023
0,044004228
0,044095399
0,044057648
0,043890443
0,044028821
0,044079152
0,043932661
0,043842918
0,044095104
0,044187464
0,043767452
0,043946413
0,044116757
0,044038433
0,044052331
0,043881141
0,043917556
0,04410154
0,043848768
0,043990541
0,044113142
0,043896022
0,043978145
0,043956405
0,04407617
0,043924931
0,044007516
0,044045192
0,044138383
0,045115334
0,042719885
0,043953792
0,044000152
0,043970865
0,043974812
0,043969137
0,044036552
0,043928676
0,043979597
0,044124908
0,044024418
0,043937595
0,043974143
0,043972949
0,043959859
0,044000313
0,044134605
0,043957447
0,043970245
0,044088185
0,043942809
0,044037426
0,043942437
0,04401837
0,044070927
0,04408716
0,043991724
0,043824292
0,043942563
0,043952133
0,044143328
0,04388706
0,044038246
0,044020611
0,043987624
0,043917792
0,04410869
0,043918617
0,04399903
0,044125775
0,043924769
0,043927865
0,0440237
0,044105605
0,043947631
0,043891187
0,043938973
0,044063197
0,044044569
0,044047489
0,043934698
0,043904799
0,044029729
0,044123923
0,043881925
0,04413583
0,043880332
0,043946624
0,044059982
0,043976694
