0,02843342	0,004721138
386,11194	1,7591588
451,63663	1,7832301
474,7571	1,2446616
481,31784	2,5507069
486,53223	1,4909942
483,64047	1,4531788
484,77286	0,5397011
482,68115	1,0090226
484,5044	1,5280396
485,82358	1,6901075
483,08365	0,40771845
484,23926	1,1186304
483,38525	0,47887984
484,4838	0,6759982
483,9795	0,85476327
484,60474	0,26975596
482,93466	1,2292557
484,717	0,80545586
483,12134	1,5602157
483,3123	1,1196961
485,1429	0,54679775
483,74316	1,4064876
483,07153	2,1639905
485,15198	0,76601845
482,5022	1,2203866
484,6566	1,0759442
483,3104	1,0729135
483,1368	1,0029962
484,5985	0,9360078
483,59506	0,34581038
482,6548	1,9079603
484,34155	0,6756717
482,5105	0,569865
484,7566	1,9637327
482,88272	1,0643021
484,09695	0,4821347
482,39963	2,1110394
483,85745	3,0643988
484,47083	1,51249
484,23715	0,39088324
478,90176	3,5814273
482,95886	0,812587
483,50513	0,9092928
483,80212	0,6626427
483,26096	0,40361178
483,22037	0,6808998
484,56534	2,3781726
482,1334	1,3022262
482,9504	0,8286607
483,96072	0,594061
482,95847	0,82600355
483,01456	0,6559325
484,70114	0,8536245
