0,001491408
0,001529403
0,001980325
0,001975616
0,001420816
0,001208597
0,001664352
0,001225941
0,001345829
0,001384919
0,001325206
0,001271766
0,001355066
0,001341219
0,001425841
0,001863098
0,001481433
0,001803342
0,002079671
0,002740492
0,002217799
0,002271593
0,002241621
0,00218783
0,001181654
0,001270766
0,001368392
0,001239579
0,001208856
0,001222334
0,001173164
0,001132123
0,001250833
0,001245066
0,001263939
0,001414777
0,001347617
0,001636363
0,001539689
0,002908453
0,001581672
0,001351845
0,001525309
0,001541801
0,001451223
0,001724729
0,001400834
0,001100348
0,001226515
0,001153753
0,001207578
0,001129862
0,00121669
0,001181522
0,001249737
0,001221321
0,001231991
0,001293064
0,001205265
0,001264538
0,001204054
0,001099949
0,001345846
0,001161583
0,00145857
0,001207439
0,00107989
0,001240651
0,001314081
0,002617097
0,001327717
0,001226522
0,001254577
0,001139525
0,001283613
0,001212738
0,001181729
0,00124618
0,001094486
0,001682791
0,001755951
0,001745979
0,001255861
0,001488289
0,001230158
0,001169305
0,004736619
0,001406731
0,001134199
0,001198012
0,00146398
0,001274885
0,001271287
0,001132097
0,001199073
0,001232227
0,001243938
0,001445691
0,001145601
0,001316555
0,001219252
0,002565923
0,001221509
0,001133734
0,001240143
0,001135769
0,001147293
0,001119454
0,001149556
0,001154639
0,001238116
0,001365812
0,001438676
0,002648465
0,001444353
0,001428747
0,001529712
0,001494835
0,001463685
0,001236837
0,001336418
0,001284839
0,001145025
0,001156436
0,001147228
0,001146275
0,001197618
0,001235706
0,001218096
0,00115192
0,001109571
0,00120757
0,001138481
0,001178961
0,001258163
0,001095324
0,001136927
0,001140507
0,001170618
0,001187127
0,001263057
0,002733141
0,00235472
0,001198814
0,001105044
0,001228351
0,001183218
0,001226114
0,001355476
0,001383568
0,001258491
0,001265133
0,001357631
0,001138603
0,001120504
0,001178131
0,001160382
0,001302687
0,001268629
0,00120699
0,001164966
0,001110174
0,001109289
0,001195257
0,001205252
0,001281133
0,00128164
0,001119346
0,001534223
0,001194561
0,001208452
0,001332265
0,001207026
0,00120775
0,001356398
0,001130949
0,001152033
0,001107967
0,001143584
0,001467477
0,001473144
0,001168549
0,001165532
0,001218488
0,001180493
0,001200205
0,002635801
0,001435443
0,001329691
0,001205655
0,001269327
0,001172733
0,001222062
0,001447679
0,001182461
0,001305916
0,001191863
0,00119611
0,001401429
0,001214172
0,00124858
0,001460511
0,001342638
0,001124029
0,001112047
0,001174971
0,001172029
0,001343858
0,001115582
0,001168392
0,001235747
0,00123027
0,001200797
0,001186401
0,001273335
0,001239259
0,001176832
0,001284032
0,001304669
0,00120897
0,001142219
0,00111188
0,001158051
0,001419801
0,002734136
0,001118476
0,001502046
0,001285509
0,001118922
0,001160096
0,001173086
0,001236079
0,001169945
0,001487797
0,001526376
0,001698164
0,001659718
0,001261194
0,001421683
0,001258129
0,001199511
0,001181786
0,001344619
0,001307507
0,001182346
0,001137015
0,001220095
0,001146484
0,001397705
0,001131264
0,001146677
0,001388024
0,001283312
0,001331095
0,001258122
0,001271951
0,001134364
0,001125268
0,001159353
0,001373173
0,001300131
0,001232737
0,001092517
0,001282313
0,001194864
0,001239388
0,001170831
0,001134053
0,001254899
0,001192348
0,001248501
0,001932141
0,001885194
0,002589537
0,002506904
0,002566235
0,002727794
0,003259103
0,003723234
0,0040204
0,004725922
0,004741953
0,003623609
0,002533202
0,004225454
0,001896183
0,001786316
0,001812233
0,001240579
0,001159379
0,001229926
0,00134091
0,001130431
0,001647436
0,001210844
0,001199363
0,001120896
0,001245142
0,001196261
0,001122817
0,001147325
0,001240106
0,001041157
0,001063383
0,001282018
0,001083708
0,001146624
0,001147393
0,001099365
0,002031149
0,001464373
0,001106332
0,001267809
0,001319682
0,001170302
0,001327249
0,001242567
0,001174214
0,00110969
0,001448877
0,00148044
0,001426427
0,001196486
0,001195168
0,002960522
0,001260895
0,001160531
0,001181851
0,001280909
0,00110871
0,001093814
0,001264357
0,001216212
0,002156995
0,001415565
0,001425607
0,001212896
0,001226593
0,001295902
0,001444192
0,001452511
0,0016947
0,001770383
0,001813074
0,001340604
0,001320318
0,001404739
0,001346056
0,001419265
0,001282995
0,00113996
0,001220139
0,00128212
0,001227532
0,001112699
0,001376873
0,001061903
0,001234146
0,001186864
0,001077778
0,00132083
0,00109636
0,001078462
0,001096401
0,001089421
0,001114542
0,001134351
0,001169947
0,001208068
0,001246851
0,001289002
0,001314749
0,00126449
0,001166839
0,001282083
0,00138736
0,001363687
0,001390337
0,00149353
0,001442185
0,00120504
0,00154433
0,001790955
0,002397281
0,001718957
0,0021496
0,00176214
0,001790056
0,001780082
0,001745723
0,001956254
0,002050599
0,002765255
0,001161773
0,001199433
0,001231332
0,001169055
0,001150386
0,001381261
0,001146986
0,001116916
0,00121153
0,001160526
0,001120681
0,001123659
0,001270261
0,001312432
0,001172141
0,001156402
0,001162859
0,001185394
0,001132596
0,001163424
0,001205956
0,001167599
0,001203125
0,001203498
0,001173897
0,001199226
0,00123737
0,001268317
0,001178176
0,001192637
0,00121399
0,001261026
0,001261283
0,001120919
0,001254062
0,001592887
0,001502467
0,001403597
0,001450401
0,001221128
0,001227803
0,001295792
0,001600549
0,001648303
0,001812679
0,001430485
0,001085524
0,00112432
0,001598782
0,001085042
0,001192744
0,001225293
0,002598736
0,00123133
0,001143465
0,001055537
0,001225221
0,001128234
0,001083803
0,001127104
0,001110299
0,001258033
0,001836331
0,001712016
0,001600896
0,001452012
0,00107772
0,001082652
0,001612781
0,001416374
0,001694509
0,001143991
0,001121465
0,001191781
0,001173885
0,001101221
0,001128114
0,001382279
0,001652278
0,001415226
0,001326916
0,001293623
0,001338908
0,001316114
0,001448131
0,001357519
0,001186013
0,001199084
0,001238242
0,001254376
0,001224935
0,001234931
0,00136685
0,001310367
0,00136099
0,001227512
0,001306937
0,001362309
0,001364965
0,001439957
0,001273805
0,00125491
0,001305299
0,001741457
0,001075507
0,001382982
0,001449939
0,001808937
0,001427654
0,001680901
0,00187511
0,001990679
0,001595899
0,001749411
0,001916908
0,001984652
0,00154534
0,001751745
0,002002808
0,001432667
0,001505587
0,001752194
0,001430495
0,001365797
0,001183808
0,001713171
0,001714453
0,001594665
0,001518364
0,001208177
0,001426668
0,002407854
0,001857857
0,001805071
0,002051458
0,002189403
0,001815658
0,001768563
0,00187995
0,00179118
0,00173172
0,003429794
0,001160627
0,001128291
0,001211849
0,001023247
0,001122577
0,001185462
0,001467298
0,001139365
0,001047755
0,001086637
0,001103435
0,001119463
0,001203973
0,001121458
0,001094968
0,001189444
0,001117866
0,001220915
0,001104242
0,001210655
0,001179214
0,001147422
0,001080244
0,001271515
0,001203305
0,001218803
0,001120846
0,001322599
0,001153857
0,00107741
0,001114007
0,001085992
0,001221358
0,001186066
0,001125811
0,001220736
0,001087599
0,001233103
0,001095509
0,001320428
0,001205894
0,001140427
0,001065087
0,00113266
0,001176372
0,001207639
0,001151705
0,001160678
0,001081207
0,001188363
0,001269925
0,001200015
0,001196186
0,00130038
0,001280665
0,001246417
0,001078612
0,001053349
0,001046177
0,001116499
0,001076626
0,001159143
0,001204546
0,001099326
0,001113893
0,001140079
0,001179552
0,001209681
0,001111953
0,001073225
0,001161894
0,002702928
0,001205306
0,001141349
0,002137419
0,001399285
0,001199109
0,001102292
0,001088919
0,001143901
0,00108115
0,00151765
0,001292462
0,001207722
0,001590737
0,001062827
0,001172901
0,001243627
0,001150248
0,001086777
0,001238652
0,001301043
0,001843269
0,001891384
0,001699487
0,001418806
0,00172077
0,001776724
0,001634419
0,001040251
0,001091613
0,001124881
0,001111035
0,001196167
0,001167031
0,001270042
0,001204254
0,001149456
0,001394243
0,001127753
0,001485617
0,001311386
0,001135104
0,001421511
0,001136093
0,001119578
0,001145866
0,001152149
0,001112735
0,001266344
0,001103279
0,001156484
0,001131129
0,001048384
0,001187525
0,00110209
0,001524143
0,001169544
0,001160409
0,001337568
0,001946406
0,002592221
0,002601528
0,002545444
0,002554819
0,002961737
0,002827475
0,002655796
0,002665666
0,002653965
0,00310239
0,002884705
0,00271158
0,001097419
0,001115286
0,001168492
0,001067282
0,001119933
0,001110015
0,001062616
0,00117293
0,00107101
0,001346268
0,001385569
0,00137277
0,001197763
0,001117384
0,00114968
0,002938617
0,001049866
0,001149204
0,001115317
0,001240414
0,001129129
0,001031709
0,001174736
0,001342546
0,001176628
0,001109016
0,001230177
0,001066974
0,001070505
0,001224369
0,001078786
0,00110564
0,001113797
0,001123306
0,001081803
0,001315427
0,00122441
0,001101891
0,001360632
0,001385265
0,00142154
0,001413525
0,001208863
0,001493243
0,0011448
0,001165496
0,001180959
0,001107881
0,001128215
0,00110799
0,001067891
0,001258741
0,001152277
0,001140446
0,001238993
0,001225668
0,00113954
0,001098758
0,001192291
0,001085312
0,001096607
0,001112327
0,00117062
0,001121005
0,001158036
0,001267354
0,001120268
0,001246944
0,001217615
0,001112909
0,001081154
0,001138013
0,001150299
0,001482669
0,001383852
0,001088085
0,00116309
0,001115681
0,001143333
0,001118888
0,001145192
0,001086178
0,001171891
0,001213166
0,001232382
0,001181464
0,001113244
0,001169644
0,001254959
0,001134452
0,001188519
0,001214675
0,001302076
0,001075754
0,001134234
0,001096151
0,001142809
0,001133473
0,001088881
0,001087266
0,001146647
0,001122154
0,001121258
0,00122633
0,0011209
0,001126922
0,001094119
0,001216977
0,001102462
0,001146582
0,001395725
0,001194748
0,001211202
0,001505725
0,001082963
0,00110833
0,00106746
0,001260102
0,001106743
0,001093777
0,001038976
0,001133561
0,001062626
0,00111802
0,001034542
0,001188508
0,001120881
0,001159463
0,001086916
0,001208425
0,001221383
0,001190145
0,001130513
0,001084784
0,001113175
0,001078361
0,001157919
0,001185373
0,00118959
0,001174158
0,00118308
0,0029542
0,001808583
0,001111391
0,001157965
0,001150433
0,001055282
0,001127302
0,001097499
0,001058341
0,00117836
0,001082911
0,001164402
0,001244426
0,001087662
0,001081585
0,001118284
0,00114213
0,001385988
0,001071646
0,001085297
0,001162813
0,001096666
0,001225654
0,001828979
0,002319811
0,002544608
0,002533939
0,002584343
0,002542911
0,001041962
0,001239471
0,001150231
0,001115139
0,001172526
0,001273871
0,001302691
0,001249653
0,001280811
0,001286603
0,001242511
0,001410857
0,001958676
0,001709826
0,001488593
0,001875282
0,001877792
0,001833346
0,001556705
0,001099194
0,001425146
0,001342614
0,001216029
0,001098711
0,001085637
0,001261479
0,001264366
0,001160859
0,001279908
0,001052352
0,001162884
0,001183794
0,001184767
0,001148759
0,001119349
0,00112346
0,001203027
0,001235496
0,001719525
0,001657242
0,001190666
0,001140705
0,001113714
0,001163478
0,001236791
0,001140077
0,001113806
0,001211068
0,001098386
0,001139546
0,001372817
0,001300908
0,001217831
0,001094618
0,001452145
0,002890701
0,001420195
0,001048479
0,001075197
0,001166892
0,001242443
0,001575366
0,001086709
0,001188178
0,0012132
0,001332023
0,001179327
0,001347415
0,001166823
0,001131226
0,001146689
0,001100334
0,001107716
0,001085057
0,001239879
0,001129862
0,001073905
0,001129775
0,001207012
0,001139457
0,001240736
0,001166728
0,001142202
0,001231526
0,001178263
0,001103062
0,001176223
0,001114268
0,001227853
0,001159975
0,001112209
0,001219889
0,001171551
0,001087503
0,00115467
0,001219997
0,001075145
0,001218782
0,001066163
0,00108145
0,001101894
0,00123276
0,001070469
0,001149494
0,001109071
0,002567975
0,001247938
0,001090903
0,00112829
0,001567465
0,001852645
0,002381415
0,002624255
0,002651843
0,002634814
0,002621006
0,002390171
0,001108014
0,001126654
0,001146264
0,001118499
0,001463888
0,001347632
0,001085708
0,001128373
0,001212279
0,001384603
0,001329911
0,001047654
0,001144953
0,001223369
0,001239559
0,0011111
0,001095842
0,001131501
0,001129559
0,001091737
0,001145128
0,00118747
0,001169955
0,001024469
0,00117582
0,001041122
0,001117699
0,001076836
0,001141505
0,001323181
0,001142863
0,001103971
0,001134656
0,001197701
0,001181868
0,001192249
0,001157327
0,00110349
0,001075036
0,001046134
0,001087873
0,001174158
0,001218043
0,001063382
0,001152324
0,001172222
0,00109274
0,001078245
0,001165336
0,001093526
0,001151934
0,001149672
0,001083493
0,001284254
0,001148007
0,001171202
0,001091274
0,001165257
0,001078708
0,001234111
0,001195445
0,002710206
0,001077439
0,001033781
0,001079872
0,001131356
0,001073934
0,001077887
0,001062237
0,001388387
0,001156524
0,00113777
0,001092432
0,001346577
0,001109367
0,00116997
0,001107785
0,001101191
0,001132317
0,001124083
0,001292229
0,00126286
0,001150845
0,001268066
0,001192028
0,001358809
0,001258276
0,001108261
0,001150669
0,001087757
0,001203212
0,001636653
0,001633548
0,001705004
0,001684243
0,001685041
0,001658917
0,001702408
0,001643397
0,001123808
0,001134402
0,001186889
0,001097085
0,001213779
0,001081621
0,001072193
0,001218741
0,001158486
0,001137234
0,00111514
0,00130619
0,001168671
0,00109247
0,001091823
0,001145779
0,00117746
0,001451139
0,001232806
0,001676065
0,001712312
0,001478141
0,001598192
0,001530972
0,001125278
0,001172057
0,001245533
0,001228788
0,001274695
0,001268338
0,001224989
0,001276655
0,001165888
0,00107569
0,001069927
0,001162427
0,001147535
0,001138256
0,001107091
0,001207107
0,001131016
0,001219089
0,001058539
0,001138028
0,001124273
0,001127702
0,001189694
0,001090547
0,001158064
0,001149978
0,001296918
0,001283464
0,001120032
0,001225851
0,001378031
0,001258736
0,001035538
0,001042975
0,001086816
0,001160912
0,001241019
0,001067978
0,001085366
0,001264728
0,001247764
0,001169903
0,001155045
0,001132167
0,0011165
0,001191666
0,001153991
0,001107682
0,001217945
0,001178358
0,001124714
0,001115127
0,001125522
0,001264833
0,001117973
0,001181131
0,001116204
0,001112725
0,001103089
0,001345416
0,001156259
0,001071429
0,001169884
0,001185429
0,00107676
0,001115371
0,001275391
0,001056082
0,001103581
0,001092668
0,001089741
0,001071686
0,001058231
0,001213642
0,001245395
0,001094942
0,001055661
0,001151606
0,001100205
0,001164864
0,001285772
0,001285721
0,001259554
0,001111436
0,001213229
0,00132155
0,001897911
0,001173316
0,001202996
0,001110738
0,001264707
0,001301739
0,001166098
0,001065543
0,001285313
0,001321149
0,001386825
0,001334808
0,001447241
0,001233185
0,001412603
0,001099528
0,001093066
0,001135843
0,001090941
0,001090649
0,00117961
0,001140989
0,001352493
0,001148244
0,001240611
0,00104709
0,001458957
0,001482997
0,001285379
0,00189661
0,001757671
0,001696875
0,001467989
0,0030113
0,001158958
0,001293455
0,001095718
0,001051625
0,001110279
0,001452984
0,001115223
0,001083171
0,001163257
0,001285092
0,001550354
0,001391413
0,00152789
0,001425678
0,001480844
0,001503034
0,001419431
0,001095695
0,001157504
0,001098468
0,00110045
0,00147184
0,001162082
0,001131334
0,001146743
0,001069612
0,001172455
0,001083307
0,001110147
0,00104737
0,001240047
0,001074588
0,001192659
0,001231051
0,001205014
0,001091845
0,001368247
0,001241271
0,001226429
0,001387877
0,001201191
0,001313014
0,001273977
0,001085301
0,001137022
0,001101155
0,001085208
0,00108381
0,001059606
0,001106385
0,001033752
0,001117415
0,001564564
0,001130626
0,00127587
0,001121937
0,001051622
0,001199866
0,001210633
0,001056528
0,001111899
0,00128766
0,001516411
0,001201485
0,001163574
0,001208305
0,001143435
0,001216758
0,001183314
0,001320619
0,001275193
0,001096699
0,00120544
0,00105625
0,001287401
0,00109609
0,002676253
0,001206481
0,001085624
0,001143079
0,001123453
0,001212228
0,001133732
0,001271995
0,001190396
0,001377631
0,001156333
0,001143683
0,001196628
0,001167588
0,001171536
0,001173562
0,001137876
0,001262119
0,001153758
0,001126457
0,001139823
0,001186639
0,001164559
0,001190201
0,001174916
0,001199182
0,00137927
0,001282658
0,001124882
0,001163026
0,001108887
0,001215291
0,001143639
0,001089704
0,001184414
0,001153792
0,001104722
0,001155811
0,001102987
0,001101744
0,001264482
0,001210471
0,001186754
0,001072409
0,001089501
0,001177478
0,001179873
0,00121853
0,001225933
0,001315618
0,001485691
0,001393771
0,001516844
0,0014181
0,001222703
0,001170672
0,001280742
0,001276883
0,001168287
0,001206561
0,001160335
0,001150069
0,001225708
0,001141866
0,001089682
0,001142763
0,001119477
0,001261607
0,001097618
0,010749755
0,001087908
0,001139259
0,001150042
0,001141446
0,001274905
0,00112617
0,001093726
0,00127871
0,001257651
0,001221602
0,001120177
0,00117773
0,001303987
0,00114467
0,001387081
0,001234189
0,001163719
0,001344456
0,001406142
0,001357916
0,001372719
0,001361307
0,001441544
0,001107753
0,001083169
0,001132548
0,001202133
0,001173339
0,001284352
0,001127836
0,001193263
0,001422759
0,001761713
0,001101163
0,001489292
0,001482191
0,0012904
0,001138911
0,001406188
0,001312379
0,001299651
0,001377617
0,001370987
0,001347608
0,001563347
0,00139366
0,00151419
0,001441934
0,00175269
0,001442446
0,001407264
0,001598041
0,001447475
0,00132499
0,001243539
0,001139521
0,001170179
0,001211493
0,001183923
0,001122581
0,001247791
0,001347065
0,00117589
0,001216156
0,001207538
0,001242517
0,001236469
0,001174081
0,001139671
0,001192649
0,001073118
0,001075043
0,001073086
0,001178125
0,001205204
0,001909177
0,001174112
0,001124113
0,001115476
0,001039937
0,001074879
0,001115706
0,001154842
0,001071947
0,001067106
0,001145936
0,001291331
0,001265777
0,00114147
0,001269222
0,001207233
0,001193382
0,001184045
0,001329301
0,001280574
0,001120655
0,001179037
0,001111992
0,001207422
0,001286545
0,001157729
0,001165074
0,001395147
0,001216848
0,001237825
0,001070767
0,001174795
0,001231068
0,001186955
0,001063084
0,00126515
0,001370995
0,001241393
0,001213317
0,001185326
0,001367635
0,00139051
0,001091742
0,001201774
0,001366205
0,001055676
0,001100017
0,001438317
0,001335564
0,001487816
0,001513909
0,001118854
0,001227186
0,001152145
0,001159393
0,001300818
0,001156648
0,00111667
0,001167659
0,00114292
0,001154876
0,001096991
0,001054324
0,001139446
0,001193752
0,001073182
0,001161937
0,001064875
0,001249272
0,001162246
0,001144449
0,001172577
0,001220364
0,001214719
0,001279339
0,001155149
0,001166252
0,001298081
0,00119246
0,001037139
0,00126042
0,001384625
0,001534308
0,001601918
0,001589219
0,00152098
0,001609198
0,001503958
0,00169489
0,001569806
0,001574341
0,001590417
0,0016785
0,001540444
0,001533914
0,001464973
0,001691125
0,001550121
0,001115754
0,001184692
0,001166232
0,001143533
0,001335041
0,001471814
0,001515964
0,001395144
0,001380781
0,001507661
0,001533658
0,001438966
0,00149814
0,001388378
0,00150457
0,001430933
0,001550677
0,001391312
0,001499974
0,00142008
0,001499664
0,00232808
0,00123067
0,001293464
0,001318198
0,001134576
0,001140099
0,001162935
0,001211327
0,001193692
0,001215272
0,001206521
0,001136715
0,001098171
0,001324661
0,001145395
0,001220774
0,001073747
0,001152136
0,001114763
0,001150096
0,001111782
0,001036193
0,001045436
0,001169833
0,001071087
0,001159993
0,00105741
0,001096134
0,001124112
0,001286815
0,001254076
0,001101211
0,001089316
0,001035088
0,001164861
0,001376139
0,002731683
0,0011454
0,00112439
0,001186506
0,001388936
0,001136481
0,001108158
0,001036786
0,0011718
0,001107655
0,001121017
0,001151701
0,001103437
0,001111357
0,001092734
0,001075655
0,00128331
0,001337984
0,001399109
0,001025618
0,001123868
0,001234297
0,001080414
0,001042637
0,001095934
0,001225062
0,001323478
0,001182809
0,001209443
0,001127381
0,001172982
0,001372183
0,001084195
0,001196998
0,001193881
0,001060671
0,00117337
0,001194885
0,001262742
0,001156383
0,001162348
0,001406315
0,001353686
0,001425813
0,001361986
0,001040095
0,001106867
0,001157702
0,001215877
0,001069664
0,001119777
0,001306826
0,001127402
0,001102151
0,001202433
0,001143572
0,001120084
0,001155608
0,001068236
0,001209286
0,001058929
0,001094873
0,001102826
0,001111468
0,001170189
0,001125292
0,001202992
0,001095424
0,001277625
0,001654774
0,001655364
0,001451915
0,001805202
0,001808131
0,00170343
0,001473374
0,001136223
0,001072725
0,001075472
0,001313662
0,002987176
0,001405476
0,00133543
0,001350343
0,001409263
0,001396644
0,001394593
0,001334393
0,001392117
0,001641547
0,001135683
0,001155702
0,001106512
0,001246341
0,001109985
0,001067099
0,001088149
0,001214969
0,001133296
0,00105215
0,001092773
0,001258698
0,001142121
0,001297208
0,001299794
0,001764986
0,00182617
0,001721748
0,001111301
0,001080071
0,00120134
0,001214491
0,001224072
0,001095325
0,001164861
0,00109099
0,001316945
0,001241486
0,001158774
0,001200766
0,00111134
0,001069286
0,001118228
0,001224756
0,001018513
0,001079397
0,001134013
0,001407956
0,001129921
0,001080847
0,001095418
0,001115084
0,001154466
0,001101002
0,00132461
0,001155651
0,001147775
0,001252999
0,001124608
0,001178613
0,001085227
0,001166731
0,001054145
0,001130927
0,001181683
0,001084263
0,001288429
0,001087365
0,001143056
0,001138966
0,001251061
0,001071089
0,001181306
0,002889091
0,001057347
0,001246997
0,001160831
0,001120299
0,001188885
0,001157105
0,001148423
0,001192764
0,00110285
0,001218896
0,00111466
0,001118715
0,001188081
0,001252472
0,001417338
0,001248848
0,001156804
0,00117848
0,00108573
0,001262716
0,001116689
0,001141648
0,001081047
0,001275547
0,001113735
0,001164385
0,001161079
0,001239921
0,00108375
0,001212148
0,001513925
0,001102048
0,001086899
0,001156883
0,001057208
0,001113745
0,001290142
0,001028554
0,00119516
0,00113768
0,001210376
0,001388909
0,001090945
0,001073091
0,001063358
0,001204147
0,001521839
0,001085457
0,001194225
0,001044462
0,001124031
0,00108174
0,001118808
0,001221654
0,001137119
0,001124065
0,001129974
0,001189331
0,001193517
0,001186811
0,001115579
0,001254118
0,001102246
0,001109389
0,001100617
0,001085021
0,001154099
0,00113156
0,001264749
0,001175152
0,001243469
0,001225802
0,001051684
0,001140156
0,001089423
0,001170319
0,001176538
0,001175317
0,001152461
0,001237686
0,001526308
0,002540651
0,001144762
0,001299832
0,001357477
0,001304978
0,001314923
0,001237788
0,001159856
0,001131001
0,001201181
0,001092548
0,001133567
0,001141253
0,001126096
0,001332051
0,001105129
0,001126277
0,001098236
0,00132919
0,001136975
0,001227206
0,001218416
0,001241465
0,001241628
0,001179814
0,001069299
0,001177656
0,00107766
0,001303206
0,001152454
0,001081962
0,001187676
0,001220281
0,001161883
0,001232432
0,0011284
0,001100985
0,001125238
0,001111244
0,00129278
0,001158392
0,001185047
0,001150349
0,001174876
0,001087124
0,001139023
0,001160773
0,001147009
0,001235374
0,00127384
0,001043508
0,001090865
0,001135485
0,001227644
0,001180701
0,001182194
0,001242146
0,001077349
0,001162264
0,001141123
0,001125869
0,001048565
0,001089818
0,001198519
0,001242541
0,001207164
0,001310895
0,001192376
0,001177023
0,001072171
0,001096197
0,001129869
0,001053257
0,001096852
0,0011095
0,001064223
0,001141002
0,001150519
0,001093825
0,00107909
0,002795822
0,001140532
0,00110496
0,001145149
0,001108858
0,001219245
0,001159071
0,001056045
0,001177705
0,001117215
0,001206708
0,001100007
0,00112886
0,001149354
0,00115698
0,001080563
0,00130819
0,001092442
0,001275886
0,001287326
0,001094025
0,001251457
0,001078814
0,00126546
0,001137646
0,001184689
0,001117961
0,001090874
0,00108107
0,001255345
0,001328895
0,001036946
0,001070831
0,001150883
0,001094931
0,001071537
0,001131341
0,001151772
0,001127608
0,00113935
0,001079239
0,00117054
0,001087173
0,001084619
0,001075554
0,00123569
0,001281459
0,001363815
0,001090293
0,001208672
0,001364386
0,001588367
0,001996809
0,002545342
0,002564049
0,002526035
0,002533859
0,00268172
0,002547402
0,002505485
0,002552292
0,001226353
0,001273444
0,001114249
0,001281744
0,00107074
0,0011861
0,001157074
0,001137252
0,001075829
0,001056579
0,00106639
0,001087314
0,001160256
0,001098579
0,001109369
0,001295954
0,001155018
0,001223248
0,001212652
0,001150278
0,001235521
0,00105767
0,001092899
0,001187513
0,002551626
0,001311792
0,001092088
0,001208843
0,001275745
0,001072766
0,001277711
0,001094754
0,001233845
0,001204368
0,001066652
0,001089712
0,001027835
0,001308013
0,001162208
0,001160866
0,001162332
0,001125321
0,001316235
0,001240619
0,001200971
0,001076009
0,001079609
0,00113248
0,001178121
0,001270471
0,001153472
0,001232282
0,001218764
0,001075904
0,001135864
0,001229526
0,001079251
0,001026478
0,001049029
0,001094037
0,001172228
0,00120118
0,001291712
0,001275325
0,001126802
0,00105461
0,001189828
0,001217945
0,001360787
0,00106172
0,001233788
0,001581757
0,001711593
0,001650684
0,001647743
0,001634103
0,001640415
0,00168253
0,001672154
0,001149299
0,001244524
0,001181431
0,001180872
0,001106604
0,001258247
0,001181215
0,001195255
0,001271382
0,001207594
0,001119316
0,001139811
0,00119612
0,001215264
0,001071057
0,001368355
0,001392407
0,00131346
0,001179552
0,001349898
0,00149354
0,001321793
0,003244396
0,003263427
0,001236017
0,001433923
0,00113308
0,001504731
0,001435682
0,001439967
0,001305064
0,001344938
0,001315871
0,00115437
0,001096996
0,001259006
0,001138646
0,001314787
0,001083223
0,001173794
0,001131393
0,001096192
0,001356221
0,001257219
0,001221054
0,001143424
0,001118643
0,001180081
0,001401709
0,001403971
0,001494247
0,0010844
0,00111492
0,001084401
0,001141281
0,001217372
0,001048642
0,001123666
0,001166084
0,001184979
0,001274462
0,001105956
0,001115259
0,001251635
0,001099512
0,001115961
0,001137308
0,00117297
0,001097087
0,001108969
0,001179018
0,001220628
0,001226265
0,001238532
0,001412471
0,001087228
0,001072288
0,001149667
0,001198336
0,001135995
0,001099104
0,001079778
0,001103586
0,001106093
0,001088882
0,001169973
0,001235715
0,001147359
0,001139863
0,001166119
0,001124132
0,001141387
0,001120519
0,001096539
0,001173188
0,001094805
0,00114024
0,002856234
0,001617302
0,001228067
0,001055405
0,001065511
0,001118795
0,001162648
0,001171016
0,001281368
0,001116771
0,001416954
0,001154104
0,001230853
0,001082387
0,001114442
0,00121158
0,001232283
0,001275306
0,001131256
0,001112578
0,001139981
0,001111511
0,001094845
0,001068343
0,00117546
0,001209559
0,001113872
0,001146422
0,00121675
0,001249248
0,001224278
0,001066827
0,001220229
0,001129565
0,001185349
0,001222014
0,001223801
0,001209975
0,001100598
0,001330932
0,001030663
0,001215196
0,001161485
0,001080185
0,001143287
0,001109685
0,00106847
0,001080484
0,001195385
0,001264948
0,001055382
0,001084733
0,001192984
0,001073501
0,001209255
0,001311051
0,001319548
0,001313341
0,001040091
0,001219179
0,001125889
0,001087712
0,001127241
0,001191394
0,001063744
0,001151061
0,001110996
0,001086329
0,001057806
0,00117644
0,001229249
0,001365633
0,0011721
0,001215067
0,001461598
0,001656688
0,00159835
0,001668601
0,001678471
0,001630031
0,001589857
0,001685147
0,001709371
0,003258993
0,001036167
0,001143116
0,001208325
0,001164269
0,001055876
0,001136033
0,001246423
0,001201543
0,001054095
0,00141443
0,00132535
0,001354777
0,00138083
0,001065523
0,00175354
0,001995197
0,001785929
0,001612605
0,001483126
0,001850045
0,001791783
0,00172353
0,001625061
0,001501799
0,00175747
0,001869566
0,001709715
0,00158465
0,001373134
0,00172103
0,002525581
0,001643148
0,001165434
0,001074367
0,001197164
9,96458E-4
0,001255398
0,001134928
0,001171717
0,001193699
0,001246683
0,001164383
0,001298205
9,9676E-4
0,001242437
0,001065606
0,001119482
0,001111226
0,001089023
0,001229808
0,001116866
0,001142077
0,00113737
0,001253977
0,001127495
0,00117998
0,001208542
0,001082594
0,001203232
0,001187679
0,001131634
0,001060127
0,001275965
0,00106247
0,001300257
0,001147626
0,001076975
0,0010738
0,001063901
0,001145011
0,001280813
0,001106951
0,002769219
0,001226457
0,001097323
0,001112231
0,001270209
0,001116582
0,001162374
0,001214165
0,001131743
0,001156363
0,001252064
0,00117611
0,00121063
0,001197673
0,001329918
0,001061617
0,001074079
0,001232632
0,001233167
0,001178646
0,001135181
0,00110613
0,001097501
0,001151586
0,001152709
0,001264381
0,001184304
0,001130309
0,001103702
0,001091359
0,001079385
0,001236729
0,001351517
0,001118199
0,001244857
0,001277874
0,001094193
0,001306667
0,001156066
0,001144889
0,001086459
0,001086535
0,001193509
0,001236416
0,001078468
0,001097302
0,001161356
0,001099957
0,001188321
0,001158525
0,001088553
0,001094784
0,001166636
0,001090557
0,001141641
0,001228365
0,001159972
0,001118212
0,001064743
0,001082119
0,001150202
0,001151343
0,00266754
0,001133057
0,001126228
0,001088979
0,001105019
0,001365848
0,001070394
0,001135039
0,001196976
0,001111167
0,001070173
0,001218485
0,001146149
0,001141638
0,001149985
0,001075879
0,00112302
0,001177653
0,001090868
0,001042916
0,001048895
0,001415229
0,001194616
0,001215731
0,001105772
0,00127537
0,001138331
0,001088061
0,001045286
0,001147329
0,001165999
0,001211997
0,00103726
0,001378276
0,001199449
0,001254794
0,00137258
0,001212406
0,001138107
0,001120011
0,001124576
0,001118724
0,001080628
0,001164011
0,001173233
0,001113994
0,001176929
0,001144619
0,001395285
0,001304851
0,001487324
0,001321712
0,00109983
0,001167941
0,001316047
0,001351778
0,001168915
0,001191888
0,00109792
0,001173588
0,001293536
0,001135265
0,001162521
0,001147721
0,002696993
0,001084204
0,001058876
0,001131111
0,001217103
0,001096744
0,00119577
0,001118691
0,001080371
0,001097228
0,001166824
0,001238014
0,001125117
0,001130835
0,001212951
0,001117321
0,001085789
0,001302298
0,001166076
0,001423194
0,001178195
0,001224575
0,001179561
0,0011407
0,001227862
0,001191663
0,001337883
0,001318542
0,001283895
0,001460766
0,001981447
0,002254257
0,002661286
0,002592768
0,002580362
0,002613532
0,002617021
0,002566419
0,002637778
0,002611864
0,002683097
0,00124237
0,001259922
0,003606383
0,001546359
0,001313043
0,001157803
0,001257447
0,0011993
0,001140033
0,001260109
0,00111305
0,001305885
0,001162817
0,001230103
0,001234897
0,001134203
0,001325867
0,001103524
0,001126389
0,001177392
0,001279239
0,001101317
0,001076295
0,001183088
0,001020509
0,001056543
0,001356788
0,001113394
0,001097723
0,001057367
0,001077219
0,001040045
0,001135079
0,00105955
0,001084594
0,001175408
0,001055335
0,001073444
0,001298567
0,001518129
0,001356603
0,001419606
0,001464614
0,001423378
0,001280092
0,001185247
0,001235711
0,001214334
0,001432363
0,001441323
0,001164785
0,001060916
0,001262243
0,001187288
0,001295591
0,001142022
0,00137454
0,001236756
0,001120361
0,001327113
0,00102287
0,001099823
0,001078983
0,001199253
0,00107059
0,001064578
0,001119223
0,001207183
0,00114227
0,001119245
0,001268242
0,001117984
0,001143352
0,001157965
0,001186028
0,001093155
0,001052353
0,001289271
0,001160897
0,001118638
0,001155179
0,001239906
0,001089612
0,001044966
0,001010438
0,001174844
0,001173529
0,001305341
0,001146087
0,001236789
0,001175731
0,001146944
0,001217257
0,001139592
0,0012804
0,001211087
0,001103639
0,001198771
0,001161722
0,001210808
0,001257251
0,001407155
0,001398815
0,001365129
0,00142245
0,001376937
0,001427534
0,001421402
0,001358353
0,001302006
0,00139462
0,001398419
0,001383719
0,001386416
0,001419407
0,001426074
0,001330865
0,001414109
0,002247472
0,001027404
0,001108692
0,001069861
0,00112432
0,001255447
0,001497847
0,001125564
0,001141958
0,001098657
0,00114226
0,001110283
0,0011796
0,001165552
0,001022683
0,001102555
0,00111158
0,001173416
0,001145885
0,001074097
0,001145634
0,001094113
0,001171187
0,001192996
0,001154165
0,001175809
0,001198856
0,001284177
0,001162384
0,001197819
0,001040162
0,001329146
0,001204562
0,001283132
0,001182769
0,001195325
0,00130755
0,001257668
0,00103842
0,001039555
0,002787697
0,001094365
0,001164042
0,001102517
0,001199293
0,001110395
0,001296965
0,001083009
0,001161566
0,001123288
0,001126788
0,001127192
0,001054114
0,001203105
0,001275403
0,001187101
0,001226489
0,001136428
0,001048046
0,001412033
0,001332131
0,0012224
0,001438921
0,001303082
0,001245061
0,00108783
0,001153642
0,001078537
0,001109156
0,001262136
0,001201747
0,001360732
0,001041079
0,001223605
0,001134274
0,001112124
0,001215619
0,001426463
0,001062607
0,001117677
0,00112933
0,001274076
0,001045062
0,001244729
0,001126447
0,001099695
0,001297346
0,001121267
0,001027234
0,001083539
0,001244729
0,001671271
0,001239252
0,001274715
0,001217853
0,001235474
0,001174573
0,001214414
0,001157066
0,001141405
0,001158335
0,00113982
0,001061877
0,001179941
0,001226636
0,001220883
0,001203418
0,00112713
0,001133423
0,001071249
0,001070583
0,001139356
0,001133757
0,00108126
0,001094901
0,002595483
0,001108421
0,001126393
0,001208861
0,001259864
0,001571339
0,00149213
0,001607888
0,001610876
0,001507574
0,001554373
0,001559549
0,00156736
0,001594486
0,001567224
0,001563923
0,001581318
0,001622016
0,001053128
0,00113956
0,001157818
0,001458221
0,001600712
0,00166257
0,001661643
0,001614956
0,001584268
0,001555756
0,00162441
0,001636576
0,001668661
0,001660675
0,001605025
0,001600101
0,001583739
0,001636414
0,001588898
0,001567278
0,001544064
0,001646649
0,001063275
0,00109747
0,001176162
0,001124118
0,00107518
0,00116816
0,001061912
0,001069052
0,001013619
0,00108448
0,001100984
0,001148391
0,001125945
0,001084753
0,001056756
0,001103664
0,001209379
0,001070276
0,00109141
0,001114023
0,001141667
0,001091469
0,00108197
0,001124687
0,001354247
0,001359582
0,001178949
0,001400899
0,001201441
0,001111615
0,001173515
0,001298386
0,001163819
0,001060507
0,001191251
0,001327047
0,001143901
0,001185868
0,001079073
0,001167938
0,001292724
0,001042522
0,001065337
0,001024736
0,001141244
0,002724291
0,00115816
0,001170939
0,001113328
0,001102559
0,001045065
0,001275281
0,001556732
0,001642806
0,001645715
0,001608849
0,001549897
0,001605121
0,001607422
0,001655353
0,001651075
0,001683024
0,001661951
0,001703162
0,001649317
0,001673771
0,001645312
0,001655115
0,001113117
0,001121362
0,001028584
0,001143015
0,00104907
0,001463329
0,001565244
0,001337924
0,00176712
0,001851131
0,001683178
0,001412635
0,001765276
0,001892998
0,001664306
0,001508203
0,001750735
0,00178056
0,001761195
0,001520737
0,001240663
0,001180325
0,001035679
0,001175805
0,001106032
0,00119239
0,001110643
0,001117222
0,00120412
0,001121557
0,00107597
0,001283504
0,00108621
0,001067882
0,001033567
0,001069415
0,001094383
0,001218019
0,001093083
0,001068855
0,001178803
0,001152481
0,001271317
0,001212149
0,001281702
0,001168575
0,001081808
0,001121614
0,001122702
0,001157505
0,001081337
0,001084729
0,001091786
0,001227336
0,0012135
0,001201669
0,0010576
0,001101153
0,001384041
0,001355499
0,001347988
0,002662427
0,001048109
0,001095155
0,001166915
0,001156342
0,001145782
0,001112545
0,001146966
0,001155384
0,001160234
0,00120959
0,001150669
0,00112685
0,001151203
0,001259211
0,001157438
0,001134133
0,00110411
0,001076084
0,001211559
0,001155584
0,00109729
0,001127953
0,001191693
0,00111911
0,001157915
0,001072434
0,001212871
0,001218366
0,001109678
0,001095479
0,00110747
0,001234324
0,00127428
0,001238057
0,001237798
0,001293598
0,001088342
0,001043897
0,001128638
0,001162077
0,001338844
0,001134113
0,001153538
0,001057288
0,001133546
0,001067411
0,001147519
0,001097324
0,001101013
0,001143009
0,001124083
0,001225751
0,001213255
0,001051538
0,001187561
0,001283964
0,00166196
0,002659261
0,001196908
0,001261803
0,001247527
0,001132181
0,001140126
0,001098288
9,90908E-4
0,001194009
0,001183401
0,001097243
0,001217532
0,001188075
0,00115981
0,001214239
0,001155416
0,001169601
0,001185645
0,001132499
0,001637703
0,001322095
0,001469368
0,001397229
0,001217557
0,001182706
0,001279905
0,00136167
0,001058316
0,001278893
0,001047059
0,001096442
0,001200847
0,001201071
0,001347696
0,00161179
0,001215892
0,001143631
0,001126972
0,001057048
0,001159524
0,001129537
0,001174994
0,001155078
0,001142593
0,001140792
0,001131215
0,001131058
0,001116267
0,001391309
0,001292471
0,001059853
0,00126298
0,001145448
0,001069389
0,001222643
0,001180411
0,001145901
0,001111537
0,001250143
0,00106289
0,001084176
0,001106596
0,001246113
0,001083427
0,001073977
0,001198933
0,001239519
0,002560891
0,001121903
0,00111821
0,001138059
0,001271219
0,001111119
0,001344912
0,001249063
0,001303337
0,001308943
0,001197475
0,001391237
0,001262658
0,001146307
0,001277773
0,001170776
0,00114283
0,001130547
0,001076696
0,001159349
0,001196133
0,001128529
0,001118359
0,001197082
0,001135324
0,001104117
0,001112769
0,001162951
0,001075
0,001211725
0,001060284
0,001180313
0,001055525
0,0010434
0,001031059
0,001048303
0,001073862
0,001068612
0,001085455
0,001091069
0,001136829
0,001078411
0,001093449
0,001093449
0,001088347
0,001104396
0,001133666
0,001094616
0,001099837
0,001137379
0,001113678
0,001094601
0,001156886
0,001099575
