0,00143288
0,001210183
0,001312737
0,042997933
0,0013034
0,001207444
0,001387243
0,001285071
0,001425234
0,001431902
0,042992651
0,001074555
0,001361832
0,001324554
0,001109353
0,001352616
0,001260012
0,00120935
0,001251728
0,001499826
0,001414852
0,001208365
0,001191947
0,001245034
0,001332926
0,001364047
0,001336249
0,001215514
0,001147371
0,00115582
0,002830764
0,001275344
0,001190705
0,001171787
0,001276192
0,0013726
0,001321377
0,00121716
0,001249582
0,001078873
0,001214033
0,001148107
0,001243488
0,001163821
0,001130719
0,001190207
0,001114976
0,001269398
0,00126774
0,001133199
0,001373022
0,001335529
0,00109867
0,001432844
0,001136159
0,001129197
0,001124756
0,002288361
0,001393768
0,001338345
0,001296658
0,0011649
0,001544867
0,001440938
0,001215045
0,001145287
0,001187763
0,001123527
0,001128527
0,001321074
0,002220765
0,0013776
0,001723504
0,001881081
0,001793638
0,001261183
0,001238523
0,001651775
0,004325802
0,001495342
0,001314265
0,001193273
0,001230291
0,001820185
0,001277942
0,001090978
0,00121162
0,001256727
0,001199668
0,001219385
0,001359187
0,001302611
0,001307971
0,001355972
0,001178309
0,00118194
0,002256989
0,002509541
0,001467709
0,001168421
0,001178167
0,001239676
0,001211209
0,001153431
0,001063736
0,001314176
0,001205411
0,001193627
0,00126747
0,001279521
0,001193023
0,00155816
0,001159677
0,001124954
0,001128066
0,001378479
0,001175887
0,001242778
0,001381354
0,00136016
0,001418095
0,001118401
0,001166433
0,001194353
0,001151133
0,001200175
0,001173966
0,00125189
0,001163779
0,001132666
0,001140775
0,001220188
0,001246508
0,001162101
0,001438807
0,001380507
0,001290229
0,00115823
0,001193905
0,00134778
0,001234684
0,001483326
0,001152023
0,001273216
0,001339515
0,001210848
0,001121342
0,00120464
0,001193238
0,001152981
0,00135147
0,001232853
0,001210707
0,00118695
0,001215441
0,001181251
0,001387409
0,001264686
0,001225831
0,001240267
0,001219667
0,001273935
0,001255366
0,001397187
0,001208485
0,001397212
0,001413144
0,001469127
0,001491275
0,001530871
0,001511697
0,001441739
0,001426492
0,001516533
0,001342802
0,001264192
0,001143837
0,001584745
0,001217683
0,001204747
0,001136756
0,001177746
0,001224073
0,001160774
0,001189551
0,001182634
0,002845952
0,001411243
0,001283445
0,001343453
0,001173956
0,001391943
0,001213583
0,001132761
0,001414389
0,001191359
0,001162129
0,001267625
0,001118341
0,00123959
0,001208684
0,001343363
0,001543605
0,001501635
0,00147374
0,001452188
0,001492554
0,001533581
0,001529994
0,001492648
0,001493248
0,001092459
0,001267112
0,00116835
0,001117937
0,001152654
0,00128177
0,00127855
0,001504856
0,0010941
0,001324445
0,001298105
0,001253832
0,001228174
0,001140254
0,001234169
0,001159306
0,001151578
0,001164115
0,001185751
0,001214067
0,001183985
0,001172797
0,001180044
0,00132393
0,00276891
0,001479367
0,001141681
0,001352128
0,001388738
0,001186709
0,001224203
0,001085077
0,001451524
0,001426996
0,00116236
0,00130253
0,001242483
0,001205715
0,001130405
0,001422719
0,001135198
0,001312811
0,001159055
0,001142208
0,001601557
0,001159324
0,001194699
0,001227034
0,001142081
0,001268142
0,002059709
0,001203351
0,001246278
0,001178336
0,001241732
0,001384087
0,001387395
0,001241982
0,002684138
0,001272769
0,001265885
0,001181817
0,001129693
0,001257825
0,001267016
0,001135877
0,002272866
0,002562826
0,00405123
0,001963454
0,001771228
0,001970845
0,003192766
0,001145315
0,001180149
0,001268856
0,001159194
0,00118631
0,001187057
0,001150148
0,001140481
0,001127312
0,001212264
0,001718685
0,001220962
0,001147966
0,001199353
0,001195868
0,001156344
0,001150235
0,001231475
0,001081732
0,001343209
0,001166434
0,001123299
0,001112024
0,001156758
0,001189776
0,001119076
0,001384487
0,001335857
0,001338239
0,001788724
0,001940512
0,002616476
0,0011947
0,001110941
0,001111917
0,001164345
0,001253899
0,001181901
0,001145308
0,001197842
0,001253446
0,001212049
0,001137543
0,001203112
0,001421827
0,001452579
0,001645557
0,003575384
0,002838633
0,001444443
0,001515387
0,001100054
0,001289726
0,001346289
0,001526655
0,001448232
0,001090176
0,002205251
0,0013275
0,001155239
0,001467707
0,001377464
0,001152393
0,001528965
0,001377166
0,001222087
0,001184215
0,001234325
0,001190786
0,001374787
0,001301799
0,00140587
0,001422048
0,001152486
0,001151459
0,001704693
0,001142675
0,001242374
0,001106834
0,00108676
0,001132478
0,001214518
0,001209528
0,001093615
0,001072208
0,001206724
0,001085845
0,001044393
0,001169148
0,001139188
0,001082373
0,001145362
0,001164632
0,001277301
0,001218018
0,00117678
0,001170662
0,001254761
0,001134193
0,001340936
0,001365539
0,001093384
0,001655706
0,002123242
0,002092448
0,001817381
0,002253154
0,001956958
0,002089118
0,00224658
0,002016142
0,002102282
0,003219786
0,001198689
0,001156092
0,001030793
0,001035568
0,001454996
0,001408886
0,001077375
0,001423469
0,001374339
0,001411071
0,001399312
0,001242097
0,001083155
0,001079684
0,001107134
0,001164635
0,001176535
0,001224816
0,001199633
0,001107111
0,001113037
0,001189493
0,001140505
0,001070815
0,001257124
0,001074958
0,001543615
0,001439719
0,001308731
0,001462368
0,001324134
0,001428202
0,001132152
0,001129825
0,001104404
0,001921703
0,001263812
0,001180231
0,001194204
0,001301471
0,001257193
0,001185821
0,00113773
0,001329263
0,001487592
0,001554804
0,001597178
0,001517594
0,001306021
0,00106173
0,001396403
0,001399005
0,001164191
0,001093111
0,001373292
0,002406889
0,001394681
0,00144333
0,00141081
0,002892757
0,00145525
0,00138435
0,001417716
0,00161192
0,001495745
0,001470464
0,001387285
0,001818828
0,001847121
0,001748286
0,001901814
0,001358554
0,001563245
0,001831894
0,001666804
0,001401756
0,001501939
0,001192988
0,001093792
0,001147204
0,001136327
0,001178949
0,001256113
0,001379841
0,001276056
0,001089654
0,001214629
0,001082858
0,001192464
0,001110026
0,001091195
0,0011759
0,001437543
0,001229449
0,001343363
0,00137803
0,001218251
0,001306992
0,00131922
0,001271859
0,001085066
0,001122133
0,001092185
0,00110396
0,00114047
0,001159313
0,001383704
0,001290423
0,001147765
0,001607209
0,001521644
0,001842265
0,0018256
0,001827493
0,001600064
0,001603285
0,001819372
0,001824622
0,001740877
0,00156446
0,001592189
0,001825614
0,001793332
0,001797776
0,00160281
0,001414046
0,002557476
0,001091709
0,001117774
0,001265303
0,00112194
0,001110907
0,001169532
0,001577264
0,001783307
0,001763254
0,002116257
0,001806421
0,002003795
0,001897716
0,001894236
0,00176184
0,002073562
0,002077317
0,002630045
0,002609044
0,003406923
0,001055029
0,001195662
0,001052639
0,001139046
0,001149953
0,001127427
0,001238342
0,00115097
0,001322451
0,001149651
0,001200248
0,001174449
0,001243172
0,001102574
0,00120843
0,001125873
0,00109421
0,001260999
0,001145481
0,001251589
0,001168722
0,001189716
0,001150844
0,001196334
0,001097451
0,001202943
0,001090382
0,00108181
0,001165588
0,001180154
0,001088712
0,001269339
0,001065036
0,001178715
0,001134224
0,001168113
0,001170736
0,001146136
0,001129178
0,001103224
0,001183558
0,00107076
0,00115922
0,001088474
0,001227163
0,001320662
0,001145538
0,001115899
0,001440508
0,001318045
0,001395433
0,00179037
0,001370957
0,001320186
0,001507328
0,001248725
0,001389168
0,001481011
0,001419346
0,001339541
0,001190726
0,001183978
0,001072764
0,001130884
0,001083064
0,00115788
0,001160978
0,001195229
0,00112256
0,001197922
0,001137167
0,001175734
0,001170747
0,001105639
0,001134211
0,00121091
0,001391029
0,001161857
0,001148258
0,001097044
0,00110897
0,001186031
0,001088277
0,001161989
0,001375525
0,001159149
0,001198226
0,001129053
0,001225844
0,00124258
0,001195268
0,001235984
0,001023612
0,001104542
0,001073395
0,001081214
0,001069151
0,001140719
0,001033133
0,002044073
0,001142465
0,001118889
0,001149454
0,00119323
0,00117586
0,001180922
0,001266716
0,001338493
0,001185343
0,001066211
0,0011299
0,001130842
0,001042755
0,001125415
0,001191164
0,001150107
0,001141663
0,001082035
0,001163627
0,001064073
0,001082373
0,001065312
0,001068124
0,00111789
0,001152127
0,001103691
0,00116788
0,001194565
0,001229797
0,001259292
0,001102122
0,001038637
0,001183273
0,001199646
0,001376287
0,001516361
0,001261131
0,001181236
0,001103285
0,002657369
0,001243097
0,001432135
0,001211307
0,001071358
0,001219917
0,001198052
0,001160562
0,001111274
0,001146168
0,001211489
0,00111931
0,001065013
0,00104851
0,001084884
0,001101921
0,001187996
0,001171268
0,001071554
0,001093726
0,001218018
0,001171228
0,001187029
0,001101811
0,001064427
0,001091933
0,001076715
0,00125464
0,001449533
0,001135266
0,001176391
0,00155414
0,001368994
0,001327211
0,00137228
0,001386128
0,00139125
0,00128243
0,001533869
0,001302276
0,001390016
0,001428893
0,001109184
0,00125777
0,001223363
0,001172371
0,001129834
0,00150196
0,001059735
0,001076671
0,001140949
0,001202139
0,001108817
0,001077482
0,001274415
0,001057743
0,001156096
0,001100164
0,001076061
0,002830469
0,001143293
0,001210521
0,001068215
0,001108254
0,001118738
0,001085905
0,001044351
0,001395185
0,001063907
0,001175149
0,001202212
0,001198339
0,001243392
0,001100029
0,001110592
0,001123188
0,001081929
0,001135747
0,001053517
0,001146855
0,00108413
0,001164318
0,001255752
0,001122285
0,001144223
0,00112336
0,00130147
0,001118845
0,001166892
0,001070286
0,001170085
0,001225945
0,001172102
0,00109199
0,001094445
0,001111615
0,00128072
0,001217308
0,001258929
0,001126451
0,001071583
0,001118168
0,001150613
0,001143721
0,001105376
0,001034762
0,001221574
0,001094953
0,001286886
0,00103679
0,001211289
0,001190781
0,001057783
0,001229184
0,001651608
0,002003064
0,001853118
0,001202238
0,001208432
0,001102809
0,001156675
0,001028863
0,001133198
0,001244095
0,001093024
0,001173216
0,001215136
0,001205531
0,001042894
0,001124507
0,001223284
0,001165844
0,001206128
0,001203083
0,00117598
0,001299528
0,001107892
0,001133764
0,001301501
0,001496924
0,001726006
0,001679186
0,001215545
0,001143966
0,001129738
0,001091771
0,001112721
0,001114968
0,001120534
0,001095118
0,001178759
0,001119765
0,001102237
0,002468361
0,001363371
0,001444053
0,001520312
0,001107557
0,001137084
0,001190047
0,001250872
0,00159192
0,001066065
0,001088651
0,001340876
0,00114234
0,00111318
0,001134374
0,00117636
0,001182182
0,001198558
0,00103431
0,001164211
0,001566719
0,001757033
0,001803262
0,001435576
0,001223194
0,00113469
0,001122918
0,00131898
0,001200774
0,001194103
0,001205964
0,001162026
0,001155792
0,001090916
0,001245492
0,001820325
0,00113955
0,001106254
0,00114517
0,001080946
0,001434189
0,001477506
0,001462331
0,001352272
0,001039073
0,001108782
0,001202932
0,00133313
0,001151478
0,001109191
0,001096187
0,001171022
0,002725654
0,001230726
0,001138071
0,001147419
0,001188077
0,001198716
0,001131448
0,001060579
0,001075889
0,00134832
0,001514117
0,00155331
0,001454908
0,001559876
0,001519196
0,001451461
0,00140662
0,001563409
0,001488136
0,001522944
0,001484655
0,001530307
0,001580161
0,001831428
0,001833684
0,001632031
0,001748962
0,001821537
0,001138282
0,001181845
0,001170446
0,001170221
0,001138265
0,001294641
0,001402418
0,001629157
0,001452853
0,001165019
0,001115269
0,001106363
0,001178189
0,001134839
0,00108102
0,001171309
0,001441948
0,001106834
0,001079474
0,001159324
0,001243191
0,001259157
0,001195731
0,001201252
0,001283238
0,001115535
0,001317774
0,001488793
0,001453865
0,001525487
0,001530345
0,001508134
0,001447237
0,00146042
0,001480598
0,001564417
0,001434207
0,001473341
0,001148296
0,001145431
0,001175937
0,001373072
0,001484472
0,001388051
0,001429419
0,001472042
0,001368651
0,001380358
0,001574619
0,001163896
0,001076849
0,001175863
0,001429565
0,001541285
0,001438777
0,001352137
0,001669071
0,001280226
0,001105585
0,001171962
0,001203473
0,002557833
0,002930625
0,001074662
0,001300936
0,001345925
0,001216652
0,001271599
0,001094524
0,001199932
0,001191085
0,001103854
0,001229734
0,00114395
0,001123884
0,001485038
0,001074449
0,001103599
0,001132025
0,001088547
0,00112798
0,001115649
0,001134791
0,00114597
0,001113159
0,00110848
0,001115454
0,001140014
0,001257411
0,001182185
0,00110556
0,001115908
0,001055363
0,001274463
0,001188451
0,001122066
0,001083393
0,001115649
0,001114795
0,001105126
0,001112396
0,001359615
0,001168034
0,0010747
0,001104682
0,001153967
0,00117457
0,001171272
0,001231643
0,001120119
0,001115952
0,001172309
0,001135845
0,001082414
0,001067929
0,001248889
0,001082524
0,001245816
0,001426583
0,001627491
0,00161078
0,001730262
0,001708219
0,001714933
0,001753908
0,001698924
0,001720676
0,001684927
0,001722365
0,001722394
0,001734803
0,001699052
0,001701733
0,001213759
0,001207559
0,001115782
0,001164412
0,001130156
0,002884651
0,001144482
0,001108426
0,001119847
0,001144411
0,001111094
0,001238088
0,001185591
0,001124786
0,001109846
0,001047367
0,001090633
0,001049769
0,001130659
0,001074128
0,001211657
0,001180015
0,001195218
0,001483175
0,001146704
0,001066122
0,001086746
0,0011953
0,001037702
0,001089935
0,001135646
0,001345421
0,001368379
0,001252641
0,001131984
0,001221695
0,00118918
0,00131333
0,001274491
0,001203131
0,001049462
0,001262218
0,001134624
0,001142064
0,001161541
0,001182939
0,001140249
0,001388656
0,001710443
0,001843912
0,001798605
0,00175906
0,001738156
0,001716653
0,001685118
0,001739821
0,001716982
0,001602896
0,001761129
0,001721357
0,001672158
0,00155713
0,001691176
0,001662113
0,001127768
0,001199682
0,001171153
0,001235043
0,00116356
0,001110932
0,001097765
0,002763135
0,0011781
0,001321935
0,001101873
0,001096726
0,00116912
0,00136511
0,001464382
0,001813808
0,001337778
0,001075324
0,001173793
0,001095142
0,001144696
0,001094712
0,001103609
0,001199606
0,001267214
0,001117176
0,001106881
0,001185814
0,001114996
0,001118528
0,00112115
0,001169376
0,001147296
0,00107835
0,001143497
0,001219701
0,001211002
0,001198956
0,001169389
0,00116835
0,001103442
0,001076693
0,001064329
0,001125083
0,0011591
0,001126726
0,00123666
0,001202393
0,001080317
0,001067236
0,001138974
0,001167488
0,001132689
0,001130753
0,001378887
0,00139644
0,001097659
0,0011309
0,001107407
0,001109536
0,001158015
0,001290881
0,001127633
0,001114419
0,001164574
0,001243355
0,001243545
0,002560076
0,002587614
0,001125194
0,001280148
0,001157491
0,001203171
0,001120037
0,001118397
0,00117124
0,001216012
0,001187526
0,001259933
0,001158993
0,001258408
0,001214581
0,001110194
0,001347895
0,001480011
0,001381983
0,001428453
0,001225914
0,001214037
0,00113407
0,001091537
0,001196558
0,00109379
0,001038922
0,001232265
0,001251359
0,001220326
0,001190611
0,001215327
0,001054172
0,001248221
0,001182514
0,001251908
0,001104778
0,001085564
0,00106689
0,001310095
0,001163964
0,001185942
0,001219976
0,001100246
0,001520683
0,00117543
0,00133718
0,001126278
0,001203027
0,001113482
0,001138281
0,001114948
0,001143376
0,001066935
0,001389802
0,001311382
0,001333891
0,00149902
0,001099385
0,001197493
0,00121017
0,001208804
0,001365187
0,001596401
0,001544765
0,001593478
0,001535995
0,001423517
0,001562719
0,001552101
0,001134632
0,001123206
0,001445622
0,001394655
0,001160682
0,001056157
0,001170019
0,00126571
0,001110867
0,001100839
0,001128414
0,001158722
0,001201219
0,001129556
0,001225395
0,001190143
0,001275158
0,001142181
0,001194427
0,001170103
0,001127843
0,00116977
0,001148461
0,001093166
0,001140787
0,001269759
0,001083518
0,001401796
0,001249375
0,00117507
0,001187687
0,001152546
0,001267633
0,001128436
0,001208912
0,001193001
0,001219793
0,001125144
0,001232418
0,001285346
0,001150414
0,001110068
0,00112088
0,001239788
0,00107567
0,001229949
0,001122105
0,001132054
0,002632478
0,001148924
0,001148952
0,001088447
0,001101796
0,001235433
0,001360361
0,001397248
0,001107012
0,001175522
0,001134114
0,001248169
0,001194084
0,001285038
0,001142245
0,001122464
0,001214902
0,001248955
0,001039392
0,001154134
0,001401898
0,001168702
0,001192253
0,001145832
0,001319197
0,001045455
0,001153907
0,001118308
0,00150845
0,001305178
0,001538953
0,001369365
0,001505195
0,00149086
0,001350377
0,001249405
0,00113126
0,001219972
0,001131009
0,001462324
0,001443489
0,001545556
0,001472194
0,001127586
0,00110721
0,001116049
0,001373964
0,001191845
0,001246922
0,001276618
0,001347384
0,001240177
0,001144617
0,001235953
0,001279425
0,001290103
0,001106166
0,001122516
0,001136568
0,001121851
0,00121799
0,001214491
0,001224487
0,001219506
0,00122556
0,001184562
0,001260662
0,001080201
0,001198648
0,001244099
0,001156784
0,001251495
0,001162066
0,010863173
0,001223922
0,001296397
0,001271147
0,001062263
0,001156492
0,001126293
0,00124858
0,001171375
0,001154904
0,00113926
0,001147747
0,001144217
0,001295305
0,001154607
0,001122874
0,001164471
0,001253628
0,001244925
0,001220088
0,001341023
0,001227016
0,001193128
0,001169669
0,001262952
0,001230243
0,001063358
0,001243835
0,001073276
0,001228307
0,001237706
0,00113858
0,001130413
0,001198359
0,001382663
0,001232099
0,001161321
0,001290427
0,001145726
0,001149801
0,001143525
0,001191358
0,001123901
0,001151122
0,001191482
0,001111793
0,001121274
0,001062986
0,001269577
0,00128554
0,001094788
0,001184757
0,001097034
0,001061848
0,001125722
0,001157673
0,001197697
0,001267593
0,001199436
0,00122047
0,00120915
0,001108394
0,00120857
0,001103852
0,001200432
0,001194682
0,001431815
0,001132169
0,001130748
0,001190748
0,001075177
0,001279699
0,002875711
0,001122292
0,001199598
0,001163352
0,001142786
0,001136535
0,00116304
0,001144571
0,001226444
0,001240071
0,00109422
0,001091851
0,001266533
0,001287354
0,001110684
0,001224422
0,001147891
0,001155579
0,001107247
0,001171593
0,001071448
0,001111024
0,001152191
0,001163266
0,001140387
0,001103418
0,001114424
0,001835318
0,001184252
0,001187742
0,001143117
0,001107109
0,001153649
0,001078985
0,001111714
0,001075436
0,001056227
0,001123302
0,001073025
0,001211958
0,001255637
0,00126561
0,001365764
0,001327304
0,001056026
0,001502152
0,001504416
0,001122338
0,001100467
0,001319633
0,001132506
0,001157623
0,001209426
0,001102176
0,001125402
0,001194925
0,001360881
0,001059639
0,001164073
0,001099671
0,001138859
0,001172407
0,001297829
0,001185052
0,001159077
0,001245964
0,00115169
0,001261041
0,001263364
0,001197241
0,002739101
0,001152451
0,001100737
0,001380429
0,001171598
0,001161251
0,001206857
0,001329045
0,001149646
0,00127011
0,001113507
0,001066743
0,001392554
0,001341535
0,001094964
0,001061289
0,001129269
0,00103474
0,001255092
0,001198397
0,001175696
0,001201099
0,00122259
0,00114838
0,001102856
0,001093251
0,001234947
0,001124393
0,00103961
0,001232267
0,001210478
0,001528496
0,001165648
0,001309738
0,00119852
0,001129818
0,001094589
0,001066239
0,001358218
0,001135924
0,001244297
0,001218569
0,001074438
0,001274998
0,001457124
0,00168006
0,001700803
0,001682191
0,00163919
0,001661365
0,001738422
0,0016276
0,001717973
0,00165717
0,001631981
0,001684095
0,001814586
0,001789486
0,002372899
0,001214997
0,001204484
0,001131258
0,001159785
0,001130567
0,001087317
0,001048607
0,001213202
0,001090099
0,001059025
0,001180394
0,001333271
0,001295564
0,001084378
0,001108092
0,001260902
0,00301636
0,001383844
0,001409887
0,001350301
0,001360813
0,001288333
0,001107891
0,0013565
0,001390606
0,001161897
0,001277946
0,001086322
0,001073286
0,00141073
0,001445517
0,001510597
0,001043818
0,001040185
0,001157686
0,001348876
0,001314617
0,001140618
0,001362479
0,001422841
0,001326325
0,001349764
0,00128094
0,001261004
0,001420492
0,001282457
0,001132949
0,001197035
0,001102862
0,001264464
0,001038753
0,001063369
0,001157634
0,001292491
0,001159695
0,001142929
0,001140419
0,001065178
0,001094782
0,001096613
0,001212948
0,001109703
0,001091658
0,001154317
0,001182686
0,001089204
0,001298196
0,001120779
0,00113518
0,001071538
0,001074886
0,001130449
0,001168367
0,001049946
0,001236001
0,001068691
0,001111232
0,001281946
0,001062734
0,001136468
0,001152061
0,001152582
0,001081636
0,001396129
0,001439092
0,001611716
0,001645021
0,001844176
0,001828328
0,001808099
0,001701272
0,00187203
0,001136891
0,001233613
0,001125335
0,001175866
0,00114544
0,001149254
0,001114846
0,001096052
0,001117414
0,001068946
0,001071227
0,001088447
0,001358305
0,001154472
0,001147582
0,001126716
0,00118495
0,001142897
0,001088288
0,001079769
0,001038177
0,001071211
0,00105275
0,001183037
0,001175621
0,001218139
0,001151026
0,001134047
0,001066963
0,001188327
0,001147382
0,001135931
0,001191082
0,001309469
0,001157653
0,00114522
0,001283663
0,001113959
0,001230229
0,001190284
0,001082882
0,001455701
0,001507753
0,00127649
0,001060658
0,001144107
0,001200966
0,001113046
0,001065245
0,001073957
0,001136691
0,001128487
0,001112188
0,001059187
0,001083015
0,00117179
0,001075721
0,001209025
0,001073445
0,001108631
0,001366677
0,00110309
0,00114075
0,001243577
0,001148368
0,001174393
0,00116568
0,001164008
0,001132284
0,001160903
0,001120131
0,00112011
0,001316936
0,001111344
0,001108401
0,001509209
0,00108656
0,002293033
0,001106184
0,001199823
0,001168069
0,001163725
0,001100677
0,001115607
0,001131433
0,001129907
0,001128801
0,001094706
0,001277565
0,001058198
0,001137673
0,00111306
0,00144136
0,001111149
0,001571407
0,001360587
0,001369654
0,001464799
0,001307137
0,001310969
0,001423044
0,001480387
0,001365923
0,001192347
0,001239711
0,001348866
0,001339674
0,001097777
0,001107743
0,001138698
0,001163324
0,001187046
0,001206176
0,001357966
0,001281311
0,001436969
0,001466568
0,001255545
0,001382168
0,001421575
0,001340466
0,001388637
0,001499459
0,00131754
0,001279428
0,001311057
0,00138734
0,001336208
0,001346267
0,001260899
0,00141733
0,00134208
0,001405782
0,00109994
0,001136265
0,001245736
0,001259253
0,001210096
0,001128263
0,001118642
0,001111463
0,001191039
0,001123944
0,001279087
0,001073265
0,001146676
0,00112818
0,001112649
0,001419586
0,001746492
0,001846999
0,001781413
0,001525283
0,001191781
0,00179918
0,001108088
0,001131775
0,001328009
0,001720014
0,001330245
0,001302452
0,001136534
0,001119003
0,001125519
0,001123512
0,001347456
0,001122711
0,001253342
0,001102625
0,001157057
0,001207478
0,001045339
0,001292413
0,001181496
0,001075566
0,001235673
0,001243596
0,001235069
0,001291274
0,001158281
0,001123292
0,001103116
0,001175311
0,001225036
0,001229412
0,00121845
0,001196732
0,001127167
0,00106363
0,001151096
0,001057919
0,001093225
0,001117943
0,00107462
0,001201579
0,00109793
0,001317407
0,001046908
0,001039173
0,001099366
0,001515869
0,001371979
0,001313094
0,001414746
0,001329889
0,001077701
0,001103812
0,001134146
0,001150441
0,001084593
0,001156727
0,001272489
0,001099659
0,001151863
0,001114103
0,001191641
0,001064739
0,001090795
0,001107628
0,001094219
0,001240579
0,001080685
0,001085551
0,001152293
0,001174107
0,001096808
0,001104193
0,001130072
0,001191888
0,001258937
0,001065038
0,00114133
0,001161221
0,001369529
0,001181866
0,001258385
0,001136271
0,001173584
0,001146953
0,001167542
0,001159242
0,001434379
0,001265665
0,001033654
0,001124493
0,001174454
0,001141912
0,001109506
0,001238682
0,001248823
0,001243885
0,001088265
0,001067178
0,001133849
0,001202304
0,001109145
0,001038808
0,001062367
0,001070681
0,001346547
0,001153902
0,00109212
0,001150853
0,001120182
0,001317121
0,001102524
0,001285342
0,001063396
0,001230126
0,001126398
0,001135228
0,00109276
0,001081804
0,001036846
0,001245939
0,001075755
0,001219105
0,001239093
0,001209178
0,001145824
0,001412355
0,001194361
0,001065089
0,001406435
0,001776287
0,002255902
0,002467022
0,00258117
0,00263696
0,0025248
0,00260595
0,002673525
0,002603853
0,001137217
0,001280944
0,001127737
0,001120291
0,001201781
0,001055447
0,001128252
0,001268636
0,001078506
0,001098397
0,001102336
0,00112658
0,001111426
0,001300429
0,001391496
0,001274954
0,001114429
0,001310866
0,001135458
0,001217662
0,001165458
0,001226682
0,001217178
0,00261523
0,00106086
0,001110621
0,001103159
0,001098566
0,00114844
0,001108287
0,001062545
0,001091153
0,001113223
0,001327976
0,001078766
0,001093032
0,001091543
0,001088661
0,001197035
0,001372773
0,001465714
0,001072523
0,001257601
0,001145733
0,00100462
0,0010546
0,001282006
0,001226103
0,001487855
0,001056802
0,001261727
0,001286574
0,001142298
0,001086315
0,001032388
0,001185832
0,001154891
0,001202366
0,001136386
0,001117135
0,001187059
0,001109336
0,001041795
0,001036675
0,001253232
0,0010796
0,001083575
0,001323045
0,001287327
0,001045659
0,001203664
0,001082377
0,001074409
0,00126168
0,00159047
0,001682212
0,001600282
0,001632427
0,00160529
0,001669118
0,001664213
0,001122064
0,001226373
0,001278886
0,00108164
0,001231838
0,001096943
0,001074683
0,001158965
0,001132502
0,001176014
0,001309891
0,001177557
0,001106348
0,001173112
0,001154153
0,001120409
0,00110018
0,001091877
0,001159834
0,003002845
0,001195574
0,001098194
0,001118982
0,001261788
0,001310662
0,001264162
0,001405975
0,001229308
0,00108658
0,00122406
0,001261992
0,001225208
0,001254016
0,001208664
0,001155974
0,001053399
0,001195431
0,001135551
0,001231534
0,00115071
0,001208843
0,001340424
0,001385456
0,001351045
0,001340156
0,001363953
0,001284654
0,00122686
0,001135604
0,001121304
0,001143539
0,001151234
0,001134723
0,001063286
0,001312758
0,001273617
0,00114074
0,001157303
0,001092718
0,001096004
0,001079971
0,001046809
0,001166433
0,001189167
0,001022993
0,001085033
0,001180361
0,001240245
0,001098169
0,001215838
0,001342756
0,001585254
0,001066659
0,001320125
0,00142439
0,001391844
0,001335771
0,001435221
0,001051217
0,001248711
0,00127128
0,001472923
0,001471633
0,001523475
0,001294952
0,001159471
0,001089822
0,001089883
0,001116771
0,001088398
0,001076143
0,001460384
0,001441687
0,001236068
0,001032319
0,00108845
0,001155913
0,001135618
0,001113381
0,001064981
0,001060978
0,001153189
0,001146678
0,001102317
0,001098989
0,001166421
0,001162456
0,001140926
0,001098595
0,001190377
0,001052673
0,001129414
0,001120775
0,001073947
0,001084171
0,001135265
0,001238132
0,001053398
0,001071958
0,001055437
0,001135496
0,001047618
0,001059883
0,00118858
0,001140749
0,001116043
0,001188231
0,001125141
0,001089823
0,001202502
0,001076885
0,001020399
0,001034725
0,001197937
0,001035263
0,001285225
0,001086399
0,001156146
0,001090564
0,00104311
0,001191468
0,001086991
0,001156885
0,00136912
0,001314614
0,00128714
0,001119943
0,001438274
0,001099028
0,001355648
0,001179261
0,001318804
0,001127955
0,001257657
0,001063234
0,001246943
0,001188727
0,001240493
0,001142335
0,00118702
0,001143134
0,001429125
0,001091917
0,001117653
0,001165258
0,001141051
0,001112049
0,001415042
0,001522528
0,001628119
0,001853374
0,001741529
0,001748264
0,001817319
0,001706185
0,001279204
0,00164846
0,00335994
0,001438117
0,001277845
0,001132892
0,001213659
0,001119677
0,001114839
0,001039779
0,001254929
0,001149483
0,001089316
0,001133916
0,001068046
0,001142383
0,001244471
0,001211963
0,001074845
0,001178002
0,001150474
0,001422428
0,001481729
0,001310106
0,001890022
0,001062864
0,001210601
0,001238464
0,001188065
0,001052944
0,001186493
0,001238827
0,001164168
0,001160204
0,001095334
0,001354373
0,001029135
0,001202334
0,00107481
0,001088513
0,001089851
0,001110206
0,001141275
0,001091723
0,001096048
0,001186596
0,001220055
0,001114184
0,001139252
0,001153814
0,00115322
0,001162436
0,001174793
0,001163552
0,001070493
0,001208012
0,001274078
0,001170348
0,001097518
0,001221792
0,001144769
0,002856171
0,001080181
0,001123009
0,001139972
0,001052437
0,001104206
0,001144483
0,001182523
0,001092334
0,001089122
0,001281435
0,00124251
0,00124724
0,001192655
0,001019319
0,001032782
0,001121757
0,00116673
0,00123911
0,001040141
0,001399931
0,001184143
0,001105335
0,001053881
0,001438863
0,001371799
0,001246064
0,001131645
0,001182499
0,001148862
0,001069608
0,001065839
0,001409836
0,001080325
0,001105603
0,001164034
0,001297838
0,001233325
0,001046226
0,001245905
0,00112646
0,001161394
0,001042914
0,001119925
0,001093298
0,001046322
0,00105965
0,001039503
0,001135917
0,001132569
0,001190916
0,001160876
0,001123996
0,001121918
0,001104853
0,001101075
0,001223987
0,001178398
0,001157507
0,001168758
0,001157068
0,001168747
0,001184717
0,001148619
0,001170524
0,001087798
0,001176354
0,001386917
0,001601463
0,001144782
0,001145052
0,001119958
0,001399695
0,001088957
0,00122052
0,001047776
0,001224261
0,003816589
0,00115629
0,001186029
0,001099341
0,001123401
0,001039503
0,001204664
0,001116818
0,001163114
0,001193391
0,001090004
0,001124135
0,001045502
0,001147256
0,001185687
0,001110384
0,001209819
0,001253498
0,001215944
0,001092868
0,001278384
0,001167261
0,001156388
0,001262951
0,001213518
0,001201418
0,001135109
0,001163802
0,001192164
0,001149546
0,001142099
0,0011893
0,001080264
0,001056618
0,001299374
0,001098578
0,001385807
0,001359644
0,001148842
0,001278538
0,001158664
0,001095371
0,001156323
0,001120715
0,001163034
0,001224185
0,001156971
0,001234725
0,001124606
0,001231659
0,001287515
0,001143428
0,001091624
0,00259044
0,001112435
0,001099806
0,001107918
0,001144689
0,001295438
0,001080833
0,001180694
0,001171334
0,001136571
0,001094522
0,001096073
0,001356606
0,00110279
0,001169553
0,001247694
0,001159966
0,001121228
0,001144917
0,001066793
0,001191196
0,001090488
0,001117912
0,001276112
0,00123191
0,001170496
0,001229723
0,001198377
0,001123543
0,004038334
0,001265792
0,001155191
0,001213416
0,001235478
0,001241183
9,95721E-4
0,00112858
0,001137477
0,001213751
0,001076572
0,00111015
0,001183515
0,001221512
0,001229357
0,001339928
0,001127614
0,001219474
0,001287247
0,001247159
0,001244829
0,002698729
0,001187761
0,001226843
0,001182183
0,001102327
0,001131715
0,001158831
0,001088659
0,001107413
0,001085576
0,001238612
0,00108347
0,001064875
0,001145518
0,001068249
0,001127788
0,001182947
0,001101263
0,00116078
0,001155737
0,001210064
0,00114098
0,001141947
0,001128338
0,001191315
0,001156019
0,001112482
0,001110733
0,001134419
0,001150154
0,001217727
0,001144308
0,001156679
0,001103751
0,001268933
0,00112133
0,001198748
0,001167492
0,001057724
0,001101724
0,001354284
0,001259018
0,001134209
0,001054184
0,001025361
0,001279597
0,00128118
0,001160994
0,001348196
0,001280291
0,001069167
0,001182481
0,001249257
0,001042969
0,001129225
0,001136488
0,002712639
0,001162431
0,001234878
0,001015912
0,001062826
0,001235284
0,00106231
0,00107673
0,001098227
0,001136591
0,001093584
0,001179966
0,001428125
0,001224703
0,00125539
0,001075786
0,001151565
0,001452507
0,001108006
0,001155767
0,001378889
0,001053936
0,001264185
0,001297198
0,001350533
0,001136142
0,001166555
0,001162261
0,001117625
0,001051707
0,001050027
0,001090615
0,001104574
0,001190041
0,001221818
0,001324142
0,001393833
0,001380382
0,001405041
0,001367281
0,001441155
0,001071733
0,001507635
0,001063202
0,001129438
0,001309716
0,00121085
0,001465292
0,001165363
0,001214743
0,001168799
0,001158967
0,001083906
0,001067515
0,001449448
0,001073718
0,001176966
0,002844994
0,001371417
0,001369715
0,001165247
0,001082419
0,001111117
0,001112405
0,001115693
0,001132687
0,001151253
0,001118615
0,00109643
0,001088214
0,001348991
0,001233768
0,001320738
0,00114698
0,001165135
0,001258494
0,001036343
0,001163064
0,001160223
0,001155694
0,001077953
0,001055469
0,001100476
0,001090892
0,001078637
0,001168504
0,001190154
0,001096345
0,001266006
0,001087899
0,00107023
0,001143309
0,001079432
0,001069409
0,00108974
0,001149467
0,00119986
0,001315183
0,001160624
0,001120567
0,001058218
0,001180308
0,001341823
0,001516716
0,001322666
0,001068091
0,001123426
0,001185056
0,001234095
0,001190541
0,001156306
0,001039186
0,001152505
0,001149178
0,001168693
0,00111549
0,00109647
0,001225823
0,001152638
0,001048512
0,001077877
0,001131027
0,001168617
0,001211154
0,001079808
0,002725758
0,001163093
0,001280351
0,001140143
0,001744176
0,001459147
0,001544945
0,001301771
0,001118206
0,001107877
0,001071548
0,001031266
0,001044767
0,001307395
0,001240586
0,001091606
0,001086391
0,001075048
0,001151806
0,001237836
0,00125821
0,001210062
0,001303887
0,001126812
0,001107181
0,001371934
0,00160192
0,001751519
0,001633938
0,001690126
0,001695438
0,001730006
0,001701397
0,001760629
0,001709364
0,001624125
0,001746094
0,001217385
0,001068802
0,001143539
0,001154275
0,001074738
0,001081455
0,001230946
0,001157955
0,0011893
0,001097059
0,001127954
0,001140657
0,001211415
0,001208109
0,001129013
0,001191265
0,001191253
0,001200752
0,001124868
0,001216471
0,002242845
0,001177371
0,001180155
0,001094191
0,001096276
0,001057748
0,001057993
0,001083894
0,001080093
0,0011768
0,001039322
0,001129119
0,001332586
0,001286157
0,001134929
0,001377815
0,001168226
0,001201258
0,001177874
0,001179623
0,001023053
0,001030643
0,001257159
0,001224675
0,001180352
0,001083423
0,001099819
0,001097509
0,001119119
0,001138751
0,001144819
0,001242387
0,00119833
0,001160495
0,001193823
0,001132761
0,001160252
0,001066231
0,001090048
0,001167833
0,00122043
0,001120323
0,001123373
0,001088865
0,001158398
0,001156309
0,001055321
0,001206191
0,001160191
0,001069321
0,001233902
0,001174709
0,001137626
0,001087147
0,001102134
0,00116555
0,001389695
0,002808669
0,001200517
0,001177019
0,001091848
0,001252911
0,001086428
0,00110452
0,001079311
0,001095352
0,001152547
0,001101663
0,001116781
0,001101925
0,001046168
0,001163372
9,99926E-4
0,001067629
0,001199441
0,001124559
0,001144541
0,001133235
0,001125829
0,001125285
0,001137606
0,001185784
0,001098016
0,001224176
0,001351058
0,001432296
0,001506717
0,001477117
0,001411301
0,001475752
0,001583613
0,001478997
0,001580269
0,001526802
0,001468502
0,001446217
0,001413467
0,001410535
0,001493291
0,00126579
0,00114627
0,001184965
0,001271901
0,001165946
0,001252591
0,001140718
0,001143107
0,001188094
0,001262812
0,001154479
0,001211975
0,001217848
0,001189675
0,00115894
0,001106639
0,001116747
0,001229259
0,001145739
0,001232502
0,00112997
0,001109328
0,001176255
0,001100656
0,001129297
0,00108818
0,001177339
0,001078895
0,001270396
0,001665349
0,001198912
0,002534393
0,001201724
0,001164547
0,001065147
0,001097239
0,001100114
0,001110983
0,001121253
0,001096848
0,001150163
0,001128599
0,001037756
0,001114212
0,001122656
0,001083707
0,001142484
0,001372019
0,001253462
0,00127473
0,001310089
0,00146575
0,001636599
0,00161279
0,001668523
0,001684306
0,001669946
0,001711497
0,001632318
0,001628768
0,001679769
0,001734614
0,001328221
0,001516236
0,001606158
0,001628234
0,001440559
0,00135594
0,00129074
0,001417077
0,001140418
0,001432584
0,001509634
0,001571818
0,001582582
0,001127857
0,001141175
0,001228823
0,001051104
0,001069244
0,001218395
0,00107604
0,001109466
0,001055174
0,001184383
0,001123839
0,001268204
0,001129862
0,001230219
0,00113158
0,00123783
0,001138098
0,001244107
0,001082859
0,00109049
0,001128666
0,001283831
0,001254337
0,00114577
0,001329217
0,001145236
0,00104831
0,001075688
0,001331331
0,001234853
0,00110048
0,001075677
0,001083107
0,001109947
0,001096371
0,001015456
0,001171984
0,001165141
0,001058852
0,001097675
0,001062474
0,001051274
0,001066616
0,001268879
0,001097178
0,001101233
0,001039073
0,001017587
0,001292932
0,001499598
0,00191567
0,002243509
0,00257433
0,002526279
0,002583053
0,002528659
0,002603661
0,002674654
0,002619944
0,002622649
0,002537579
0,002590476
0,002554947
0,002574219
0,002567263
0,002625251
0,001071113
0,001163459
0,001052364
0,001052445
0,001079535
0,001203726
0,001160344
0,001102197
0,001142868
0,001139411
0,001145943
0,001215072
0,001084744
0,001162584
0,001182597
0,001097831
0,001174163
0,001335213
0,001142716
0,001130238
0,001145051
0,001179614
0,001121756
0,001080559
0,001249301
0,001160416
0,00120769
0,001075544
0,001159381
0,001258947
0,001342023
0,001080293
0,001158693
0,001127802
0,001120631
0,00107669
0,001066904
0,001112121
0,001105135
0,00120491
0,00113884
0,001099356
0,001060336
0,001083014
0,00108984
