3,15034E-4
3,32774E-4
3,31667E-4
3,34483E-4
4,5147E-4
5,80514E-4
2,74824E-4
2,7154E-4
2,75262E-4
2,7284E-4
2,7618E-4
2,91335E-4
2,4361E-4
2,44057E-4
2,48258E-4
2,4817E-4
2,44752E-4
2,44938E-4
2,45132E-4
2,4553E-4
2,46078E-4
2,43111E-4
2,42226E-4
2,47097E-4
2,47693E-4
2,48953E-4
2,50954E-4
2,61204E-4
2,55397E-4
2,51943E-4
2,47364E-4
2,51162E-4
2,47842E-4
2,37886E-4
2,44253E-4
2,42632E-4
2,44166E-4
2,51363E-4
2,43969E-4
2,43155E-4
2,49382E-4
2,53835E-4
2,42256E-4
2,47733E-4
2,47994E-4
2,42105E-4
2,46584E-4
2,40906E-4
2,5257E-4
2,44611E-4
2,44103E-4
2,49226E-4
2,56062E-4
2,42445E-4
2,41295E-4
2,4131E-4
2,40109E-4
2,43784E-4
2,48089E-4
2,40932E-4
2,46364E-4
2,39909E-4
2,42254E-4
2,42338E-4
2,46226E-4
2,39141E-4
2,45108E-4
2,39197E-4
2,41725E-4
2,54635E-4
2,39939E-4
2,4621E-4
2,48849E-4
2,42644E-4
2,62085E-4
2,6652E-4
2,41258E-4
2,48232E-4
2,45332E-4
2,50081E-4
2,41368E-4
2,46034E-4
2,43306E-4
2,46713E-4
2,46675E-4
2,49015E-4
2,44237E-4
2,49979E-4
2,45887E-4
2,47911E-4
2,42203E-4
2,51047E-4
2,62834E-4
4,53078E-4
4,7897E-4
4,73536E-4
2,48104E-4
2,45416E-4
2,61374E-4
2,45632E-4
2,41584E-4
2,42427E-4
2,43136E-4
2,39647E-4
2,42209E-4
2,39052E-4
2,44251E-4
2,40379E-4
2,42681E-4
2,46964E-4
2,46759E-4
2,46967E-4
2,44738E-4
2,48351E-4
2,46619E-4
2,48169E-4
2,48662E-4
2,43296E-4
2,50876E-4
2,48125E-4
2,38408E-4
2,44594E-4
2,4042E-4
2,39837E-4
2,41864E-4
2,46774E-4
2,62611E-4
2,49232E-4
2,4314E-4
2,44477E-4
2,42024E-4
2,45265E-4
2,43189E-4
2,40093E-4
2,6033E-4
2,37132E-4
2,42587E-4
2,42181E-4
2,5892E-4
2,38879E-4
2,64306E-4
2,4228E-4
2,6334E-4
2,45563E-4
2,50361E-4
2,44064E-4
2,41818E-4
2,44852E-4
2,37857E-4
2,39528E-4
2,48112E-4
2,39528E-4
2,46494E-4
2,4211E-4
2,41233E-4
2,41017E-4
2,4525E-4
2,61234E-4
2,44033E-4
2,43353E-4
2,42305E-4
2,48348E-4
2,44941E-4
2,47517E-4
2,43694E-4
2,45567E-4
2,46696E-4
2,59424E-4
2,49711E-4
2,59069E-4
2,54889E-4
2,46063E-4
2,44882E-4
2,48069E-4
2,42188E-4
2,44121E-4
2,4964E-4
2,45537E-4
2,42203E-4
2,44499E-4
2,39902E-4
2,42258E-4
2,48922E-4
2,40314E-4
2,41632E-4
2,44982E-4
2,38563E-4
2,41779E-4
2,38533E-4
2,41082E-4
2,41274E-4
2,3989E-4
2,46152E-4
2,39859E-4
2,41258E-4
2,40198E-4
2,40848E-4
2,48246E-4
2,40125E-4
2,42119E-4
2,39531E-4
2,40318E-4
2,38083E-4
2,41885E-4
2,48425E-4
2,63384E-4
2,41274E-4
2,46949E-4
2,49109E-4
2,42261E-4
2,48344E-4
2,44537E-4
2,55597E-4
2,4883E-4
2,41391E-4
2,42896E-4
2,45254E-4
0,00149495
2,39369E-4
2,45599E-4
2,48559E-4
2,64006E-4
2,51505E-4
2,4649E-4
2,46459E-4
2,46859E-4
2,42117E-4
2,47468E-4
2,62793E-4
2,48343E-4
2,49812E-4
2,52861E-4
2,54231E-4
2,41449E-4
2,50743E-4
2,48731E-4
2,62486E-4
2,44446E-4
2,46736E-4
2,42918E-4
2,44237E-4
2,51888E-4
2,43989E-4
2,46385E-4
2,43714E-4
2,44259E-4
2,42914E-4
2,37485E-4
2,44417E-4
2,38386E-4
2,45279E-4
2,39606E-4
2,45796E-4
2,41876E-4
2,39233E-4
2,40751E-4
2,50765E-4
2,47192E-4
2,43326E-4
2,39754E-4
2,63465E-4
2,44122E-4
2,45565E-4
2,46243E-4
2,3921E-4
2,42264E-4
2,47183E-4
2,54855E-4
2,42966E-4
2,39643E-4
2,42048E-4
2,63949E-4
2,55141E-4
2,54265E-4
2,45717E-4
2,46568E-4
2,47841E-4
2,77147E-4
2,55392E-4
2,47658E-4
2,48017E-4
2,41059E-4
2,4238E-4
2,53759E-4
2,54725E-4
2,6565E-4
2,46707E-4
2,49247E-4
2,48419E-4
2,5428E-4
2,47798E-4
2,47087E-4
2,42613E-4
2,50545E-4
2,44998E-4
2,42963E-4
2,48414E-4
2,44278E-4
2,44144E-4
2,46E-4
2,52274E-4
2,42113E-4
2,4458E-4
2,42992E-4
2,44042E-4
2,42313E-4
2,47325E-4
2,3972E-4
2,44682E-4
2,44148E-4
2,46411E-4
2,43098E-4
2,65829E-4
2,45135E-4
2,53414E-4
2,43497E-4
2,44438E-4
2,422E-4
2,41865E-4
2,41462E-4
2,41798E-4
2,48071E-4
2,4989E-4
2,49269E-4
2,4434E-4
2,58787E-4
2,51192E-4
2,52162E-4
2,50949E-4
2,60431E-4
2,40297E-4
2,59598E-4
2,95059E-4
2,5733E-4
2,79371E-4
2,70594E-4
2,65764E-4
2,64707E-4
2,66198E-4
2,63461E-4
2,47253E-4
2,47172E-4
2,47371E-4
2,4295E-4
2,4913E-4
2,43729E-4
2,4832E-4
2,48921E-4
2,51746E-4
2,47468E-4
2,6853E-4
2,71118E-4
2,67887E-4
0,001509053
2,43859E-4
2,45477E-4
2,3959E-4
2,44472E-4
2,34504E-4
2,4479E-4
2,42208E-4
2,57994E-4
2,45016E-4
2,47287E-4
2,41086E-4
2,41713E-4
2,40507E-4
2,38402E-4
2,42469E-4
2,39903E-4
2,45072E-4
2,43684E-4
4,74857E-4
2,35876E-4
2,5253E-4
2,40976E-4
2,37302E-4
2,43752E-4
2,43784E-4
2,48317E-4
2,58053E-4
2,39153E-4
2,45949E-4
2,38686E-4
2,34445E-4
2,40819E-4
2,38153E-4
2,46379E-4
2,36199E-4
2,45721E-4
2,44595E-4
2,33983E-4
2,3947E-4
2,4566E-4
2,5104E-4
2,42605E-4
2,36004E-4
2,39709E-4
2,36407E-4
2,42051E-4
2,39979E-4
2,43542E-4
2,45559E-4
2,39873E-4
2,43809E-4
2,44317E-4
2,41389E-4
2,44449E-4
2,66712E-4
2,42373E-4
2,42756E-4
2,49021E-4
2,44498E-4
2,42804E-4
2,47615E-4
2,48311E-4
2,41353E-4
2,43812E-4
2,44387E-4
2,39989E-4
2,45054E-4
2,47067E-4
2,43083E-4
2,4377E-4
2,39112E-4
2,41738E-4
2,40039E-4
2,3805E-4
2,47951E-4
2,4692E-4
2,49144E-4
2,44754E-4
2,43854E-4
2,39813E-4
2,3985E-4
2,44889E-4
2,44232E-4
2,44313E-4
2,40516E-4
2,45349E-4
2,49982E-4
2,4091E-4
2,39178E-4
2,41487E-4
2,45383E-4
2,42359E-4
2,38408E-4
2,41409E-4
2,54202E-4
2,47178E-4
2,39848E-4
2,40223E-4
2,38867E-4
2,36241E-4
2,41056E-4
2,4124E-4
2,50113E-4
2,41876E-4
2,40828E-4
2,4764E-4
2,38958E-4
2,45765E-4
2,58495E-4
2,4819E-4
2,4407E-4
2,44398E-4
2,60135E-4
2,42263E-4
2,62474E-4
2,3954E-4
2,36131E-4
2,52236E-4
2,44554E-4
2,43125E-4
2,42317E-4
2,56317E-4
2,40305E-4
2,43349E-4
2,41782E-4
2,46144E-4
2,4133E-4
2,43436E-4
2,43018E-4
2,45965E-4
2,41617E-4
2,49674E-4
2,47335E-4
2,40411E-4
2,41908E-4
2,46139E-4
2,43489E-4
2,44729E-4
2,53032E-4
2,50132E-4
2,35826E-4
2,41899E-4
2,45358E-4
2,39237E-4
2,46868E-4
2,48583E-4
2,39833E-4
2,41982E-4
2,42383E-4
2,35502E-4
2,43414E-4
2,69051E-4
2,45824E-4
2,41187E-4
2,44605E-4
2,38835E-4
2,59904E-4
2,45982E-4
2,45743E-4
2,44056E-4
2,41553E-4
2,41103E-4
2,3868E-4
2,51827E-4
2,44881E-4
2,37894E-4
2,3679E-4
2,37928E-4
2,41514E-4
2,40312E-4
2,42687E-4
2,41674E-4
2,41888E-4
2,45151E-4
2,40725E-4
2,43024E-4
2,41484E-4
2,44666E-4
2,47435E-4
2,4497E-4
2,44231E-4
2,43672E-4
2,4286E-4
2,43811E-4
2,42346E-4
2,65232E-4
2,45393E-4
2,42432E-4
2,41781E-4
2,68201E-4
2,44807E-4
2,39437E-4
2,44627E-4
2,42601E-4
2,39682E-4
2,44156E-4
2,42813E-4
2,5725E-4
2,45243E-4
2,46E-4
2,46269E-4
2,40899E-4
2,45662E-4
2,46906E-4
2,47009E-4
2,44148E-4
2,4337E-4
2,43469E-4
2,45239E-4
2,4691E-4
2,46299E-4
2,43027E-4
2,42759E-4
2,48186E-4
2,46395E-4
2,44358E-4
2,42517E-4
2,61317E-4
2,53216E-4
2,43756E-4
2,60136E-4
2,41903E-4
2,41085E-4
2,52899E-4
2,36176E-4
2,37885E-4
2,43561E-4
2,45022E-4
2,44545E-4
2,47852E-4
2,39493E-4
2,38641E-4
2,56002E-4
2,38468E-4
2,41796E-4
2,68875E-4
2,54328E-4
2,46082E-4
2,43569E-4
2,36877E-4
2,3703E-4
2,4432E-4
2,64722E-4
2,456E-4
2,62757E-4
2,4392E-4
2,44356E-4
2,45522E-4
2,44776E-4
2,49E-4
2,42625E-4
2,45244E-4
2,4227E-4
2,50366E-4
2,46055E-4
2,55932E-4
2,45306E-4
2,44729E-4
2,4341E-4
2,45059E-4
2,4576E-4
2,44323E-4
2,48039E-4
2,54381E-4
2,35522E-4
2,41244E-4
2,39357E-4
2,4488E-4
2,3652E-4
2,4037E-4
2,36046E-4
2,37364E-4
2,37701E-4
2,41198E-4
2,36121E-4
2,3745E-4
2,37917E-4
2,39885E-4
2,3258E-4
2,40785E-4
2,39112E-4
2,39211E-4
2,4328E-4
2,45743E-4
2,4881E-4
2,55238E-4
2,4646E-4
2,4373E-4
2,44183E-4
2,43679E-4
2,36299E-4
2,46647E-4
2,42178E-4
2,42977E-4
2,40769E-4
2,47091E-4
2,60053E-4
2,38625E-4
2,45087E-4
2,55236E-4
2,50722E-4
2,4459E-4
2,50223E-4
2,44044E-4
2,41944E-4
2,40284E-4
2,67288E-4
2,50172E-4
2,37525E-4
2,49179E-4
2,43854E-4
2,57463E-4
2,43669E-4
2,41112E-4
2,42567E-4
2,45772E-4
2,59507E-4
2,43666E-4
2,42064E-4
2,62653E-4
2,88735E-4
2,50546E-4
2,38695E-4
2,45031E-4
2,49766E-4
2,46649E-4
2,42707E-4
2,40067E-4
2,60654E-4
2,44941E-4
2,50856E-4
2,43982E-4
2,38791E-4
2,54376E-4
2,43509E-4
2,43535E-4
2,40459E-4
2,44357E-4
2,38479E-4
2,46725E-4
2,38419E-4
2,54345E-4
2,449E-4
2,44685E-4
2,37782E-4
2,43126E-4
2,46896E-4
2,70957E-4
2,42252E-4
2,41602E-4
2,36792E-4
2,57993E-4
2,56216E-4
2,51641E-4
2,58091E-4
2,61568E-4
2,61853E-4
2,48973E-4
2,40802E-4
2,4506E-4
2,58891E-4
2,42852E-4
2,47356E-4
2,4651E-4
2,57056E-4
2,44064E-4
2,4812E-4
2,57645E-4
2,56247E-4
2,61523E-4
2,57815E-4
2,74348E-4
2,65463E-4
2,59312E-4
2,54251E-4
2,56221E-4
2,58794E-4
2,54933E-4
2,53566E-4
2,61064E-4
2,61099E-4
2,556E-4
2,5273E-4
2,59201E-4
2,56672E-4
2,35849E-4
2,52992E-4
2,63306E-4
2,3956E-4
2,54033E-4
2,38909E-4
2,43944E-4
2,43426E-4
