6,4916E-5
6,6551E-5
6,3538E-5
6,15E-5
6,0303E-5
6,6782E-5
6,2146E-5
6,3044E-5
6,2994E-5
6,2288E-5
6,4672E-5
6,2007E-5
6,2306E-5
6,3675E-5
6,1958E-5
8,5814E-5
6,2423E-5
6,8925E-5
6,4911E-5
6,1572E-5
6,1837E-5
6,3097E-5
6,8734E-5
6,2471E-5
6,3454E-5
6,2703E-5
6,2461E-5
6,3016E-5
6,2777E-5
6,2487E-5
6,3977E-5
6,44E-5
6,3103E-5
6,4885E-5
6,4149E-5
6,3036E-5
6,3142E-5
6,3103E-5
6,3985E-5
6,2094E-5
6,3551E-5
6,3638E-5
6,2167E-5
6,1811E-5
6,4936E-5
6,2442E-5
6,3518E-5
6,3668E-5
6,3063E-5
6,345E-5
6,3126E-5
6,2617E-5
6,5891E-5
6,2946E-5
6,2036E-5
6,3361E-5
6,4265E-5
6,2951E-5
6,243E-5
7,0081E-5
6,2766E-5
6,3141E-5
6,2043E-5
6,3187E-5
6,2326E-5
6,3223E-5
6,2339E-5
6,4639E-5
6,2389E-5
6,4304E-5
6,2162E-5
6,2006E-5
6,3473E-5
6,1426E-5
6,0542E-5
6,1351E-5
6,3967E-5
6,2506E-5
6,2256E-5
6,1625E-5
6,1717E-5
6,1566E-5
6,1668E-5
6,4027E-5
6,2124E-5
6,5356E-5
6,4143E-5
6,41E-5
6,2185E-5
6,2892E-5
6,2454E-5
6,6125E-5
6,2079E-5
6,4534E-5
6,2971E-5
6,693E-5
6,3814E-5
6,4807E-5
1,13837E-4
1,12274E-4
1,10044E-4
1,154E-4
6,4526E-5
6,3669E-5
6,285E-5
6,4878E-5
6,2268E-5
6,1871E-5
7,9264E-5
6,162E-5
6,4413E-5
6,2724E-5
6,4891E-5
6,3611E-5
6,4177E-5
8,1972E-5
6,343E-5
6,1922E-5
6,2924E-5
6,2294E-5
9,3815E-5
6,3966E-5
6,7486E-5
6,352E-5
6,3565E-5
6,4155E-5
6,2445E-5
6,2323E-5
6,1791E-5
6,2882E-5
6,314E-5
6,3939E-5
6,23E-5
6,266E-5
6,244E-5
6,265E-5
6,2569E-5
6,5837E-5
6,3145E-5
6,3005E-5
6,3795E-5
6,2964E-5
6,211E-5
6,3291E-5
6,318E-5
6,5173E-5
6,5541E-5
6,3574E-5
6,3479E-5
6,2911E-5
6,2606E-5
6,3203E-5
6,8165E-5
6,2478E-5
6,3824E-5
6,8391E-5
6,3277E-5
6,3256E-5
6,3351E-5
6,2836E-5
6,5339E-5
6,3268E-5
6,4056E-5
6,1564E-5
6,3266E-5
6,242E-5
6,2997E-5
6,3451E-5
6,5845E-5
6,1159E-5
6,5258E-5
6,3208E-5
6,3469E-5
6,2043E-5
6,3389E-5
6,3714E-5
6,2927E-5
6,297E-5
6,2553E-5
6,3325E-5
6,4141E-5
6,3744E-5
6,4531E-5
6,3125E-5
6,3376E-5
6,4169E-5
6,5233E-5
6,3812E-5
6,3619E-5
6,3179E-5
6,3555E-5
6,2411E-5
6,3625E-5
6,2327E-5
6,3227E-5
6,4641E-5
6,4694E-5
6,2556E-5
6,3535E-5
6,2542E-5
6,4252E-5
6,3469E-5
6,3089E-5
8,0258E-5
6,4156E-5
6,6825E-5
6,3054E-5
6,3497E-5
6,3281E-5
6,2268E-5
6,3144E-5
6,3585E-5
6,3555E-5
6,3994E-5
6,322E-5
6,259E-5
6,1882E-5
6,2245E-5
6,3256E-5
6,4196E-5
6,379E-5
6,3169E-5
6,3959E-5
6,351E-5
6,2227E-5
6,1498E-5
6,2981E-5
6,2166E-5
6,281E-5
6,2118E-5
6,2669E-5
6,3264E-5
6,2827E-5
6,272E-5
6,3855E-5
6,3216E-5
6,3427E-5
6,384E-5
6,2697E-5
6,386E-5
6,6104E-5
6,1414E-5
6,2427E-5
6,1754E-5
6,2591E-5
7,1957E-5
6,1748E-5
6,2361E-5
6,1643E-5
6,289E-5
6,1106E-5
6,428E-5
6,2965E-5
6,448E-5
6,6272E-5
6,1952E-5
6,6854E-5
6,4857E-5
6,0892E-5
6,3599E-5
6,4925E-5
6,3061E-5
1,03729E-4
7,2833E-5
6,2877E-5
6,2925E-5
6,2447E-5
6,2254E-5
6,2162E-5
6,301E-5
6,281E-5
6,2982E-5
6,5292E-5
6,359E-5
7,179E-5
6,1965E-5
6,2717E-5
6,3424E-5
6,478E-5
6,236E-5
6,2821E-5
6,3027E-5
6,3111E-5
6,4211E-5
6,616E-5
6,2496E-5
8,1629E-5
6,2841E-5
6,3512E-5
6,1067E-5
6,1809E-5
7,2464E-5
8,1623E-5
6,1839E-5
6,2667E-5
6,2514E-5
6,3022E-5
6,313E-5
6,4862E-5
6,4701E-5
6,1523E-5
6,1708E-5
9,3748E-5
6,3368E-5
6,2301E-5
6,2918E-5
6,1859E-5
6,4686E-5
6,2847E-5
7,6919E-5
6,2067E-5
6,2585E-5
6,226E-5
6,2212E-5
6,1895E-5
6,2968E-5
6,6975E-5
6,1731E-5
6,1165E-5
6,1209E-5
6,1674E-5
7,3291E-5
6,1489E-5
6,1869E-5
6,3195E-5
6,0927E-5
6,471E-5
6,0469E-5
6,4017E-5
6,272E-5
6,5436E-5
6,2513E-5
6,2375E-5
6,1181E-5
7,2712E-5
6,3132E-5
6,362E-5
7,8094E-5
6,3335E-5
6,1926E-5
6,1877E-5
6,2527E-5
6,2136E-5
6,2179E-5
6,2367E-5
6,7464E-5
6,3518E-5
6,2464E-5
6,316E-5
6,1947E-5
6,2242E-5
6,2333E-5
6,2214E-5
6,298E-5
6,1488E-5
6,1707E-5
6,1996E-5
6,1912E-5
6,1478E-5
6,1527E-5
6,2584E-5
6,2228E-5
6,2374E-5
6,1504E-5
6,1393E-5
6,3882E-5
6,5179E-5
6,2489E-5
6,2797E-5
6,2973E-5
6,3067E-5
6,1769E-5
6,3309E-5
6,6353E-5
6,1876E-5
6,2929E-5
6,156E-5
6,3143E-5
6,3043E-5
6,3656E-5
6,2459E-5
6,3909E-5
6,1881E-5
6,1656E-5
6,2265E-5
6,0886E-5
6,1867E-5
6,1785E-5
6,2154E-5
6,3056E-5
6,0977E-5
6,3239E-5
6,328E-5
6,2172E-5
6,0501E-5
6,325E-5
6,3803E-5
6,4845E-5
6,1994E-5
6,6125E-5
6,2571E-5
6,1083E-5
6,2313E-5
6,2747E-5
6,2281E-5
6,2774E-5
6,3988E-5
6,1664E-5
6,2812E-5
6,4695E-5
6,1749E-5
6,0702E-5
6,3788E-5
6,3804E-5
6,231E-5
6,3549E-5
6,2816E-5
7,7991E-5
6,6908E-5
6,3679E-5
7,3039E-5
6,1879E-5
6,9438E-5
6,5044E-5
6,3448E-5
6,2888E-5
6,3974E-5
6,3339E-5
6,4278E-5
6,9126E-5
6,2743E-5
8,2999E-5
6,3144E-5
6,2373E-5
6,1716E-5
6,2097E-5
6,2346E-5
6,2254E-5
6,4699E-5
6,2268E-5
6,0971E-5
6,15E-5
6,3373E-5
6,141E-5
6,2076E-5
6,3161E-5
6,346E-5
6,2511E-5
6,3035E-5
6,3196E-5
6,4879E-5
6,1948E-5
6,3205E-5
6,3251E-5
6,2637E-5
6,2039E-5
6,0686E-5
6,1758E-5
6,2741E-5
6,0301E-5
6,2069E-5
6,2131E-5
6,1951E-5
6,3869E-5
6,3405E-5
6,1952E-5
6,214E-5
6,211E-5
6,1861E-5
6,2302E-5
6,1986E-5
6,1002E-5
6,2106E-5
6,1876E-5
6,2368E-5
7,6882E-5
6,1716E-5
6,1273E-5
7,556E-5
6,214E-5
6,6672E-5
6,204E-5
6,1276E-5
6,3037E-5
6,1676E-5
6,1428E-5
6,0955E-5
6,1605E-5
6,201E-5
6,2464E-5
6,2308E-5
6,2168E-5
6,1695E-5
6,3261E-5
6,1407E-5
6,2998E-5
6,3964E-5
6,2904E-5
6,321E-5
6,1734E-5
6,1695E-5
6,3203E-5
6,2117E-5
6,1093E-5
6,4004E-5
7,2667E-5
6,2493E-5
6,2279E-5
6,3621E-5
6,1107E-5
6,4594E-5
6,2193E-5
6,5879E-5
6,1699E-5
6,4867E-5
6,2793E-5
6,1746E-5
6,1603E-5
6,3345E-5
6,1728E-5
6,3585E-5
6,1908E-5
6,6903E-5
6,4763E-5
6,3727E-5
6,2301E-5
6,0481E-5
6,3477E-5
6,1476E-5
6,366E-5
6,1727E-5
6,1699E-5
7,1877E-5
7,0538E-5
6,2886E-5
6,2296E-5
6,3406E-5
6,2129E-5
6,1943E-5
6,3485E-5
6,2061E-5
6,2523E-5
6,375E-5
6,2245E-5
6,2193E-5
6,3579E-5
6,3391E-5
6,698E-5
6,3874E-5
6,2446E-5
6,2237E-5
6,32E-5
6,1503E-5
6,2927E-5
6,1412E-5
6,2514E-5
6,0765E-5
6,5042E-5
6,8932E-5
6,3509E-5
6,5531E-5
6,3269E-5
6,0805E-5
6,3241E-5
6,1976E-5
6,333E-5
6,374E-5
6,257E-5
6,1711E-5
6,1825E-5
6,172E-5
6,319E-5
6,4048E-5
6,1776E-5
6,1964E-5
6,2165E-5
6,1868E-5
6,3196E-5
7,3139E-5
7,2991E-5
6,3779E-5
6,2623E-5
6,1628E-5
6,241E-5
6,2148E-5
6,175E-5
6,1605E-5
6,1258E-5
6,2348E-5
6,4834E-5
6,2417E-5
6,2331E-5
6,35E-5
6,1911E-5
6,2217E-5
6,2409E-5
6,1553E-5
6,1043E-5
6,1635E-5
6,2577E-5
6,3304E-5
6,1808E-5
6,1424E-5
6,1256E-5
6,1984E-5
6,2678E-5
6,3234E-5
8,2774E-5
6,2412E-5
6,5343E-5
6,2179E-5
6,1804E-5
6,3622E-5
6,2968E-5
6,2285E-5
6,498E-5
6,32E-5
6,2901E-5
7,4572E-5
6,3646E-5
6,3932E-5
6,2699E-5
6,2256E-5
6,722E-5
6,2625E-5
6,2806E-5
6,2163E-5
6,4741E-5
6,2898E-5
6,54E-5
6,3498E-5
6,2803E-5
6,4889E-5
6,2688E-5
6,2057E-5
6,3244E-5
6,5303E-5
6,1617E-5
6,3347E-5
6,3278E-5
6,457E-5
6,171E-5
6,121E-5
6,1343E-5
7,3592E-5
6,2515E-5
6,4068E-5
6,2264E-5
6,3731E-5
6,2236E-5
6,4684E-5
6,098E-5
6,1227E-5
6,1075E-5
6,3439E-5
7,6623E-5
6,4685E-5
6,1004E-5
6,2384E-5
6,1621E-5
6,0391E-5
6,1433E-5
6,7462E-5
1,08277E-4
6,2005E-5
6,3054E-5
6,2283E-5
6,1218E-5
6,6923E-5
6,2795E-5
6,2546E-5
6,491E-5
6,1478E-5
6,2297E-5
6,0982E-5
6,2535E-5
6,2655E-5
6,4004E-5
6,2873E-5
6,338E-5
6,166E-5
6,2076E-5
6,1876E-5
6,0974E-5
6,1889E-5
6,2743E-5
6,2388E-5
6,3382E-5
6,5181E-5
6,5665E-5
6,129E-5
6,167E-5
6,3198E-5
6,3177E-5
6,1422E-5
6,2026E-5
6,1255E-5
6,7008E-5
6,2538E-5
6,2738E-5
6,3955E-5
6,3681E-5
6,3411E-5
6,2715E-5
6,3116E-5
6,3636E-5
6,4821E-5
6,6751E-5
6,2825E-5
6,2891E-5
6,3167E-5
6,2026E-5
6,6108E-5
6,1486E-5
6,1191E-5
6,2421E-5
6,3493E-5
6,2185E-5
6,3385E-5
6,4176E-5
6,444E-5
6,3477E-5
6,171E-5
6,3222E-5
6,3267E-5
6,1475E-5
6,1876E-5
6,1842E-5
6,283E-5
6,2593E-5
6,316E-5
6,2409E-5
6,3786E-5
6,2572E-5
6,0417E-5
6,2046E-5
6,3458E-5
6,1853E-5
6,2156E-5
6,8405E-5
6,2761E-5
6,0916E-5
6,1291E-5
6,4516E-5
6,2296E-5
6,1388E-5
6,1932E-5
6,2089E-5
6,1705E-5
6,2585E-5
6,9201E-5
6,8853E-5
6,4835E-5
6,2037E-5
6,2454E-5
6,2113E-5
