0,002353955
0,002006941
0,045157196
0,001930182
0,046024419
0,001670395
0,001595157
0,001572289
0,001583868
0,001528581
0,001630909
0,001593424
0,001689175
0,001599969
0,001485632
0,001499239
0,001566905
0,001564271
0,001604427
0,001632638
0,001460254
0,001648277
0,00159509
0,001699801
0,001585071
0,001507356
0,001627391
0,001826744
0,001668565
0,001544577
0,001430513
0,001538056
0,001525597
0,001565771
0,001293108
0,001449367
0,001596176
0,001480611
0,001497851
0,001600343
0,001471582
0,001619575
0,001599655
0,00140212
0,001529491
0,001358324
0,00295884
0,001562706
0,001447134
0,001347662
0,001541379
0,001581067
0,001415734
0,001396739
0,0016155
0,002339974
0,002323731
0,001864141
0,001783121
0,001620218
0,001548864
0,001658187
0,001511672
0,001766205
0,002333951
0,002305942
0,002255838
0,002273441
0,003000439
0,001396737
0,001382483
0,001403441
0,00177101
0,001680691
0,001542952
0,002171136
0,001412634
0,001498458
0,001457709
0,001446327
0,001494227
0,002795363
0,001638675
0,001534031
0,001473474
0,001818553
0,001585533
0,001385954
0,001686142
0,001609516
0,001619515
0,001562835
0,001496677
0,001439672
0,001356654
0,001449363
0,001502562
0,001464345
0,001523964
0,001645875
0,001743966
0,001558541
0,001512847
0,001568439
0,001583823
0,001562751
0,001475653
0,001606466
0,001412195
0,001754247
0,001527455
0,001578667
0,001576022
0,001367983
0,001409296
0,001701248
0,001414697
0,001292163
0,001337268
0,001380738
0,001581774
0,001401794
0,001498589
0,00142953
0,001332222
0,002740552
0,001497596
0,001540309
0,001428771
0,001681939
0,001791311
0,001628679
0,00169224
0,001659336
0,001377136
0,001333095
0,001423839
0,00150012
0,001327699
0,001360626
0,001352132
0,001545593
0,00162196
0,0013977
0,001403968
0,001484904
0,001319007
0,001439647
0,001357513
0,00161055
0,001485578
0,001519093
0,001513899
0,001483249
0,001378082
0,001393924
0,001510951
0,001383341
0,001266469
0,001422718
0,001295845
0,001316721
0,001382556
0,001399653
0,001537643
0,001440273
0,001654483
0,001610045
0,001384877
0,00165206
0,001758333
0,003078967
0,00155739
0,001498776
0,001511316
0,001444203
0,001359191
0,001416743
0,001346343
0,001393661
0,001492384
0,001400107
0,001436845
0,001518319
0,001551541
0,001431295
0,001557749
0,001586739
0,001464064
0,00142153
0,001259193
0,00146308
0,001567536
0,001427319
0,001396198
0,0018679
0,00133615
0,001325403
0,001262696
0,001458542
0,001542561
0,001450751
0,00143853
0,001546233
0,001512165
0,001260079
0,001513891
0,001290558
0,001462885
0,001803353
0,001853991
0,001757364
0,001548979
0,00129805
0,001484714
0,001554402
0,001655902
0,001592727
0,001583615
0,001742054
0,002131325
0,002090187
0,002271543
0,001917614
0,00333536
0,002822776
0,001561596
0,001497279
0,002963668
0,00152447
0,001525861
0,001584672
0,001505748
0,001691246
0,001370675
0,001460369
0,001349131
0,001322862
0,001462544
0,001477646
0,001353174
0,001410926
0,001325517
0,00131011
0,001362044
0,001390854
0,001408398
0,001401725
0,001368795
0,001439522
0,001434403
0,001616012
0,001764319
0,001379423
0,001593707
0,001702254
0,00156877
0,001440349
0,001469967
0,001579709
0,001869149
0,001616172
0,001722201
0,00172763
0,001756779
0,001824399
0,001658787
0,0015473
0,001398497
0,001960591
0,001776928
0,001676302
0,00176514
0,001727801
0,001767359
0,001939924
0,002021091
0,002469561
0,001673998
0,001479267
0,001652941
0,001352252
0,002291979
0,002305671
0,00236992
0,002361098
0,002283172
0,002936975
0,001838566
0,001598317
0,002295616
0,001599682
0,001866007
0,001709392
0,001610765
0,002251075
0,001405342
0,001491958
0,001646475
0,001690759
0,001716165
0,001770023
0,001714778
0,001854067
0,00172082
0,001717885
0,002060363
0,002347441
0,002116138
0,002372494
0,002289592
0,002301526
0,002913827
0,002041661
0,001503253
0,001552957
0,001978941
0,002279877
0,002284449
0,002298551
0,001866949
0,0016045
0,001493974
0,00136489
0,001651315
0,001815643
0,001324462
0,001455468
0,002218543
0,003911048
0,002860177
0,003368731
0,002798065
0,00260694
0,00240761
0,002328957
0,002554403
0,002807323
0,003294339
0,001698857
0,001329575
0,004532634
0,004545065
0,004537429
0,001580752
0,001497516
0,001743519
0,001618481
0,001512567
0,00143018
0,001380041
0,001464574
0,001899953
0,001463969
0,00148925
0,001446012
0,001537188
0,001398342
0,001469047
0,001488528
0,001502673
0,00168143
0,001640753
0,001534435
0,001599427
0,001560908
0,001846208
0,001660087
0,00156657
0,001611581
0,00146459
0,001417785
0,001407414
0,00137493
0,001510401
0,001547658
0,001592607
0,001635837
0,001499751
0,001624868
0,001521973
0,001465758
0,001695639
0,001499701
0,001425094
0,00132165
0,001272835
0,001454901
0,001623011
0,001672468
0,001479217
0,001437923
0,001393368
0,001560255
0,001548229
0,001439776
0,001337868
0,001516082
0,001381531
0,001546282
0,002840638
0,001489791
0,001555879
0,00157067
0,001397849
0,001388924
0,001514396
0,001464785
0,00126831
0,001482647
0,001472245
0,001513634
0,001383576
0,001438542
0,001423741
0,001648688
0,001484118
0,001429964
0,001441063
0,001427542
0,001373822
0,001371958
0,001347053
0,001426612
0,00132918
0,001436345
0,001445795
0,001421125
0,001400243
0,001464408
0,001369275
0,001398438
0,001496333
0,001454958
0,001355303
0,001571036
0,001884876
0,001650435
0,001567404
0,001722883
0,001642808
0,001563003
0,001471787
0,001491799
0,0025407
0,001512702
0,001416433
0,001315894
0,001475195
0,001566304
0,00171082
0,001559041
0,001414648
0,001345879
0,001602175
0,001646253
0,001336239
0,001586747
0,001679018
0,001404773
0,00148143
0,001527559
0,001370097
0,00163611
0,00176432
0,002631977
0,002600082
0,002914473
0,002110252
0,00238047
0,002207942
0,002335507
0,002328786
0,002553328
0,002612611
0,004066044
0,001650678
0,00128495
0,001385515
0,001385964
0,001541949
0,001617595
0,001828074
0,001590805
0,00157806
0,001625679
0,001617227
0,001747245
0,001705587
0,001572378
0,0013447
0,001274481
0,00141699
0,001534835
0,001427374
0,001590597
0,001424052
0,001316878
0,001361626
0,00136613
0,001447608
0,001419184
0,001362328
0,001284543
0,00146117
0,001469466
0,001497877
0,001393997
0,001527762
0,001389479
0,001417652
0,001498649
0,001500379
0,00148992
0,001537041
0,001394703
0,001666581
0,001457261
0,001313435
0,001399735
0,001336223
0,001438511
0,001372979
0,001432175
0,001509794
0,001618295
0,001521371
0,00146099
0,001496938
0,001543111
0,001488382
0,001463292
0,001562909
0,001547888
0,001476105
0,001475945
0,001376613
0,00137279
0,001413146
0,001416572
0,001547107
0,001605733
0,001393324
0,001386168
0,001459386
0,001557423
0,001516062
0,001574174
0,001466149
0,001442239
0,00137019
0,001682034
0,003379592
0,001627191
0,001741643
0,00154676
0,001543361
0,001521205
0,001395909
0,001485196
0,001372196
0,001518999
0,001615038
0,002852542
0,001719355
0,001591797
0,001759022
0,001859509
0,001477912
0,001370286
0,00139179
0,001435106
0,001411286
0,001287751
0,001522892
0,001441538
0,001424362
0,001511888
0,001297044
0,001617669
0,001531835
0,001483859
0,001568515
0,001470221
0,001418162
0,001520605
0,00168202
0,001498919
0,001387349
0,001341183
0,001526327
0,001403763
0,001609082
0,001455001
0,001531988
0,001466796
0,001409376
0,001568939
0,001389261
0,00143441
0,00162662
0,001757043
0,001558189
0,001783757
0,001520193
0,001531596
0,001600931
0,001435894
0,001344599
0,001333418
0,001403241
0,001645561
0,001555518
0,001437016
0,001427631
0,001435284
0,001330956
0,001514079
0,001353326
0,003394365
0,004637557
0,004656075
0,001504342
0,001970654
0,001686986
0,001578836
0,001383273
0,001430143
0,001906688
0,00249143
0,002074414
0,002234294
0,002144564
0,002304945
0,002207529
0,002204265
0,002190729
0,002037004
0,002061279
0,001971152
0,002815336
0,002280781
0,003025835
0,0036359
0,001749542
0,001645715
0,001937794
0,001739733
0,001631139
0,001366984
0,00125038
0,001314739
0,001436414
0,001310291
0,001243863
0,001308735
0,001322582
0,00137612
0,001362622
0,001305965
0,001371527
0,001392251
0,00132648
0,001504892
0,001615413
0,001523611
0,001392816
0,001729718
0,001533136
0,00142762
0,001612513
0,00145402
0,001366281
0,001298106
0,00153839
0,001389703
0,0013248
0,001463369
0,001490021
0,001742073
0,001618611
0,001533316
0,001617537
0,001317897
0,001353196
0,001452541
0,001406138
0,001434245
0,001783927
0,001582658
0,001415558
0,001410014
0,001302358
0,001339659
0,001905262
0,001563569
0,001454036
0,001445241
0,001589027
0,001455544
0,001493886
0,001591193
0,001591347
0,001495887
0,001354779
0,001393579
0,001474167
0,001533171
0,00142514
0,001423852
0,001470817
0,001635587
0,001328622
0,001224956
0,001359789
0,001347834
0,001392041
0,001348344
0,001437469
0,00136577
0,001620109
0,001425223
0,001351372
0,001308008
0,001594858
0,001346285
0,001515735
0,001518406
0,001576928
0,001579007
0,00314126
0,001342953
0,00156437
0,001487492
0,001382301
0,001390497
0,001448112
0,001459351
0,001411211
0,001383207
0,001377593
0,001431261
0,001408143
0,001354505
0,001555274
0,001447963
0,001487455
0,001553901
0,00131614
0,001342301
0,00145614
0,001428107
0,001387531
0,001489808
0,001356524
0,001594691
0,001435663
0,00149927
0,001468034
0,001504537
0,001317005
0,001642125
0,001371907
0,001487726
0,001548621
0,001434117
0,001467246
0,001620507
0,001515142
0,001606805
0,001358787
0,001362143
0,001485961
0,001401305
0,001449633
0,001793239
0,001697464
0,001624665
0,001393633
0,001476272
0,001535267
0,00144339
0,001548378
0,001634753
0,001708683
0,001266202
0,001551616
0,001547843
0,001552013
0,00147338
0,00140576
0,001407469
0,001422771
0,001600791
0,001653142
0,00174273
0,001526438
0,001524447
0,001411384
0,001406035
0,001485125
0,001476213
0,001462638
0,001361434
0,001452264
0,001336641
0,001459796
0,001557453
0,00171292
0,001520933
0,001546716
0,001391085
0,001400604
0,001314267
0,003090044
0,001476558
0,001502004
0,001492407
0,001676329
0,001436818
0,001665677
0,001326912
0,001527294
0,001517265
0,001406594
0,001374539
0,00138602
0,001443767
0,001335741
0,001615827
0,001447568
0,001434586
0,001477951
0,001416947
0,00154843
0,001386157
0,001464473
0,001407614
0,001356603
0,001367659
0,001408743
0,001421818
0,001468525
0,001471655
0,001484302
0,001500859
0,001634947
0,001394936
0,001418838
0,001465886
0,001381461
0,001464271
0,00150448
0,001546914
0,001478815
0,001596409
0,001637673
0,001662134
0,001431568
0,001636663
0,001593151
0,001378723
0,001561042
0,001318534
0,001517977
0,001443655
0,001394675
0,001455194
0,001422184
0,00137472
0,001420501
0,001377083
0,001407086
0,001545797
0,001377257
0,001384137
0,001404334
0,001347196
0,00149
0,001412858
0,001521894
0,001462151
0,001493472
0,001481864
0,001418746
0,001430095
0,001282525
0,001420208
0,00148964
0,0014723
0,001533326
0,001489119
0,001497509
0,001358031
0,002930169
0,001555924
0,001575306
0,001495589
0,001366808
0,001356514
0,001663235
0,001354001
0,001466608
0,001588207
0,00151491
0,001354342
0,001386012
0,001308051
0,001351552
0,001384238
0,00147727
0,001410403
0,001599261
0,001549998
0,001564531
0,001623911
0,001478657
0,001638573
0,001705719
0,001685147
0,001571909
0,001552891
0,001374639
0,00155495
0,001307398
0,001380157
0,001465913
0,001437961
0,001545663
0,001909239
0,001560029
0,001515868
0,001489863
0,001485407
0,001344316
0,002426066
0,00259431
0,002359326
0,00288098
0,002432577
0,002502977
0,001304195
0,001548758
0,001452318
0,001461152
0,001684818
0,001327285
0,001381599
0,001360188
0,001399042
0,001601666
0,001295994
0,001439652
0,00140519
0,001357179
0,001395336
0,001302365
0,001294387
0,001485154
0,001331972
0,001484016
0,001633057
0,001462651
0,001425899
0,001438987
0,001549549
0,001532823
0,001624798
0,001359651
0,001366275
0,001245666
0,01087551
0,001363966
0,001521131
0,00166062
0,001945885
0,001643965
0,001368097
0,001545507
0,001684409
0,001390992
0,001476619
0,001502442
0,001328835
0,001345981
0,001410139
0,001312569
0,00147252
0,001483433
0,001551843
0,001355197
0,001532858
0,001602526
0,001473035
0,001556225
0,001438167
0,001516327
0,001573629
0,001535501
0,001626517
0,001708843
0,001365052
0,001367765
0,001390157
0,001464238
0,001429056
0,001606045
0,001563742
0,001473474
0,001541719
0,001382328
0,001340457
0,001346658
0,001284775
0,001315188
0,00151619
0,001525427
0,001571688
0,001604993
0,001449569
0,001355319
0,001473184
0,001365513
0,001423432
0,001343371
0,001344616
0,00150953
0,001666545
0,001503909
0,001617853
0,001474695
0,001417767
0,001297803
0,001382924
0,001260586
0,001392537
0,001423345
0,001543747
0,001603292
0,001534953
0,001473858
0,00139088
0,001348116
0,001444908
0,003196845
0,001545767
0,001764941
0,001592189
0,001449074
0,001362419
0,001251268
0,001406286
0,001404483
0,001500373
0,00151776
0,001376157
0,00140532
0,001892689
0,001414781
0,001327306
0,001280811
0,001389995
0,001410829
0,001367924
0,001650453
0,001574623
0,001492067
0,00151992
0,001509869
0,001445469
0,001427406
0,001613111
0,001619311
0,00155548
0,001600317
0,001436675
0,001521556
0,001581534
0,001498431
0,001502227
0,001537806
0,001595141
0,001596218
0,001368362
0,001382185
0,001360469
0,001437805
0,003214194
0,001688442
0,001335847
0,001408915
0,001396487
0,001391326
0,001387231
0,001287029
0,001418469
0,001568085
0,001993835
0,001276433
0,00133008
0,001646869
0,0012739
0,001454963
0,001389435
0,0014685
0,00146244
0,001505081
0,001563547
0,001668349
0,001306605
0,001363723
0,001475144
0,001310794
0,00163145
0,00284118
0,001369872
0,001390735
0,001443093
0,001519073
0,001546341
0,001343505
0,001377378
0,001621691
0,0016186
0,001577746
0,001532273
0,001524706
0,001531767
0,001661643
0,001356038
0,001306448
0,001219884
0,001346097
0,001394121
0,001623175
0,001628963
0,00199698
0,002306644
0,002264843
0,002269692
0,002265688
0,002266044
0,001994303
0,001318722
0,001326777
0,00139607
0,001301921
0,001249035
0,001310609
0,001357685
0,001309788
0,001433825
0,001367616
0,001362027
0,001362863
0,001337453
0,001386835
0,001331608
0,001451921
0,001510184
0,001444436
0,001555784
0,001486428
0,001542073
0,001723505
0,00168707
0,001481743
0,001385378
0,001457874
0,001342838
0,001325219
0,001622669
0,001243796
0,001407941
0,001347021
0,001552151
0,001512926
0,001306393
0,00132733
0,001492918
0,001396584
0,001505662
0,002900027
0,001417923
0,001404146
0,001559269
0,001493769
0,00133323
0,001394949
0,001439725
0,001340381
0,001261968
0,001325544
0,001364951
0,001428578
0,001433416
0,00144709
0,001636875
0,001547308
0,001623728
0,001357857
0,001484406
0,001724065
0,001733801
0,001341549
0,00163753
0,001450626
0,001529869
0,001512386
0,001454657
0,001311863
0,00130831
0,001328587
0,001330277
0,001500664
0,001303949
0,001358929
0,00135942
0,001395145
0,001373547
0,001443381
0,00135824
0,001348066
0,001675757
0,001560542
0,001433572
0,001478631
0,001296761
0,001393325
0,001305215
0,001394684
0,001411804
0,00135008
0,001292108
0,001305848
0,001247629
0,001477285
0,001393898
0,001279376
0,001379983
0,001546568
0,00156028
0,00150746
0,001675342
0,001503298
0,001413259
0,001213294
0,001555222
0,001595861
0,003761511
0,001864607
0,001559686
0,001243706
0,001392838
0,00148057
0,001540601
0,001705169
0,001547244
0,001444848
0,001360417
0,001461707
0,001317983
0,001367342
0,001468209
0,001465371
0,001639111
0,001542084
0,001539932
0,001637133
0,001495482
0,00162118
0,001578022
0,001641896
0,001466857
0,001562619
0,001447247
0,001380877
0,001582822
0,001338444
0,001537067
0,001388125
0,001743281
0,001319683
0,001397736
0,001670588
0,001593219
0,001619398
0,001645816
0,00156357
0,001438617
0,001315098
0,001424028
0,001497582
0,001360138
0,001411405
0,001518685
0,001404671
0,001401695
0,00138335
0,001456188
0,001560425
0,001530882
0,001534307
0,001552936
0,001471863
0,002607369
0,001620586
0,001710942
0,001585708
0,001463572
0,001507714
0,001576184
0,001662712
0,001536201
0,001808159
0,001755055
0,0018229
0,001643455
0,001729359
0,001456081
0,001381014
0,001493067
0,001455145
0,001345725
0,001341108
0,001515722
0,001497971
0,003177371
0,002760494
0,001591063
0,002295352
0,001736007
0,001658426
0,001449393
0,001432595
0,001568695
0,001534091
0,001655849
0,001805987
0,001531545
0,001475542
0,001646247
0,00153617
0,001379344
0,00128449
0,001425453
0,001288127
0,001390406
0,001349044
0,001383053
0,001607336
0,001570753
0,00150222
0,001513517
0,001522075
0,001588715
0,001466536
0,001514478
0,001531464
0,001580203
0,001426915
0,001317965
0,001522947
0,001406542
0,001426968
0,001382722
0,001422536
0,001299003
0,00138838
0,001527895
0,001566462
0,001538472
0,001457592
0,001434412
0,001360503
0,001279652
0,001382828
0,001386216
0,001589406
0,001479316
0,001338637
0,001711509
0,00227675
0,001322471
0,001456302
0,001486421
0,001361079
0,001436446
0,001428996
0,001727564
0,001656537
0,001614766
0,00142831
0,001271668
0,001358046
0,00173427
0,001801666
0,001721827
0,001888818
0,001279757
0,001353849
0,002738585
0,001428728
0,001401432
0,001252031
0,001331983
0,001553091
0,001539302
0,001336972
0,001437494
0,001355676
0,001331667
0,001417996
0,001433408
0,001555595
0,001476595
0,00142664
0,001452883
0,001405484
0,001370503
0,001797437
0,001565995
0,001320389
0,001349655
0,001321435
0,001441531
0,001527613
0,001413125
0,001393208
0,0013034
0,00140639
0,001276918
0,001384732
0,001490916
0,001537605
0,001461407
0,001606721
0,001511534
0,001626357
0,001559787
0,001659898
0,001594781
0,001354913
0,001453271
0,00151348
0,001645406
0,001413735
0,001493996
0,001438716
0,001352568
0,001295418
0,001357373
0,001409066
0,001288942
0,001428699
0,002274857
0,001675266
0,001657872
0,001621484
0,001518674
0,001402282
0,001571058
0,001742214
0,001586438
0,001458358
0,001521378
0,001388241
0,001372487
0,001291272
0,001419936
0,001389607
0,001448096
0,001563025
0,001605568
0,003143833
0,001503285
0,001446187
0,00155729
0,001456108
0,002048088
0,002620023
0,002485853
0,002631991
0,002025025
0,001593313
0,001472038
0,001632533
0,001421888
0,001550069
0,001476673
0,001568966
0,001457762
0,001462906
0,00152946
0,001694023
0,001581247
0,001432889
0,001498626
0,001355794
0,001361676
0,001266244
0,001382664
0,001409387
0,001424029
0,001411868
0,001605303
0,001664958
0,001388698
0,001436311
0,001358619
0,001491156
0,001442556
0,001333394
0,001375548
0,001306468
0,001341973
0,001374689
0,001431545
0,001256323
0,001309848
0,001525593
0,001527355
0,001602387
0,001333488
0,001433338
0,001321352
0,001316953
0,00136931
0,001361227
0,001340467
0,001385125
0,001321713
0,001346751
0,001384095
0,001307824
0,001310742
0,001285746
0,001275706
0,001441954
0,001291205
0,001391441
0,001287699
0,001498677
0,001317607
0,002943574
0,001466076
0,001680042
0,001400414
0,00129765
0,001345649
0,001341893
0,001372634
0,001629215
0,001580713
0,001479798
0,001475227
0,00140579
0,001491545
0,001509776
0,001351284
0,00130999
0,001293601
0,001446704
0,001346676
0,001367456
0,001346042
0,001444653
0,001395417
0,001551775
0,00167559
0,001482608
0,001461205
0,001459434
0,001572401
0,001724778
0,001559875
0,00168859
0,001713669
0,001358398
0,001521554
0,001594988
0,001612665
0,001511551
0,001380675
0,00159465
0,001523264
0,001487566
0,001453208
0,001407057
0,001637764
0,001293537
0,001619599
0,001407118
0,001382036
0,001284231
0,001367432
0,001289522
0,001392563
0,001449943
0,001820609
0,00137901
0,001408204
0,001361931
0,001264685
0,001358081
0,001406051
0,001374481
0,001717965
0,001340055
0,001561895
0,00162176
0,002949217
0,001434357
0,001542792
0,001266692
0,001404561
0,001448457
0,001493732
0,001449952
0,001475025
0,001672914
0,001717767
0,001984794
0,001492137
0,001588611
0,001442947
0,001409992
0,001482001
0,001540514
0,001554876
0,001422834
0,001485088
0,001551217
0,001410677
0,001349961
0,001348616
0,001414981
0,001461407
0,001323654
0,001466594
0,001407832
0,001430785
0,001475579
0,001563129
0,001314391
0,001603455
0,00167349
0,001486276
0,001738807
0,001466375
0,001672735
0,001646347
0,001515902
0,001764946
0,001479353
0,001281488
0,00143623
0,00141926
0,001591724
0,001500182
0,001434929
0,001481048
0,001645241
0,001778565
0,001596455
0,001432721
0,001427503
0,001436763
0,001391814
0,001448792
0,001430771
0,001543219
0,001568168
0,001388926
0,001535267
0,001511135
0,001647806
0,001757214
0,001494977
0,001412772
0,001467436
0,001389193
0,001463526
0,001460149
0,001422093
0,001477487
0,001347334
0,001320239
0,001493435
0,001328706
0,003028424
0,001342997
0,001342832
0,001381287
0,001419753
0,001482572
0,001330912
0,001413636
0,00143318
0,001460432
0,001412675
0,001340164
0,001373596
0,001424114
0,001552273
0,001671485
0,001386072
0,001333437
0,001300017
0,001311912
0,00138732
0,00160727
0,001690011
0,00134533
0,001586204
0,001247431
0,001370468
0,001540138
0,001593622
0,00139771
0,001290729
0,00128432
0,001298353
0,00140608
0,001716941
0,001371599
0,001357192
0,001369249
0,001306321
0,001567998
0,00142499
0,001468657
0,001323058
0,001338982
0,001554452
0,001272086
0,001326559
0,001385846
0,001348158
0,001305858
0,001480808
0,001240898
0,001299758
0,001399839
0,001260667
0,001671326
0,001370067
0,001710102
0,001447143
0,001466449
0,001361739
0,001418896
0,001602422
0,001539655
0,001874584
0,001593182
0,001693197
0,001452977
0,004834927
0,001551334
0,001572571
0,001489393
0,001502565
0,0013895
0,001321259
0,001290226
0,001285004
0,001311478
0,002818918
0,002283778
0,004675463
0,002897834
0,001532878
0,001520514
0,001548988
0,001603165
0,001593997
0,00173871
0,001405297
0,001437205
0,001552713
0,001559726
0,001414616
0,001280624
0,00146233
0,001327735
0,001225916
0,001400761
0,002156108
0,002362209
0,002318655
0,00228696
0,00129946
0,001272872
0,001300911
0,001624012
0,001357635
0,001517671
0,001430245
0,001613497
0,001482685
0,001361991
0,001260988
0,001286726
0,001409915
0,001490952
0,001482076
0,001563419
0,001579888
0,001479074
0,001611494
0,001746663
0,001466568
0,001451152
0,001593491
0,001411511
0,001511081
0,001463151
0,001530296
0,001416476
0,001547983
0,001316353
0,001283305
0,001334614
0,001400424
0,001288283
0,001616476
0,001408698
0,001369671
0,001351145
0,001364981
0,001519996
0,001486526
0,001467148
0,001497376
0,001512039
0,001463655
0,001484667
0,001540319
0,00132117
0,001483464
0,001281877
0,002858457
0,001388682
0,001297974
0,001518829
0,001747701
0,001729255
0,001527503
0,001325545
0,001433479
0,001545987
0,001662314
0,001548313
0,001376591
0,00159059
0,00133221
0,00149293
0,001866403
0,001706495
0,00136697
0,001288743
0,001366801
0,001245756
0,001425169
0,001360611
0,001580184
0,001521697
0,001465153
0,001579115
0,001411374
0,001649259
0,001441799
0,001380274
0,001451812
0,001569401
0,001436354
0,001476109
0,001403552
0,001373795
0,001335777
0,001681679
0,001621585
0,001332665
0,001438711
0,001315658
0,00170795
0,001370408
0,001338298
0,001433004
0,0015072
0,001883268
0,001576346
0,00156186
0,001368688
0,001459749
0,001317899
0,001539828
0,001477019
0,001479869
0,00151095
0,001373364
0,001962772
0,001770984
0,001465577
0,001481599
0,0014528
0,001406797
0,001592138
0,001368004
0,001480777
0,001386263
0,002877727
0,001326683
0,001388829
0,001639193
0,001664234
0,001457487
0,001612009
0,001586244
0,001424723
0,00165263
0,001561033
0,001571683
0,001530258
0,001374561
0,001792182
0,001403609
0,001423322
0,001496629
0,001504854
0,001408065
0,001501052
0,001599461
0,001458593
0,001230509
0,001396126
0,001667832
0,001519274
0,001687199
0,001494238
0,001539754
0,001424364
0,001473868
0,001331759
0,001364881
0,001567969
0,001585878
0,001423336
0,001447606
0,001407457
0,001402915
0,001431378
0,001502099
0,001419571
0,001649964
0,001468768
0,001514174
0,001604229
0,001454928
0,001413713
0,001447307
0,001390359
0,001727291
0,001521388
0,001637717
0,001631767
0,00150529
0,001524454
0,001592214
0,001583927
0,001542457
0,001490928
0,001462011
0,001535061
0,001330442
0,001349486
0,001260735
0,00130618
0,00131483
0,002955726
0,00149413
0,001429308
0,001583343
0,001713653
0,001471113
0,001631088
0,001476516
0,001556097
0,001741345
0,001470435
0,00132302
0,001377821
0,001343825
0,001568337
0,001371932
0,001427593
0,001459951
0,001320556
0,001583038
0,001311272
0,001303945
0,001243473
0,001306275
0,001344934
0,001414424
0,001734103
0,001520303
0,001637181
0,001622252
0,001374076
0,001505656
0,001683738
0,001676344
0,001594564
0,001421326
0,001377739
0,001515395
0,001527326
0,00137475
0,0014884
0,001382006
0,001556731
0,001393523
0,00132687
0,001282302
0,001345543
0,001488067
0,001315983
0,001357411
0,001509711
0,001316567
0,001262503
0,001337066
0,001363797
0,001363771
0,001339605
0,001327504
0,001284947
0,001390669
0,001545081
0,001490011
0,001471279
0,001525081
0,001373039
0,001431875
0,001290889
0,001313052
0,001395953
0,001371765
0,001355634
0,001386532
0,0013802
0,001599675
0,001383182
0,001607855
0,001590221
0,001554115
0,001539421
0,001377734
0,001384141
0,001376598
0,003093184
0,001763901
0,001660944
0,001381796
0,001418854
0,001402999
0,001394022
0,001440368
0,001631837
0,001599089
0,001599497
0,001529505
0,001380129
0,001454605
0,001466247
0,001550326
0,001647045
0,001544025
0,001668638
0,001509091
0,001544699
0,001573275
0,001547576
0,001561942
0,001580973
0,001592509
0,001408144
0,001647747
0,001417196
0,00143642
0,001419349
0,001439386
0,001588011
0,001387945
0,002007738
0,001351012
0,001418693
0,001423592
0,001505082
0,001451198
0,001475259
0,001442361
0,001387158
0,001525669
0,001441041
0,001526205
0,001481199
0,001666848
0,001325713
0,001298115
0,001537564
0,001524882
0,002237388
0,002297277
0,002298176
0,002307123
0,002299928
0,002321738
0,001321309
0,001913348
0,001579972
0,001577272
0,001504851
0,001475896
0,001654733
0,00170514
0,001708701
0,001763298
0,001830324
0,001719914
0,001695516
0,001682737
0,001666278
0,001601205
0,001572209
0,001381151
0,001392122
0,001398153
0,001479878
0,001640356
0,001678424
0,001604231
0,001854048
0,001837797
0,001587666
0,001659416
0,001433231
0,001524682
0,001973638
0,003127333
0,001298097
0,001475441
0,001425817
0,001405262
0,001388297
0,001376268
0,001411272
0,001533455
0,001546842
0,00154227
0,00150381
0,001430227
0,001380315
0,001377782
0,001383966
0,001624599
0,001485206
0,00146731
0,001449968
0,001661412
0,001462436
0,001282653
0,001491828
0,001706191
0,001911812
0,001651222
0,001427215
0,001469972
0,001490028
0,001458317
0,001354226
0,001382864
0,001490848
0,001501109
0,001436799
0,001605834
0,001719458
0,001452449
0,001423237
0,001465968
0,001447154
0,001530619
0,001334807
0,001354657
0,001404037
0,001489158
0,001477982
0,001742161
0,00153228
0,001276785
0,001347245
0,001491815
0,001385793
0,001602336
0,001487811
0,001592732
0,001569531
0,001636127
0,001499909
0,001364726
0,001352101
0,001376784
0,001490573
0,001479804
0,001635935
0,001703057
0,001339999
0,00146388
0,001509274
0,001435945
0,001417754
0,001526886
0,001387893
0,001694956
0,001472891
0,001508649
0,001571527
0,001503693
0,001409476
0,001463644
0,00131772
0,001386158
0,001563335
0,001539699
0,00150617
0,001539653
0,003142773
0,001458882
0,00144236
0,001492447
0,001486317
0,001347024
0,001333688
0,001441272
0,001433888
0,001491729
0,001705396
0,001730883
0,001495653
0,001523255
0,001443435
0,001477214
0,001636226
0,001421966
0,001583635
0,001431318
0,001440095
0,001504222
0,001507943
0,001506791
0,00138515
0,001384025
0,001320033
0,001436532
0,001412885
0,001540708
0,001527078
0,001538485
0,00174122
0,001540706
0,001553949
0,00132314
0,001299324
0,001493591
0,001654049
0,001536609
0,001672939
0,001464393
0,00145117
0,001559238
0,001525361
0,0014508
0,001425125
0,001466948
0,001396693
0,001440185
0,001324548
0,00130508
0,001505334
0,001445583
0,001342389
0,001380235
0,001373119
0,00141124
0,001414648
0,001471366
0,001765353
0,001513196
0,001507886
0,001443826
0,001293974
0,001401927
0,001332617
0,001489886
0,001395316
0,001545997
0,001537665
0,001727514
0,001516623
0,001513895
0,001528332
0,001528487
0,001605033
0,0014158
0,001462146
0,001308625
0,00140388
0,001574824
0,001411811
0,001564734
0,002999734
0,001519623
0,001551782
0,001459822
0,001452306
0,001429235
0,00148084
0,001589262
0,001364225
0,001401577
0,001439228
0,0015087
0,001467513
0,001510907
0,001433551
0,001630803
0,001797223
0,001526603
0,001469626
0,001462609
0,001291825
0,001386724
0,001536231
0,001593475
0,001679961
0,001518685
0,00159626
0,001688813
0,001498583
0,00139374
0,001454151
0,001482061
0,001435608
0,001461762
0,001582123
0,001482749
0,001427976
0,001505178
0,001510676
0,001503014
0,001439777
0,001423989
0,001485949
0,001466522
0,001391926
0,001300062
0,001444505
0,00164072
0,001428647
0,001509417
0,001591241
0,001607653
0,001582995
0,00140958
0,001937503
0,002309005
0,002245143
0,00231594
0,002251935
0,001516211
0,001483551
0,001332941
0,001653134
0,001566324
0,001557724
0,001601466
0,001616063
0,001638431
0,0017251
0,001566959
0,001285136
0,001337827
0,001321168
0,001367863
0,001323208
0,001578763
0,001555711
0,001421167
0,003266258
0,00134168
0,001344011
0,00174242
0,001302325
0,001305411
0,001290349
0,001466711
0,001552483
0,001581688
0,001442556
0,001419873
0,001582225
0,001461627
0,001507059
0,001609997
0,001420359
0,001272563
0,001571636
0,001484257
0,001426741
0,001426212
0,001348876
0,001289408
0,001336101
0,001310295
0,001323574
0,001364545
0,001302211
0,001366465
0,001469405
0,001418502
0,001456449
0,001443586
0,001500489
0,001326597
0,001297299
0,001413694
0,001692239
0,00163078
0,00134762
0,00163691
0,001547627
0,001712628
0,00171079
0,00169164
0,001682813
0,001329103
0,001469682
0,001353633
0,001393212
0,001610917
0,001281083
0,001215155
0,001501432
0,001495569
0,001311475
0,001499795
0,001440626
0,001369703
0,001612806
0,00164272
0,001498725
0,001433428
0,001445463
0,001309945
0,00135268
0,001473052
0,001282186
0,001489043
0,001693658
0,001691198
0,002346737
0,001477723
0,00140182
0,00142949
0,001454508
0,001429442
0,001385805
0,001421813
0,001463341
0,001535106
0,001565109
0,001371664
0,001419732
0,001373637
0,001345176
0,00139626
0,001315739
0,001282837
0,001371403
0,003119324
0,001474022
0,001455894
0,001635609
0,001494371
0,001605757
0,001756949
0,001459639
0,001363939
0,001508854
0,001532342
0,001388305
0,001443694
0,00140593
0,00147943
0,001550618
0,001307987
0,001333146
0,001306538
0,001368535
0,001349861
0,001333154
0,001334755
0,001429974
0,002059241
0,001345389
0,001328202
0,001382867
0,001437402
0,001370166
0,001386441
0,001441585
0,001262929
0,001274242
0,001309746
0,001305727
0,001337558
0,001411615
0,001351798
0,001449726
0,00168344
0,001553741
0,001467846
0,001534781
0,001616059
0,001700931
0,001633596
0,001451882
0,001781655
0,001322724
0,001378283
0,001548601
0,001525161
0,001541749
0,00180317
0,001659116
0,001324871
0,001348416
0,001286915
0,00136842
0,001601472
0,001549136
0,001637413
0,001515355
0,001389863
0,00144497
0,001507328
0,001396556
0,001311099
0,0013974
0,001276101
0,001331688
0,001398728
0,001501626
0,001376776
0,001609553
0,001325693
0,001272421
0,001598237
0,001290515
0,001317903
0,001456205
0,001535501
0,001394973
0,001316009
0,001521614
0,003544935
0,001371108
0,0013357
0,001256714
0,001367222
0,001419046
0,001389603
0,00168198
0,001633612
0,001663703
0,00155649
0,001462484
0,001352581
0,001332066
0,001489723
0,001370648
0,001311931
0,001267192
0,001293502
0,001247137
0,001310443
0,001356129
0,001287309
0,001488983
0,001516421
0,001618495
0,001376691
0,00137809
0,001393447
0,001540096
0,001842337
0,001333373
0,001438784
0,001327609
0,001466537
0,00146947
0,001567283
0,001447773
0,001496078
0,001312131
0,0013513
0,001351387
0,001413001
0,001422917
0,001618541
0,001398428
0,001431096
0,001479869
0,001283498
0,001409206
0,00152028
0,001525662
0,001472923
0,002954734
0,001841843
0,001441383
0,001397316
0,001406802
0,001408434
0,001486341
0,001755886
0,001265908
0,001355751
0,00150851
0,001581494
0,001401582
0,00135937
0,001484379
0,001454941
0,00165488
0,001481625
0,001403084
0,001403589
0,001391025
0,001310929
0,001475136
0,00177289
0,001497131
0,001368913
0,001350197
0,001482678
0,001481806
0,001653027
0,001416143
0,001820857
0,001450668
0,001455206
0,001290978
0,001268133
0,001463022
0,001333494
0,003617561
0,001486133
0,001559449
0,001428042
0,001373152
0,001414482
0,001337627
0,001533603
0,001480354
0,001403128
0,001332945
0,001322146
0,001487651
0,001336539
0,001691534
0,001407461
0,001314434
0,001571375
0,001394874
0,001318828
0,001631959
0,001413706
0,001283815
0,001241204
0,001292106
0,001258203
0,001390738
0,002016602
0,001695374
0,001705856
0,001582709
0,001311542
0,001552182
0,001440438
0,001422154
0,00134139
0,001347514
0,001358803
0,00127222
0,00128669
0,001435967
0,00150192
0,001346058
0,001561678
0,001455844
0,001248591
0,00139765
0,001455371
0,001665785
0,001626992
0,001592293
0,001553927
0,0014123
0,00147381
0,001408736
0,001339732
0,001450017
0,001638715
0,001512118
0,001381776
0,001448733
0,001578806
0,001483154
0,00135118
0,001469937
0,00142606
0,001307464
0,001317031
0,001261845
0,001323657
0,001443949
0,00138259
0,001401587
0,001548659
0,001507007
0,001565747
0,001696135
0,001736201
0,001585977
0,001724425
0,001857554
0,001526598
0,001539874
0,001593162
0,00144376
0,001515589
0,001694594
0,001313743
0,001353877
0,00133826
0,003011411
0,001376586
0,00132228
0,001421275
0,001481305
0,00134841
0,001371962
0,001423132
0,001355729
0,001610077
0,00142407
0,001305105
0,001429834
0,00158441
0,001473685
0,001592735
0,001407396
0,001472267
0,001513007
0,0013237
0,00140488
0,001303458
0,001492859
0,001652707
0,001393354
0,001301004
0,001353189
0,001407301
0,001365688
0,001394316
0,001612006
0,001532569
0,001499665
0,001420523
0,001393097
0,001346578
0,001338868
0,001323345
0,001341518
0,001379206
0,001379467
0,001382189
0,001433864
0,001685819
0,001415214
0,00131058
0,001292457
0,001439391
0,001374713
0,001511949
0,001343088
0,001683614
0,001533953
0,001702501
0,001442185
0,001323334
0,0013105
0,001404267
0,001420237
0,001392755
0,001405914
0,001433973
0,001479565
0,001490102
0,001505258
0,001580894
0,001567127
0,001382694
0,001628509
0,001647787
0,001391474
0,00134238
0,001594683
0,001328996
0,001373838
0,00147806
0,001588977
0,001552463
0,001480346
0,001362901
0,001231033
0,001276717
0,001824104
0,00130731
0,001426612
0,001497724
0,001543501
0,001496373
0,001653732
0,001509072
0,001453835
0,001689937
0,002322318
0,002767665
0,002244831
0,002171421
0,002485422
0,00180969
0,002218723
0,002277995
0,002244847
0,001992566
0,002054874
0,001996699
0,002389901
0,002009893
0,002234249
0,001861945
0,004023663
0,001305894
0,001552441
0,001342461
0,001374082
0,001321264
0,00127393
0,001432313
0,00141742
0,001505819
0,001372955
0,001427602
0,001518373
0,001431111
0,001368545
0,001317819
0,001359829
0,001369609
0,001418658
0,001554336
0,001383002
0,001412983
0,00144888
0,001440977
0,001444716
0,001254317
0,001306014
0,001452006
0,001415305
0,001372313
0,001397138
0,001320126
0,001552671
0,001426277
0,001345325
0,00150091
0,001340874
0,001383481
0,001332165
0,001259381
0,001313864
0,001379998
0,001371017
0,001519323
0,001382348
0,001334901
0,001303582
0,001294681
0,001252057
0,001362663
0,001365541
0,001402101
0,001357726
0,001441474
0,001392631
0,00153049
0,00161842
0,00145759
0,001488206
0,001602141
0,001428807
0,00151671
0,001370079
0,001428837
0,001446375
0,001480058
0,001447919
0,001597837
0,001319088
0,001417983
0,001403602
0,001298357
0,00124262
0,001375643
0,001462513
0,001522169
0,001345819
0,001503237
0,001336801
0,001350166
0,001259258
0,001365525
0,001348599
0,001327478
0,00131255
0,001514846
0,001308709
0,001374265
0,001441687
0,001317291
0,001254026
0,001339289
0,001328266
0,001360384
0,001312146
0,001407852
0,001268563
0,001237862
0,001370958
0,001285354
0,00127584
0,001353882
0,001276129
0,001254255
0,001295621
0,001276061
0,001374438
0,001368299
0,001311577
0,001421462
0,001346584
0,001338828
0,001320212
0,001353148
0,001397788
0,001356513
0,00139611
0,001288699
0,001341599
0,00130699
0,00132941
0,001261814
0,001412702
0,00130415
0,001267957
0,001299923
0,001321772
0,001331203
0,001229062
0,001350491
0,001401355
0,001276086
0,001321399
0,001294969
