0,002596894
0,046316282
0,042930086
0,045029001
0,048380344
0,042957505
0,045651446
0,046315785
0,043875334
0,043982949
0,044063177
0,04307635
0,044728903
0,043478921
0,043592763
0,043892671
0,044837941
0,043112976
0,044940097
0,043474206
0,043595606
0,044459719
0,043984169
0,044342915
0,042549071
0,044813708
0,043154243
0,044461945
0,043514913
0,044469086
0,043583649
0,044840327
0,043080093
0,044849024
0,043566996
0,043531282
0,044445937
0,043507805
0,044533228
0,043861355
0,043981301
0,043535626
0,044499961
0,043536656
0,04451358
0,043796788
0,043583679
0,04486523
0,043115777
0,044855427
0,043147385
0,044787206
0,043169043
0,044473375
0,043523251
0,044824037
0,043079807
0,044837064
0,043174702
0,044825417
0,043122549
0,04486576
0,043063283
0,044876179
0,043167229
0,044833487
0,043357771
0,044119329
0,043999809
0,044012341
0,044417228
0,043672827
0,04392307
0,043540629
0,044728244
0,043197866
0,044418142
0,043559049
0,044412289
0,043609301
0,044824986
0,043164029
0,044426499
0,043445446
0,044787774
0,043158609
0,044805912
0,043605032
0,043580658
0,044368374
0,044420331
0,04355407
0,043584306
0,044855521
0,043134199
0,044847866
0,043580295
0,044135674
0,044260547
0,043144421
0,044818661
0,044356922
0,042742686
0,044883346
0,043528206
0,044452219
0,04310253
0,044795527
0,044002148
0,043073374
0,044518752
0,044379477
0,044446501
0,042654177
0,045202979
0,042709786
0,045340194
0,042652076
0,044860209
0,043632447
0,044301225
0,043151646
0,044925837
0,043497033
0,044348327
0,04355852
0,043998195
0,043692346
0,044697659
0,043192213
0,044765339
0,043539031
0,044523779
0,043834444
0,043625348
0,044479977
0,043144274
0,044715853
0,043633692
0,043999557
0,043529396
0,04478294
0,044446218
0,042738724
0,044873572
0,043017384
0,045380251
0,042625286
0,04483797
0,043142727
0,044390674
0,044011574
0,043564027
0,045368844
0,042574713
0,044845725
0,043154135
0,044417662
0,043937847
0,044018557
0,043997158
0,043659172
0,044311105
0,04399647
0,043919073
0,044034745
0,044434771
0,043519017
0,044388275
0,043582436
0,044425597
0,043963364
0,043155369
0,043915844
0,044476061
0,043509943
0,044858936
0,043177543
0,044832498
0,043090012
0,044829666
0,044404756
0,042760373
0,045223071
0,042754682
0,04479395
0,043976751
0,043578994
0,04444577
0,043145328
0,044326214
0,044013754
0,043957317
0,043665267
0,044351401
0,044790749
0,043216329
0,043853283
0,043582588
0,044883698
0,043501991
0,044032534
0,044358913
0,04316718
0,044404463
0,044027151
0,044002657
0,043962207
0,047760445
0,044186801
0,043976407
0,044546776
0,042991516
0,044894283
0,044007646
0,043537693
0,043598867
0,044788299
0,044469073
0,042664684
0,044301076
0,043589318
0,045778436
0,04222323
0,045306854
0,042771837
0,044245546
0,044473801
0,043927974
0,043199904
0,045720952
0,04230892
0,044391029
0,045274773
0,042660772
0,043748833
0,045010108
0,043681105
0,044319257
0,042794559
0,045195025
0,043235818
0,043842348
0,043620942
0,045206189
0,042759267
0,044797219
0,043205013
0,045260811
0,042672092
0,044458208
0,044744395
0,043211437
0,043914912
0,044088335
0,044027612
0,043890037
0,044314068
0,044531591
0,042663586
0,044401472
0,043988601
0,044476781
0,043207504
0,044636498
0,04368141
0,044462143
0,043939752
0,043565164
0,043998142
0,043565788
0,044354027
0,043972454
0,044426937
0,044917716
0,042153061
0,044900275
0,043587824
0,043932324
0,043563223
0,045303911
0,042661582
0,04480243
0,043677671
0,044699025
0,042835391
0,04524302
0,042829473
0,045020859
0,043232212
0,044798774
0,043262446
0,044317683
0,043521112
0,043709241
0,044706096
0,043174594
0,045225509
0,042782849
0,045140748
0,042905802
0,045051658
0,042816238
0,045687736
0,042346682
0,045622958
0,042727057
0,044801526
0,043204952
0,043625214
0,044758517
0,043528821
0,044067995
0,043553029
0,044423698
0,043941621
0,04360598
0,045206643
0,042697762
0,04438367
0,044197934
0,043842388
0,043995908
0,044028632
0,045132273
0,04232596
0,044487045
0,043674648
0,044323662
0,043473067
0,044051082
0,0451757
0,042784562
0,044784585
0,043209801
0,04474338
0,043195414
0,044009722
0,044333053
0,044116529
0,044719681
0,043063423
0,044159415
0,043496019
0,044401437
0,044049737
0,043612292
0,044717753
0,043095219
0,045330928
0,043156286
0,043937574
0,043967475
0,044501759
0,04358482
0,043953009
0,043928994
0,043563819
0,045785601
0,042202332
0,044807296
0,043265084
0,045061037
0,042754249
0,045743335
0,042671661
0,043710218
0,044681758
0,043223426
0,044357413
0,044401204
0,043141704
0,044473066
0,043960823
0,043564176
0,044374188
0,044348828
0,04319984
0,044296096
0,044100608
0,044473958
0,043887687
0,043500456
0,04371223
0,044289024
0,044388488
0,043066237
0,044527049
0,04392613
0,044021877
0,04361992
0,044376419
0,043590578
0,044717481
0,043239166
0,044364877
0,044312392
0,043184738
0,044788304
0,043693081
0,04438706
0,043491589
0,043768915
0,044593245
0,043737406
0,043585469
0,044773199
0,043533162
0,043902921
0,044023912
0,044032568
0,043972788
0,044053991
0,04385977
0,044007537
0,04405576
0,044422048
0,043171751
0,045227452
0,042772595
0,045239185
0,04372279
0,043748157
0,043180166
0,044363988
0,044024676
0,043985826
0,044397579
0,043555394
0,04397604
0,044905309
0,043091576
0,044022374
0,043878976
0,044154132
0,043509677
0,044382792
0,044384747
0,043207446
0,04435826
0,04356764
0,044355187
0,044142583
0,044323047
0,043569634
0,043975363
0,043951053
0,044084166
0,043536351
0,045195972
0,043103365
0,0439805
0,044044485
0,043969343
0,044087969
0,043845379
0,044408332
0,043166645
0,044828921
0,043988718
0,04355993
0,04443163
0,043614092
0,044020067
0,044291809
0,043228205
0,044269909
0,044067478
0,043574072
0,044344342
0,044243828
0,043860658
0,043597867
0,044413364
0,044764115
0,043454067
0,043285128
0,045198997
0,042749859
0,044412832
0,04404293
0,043998856
0,043386654
0,044463487
0,043527382
0,044929785
0,043093165
0,044803689
0,044043622
0,043048812
0,044895447
0,043593089
0,043509845
0,044936659
0,043114179
0,044463406
0,043434263
0,044806097
0,043164085
0,045890054
0,042125608
0,044263143
0,044092201
0,04389412
0,044003872
0,044059668
0,043901888
0,043615088
0,044388998
0,043979112
0,043984441
0,044756919
0,043196752
0,043582891
0,044351828
0,043983416
0,043581933
0,044398502
0,043668727
0,044681411
0,043256302
0,044696368
0,043204366
0,044823715
0,043183475
0,044765784
0,043253279
0,044743951
0,043658178
0,044368147
0,043560385
0,044382866
0,043198798
0,044760414
0,043194631
0,045799852
0,042222274
0,044790338
0,043063924
0,044489577
0,043988855
0,043881666
0,044170356
0,043604708
0,044327764
0,043915347
0,043988708
0,044098363
0,043950994
0,043608633
0,043978621
0,04473547
0,043157281
0,044970668
0,043111641
0,044891324
0,043036491
0,045342578
0,042657133
0,04529637
0,042728662
0,045202509
0,042780821
0,044795256
0,043538038
0,043661592
0,044420963
0,043968424
0,044803891
0,043565069
0,043199574
0,044816564
0,043125184
0,044875111
0,043501808
0,044021065
0,043638881
0,044347921
0,04358429
0,044782221
0,043221593
0,043967789
0,044440464
0,043524935
0,043950647
0,04449273
0,043951567
0,044058541
0,043477055
0,044847435
0,043603687
0,043954468
0,043618917
0,04442608
0,044481987
0,043481981
0,043522346
0,044447012
0,044031501
0,043570125
0,044414937
0,044517435
0,044339046
0,042662162
0,044877857
0,043608972
0,043859109
0,044958342
0,043079325
0,044085225
0,043910896
0,044499857
0,043071502
0,044709556
0,043234276
0,044019901
0,044469509
0,044355681
0,043169178
0,044398432
0,044410278
0,043115885
0,043985171
0,044915119
0,043054637
0,044894892
0,04312439
0,044845919
0,043100472
0,044883173
0,043142828
0,045901265
0,042076142
0,044791287
0,043203737
0,044406449
0,044033347
0,04432469
0,044499984
0,043123162
0,044807753
0,043176016
0,04355291
0,044854541
0,043178846
0,044714262
0,043657824
0,043587544
0,044939591
0,043336294
0,045184065
0,042581305
0,044293637
0,044556081
0,043857507
0,043172982
0,044857702
0,04366542
0,043471978
0,044791329
0,043216427
0,044014039
0,044354733
0,04406288
0,043914081
0,044020428
0,043910736
0,044484473
0,043576586
0,04358669
0,044899305
0,043120966
0,044892758
0,043112536
0,044811366
0,043102109
0,044479319
0,044059702
0,043563654
0,044748015
0,04361695
0,043656719
0,044160687
0,044110204
0,043868278
0,043727213
0,04480999
0,043477447
0,04480325
0,042806597
0,045798505
0,042563291
0,043977019
0,044099624
0,043527959
0,044887154
0,0434978
0,043963459
0,044080203
0,043924218
0,044598518
0,043417534
0,044366443
0,043601818
0,043992187
0,043624174
0,044296693
0,043983303
0,044120737
0,044348501
0,043579198
0,044020414
0,043561603
0,044845039
0,043130822
0,044825265
0,043278841
0,045144513
0,042677824
0,04484999
0,043059059
0,044099826
0,044841846
0,043548849
0,04443503
0,043548823
0,044014469
0,043926607
0,043552722
0,044948649
0,043525698
0,044810269
0,042748274
0,044385087
0,044826887
0,043540246
0,043229746
0,044804308
0,044019924
0,043557864
0,043982045
0,043971777
0,043954808
0,04413521
0,043909259
0,043559324
0,04484569
0,043143267
0,044420743
0,043576653
0,045210042
0,042738553
0,044774549
0,043611213
0,044069825
0,044279618
0,043190716
0,044512212
0,043956867
0,044483474
0,043064667
0,0448101
0,043529671
0,04399636
0,044041631
0,043579294
0,043993013
0,043978274
0,044080641
0,045869229
0,042093712
0,044309808
0,044051815
0,044441245
0,043492692
0,044109481
0,04356146
0,045189695
0,043170571
0,04359647
0,044426772
0,043605128
0,044323734
0,044762996
0,042857512
0,04429255
0,044037284
0,04350812
0,044883087
0,043130731
0,043987009
0,046314866
0,041646515
0,04449039
0,043561246
0,045349553
0,042502947
0,045435988
0,042605512
0,045276403
0,043188371
0,04401069
0,043953677
0,043568187
0,04486551
0,043090234
0,044940025
0,043137184
0,044793441
0,043150872
0,044821941
0,043116376
0,044463199
0,044691278
0,043348799
0,043950157
0,044406268
0,043145227
0,044805835
0,043142399
0,045321608
0,04264444
0,045337169
0,042644024
0,044039564
0,04440509
0,043633121
0,045166038
0,043178372
0,044048063
0,043904652
0,044043187
0,043970277
0,043993165
0,043539467
0,045282005
0,042725317
0,045317728
0,043146442
0,04390941
0,044483058
0,043454812
0,044043039
0,043976605
0,044861711
0,042679489
0,043989719
0,044879529
0,043152091
0,044499689
0,043486155
0,044429624
0,043545422
0,045268087
0,042656725
0,044957521
0,043114262
0,044846463
0,043135029
0,045174037
0,042778882
0,043940659
0,044530732
0,043974297
0,043935131
0,043559293
0,044420019
0,043563491
0,044885568
0,043554712
0,045035901
0,042999098
0,043956872
0,043919868
0,044484401
0,043167533
0,044762534
0,043170811
0,044842424
0,043591862
0,043991815
0,043976526
0,044071465
0,04436686
0,043660752
0,043524256
0,044761498
0,043179526
0,044777233
0,043576033
0,044449337
0,043120993
0,04447812
0,043588507
0,044825126
0,043517952
0,043952521
0,043996479
0,044005499
0,044858796
0,042727801
0,044369374
0,044447507
0,043254885
0,045158183
0,043153274
0,043993322
0,044428964
0,043135517
0,044785908
0,043191682
0,044517928
0,043513125
0,044738977
0,043175522
0,044464843
0,043599548
0,044406169
0,043996529
0,043489832
0,044899828
0,043082494
0,044446767
0,044898699
0,04264416
0,044559752
0,043843378
0,045005138
0,042595608
0,044775595
0,043185207
0,044873465
0,044737718
0,042366535
0,044843737
0,043155387
0,044434503
0,043630456
0,044782749
0,043114981
0,045296058
0,042687782
0,045320009
0,042613356
0,044862366
0,043677575
0,043511871
0,044371954
0,043584411
0,045506604
0,042953444
0,043916637
0,044241502
0,043419381
0,045192863
0,042711073
0,045321328
0,042659766
0,044778352
0,04324215
0,044820988
0,043155697
0,044279562
0,044453081
0,043221103
0,044958487
0,043016477
0,044402857
0,044050402
0,043982105
0,043986746
0,043576109
0,044741835
0,043218003
0,044427838
0,043935857
0,044005637
0,043949149
0,044007171
0,044042783
0,044017844
0,04400657
0,043597545
0,044451806
0,046161494
0,04653883
0,042703154
0,044454024
0,04440986
0,043730539
0,043478071
0,04440447
0,043569765
0,044366509
0,043617124
0,04440338
0,043496136
0,046524369
0,041524128
0,044455676
0,043476032
0,044799256
0,043108607
0,044883972
0,043592325
0,044000293
0,043966198
0,044827603
0,042740512
0,045159806
0,043207056
0,043552506
0,044421242
0,043561743
0,045327854
0,042601028
0,044877864
0,043575272
0,044421945
0,044704658
0,043278849
0,043173176
0,044790608
0,043130717
0,044427712
0,044018648
0,044325233
0,043641633
0,044343659
0,043214456
0,044806738
0,043639094
0,043510973
0,04487198
0,04397817
0,043119521
0,044499748
0,043547104
0,04446744
0,043462377
0,044804314
0,044403086
0,043620176
0,043174976
0,044775298
0,04357063
0,044163928
0,043498297
0,044438012
0,043997165
0,043929293
0,044459183
0,043132317
0,044483398
0,043473842
0,044378705
0,043999392
0,044028493
0,043983357
0,04434895
0,043764557
0,043933809
0,043916517
0,044358063
0,043607784
0,044020194
0,043583294
0,044762425
0,043579064
0,044395777
0,043229254
0,04440175
0,04357523
0,044748995
0,043159248
0,044537676
0,043995894
0,044284689
0,043584509
0,044060203
0,044336736
0,043750451
0,043941592
0,044232486
0,043650563
0,043561478
0,044822955
0,043658779
0,043520221
0,044831222
0,043651411
0,048382439
0,043463999
0,045892893
0,041836653
0,045233878
0,044050422
0,043673015
0,045811861
0,048349307
0,046753719
0,04493946
0,048065113
0,047977178
0,046272883
0,043561025
0,04408689
0,044145704
0,0443671
0,044472054
0,042607518
0,044033089
0,045506775
0,042286716
0,043573055
0,043963457
0,045008494
0,043195199
0,045012255
0,043340035
0,044662146
0,042992177
0,043897316
0,044993664
0,04338214
0,044093526
0,04355539
0,044342992
0,044324498
0,043323181
0,043740992
0,04533905
0,043541089
0,043155791
0,044299535
0,045039469
0,043066559
0,043802759
0,043889996
0,044224526
0,044360641
0,043269238
0,044773032
0,044177457
0,043049439
0,044271223
0,043704709
0,044009172
0,044060302
0,043993205
0,04397896
0,043874103
0,044371065
0,043619161
0,044391016
0,043561963
0,044932882
0,043110992
0,043949251
0,044338606
0,043690415
0,043986855
0,044015675
0,043932698
0,043982854
0,043978441
0,044090212
0,043915422
0,044396931
0,04366868
0,043924101
0,044052186
0,044288287
0,043703967
0,044006917
0,04391145
0,044366587
0,043666153
0,043931226
0,043995556
0,043964686
0,043974175
0,044061617
0,044076068
0,043873894
0,044053877
0,045526246
0,042431217
0,043963031
0,044048638
0,043898113
0,044039359
0,044342952
0,04406681
0,043532742
0,043970903
0,044439938
0,043595813
0,04396078
0,044004665
0,043964543
0,044435038
0,043586755
0,044023666
0,043969678
0,044349873
0,043631894
0,044375088
0,044646816
0,042903491
0,04406827
0,044342202
0,04363003
0,043961156
0,04402389
0,043942321
0,043993811
0,043927192
0,044041057
0,044440597
0,043605402
0,043950857
0,0440533
0,04426229
0,043768447
0,044231544
0,043586876
0,044395159
0,043701474
0,043897305
0,044025754
0,044119976
0,043868943
0,044067634
0,043966227
0,043948544
0,044003779
0,043995704
0,044004757
0,043942238
0,043999817
0,044030492
0,044311181
0,043657674
0,043926037
0,044053474
0,043980472
0,043994194
0,044401504
0,043528424
0,043975196
0,044054195
0,044048438
0,043956856
0,044383313
0,044007872
0,0437466
0,043866035
0,04397846
0,043953207
0,044048321
0,04395019
0,044010002
0,044054408
0,044361146
0,043537569
0,04393109
0,044053984
0,044355496
0,043671437
0,043948686
0,04400798
0,044375176
0,043560916
0,04402238
0,044037645
0,043922887
0,044008103
0,044037852
0,044337062
0,043575429
0,044027493
0,044406759
0,043573739
0,044000733
0,043960858
0,043974873
0,0449437
0,043135314
0,043893891
0,044056437
0,044037791
0,043894459
0,044019117
0,044040443
0,043944885
0,04437167
0,043558583
0,044024615
0,044015139
0,044013058
0,044353789
0,043621735
0,04436145
0,043658573
0,044318604
0,043647143
0,04435432
0,043940103
0,044594717
0,043045637
0,04402525
0,043977734
0,04404102
0,044330655
0,043608653
0,043974797
0,043974849
0,044017469
0,043940901
0,04445379
0,043657038
0,04432688
0,043554438
0,0440446
0,044027728
0,043966248
0,043990295
0,04397807
0,044313873
0,043600312
0,044092189
0,044040859
0,043906448
0,044082513
0,043922658
0,043959005
0,044422701
0,0439926
0,043611414
0,043939511
0,044002487
0,043941024
0,044030777
0,045329526
0,043053105
0,043646357
0,043975857
0,043982247
0,044013193
0,043920875
0,044423464
0,043510035
0,044057163
0,043940729
0,044055644
0,043992176
0,043986447
0,044346613
0,043586633
0,044148448
0,043905427
0,044020129
0,043953714
0,044009955
0,043925808
0,045129346
0,0429229
0,04402336
0,0443202
0,04363022
0,043959878
0,044027682
0,04392236
0,044022144
0,04398187
0,043951454
0,044106817
0,043952281
0,044413082
0,043602309
0,044522901
0,043396163
0,044041056
0,043978396
0,043958085
0,044061362
0,04399451
0,043906161
0,04407624
0,044009266
0,043979938
0,043963283
0,04400782
0,04401497
0,043924672
0,044024819
0,043979066
0,044047288
0,043943819
0,04404689
0,04439848
0,04352816
0,044358348
0,043584461
0,044013659
0,043962895
0,044041297
0,043974661
0,044368583
0,043629817
0,0444135
0,043578657
0,044055749
0,04394627
0,044107887
0,043940021
0,043845234
0,044019456
0,043975536
0,044015851
0,04398628
0,044021313
0,044009724
0,043950847
0,043916326
0,044056884
0,044051071
0,044304714
0,043627541
0,043966021
0,043975013
0,044071723
0,0439545
0,043978238
0,044020564
0,043972334
0,043990925
0,043993612
0,043995024
0,044004472
0,04439575
0,04361397
0,043975089
0,044074443
0,044945363
0,043047284
0,043892802
0,044046323
0,043951115
0,044038376
0,043898878
0,043978552
0,044081465
0,043856627
0,044156771
0,043877988
0,044034503
0,044417108
0,043615962
0,044327511
0,043616192
0,044028889
0,044008312
0,043951401
0,043992932
0,043992214
0,044995821
0,043292245
0,043732073
0,043914255
0,043971037
0,044004372
0,043996084
0,044011681
0,043971356
0,043955651
0,044007948
0,043962199
0,044032847
0,043993773
0,043944454
0,044031537
0,044019222
0,044014129
0,043976788
0,043993261
0,044353039
0,043583301
0,04444382
0,043562685
0,043985837
0,043968346
0,044430639
0,043550012
0,044097117
0,043944507
0,04397822
0,04395294
0,043997498
0,043980052
0,043882689
0,04402423
0,04409981
0,044297497
0,043688806
0,044313151
0,043693993
0,043922737
0,044005569
0,044066075
0,043951532
0,044397691
0,043624511
0,043946509
0,043992507
0,044257613
0,043716321
0,043996777
0,044037969
0,044575474
0,043414134
0,043909094
0,043972599
0,044118283
0,043914451
0,044348647
0,04360458
0,044054028
0,043935892
0,044440127
0,043617743
0,043997174
0,043990634
0,043918015
0,043973501
0,044364452
0,043663727
0,044056882
0,043905762
0,043973942
0,044080479
0,043959686
0,044017792
0,043924384
0,044023142
0,045553069
0,042450712
0,043920836
0,044376938
0,043643511
0,044052123
0,04401546
0,045256235
0,042654994
0,043911354
0,044101466
0,043952839
0,044040136
0,043976365
0,043993575
0,043882816
0,044094493
0,044060587
0,044216318
0,043655864
0,044069859
0,044395712
0,043581111
0,044004105
0,043967922
0,043950221
0,044001476
0,04395168
0,04401502
0,044052718
0,043913887
0,04404956
0,044002351
0,0439852
0,044012801
0,04429519
0,043598555
0,044388513
0,043656936
0,04400265
0,043983386
0,043960682
0,043999661
0,043970285
0,043969689
0,044406005
0,04356733
0,044022851
0,044025041
0,043981581
0,04393737
0,044116708
0,043881633
0,044007014
0,043987725
0,043994436
0,04405792
0,043907015
0,044018822
0,04442356
0,043539885
0,043936881
0,044096897
0,044365448
0,043643751
0,043932371
0,044116257
0,043860516
0,044001883
0,044044304
0,04394878
0,044412293
0,043596732
0,044031935
0,043925371
0,044030752
0,043902093
0,044066016
0,043972595
0,045163199
0,042907173
0,044338513
0,043675928
0,044254995
0,043616988
0,043992541
0,043967421
0,044047056
0,043954632
0,044074003
0,043884669
0,044403189
0,043583873
0,044025778
0,044000703
0,043914248
0,044084562
0,044005007
0,043938177
0,043969449
0,044414133
0,044130664
0,043516505
0,043963937
0,043994244
0,04401385
0,043928796
0,043979233
0,044090411
0,043900868
0,044027841
0,043987422
0,044040944
0,043903617
0,04407302
0,044009848
0,043922591
0,043994106
0,044042732
0,043916992
0,044025125
0,043995056
0,0440386
0,044346533
0,04381295
0,043742367
0,044417366
0,04365942
0,043901406
0,044025186
0,044028227
0,043939398
0,044009719
0,043988497
0,043966864
0,043965559
0,044013724
0,044008142
0,044023078
0,043936131
0,04813525
0,043901574
0,044022355
0,044001441
0,043960601
0,044036447
0,043960539
0,043981015
0,044081033
0,04390088
0,044084323
0,043886566
0,044049676
0,043926654
0,043998272
0,044082878
0,044279528
0,043624556
0,045132713
0,04286894
0,044035434
0,043867007
0,044071361
0,043992291
0,043991419
0,043957266
0,044105637
0,043902751
0,043961986
0,044048249
0,043978007
0,044042411
0,043925479
0,044009168
0,043930989
0,044046198
0,044089311
0,044297366
0,043667862
0,043918708
0,04398649
0,04398422
0,04436267
0,043614544
0,044067626
0,04398322
0,043975609
0,043974936
0,043969973
0,043961421
0,044087723
0,043931642
0,044006627
0,04398498
0,043981375
0,04405713
0,043985873
0,043916394
0,044082603
0,043981659
0,044004247
0,044270325
0,043721652
0,04387694
0,044015437
0,044004989
0,043945714
0,044003963
0,043984069
0,044064157
0,043952199
0,044392613
0,04361317
0,043950894
0,043991201
0,044012075
0,044142622
0,043842243
0,043932701
0,044073467
0,043946405
0,044005953
0,044034894
0,043962385
0,043997393
0,044019919
0,043932529
0,044007849
0,04399776
0,044421483
0,043644266
0,043898218
0,043983324
0,043999812
0,044023343
0,044026065
0,043954346
0,043964783
0,044026765
0,044050442
0,043919881
0,043943627
0,043974972
0,044029
0,044051884
0,043968883
0,044061529
0,043904198
0,044050853
0,043919035
0,044074376
0,043975157
0,043947851
0,044018397
0,043924171
0,044015824
0,04398811
0,044072186
0,04398129
0,045108034
0,042799574
0,044070205
0,044388677
0,04357546
0,043964634
0,043991378
0,04400013
0,043979922
0,043983769
0,043970761
0,044010422
0,043974288
0,044380275
0,043658589
0,043914912
0,044020115
0,04398933
0,044130269
0,043884426
0,04396122
0,044436958
0,043557674
0,04410999
0,043841689
0,044081053
0,04393917
0,043993472
0,044004055
0,044349624
0,043652715
0,044107358
0,043803522
0,044041576
0,043946984
0,044009371
0,044097908
0,043918234
0,044034631
0,043897421
0,044029977
0,044370603
0,043615644
0,04400922
0,043990662
0,043927005
0,044112821
0,043858967
0,044016836
0,043997353
0,043996803
0,044020041
0,043985186
0,043923235
0,044074456
0,04435454
0,043677091
0,043881937
0,044016427
0,043986521
0,044030509
0,044395621
0,043595828
0,043961114
0,044033075
0,043943399
0,044005278
0,04402681
0,043905877
0,044087547
0,043953341
0,043984858
0,043976773
0,04401657
0,04399944
0,044038589
0,043909327
0,044125086
0,043899165
0,045144517
0,04279905
0,044008317
0,044024567
0,043990429
0,043983722
0,043986421
0,043935711
0,043953849
0,044117498
0,044019948
0,043946152
0,043965149
0,04407182
0,043884407
0,044008723
0,043978378
0,044050326
0,044009163
0,044505105
0,043455679
0,043976002
0,044138197
0,043854754
0,0439979
0,044005935
0,043989306
0,043994914
0,043996307
0,043992947
0,043943246
0,044009993
0,043986764
0,04398306
0,0440387
0,043906277
0,044393939
0,043626728
0,043972778
0,044045408
0,044361168
0,043598504
0,043943257
0,04441345
0,043592846
0,044509111
0,043550128
0,043977573
0,044451563
0,043513598
0,043976386
0,04403411
0,043933724
0,044034866
0,043990487
0,043977652
0,044010312
0,044010363
0,043922964
0,044001034
0,044369604
0,043671099
0,043945628
0,044047985
0,043939902
0,044003568
0,043983181
0,044351771
0,043621806
0,044022583
0,044042569
0,043993614
0,043973669
0,043910766
0,044058266
0,043951072
0,044026577
0,043943767
0,044408413
0,043633467
0,043998432
0,043947357
0,044096339
0,043899962
0,044052749
0,043922102
0,043949684
0,044006984
0,044052306
0,04398675
0,043881649
0,044106968
0,043957437
0,044009478
0,044440373
0,043524231
0,044026216
0,043965399
0,044029737
0,043968241
0,043953393
0,043980641
0,044050039
0,043988474
0,044854637
0,043079208
0,044051739
0,044307027
0,043598523
0,044105943
0,04391078
0,044039638
0,044001366
0,043974874
0,044025474
0,043949974
0,043988683
0,044433901
0,043516588
0,043931667
0,044070582
0,044022351
0,044347804
0,04357737
0,043959452
0,04405967
0,044403309
0,043593069
0,043964576
0,044910966
0,043035061
0,044446048
0,043625235
0,043961115
0,044014703
0,043959885
0,044147689
0,043913446
0,04392939
0,043993308
0,043912702
0,043993223
0,044104529
0,043960202
0,043949345
0,044418525
0,043631486
0,043936893
0,044088348
0,043997226
0,043944673
0,044354302
0,04391874
0,043725147
0,04424503
0,044583756
0,043472746
0,043694723
0,043916513
0,044400577
0,045210201
0,043080226
0,043307887
0,043973275
0,043956755
0,04397832
0,044053041
0,044365087
0,043610219
0,044037982
0,044438913
0,043447397
0,044399322
0,043528356
0,044057342
0,044059449
0,043948064
0,043947849
0,04408305
0,043965582
0,04391722
0,04400372
0,04405142
0,043956011
0,043951653
0,044013758
0,043969106
0,044014292
0,044026692
0,043982714
0,043989113
0,043952558
0,04401299
0,043993175
0,043997723
0,043896074
0,044014708
0,044035015
0,043926267
0,044013483
0,043987532
0,044030049
0,044045045
0,043864431
0,044026862
0,044373196
0,043631782
0,043997946
0,043985426
0,04433733
0,043636737
0,043972393
0,044018752
0,043962989
0,044097948
0,043925095
0,044021799
0,044000843
0,043992801
0,044322047
0,043639564
0,043949989
0,044008886
0,04399834
0,044007281
0,044016564
0,043925842
0,04398365
0,044382446
0,043592343
0,044069264
0,043958667
0,044002073
0,043954888
0,044027585
0,044003943
0,043992957
0,043946292
0,044066777
0,044316271
0,043628381
0,044026074
0,044041281
0,043975459
0,044054741
0,043853774
0,043942747
0,044022275
0,044033405
0,043967827
0,043969201
0,044396276
0,043601015
0,04402301
0,044011827
0,043953489
0,044003003
0,043972646
0,04395739
0,044051687
0,043970969
0,04437785
0,043637428
0,043946394
0,043983838
0,044435704
0,043606505
0,044008407
0,044340887
0,043554602
0,044106473
0,043897113
0,043948774
0,044080221
0,043917156
0,043993738
0,043996253
0,044055972
0,044002489
0,043946592
0,04404175
0,043949114
0,044048944
0,043915039
0,043995569
0,044013734
0,044045983
0,043991976
0,043911561
0,043996002
0,044402965
0,043613722
0,044027013
0,044005343
0,043923776
0,044001621
0,043984948
0,044370229
0,043567048
0,044036906
0,044104976
0,043870447
0,044375846
0,043625874
0,043987892
0,043955661
0,044095963
0,043988696
0,044266283
0,043684827
0,04395548
0,043970477
0,044065027
0,043948109
0,044011779
0,043984727
0,043954708
0,044061275
0,043952117
0,044400868
0,04353889
0,043991486
0,044368672
0,043667811
0,043987809
0,043988529
0,044013971
0,043990382
0,043969426
0,044022866
0,04396317
0,044007703
0,044050562
0,043938417
0,043959512
0,044025221
0,043934601
0,044015895
0,044060626
0,044381303
0,043582006
0,043995565
0,043961179
0,043951342
0,043986844
0,044398828
0,043613317
0,044017011
0,043985404
0,043990908
0,044036629
0,044001214
0,043965043
0,043898497
0,044193852
0,04392832
0,043926956
0,043990123
0,044002125
0,044061505
0,043962695
0,044310131
0,043642937
0,043946429
0,044024039
0,04397412
0,044410245
0,043596757
0,044033065
0,043936113
0,043976972
0,044012836
0,04401307
0,043981721
0,04530597
0,042654619
0,044125988
0,043865545
0,044084392
0,043909841
0,044031467
0,043975984
0,043948599
0,044070574
0,043903386
0,044031964
0,043978467
0,045296238
0,042726158
0,04402704
0,043882099
0,044063768
0,043911883
0,044467021
0,04351792
0,044072412
0,043952697
0,043972603
0,044387541
0,043645026
0,045165484
0,042851431
0,043926053
0,044019781
0,044047672
0,044328507
0,043580832
0,043968597
0,044048035
0,044414937
0,043584372
0,043892065
0,044373143
0,044958859
0,042688361
0,04398002
0,043992402
0,04403484
0,044001278
0,043970409
0,043998031
0,043940279
0,044008665
0,044388215
0,04358364
0,044421034
0,044818807
0,043147133
0,043566704
0,044464558
0,043582928
0,043995264
0,044034839
0,043914654
0,044000957
0,044013238
0,044041284
0,043898907
0,044011688
0,044014819
0,043966152
0,044032793
0,044013615
0,043974449
0,044046233
0,043924625
0,044340478
0,043609313
0,044036226
0,044322026
0,043630032
0,04398844
0,045518261
0,042480438
0,044085222
0,043957697
0,044009368
0,043892
0,044033886
0,044407419
0,043671103
0,044362429
0,043512522
0,044034343
0,044016598
0,043922775
0,044009396
0,044005007
0,044089996
0,043906302
0,044355054
0,044052792
0,043520366
0,044384718
0,0436664
0,043965746
0,044417129
0,043619694
0,044018575
0,044226143
0,043654857
0,04394858
0,044399282
0,043689186
0,044339005
0,044008767
0,043565489
0,04405566
0,043933654
0,044036279
0,044319894
0,043623801
0,044139877
0,044220001
0,043555303
0,044087776
0,044341967
0,043665294
0,044368801
0,043533056
0,04406677
0,04389386
0,043998081
0,044424955
0,043587183
0,043955025
0,044042959
0,044038096
0,044431455
0,043537921
0,044033425
0,04398547
0,04401732
0,04430053
0,04361292
0,04396096
0,044406073
0,043563646
0,044015684
0,043973552
0,044055582
0,04443059
0,0435208
0,044115257
0,043816891
0,044390662
0,04369579
0,043924449
0,043953044
0,044067037
0,043972429
0,043937797
0,044210317
0,043792343
0,044076946
0,043878345
0,044067978
0,043936386
0,044102727
0,043967249
0,04390136
0,044000926
0,044404721
0,043574161
0,044379904
0,043628866
0,043935244
0,043999562
0,044018274
0,043991896
0,043958802
0,044088735
0,043921385
0,044404228
0,043621669
0,043993463
0,043980469
0,043941046
0,044095813
0,04390292
0,044119371
0,044273804
0,043644633
0,043913426
0,043996602
0,044080919
0,044293233
0,04364018
0,044326912
0,043640824
0,044003063
0,043981777
0,044348193
0,043614019
0,044013803
0,044003322
0,043970755
0,04438497
0,043601962
0,043982293
0,044084739
0,043923661
0,044000326
0,044028476
0,043957936
0,043964697
0,044410944
0,043581722
0,044408936
0,043551974
0,044041441
0,043948374
0,04396605
0,044008828
0,044029807
0,04407361
0,043920712
0,044320133
0,043663108
0,04397377
0,044069701
0,043945934
0,04396186
0,044056866
0,043902096
0,044067485
0,043947219
0,043973654
0,04404301
0,043973493
0,04394407
0,044074948
0,043888626
0,044075325
0,044075771
0,043893639
0,043968017
0,043983703
0,043978024
0,044040395
0,04392393
0,044064805
0,043897238
0,044013344
0,044062544
0,043969775
0,043918391
0,044365201
0,04362984
0,044047942
0,043953068
0,043943932
0,043963049
0,044416004
0,043988808
0,043641121
0,04398334
0,043955834
0,043970632
0,044093946
0,04392132
0,044050374
0,043948632
0,04403696
0,043980319
0,044017098
0,043985605
0,043933552
0,044021876
0,043928471
0,043987709
0,044337974
0,043684416
0,043947691
0,044002163
0,044012885
0,043965321
0,044020721
0,044363976
0,043614958
0,04400561
0,043979502
0,043965211
0,04401026
0,044004915
0,044008469
0,043988224
0,044025185
0,04394348
0,043985886
0,043993111
0,043965305
0,044021109
0,04399657
0,044388465
0,04360917
0,044355844
0,04358494
0,044007601
0,044458723
0,043511354
0,044040576
0,044026535
0,04389724
0,043959156
0,044014981
0,044013492
0,043988448
0,044053332
0,044049149
0,044015313
0,043964821
0,043963019
0,043888483
0,044075077
0,043938676
0,043957821
0,044073509
0,044006283
0,043938733
0,044357323
0,043630693
0,04398879
0,044003848
0,044360512
0,043643061
0,043938355
0,044360923
0,044108093
0,043554826
0,043950818
0,0440649
0,043931889
0,044008732
0,044005665
0,044007165
0,043935382
0,044055451
0,043949488
0,044035573
0,043947345
0,043985758
0,044042922
0,043921483
0,044033633
0,043992785
0,044027066
0,04392393
0,044060563
0,043915253
0,044415473
0,043556608
0,044037757
0,0439428
0,044005246
0,044381983
0,043576924
0,044049324
0,043943321
0,043978444
0,044375437
0,043683441
0,043975905
0,043989186
0,043975811
0,043994895
0,044353566
0,043604827
0,044410811
0,043621946
0,04418023
0,043798569
0,043977878
0,044038541
0,044352582
0,043537835
0,044022675
0,044058603
0,04398966
0,043982092
0,043968139
0,044004377
0,044005851
0,043972997
0,043952307
0,044060648
0,043907605
0,044008381
0,043975071
0,04401691
0,044352159
0,043615246
0,044056123
0,044383843
0,043563783
0,044403945
0,043609985
0,044001502
0,044056888
0,044323176
0,04353904
0,04442824
0,043635122
0,043890888
0,044446527
0,043670369
0,043875965
0,04402248
0,043948388
0,044415841
0,043564499
0,044011044
0,044004832
0,044094655
0,043917907
0,044046207
0,043985112
0,043943657
0,043964721
0,043969889
0,044042115
0,043994283
0,043946978
0,04403537
0,043958827
0,044055333
0,043979823
0,043980148
0,043999113
0,043992101
0,04395843
0,044013525
0,043992219
0,043998919
0,044010155
0,043920653
0,04400711
0,044040236
0,044323655
0,043621434
0,043982833
0,044005116
0,044041438
0,043992492
0,044046889
0,043866785
0,044056384
0,044035895
0,043930393
0,043955389
0,044053391
0,043947089
0,044422846
0,043615119
0,043980272
0,044001541
0,043919883
0,043984024
0,044036979
0,044400611
0,043521951
0,044397163
0,043664485
0,043994296
0,043999165
0,043999868
0,04394442
0,043994738
0,04406236
0,044333572
0,044051969
0,043563651
0,044321045
0,043617639
0,043976562
0,043978076
0,044066124
0,044000991
0,043970613
0,043994297
0,043964112
0,044049075
0,043943562
0,043992908
0,043973991
0,044005189
0,043945997
0,044057857
0,043929071
0,044420246
0,043621739
0,04398652
0,044011211
0,043994511
0,044014223
0,04390624
0,044049681
0,043989221
0,044003932
0,044059472
0,044469822
0,043385091
0,044374293
0,043696241
0,043879785
0,044008622
0,044092458
0,043874422
0,044028038
0,043978723
0,044018036
0,04403751
0,043934498
0,043978597
0,043990384
0,043939048
0,044109771
0,043934168
0,04400803
0,04436529
0,043663042
0,043943406
0,043963905
0,043967387
0,044022837
0,044034898
0,043977375
0,043954311
0,044025968
0,043990977
0,044354326
0,043557918
0,044041239
0,043993317
0,04440037
0,043634668
0,043924007
0,044050525
0,044492757
0,043437516
0,043999114
0,044032051
0,044020873
0,043985901
0,043968118
0,043977337
0,044374836
0,043622168
0,044037717
0,044320788
0,043593806
0,044037553
0,043917549
0,043973095
0,043966619
0,044106332
0,043985625
0,043973821
0,043991397
0,043981144
0,04405242
0,043945552
0,043985888
0,044005111
0,043936737
0,0439809
0,0440821
0,044037602
0,043933722
0,04400876
0,04396208
0,044020446
0,043956622
0,044374232
0,04358505
0,044029291
0,043912336
0,044071061
0,043915021
0,044049221
0,043954577
0,044023974
0,043942044
0,044074625
0,044072259
0,043958064
0,04393693
0,044004098
0,045384657
0,042958634
0,043564948
0,044094643
0,043975772
0,044357706
0,043622112
0,044003328
0,044800758
0,043110004
0,044038817
0,043952769
0,044090478
0,045267213
0,042688385
0,043934603
0,043993023
0,044047594
0,043935688
0,044001983
0,044361991
0,043675898
0,043942118
0,043982391
0,043990979
0,043939417
0,045673852
0,042376558
0,044019406
0,04397243
0,044006336
0,043952264
0,044030641
0,043981284
0,04387115
0,044055693
0,044057572
0,043886393
0,044102
0,045341456
0,042565277
0,044065798
0,043994355
0,043903557
0,044020685
0,044036113
0,043985344
0,044091036
0,043911752
0,043984292
0,043970074
0,043976588
0,045239561
0,043131407
0,043792394
0,043788164
0,043935754
0,044055974
0,044009832
0,044371088
0,043619525
0,044019298
0,043973978
0,044002908
0,044347554
0,045017171
0,042590139
0,043970448
0,044028199
0,043983263
0,044009781
0,043948517
0,044102174
0,043966103
0,043968081
0,044026119
0,043926532
0,044134168
0,04531282
0,042509769
0,044020377
0,043963821
0,044021703
0,04396321
0,044009618
0,044015806
0,044005175
0,043940905
0,044006203
0,043947461
0,04404434
0,044016636
0,044321127
0,043607235
0,04404046
0,0440254
0,043994811
0,044002838
0,043995645
0,043953934
0,043941747
0,043983174
0,043997149
0,044024963
0,043969636
0,043989422
0,043985595
0,044016148
0,043997083
0,043948377
0,044033938
0,044004374
0,043973457
0,043978715
0,044099487
0,043932392
0,043981142
0,044386387
0,043667776
0,043922102
0,044039334
0,044308618
0,043710266
0,043952896
0,043898612
0,043955637
0,044437491
0,043744371
0,043947322
0,043888782
0,044016786
0,044049605
0,043986798
0,04395466
0,044020747
0,043983461
0,045299129
0,042774573
0,045207628
0,042787951
0,045673938
0,042794516
0,045182875
0,042666894
0,044805049
0,043327392
0,044278493
0,043688712
