0,005776261
0,041796955
0,044590115
0,043360798
0,044046711
0,043849692
0,044052235
0,044075473
0,043851741
0,04392855
0,044268024
0,043808937
0,04396499
0,044259838
0,043841366
0,043722086
0,044135977
0,044124552
0,043791092
0,044116668
0,044050043
0,043911762
0,043736639
0,044370276
0,043306116
0,044065302
0,043842377
0,043991358
0,045010858
0,043045397
0,043692856
0,044157961
0,043985819
0,043740849
0,044110543
0,044043498
0,044047568
0,043794346
0,044065019
0,044103263
0,043948343
0,044127009
0,044046488
0,043622316
0,044262754
0,04381363
0,043916147
0,04425885
0,043746575
0,044218374
0,043666831
0,043933412
0,044219111
0,043846399
0,043908789
0,044142693
0,043916263
0,044135494
0,043991936
0,044009266
0,043912204
0,043983819
0,044067982
0,043999978
0,04394585
0,044139112
0,043827666
0,044103668
0,043886925
0,043889224
0,04403799
0,045250529
0,042833926
0,043852518
0,044085261
0,0439868
0,043894749
0,043955531
0,044102484
0,043952602
0,043931931
0,043961356
0,044142565
0,043727141
0,044196719
0,043932553
0,043975855
0,043999607
0,043964777
0,044043897
0,043691355
0,044146975
0,043877142
0,044136855
0,043969356
0,044069076
0,04395972
0,044144419
0,043767489
0,044037925
0,043796393
0,044084064
0,043921478
0,044032856
0,044061163
0,043855556
0,044340136
0,043701601
0,044075029
0,043913419
0,044028355
0,04384639
0,044262937
0,043985405
0,045100147
0,042718265
0,044008059
0,043855994
0,044088457
0,043965513
0,044026565
0,043987181
0,044057737
0,04373213
0,0441668
0,044053584
0,043962942
0,044038828
0,043973026
0,044031873
0,043946855
0,043895709
0,04384418
0,044176822
0,043979261
0,044083479
0,043835585
0,043996127
0,044110167
0,044028176
0,044722735
0,043330428
0,043809329
0,044007823
0,043928064
0,04405069
0,043780605
0,044213291
0,044091042
0,043708943
0,043984328
0,044248854
0,043979559
0,043915765
0,043828288
0,044137884
0,043869265
0,045409557
0,042696895
0,043916906
0,044015886
0,043957629
0,04406287
0,043810575
0,044054227
0,044273115
0,043690019
0,044064321
0,04392353
0,044077267
0,043642052
0,044311171
0,044030835
0,043797503
0,044105466
0,044075965
0,043826036
0,044247734
0,043901692
0,043966422
0,043975126
0,043901543
0,044017613
0,045248197
0,042735461
0,044014075
0,043894849
0,044020746
0,044143333
0,043817829
0,043958608
0,044050016
0,043993969
0,043933011
0,044066574
0,0438354
0,044173966
0,043897515
0,043849587
0,044010251
0,045580959
0,042627489
0,043841604
0,04387267
0,04419477
0,044208854
0,043660493
0,044079232
0,043956101
0,043883307
0,044020024
0,044076705
0,043905557
0,044061838
0,04392412
0,044080326
0,043766218
0,044109418
0,044020955
0,04446046
0,043659234
0,04384022
0,044086778
0,043995915
0,043937663
0,044186458
0,044939705
0,04283737
0,044030269
0,043836892
0,044098332
0,043936965
0,043918467
0,044106434
0,043865447
0,044078775
0,044007725
0,043967111
0,043986678
0,043842244
0,04421678
0,043923081
0,044078372
0,043804611
0,044116436
0,043962173
0,043898097
0,043964057
0,044166716
0,043809888
0,044199136
0,043828712
0,044012449
0,044155952
0,043771607
0,04415375
0,043945575
0,043853111
0,044176322
0,043851559
0,043966927
0,044119721
0,043924517
0,044014567
0,043990474
0,044062271
0,04388419
0,044097744
0,043865803
0,045148453
0,042783574
0,044174177
0,043950786
0,044075671
0,04393466
0,043949748
0,043985929
0,043743204
0,044184838
0,044034416
0,043951517
0,044045594
0,043867565
0,043987144
0,044078787
0,043953792
0,043891047
0,044084972
0,043863185
0,044199677
0,04368106
0,044172507
0,043995035
0,044050715
0,044057591
0,043872208
0,044187761
0,043788857
0,044092945
0,04393672
0,043998654
0,043860095
0,044199102
0,043845572
0,044021988
0,043930985
0,043824241
0,044178052
0,044111245
0,043931861
0,043948623
0,043927068
0,045413725
0,042630155
0,043947465
0,044118142
0,044030982
0,043697885
0,044230122
0,043883479
0,044052901
0,043905983
0,044036345
0,044039977
0,043917838
0,044100585
0,043853068
0,044014447
0,043922925
0,043945551
0,043931633
0,044285772
0,043904441
0,043798713
0,04415978
0,043956233
0,04408834
0,043893914
0,045244172
0,042715897
0,044007821
0,043993385
0,044069338
0,043944758
0,043951783
0,044023381
0,043823521
0,044088169
0,044025529
0,044004301
0,043945789
0,044040898
0,043939106
0,044078839
0,044121809
0,045080495
0,042828003
0,043913954
0,044043734
0,043960021
0,043908358
0,043813171
0,044178494
0,043893748
0,043978291
0,044184002
0,043950249
0,043900238
0,043838836
0,044056289
0,044186732
0,043846592
0,043957221
0,043799439
0,044256811
0,043994267
0,043877143
0,044120953
0,043843386
0,043949915
0,044047095
0,045206884
0,042772973
0,044144372
0,0439418
0,043872857
0,044008383
0,04394511
0,044031948
0,044031445
0,043916427
0,043957714
0,044067222
0,043986448
0,043986096
0,043871704
0,043931349
0,044066046
0,045322018
0,04279484
0,044074946
0,043884818
0,04397729
0,044077286
0,043845566
0,043991558
0,044027762
0,043918422
0,0440483
0,043905839
0,044034919
0,043963418
0,044040997
0,043926686
0,043951062
0,044064318
0,04405656
0,04393873
0,043919053
0,044033169
0,044049424
0,043943925
0,043913205
0,04409485
0,04536173
0,042602118
0,044068897
0,043890395
0,044041779
0,043981603
0,044000097
0,043868321
0,043977093
0,044094161
0,04405764
0,043746866
0,044058488
0,044108606
0,044122513
0,044055492
0,043780741
0,045330346
0,042672648
0,043764017
0,044230476
0,043903541
0,04390848
0,043999707
0,044251926
0,043984092
0,043871873
0,043898925
0,044198201
0,043885857
0,043871396
0,044030924
0,043985088
0,043927868
0,044084237
0,043870533
0,044025337
0,044093432
0,043994004
0,04399105
0,043818465
0,044153857
0,044029096
0,045245951
0,042655809
0,044166492
0,043829509
0,044012773
0,043984495
0,043799873
0,044082675
0,044161914
0,043875508
0,044008206
0,044090858
0,04390434
0,043886456
0,044034021
0,043913517
0,044107089
0,043933535
0,044000606
0,043894029
0,044104489
0,044015468
0,043927812
0,043905151
0,044213646
0,043963312
0,04396478
0,043803645
0,044143043
0,043969937
0,044022743
0,044058425
0,043855255
0,044087268
0,043837208
0,044168731
0,043821135
0,044044275
0,043910577
0,044013778
0,043835751
0,044154525
0,043943263
0,04528514
0,042624046
0,04395085
0,043971327
0,043916478
0,044213588
0,044178567
0,043879624
0,043869904
0,043967206
0,044127324
0,043840866
0,044093493
0,04379857
0,044103446
0,043951147
0,043988935
0,044188151
0,043730802
0,044115958
0,043728093
0,044105925
0,044043026
0,043857395
0,044061427
0,044007639
0,045151036
0,043006737
0,043974175
0,043961801
0,044013568
0,044065577
0,043721275
0,044192271
0,043930293
0,043961313
0,043913531
0,044022533
0,043884101
0,044160277
0,043972169
0,043987942
0,043851919
0,045445791
0,042774168
0,043947964
0,043877358
0,044026215
0,043828346
0,044226286
0,044041429
0,043696913
0,044298189
0,043724107
0,044203973
0,04409786
0,043882008
0,04397645
0,043884724
0,044040386
0,044103055
0,043799691
0,044236252
0,043919634
0,043986018
0,044015809
0,043761313
0,044179005
0,044041785
0,045103456
0,042998589
0,043811924
0,044192555
0,043642178
0,043930504
0,044224929
0,043948694
0,044223378
0,043819366
0,04409583
0,043783338
0,044210928
0,043654175
0,044354006
0,043762166
0,044133194
0,045370272
0,042424249
0,044045356
0,043997861
0,044034206
0,043810208
0,044344278
0,04408126
0,043841161
0,043939776
0,043927767
0,043930418
0,044305672
0,043885501
0,044211728
0,043824272
0,043730635
0,044183991
0,043909
0,044102516
0,044092104
0,043628276
0,044157953
0,043827005
0,044287467
0,043873338
0,045276761
0,042642394
0,044048127
0,043890408
0,044100919
0,044065906
0,043895001
0,044010547
0,044132841
0,04389409
0,044019909
0,044039409
0,043979931
0,043679709
0,044219177
0,043962581
0,044058581
0,045095871
0,042894253
0,043833362
0,044115844
0,044153231
0,043683675
0,04404278
0,044048234
0,043887895
0,044035751
0,04427078
0,043759642
0,044135558
0,043982505
0,043947611
0,043956311
0,043817125
0,0441072
0,043953214
0,044008328
0,044117253
0,043974744
0,044020767
0,043981003
0,043840924
0,04414004
0,04515922
0,042600404
0,044126621
0,043852433
0,044131473
0,044002937
0,044087418
0,043940842
0,043956718
0,044069211
0,043963181
0,043824047
0,04425787
0,043786731
0,044106026
0,044056278
0,043926009
0,043738224
0,044328505
0,043738727
0,044236643
0,043826181
0,044097324
0,043793548
0,044388862
0,0439738
0,043908507
0,044082157
0,043583533
0,044108109
0,044054655
0,044065497
0,043753558
0,044424702
0,043915524
0,043728538
0,043980458
0,044158901
0,043742876
0,044100343
0,044253502
0,043627068
0,044214212
0,045037266
0,042876185
0,044051923
0,044038973
0,04382643
0,044091538
0,043960149
0,043769833
0,044347087
0,043713073
0,044035024
0,044184576
0,043976173
0,043776802
0,04421245
0,04396069
0,044151623
0,04362401
0,044309165
0,043971743
0,043903897
0,044075142
0,043898808
0,044018491
0,043806455
0,044202537
0,043844165
0,044097655
0,043969163
0,043918768
0,044003833
0,044040917
0,044058605
0,043887215
0,04391799
0,044190222
0,043812938
0,04426141
0,04401341
0,043826085
0,043993813
0,04417506
0,043840662
0,045195272
0,042767993
0,044140806
0,043725436
0,044186011
0,043987744
0,044029843
0,043902407
0,043958047
0,044004494
0,043994527
0,044050981
0,043839284
0,044231154
0,044131714
0,043799519
0,043924489
0,044032369
0,043849187
0,044263761
0,043881459
0,044060227
0,044080892
0,043843372
0,043825073
0,044111162
0,045290079
0,042656603
0,044098654
0,043781174
0,044158061
0,043799211
0,04415688
0,04394667
0,043842076
0,044208021
0,044034308
0,043780209
0,044230291
0,044051589
0,043805466
0,044087847
0,044045667
0,045152432
0,042979218
0,043916753
0,043807697
0,044133436
0,043975991
0,043842244
0,044124231
0,04391278
0,044068279
0,043989233
0,043971755
0,04393538
0,044090984
0,043997088
0,043950681
0,04378446
0,044276354
0,043980839
0,044066355
0,043834423
0,044343868
0,043698744
0,043978611
0,043754327
0,044241349
0,045102528
0,042988297
0,04383172
0,04396872
0,044093777
0,043691233
0,044260129
0,043836695
0,044043645
0,043911665
0,044092873
0,044073235
0,044099725
0,043823222
0,044002228
0,044092166
0,043991769
0,045359462
0,042346408
0,044250266
0,043681805
0,044194815
0,044152774
0,043740577
0,044128651
0,043837311
0,044103435
0,043835491
0,044095003
0,044033451
0,043905608
0,044068092
0,044080818
0,043814652
0,043908828
0,044149681
0,044090471
0,043962895
0,043982698
0,044032813
0,044053447
0,044092175
0,043902956
0,043790078
0,043981973
0,043949985
0,044277748
0,043657103
0,044219189
0,043952021
0,044065636
0,043679224
0,044053053
0,044214668
0,043699754
0,044166795
0,044204613
0,043875074
0,043944738
0,043941535
0,045213374
0,042789599
0,044044702
0,044036899
0,043939078
0,044000769
0,044132076
0,043842152
0,0439089
0,0440819
0,043970648
0,043980635
0,043824491
0,044121985
0,04402058
0,04443491
0,043540885
0,043977634
0,044442478
0,043772234
0,043828007
0,043883064
0,044129996
0,043952179
0,043897
0,04414121
0,045184366
0,042737636
0,043939893
0,044166803
0,043933915
0,043755982
0,044339598
0,043820347
0,043992524
0,04407729
0,044026818
0,043854589
0,044219504
0,043846786
0,04400258
0,043971223
0,044013253
0,045120906
0,042685774
0,044228627
0,043946743
0,043889655
0,04404347
0,044014241
0,044018969
0,043988982
0,043782212
0,044118905
0,043941021
0,04406917
0,04372508
0,044248202
0,043937416
0,04403722
0,043969674
0,043957927
0,044028258
0,043830932
0,044190596
0,043864873
0,044108805
0,04416057
0,043775692
0,045327657
0,04260847
0,044113087
0,044051042
0,043780789
0,044090289
0,044004358
0,043969711
0,044023816
0,043922219
0,044139098
0,043780815
0,044010878
0,044021055
0,043963602
0,044012789
0,044121079
0,044939183
0,042916842
0,044011706
0,043916098
0,044181758
0,043767962
0,044234905
0,043671775
0,043988404
0,044082041
0,044169439
0,043834727
0,043988604
0,043983461
0,044129042
0,044011169
0,043872423
0,044026102
0,043880853
0,044125761
0,044053203
0,043746284
0,044176233
0,044083852
0,044125261
0,043688749
0,045738156
0,042409124
0,043901372
0,044060569
0,043985491
0,043752866
0,044218711
0,043775553
0,044415032
0,043725784
0,044076642
0,044034585
0,043889468
0,044010973
0,043953096
0,043921435
0,044001077
0,0438673
0,044072904
0,043963256
0,044106342
0,043727549
0,044275976
0,043888809
0,044029159
0,044256728
0,044801869
0,043062083
0,043682962
0,044325948
0,043847921
0,043740936
0,044258832
0,043938948
0,044050513
0,043996778
0,044120882
0,043798147
0,043830745
0,044139686
0,044033508
0,043930916
0,044017989
0,0452894
0,042772313
0,043964269
0,043985815
0,044118996
0,044001618
0,043792418
0,044236571
0,043755447
0,044062686
0,043943482
0,044195251
0,043783108
0,043917919
0,044325542
0,043805789
0,044028235
0,043962164
0,043780616
0,044217887
0,043809873
0,044034542
0,044230904
0,043893185
0,044039182
0,043989972
0,045168993
0,042794078
0,044077833
0,043866955
0,044101451
0,043838524
0,044189114
0,043816432
0,043999238
0,044021827
0,043974265
0,043950811
0,043927624
0,044036966
0,043817496
0,044161294
0,043816656
0,0455596
0,042634982
0,043974658
0,04377773
0,044181296
0,043991955
0,043779358
0,044242928
0,044014835
0,043983793
0,04393807
0,043999753
0,044060368
0,043995554
0,043817305
0,044044413
0,044021091
0,04402825
0,043938622
0,044162557
0,043775423
0,044145669
0,04394064
0,044080416
0,043887267
0,043856488
0,045636637
0,042432961
0,044092388
0,043999804
0,043772878
0,044256383
0,044027473
0,043915147
0,04388347
0,043872222
0,044036269
0,044042518
0,043831521
0,044030458
0,04421127
0,04406315
0,04402793
0,045100523
0,042548536
0,044160455
0,043762416
0,044238378
0,043832202
0,044062669
0,043984943
0,043892782
0,044098011
0,044099998
0,043822345
0,04404105
0,044050154
0,043977605
0,043974954
0,044145488
0,043808474
0,044043573
0,04400997
0,043777232
0,044063404
0,044175099
0,04397465
0,043775032
0,044224046
0,045028163
0,043065681
0,043711879
0,04392369
0,044259581
0,043696789
0,043984123
0,044187406
0,043877626
0,04409362
0,043835156
0,044327353
0,043618284
0,044206787
0,043779222
0,044130954
0,04389785
0,044099646
0,044048506
0,043841566
0,04406145
0,043817419
0,044137334
0,043866925
0,044210164
0,043850075
0,045241466
0,042762552
0,043975504
0,044093307
0,043980455
0,043826968
0,04408232
0,044131694
0,043872976
0,043893953
0,044119207
0,04396218
0,044120815
0,043882062
0,044061222
0,044118314
0,043879365
0,045083558
0,042827966
0,044013287
0,043846055
0,044197734
0,044026311
0,043894914
0,043923954
0,044082425
0,043993563
0,043993183
0,043850732
0,043971564
0,044390243
0,043680951
0,044114808
0,043932682
0,044006692
0,043915206
0,044228191
0,043660578
0,044217469
0,044128168
0,043859478
0,043901007
0,043951006
0,045349953
0,042711461
0,043875638
0,044082227
0,044111673
0,043872923
0,043923527
0,044174146
0,043939287
0,043768447
0,044138077
0,044053851
0,044007307
0,043783736
0,044200812
0,043812481
0,044093843
0,0452928
0,042477525
0,044269798
0,043957019
0,04383849
0,044204894
0,043731137
0,044071589
0,044058788
0,044009656
0,04391696
0,043878405
0,044188266
0,043868793
0,044190817
0,043905267
0,04403464
0,043987819
0,0440391
0,043893875
0,043914697
0,044086664
0,04410594
0,043849546
0,043977943
0,044052152
0,045205987
0,042923375
0,043835774
0,043919501
0,044032892
0,043921085
0,043920922
0,044186591
0,043815645
0,044136647
0,043881683
0,044132605
0,043905249
0,044019747
0,043920692
0,044070764
0,04380059
0,045252955
0,042882706
0,043918235
0,044161697
0,043780679
0,044124709
0,04386185
0,04407899
0,04396076
0,043924372
0,044057505
0,044112858
0,044184417
0,043766816
0,044071042
0,043782019
0,044200244
0,043821573
0,044253019
0,043777199
0,043925829
0,044008784
0,044163645
0,043757249
0,044083804
0,044086864
0,045004395
0,043063757
0,043910862
0,044018406
0,043963131
0,043830291
0,044096225
0,044003237
0,043990386
0,043804515
0,044198412
0,044127291
0,043631153
0,044510116
0,04374751
0,044021514
0,043670688
0,045618625
0,042639939
0,043773364
0,044198093
0,044031287
0,043983457
0,043948483
0,044059114
0,043734948
0,044223557
0,043944753
0,043864124
0,044145081
0,044054554
0,043910142
0,043878501
0,044135059
0,043981388
0,04401256
0,044047872
0,043769941
0,044214102
0,043770423
0,044133171
0,043844336
0,043958834
0,045301363
0,04272877
0,044204901
0,043952658
0,044007518
0,043920212
0,04397297
0,0439526
0,044076656
0,044060702
0,043990517
0,043775187
0,044136549
0,043879035
0,044106628
0,044185497
0,043874357
0,045215395
0,042634092
0,044040386
0,04400212
0,043964547
0,043954398
0,043949381
0,044088869
0,043924506
0,044006906
0,044086933
0,043821915
0,044215311
0,044014233
0,043962154
0,043979769
0,043820446
0,044038885
0,043931841
0,044101824
0,043928173
0,044064879
0,044023763
0,043953171
0,043876735
0,044071202
0,045418995
0,042462
0,043986195
0,044121945
0,043980469
0,044160203
0,043861997
0,043811684
0,044100833
0,043967629
0,044030275
0,043910585
0,04416305
0,043946158
0,043894709
0,044077527
0,043940599
0,04412547
0,043918416
0,043926568
0,044084205
0,043867624
0,044113606
0,044004293
0,044017017
0,043796317
0,044110736
0,043831568
0,044347178
0,043659492
0,043981366
0,043976804
0,04421665
0,043867538
0,044043827
0,043845594
0,044095855
0,044164445
0,043807047
0,043980607
0,044099357
0,043849805
0,043988083
0,045305886
0,04264885
0,044164833
0,043985012
0,043959145
0,044023294
0,044009242
0,043793855
0,044223677
0,043774851
0,044101761
0,043850045
0,044081662
0,043941935
0,044124621
0,04397864
0,044089149
0,044013302
0,043906098
0,043994344
0,044072714
0,043760205
0,044085238
0,044035891
0,043830732
0,044222399
0,043886521
0,043965995
0,043894938
0,044169819
0,043845716
0,043995936
0,044163428
0,043755195
0,043929928
0,044222349
0,043838758
0,044167605
0,043783484
0,043943116
0,044116029
0,044321349
0,043610517
0,0454742
0,042675272
0,043933576
0,044012055
0,044035
0,04408242
0,043808872
0,044026533
0,044091397
0,043832077
0,044143799
0,044133716
0,043812898
0,043973724
0,044030739
0,043961107
0,044038762
0,043872512
0,044101868
0,043921534
0,04406629
0,043835997
0,044148527
0,044035794
0,043997586
0,04405907
0,045109807
0,042542276
0,044150939
0,043896834
0,04407247
0,043905303
0,044136164
0,043864951
0,043914316
0,04389073
0,044059003
0,044078016
0,043780769
0,044296754
0,043798613
0,044008862
0,044109221
0,045202351
0,042563661
0,044103264
0,043952009
0,044095727
0,044081045
0,043866612
0,044051768
0,043836571
0,044213792
0,043826155
0,043968668
0,044264146
0,043914844
0,043945264
0,044052001
0,04380813
0,044299425
0,04363897
0,044099736
0,043871321
0,04396167
0,044229049
0,043911717
0,044213907
0,043887418
0,045197301
0,042817386
0,043878969
0,044125629
0,043949853
0,044007689
0,044024046
0,043922947
0,043991476
0,043799911
0,044054722
0,044261388
0,043685969
0,044169561
0,043789306
0,043996576
0,043949903
0,04681636
0,045176442
0,04418594
0,043955433
0,04400946
0,043920712
0,043925778
0,04397207
0,044130348
0,043944691
0,044034247
0,043992591
0,043970027
0,044055462
0,043926651
0,044117445
0,043924168
0,043961966
0,043920876
0,044045477
0,044073629
0,043927874
0,043995593
0,044423313
0,043441592
0,044185548
0,045125598
0,042846437
0,044003552
0,044090428
0,043765699
0,044091135
0,043974517
0,044177519
0,043955173
0,043797391
0,043924789
0,04400875
0,044121179
0,043834277
0,044029698
0,044076319
0,043982068
0,043986808
0,043900777
0,044171103
0,043982425
0,043935118
0,044105922
0,043815871
0,044111693
0,044026947
0,043923376
0,044011034
0,043827646
0,044155114
0,043923646
0,044033341
0,043961011
0,043990883
0,044123233
0,043905835
0,044013213
0,043993623
0,043943038
0,044202984
0,043972949
0,04387883
0,043805643
0,045269173
0,042886302
0,044082442
0,044128907
0,043852158
0,044027812
0,043970632
0,043924313
0,043932914
0,043952184
0,044219591
0,04393108
0,043842946
0,044219585
0,043935249
0,043813231
0,044054231
0,043994188
0,04421451
0,04383539
0,043930241
0,044105345
0,04405005
0,044024736
0,043745159
0,044017583
0,0439422
0,044114798
0,044017968
0,043936545
0,044062279
0,044201805
0,043844352
0,043839318
0,044051794
0,043846685
0,044141994
0,043971627
0,043961993
0,043974884
0,044143911
0,044039576
0,043808987
0,045395583
0,042653749
0,043803391
0,043991591
0,044138601
0,043965194
0,043858243
0,044120134
0,043994866
0,043934335
0,043943785
0,044239291
0,043883625
0,04404205
0,043970373
0,043941047
0,044082507
0,043982574
0,043945188
0,043982281
0,043945
0,044087397
0,043782236
0,044311964
0,044076626
0,04374956
0,04403593
0,043941892
0,043981577
0,044181031
0,043847526
0,043944576
0,044014274
0,043985124
0,044130423
0,043774216
0,044045956
0,044147599
0,043904603
0,044055199
0,043870782
0,044082457
0,043879025
0,043933471
0,044186729
0,043854561
0,044010219
0,043904642
0,04411931
0,043972752
0,044010076
0,044144038
0,04387627
0,04404663
0,044020721
0,04380838
0,044042226
0,043991157
0,044156003
0,043916839
0,043939601
0,044029532
0,044228226
0,043786194
0,04385131
0,043954679
0,044083955
0,044011427
0,044077812
0,045346422
0,042486136
0,044058255
0,044124538
0,043861483
0,044087122
0,043898585
0,044021921
0,044011804
0,043898258
0,044094435
0,043854693
0,044121736
0,044096047
0,044002601
0,043966416
0,043920155
0,043943133
0,044084237
0,04387863
0,044087079
0,043943846
0,044200007
0,043739205
0,044318835
0,043829413
0,043900923
0,043856125
0,044108152
0,04402996
0,04402822
0,043960866
0,044070927
0,043991219
0,043953335
0,043946429
0,04396546
0,044023793
0,043973985
0,044020853
0,043997844
0,04396111
0,044007937
0,045283192
0,042636428
0,043991996
0,044017615
0,044073153
0,04390194
0,044232856
0,043861739
0,04393688
0,044115657
0,044081349
0,04382781
0,04390987
0,043987349
0,044138468
0,043895957
0,043969268
0,0440531
0,044036033
0,044012951
0,044010637
0,043846807
0,043955077
0,044094391
0,04399866
0,043957071
0,044052803
0,043894568
0,043994524
0,04393383
0,044000305
0,044042938
0,04400196
0,044114038
0,04384935
0,044040993
0,04400816
0,04416304
0,043856682
0,04407711
0,043851773
0,044056852
0,044006003
0,045225172
0,04274876
0,043977825
0,043936413
0,044076939
0,043995515
0,043967354
0,044014145
0,043912557
0,044087766
0,043984693
0,043989984
0,044006248
0,043838633
0,044119996
0,043990005
0,044046331
0,043930523
0,044056661
0,043987395
0,044030466
0,044072438
0,043800021
0,043981222
0,043940239
0,044061119
0,043973862
0,043935445
0,044097223
0,043917809
0,044025224
0,044049012
0,043793139
0,044146654
0,043854812
0,044088222
0,044037741
0,043844393
0,044097089
0,04405651
0,043960529
0,043955418
0,044103542
0,045257691
0,042676365
0,043908132
0,044130917
0,043929457
0,044075284
0,043989629
0,043805802
0,043984143
0,04408248
0,044037694
0,044159945
0,043920654
0,043900943
0,043949088
0,044042249
0,044074916
0,04401373
0,043970447
0,043985064
0,043863445
0,044054894
0,043860094
0,0442179
0,043930886
0,044062262
0,043923429
0,043895775
0,044125774
0,043857659
0,044070476
0,043930388
0,044226832
0,043821835
0,044021601
0,043984089
0,043933973
0,044051979
0,043939904
0,044095359
0,043941972
0,044038879
0,043886632
0,045318076
0,042635995
0,044207697
0,043881209
0,043976978
0,04402546
0,043974489
0,043954197
0,044271886
0,043791678
0,043819725
0,044169459
0,043980503
0,044005852
0,043919343
0,043951117
0,044102312
0,044011528
0,044003324
0,04395877
0,044060145
0,044007068
0,04401027
0,043949462
0,044020387
0,043986432
0,04524356
0,042702948
0,044089641
0,043853237
0,043952361
0,044070579
0,043979768
0,044082086
0,043836709
0,044125361
0,044074717
0,043863418
0,043907812
0,044145519
0,043955847
0,044022136
0,043847589
0,044077967
0,043949903
0,044101258
0,043996031
0,043883585
0,043951914
0,043982252
0,044244093
0,043813195
0,044025831
0,044007817
0,044085007
0,043883866
0,044073337
0,044017913
0,043860963
0,043943064
0,044101075
0,043981049
0,044073287
0,04389856
0,044149553
0,043897272
0,043951342
0,043927098
0,044099402
0,045192235
0,042772331
0,044004683
0,044011228
0,044013448
0,043799959
0,044024758
0,04405654
0,044093166
0,043968902
0,043988527
0,043893973
0,044063128
0,044007802
0,044011364
0,043938797
0,04406341
0,043899858
0,044039242
0,043982418
0,04393292
0,043963261
0,044166286
0,043931154
0,044103789
0,043862168
0,043884067
0,044081503
0,043840795
0,043995159
0,044264494
0,043889524
0,043910912
0,043920625
0,044093344
0,044060461
0,043971913
0,043890924
0,044068178
0,0441141
0,043931536
0,044737443
0,043292691
0,045323632
0,042575732
0,043985847
0,043965536
0,044035685
0,043978445
0,044168825
0,0436918
0,044124325
0,043965895
0,044017091
0,043978563
0,043993247
0,044079636
0,043889319
0,044055821
0,04404865
0,043912083
0,043985643
0,043992053
0,044007278
0,044189275
0,043800732
0,044090707
0,044036154
0,043840326
0,045234475
0,042605375
0,044209678
0,044025654
0,043891894
0,044034243
0,043931776
0,044098012
0,043865878
0,044110109
0,044027914
0,043871227
0,04400747
0,04420921
0,043875282
0,044049687
0,043757653
0,044117764
0,043887486
0,044055858
0,044043333
0,043813946
0,044111323
0,04407416
0,043935086
0,044002691
0,043889503
0,043918405
0,044118185
0,044019072
0,044062103
0,043948749
0,043986287
0,043977487
0,044043863
0,044185584
0,043757363
0,044038065
0,043919862
0,04417384
0,043899495
0,043978807
0,044075012
0,045184701
0,042514002
0,044195712
0,044021947
0,043809701
0,044151934
0,044086127
0,043866945
0,044261609
0,044126678
0,043575606
0,044060738
0,043876074
0,044022848
0,044088403
0,044072479
0,044023836
0,043933452
0,043770778
0,044185191
0,043887925
0,044081313
0,044012886
0,043826038
0,044129336
0,04394747
0,044078366
0,043994954
0,044175885
0,043807807
0,0443357
0,043710004
0,043825469
0,043984549
0,044279262
0,044181925
0,043467909
0,044274823
0,043944125
0,043981314
0,044073717
0,043941526
0,043799646
0,045414628
0,042730497
0,04393553
0,043926819
0,044310499
0,043974622
0,043727912
0,044186339
0,043880936
0,044055245
0,043803083
0,044160773
0,044021218
0,043975399
0,043889655
0,043895332
0,044106206
0,044048241
0,043936251
0,044153745
0,044015728
0,043855945
0,043996485
0,043807824
0,044096687
0,043862607
0,045545002
0,042523102
0,044147785
0,043981676
0,043705579
0,044315503
0,04389276
0,04403424
0,044054432
0,043813734
0,044233481
0,043676539
0,044079953
0,044131644
0,043983369
0,043959533
0,044135741
0,044017978
0,043780085
0,044207299
0,043818635
0,044128641
0,043875954
0,044106751
0,043943091
0,043995906
0,043944859
0,044271368
0,043746447
0,043884011
0,044129522
0,043993718
0,044018654
0,043806295
0,044024086
0,044098323
0,044035193
0,044147978
0,043706465
0,044105041
0,043814671
0,044217225
0,04387028
0,04519603
0,04287218
0,043860754
0,044004871
0,04412283
0,043891991
0,043932261
0,044261747
0,043637314
0,044214885
0,04421562
0,043714731
0,044113957
0,044068401
0,043878568
0,044112886
0,043693612
0,0441493
0,044003458
0,043901311
0,044050172
0,043992047
0,043887546
0,043869189
0,04437588
0,043625387
0,045532304
0,042671001
0,044030248
0,043964261
0,043894883
0,044131571
0,043817338
0,044132087
0,04384143
0,044027051
0,044102947
0,043795287
0,044210777
0,044016029
0,043901533
0,043826139
0,044295142
0,0436768
0,044101365
0,044001891
0,043925931
0,044157581
0,043942772
0,043934306
0,044136805
0,04378589
0,044160385
0,044113133
0,044116141
0,043700024
0,043828515
0,044207573
0,043897428
0,043871287
0,044148619
0,044019726
0,043915192
0,044071932
0,04405244
0,044041831
0,044064727
0,043713195
0,04407989
0,045589456
0,042487065
0,043955751
0,044036252
0,043910136
0,044023333
0,043957944
0,044020298
0,044053475
0,044047939
0,043854304
0,044029878
0,044031626
0,044013984
0,045071972
0,04300195
0,0441758
0,044914077
0,042758886
0,043853618
0,044130786
0,043957521
0,044069621
0,043888717
0,043968486
0,044100908
0,044512558
0,043473806
0,043874868
0,044031332
0,044035353
0,043973051
0,044486113
0,043402864
0,044041839
0,043986034
0,044018405
0,043797076
0,044196709
0,043851371
0,044119539
0,043792907
0,044058779
0,045371472
0,042629337
0,044023883
0,044140284
0,044012761
0,043776685
0,044134018
0,04392579
0,04398849
0,044007851
0,044123712
0,043760549
0,044090376
0,043850343
0,044195647
0,043849903
0,044214694
0,043946425
0,043919769
0,044093325
0,043850162
0,044073831
0,043864525
0,044113582
0,043787778
0,044118083
0,045175473
0,043027183
0,043925617
0,044055216
0,043998716
0,044134406
0,043657121
0,043912524
0,043973138
0,044221552
0,043920104
0,04402691
0,043991657
0,043892557
0,044059076
0,044000457
0,044008242
0,045437461
0,042449207
0,044001335
0,044135513
0,044009105
0,043770289
0,044236638
0,043672143
0,044330954
0,043852514
0,044151955
0,043854557
0,043899362
0,044032401
0,044114371
0,043934496
0,043801005
0,044133415
0,044107514
0,044000381
0,043964898
0,043979639
0,044090225
0,043974054
0,043925933
0,044010978
0,045357633
0,042781329
0,043918373
0,043926955
0,043893954
0,044025162
0,04394683
0,04400864
0,044095136
0,043936035
0,04376003
0,044244696
0,043962136
0,043930094
0,044106477
0,043785175
0,044272481
0,045324204
0,042686468
0,043867135
0,044150744
0,044092467
0,043584321
0,04420822
0,043898671
0,044145744
0,043929224
0,043810056
0,044067612
0,044137504
0,043905861
0,043970797
0,044066752
0,044008997
0,043779288
0,044001807
0,044181541
0,043820596
0,044052632
0,044037941
0,044024766
0,044079032
0,043950886
0,045262302
0,042732092
0,04405083
0,043673178
0,044161374
0,04394891
0,044233462
0,043810465
0,044013565
0,044030958
0,044012614
0,043801889
0,044179754
0,043780357
0,044070647
0,044000165
0,044063643
0,044061605
0,043961162
0,043927374
0,044072941
0,043990839
0,043934021
0,044194396
0,043702413
0,04403843
0,04516815
0,042834087
0,044144733
0,043651112
0,044323952
0,043925854
0,043984409
0,043942096
0,04384759
0,044248178
0,04388991
0,043956942
0,044062068
0,043983289
0,043982367
0,043922384
0,044189413
0,045237293
0,042634974
0,04414934
0,043900533
0,043855612
0,043892417
0,044248783
0,04395512
0,043944836
0,044094893
0,043841011
0,044163184
0,043815533
0,044053411
0,043943625
0,044070618
0,044156971
0,04391227
0,04401232
0,043850798
0,044083665
0,043991206
0,044288848
0,043631515
0,043991709
0,044062543
0,045068584
0,042804571
0,043984956
0,043943738
0,044102892
0,043975588
0,04405434
0,043880918
0,043917324
0,044184788
0,043728223
0,043949073
0,044219468
0,043816783
0,044225078
0,043910153
0,043840848
0,045443902
0,042889965
0,043811877
0,04385601
0,044236742
0,04407998
0,043673828
0,044326597
0,043852728
0,043877416
0,044093435
0,043770578
0,044166049
0,043841718
0,044102911
0,044034353
0,043990142
0,043987502
0,04406755
0,043789673
0,044002178
0,044079711
0,043896247
0,043932866
0,04398442
0,044330811
0,045041879
0,042618967
0,044037718
0,044264283
0,043947496
0,043851563
0,043954437
0,044020528
0,043952842
0,044191088
0,043865943
0,044054459
0,043735879
0,044278325
0,043826786
0,044218215
0,043737656
0,045408811
0,042612983
0,043942083
0,044156634
0,043885295
0,044088216
0,043955971
0,044036025
0,044050812
0,043981542
0,043762977
0,044223995
0,044018414
0,043948671
0,043921784
0,043899358
0,044106011
0,044085135
0,043829368
0,044139886
0,043965727
0,043990903
0,043838624
0,044031469
0,044157026
0,043919159
0,045377585
0,042474646
0,044000625
0,044140345
0,043888685
0,043884607
0,044401919
0,043958319
0,043754624
0,044014847
0,044049757
0,044092275
0,043777128
0,044117196
0,043925351
0,044117733
0,043879853
0,043860463
0,044118853
0,044331848
0,043626308
0,04407021
0,044000203
0,04388956
0,044117831
0,044141216
0,045109939
0,042715872
0,044031885
0,043839277
0,04408268
0,043883078
0,043953292
0,044232253
0,044042626
0,043866644
0,043923947
0,044148871
0,043770346
0,04398628
0,044139078
0,043816747
0,044222695
0,045302878
0,042522981
0,044112537
0,043989035
0,044011332
0,044038014
0,0440698
0,043866051
0,044011153
0,04403027
0,044029294
0,043871902
0,044027621
0,043988444
0,04401759
0,043819053
0,044269361
0,043728017
0,044222178
0,043902405
0,043996001
0,04403833
0,043977088
0,043916394
0,044052721
0,043962789
0,045200016
0,042792584
0,043990329
0,043866813
0,044155358
0,043975254
0,043821651
0,044032895
0,04403068
0,043987792
0,04410752
0,044077712
0,043842317
0,043999868
0,043822656
0,044192962
0,044122472
0,045018917
0,042778965
0,043986331
0,043946325
0,044153199
0,044547496
0,043362184
0,044051529
0,043985408
0,044046759
0,04393583
0,04405851
0,043920481
0,043904793
0,044115013
0,043900712
0,044127943
0,043945586
0,043824668
0,044117065
0,043887063
0,044005115
0,043963315
0,044098186
0,043805697
0,04425195
0,045048649
0,042907798
0,043910829
0,044079415
0,04395494
0,044029498
0,043931868
0,043957673
0,044056584
0,043946612
0,044090274
0,043977117
0,04398289
0,043940813
0,043975178
0,044113288
0,043737779
0,043925689
0,044310425
0,043836687
0,043855158
0,04419859
0,044018687
0,043888885
0,043847714
0,044130224
0,043982185
0,044009553
0,044110094
0,043754607
0,044165656
0,044052363
0,044000404
0,044006064
0,043954279
0,044041086
0,043795587
0,044119191
0,043879071
0,044184695
0,043828387
0,044110797
0,043974144
0,043804745
0,044168506
0,043957553
0,044076611
0,043933351
0,043862224
0,044219231
0,043836721
0,044155512
0,043828713
0,044157079
0,043854828
0,044139387
0,043986813
0,04396434
0,043817806
0,044079718
0,044182595
0,04375801
0,044101765
0,043923424
0,04411732
0,043854191
0,044048937
0,043979599
0,044063732
0,045184721
0,042816592
0,04377526
0,044166602
0,043823459
0,044123236
0,044081487
0,043934367
0,043852079
0,044230724
0,043994278
0,043937384
0,043897399
0,044007773
0,044013723
0,04395112
0,044000343
0,045376994
0,042385197
0,044256869
0,043889332
0,044008917
0,043981792
0,044049566
0,043982841
0,043972272
0,043973039
0,043894623
0,044102807
0,044094196
0,04379046
0,044135525
0,04402647
0,043909932
0,045461488
0,042576459
0,044086475
0,043891792
0,044018683
0,043978936
0,043864026
0,044100658
0,043902817
0,044086989
0,044041886
0,043801198
0,044016787
0,04420376
0,043858616
0,043849889
0,044152054
0,043991438
0,044475775
0,043501595
0,044080231
0,044013415
0,043703897
0,044233022
0,043784971
0,044198678
0,045088543
0,042886442
0,043777552
0,044231315
0,043859645
0,044186884
0,04389533
0,043778668
0,044047031
0,04423933
0,043928963
0,044060108
0,043731596
0,044188661
0,043790695
0,044148367
0,043815477
0,044158191
0,043839813
0,04406956
0,044088285
0,043980575
0,04402803
0,044111383
0,043900653
0,043917931
0,045183852
0,042783281
0,04428215
0,043616774
0,044100078
0,043869783
0,044130712
0,044133767
0,043939518
0,043958432
0,043918322
0,04396615
0,044072067
0,044050298
0,043890279
0,044043752
0,043974754
0,045384867
0,042492188
0,044038385
0,044082058
0,043868619
0,044059295
0,044068758
0,04390507
0,043895785
0,044101986
0,043943966
0,044079048
0,044025345
0,043986589
0,043917503
0,043846794
0,044139953
0,04386078
0,04413105
0,044152492
0,043814447
0,043933309
0,04418146
0,043872476
0,043849847
0,044168239
0,045083204
0,042805253
0,044075469
0,043971875
0,0439387
0,04376566
0,044265502
0,043887999
0,043915315
0,04410423
0,043988033
0,044167003
0,043960287
0,043867642
0,044024271
0,043985754
0,043899007
0,045482441
0,042687483
0,04398442
0,043940126
0,044101988
0,043869
0,043897977
0,044060365
0,043939557
0,04396501
0,044064691
0,043828941
0,04414261
0,043887581
0,044184326
0,043959883
0,044092543
0,043914594
0,043996428
0,044052789
0,043968278
0,043951629
0,043986585
0,044114616
0,043882781
0,043849903
0,045345572
0,042558557
0,044187748
0,043802095
0,044102731
0,043983998
0,044067516
0,044114283
0,043917498
0,043987251
0,044044438
0,04397579
0,043902345
0,044179425
0,044082029
0,043678126
0,043924902
0,045470942
0,042626702
0,043954837
0,044138911
0,043860344
0,044367983
0,043620182
0,043887394
0,044384654
0,043717908
0,044096499
0,043884522
0,044061649
0,044032974
0,044040223
0,043868066
0,044099311
0,044062368
0,043675844
0,044083864
0,044156244
0,043880993
0,04413773
0,044000445
0,043627956
0,044105899
0,045359939
0,042681326
0,044010459
0,044061133
0,043941389
0,044051182
0,044083994
0,043925139
0,043884105
0,0440339
0,044027911
0,043899847
0,044112716
0,043732402
0,044114473
0,044226306
0,043986678
0,043690169
0,04399421
