0,003800471
0,045371537
0,04679165
0,046854266
0,043942428
0,044001743
0,044131328
0,043634661
0,044059741
0,043888014
0,043966501
0,044179961
0,043956545
0,043673017
0,044088753
0,043854315
0,043965158
0,044045389
0,044098203
0,043927651
0,043967173
0,043991425
0,044024813
0,044071286
0,043324727
0,04392085
0,043781932
0,044080282
0,044137664
0,043658904
0,043888295
0,044225258
0,043868018
0,043980318
0,043919999
0,043958868
0,044142661
0,04406052
0,044010082
0,043923358
0,043917563
0,044057793
0,043966424
0,044031286
0,044017067
0,043819141
0,044266905
0,043749732
0,043927474
0,044138288
0,044012118
0,044166357
0,04375721
0,043939118
0,043939467
0,043988079
0,044050928
0,043953301
0,044049726
0,044040759
0,043818669
0,044068832
0,0440668
0,043915312
0,043895118
0,044171781
0,044083918
0,043750259
0,04392615
0,044199777
0,043851856
0,044014177
0,04403807
0,044069639
0,04395249
0,043845448
0,044087691
0,043882313
0,044103632
0,044043661
0,043985092
0,04392847
0,044147294
0,043852693
0,043970359
0,044086159
0,043827761
0,044111813
0,044020228
0,043944887
0,044080689
0,043883129
0,043977593
0,04395327
0,044018032
0,044061131
0,043862441
0,043956483
0,04411555
0,043911497
0,043956566
0,044134682
0,043954626
0,043965941
0,044024416
0,043996206
0,043998636
0,043911937
0,043997811
0,043914368
0,044060704
0,045911377
0,042101837
0,044087559
0,043961411
0,043899926
0,043893948
0,044057422
0,043991582
0,043905602
0,044146832
0,043873941
0,043939971
0,044091012
0,043761842
0,044076929
0,044074784
0,043981332
0,044101594
0,043910385
0,044097128
0,043772755
0,044127928
0,044116658
0,043868424
0,043958056
0,043973355
0,043929699
0,044043706
0,043939909
0,044128249
0,043906202
0,044126186
0,044024531
0,043812768
0,044004389
0,043951218
0,044053284
0,044127357
0,043769477
0,044117763
0,043889276
0,043924577
0,044199355
0,043794955
0,043991425
0,044148607
0,043917151
0,0439233
0,044039785
0,044185901
0,043854844
0,044088843
0,043766289
0,044034523
0,044181648
0,043766913
0,044036588
0,046078272
0,041945438
0,043876765
0,044187931
0,043857448
0,043992724
0,044006626
0,044026298
0,043906793
0,043924398
0,04416416
0,043934832
0,044024888
0,043996767
0,044118364
0,043792459
0,044228248
0,043929025
0,043904745
0,043925276
0,044078633
0,043952087
0,043993157
0,04396971
0,044059621
0,043949975
0,043964074
0,043949202
0,044064117
0,043795791
0,044078297
0,043946402
0,044200922
0,043941531
0,043896938
0,043942196
0,044059849
0,043959595
0,044020754
0,043976986
0,043987525
0,044102425
0,043939315
0,044003402
0,043830155
0,043961292
0,044021981
0,044007419
0,044102009
0,043863537
0,044165929
0,043936435
0,043855393
0,044022314
0,044010438
0,045684172
0,042454554
0,044006978
0,043982138
0,043923648
0,044012142
0,043954759
0,044072657
0,043919058
0,044111362
0,043857491
0,044017681
0,043963555
0,044072944
0,043880696
0,044072854
0,043930989
0,043970562
0,043933153
0,044082939
0,043998473
0,043959835
0,043902911
0,044016495
0,044117296
0,043965704
0,043865686
0,04403459
0,044006777
0,043968229
0,044018043
0,0439588
0,044023287
0,043902305
0,043980504
0,043885385
0,044184039
0,043931587
0,043965063
0,043963583
0,044014001
0,044124247
0,043910511
0,043997613
0,043964547
0,043971295
0,044152517
0,043869051
0,044066557
0,043962341
0,043954216
0,044169407
0,043866133
0,044035212
0,043965414
0,044058066
0,043872404
0,044050516
0,043997724
0,043952579
0,044148095
0,043882052
0,043945092
0,044011202
0,044054326
0,043854269
0,044035787
0,044038221
0,043963135
0,043962901
0,044115914
0,043832394
0,044022239
0,044068674
0,043906523
0,044100521
0,043910757
0,043998078
0,044118229
0,043816248
0,043953284
0,0441795
0,044011305
0,043820705
0,044017813
0,044085439
0,043904482
0,044110381
0,044060426
0,043832661
0,043910174
0,044017655
0,043985407
0,044016842
0,044056132
0,043881919
0,044064002
0,044122096
0,043846649
0,04401148
0,043874047
0,044062408
0,044158531
0,045201781
0,042792307
0,043803506
0,044039332
0,043967291
0,043982985
0,044040068
0,043983104
0,044220677
0,043801795
0,04395657
0,04394801
0,044119006
0,044017897
0,043951356
0,043921133
0,043893397
0,04412373
0,044021202
0,043993227
0,043989569
0,043934037
0,04411737
0,043910638
0,043932447
0,044097449
0,044015167
0,043942497
0,043921911
0,044082626
0,044009066
0,043938115
0,043939116
0,044120438
0,04382285
0,044118263
0,044014362
0,044020825
0,043873792
0,044065701
0,044036999
0,043863984
0,04410409
0,043818895
0,044019372
0,043936941
0,044136175
0,044033569
0,043865875
0,043918777
0,04412419
0,044125522
0,043915651
0,043889513
0,04398123
0,044016618
0,043890312
0,044104242
0,044013925
0,043833619
0,044091919
0,043919229
0,044097235
0,043961318
0,043998894
0,043939253
0,04401961
0,044058127
0,043918974
0,043988006
0,044113254
0,043757398
0,044062904
0,043934693
0,044246826
0,043901231
0,043957005
0,044046129
0,043871622
0,044254925
0,043689372
0,044058384
0,044120559
0,043923363
0,04389902
0,044012495
0,044006744
0,044118218
0,043949392
0,043912055
0,044042169
0,043946242
0,043925889
0,044002982
0,043970217
0,044041604
0,044105783
0,043923602
0,043958135
0,04433333
0,043792679
0,044088015
0,043971704
0,043774784
0,043996978
0,043998258
0,044015792
0,04405504
0,043941914
0,044040008
0,044031399
0,043949367
0,043985423
0,043923303
0,044078504
0,043856459
0,044027069
0,044054628
0,045283485
0,042689669
0,043896852
0,043969108
0,044129574
0,043949747
0,044009025
0,044039551
0,043858976
0,044241709
0,043902104
0,044059228
0,043887677
0,044167083
0,043798674
0,044018713
0,043919715
0,04407364
0,04390551
0,043924783
0,044114695
0,043907897
0,045355726
0,04278357
0,044017697
0,043942666
0,043985453
0,044084287
0,043813944
0,044132896
0,043903282
0,043941411
0,044026759
0,044051487
0,043919156
0,044080147
0,044003078
0,044090287
0,043927059
0,043911001
0,043933399
0,044011582
0,044007617
0,0440044
0,044057675
0,04388862
0,043979647
0,044222743
0,043938589
0,04393181
0,044000162
0,043914711
0,044010965
0,043915594
0,044025836
0,044075204
0,043906493
0,0440625
0,04389875
0,043937057
0,04406059
0,044042298
0,044100656
0,043780051
0,044116697
0,043867265
0,044088865
0,043902478
0,044031158
0,044025144
0,04390764
0,044125824
0,044032106
0,043885573
0,04397184
0,043930498
0,043975221
0,044105305
0,04399311
0,043920733
0,044034959
0,04413044
0,043863411
0,043947802
0,04394846
0,044156291
0,043814163
0,043991028
0,044172643
0,043837898
0,043992958
0,044083972
0,044077071
0,043859556
0,04396947
0,044034583
0,043984519
0,043925492
0,044140159
0,043998686
0,043962577
0,043880283
0,044157846
0,043831244
0,044109159
0,043966716
0,043874331
0,044065839
0,044135932
0,043933244
0,043995672
0,043903003
0,044049526
0,04410909
0,043918755
0,044004828
0,043962984
0,04392424
0,043975215
0,044080533
0,044065067
0,043971434
0,04400603
0,044051949
0,043889703
0,043991636
0,044002994
0,045038556
0,042935605
0,044154691
0,043825221
0,043977212
0,043998606
0,044125244
0,043985426
0,04384812
0,044107628
0,044099738
0,043920733
0,043906781
0,044084787
0,043958785
0,043989154
0,043876651
0,044155614
0,044076058
0,043892879
0,045104222
0,042880665
0,043970687
0,043934083
0,044000908
0,044066169
0,044094434
0,043879423
0,043984493
0,044029279
0,044058014
0,043901217
0,044120184
0,043873785
0,044126226
0,043807322
0,0440458
0,044049008
0,043889206
0,044058908
0,044086615
0,043849309
0,04398239
0,044022163
0,043893409
0,044118921
0,043981354
0,044060168
0,043857501
0,044000647
0,044156968
0,043902501
0,043874879
0,044161111
0,043991251
0,043972962
0,043937705
0,044203243
0,043783841
0,045103836
0,042839544
0,044112549
0,043948283
0,043910158
0,044087866
0,044074081
0,043779594
0,044139545
0,044034465
0,043923646
0,044066597
0,044040644
0,043921838
0,043983153
0,044055809
0,043840358
0,044063693
0,043952335
0,04397018
0,044073151
0,043886958
0,044110053
0,04402859
0,043877386
0,043974915
0,044160066
0,043876927
0,044087311
0,04391428
0,044019183
0,044097128
0,044107257
0,043842127
0,043931866
0,044159237
0,043882344
0,043896978
0,044003161
0,043940917
0,043938417
0,044121629
0,044105403
0,043832724
0,044114284
0,043888048
0,044148791
0,043955304
0,044032877
0,043964051
0,044028656
0,043960095
0,04404223
0,043940309
0,044070133
0,043887505
0,044112863
0,043856828
0,043935279
0,044183383
0,043794983
0,044013325
0,044039121
0,043988555
0,043923324
0,044208337
0,043818968
0,044039483
0,044015573
0,044688967
0,043433212
0,043964273
0,04403502
0,043928668
0,044018565
0,044027531
0,043859311
0,044048189
0,043961703
0,043962223
0,044534455
0,043535025
0,043958797
0,044041642
0,044429056
0,043618551
0,044040031
0,044005969
0,043971523
0,043985903
0,043833516
0,045866429
0,04219296
0,043962307
0,04398886
0,043996007
0,044038651
0,044005261
0,043951096
0,043984267
0,043969285
0,044083469
0,044010104
0,043990616
0,044101684
0,044124457
0,043817031
0,044128339
0,043920141
0,043792628
0,044175043
0,044021581
0,04459597
0,04329155
0,043943267
0,044042377
0,044004831
0,044080195
0,043904225
0,044024609
0,04400302
0,043995725
0,044075793
0,043957091
0,043953403
0,044018053
0,043995607
0,043892385
0,044067607
0,044078157
0,043941222
0,044039022
0,043902298
0,043960231
0,044179482
0,043961543
0,043908613
0,043929392
0,044077698
0,044016296
0,043953925
0,044050545
0,044065863
0,043846121
0,044136038
0,043861814
0,044108154
0,044017426
0,044036068
0,043896347
0,043987921
0,043820763
0,044083636
0,044099922
0,043974385
0,043859301
0,044196441
0,044002162
0,043979956
0,043975238
0,043917415
0,044109376
0,043878415
0,044127009
0,04402135
0,043770031
0,044124628
0,044139804
0,043912306
0,043971071
0,043986902
0,043977368
0,044023781
0,043933897
0,04390157
0,044185905
0,045143953
0,042759411
0,044026558
0,044018423
0,044006641
0,043967088
0,044034579
0,043797928
0,044168585
0,043990409
0,044061843
0,043965283
0,043938042
0,04398151
0,044016115
0,044049486
0,043924432
0,044009166
0,043860744
0,044055936
0,043949279
0,044053918
0,044047016
0,04405369
0,043925664
0,043926698
0,044101167
0,044043569
0,043932892
0,043968893
0,044018091
0,044031995
0,045045549
0,042895167
0,044036259
0,043931294
0,043945303
0,044038527
0,043985633
0,044092186
0,044040022
0,044015364
0,044008444
0,044002314
0,043991281
0,043867503
0,044011292
0,044165126
0,045201239
0,04396762
0,042639176
0,044081722
0,043935466
0,044004353
0,043941997
0,044011725
0,044041755
0,044020907
0,043931168
0,044046089
0,043974159
0,044069408
0,043895854
0,044079444
0,043951534
0,044030741
0,04397692
0,043962161
0,044110126
0,043893466
0,043927107
0,044137906
0,04394275
0,0440357
0,043895258
0,043984768
0,044156624
0,043903
0,043981381
0,044967064
0,042977225
0,044113776
0,043938235
0,043986664
0,044048447
0,043927151
0,043887984
0,044229656
0,043911116
0,04391121
0,044080075
0,043914463
0,044098574
0,043997117
0,045234886
0,042776359
0,043980951
0,043923163
0,044048033
0,044045142
0,044002222
0,043955734
0,043986354
0,043941871
0,044033906
0,044012284
0,043961292
0,044018925
0,043970875
0,043948398
0,044012563
0,04412118
0,043854438
0,044163244
0,043880462
0,043871857
0,044064813
0,044132996
0,043864073
0,044038021
0,043902415
0,044226085
0,04396904
0,043784246
0,044060448
0,044112114
0,043863681
0,044073001
0,043954818
0,044011974
0,04397728
0,043993649
0,043866465
0,044114291
0,043928845
0,043997056
0,044053223
0,043922488
0,044001488
0,044112163
0,043948182
0,044094814
0,043908586
0,044109076
0,043887962
0,043935657
0,044134172
0,043962786
0,044038142
0,044049521
0,043897617
0,044058511
0,04503434
0,042933454
0,044012532
0,044049019
0,043837152
0,04405168
0,043990287
0,044190693
0,043864875
0,044001236
0,0440386
0,04397294
0,04394336
0,044021041
0,044951927
0,04304166
0,043952887
0,043968203
0,043913454
0,044134822
0,043983541
0,043992664
0,04385892
0,044124782
0,043897107
0,043971823
0,044065994
0,044066726
0,045126281
0,04277524
0,044165058
0,043911634
0,043949678
0,044015569
0,044101435
0,043938758
0,044057023
0,04401022
0,043877742
0,044097661
0,044046203
0,043915969
0,043889259
0,044008814
0,044046543
0,043896766
0,044037526
0,044028864
0,043885428
0,04400661
0,044024136
0,044025305
0,044010389
0,043849904
0,044063126
0,04398713
0,044104906
0,04398158
0,04391239
0,044117847
0,043856148
0,044060131
0,043995653
0,043998649
0,044060237
0,043883966
0,044029246
0,044068064
0,044045545
0,044883722
0,042981254
0,044012203
0,044074223
0,043959188
0,043915249
0,044155432
0,043860132
0,043985052
0,044058418
0,044059915
0,043988966
0,044078599
0,043883371
0,043949754
0,044094345
0,044036552
0,043918198
0,044002897
0,044150367
0,043831808
0,044053525
0,043873305
0,044191868
0,043836661
0,044024916
0,043970128
0,043963548
0,044035684
0,043980135
0,044075198
0,043966161
0,043919171
0,044054345
0,044012064
0,044105162
0,043803225
0,044117308
0,043901533
0,044060348
0,044927104
0,042989712
0,044067807
0,043958618
0,044045727
0,043930695
0,044006854
0,044007252
0,044076505
0,043877401
0,043995218
0,044061076
0,043961673
0,044051777
0,043930857
0,044111049
0,043943496
0,04395372
0,044036856
0,044008622
0,043932435
0,043990679
0,044061678
0,043957485
0,043934947
0,044006725
0,044035579
0,044047866
0,043955613
0,043982831
0,044062825
0,043872048
0,043995636
0,044047323
0,043955787
0,044046233
0,044004299
0,043995094
0,044070716
0,045263186
0,042719206
0,044068772
0,043838147
0,044007074
0,044059378
0,047897265
0,044081341
0,043969508
0,043989411
0,044163519
0,043847378
0,043985393
0,044049207
0,043906836
0,04410176
0,043964341
0,043986288
0,044031217
0,043973661
0,044015535
0,043985758
0,043971851
0,043964822
0,044109631
0,043936182
0,043968316
0,044227625
0,043749033
0,044060089
0,044042523
0,043960804
0,043943311
0,043932447
0,044119286
0,043905901
0,044091019
0,043907689
0,044986727
0,042933905
0,044189232
0,043913521
0,043997651
0,043861084
0,044159485
0,043928644
0,04418441
0,043916659
0,043870161
0,044046962
0,043896986
0,044176339
0,043847117
0,044033403
0,043934242
0,044079767
0,044052161
0,043841859
0,044092858
0,043997646
0,043905927
0,043970443
0,044073782
0,044013981
0,043900683
0,044076051
0,044112606
0,043994333
0,04394773
0,043887871
0,044028494
0,044164029
0,043866266
0,044003715
0,044102647
0,044869612
0,043062374
0,043951676
0,044025575
0,043990836
0,043933245
0,044031341
0,043937525
0,044149364
0,043974291
0,043847202
0,044000563
0,045185309
0,042844887
0,044056172
0,044003677
0,044096086
0,043789209
0,0440038
0,044177842
0,043919696
0,043852633
0,044275029
0,043884215
0,045010308
0,042876386
0,04404522
0,043978685
0,043919021
0,044138529
0,043851754
0,044098137
0,043946384
0,044002506
0,043967505
0,044019785
0,0439554
0,044054305
0,043980796
0,043980717
0,04401289
0,044103982
0,043953338
0,043965005
0,044036223
0,044033948
0,043915739
0,044020905
0,043926481
0,044100011
0,044037206
0,043925667
0,044002289
0,044060639
0,043896319
0,044002518
0,043927493
0,044191743
0,04380089
0,045149514
0,042919698
0,044073475
0,04391313
0,044064045
0,043850602
0,044129951
0,044006674
0,043961611
0,043981885
0,043847032
0,044188026
0,043974425
0,044029365
0,043865391
0,044062806
0,04399709
0,043976695
0,04397965
0,044008319
0,043947597
0,044047062
0,043977918
0,044932267
0,043135561
0,044000617
0,043867194
0,044044482
0,044062524
0,043931104
0,044214368
0,043840512
0,043990895
0,044146819
0,043855408
0,044025548
0,043909761
0,04399497
0,043936709
0,044152445
0,043909797
0,043949298
0,043992609
0,044021311
0,043946153
0,044105691
0,043936045
0,04417123
0,043933508
0,043959623
0,044027405
0,043971313
0,043994983
0,044025292
0,044083008
0,043815085
0,043935606
0,044101202
0,043973945
0,044083354
0,043862689
0,044139979
0,043894462
0,043944972
0,04405161
0,043914032
0,044165946
0,043964955
0,044053435
0,043995392
0,04400765
0,043928635
0,044042344
0,043802598
0,044046131
0,043947764
0,044186865
0,043966426
0,045037935
0,042915435
0,043935413
0,0440751
0,044057283
0,043959391
0,044135406
0,043905181
0,043914305
0,044107833
0,043981212
0,043911178
0,043986577
0,044103898
0,043937868
0,044051545
0,044006696
0,043945843
0,043945691
0,04394915
0,04411751
0,043960815
0,044062954
0,043947606
0,043919106
0,043952797
0,044125097
0,043813851
0,0442183
0,043886334
0,044006131
0,043970813
0,044059151
0,043909568
0,044066272
0,044066853
0,043843834
0,044038841
0,044082568
0,043955459
0,044029436
0,043990555
0,045005981
0,042828445
0,04423863
0,043920779
0,043850792
0,044125251
0,04394982
0,044158279
0,043791641
0,044088932
0,043918197
0,044023945
0,043949959
0,044014146
0,044071913
0,043905097
0,044007136
0,044124332
0,04393234
0,044057168
0,044087888
0,043884224
0,044027701
0,043909323
0,0441119
0,04384123
0,044005895
0,044078663
0,043934459
0,043966956
0,04397147
0,044045066
0,043969015
0,043948103
0,044225371
0,043881095
0,043966432
0,043965226
0,044028853
0,043950286
0,04402362
0,044073489
0,043958535
0,043944713
0,043943092
0,044203775
0,043983137
0,043858966
0,043998646
0,043972239
0,045070518
0,043077177
0,043904087
0,043956178
0,043984983
0,04408029
0,043924557
0,044081206
0,043976117
0,04399124
0,04397711
0,043956602
0,044103692
0,043938447
0,044001627
0,04390606
0,044095811
0,043948911
0,043908691
0,044072356
0,044033584
0,044021765
0,044054354
0,043839214
0,044077174
0,044054116
0,043978998
0,043946793
0,044047348
0,043899703
0,044050359
0,043946632
0,043944358
0,044194143
0,04395187
0,043929217
0,043965319
0,044039089
0,044985777
0,042957693
0,043968964
0,044142737
0,043946832
0,044045053
0,043825945
0,044135645
0,043962952
0,04408294
0,04391482
0,043945619
0,044084379
0,04393079
0,04402924
0,044054898
0,043844044
0,044078713
0,044054061
0,04497411
0,043011749
0,043953646
0,043980672
0,043967142
0,043956274
0,044243555
0,043832101
0,043882938
0,043983704
0,043991599
0,044044904
0,043956189
0,044153852
0,044061699
0,043846971
0,043984662
0,043946741
0,044116693
0,043912486
0,044080367
0,043869349
0,044023555
0,043894274
0,044228568
0,043912869
0,044164603
0,04378645
0,044056174
0,043929848
0,043968587
0,044103361
0,044033779
0,043882408
0,043938691
0,04407087
0,04393947
0,043954563
0,044131238
0,043882092
0,044084417
0,043938275
0,043965986
0,044160278
0,043899066
0,043983181
0,044019187
0,045027776
0,042990819
0,043884132
0,044040282
0,044016819
0,043971443
0,043979528
0,044102397
0,043903297
0,044025627
0,043966578
0,043962727
0,044001683
0,043979344
0,043915278
0,044027302
0,044140494
0,043880034
0,044113113
0,043901043
0,043949889
0,044075549
0,043997591
0,044067753
0,044028925
0,043931887
0,043952811
0,043997217
0,044003421
0,044028647
0,043936796
0,044029446
0,044048891
0,043946223
0,044116273
0,043875143
0,043959447
0,04423486
0,043776512
0,044052918
0,043963419
0,044048333
0,043977676
0,044015991
0,043948986
0,043913597
0,044057406
0,045139077
0,042821828
0,044040217
0,044076376
0,043980417
0,043785056
0,044273831
0,043849913
0,044021966
0,044032986
0,044154053
0,043816484
0,044089798
0,044006102
0,04386689
0,044132745
0,043799915
0,044055926
0,044086361
0,044984285
0,043045174
0,044060868
0,043902889
0,043948239
0,044039901
0,043939078
0,043982935
0,044015284
0,044092324
0,043909472
0,043981024
0,044033458
0,043958471
0,043934803
0,04405875
0,043983277
0,043921313
0,044072123
0,04390378
0,044163131
0,04406342
0,043917845
0,043980097
0,043903589
0,044007113
0,04392871
0,044037966
0,045257694
0,042728597
0,044031883
0,043995678
0,044352575
0,043734092
0,043870702
0,044162226
0,043906698
0,043988961
0,044028001
0,043973929
0,043883478
0,04406211
0,044066853
0,04394673
0,043909086
0,044108623
0,044124693
0,044769261
0,042985093
0,044217787
0,043914932
0,043983819
0,043966215
0,043980857
0,043927174
0,043964418
0,044103642
0,044000831
0,044072107
0,043975423
0,044048727
0,043926335
0,043923161
0,044093724
0,043955305
0,04397615
0,044050525
0,043898778
0,044067125
0,043913598
0,04407657
0,044016298
0,04396949
0,043995689
0,044024703
0,043869722
0,044071022
0,044106134
0,043874455
0,043930612
0,044121301
0,044058266
0,043873058
0,044089874
0,043843373
0,04408447
0,043968794
0,044068154
0,043967247
0,043925666
0,044013504
0,04388076
0,04414158
0,044000396
0,044973548
0,043057831
0,043928843
0,044084723
0,043897217
0,044017663
0,043943477
0,04405791
0,044001551
0,043998064
0,043917679
0,044093614
0,043848411
0,044136453
0,043906627
0,044084022
0,044008443
0,043945968
0,044061156
0,043930949
0,043998943
0,043963697
0,044026399
0,044048323
0,044008755
0,044009725
0,043893539
0,044137175
0,043990212
0,0438881
0,04395019
0,043982302
0,04401274
0,04406658
0,044007216
0,043944596
0,043976045
0,044098799
0,04392423
0,043932629
0,044075098
0,044061692
0,043960743
0,043856318
0,044101675
0,043964178
0,043996481
0,045071989
0,042866774
0,044040158
0,044010882
0,043957806
0,043984482
0,043955119
0,044016472
0,043977214
0,044078707
0,043944388
0,04404704
0,044030961
0,044018979
0,044063463
0,043926734
0,044066281
0,04391092
0,043995847
0,045048564
0,042908461
0,044190059
0,043848873
0,044020218
0,044054747
0,043841776
0,044008467
0,044125937
0,04380569
0,044023586
0,043961078
0,044092571
0,043973348
0,045286373
0,042672186
0,044074463
0,044102989
0,043971788
0,043866804
0,044020746
0,044061788
0,043885883
0,044048076
0,043918801
0,044068241
0,044014448
0,043922382
0,044110381
0,043872106
0,044016897
0,044043688
0,044066338
0,043946021
0,044005871
0,044028741
0,043960091
0,043922062
0,044012773
0,043995189
0,044072575
0,043981643
0,043922679
0,043905229
0,04405099
0,044125633
0,043877329
0,045152432
0,043010761
0,043931055
0,044077593
0,044083043
0,043807827
0,043886605
0,044057366
0,044094501
0,043896089
0,04410561
0,04392618
0,043983891
0,043892397
0,044080513
0,043904673
0,043968236
0,044036149
0,044165647
0,043819454
0,043986702
0,044110756
0,043924773
0,044165867
0,043860001
0,04401517
0,043943874
0,044064918
0,044056949
0,043892637
0,044002033
0,044011994
0,043960916
0,043986313
0,044098399
0,043917636
0,043980689
0,044013955
0,044001567
0,044052685
0,043880791
0,044163654
0,043888983
0,044056889
0,043948658
0,044104571
0,04388147
0,044069189
0,044009919
0,044012834
0,044012125
0,04391975
0,043966805
0,044040413
0,044098383
0,043986305
0,04402703
0,044030591
0,043872322
0,044056979
0,043881775
0,044057239
0,04394793
0,04403297
0,043980548
0,043986773
0,043959269
0,044102138
0,044000779
0,043960941
0,044004611
0,044044505
0,043998495
0,043928595
0,044070981
0,043931924
0,043959333
0,043956349
0,043985371
0,044077022
0,043953068
0,043983662
0,044045862
0,043875907
0,0440756
0,043959147
0,044159808
0,043911691
0,04407042
0,043951609
0,044007069
0,04392601
0,044037851
0,043953395
0,045351249
0,042636272
0,04410302
0,043931527
0,044028758
0,044008564
0,044017658
0,044061055
0,043847573
0,044150849
0,043795405
0,044086814
0,043994206
0,043964859
0,043952737
0,044022843
0,044071498
0,04401978
0,043906892
0,043911753
0,044102086
0,044021246
0,043963038
0,044034675
0,044005042
0,044017545
0,043930267
0,044001938
0,043934814
0,04396024
0,044149536
0,044022611
0,043976151
0,044102411
0,043810261
0,043990221
0,044057308
0,043922317
0,044042405
0,043982486
0,044043907
0,043904744
0,044134837
0,043937795
0,043990726
0,043952057
0,044097842
0,043822345
0,044008039
0,044009108
0,044067641
0,043885611
0,044022549
0,043986128
0,043983516
0,044011345
0,044197574
0,043851634
0,044030827
0,043904556
0,043956842
0,044000866
0,044023683
0,044076164
0,043938611
0,044108507
0,045311602
0,042524431
0,044125997
0,044008766
0,043991493
0,04396505
0,044033981
0,043948809
0,044103698
0,043956623
0,043938128
0,043963439
0,043933396
0,044005804
0,044080804
0,043965
0,043958519
0,044134275
0,043874808
0,044065351
0,044008723
0,044128928
0,043768145
0,043942397
0,044060941
0,044083907
0,043989829
0,043959055
0,043933087
0,044096463
0,043832093
0,04411801
0,044071028
0,043873164
0,04407967
0,044013678
0,043918415
0,044075179
0,043981203
0,043889332
0,044058106
0,043942871
0,044162215
0,043949393
0,044037081
0,04407235
0,043868413
0,04515229
0,042739461
0,043961628
0,044097915
0,043994691
0,04407775
0,043837985
0,044022848
0,04394408
0,04401667
0,043984422
0,044144411
0,043906289
0,043930467
0,044066073
0,044009651
0,043928316
0,044058328
0,043981672
0,044056907
0,043834414
0,04409143
0,044016891
0,043968778
0,043875139
0,04399755
0,044013764
0,044099351
0,043916268
0,044208359
0,043793775
0,04412227
0,043897523
0,043960063
0,044024825
0,043998616
0,044089916
0,043905145
0,044051672
0,044036832
0,043973939
0,043850519
0,044141171
0,044000594
0,043873938
0,044105046
0,044075533
0,044914235
0,04305709
0,043876685
0,044060495
0,043994625
0,043958113
0,044191678
0,043916355
0,044046959
0,043830162
0,043928202
0,044102507
0,043974127
0,043965922
0,043997573
0,044017451
0,044055565
0,043891812
0,043993275
0,045051747
0,043090187
0,04392578
0,043941962
0,044349834
0,043648496
0,044044659
0,043969138
0,043945608
0,044043563
0,044003406
0,044028961
0,043975011
0,043951632
0,044143679
0,043867304
0,044036079
0,044024224
0,044060141
0,043920552
0,044029924
0,043991979
0,045001842
0,043008658
0,044021856
0,043930672
0,043972904
0,044010395
0,043971531
0,04409394
0,043864549
0,044035603
0,043963547
0,04396058
0,044024002
0,0440415
0,043980456
0,043977262
0,043977242
0,043995699
0,043981473
0,044059227
0,04396612
0,044037598
0,043992457
0,0439688
0,044042025
0,045102216
0,042913816
0,043906419
0,044028821
0,043930168
0,04404349
0,043986496
0,044034534
0,04407194
0,044042209
0,04395726
0,043887322
0,04413886
0,043869682
0,043948617
0,043993098
0,044159307
0,043909142
0,043978276
0,043913746
0,044090054
0,044037603
0,044070086
0,043945047
0,043965887
0,044028277
0,043863087
0,04401015
0,044002251
0,044002413
0,043961055
0,04402311
0,043944161
0,044108057
0,044005566
0,04385241
0,044150345
0,043934652
0,043910242
0,044121644
0,04386353
0,044027915
0,044107368
0,043982002
0,043941611
0,043977355
0,04410404
0,045097748
0,042756233
0,043999775
0,044055606
0,044098729
0,043756409
0,044188324
0,043931133
0,043966802
0,043957265
0,044063969
0,043885926
0,04404802
0,043956001
0,044044137
0,043944171
0,043980091
0,044063858
0,044016439
0,045094583
0,042913641
0,044008536
0,043925148
0,044067986
0,043957075
0,043995333
0,04411486
0,043805361
0,044085988
0,044000339
0,043982942
0,044035123
0,043956047
0,043957929
0,044066366
0,043931457
0,044114673
0,043909436
0,043961274
0,043938795
0,044063807
0,044092091
0,043978427
0,044130079
0,043843188
0,044001685
0,043957605
0,044182998
0,043729549
0,04410267
0,043980004
0,043921127
0,044005035
0,044022821
0,044064603
0,043983404
0,043963226
0,044076312
0,043915648
0,044069662
0,04397938
0,044031763
0,043898548
0,04403739
0,044075155
0,043901652
0,045089607
0,042911827
0,044035318
0,043894034
0,044053782
0,044022715
0,044154737
0,043751168
0,044158053
0,044054208
0,043764031
0,044090443
0,044033016
0,044007221
0,043894568
0,044064184
0,043915884
0,04400516
0,044044157
0,043988174
0,044065422
0,04397589
0,043982749
0,043940767
0,04402446
0,043968464
0,044034812
0,044064266
0,043848646
0,044085575
0,04397717
0,043955463
0,044084649
0,043948579
0,044011718
0,043932677
0,044101321
0,043898999
0,044030684
0,044052358
0,043903177
0,044040273
0,044006543
0,043972565
0,043982315
0,044056453
0,044094741
0,043837812
0,044121579
0,043943269
0,043958714
0,044049425
0,04402957
0,044036592
0,043888841
0,044048299
0,04396896
0,043948042
0,044047904
0,04415431
0,04387975
0,043915483
0,043994924
0,044023404
0,044009517
0,044007549
0,04504283
0,042987182
0,044031889
0,043916934
0,044113466
0,04398531
0,043978434
0,043878207
0,044010978
0,043934796
0,044060874
0,044141825
0,04384247
0,044080739
0,043921977
0,044245286
0,043643881
0,044166806
0,043861262
0,044155049
0,04378232
0,044100862
0,044080289
0,043884138
0,044005831
0,044009162
0,044032053
0,044090763
0,043941764
0,043926535
0,044055082
0,044105095
0,043881266
0,043972275
0,04394665
0,044020492
0,043961075
0,044200811
0,043842499
0,044197084
0,043752636
0,044086237
0,043926385
0,04396232
0,043944071
0,044065591
0,044157938
0,044955239
0,042913833
0,044047611
0,044025138
0,044068627
0,043831211
0,044018446
0,044008841
0,043983796
0,044111109
0,043881884
0,044103553
0,044027915
0,043933939
0,043919368
0,04404243
0,04397013
0,043994872
0,044007829
0,043864713
0,044020254
0,044085183
0,04394884
0,04396294
0,044047926
0,044065463
0,044001664
0,043873778
0,044049255
0,044133697
0,043891159
0,04388101
0,044116805
0,044007196
0,043851965
0,04404438
0,044018031
0,043999086
0,043858311
0,044118722
0,044045818
0,043927439
0,043969814
0,0440301
0,043957428
0,044031663
0,043947287
0,045073302
0,04295762
0,044051436
0,04397227
0,043918037
0,044068489
0,044056899
0,04394679
0,044058593
0,043959874
0,043955646
0,043989169
0,04409859
0,04389965
0,044078718
0,043892807
0,043983494
0,04397545
0,044072685
0,043909602
0,044034439
0,044054779
0,043997202
0,04397445
0,043966739
0,044082154
0,04392583
0,044036833
0,043945595
0,044120322
0,044019522
0,043858478
0,044081113
0,044100488
0,043895686
0,043947682
0,044012189
0,044012361
0,043957324
0,044171004
0,043829243
0,04410099
0,043869671
0,044077832
0,044072126
0,043917994
0,044084265
0,045182796
0,042649168
0,043970212
0,044096117
0,043930208
0,044011323
0,043984658
0,04405882
0,043933239
0,043985651
0,044011485
0,043952251
0,043952133
0,04404233
0,04411845
0,043923554
0,043923874
0,044044387
0,044020078
0,045049559
0,042885052
0,044063439
0,044148088
0,043875911
0,043894187
0,04400194
0,044027279
0,043918826
0,044043824
0,044083515
0,04401621
0,043975879
0,04392567
0,044023927
0,044035116
0,044045967
0,04395974
0,043970111
0,043880313
0,044045187
0,044133564
0,044051178
0,04389206
0,04402431
0,04405899
0,043901937
0,044007874
0,044851877
0,043013819
0,044093093
0,043964843
0,044067058
0,043834859
0,044123361
0,044005282
0,043849585
0,043993877
0,044133167
0,044085065
0,043929959
0,043993562
0,043877794
0,044091435
0,043831664
0,044140433
0,04396875
0,044866665
0,043229594
0,043949598
0,044068524
0,043913739
0,04404389
0,043969769
0,043876491
0,044100971
0,04388516
0,044015751
0,043938384
0,043999025
0,0442346
0,043855195
0,04410856
0,044019219
0,043846873
0,043987468
0,043958782
0,044124342
0,043911184
0,044023984
0,044015656
0,044012574
0,044006792
0,043839931
0,044073329
0,043930511
0,044098976
0,043989009
0,043952074
0,043937608
0,044067077
0,044005847
0,043955464
0,043983619
0,043980678
0,043944057
0,044074134
0,043968765
0,044094872
0,043901139
0,043977851
0,044062447
0,043960392
0,044137003
0,045005283
0,042945767
0,043898839
0,044021986
0,043963876
0,044011919
0,04389416
0,044065493
0,04394456
0,044201259
0,043940683
0,043952745
0,044016246
0,044028431
0,043794676
0,0440562
0,044001035
0,044095759
0,043877222
0,044314481
0,043763779
0,044091076
0,043920148
0,043891082
0,044045191
0,044017751
0,043957672
0,044104536
0,043950454
0,04414144
0,04389698
0,044010584
0,04394931
0,043990644
0,043913215
0,044026637
0,043962618
0,044087826
0,044049854
0,04384058
0,044111131
0,043926373
0,04404235
0,044189296
0,043740163
0,044148423
0,043829762
0,045219666
0,042807927
0,043991014
0,044077227
0,043896262
0,044003675
0,044160017
0,044060922
0,043914833
0,043939989
0,04396145
0,044098045
0,043972798
0,043962693
0,044051371
0,043834883
0,044067327
0,043959561
0,044014283
0,043949051
0,044064469
0,04402305
0,044086472
0,043966942
0,043975712
0,043967356
0,043981911
0,0441474
0,043879719
0,043886868
0,044207204
0,043883088
0,043974543
0,043957519
0,044098597
0,04388715
0,044038339
0,04406536
0,044021419
0,043946984
0,044016026
0,043987023
0,043934551
0,04408414
0,044050584
0,043961396
0,043789004
0,045227811
0,042998925
0,043836314
0,04397807
0,044067151
0,043977764
0,043984636
0,043995259
0,043976802
0,04402849
0,04400654
0,043993384
0,043996743
0,04393391
0,044141126
0,043833912
0,044045649
0,044063069
0,043926867
0,045008402
0,043123788
0,043989542
0,043967246
0,04394651
0,044050032
0,04395762
0,043860927
0,044033983
0,044009582
0,043944895
0,044144748
0,044021323
0,043954064
0,043924605
0,04400025
0,043929721
0,044027793
0,044005862
0,044101399
0,043928443
0,044018701
0,043949995
0,044063559
0,043869022
0,044020791
0,043945861
0,044144998
0,045054097
0,042887448
0,043999449
0,043996368
0,043938634
0,043952851
0,043981937
0,044057013
0,043935326
0,044009744
0,043924484
0,044131701
0,043960095
0,044103591
0,043919584
0,043991515
0,04398237
0,044078745
0,044066333
0,045144896
0,042673828
0,043943239
0,044101468
0,043933616
0,043931208
0,044046761
0,044059309
0,044632813
0,043298564
0,043979716
0,044069538
0,043893383
0,043988527
0,044091408
0,043981739
0,043997568
0,043986827
0,04393612
0,044066822
0,043929844
0,04396547
0,044142789
0,043951065
0,043909833
0,043979011
0,044072548
0,044046604
0,043905
0,044133811
0,04394113
0,044064218
0,043834399
0,043995773
0,043996145
0,043955914
0,044142544
0,043923723
0,043955724
0,043945519
0,043982323
0,044114693
0,043916609
0,044040179
0,043937434
0,044013937
0,044031006
0,045043818
0,042895492
0,0440465
0,043969635
0,044150854
0,043890016
0,044069475
0,043969352
0,043929213
0,044049574
0,044017807
0,043902341
0,043983253
0,043986133
0,044103264
0,04389235
0,043969827
0,044087667
0,044057946
0,04386823
0,044193267
0,043873169
0,043962907
0,043971321
0,044049557
0,043971013
0,044025197
0,044039254
0,0439745
0,044008697
0,044020408
0,043936755
0,043957637
0,044010926
0,043960279
0,043950099
0,044012508
0,044097735
0,043892928
0,044010814
0,044016955
0,043944802
0,044094852
0,043935147
0,044063376
0,044021538
0,043897801
0,045106133
0,042927889
0,043872105
0,044023431
0,044047979
0,04392479
0,044046532
0,044029284
0,044018893
0,043859188
0,044047583
0,04405591
0,043871518
0,044004591
0,044006309
0,044199261
0,043960546
0,044011717
0,044033977
0,043955245
0,043984069
0,044022238
0,043891974
0,043956336
0,043961849
0,044038332
0,043988866
0,043988903
0,044103995
0,043991363
0,043925208
0,048176281
0,04388095
0,04388879
0,04415402
0,043882659
0,044068337
0,043891635
0,044089229
0,044003556
0,043955214
0,044118745
0,044026855
0,043854046
0,044089886
0,043986852
0,043837405
0,045331986
0,04261645
0,044065093
0,044043956
0,043943376
0,044113922
0,043887157
0,044004786
0,044068067
0,043948498
0,043928161
0,044182881
0,043831776
0,044007916
0,044144989
0,043864231
0,043974577
0,044049464
0,043979364
0,044077794
0,04394199
0,043999982
0,043945894
0,043920144
0,044201785
0,043976583
0,043994616
0,043942112
0,04393171
0,044208822
0,043834635
0,044022921
0,043951959
0,043847005
0,044120366
0,044772058
0,043260271
0,044117479
0,044019217
0,043822743
0,044029242
0,044008569
0,044020784
0,043975492
0,043847907
0,044142522
0,043952855
0,045075433
0,042886448
0,044015807
0,044110481
0,043937923
0,044027516
0,043986467
0,043798855
0,044139178
0,044026435
0,043915404
0,043944387
0,044114348
0,043983059
0,043946789
0,044067473
0,044062848
0,043994478
0,044012565
0,043924668
0,043927468
0,044054958
0,043985466
0,04402609
0,043934477
0,043946308
0,044209603
0,043879305
0,043995029
0,043980068
0,044040417
0,043998055
0,044036561
0,04389895
0,044087193
0,044041769
0,043896396
0,043947237
0,043993324
0,0440392
0,043984918
0,044020814
0,043909326
0,044046962
0,044044822
0,043823831
0,044016785
0,044166436
0,043899573
0,044054443
0,043907997
0,044018827
0,044020182
0,044057843
0,043912678
0,043925507
0,044007183
0,044045715
0,044080406
0,043882872
0,044071708
0,043977052
0,043949583
0,043988718
0,044069082
0,043931243
0,044011992
0,044130338
0,043879888
0,043953822
0,044021122
0,044113518
0,043903113
0,043979087
0,04395503
0,044097772
0,044097474
0,0438367
0,043963704
0,043972196
0,044085414
0,043954709
0,044016539
0,044020374
0,043985067
0,044006546
0,043982225
0,04395295
0,044052298
0,0438839
0,044098926
0,044009358
0,044042473
0,044011473
0,043903072
0,044029427
0,043941334
0,044466528
0,043544246
0,04404544
0,043918063
0,043979456
0,044126156
0,043892292
0,044056372
0,044115011
0,044302749
0,04351537
0,044017879
0,0439072
0,044106215
0,044022736
