0,020973924
0,014579244
0,053023864
0,013296922
0,007774468
0,010426549
0,003026171
0,012726858
0,004465149
0,003185297
0,003853379
0,00465565
0,00498335
0,010446143
0,002337064
0,002512621
0,009916112
0,002231429
0,004564342
0,002290109
0,002693574
0,002225285
0,00221105
0,002234396
0,002169251
0,002235002
0,00251276
0,002922635
0,003397716
0,004121172
0,004552188
0,003801166
0,003871255
0,003730709
0,003522341
0,005982025
0,002499863
0,003384346
0,00336982
0,003471236
0,003001804
0,003437581
0,003727232
0,002470525
0,003189236
0,003461384
0,003420135
0,003372158
0,004312306
0,002652913
0,002952981
0,002870322
0,003685026
0,003714843
0,003983259
0,002872839
0,003008756
0,002726684
0,002785393
0,003347236
0,003575291
0,004096056
0,003582718
0,004536388
0,004773293
0,003207184
0,003036423
0,006242179
0,006846315
0,004369185
0,004596614
0,004691205
0,003916059
0,003975517
0,004110279
0,006706516
0,002500263
0,0033142
0,00301716
0,004215934
0,006384642
0,004106566
0,002657366
0,003046583
0,002897557
0,002850263
0,002921583
0,002926496
0,003194292
0,002884617
0,003211915
0,002703885
0,003749028
0,003197799
0,003130274
0,003071109
0,003266506
0,003102192
0,002724226
0,002713024
0,002971887
0,003157417
0,00498237
0,002368802
0,003313826
0,003569476
0,003832585
0,00312476
0,002509619
0,003028256
0,00341352
0,002632546
0,00323696
0,003836916
0,002357773
0,002887085
0,002969667
0,003052159
0,003191698
0,00280025
0,002944517
0,003454085
0,00285915
0,002875313
0,003804729
0,002887869
0,002726103
0,003427274
0,002143459
0,003192589
0,003060295
0,004068612
0,003744989
0,003983107
0,004974645
0,004173913
0,003346863
0,004042634
0,005348148
0,004101946
0,003970822
0,004223947
0,004924849
0,003180653
0,004188191
0,003669262
0,003487131
0,003670153
0,003711431
0,004358414
0,00368779
0,003502025
0,003475485
0,003566772
0,003986472
0,003438646
0,003457417
0,004559102
0,004457016
0,006408024
0,003339769
0,003286166
0,003057945
0,002954311
0,003926803
0,002886495
0,002808841
0,002901364
0,002860228
0,00294147
0,003192179
0,003522672
0,003507229
0,002883427
0,002797275
0,003019258
0,003252752
0,002807865
0,003363428
0,003575538
0,003128229
0,00789056
0,003345886
0,003105315
0,002598859
0,003084746
0,003285887
0,00327166
0,00270723
0,002787356
0,003389647
0,003141159
0,003015836
0,002921623
0,002909145
0,003208403
0,003061824
0,003053123
0,002664344
0,002936838
0,002956001
0,00398243
0,004134156
0,002198954
0,003141871
0,003282342
0,002832615
0,003075706
0,003206126
0,004205547
0,002185255
0,004763388
0,002199786
0,002976858
0,002695113
0,003595084
0,003051466
0,002891317
0,00253709
0,004207636
0,002832746
0,002471184
0,003024662
0,002842516
0,002951492
0,003001592
0,003916457
0,00559912
0,005605229
0,002359975
0,002977329
0,002861508
0,002840123
0,002793316
0,002922907
0,003003919
0,00279396
0,002928548
0,00296365
0,003306373
0,002975383
0,003234413
0,003086813
0,002966048
0,003523832
0,002858698
0,00289016
0,003934427
0,002491766
0,003113472
0,00425508
0,004118164
0,003682445
0,002598301
0,002926297
0,002881864
0,002537774
0,003306131
0,003309833
0,003049187
0,003373696
0,002866204
0,003225652
0,003262201
0,0030934
0,002770121
0,003714216
0,004377564
0,004252375
0,004441227
0,005962741
0,003042328
0,003876796
0,003373012
0,003769936
0,003345585
0,003643058
0,004117695
0,004883456
0,003103073
0,00395034
0,004326531
0,003762981
0,003598317
0,00374489
0,004426407
0,003658843
0,003497802
0,003530138
0,005141038
0,003883435
0,004222194
0,004721585
0,00545556
0,003177159
0,003444348
0,004425033
0,003894046
0,003586706
0,004321998
0,006488908
0,002683754
0,003035934
0,002814
0,002647371
0,002693286
0,003557084
0,002975665
0,00245553
0,002966069
0,003068719
0,003128473
0,003088345
0,003607852
0,002655311
0,004060949
0,003141504
0,003499944
0,003107625
0,004300337
0,003187738
0,003443552
0,003258485
0,002501539
0,002620451
0,00295364
0,003045818
0,003038885
0,00317886
0,003302678
0,003293251
0,003364399
0,00311071
0,002734363
0,003424119
0,003557785
0,002189883
0,003188915
0,003124085
0,008611561
0,002810915
0,005210827
0,002479437
0,003012267
0,003595616
0,002815238
0,003365741
0,002682454
0,003169576
0,003585424
0,003425651
0,002995253
0,003338893
0,003210733
0,003401379
0,00345536
0,002881262
0,003471356
0,002895663
0,00283235
0,002428513
0,003461602
0,003225629
0,003394239
0,003674127
0,0040122
0,003606023
0,003529247
0,002670198
0,002802266
0,003160433
0,003274744
0,00360204
0,003456338
0,003533414
0,003170268
0,003333755
0,003640678
0,002688386
0,002711075
0,004065746
0,002669301
0,003802775
0,003510479
0,003331759
0,003592409
0,002386907
0,002818228
0,0031601
0,004714881
0,003869681
0,002819463
0,003278308
0,00306751
0,002762187
0,003194291
0,002849934
0,002909691
0,00309346
0,002467483
0,002754333
0,002848287
0,002838913
0,003190586
0,003193845
0,002978564
0,003806525
0,003408586
0,002482372
0,004056376
0,003277614
0,002773541
0,002657643
0,003294318
0,003670451
0,002859487
0,002925514
0,002566614
0,003212705
0,003536291
0,002793001
0,003471151
0,002845487
0,002691258
0,003167412
0,002721461
0,002707592
0,003093974
0,003304192
0,003099434
0,00291258
0,002911566
0,003031979
0,003493189
0,002601081
0,003094214
0,003030384
0,002969853
0,00275439
0,002879712
0,003283441
0,002983974
0,002880967
0,002856602
0,003105632
0,002858953
0,00288658
0,003418236
0,002925014
0,003284045
0,002903004
0,00310903
0,003162108
0,003095463
0,002660168
0,002706955
0,003224615
0,003543854
0,002743753
0,002801178
0,002917715
0,003099989
0,00368426
0,00359417
0,002211576
0,003187481
0,003072093
0,002687695
0,002713869
0,003289933
0,003527811
0,003114481
0,003507574
0,004931638
0,003298825
0,003293511
0,003542047
0,003303211
0,003429593
0,003540429
0,003587087
0,003913558
0,004849322
0,003076186
0,004180106
0,004430622
0,005273541
0,003429558
0,003522676
0,003719508
0,003537725
0,004616248
0,003490604
0,004056048
0,003711948
0,003352326
0,00374367
0,003518874
0,006324653
0,004989673
0,003638484
0,003911268
0,003212641
0,003875221
0,003294173
0,003668064
0,003596043
0,003785571
0,003476067
0,00361194
0,003490614
0,00388979
0,003837747
0,003694052
0,003614619
0,0032929
0,003502246
0,003357993
0,003529891
0,003495117
0,003747578
0,003694946
0,003711437
0,003443452
0,003510542
0,003549008
0,00316691
0,003823488
0,003838406
0,003175604
0,004399405
0,002725011
0,002742502
0,002804117
0,003341296
0,003897473
0,003119571
0,002628444
0,002771702
0,003079034
0,003429795
0,003090382
0,00273291
0,002705405
0,00277388
0,003026632
0,003171938
0,003420254
0,003034919
0,003617506
0,00399922
0,005593348
0,003659241
0,002727348
0,002882577
0,003617855
0,003669419
0,003014894
0,002714405
0,003241334
0,003276124
0,002867051
0,003213278
0,003157928
0,00290905
0,002696318
0,002898297
0,003254894
0,003216524
0,003679399
0,002945696
0,00316859
0,003014618
0,003579221
0,00372894
0,003665512
0,002776953
0,002731724
0,003074007
0,005621647
0,005565033
0,003463857
0,002429968
0,002254441
0,003142584
0,002510321
0,002588687
0,002982862
0,002749981
0,003334759
0,004263529
0,003176802
0,003178332
0,002867958
0,00279075
0,002900324
0,00316554
0,0029545
0,00293324
0,002846073
0,002813763
0,003300319
0,003087919
0,003143182
0,002886827
0,002945897
0,003190946
0,002673233
0,002895397
0,002925147
0,002875697
0,00293981
0,003005539
0,002844096
0,002925537
0,003014201
0,002660584
0,002901011
0,003081025
0,002918448
0,002907587
0,003214554
0,002903956
0,003015348
0,002824377
0,002833269
0,003146203
0,002730459
0,00283791
0,002917067
0,002989594
0,002922641
0,002973556
0,002829186
0,003072252
0,002935056
0,002996204
0,003154248
0,003024431
0,003005792
0,002987909
0,002906915
0,002916078
0,002840451
0,00315531
0,003120428
0,003550906
0,003521537
0,002952567
0,003130036
0,003281974
0,003172524
0,003056665
0,002777443
0,00331027
0,002105763
0,003039274
0,004145614
0,003884385
0,003965458
0,002153625
0,002746593
0,003160636
0,003507946
0,003982529
0,002337982
0,003125583
0,002884347
0,002988036
0,003051865
0,003654787
0,00277219
0,003055986
0,002376262
0,002971249
0,003276654
0,003169124
0,002759714
0,002998981
0,002646723
0,003051361
0,0031726
0,002971849
0,00284632
0,003122277
0,003246124
0,003241063
0,0030669
0,003150268
0,003235033
0,003101412
0,002802581
0,003383593
0,00289254
0,002847139
0,002742091
0,003262878
0,002965438
0,002868135
0,002920389
0,002915802
0,0028852
0,00547981
0,002767275
0,002622478
0,003091175
0,003099491
0,003899714
0,005574272
0,003693045
0,002774342
0,003308894
0,002926646
0,002881576
0,002992128
0,003117408
0,002804073
0,003059913
0,002626129
0,00289839
0,003484013
0,002737105
0,003034299
0,002986636
0,003107338
0,003224349
0,002686355
0,002782777
0,003605289
0,00292752
0,00297566
0,002690995
0,003148756
0,002890496
0,002903598
0,003224809
0,003129904
0,003591559
0,00316961
0,003034498
0,002978459
0,002665179
0,002865989
0,002853163
0,003069144
0,002979582
0,003086269
0,002890584
0,002860575
0,003165272
0,003870694
0,003209368
0,002764217
0,002594959
0,002874498
0,004035278
0,003543306
0,002422454
0,002888525
0,002983365
0,003258284
0,003263766
0,002920875
0,003083673
0,002867898
0,002680214
0,002965787
0,00299912
0,003389682
0,002613557
0,003168487
0,003257876
0,003526414
0,003781171
0,002878832
0,00292403
0,00324119
0,00368683
0,002324135
0,003025328
0,002809448
0,003038141
0,002898858
0,002630955
0,00301051
0,002982545
0,003124543
0,003006758
0,002658096
0,002990342
0,00310495
0,00444927
0,002353321
0,003200372
0,003523507
0,002411084
0,002811298
0,003370996
0,00393252
0,003350123
0,003192372
0,002826749
0,002923305
0,003374495
0,003005274
0,004153632
0,005596778
0,005569717
0,002413838
0,003456638
0,003783612
0,003858248
0,003790958
0,003526667
0,002139473
0,003107249
0,002912233
0,00276213
0,002780084
0,003423849
0,003015693
0,003846158
0,003336863
0,003425331
0,00324578
0,003204907
0,0027456
0,003385688
0,002232533
0,002638036
0,002987018
0,002953337
0,002845131
0,003059773
0,00306083
0,003096868
0,00314491
0,002898128
0,003223984
0,002936468
0,002816705
0,002866258
0,002797572
0,002528758
0,003417902
0,00352435
0,003346579
0,002854327
0,003019314
0,002980945
0,002805687
0,00301994
0,003154088
0,002942741
0,002764654
0,002772186
0,003055321
0,003029874
0,002886969
0,002875008
0,00303346
0,004429523
0,003275029
0,002520992
0,002825827
0,00316842
0,00305733
0,003691087
0,002840038
0,002352068
0,003247394
0,003007823
0,00289884
0,003086697
0,002978267
0,003628295
0,003499193
0,003071225
0,002815554
0,003127383
0,003107854
0,002970017
0,003081277
0,002887764
0,002863513
0,003376092
0,00326675
0,002587112
0,002680909
0,003297376
0,003153212
0,002920355
0,003269786
0,003881225
0,002985728
0,00311844
0,003677271
0,002715014
0,003033771
0,002918219
0,00292297
0,002919697
0,00314019
0,003368157
0,004117692
0,002551745
0,00276382
0,003408471
0,003139993
0,003802947
0,004694672
0,002762516
0,002635255
0,003537501
0,002823409
0,003152998
0,005576823
0,003121113
0,002380999
0,002521535
0,003020854
0,003280952
0,003085452
0,002813839
0,00320336
0,003476392
0,002919231
0,003131634
0,003534276
0,002795195
0,002769675
0,003019494
0,003106807
0,00256923
0,002943019
0,002932233
0,002899952
0,002830842
0,002943543
0,003143466
0,003082692
0,002622681
0,002905861
0,003044713
0,003438468
0,002437317
0,003254712
0,003375376
0,002751696
0,002643266
0,003119883
0,002696459
0,00268701
0,002965722
0,002935908
0,003745028
0,003120806
0,003223431
0,002921324
0,002952053
0,002758432
0,003112984
0,003263267
0,002931816
0,003311932
0,003825804
0,003899649
0,002213192
0,003295009
0,002783747
0,003135112
0,003198401
0,003238031
0,002761202
0,003402237
0,002987974
0,003216011
0,003311279
0,002767369
0,002859171
0,002892747
0,003185916
0,003331596
0,003296187
0,002933538
0,002961657
0,002946539
0,004257743
0,002134685
0,003473271
0,003555045
0,003518735
0,003514848
0,002342317
0,002446013
0,003025223
0,003084053
0,003425319
0,002823891
0,0029632
0,002696938
0,003485616
0,003240942
0,00341295
0,003412099
0,003301685
0,003079487
0,003147255
0,003148441
0,002980034
0,002851964
0,002868978
0,003392538
0,003145489
0,003423763
0,003082563
0,002828294
0,002668809
0,003060472
0,003013416
0,002992892
0,003099973
0,003384939
0,002889776
0,004708308
0,002380956
0,003084972
0,003308528
0,003681682
0,002618388
0,003187847
0,003003485
0,002782526
0,002555989
0,002980776
0,003021337
0,003249097
0,00300309
0,003107513
0,003027298
0,002913416
0,003057674
0,00291124
0,003085009
0,00300721
0,0027871
0,003072624
0,003144117
0,002981625
0,003040276
0,002864999
0,003006756
0,003030373
0,002918637
0,00326388
0,002936234
0,008817934
0,004510358
0,003055997
0,003394358
0,003125737
0,003102519
0,003494371
0,002969306
0,002963158
0,003122114
0,003052316
0,002613888
0,003034614
0,003098283
0,003750483
0,002680631
0,003057616
0,003135913
0,003004348
0,003117488
0,002921465
0,002826061
0,002950454
0,003145745
0,00301699
0,002640857
0,003066227
0,002775388
0,002776866
0,002923724
0,00292585
0,002852249
0,002992789
0,002805612
0,002998862
0,002802084
0,002954381
0,002897483
0,002936204
0,002923349
0,003095318
0,002899991
0,003365082
0,003613509
0,003077926
0,002544611
0,0034084
0,002604785
0,002921439
0,002913156
0,002956189
0,003564275
0,002923163
0,00442275
0,003757995
0,002425417
0,002499332
0,003388896
0,00271635
0,003359905
0,003388868
0,003438452
0,00287308
0,003029547
0,002546326
0,003045929
0,002708707
0,002819931
0,003127829
0,003076334
0,002952803
0,00324208
0,00298312
0,002937285
0,003007548
0,003017238
0,003165451
0,002927533
0,004235458
0,002258398
0,003308128
0,003013385
0,002969023
0,00307937
0,002937349
0,00295376
0,002939489
0,002915997
0,003147497
0,002874014
0,002914045
0,002992168
0,002632001
0,002849558
0,002913833
0,002934742
0,002809035
0,003390003
0,003130336
0,003185047
0,003273957
0,003371013
0,002930179
0,00296052
0,002916279
0,002874574
0,002896409
0,002866382
0,002820285
0,003004686
0,002927659
0,002877428
0,003024026
0,003032787
0,002778389
0,003345163
0,002603512
0,003101207
0,002906489
0,00297707
0,003083335
0,002992575
0,002861571
0,002731255
0,00269744
0,00314475
0,003554523
0,003110334
0,002916016
0,0029673
0,002945183
0,00351217
0,002820464
0,003014592
0,003201212
0,002831238
0,003277769
0,003480565
0,002583435
0,002901022
0,003039703
0,002998038
0,002976993
0,002962175
0,002965779
0,002971638
0,002984213
0,00298845
0,002615695
0,003057847
0,002958086
0,002967413
0,002988968
0,002960962
0,00309766
0,003371483
0,003063932
0,003269551
0,002848365
0,003321489
0,003630549
0,002611121
0,002819657
0,003026436
0,003099313
0,003188793
0,004122933
0,002174473
0,004067768
0,003161277
0,00301982
0,002966951
0,002897261
0,003256619
0,002930151
0,002649777
0,003095849
0,002836622
0,003021913
0,002686619
0,003321438
0,003635833
0,005975151
0,002109846
0,003291175
0,003699119
0,002212963
0,002706966
0,002866653
0,003063878
0,003554734
0,002819861
0,002956928
0,003106891
0,002983918
0,003272965
0,003196167
0,003011532
0,002923149
0,002644346
0,003180335
0,002913115
0,002480509
0,003030279
0,003077619
0,002736273
0,002963775
0,00285116
0,00306912
0,00294361
0,002901081
0,002705377
0,00323932
0,003208193
0,003259781
0,003061934
0,003354552
0,003364677
0,003050659
0,00342076
0,003093921
0,002889044
0,002677705
0,003206894
0,003040818
0,003067403
0,002883089
0,003657403
0,002507132
0,003480079
0,003082477
0,002918349
0,00313266
0,002849802
0,002707929
0,003086066
0,003690147
0,003279266
0,002917881
0,002900445
0,00270302
0,0026664
0,003154791
0,002920255
0,002888189
0,00293608
0,002950909
0,002693701
0,002908748
0,002815218
0,002738215
0,002626888
0,003335438
0,003742391
0,002967602
0,002999675
0,002710269
0,003419227
0,003239184
0,002981281
0,002942802
0,002941973
0,003196974
0,002704811
0,002919571
0,002982977
0,002899761
0,002839355
0,003132182
0,00287486
0,002996466
0,00613974
0,005934902
0,002214624
0,003087086
0,00297846
0,002947467
0,002668997
0,002673361
0,003336282
0,002958108
0,003020824
0,00265431
0,004161057
0,002870867
0,002841884
0,002931738
0,003383732
0,003093087
0,002980789
0,002763418
0,003320872
0,002804179
0,002988929
0,002536606
0,003003418
0,00331776
0,003010533
0,003227822
0,00263928
0,003260398
0,002487568
0,00337237
0,003914527
0,00348448
0,003819844
0,002431617
0,0028581
0,002759276
0,003018238
0,003470901
0,003303297
0,003033124
0,003370859
0,002921236
0,002514435
0,003054335
0,003823638
0,003688471
0,002303962
0,002846146
0,005600114
0,005342283
0,002030522
0,005192062
0,002458054
0,002891174
0,003122133
0,002871398
0,002717425
0,002822011
0,003266681
0,004346078
0,004395275
0,003974191
0,002682428
0,003348566
0,002647762
0,002850848
0,003257484
0,003039514
0,003142392
0,003176161
0,003245923
0,003241192
0,002984435
0,002746857
0,003030691
0,002923359
0,002889174
0,002869585
0,002918021
0,002952422
0,003157095
0,003030058
0,003006073
0,002788374
0,002669419
0,003027934
0,002981141
0,002992695
0,002783349
0,003211435
0,002603157
0,003182313
0,002934904
0,002934205
0,002903064
0,003097213
0,002734951
0,002949646
0,00290479
0,002864803
0,003052868
0,003086962
0,003330862
0,002953809
0,00290999
0,00453521
0,002666226
0,003405538
0,002786053
0,003120176
0,003015201
0,002530403
0,003235017
0,002863422
0,002930874
0,003174683
0,002660275
0,002896435
0,003118299
0,002971447
0,002735757
0,002688714
0,0032545
0,002881784
0,00302361
0,002966826
0,003312616
0,002748035
0,002651861
0,003325917
0,003756739
0,002881012
0,002921595
0,002876792
0,002575021
0,004264198
0,004075605
0,002164052
0,002939222
0,002880918
0,002779903
0,002886789
0,003012902
0,003233811
0,003083058
0,002827357
0,003507809
0,004049325
0,003675909
0,002272481
0,002744499
0,005570462
0,003329538
0,002880955
0,003181922
0,003194871
0,00341512
0,003207783
0,00282751
0,002884312
0,002657885
0,003116787
0,002832365
0,003431589
0,00354022
0,003015377
0,002727753
0,002918507
0,003043599
0,002956625
0,00306612
0,003153268
0,003629993
0,00367616
0,002077351
0,002602928
0,003069463
0,003081456
0,003306156
0,002882737
0,002806281
0,00386697
0,003735761
0,003822676
0,002104509
0,002905637
0,002887187
0,00289176
0,002941549
0,003388382
0,002347048
0,003014281
0,003082764
0,003023791
0,003205273
0,005083496
0,002148687
0,003334007
0,003440283
0,00353333
0,002517545
0,002739072
0,004213019
0,006300723
0,002739086
0,002372311
0,003084028
0,003097886
0,003046129
0,002919505
0,003055369
0,00292248
0,002906559
0,002855888
0,003206854
0,002573398
0,002971336
0,002950109
0,00426104
0,003029491
0,00326111
0,003073177
0,00371525
0,003404452
0,002649491
0,002722504
0,003241619
0,003316852
0,003933668
0,002841063
0,00284426
0,003170554
0,003080821
0,002683244
0,00274882
0,00293758
0,003242804
0,003084704
0,002998306
0,002546872
0,003394925
0,002554675
0,002923385
0,002987287
0,003327004
0,003245057
0,003086501
0,003191003
0,002811141
0,002690911
0,002742707
0,003036866
0,002814273
0,003268443
0,00296859
0,002856
0,003032028
0,003161601
0,002985111
0,003007676
0,002995043
0,003165724
0,003068353
0,002742999
0,003360391
0,003298055
0,002691001
0,002960692
0,003296359
0,003362624
0,003106876
0,002626141
0,003135923
0,003000591
0,002749254
0,002771278
0,003290392
0,002969503
0,003337394
0,003018568
0,00370758
0,005736687
0,002126739
0,002698017
0,003281172
0,003478662
0,003863336
0,003606689
0,003653359
0,002434085
0,002885373
0,002916259
0,002941623
0,002861712
0,00317004
0,002610763
0,002924073
0,003007188
0,002795071
0,003424573
0,002610545
0,002668202
0,003035147
0,002906136
0,002994057
0,003020867
0,002790373
0,003549037
0,0022868
0,003278295
0,003071539
0,003380677
0,002950163
0,002938679
0,003069405
0,003566832
0,005589441
0,003605735
0,002665781
0,002956943
0,00390273
0,003216123
0,002486631
0,002582373
0,003338283
0,002977079
0,002950735
0,002583995
0,002821686
0,00306842
0,002986876
0,00298793
0,00296713
0,00294118
0,002831466
0,002876785
0,002912343
0,003033738
0,003044266
0,0027415
0,002773048
0,002955812
0,002924629
0,003145489
0,004092306
0,003506087
0,002873574
0,002799174
0,003130189
0,002876724
0,002953897
0,002977328
0,002610211
0,002989579
0,003035861
0,003132868
0,002914553
0,002917624
0,003202312
0,003156831
0,002653696
0,002971035
0,003148067
0,003001314
0,005010336
0,002403101
0,002975646
0,002802422
0,002816312
0,002900172
0,003148313
0,003100375
0,003056135
0,002771584
0,002727803
0,003182633
0,002879843
0,002839517
0,003342592
0,003146418
0,00314974
0,002867852
0,002931269
0,003078931
0,003016814
0,002864393
0,002988653
0,003119387
0,002784999
0,003003022
0,002778067
0,002788689
0,003254419
0,002975004
0,003212594
0,002857749
0,003076793
0,002871986
0,003812028
0,003462602
0,002878955
0,003141181
0,002630422
0,003146622
0,002675274
0,003127253
0,002956671
0,002955257
0,002940439
0,003069567
0,00295926
0,002686904
0,002926815
0,003107835
0,00300546
0,002995121
0,002993322
0,004836023
0,002229123
0,002755328
0,003063194
0,003465372
0,00292774
0,003025292
0,003146535
0,002870681
0,003016673
0,002800365
0,003403389
0,003152929
0,002971625
0,002752704
0,002849938
0,002709867
0,002861828
0,003061535
0,002930628
0,002921798
0,002974594
0,002843964
0,003021003
0,002986126
0,002888186
0,002953329
0,003761332
0,00220089
0,003192731
0,005130992
0,005892034
0,004224556
0,00277523
0,003003469
0,003287924
0,003524731
0,00298076
0,00293638
0,003397078
0,002959074
0,002986092
0,002979627
0,002602926
0,003010223
0,002803088
0,003247918
0,003100927
0,003386902
0,003080214
0,003230546
0,003025639
0,002683056
0,002764343
0,002774938
0,003436968
0,002944848
0,002907726
0,002660951
0,002856918
0,003267435
0,003031556
0,003005669
0,00288433
0,003035061
0,003468326
0,003147891
0,002868084
0,002735767
0,002745633
0,003436179
0,002915387
0,002886368
0,003107242
0,003029165
0,002732113
0,002868995
0,003179069
0,002840562
0,002827536
0,002847599
0,002617743
0,002904967
0,003023824
0,003147981
0,002904106
0,003143235
0,002950726
0,002954378
0,002997652
0,002763818
0,003434759
0,003040755
0,003208614
0,002835384
0,003387039
0,002961687
0,002765417
0,002764646
0,003376387
0,003008409
0,003992753
0,00473213
0,002601913
0,003318674
0,002905958
0,003581429
0,003255616
0,003020227
0,003269203
0,003344161
0,003216997
0,002956461
0,002922316
0,002569602
0,003142801
0,003171152
0,003149041
0,003605045
0,004335972
0,002961071
0,002502395
0,002755186
0,003188844
0,002829421
0,002945433
0,003173889
0,003198698
0,003060003
0,00291692
0,003256057
0,00303452
0,002480829
0,002881403
0,002996863
0,003119899
0,002779233
0,002597737
0,002853186
0,002955359
0,002813466
0,002951176
0,003017102
0,003668387
0,002340486
0,00306118
0,002740019
0,002965113
0,00255701
0,003025903
0,002866743
0,002959842
0,002955674
0,00294741
0,002946109
0,002878586
0,002921104
0,003741461
0,002296534
0,002514004
0,003104108
0,003749885
0,003086047
0,003159429
0,002979289
0,002952703
0,003353406
0,002992914
0,002681719
0,002975157
0,002901867
0,0033053
0,003575038
0,004568639
0,002355989
0,003268038
0,002659537
0,00297659
0,0029187
0,003260426
0,002680192
0,003409988
0,002831613
0,002941967
0,002819235
0,002820933
0,002886183
0,00352868
0,003015898
0,003076174
0,003168958
0,003281856
0,003668699
0,004089588
0,002097957
0,002760596
0,002728954
0,003017468
0,00352753
0,003322164
0,003180746
0,003247467
0,003305962
0,003047955
0,002896421
0,003249168
0,002901978
0,002969581
0,00298145
0,003511925
0,003474238
0,003527593
0,003909896
0,002078307
0,003021632
0,003511977
0,003780343
0,002480974
0,002352002
0,002654629
0,003305106
0,004202676
0,002335793
0,002577846
0,003017842
0,004358915
0,004117447
0,002234811
0,002446142
0,004291035
0,005620175
0,002779284
0,003134597
0,003441882
0,003437167
0,003632843
0,002998934
0,003025861
0,003151996
0,002548131
0,002593145
0,004451074
0,002465173
0,003532306
0,003649262
0,002520419
0,00250564
0,003989866
0,004345349
0,003698324
0,00250314
0,0031133
0,003072317
0,00315122
0,002906366
0,002828049
0,002748184
0,002974129
0,003309637
0,002966572
0,003140668
0,003036217
0,002931344
0,003045106
0,003166592
0,002881953
0,002959764
0,002801262
0,002869186
0,002923981
0,00308555
0,003196907
0,002974617
0,002970977
0,002896228
0,002821306
0,002948349
0,003056334
0,003285114
0,002997871
0,003798438
0,002696932
0,002515842
0,004063599
0,005534608
0,003944896
0,003193719
0,003380972
0,002694559
0,003607309
0,003122637
0,002783014
0,003390977
0,003379907
0,003598668
0,00279603
0,002946454
0,002933899
0,00293145
0,002680301
0,003633101
0,003092555
0,003511658
0,00271509
0,002665345
0,002879278
0,012265573
0,002632532
0,002955862
0,003215246
0,002810797
0,002792275
0,004140097
0,003592376
0,003320002
0,002292388
0,003705958
0,004002026
0,002655374
0,002652385
0,002973449
0,003070515
0,003075942
0,002561348
0,002838083
0,00303192
0,003956692
0,0037112
0,003566152
0,003090471
0,00350002
0,002917586
0,003099315
0,003010111
0,00303666
0,005653705
0,005631461
0,00267882
0,003260721
0,003492573
0,003024026
0,003022272
0,004004385
0,005606849
0,004025083
0,002835327
0,003257363
0,003324392
0,003225057
0,002697378
0,002584693
0,003442179
0,002978924
0,002962923
0,003114917
0,002984993
0,00318248
0,002814761
0,002922615
0,002883528
0,003060702
0,002996123
0,003199081
0,003201819
0,003837305
0,003769421
0,003662656
0,002839294
0,003625033
0,002404482
0,003394566
0,002819685
0,003078422
0,003343615
0,003033188
0,003532217
0,002878226
0,003640407
0,004310651
0,004039604
0,002174217
0,003077843
0,003088413
0,003016161
0,003412116
0,002871685
0,002904421
0,002636943
0,002907319
0,002952526
0,00309426
0,003379318
0,002915327
0,003567104
0,003033707
0,002800994
0,002986079
0,002871337
0,003438784
0,002749394
0,003060998
0,003030924
0,00325873
0,003349577
0,003118263
0,002653564
0,003477184
0,003193399
0,002493564
0,003128476
0,002953415
0,003075522
0,002983886
0,002521694
0,003123832
0,002931753
0,002671256
0,003347697
0,003173297
0,003997436
0,00362527
0,003717067
0,003839977
0,002196898
0,00279016
0,002959799
0,002701334
0,004314008
0,002769692
0,003064747
0,004019041
0,003592793
0,00356707
0,002510284
0,002781411
0,003395276
0,004155019
0,004074823
0,002089271
0,002994432
0,003284355
0,003201108
0,003064681
0,003163687
0,003271471
0,002874333
0,002638502
0,003361373
0,003678232
0,002276771
0,004057463
0,003236727
0,002865975
0,002629541
0,002737583
0,003582413
0,003149284
0,003101222
0,002945731
0,00292367
0,002966045
0,003086896
0,003730073
0,003201333
0,002961261
0,003377121
0,002789886
0,002789608
0,00281769
0,002917813
0,003333211
0,004222694
0,00277114
0,003013186
0,003066544
0,003334636
0,002917988
0,002869151
0,003566185
0,003554299
0,002647158
0,002871112
0,003141937
0,004527143
0,002825608
0,002728383
0,003006318
0,003186361
0,002662586
0,0029217
0,002655249
0,003051588
0,003259826
0,002959231
0,002924153
0,002843114
0,003241702
0,00256483
0,003007988
0,002877686
0,002906037
0,002830086
0,003235361
0,002657702
0,002978154
0,003022142
0,003137833
0,002916319
0,003007743
0,003386086
0,003336017
0,003096071
0,002990382
0,002759226
0,00270063
0,002606843
0,002820968
0,003727781
0,002933395
0,003578979
0,002659992
0,003465204
0,003067021
0,00264678
0,002520212
0,002926185
0,003436768
0,003070004
0,003490427
0,00379085
0,002010885
0,003103886
0,003430716
0,003554295
0,003555427
0,002168406
0,004448653
0,013440286
0,003226169
0,00362224
0,003430889
0,002942956
0,003126827
0,002870988
0,002886133
0,003391667
0,002804011
0,002791624
0,00344465
0,002778132
0,002914748
0,003065868
0,003401327
0,00270173
0,003046203
0,002896832
0,002940693
0,002861406
0,003019718
0,003120854
0,003226471
0,002997424
0,002925632
0,003667841
0,002087449
0,002947966
0,002989112
0,003179436
0,0029201
0,003097538
0,002607641
0,003084514
0,002968367
0,003279463
0,00302637
0,003115614
0,002605017
0,003285468
0,002973013
0,003064369
0,002659097
0,003167061
0,00337754
0,003091941
0,0030455
0,003070305
0,003485714
0,003490717
0,003481764
0,004339169
0,002517572
0,003012925
0,003003743
0,0031788
0,003363516
0,003448855
0,003332437
0,003010651
0,002937373
0,002673323
0,002687879
0,003540165
0,002748472
0,002951844
0,002718227
0,003286017
0,003123242
0,002828414
0,003085187
0,002955983
0,002516381
0,002908308
0,002772963
0,003008611
0,003027816
0,002963121
0,00285266
0,003081268
0,002852125
0,002998026
0,002954158
0,00292122
0,003218476
0,003064115
0,002948837
0,002876889
0,003150404
0,002992751
0,002975137
0,003200408
0,002887344
0,002644131
0,002964342
0,00297827
0,003283185
0,003522851
0,003605282
0,003985661
0,00285864
0,004026845
0,002985442
0,002880859
0,003539615
0,003051764
0,003277898
0,003036698
0,002971852
0,002994871
0,002689927
0,002610853
0,002969012
0,003944586
0,003742166
0,003237683
0,002464938
0,003137599
0,003093621
0,002792156
0,002655609
0,003179171
0,003142682
0,003035614
0,002881192
0,002940298
0,003319989
0,002941934
0,003401859
0,00321328
0,002655337
0,00283534
0,003275934
0,002958163
0,003199972
0,002901951
0,002768326
0,002862011
0,002805267
0,003624747
0,003007424
0,003195015
0,004129229
0,00231998
0,006200437
0,002068725
0,002953775
0,002860285
0,004572899
0,002246129
0,003863531
0,003630686
0,004445623
0,003005607
0,003088445
0,004005013
0,002380392
0,00257096
0,002853149
0,00300606
0,002736641
0,002972488
0,002887773
0,002845216
0,002898255
0,003015559
0,002843217
0,002957983
0,003105033
0,003293236
0,002991398
0,002939668
0,003014825
0,002811903
0,003041387
0,003281723
0,002599124
0,00320289
0,002500167
0,002945959
0,00279704
0,002653783
0,003053308
0,003013858
0,003699424
0,002971244
0,003227926
0,002938027
0,002810941
0,00290978
0,002780575
0,002826799
0,002895466
0,004411634
0,002048019
0,003074949
0,002962489
0,002684948
0,002853949
0,003189916
0,002967861
0,002818337
0,002875186
0,002862431
0,003252226
0,003133448
0,002841012
0,003122197
0,002412713
0,00349388
0,003691902
0,002434269
0,00315932
0,002976796
0,002821537
0,002612808
0,00302904
0,002689672
0,002804306
0,003415289
0,003011749
0,002922448
0,002854784
0,002895405
0,00297777
0,002707879
0,003012827
0,003275977
0,003120908
0,002925877
0,003080274
0,00288843
0,002898994
0,00291322
0,002948341
0,002967785
0,003409587
0,002793933
0,003632872
0,002734714
0,003217192
0,003526609
0,002284292
0,003385379
0,002862344
0,003058281
0,00370231
0,002265191
0,003148591
0,00309711
0,002835355
0,003069964
0,002794006
0,00341627
0,003587873
0,002565008
0,002570893
0,003443892
0,002605468
0,003176594
0,002862394
0,00290237
0,002926215
0,002685377
0,002978034
0,002864961
0,002778094
0,003541948
0,002957147
0,002422617
0,002958901
0,002969314
0,003324586
0,003693417
0,003051838
0,002968146
0,002913865
0,003011309
0,003034196
0,002508527
0,003330715
0,002608048
0,00294791
0,002788176
0,002591386
0,003183455
0,003116108
0,003276401
0,003669732
0,003396313
0,002464454
0,002879291
0,002801382
0,00291975
0,00271638
0,003185132
0,003046869
0,003698527
0,003632483
0,003976909
0,002467979
0,002966692
0,003099289
0,002994637
0,003024636
0,003256226
0,003120142
0,003318887
0,003024376
0,003119693
0,002635465
0,003094162
0,002755901
0,003046357
0,003198589
0,00341972
0,003020524
0,003843957
0,002939125
0,004227018
0,002557805
0,002733046
0,003566796
0,003733268
0,002547677
0,002499043
0,003206571
0,003527002
0,003129656
0,003028094
0,003304366
0,003524528
0,00329471
0,002743509
0,002727547
0,00286842
0,002846023
0,002909179
0,003188049
0,002935002
0,002819779
0,002842417
0,002817272
0,003417195
0,00296645
0,002322903
0,003008135
0,002936666
0,003196668
0,003421531
0,002773088
0,002424635
0,00287716
0,003475444
0,003234453
0,003217725
0,002907172
0,012480981
0,002370202
0,003116475
0,003032401
0,002882638
0,002922791
0,00307619
0,002619304
0,003108436
0,002972798
0,002961788
0,002794134
0,002888435
0,003009573
0,003163251
0,003444711
0,003021747
0,003798861
0,003162677
0,003164774
0,003046145
0,003081251
0,003008283
0,002862512
0,00298956
0,002970766
0,002988137
0,002583913
0,003431681
0,00299003
0,002901157
0,003128413
0,002866819
0,003278016
0,003002312
0,002819235
0,004720035
0,002267512
0,002539457
0,003390448
0,002924911
0,002876133
0,003490824
0,002692075
0,00280557
0,003007931
0,003085945
0,003370377
0,002709963
0,003690746
0,004174244
0,002145429
0,002889458
0,003958303
0,003834744
0,003753486
0,002542403
0,002774607
0,003048671
0,003068846
0,002883672
0,003252812
0,002793565
0,002949141
0,002912815
0,002997845
0,003049833
0,003329695
0,002969238
0,002285847
0,003191929
0,002959919
0,004127349
0,002270057
0,003128526
0,003094774
0,00294837
0,002811915
0,003048404
0,00286158
0,002863562
0,003073037
0,003049007
0,002882788
0,002713045
0,003097818
0,003072495
0,002930919
0,003190687
0,002968401
0,002919459
0,003064825
0,002997792
0,003066803
0,0028585
0,003128449
0,002737255
0,003073069
0,002623149
0,003943139
0,003649314
0,002521375
0,002551527
0,003065818
0,003327917
0,002970769
0,004154088
0,002263562
0,002895199
0,003067612
0,002937507
0,003057729
0,003270188
0,003314176
0,003066467
0,003302413
0,003425687
0,003212261
0,003219929
0,002634277
0,002940157
0,003096514
0,00298949
0,00301747
0,003086475
0,002893022
0,002687443
0,003238742
0,003017725
0,002925639
0,003559108
0,003759752
0,003514776
0,002281495
0,002709424
0,003181024
0,003099404
0,002902387
0,004323345
0,002468091
0,003039129
0,003012555
0,002901187
0,003208656
0,002853915
0,002746148
0,002851896
0,003350269
0,00306992
0,002851543
0,003142747
0,002851974
0,002947799
0,002706852
0,003041433
0,002963313
0,003073035
0,003385944
0,003172658
0,003019934
0,002990521
0,002398139
0,003304581
0,00367644
0,003964905
0,005220415
0,00294744
0,003001594
0,004263342
0,002392293
0,002822855
0,003102054
0,002953396
0,003100767
0,00331909
0,003060779
0,002659305
0,002377613
0,003216812
0,002430816
0,0025711
0,002903056
0,002844237
0,002664511
0,00279881
0,002793169
0,005272675
0,00330277
0,003136766
0,003312498
0,00366122
0,003586906
0,003528049
0,002269048
0,002305599
0,002612531
0,002908859
0,002710082
0,002658778
0,002673596
0,002519878
0,002491406
0,002683486
0,002602752
0,002835769
0,002836095
0,002730131
0,002624236
0,005264673
0,002149511
0,002489682
0,002804277
0,002594673
0,002401861
0,002843654
0,003330022
0,003158918
0,003264395
0,002030236
0,002109842
0,004464218
0,005053476
0,005021519
0,00279297
0,002313537
0,002236547
0,002441672
0,002319417
0,00257225
0,002345951
0,002519652
0,002592156
0,002741525
0,00238312
0,00273603
0,002353353
0,002537623
0,003124874
0,002535374
0,002324666
0,002181157
0,002703667
0,002839704
0,002236239
0,002820608
0,002375962
0,002303429
0,002461502
0,002527392
0,002589342
0,002604467
0,0023791
0,002490293
0,0024545
0,002498083
0,002918436
0,002690763
0,002418274
0,002336606
0,002537453
0,002513029
0,002457813
0,002527426
0,003989627
0,00220439
0,002243792
0,002531635
0,002533606
0,002251379
0,002536675
0,002550537
0,002505148
0,002528525
0,002939058
0,00312068
0,002990397
0,002381922
0,002414422
0,002403871
0,002316995
0,002637588
0,003122994
0,002630419
0,002327377
0,002557366
0,002509566
0,002694249
0,002487282
0,002612803
0,002698408
0,002446281
0,002717864
0,002433357
0,002563049
0,002350658
0,002464004
0,002767678
0,002413603
0,002967654
0,002973998
0,003165197
0,002038306
0,00275502
0,002631679
0,002386878
0,002239189
0,002217327
0,002189968
0,002233044
0,002269268
0,002596925
0,002287337
0,002255667
0,002155651
0,002335333
0,002187379
0,002218093
0,003707429
0,002131391
0,002065869
0,002090261
0,002103049
0,002311554
0,002565032
0,002311618
0,002643294
0,002534734
0,002272992
0,002344372
0,002073097
0,0021822
0,002384514
0,002517528
0,002633244
0,002458555
0,00204168
0,002251955
0,002079143
0,002093999
0,002018839
0,002071078
0,0027079
0,001984794
0,002075746
0,002156093
0,002229352
0,002062021
0,002104734
0,002218468
0,002048315
0,002063369
0,002055448
0,002075615
0,002103646
0,002020887
0,002052467
0,002055351
0,002024709
0,002268185
