0,009985355
0,005461654
0,004002305
0,005776466
0,004006734
0,007466297
0,007155035
0,003285833
0,009751552
0,002784089
0,00509379
0,003430365
0,00374071
0,003414884
0,004067549
0,004000894
0,011176843
0,003235774
0,002878268
0,002761887
0,002534717
0,003596652
0,00330981
0,002551802
0,004910024
0,004943014
0,005448022
0,00272175
0,002788287
0,003045138
0,002654243
0,002574898
0,002956831
0,002442138
0,002257045
0,002569349
0,002192233
0,004700226
0,0032281
0,002418837
0,002231012
0,002451428
0,002567342
0,002389355
0,002599986
0,002378494
0,004856548
0,004917213
0,004348502
0,003809117
0,005047958
0,005167512
0,005809689
0,002700548
0,003802523
0,003406976
0,003262057
0,002525104
0,003952176
0,004068211
0,003159827
0,002815287
0,003546577
0,00330473
0,002886325
0,004796264
0,003194095
0,003345865
0,003531965
0,00398995
0,003636405
0,003414803
0,003664324
0,003744842
0,002962461
0,002575147
0,003535765
0,004070164
0,00568575
0,005309289
0,004580638
0,005173378
0,007362838
0,005027376
0,006444232
0,005508257
0,005295607
0,005852196
0,008127686
0,002292923
0,00306766
0,003209713
0,005929622
0,005924268
0,003409305
0,003192025
0,003293058
0,003355714
0,002810613
0,003254854
0,00348529
0,003529849
0,003381077
0,003197054
0,003469288
0,003672929
0,00297685
0,002723209
0,002941767
0,00327664
0,003045342
0,003410544
0,003523672
0,003180105
0,00501222
0,002507364
0,002578808
0,004439102
0,003338173
0,003070542
0,002831463
0,003671762
0,003364435
0,003862114
0,00364916
0,002279255
0,002994583
0,003367098
0,003372599
0,002790729
0,003315327
0,002797628
0,003334446
0,002876013
0,002907873
0,004556032
0,002262846
0,002711176
0,003405541
0,003010207
0,003372649
0,005623538
0,004525676
0,005410784
0,005010829
0,003655484
0,004728127
0,004952982
0,004566713
0,00335042
0,005602319
0,00486077
0,003818247
0,004876038
0,005606721
0,005126305
0,005157338
0,004872053
0,005021001
0,004545025
0,005883783
0,005248087
0,004966855
0,005515958
0,006774654
0,003506288
0,002915866
0,003583398
0,003236972
0,00409167
0,00220142
0,003196535
0,003099655
0,002826908
0,002616191
0,002838983
0,003605216
0,00351549
0,002921369
0,002769007
0,003029346
0,003219057
0,003336525
0,003552967
0,003540116
0,002440317
0,002674722
0,00278486
0,002806601
0,003254076
0,003534867
0,002588237
0,00309646
0,002890641
0,003050878
0,003075181
0,003215528
0,003227541
0,003454893
0,003398168
0,003174792
0,003495375
0,003358506
0,003135471
0,003475959
0,003455807
0,003348428
0,003539172
0,003403039
0,003383793
0,002858502
0,002793605
0,003583766
0,003883518
0,003981849
0,002768436
0,0056587
0,002830453
0,003271906
0,003665529
0,003067844
0,003006018
0,002856418
0,003571377
0,00284998
0,002912425
0,003187296
0,00322289
0,003227843
0,00315052
0,00435391
0,005596583
0,007785018
0,002704895
0,00335803
0,003328687
0,003331235
0,003458069
0,003230594
0,004077673
0,00331786
0,003275522
0,003613958
0,003960985
0,002913824
0,002794864
0,003282972
0,002973074
0,003997542
0,00256647
0,003082363
0,004234613
0,003927121
0,003882459
0,003467365
0,002874741
0,003585851
0,003321496
0,003141352
0,003506995
0,003347412
0,003493258
0,004113769
0,003306317
0,003653721
0,003329605
0,004250112
0,00534842
0,005282191
0,006592594
0,003737251
0,004626844
0,005235011
0,005477397
0,00510263
0,005417843
0,003915933
0,005371739
0,005302262
0,005222087
0,004731335
0,005377629
0,005456979
0,004700462
0,005097411
0,005126293
0,00545734
0,00797615
0,005144979
0,00473999
0,005290836
0,004846793
0,007885441
0,002250588
0,0036391
0,00352154
0,003198323
0,002943027
0,003294657
0,003500703
0,003468573
0,002882213
0,003351522
0,003208619
0,003024313
0,003208599
0,003400682
0,003012824
0,003212911
0,003514472
0,003417714
0,002886511
0,003522831
0,002849315
0,003178183
0,003801974
0,003541096
0,003407042
0,003063087
0,002968668
0,003442972
0,003377053
0,003259456
0,003871276
0,00364907
0,004213364
0,003152737
0,003403472
0,004125204
0,002658208
0,002870231
0,00271265
0,004917758
0,002765798
0,002840532
0,004211558
0,003454899
0,003705499
0,002754778
0,00394363
0,002784401
0,00312972
0,003386663
0,003060508
0,002915919
0,003021822
0,003255283
0,002570385
0,00345372
0,00388686
0,002542806
0,003859846
0,003272184
0,003544525
0,002969644
0,003779922
0,003566501
0,004050584
0,002819187
0,00314795
0,003747564
0,002872796
0,003556295
0,00333744
0,003369751
0,003622276
0,003012529
0,003679133
0,002491243
0,003826465
0,00384646
0,00286881
0,004241763
0,004617589
0,004152021
0,003026449
0,003207093
0,00402698
0,004233613
0,004720496
0,003229624
0,00318617
0,003247538
0,00316451
0,002815373
0,003433681
0,003293539
0,00369608
0,003648961
0,003581679
0,002962095
0,003597052
0,003175537
0,003386026
0,003200579
0,003111262
0,003946317
0,003500311
0,003211999
0,002927309
0,003806931
0,003832392
0,002718355
0,004292163
0,003292661
0,002920117
0,003524643
0,003524403
0,003606682
0,00272653
0,00317508
0,003046904
0,003440333
0,004173875
0,003626606
0,003787611
0,003557601
0,003378506
0,003312447
0,003517583
0,003666134
0,002814156
0,003751277
0,00360809
0,003154717
0,003484683
0,003525501
0,003380341
0,003217706
0,003442085
0,004284288
0,003456253
0,002993694
0,003485453
0,003527377
0,003041417
0,00324533
0,003261107
0,003456585
0,003193185
0,003494525
0,003743428
0,002591071
0,003000169
0,003730611
0,003335161
0,00343025
0,003401446
0,003649984
0,002975185
0,003586807
0,005019007
0,004994614
0,005183393
0,004064571
0,005136664
0,005038646
0,004427061
0,005336093
0,005976485
0,003506164
0,005715422
0,005339315
0,004324939
0,004126295
0,004794168
0,005379454
0,004844084
0,005145455
0,004813944
0,004421316
0,005134966
0,006267542
0,006312993
0,003203851
0,004957052
0,005164153
0,004508684
0,004691649
0,005085851
0,004808513
0,004345065
0,004460715
0,005001974
0,005456796
0,004485188
0,005358192
0,005304001
0,005264312
0,005279158
0,005642456
0,004953907
0,004443869
0,005227594
0,004702095
0,005118917
0,00534733
0,002797341
0,003295517
0,003084878
0,00418821
0,004082002
0,003112601
0,003358687
0,002745226
0,003021257
0,003812473
0,003158422
0,00329578
0,003656535
0,002810782
0,003299718
0,003232928
0,002789577
0,003066613
0,004755582
0,005593041
0,002523015
0,003131195
0,004050066
0,003779507
0,003721808
0,002348129
0,002679937
0,002979717
0,003353495
0,003247154
0,003672636
0,003166031
0,00332599
0,003096121
0,003433752
0,003535226
0,003626675
0,003540488
0,003091831
0,003500455
0,003725618
0,003634066
0,003833885
0,002210006
0,003046537
0,005294644
0,005619102
0,004222719
0,004446419
0,002548895
0,002937567
0,003723307
0,003532784
0,003963806
0,00248005
0,004802004
0,002939863
0,003297006
0,003406943
0,003119723
0,003410793
0,003727983
0,003060587
0,003447008
0,003398829
0,00336718
0,003556154
0,003414921
0,003345943
0,003300824
0,00355588
0,003479048
0,003396742
0,003673184
0,003527947
0,003076784
0,003712436
0,003249859
0,003187234
0,003671104
0,003304116
0,003300261
0,003330978
0,003484871
0,003597477
0,003311738
0,003607336
0,003071557
0,003233638
0,003814585
0,003428679
0,003215867
0,003398018
0,003504751
0,003382345
0,003526753
0,003409292
0,003000156
0,003358627
0,003432931
0,003540429
0,003491541
0,003177128
0,00349858
0,003771272
0,003908915
0,002790203
0,002821942
0,003128698
0,003197127
0,003155715
0,004069133
0,002283856
0,003467717
0,003651819
0,003994748
0,004145972
0,00225864
0,002566818
0,003489603
0,005940676
0,002374526
0,003573093
0,003347148
0,003415788
0,002937526
0,003901823
0,002545413
0,003674768
0,003619427
0,003351466
0,002955497
0,003267878
0,003017069
0,003828197
0,003007926
0,00333125
0,003123516
0,003848367
0,003259805
0,003071555
0,004315272
0,003022203
0,002813256
0,002814582
0,003466806
0,003317678
0,003358199
0,003571742
0,002966889
0,00353217
0,003407198
0,003515836
0,003333128
0,002971565
0,006446773
0,002454479
0,003240521
0,003116406
0,00350708
0,005897475
0,005132551
0,002221184
0,003323215
0,003308755
0,003509001
0,003460757
0,00314402
0,003443081
0,003608714
0,00304686
0,003525254
0,00302257
0,003563198
0,003422463
0,003525934
0,00304953
0,003391644
0,003378189
0,002815735
0,002881091
0,003554202
0,003504535
0,00367275
0,003577854
0,003634386
0,003089622
0,002789055
0,003014326
0,003835619
0,003327492
0,002712766
0,003377894
0,003268879
0,003224629
0,003660297
0,00319388
0,003302776
0,003747166
0,003603652
0,002847121
0,002964206
0,003571462
0,003657859
0,003658785
0,002715259
0,003474527
0,00308532
0,003363335
0,003178037
0,00346004
0,003239361
0,003533781
0,003433408
0,003809274
0,003724415
0,003314592
0,00336294
0,003760733
0,003560453
0,00280394
0,002973664
0,003288434
0,003602072
0,005114486
0,003799289
0,003615414
0,002993087
0,003495216
0,003299708
0,003747463
0,002750971
0,00325634
0,003430384
0,003816157
0,005067638
0,002297563
0,003441442
0,003536406
0,003108952
0,00304759
0,002899636
0,003188571
0,002768063
0,003350784
0,003335154
0,003644201
0,003565698
0,003246907
0,005555428
0,005606716
0,00465648
0,003078212
0,003254433
0,003885363
0,003449554
0,003892164
0,002604027
0,002979512
0,003242793
0,002907958
0,003164897
0,00336554
0,003282844
0,003129973
0,003597414
0,003232959
0,003319022
0,003067423
0,004083689
0,003859714
0,003051055
0,003913573
0,003306859
0,002751987
0,003347256
0,003258819
0,003445951
0,002789925
0,003639613
0,003924049
0,003169539
0,00317663
0,002940901
0,003370774
0,003938681
0,003504731
0,003639019
0,003409689
0,003185441
0,003238518
0,002975682
0,003785545
0,003525436
0,003146369
0,003528716
0,003240912
0,003456191
0,003713147
0,003334717
0,004431265
0,002613464
0,003086712
0,004144828
0,003627947
0,003067171
0,002638995
0,002916855
0,003526311
0,002976809
0,003190789
0,003121605
0,003683906
0,003578763
0,003125139
0,002796223
0,003486325
0,003363849
0,003518293
0,0033719
0,00342612
0,00373673
0,003506433
0,002980226
0,003230264
0,002677397
0,003671286
0,003580218
0,002981787
0,003243065
0,003712327
0,003281554
0,003762075
0,004255127
0,002373592
0,00346393
0,002835985
0,003367734
0,003597853
0,003535562
0,004301331
0,002876894
0,002884999
0,003436156
0,002955433
0,005773665
0,00241413
0,003274169
0,003076516
0,003189586
0,003065099
0,005608418
0,003038848
0,003028978
0,003657089
0,003591174
0,00474178
0,00225176
0,003066626
0,003124851
0,003435258
0,004305955
0,00274564
0,003284685
0,003089644
0,003745824
0,003168201
0,003828395
0,00345975
0,003599859
0,002966715
0,003428234
0,003431581
0,003413247
0,003235454
0,003540244
0,003017924
0,002760896
0,003233692
0,003775714
0,003382421
0,002923211
0,003480137
0,003859456
0,003069795
0,003091181
0,002655314
0,003000323
0,002955993
0,003437583
0,003604522
0,003384617
0,003576011
0,003641622
0,003274395
0,004803058
0,004092167
0,002755151
0,003123388
0,003318822
0,003261802
0,003237362
0,003578458
0,003019955
0,003590585
0,002991804
0,003310874
0,002963142
0,00345844
0,003392814
0,003237214
0,003661536
0,003078822
0,003446502
0,003315175
0,004114513
0,003110248
0,003327436
0,003652585
0,003945301
0,003747637
0,002138106
0,00332617
0,003521384
0,00327631
0,003411254
0,003416668
0,00338826
0,003610558
0,003153135
0,003414579
0,003290568
0,003309665
0,00328518
0,003462751
0,00329604
0,003041075
0,003386438
0,003951519
0,003197044
0,003366909
0,003190362
0,003377687
0,003453095
0,002874064
0,003492449
0,003265077
0,003333709
0,003148294
0,003856679
0,005249234
0,003281518
0,003221234
0,003603226
0,002373266
0,003872409
0,003424078
0,003008929
0,003329774
0,00334315
0,003156324
0,002990611
0,002774927
0,003632155
0,002970141
0,00362433
0,002824933
0,003767014
0,003591685
0,003309865
0,003584679
0,00330265
0,003310945
0,003266199
0,003408235
0,003434924
0,003503162
0,004131951
0,00232551
0,012329361
0,002338107
0,002709072
0,003130388
0,003702235
0,003277956
0,003431113
0,003409569
0,003726704
0,002964467
0,003572517
0,003694975
0,002980617
0,003493305
0,003739843
0,003418214
0,002538758
0,003412069
0,003482534
0,003550376
0,003404967
0,003475321
0,003135396
0,003463882
0,003361189
0,00349272
0,003391095
0,003430045
0,003117715
0,003378524
0,003604973
0,003039667
0,003332805
0,003412141
0,003476044
0,003195183
0,003810086
0,004194248
0,003703411
0,002873361
0,00266832
0,003989416
0,002909285
0,003304155
0,003349773
0,002952565
0,003359827
0,003831082
0,003662045
0,002641263
0,003115397
0,003370324
0,002947906
0,00298822
0,002932793
0,00270383
0,003480827
0,003185449
0,003360279
0,003840313
0,003100602
0,003670127
0,003238035
0,003414615
0,003456453
0,003416628
0,003616367
0,003426973
0,00348451
0,003343379
0,005345613
0,002500569
0,003828854
0,003517404
0,003884351
0,003595535
0,003671362
0,003636324
0,003164837
0,003323034
0,003763264
0,00376873
0,003284659
0,00308409
0,003118361
0,003602919
0,00424336
0,003186008
0,003267785
0,003120925
0,003449275
0,003362798
0,003379502
0,003348584
0,003429867
0,003493822
0,003189096
0,003556195
0,003346999
0,003268314
0,003490963
0,003391437
0,003875796
0,003237101
0,003250744
0,003677481
0,003514467
0,003315987
0,003233259
0,003122154
0,003145111
0,003159412
0,003155595
0,003240249
0,003244518
0,003561372
0,003367637
0,003678813
0,003520605
0,003176049
0,003096314
0,003075425
0,002815646
0,003851072
0,003680582
0,003608613
0,003427981
0,00301673
0,003462207
0,003618014
0,003487774
0,003491191
0,004071844
0,003788308
0,003605073
0,003225436
0,003518293
0,003318767
0,003343512
0,003402992
0,003698529
0,003379852
0,004391108
0,00260336
0,003898642
0,003578893
0,003315384
0,004298682
0,002942213
0,00394598
0,002451493
0,003501255
0,003323741
0,003347008
0,00324891
0,003665421
0,003385933
0,003786402
0,00289051
0,003259389
0,004033495
0,003720783
0,005702215
0,00236972
0,003645057
0,003518409
0,002639797
0,003003695
0,003549385
0,003447178
0,003324483
0,003271533
0,003496048
0,003373898
0,003341813
0,003128701
0,003354663
0,003546391
0,003432023
0,003261117
0,003264937
0,003446368
0,003546457
0,003624773
0,003447094
0,003025929
0,003829268
0,003379813
0,003102401
0,003563103
0,003307578
0,003554783
0,003293475
0,002831934
0,003749846
0,003021171
0,003217949
0,003094619
0,003610531
0,003324956
0,002975677
0,003357923
0,003609848
0,00484474
0,003407121
0,003153492
0,003446541
0,00291527
0,003220185
0,003232752
0,003075319
0,003129014
0,003291453
0,003302985
0,003511261
0,003481942
0,003843587
0,003272898
0,003024854
0,002957804
0,003430046
0,003811951
0,003325524
0,00327373
0,002885486
0,003719979
0,003237524
0,003498973
0,002995627
0,003934605
0,002970762
0,003572697
0,003323732
0,003224677
0,00355731
0,003052956
0,003086111
0,004014126
0,003842953
0,003624929
0,003012033
0,005247697
0,006257498
0,00445937
0,002799696
0,003441282
0,002991965
0,003508825
0,003448291
0,003084484
0,003414021
0,003392336
0,004931243
0,002773508
0,002971608
0,003457038
0,003116709
0,003462005
0,003259444
0,003382422
0,003371674
0,003346269
0,003369041
0,00398902
0,003775365
0,003289385
0,003404478
0,003418481
0,002923243
0,004060605
0,003569807
0,003817653
0,005275236
0,002895669
0,003133129
0,003320131
0,003370698
0,003561618
0,003391506
0,003013816
0,003028686
0,003202004
0,004448024
0,00368709
0,002686325
0,002703045
0,005603615
0,005677436
0,002164955
0,006265201
0,00244429
0,003208239
0,003223232
0,002946544
0,00358635
0,003125845
0,003411939
0,00432739
0,004128257
0,002806624
0,002844794
0,003529205
0,003092395
0,003451494
0,003225362
0,003520083
0,003287877
0,003479613
0,003247575
0,003632813
0,003424475
0,003583757
0,003607297
0,00307094
0,003255976
0,00344005
0,003448134
0,003259912
0,003496785
0,003128375
0,003327142
0,003473263
0,003608874
0,003480338
0,003379104
0,003109777
0,003849915
0,003381131
0,002870245
0,003222722
0,003689478
0,00333438
0,003619606
0,003345459
0,00294677
0,003399757
0,003453967
0,003280729
0,004795525
0,003486254
0,003335448
0,003822502
0,00327378
0,003437968
0,003247566
0,003453961
0,003408932
0,003441873
0,003336501
0,003840028
0,003581864
0,003403503
0,003155989
0,003280155
0,003721311
0,002870943
0,003704693
0,002846384
0,003565385
0,003729065
0,003179614
0,003528199
0,003412536
0,003941752
0,004341497
0,003688833
0,002971452
0,003256587
0,003619966
0,002826827
0,003484224
0,003619392
0,003497444
0,002847225
0,003784742
0,00397693
0,002822658
0,00288075
0,00526639
0,004884398
0,002495567
0,003123325
0,003314457
0,003577681
0,003373828
0,003656992
0,003329389
0,003384833
0,003365685
0,003501951
0,003207685
0,003406702
0,003582603
0,002856188
0,003171951
0,003341396
0,00348746
0,004115407
0,003709716
0,002813546
0,002864458
0,003073075
0,003111334
0,003520257
0,003354173
0,00296478
0,003318395
0,00356975
0,003878212
0,002824899
0,002777914
0,003527521
0,00303079
0,003013588
0,003107949
0,003234177
0,002849755
0,0038283
0,003538143
0,003404098
0,004480121
0,003717006
0,003603679
0,003211485
0,002484698
0,003079527
0,006280024
0,004243521
0,003191129
0,003324524
0,003001485
0,003416675
0,002917863
0,003666736
0,003268723
0,003446356
0,003434398
0,003235649
0,003158859
0,003214502
0,004053017
0,004244744
0,002387929
0,003120708
0,003175654
0,003596453
0,003385636
0,003030226
0,002776656
0,003489093
0,003957633
0,003382666
0,00271313
0,003600149
0,003508681
0,003392665
0,00313318
0,003514797
0,003509426
0,003461387
0,003194925
0,003442464
0,003608577
0,003424572
0,003175131
0,003863321
0,002284714
0,003182586
0,003273126
0,003744348
0,002729421
0,003525004
0,003388782
0,003376461
0,00321117
0,003121137
0,003067667
0,003954849
0,003199708
0,003505872
0,003059526
0,003307292
0,003348332
0,004205814
0,003012682
0,002693493
0,003477968
0,003106478
0,003747113
0,003162811
0,003124781
0,003460292
0,002913981
0,002942868
0,003387641
0,003698107
0,003187123
0,003949831
0,003673547
0,004609214
0,002922751
0,003322411
0,003985947
0,00364853
0,00393195
0,003569659
0,00209813
0,002992431
0,003886711
0,003436983
0,003432394
0,003355702
0,003485803
0,003332422
0,003337724
0,003280406
0,002937148
0,003946729
0,003587067
0,003514404
0,003180061
0,003066129
0,004316877
0,002925889
0,002882084
0,003300934
0,003338444
0,003700384
0,00305818
0,003811451
0,005641863
0,003887832
0,002947483
0,003343507
0,003096555
0,003121896
0,003245809
0,003189638
0,003370837
0,003247065
0,003964979
0,003444882
0,003309243
0,003202598
0,00375705
0,003356963
0,003042996
0,003879751
0,003147217
0,003423309
0,003201639
0,003854885
0,003265209
0,003348896
0,003967564
0,004113316
0,00425222
0,002526755
0,002700243
0,003445797
0,003464895
0,003773469
0,003473862
0,003654068
0,003528927
0,003484854
0,003298929
0,003154792
0,003671637
0,003496146
0,003294739
0,003423122
0,00345392
0,004381059
0,003013379
0,00321144
0,003126383
0,003545618
0,003146121
0,003431235
0,003580632
0,003326843
0,003122351
0,003586054
0,00279553
0,003367657
0,003711141
0,003541618
0,003421784
0,003451459
0,003432001
0,003520463
0,003704006
0,003143724
0,00352885
0,003762114
0,003170565
0,003502956
0,00391287
0,002478003
0,00354846
0,003524839
0,004192218
0,003704717
0,002435717
0,003051392
0,003370493
0,003207267
0,003465844
0,003324055
0,003643342
0,003195094
0,003872924
0,003417463
0,003257368
0,003780312
0,003046308
0,003461325
0,003500047
0,004933994
0,002074416
0,003313095
0,00369301
0,003422283
0,003545746
0,003449224
0,00343294
0,003248731
0,003386536
0,003725407
0,003050743
0,002898208
0,003180663
0,003203856
0,003729798
0,003337321
0,003174487
0,003931874
0,003096563
0,003429057
0,003222644
0,003405528
0,003491446
0,00519269
0,002683922
0,003563558
0,006381085
0,007749644
0,003127616
0,003102232
0,003166899
0,003459762
0,003434298
0,003031538
0,003080034
0,003129692
0,003112964
0,003193686
0,003298091
0,002933286
0,002863519
0,003016195
0,003172717
0,003666189
0,003128842
0,003624901
0,00348036
0,002978828
0,003497006
0,003339248
0,003836454
0,003354623
0,002801235
0,003400081
0,003535769
0,003289117
0,003600156
0,003853731
0,003158041
0,003100975
0,00315072
0,003423952
0,003325035
0,003499323
0,003315178
0,003367154
0,00337804
0,003095387
0,003447165
0,002831857
0,003355246
0,003472128
0,003694491
0,003290839
0,00350802
0,003521326
0,003759841
0,003386315
0,002954439
0,003559353
0,003415694
0,003223179
0,003694042
0,003093479
0,003073397
0,003256464
0,003331146
0,003566489
0,003780465
0,003982827
0,005401008
0,002273784
0,002780334
0,002940253
0,00412672
0,00300312
0,003629585
0,003369476
0,003055553
0,00302086
0,003361701
0,003526349
0,00353573
0,003243999
0,003467553
0,004026136
0,002521854
0,003916242
0,00296868
0,0034893
0,003118078
0,003580614
0,003451227
0,003310757
0,003430283
0,003266419
0,003010353
0,003539548
0,003370727
0,003300675
0,003446078
0,003043025
0,003471597
0,003293647
0,002900663
0,003514467
0,003390603
0,00335433
0,003569858
0,002392177
0,003984193
0,003446312
0,003579539
0,003164704
0,003779557
0,003136686
0,003409996
0,003271381
0,003373545
0,003402319
0,004212964
0,002386828
0,003564757
0,003552281
0,003321522
0,003405735
0,003365851
0,003030984
0,003352329
0,003243536
0,003141804
0,00339441
0,00325424
0,003558843
0,003935474
0,004525608
0,002285772
0,003626574
0,003389328
0,0030464
0,00305548
0,003141644
0,003595945
0,003512246
0,00316155
0,003208568
0,003278059
0,003298031
0,003464399
0,003350144
0,003073609
0,003521018
0,003423826
0,004192937
0,00228721
0,003414135
0,003464537
0,003070254
0,003704217
0,003190317
0,003271447
0,002991154
0,003517497
0,003224975
0,003578592
0,003479567
0,00338375
0,003747766
0,003763833
0,004016286
0,003656337
0,00514344
0,003079332
0,003937496
0,003523348
0,002804295
0,003184504
0,003373929
0,004201985
0,002791697
0,002669389
0,003549863
0,00484054
0,004093669
0,002543566
0,002831198
0,004923394
0,005635787
0,002784343
0,002821422
0,003426683
0,003154903
0,003240741
0,00323821
0,003099278
0,002690254
0,003497094
0,005216918
0,002780322
0,003592475
0,003734883
0,003367177
0,00290141
0,004306697
0,004055907
0,002794596
0,003165073
0,003490288
0,003612572
0,003578745
0,003702575
0,003391738
0,003307155
0,003543964
0,00347641
0,003358442
0,002771263
0,003934601
0,003745141
0,002929182
0,003038826
0,003584283
0,003689445
0,003523007
0,003432083
0,003470244
0,003508147
0,003472229
0,003321125
0,003408568
0,003414249
0,003349648
0,003937123
0,002892068
0,002952885
0,005537618
0,005560726
0,002544003
0,003370443
0,002942592
0,003644661
0,003593271
0,002886951
0,002944607
0,00395347
0,003616489
0,003606467
0,002459614
0,003869175
0,003261014
0,00364691
0,003140467
0,00350672
0,003234659
0,003341074
0,003222025
0,013156645
0,002202649
0,003020658
0,003213775
0,003478815
0,003747824
0,003714925
0,003598386
0,002789073
0,00282134
0,003593439
0,00413067
0,002109379
0,003085533
0,003458319
0,004116601
0,003373334
0,003515055
0,003825359
0,004191376
0,004116197
0,002201021
0,002852866
0,003512968
0,003089745
0,003457885
0,003377356
0,005259078
0,005642105
0,004266579
0,002774762
0,002738206
0,003582473
0,003403957
0,005111979
0,005597988
0,003776305
0,003015989
0,003095838
0,003643209
0,00311817
0,003359287
0,003285837
0,003543861
0,003190423
0,003354061
0,003439767
0,003558813
0,003476488
0,003180488
0,003327005
0,003354409
0,003596918
0,004019272
0,003616521
0,003802896
0,003601574
0,002106334
0,004607459
0,003114264
0,003223616
0,003053686
0,00357359
0,002794125
0,00294112
0,003463361
0,003546778
0,004580984
0,004096001
0,003008145
0,002561641
0,003816151
0,003039571
0,003368653
0,00364745
0,003287072
0,003216683
0,003701002
0,003410615
0,003236545
0,003973347
0,002199448
0,003625921
0,003144303
0,003160469
0,003379793
0,00303019
0,003052442
0,003201551
0,003617072
0,003408387
0,003575406
0,002936458
0,003214292
0,00295697
0,002878953
0,003218582
0,003198955
0,003238019
0,003696479
0,003503013
0,003450205
0,002875962
0,003657284
0,003848567
0,003496059
0,003880639
0,003647313
0,003673954
0,002647005
0,003436094
0,003730983
0,003350347
0,004227474
0,003769985
0,004089447
0,003586462
0,004036746
0,002249639
0,00328369
0,003597496
0,004099752
0,003950059
0,002545671
0,00267683
0,003720354
0,003395752
0,003419136
0,002938205
0,003119385
0,003527591
0,004247674
0,00369865
0,002821346
0,003003886
0,003854072
0,002051997
0,003049406
0,003446038
0,003854651
0,003189996
0,002708443
0,00325236
0,003384676
0,003626707
0,003611722
0,003083647
0,003103475
0,002910311
0,003188911
0,003239393
0,003531346
0,002988928
0,002855289
0,004295755
0,003623187
0,003310337
0,003163166
0,003443121
0,002996509
0,003474146
0,003835301
0,003431148
0,002750277
0,00277846
0,002688593
0,005521235
0,002268489
0,002804678
0,003448299
0,003531033
0,003367106
0,003357792
0,003507229
0,003360423
0,00294824
0,003441954
0,003925621
0,00307653
0,003490225
0,003377563
0,003093436
0,00352263
0,003316949
0,003366045
0,003220695
0,003378846
0,003399292
0,003183752
0,003151624
0,003332285
0,003192293
0,003128182
0,003261297
0,0038831
0,003352236
0,003145439
0,003332295
0,00383399
0,00254411
0,003284227
0,003314014
0,003463731
0,003519189
0,003500016
0,00300289
0,003768138
0,004122731
0,002353996
0,003150806
0,003015624
0,003641384
0,00415243
0,002124484
0,004399929
0,013769716
0,002885845
0,003131924
0,003156551
0,003740553
0,002953877
0,002862849
0,002790763
0,003644462
0,003449861
0,003161292
0,003218038
0,003532569
0,002745342
0,003153666
0,003729765
0,003299402
0,003236915
0,003725919
0,002943741
0,0032994
0,003211237
0,003277099
0,003182912
0,003986505
0,002745028
0,002737155
0,003438259
0,003347884
0,00406498
0,003666311
0,003009336
0,003575128
0,003820708
0,003255663
0,003168626
0,003586698
0,003545013
0,0033525
0,003429898
0,003241924
0,003804953
0,003200974
0,003297617
0,002893999
0,003575115
0,004191234
0,005830528
0,002385911
0,002638165
0,003711489
0,003326864
0,003474795
0,003143556
0,002552923
0,003349531
0,003741964
0,003753187
0,002445373
0,003363558
0,003418463
0,003358917
0,003231837
0,003715458
0,003041338
0,003382352
0,003264213
0,003354672
0,003497787
0,003603587
0,003342817
0,00308331
0,003033878
0,003514736
0,003222722
0,003536405
0,003377308
0,003314285
0,003295621
0,00343802
0,003158685
0,004077591
0,003953688
0,002342975
0,003048842
0,003660235
0,003282413
0,003147711
0,003657011
0,003951011
0,00359407
0,003584133
0,003310278
0,004587947
0,003537356
0,003234632
0,003548507
0,002970166
0,003027113
0,003135981
0,003010524
0,002976565
0,00291668
0,003392668
0,00427004
0,003992692
0,003293627
0,00245228
0,003097465
0,003236084
0,003404402
0,003547989
0,003751736
0,00350364
0,003380106
0,003303116
0,003200877
0,003330673
0,003441664
0,002933055
0,003491677
0,003550332
0,003420157
0,003226531
0,003695931
0,003139271
0,00298548
0,00316166
0,003188457
0,003386902
0,003045907
0,003792545
0,002201392
0,00611072
0,002226671
0,003423177
0,003439317
0,004943958
0,003680512
0,003144652
0,003593386
0,00289566
0,003479011
0,003358596
0,003402443
0,003762952
0,003785446
0,003320792
0,003331501
0,003344142
0,003618877
0,003285566
0,003159069
0,003747933
0,003105171
0,003287772
0,003535518
0,003372458
0,003574065
0,003044486
0,002987278
0,003185983
0,003378976
0,003417403
0,003632136
0,003605811
0,003002761
0,003374556
0,003006647
0,003710558
0,003245372
0,003044847
0,003036711
0,003754368
0,003526488
0,003135036
0,003465526
0,005776361
0,002826911
0,003454053
0,003442607
0,003533025
0,003511796
0,003397193
0,003273084
0,003063674
0,003653232
0,003417745
0,003652463
0,003250222
0,003445471
0,003311409
0,003116565
0,003849781
0,003258745
0,003539858
0,003227694
0,003464289
0,003382672
0,003255718
0,003500481
0,003385053
0,003335271
0,003663546
0,003380748
0,003654265
0,003169308
0,003099412
0,003191759
0,003559547
0,003481784
0,003182447
0,003377011
0,003273265
0,003599075
0,003262758
0,00393729
0,003083005
0,003472573
0,002788211
0,003754692
0,003386668
0,002640601
0,003535309
0,003125157
0,003369937
0,003711529
0,00323864
0,003315372
0,003288002
0,003740211
0,002873447
0,002900112
0,003249725
0,003239739
0,002868362
0,0031333
0,003512172
0,003013567
0,003504729
0,003535649
0,003042743
0,003419531
0,003126666
0,003553634
0,002989079
0,002950797
0,003413375
0,00363519
0,00277564
0,003061867
0,003344585
0,003537083
0,003240592
0,00509483
0,002924377
0,003356241
0,003381467
0,002917175
0,00330016
0,003252703
0,004240727
0,003655957
0,002197414
0,003027968
0,003623554
0,003072724
0,003542695
0,003346701
0,003329157
0,003679007
0,004036715
0,00326464
0,002845934
0,003177252
0,002935293
0,003033974
0,00283948
0,003635895
0,003397936
0,003021165
0,003254183
0,003335178
0,003600283
0,003781066
0,003305947
0,00314006
0,002940167
0,003219627
0,004103221
0,005723421
0,002313229
0,003908526
0,003679394
0,003889789
0,002933965
0,003054914
0,003223557
0,003234002
0,003511624
0,002888225
0,002882072
0,002925927
0,003042046
0,003268086
0,003344353
0,003357329
0,003359353
0,003890646
0,003327072
0,003492445
0,003611815
0,003091979
0,002602563
0,003795521
0,003557331
0,004041222
0,003991924
0,00348797
0,00338186
0,003224712
0,003072147
0,003222622
0,003270807
0,003724138
0,012029054
0,0030742
0,003176821
0,003177898
0,002931963
0,003676056
0,003712858
0,003687757
0,003112664
0,003420082
0,003406609
0,003335598
0,003463057
0,003235452
0,00297172
0,003294113
0,002906224
0,003193555
0,003244355
0,003326034
0,003475049
0,00332082
0,003426411
0,003347374
0,003333717
0,003126468
0,003121885
0,003222423
0,004029475
0,003463958
0,003287964
0,003524291
0,003159949
0,004955573
0,003081662
0,003311671
0,003335303
0,003719333
0,003649217
0,002846563
0,003322652
0,002907748
0,003417541
0,003468127
0,004437737
0,003658475
0,002866829
0,003666121
0,003961169
0,003836829
0,002335852
0,003496575
0,003449237
0,003870958
0,003736999
0,002808174
0,003350732
0,003380926
0,00340852
0,003598657
0,003224708
0,00327405
0,003099459
0,003409939
0,005037783
0,002690977
0,002888021
0,003188552
0,003204292
0,003785834
0,003562459
0,003476812
0,003336815
0,003321877
0,003700027
0,003111036
0,003521376
0,003313791
0,003545889
0,003523934
0,003438357
0,003472571
0,003629212
0,003270877
0,003803777
0,003573614
0,003408243
0,003424062
0,003713417
0,004013191
0,002610598
0,002535924
0,003525061
0,003533547
0,005484329
0,002486561
0,004036314
0,003096702
0,003813413
0,003395128
0,002966506
0,003238216
0,003507
0,003116283
0,003246816
0,003319424
0,003378177
0,003379112
0,003899369
0,003068285
0,003777928
0,003042573
0,00356818
0,003398933
0,00336271
0,00417636
0,003840212
0,003511598
0,003523902
0,002748979
0,003483334
0,002714194
0,003299709
0,00467439
0,002692255
0,003570985
0,003416159
0,003195561
0,003446066
0,003495436
0,00329737
0,003557285
0,003315996
0,003412151
0,003444881
0,003635528
0,003312298
0,003493952
0,003633778
0,003233177
0,003439642
0,00347339
0,003428137
0,003255423
0,003915047
0,003930077
0,003646295
0,003626199
0,002452922
0,002791845
0,00474676
0,002182569
0,003340616
0,00301162
0,002991878
0,002943149
0,003214812
0,003020589
0,00288463
0,003144823
0,002973777
0,003093682
0,003224118
0,003228848
0,00293813
0,002934771
0,00285719
0,004140146
0,005240685
0,00293593
0,002400295
0,002927167
0,004036644
0,003708504
0,002858227
0,002702013
0,002927219
0,002675014
0,002639764
0,003023256
0,002759171
0,002850985
0,002722878
0,00243331
0,002622674
0,002505584
0,002588643
0,002853754
0,002840756
0,003419409
0,00392545
0,002489283
0,002813164
0,002637003
0,002484533
0,002652218
0,003014618
0,003276343
0,003036405
0,002149502
0,002456178
0,004305306
0,005087953
0,005004408
0,003114491
0,00274832
0,002554466
0,002720927
0,002067975
0,002753987
0,002347705
0,002367674
0,002594712
0,003125449
0,002366886
0,002294367
0,002915206
0,002765002
0,002527619
0,002422378
0,002639566
0,002827463
0,002518221
0,002631929
0,002396021
0,002511207
0,00252952
0,002548634
0,002383022
0,002635286
0,002474982
0,002432338
0,00255954
0,002690068
0,002414579
0,002540361
0,002567065
0,002445241
0,002568362
0,002563617
0,002507395
0,002451015
0,002398401
0,002727017
0,00427744
0,002538489
0,002399179
0,002291298
0,002542635
0,002499704
0,002468968
0,002457076
0,002583327
0,002887077
0,002954262
0,003090578
0,002969437
0,002369218
0,00237279
0,002408239
0,00248206
0,002359052
0,00240357
0,002334609
0,002884412
0,002594783
0,002802221
0,00246617
0,002354585
0,002308266
0,002728784
0,002386487
0,002673269
0,002236695
0,002410276
0,002615615
0,002456306
0,002444429
0,003190415
0,002973001
0,00297409
0,002905738
0,002388461
0,002889448
0,002603547
0,002173594
0,002146704
0,002613176
0,002570831
0,002287615
0,002353449
0,002244881
0,002209946
0,002368224
0,002143381
0,00227275
0,002323804
0,003934192
0,002210792
0,002215408
0,002117283
0,002282934
0,002514339
0,002145668
0,002218514
0,002162661
0,002149304
0,002241078
0,002156572
0,002370935
0,002633065
0,0022979
0,002280502
0,002670702
0,00262411
0,002103604
0,002036567
0,002085809
0,002145496
0,002243725
0,002182358
0,002687244
0,002366082
0,002076475
0,002234173
0,002301883
0,002068602
0,002082128
0,002025739
0,002108002
0,002082742
0,002105039
0,002254573
0,002121429
0,002155515
0,002228051
0,002270221
0,002123138
0,002052241
0,002033345
0,002026035
0,002068653
0,002087455
0,002034509
0,002125925
0,002035327
0,002060051
0,002036475
0,002082502
0,002039487
0,002035609
0,002031098
0,002070669
0,002074533
0,002049353
0,002152307
0,00204987
0,002115572
0,002099888
0,002085039
0,002025853
0,002124473
0,002036637
0,002054588
0,002269392
0,003703887
0,002082111
0,002085383
0,002066904
0,002296606
0,002052008
0,002070646
0,002140806
0,002069783
0,002082215
0,002048377
0,002063611
0,002043588
0,002107824
0,002099523
0,002181216
0,002215906
0,002163634
0,002057366
0,002068779
0,002050929
0,002126878
0,002141201
0,002087029
0,002204871
0,002197377
0,002291453
0,002142452
0,002072104
0,002296924
0,002542172
0,002092833
0,002036071
0,002111331
0,00223155
0,002092596
0,002091021
0,002115384
0,002001743
0,002121266
0,002165254
0,00195919
0,002121653
0,002094364
0,002118917
0,002199365
0,002127599
0,002077871
0,002155559
0,002333256
0,002160829
0,002092968
0,00209206
0,002118525
0,002410338
0,002190394
0,002130055
0,002137099
0,002130958
0,002120124
0,002150771
0,002137521
0,002108841
0,002290895
0,002285352
0,002268786
0,002160142
0,002160089
0,002223864
0,002584348
0,002126022
0,002075081
0,002129068
0,002147163
0,002168602
0,002191841
0,002307468
0,002086716
0,002115871
0,002155485
0,002135046
0,00210144
0,002353341
0,002434871
0,002118634
0,0020771
0,00208441
0,002067356
0,003571359
0,002195364
0,00206258
0,002102807
0,002187704
0,002073567
0,0020986
0,00213396
0,002123289
0,001991503
0,002062325
0,002113232
0,002072356
0,002057144
0,002121826
0,002018117
0,002082414
0,002075383
0,002073323
0,002034009
0,002043782
0,002116755
0,002172567
0,002011432
0,002090074
0,002170747
0,00213741
0,002134667
0,00210709
0,002225363
0,002123424
0,002080074
0,002062893
0,002051883
0,002102964
0,002153158
0,002071502
0,002145038
0,002129956
0,002249817
0,002064569
0,00211405
0,002165211
0,00208658
0,002240606
0,002061746
0,002071287
0,00206702
0,002091765
0,002161215
0,002119541
0,002165267
0,002168118
0,002222104
0,002069392
0,00204479
0,002051723
0,002119133
0,002124092
0,002143208
0,002129064
0,002143375
0,002092704
0,002204628
0,002052351
0,002077618
0,002069043
0,002039456
0,002172481
0,002101449
0,002120115
0,002184797
0,002104577
0,002101554
0,002002558
0,002108247
0,002066811
0,002098908
0,002169037
0,002042203
0,00215109
0,00213075
0,002088591
0,00216942
0,002147095
0,003660225
0,002184865
0,002067525
0,002081546
0,002142426
0,002149215
0,002042871
0,002105168
0,002109872
0,002248042
0,00205873
0,002152936
0,002203783
0,002244783
0,00210215
0,002074679
0,002029333
0,002093483
0,002097312
0,002083818
0,002127923
0,002095766
0,002243064
0,002064319
0,002052497
0,00205191
0,002019872
0,002085547
0,002045758
0,002075995
0,002069632
0,002093076
0,002043523
0,002052953
0,002009928
0,002013991
0,002013006
0,002042772
0,002016822
0,002082209
0,001989481
0,002006676
0,002074837
0,002060208
0,002094568
0,002097655
0,002168856
0,001998913
0,002125885
0,002149973
