7,3314E-4
0,003160897
9,36685E-4
8,70545E-4
8,84146E-4
0,001007663
0,001940335
8,36884E-4
9,13809E-4
8,77877E-4
8,47289E-4
8,17569E-4
8,61114E-4
8,95969E-4
7,92833E-4
8,93721E-4
8,54469E-4
8,91996E-4
8,48081E-4
8,63841E-4
8,36462E-4
0,001027139
9,60373E-4
8,65549E-4
9,06053E-4
9,00757E-4
8,44412E-4
8,45284E-4
9,67419E-4
0,001038946
8,99993E-4
9,52538E-4
8,86166E-4
7,76613E-4
7,77501E-4
9,13779E-4
9,22248E-4
8,80676E-4
9,69235E-4
9,15596E-4
8,5423E-4
8,5954E-4
9,22083E-4
9,31079E-4
9,48761E-4
9,23937E-4
9,04344E-4
8,93997E-4
8,64702E-4
9,20502E-4
9,13932E-4
9,72889E-4
9,94488E-4
0,001057937
0,001014011
8,6049E-4
9,06612E-4
9,33674E-4
9,22652E-4
8,07927E-4
7,99748E-4
7,6205E-4
8,87599E-4
0,001030725
9,10094E-4
8,36128E-4
8,35114E-4
9,8919E-4
8,6752E-4
9,09631E-4
8,82343E-4
9,68008E-4
8,65172E-4
8,53663E-4
8,08807E-4
8,4566E-4
8,30511E-4
7,63993E-4
9,36024E-4
8,89992E-4
7,75231E-4
8,11272E-4
9,69229E-4
9,25599E-4
9,36802E-4
9,0609E-4
8,35859E-4
8,20963E-4
9,96172E-4
0,001013788
0,001405414
0,001403591
0,001325037
8,65433E-4
8,23217E-4
7,77165E-4
8,34634E-4
9,01611E-4
8,86826E-4
8,34506E-4
8,25541E-4
9,28795E-4
9,4784E-4
0,001053308
9,46849E-4
9,31381E-4
9,42452E-4
9,29606E-4
9,41898E-4
9,52146E-4
9,69641E-4
9,35888E-4
0,001107921
0,001004691
9,4929E-4
7,80348E-4
8,44548E-4
0,001101149
8,5735E-4
8,36252E-4
9,37368E-4
7,79698E-4
8,09619E-4
9,68247E-4
8,55704E-4
8,18006E-4
8,95709E-4
8,173E-4
9,62497E-4
8,81237E-4
9,12606E-4
9,12014E-4
8,22211E-4
9,1331E-4
0,001044077
0,001384242
0,001628846
0,001567318
0,001281857
7,93489E-4
7,88423E-4
8,76826E-4
9,50069E-4
9,07385E-4
8,72873E-4
9,47621E-4
9,65369E-4
9,44013E-4
9,30569E-4
7,55981E-4
8,62928E-4
8,39029E-4
9,46524E-4
9,39606E-4
8,53476E-4
8,51862E-4
8,65461E-4
9,17522E-4
8,58122E-4
8,33764E-4
8,41231E-4
8,53957E-4
8,48472E-4
8,58809E-4
7,79491E-4
0,002186896
9,48456E-4
8,36651E-4
8,28503E-4
8,21857E-4
8,08912E-4
8,61154E-4
9,8333E-4
9,19108E-4
8,29498E-4
8,72836E-4
8,7597E-4
8,49929E-4
8,89977E-4
8,94775E-4
8,54442E-4
8,44245E-4
9,071E-4
0,001003475
8,26392E-4
8,80097E-4
9,53406E-4
8,79243E-4
8,86523E-4
8,42844E-4
9,29225E-4
9,24733E-4
9,94832E-4
7,60169E-4
0,001147101
0,001193829
0,001207828
0,001334308
0,001207087
0,002186465
7,24582E-4
8,48195E-4
9,09802E-4
8,42383E-4
8,86202E-4
8,56706E-4
9,37677E-4
9,46266E-4
9,03658E-4
8,57596E-4
7,92706E-4
7,91272E-4
7,99858E-4
0,001035584
8,56163E-4
9,01538E-4
9,6723E-4
8,6665E-4
8,90721E-4
8,26805E-4
8,04227E-4
8,21446E-4
8,18615E-4
8,46609E-4
8,98038E-4
9,10645E-4
8,26956E-4
9,73645E-4
9,70321E-4
9,20661E-4
8,84247E-4
8,4096E-4
0,002291018
9,09294E-4
9,05016E-4
9,81832E-4
9,425E-4
9,26168E-4
8,56708E-4
8,94572E-4
9,63695E-4
9,06509E-4
8,69511E-4
8,66089E-4
0,001022759
8,98001E-4
8,56524E-4
8,48707E-4
8,09008E-4
8,81273E-4
7,55088E-4
8,90017E-4
0,001018799
8,42466E-4
9,53471E-4
9,54922E-4
9,14673E-4
9,42384E-4
9,96915E-4
9,67542E-4
0,001014577
0,001244212
0,001457261
0,001349372
0,001414414
0,001611432
0,001503059
9,97592E-4
9,05659E-4
9,09977E-4
0,001004845
8,92168E-4
0,001007852
8,84063E-4
7,8416E-4
8,12298E-4
8,91932E-4
9,46517E-4
8,7674E-4
7,4421E-4
8,31229E-4
7,78642E-4
7,71549E-4
8,41232E-4
8,86674E-4
8,7081E-4
9,02262E-4
8,66057E-4
8,56584E-4
9,3129E-4
8,88719E-4
7,91084E-4
8,79996E-4
8,19025E-4
8,24464E-4
8,52848E-4
8,74885E-4
8,953E-4
9,65674E-4
8,19733E-4
8,26703E-4
8,17974E-4
8,44604E-4
8,47155E-4
8,91211E-4
0,00217652
8,96359E-4
8,64916E-4
8,14604E-4
8,36884E-4
8,78838E-4
9,18845E-4
8,79972E-4
9,04014E-4
8,84263E-4
8,28602E-4
7,79909E-4
7,80852E-4
0,001010637
9,49096E-4
8,95088E-4
8,37513E-4
8,39809E-4
8,47721E-4
8,93421E-4
8,10776E-4
7,54132E-4
9,63321E-4
8,56388E-4
7,62566E-4
8,57312E-4
8,1656E-4
7,7206E-4
7,5646E-4
7,38979E-4
8,32345E-4
9,97087E-4
9,87816E-4
8,20092E-4
8,30843E-4
8,05592E-4
8,52612E-4
8,36075E-4
7,60977E-4
8,99864E-4
8,52437E-4
0,00142209
0,001387039
0,00135144
0,001389517
0,001517834
0,001386616
0,001445789
9,61313E-4
9,27327E-4
7,35448E-4
7,50159E-4
8,41122E-4
9,05835E-4
8,71314E-4
9,15246E-4
9,35351E-4
9,63538E-4
9,06752E-4
8,39686E-4
9,94692E-4
8,51503E-4
9,67466E-4
8,34202E-4
9,45889E-4
8,42743E-4
9,19963E-4
8,78645E-4
8,07902E-4
8,39364E-4
8,97962E-4
8,90165E-4
9,30226E-4
8,66277E-4
9,25849E-4
9,28219E-4
8,62062E-4
8,81609E-4
8,3874E-4
7,55507E-4
9,91287E-4
8,93719E-4
8,68868E-4
9,11737E-4
9,03627E-4
9,20771E-4
9,07139E-4
9,08699E-4
8,72202E-4
8,50468E-4
8,74227E-4
8,52703E-4
8,98993E-4
0,002287956
9,79949E-4
9,44041E-4
9,83581E-4
8,87004E-4
9,78833E-4
9,01783E-4
8,40937E-4
9,2095E-4
9,06463E-4
9,56809E-4
8,89389E-4
8,37733E-4
8,35505E-4
8,59393E-4
9,12447E-4
8,18242E-4
8,75424E-4
8,76134E-4
8,46985E-4
9,25667E-4
9,75769E-4
8,74886E-4
8,80805E-4
8,30656E-4
8,57594E-4
7,87969E-4
8,36215E-4
9,98973E-4
8,42324E-4
8,18065E-4
8,91315E-4
8,3762E-4
8,57822E-4
8,91722E-4
8,79722E-4
8,61766E-4
8,46834E-4
0,001000203
8,23077E-4
9,03372E-4
8,31268E-4
9,17142E-4
9,35061E-4
8,89016E-4
9,59493E-4
0,001260829
0,001303871
0,00132566
0,001433312
0,001485528
0,001501581
0,001440769
0,001384627
0,001544028
0,002850235
0,002495486
8,4663E-4
8,58913E-4
8,43409E-4
8,75253E-4
8,65372E-4
8,28346E-4
8,34286E-4
8,66213E-4
0,00101644
8,65817E-4
8,42281E-4
8,8771E-4
8,35281E-4
8,33609E-4
8,53031E-4
7,85083E-4
7,97362E-4
8,65708E-4
8,03308E-4
9,47969E-4
9,645E-4
9,5873E-4
8,29528E-4
8,36648E-4
8,38044E-4
9,012E-4
8,5627E-4
7,98605E-4
8,34341E-4
8,20126E-4
8,95177E-4
9,75843E-4
8,31169E-4
7,94115E-4
8,6109E-4
8,98084E-4
0,001115353
0,001005319
0,001024672
0,001061568
9,0673E-4
0,001063076
9,80262E-4
0,001059296
8,74249E-4
0,00100429
9,03652E-4
0,00103827
9,86793E-4
9,54641E-4
8,88233E-4
9,38053E-4
9,18625E-4
9,75285E-4
0,001039058
9,40757E-4
0,001040368
0,00103776
9,40288E-4
9,24777E-4
9,03833E-4
9,56348E-4
0,001051012
0,001131903
0,001008664
9,80737E-4
9,89112E-4
0,001034414
8,58782E-4
8,27297E-4
8,01268E-4
8,8175E-4
9,19437E-4
8,53073E-4
8,67192E-4
9,72775E-4
8,51833E-4
8,79273E-4
9,63906E-4
9,28763E-4
8,20755E-4
7,90925E-4
8,32594E-4
7,75102E-4
9,04694E-4
9,45245E-4
0,001008101
9,44751E-4
9,72395E-4
9,54548E-4
0,001014425
7,96606E-4
9,3646E-4
8,77797E-4
9,19446E-4
8,77917E-4
9,82131E-4
0,001244458
9,07577E-4
9,86348E-4
8,82617E-4
8,73387E-4
7,96211E-4
9,91324E-4
8,51289E-4
8,53295E-4
8,23088E-4
0,001022109
8,29502E-4
8,34063E-4
0,001003292
9,35507E-4
9,61478E-4
9,45858E-4
8,82096E-4
8,43528E-4
8,65574E-4
8,69677E-4
8,79231E-4
9,53789E-4
8,96403E-4
8,177E-4
8,50432E-4
9,49493E-4
9,21041E-4
9,57166E-4
9,10547E-4
8,88087E-4
8,91132E-4
9,3111E-4
8,51198E-4
9,5264E-4
8,30304E-4
8,6865E-4
9,93085E-4
9,06706E-4
9,26325E-4
8,27101E-4
9,07718E-4
8,57822E-4
9,7615E-4
7,8557E-4
7,78397E-4
0,001041026
8,95699E-4
8,54511E-4
8,62101E-4
7,45087E-4
8,72315E-4
9,54242E-4
9,03017E-4
8,82984E-4
9,31745E-4
9,54408E-4
9,3483E-4
9,16935E-4
8,60749E-4
9,67513E-4
9,23243E-4
9,4851E-4
9,60584E-4
9,23768E-4
8,79559E-4
8,39083E-4
8,77999E-4
9,31426E-4
9,17793E-4
9,11245E-4
8,26217E-4
9,14176E-4
9,51889E-4
9,78884E-4
8,53271E-4
8,81827E-4
9,01991E-4
8,84275E-4
9,25791E-4
9,35784E-4
8,61596E-4
7,59166E-4
8,72947E-4
8,98487E-4
9,36876E-4
9,62968E-4
9,12685E-4
8,3266E-4
8,81874E-4
7,56282E-4
9,29473E-4
9,06902E-4
8,54132E-4
9,02843E-4
8,76079E-4
9,23619E-4
9,88665E-4
8,69085E-4
8,74772E-4
8,42072E-4
8,3835E-4
0,001018951
0,001038483
9,70943E-4
0,001375168
9,14459E-4
8,63579E-4
8,41964E-4
8,52672E-4
8,25257E-4
7,87388E-4
0,001008476
9,39276E-4
9,82639E-4
9,6784E-4
8,96969E-4
8,13306E-4
8,09477E-4
8,79432E-4
0,001043399
9,74165E-4
0,001019074
9,13646E-4
9,69891E-4
9,28748E-4
8,47865E-4
8,43554E-4
8,44854E-4
0,001007908
9,40504E-4
8,60604E-4
9,13819E-4
7,49195E-4
9,35259E-4
8,16534E-4
8,51583E-4
8,78608E-4
8,47521E-4
8,79518E-4
7,4561E-4
9,12308E-4
0,00100126
9,0141E-4
8,99502E-4
8,49613E-4
8,48735E-4
9,26769E-4
8,99382E-4
9,67535E-4
7,86185E-4
8,03818E-4
9,38182E-4
0,001003011
8,53184E-4
8,43515E-4
9,13836E-4
8,55648E-4
9,42938E-4
0,001091734
8,37355E-4
9,33823E-4
8,29356E-4
8,61361E-4
9,63438E-4
8,01024E-4
8,65266E-4
8,33146E-4
8,25789E-4
7,77165E-4
7,47377E-4
9,40715E-4
0,001019594
8,03424E-4
7,81303E-4
9,18428E-4
8,2629E-4
8,46069E-4
8,52976E-4
0,001016269
8,85556E-4
8,7012E-4
8,55465E-4
0,001953917
7,48883E-4
9,63978E-4
9,51524E-4
9,78083E-4
8,9474E-4
7,85E-4
8,74321E-4
8,98004E-4
0,001750676
8,69194E-4
8,99042E-4
8,6025E-4
8,074E-4
8,51831E-4
8,82565E-4
8,38414E-4
8,64391E-4
9,45419E-4
9,61072E-4
9,5721E-4
9,4428E-4
9,40281E-4
9,19516E-4
9,50247E-4
8,76581E-4
8,83251E-4
8,20807E-4
9,51297E-4
9,24189E-4
8,98284E-4
9,24293E-4
9,05018E-4
9,09692E-4
8,95413E-4
9,18936E-4
8,73779E-4
9,26946E-4
8,85157E-4
9,00231E-4
9,04023E-4
8,71006E-4
8,86168E-4
8,13564E-4
9,489E-4
8,96906E-4
8,87054E-4
8,45977E-4
9,12841E-4
0,001061333
8,44096E-4
8,79009E-4
9,2661E-4
9,0006E-4
0,001019764
9,38194E-4
8,7049E-4
8,88181E-4
9,01261E-4
8,51407E-4
0,001036865
9,91134E-4
7,75496E-4
9,58548E-4
8,59361E-4
8,75576E-4
0,001066534
8,65326E-4
8,63277E-4
8,3726E-4
7,85256E-4
8,3064E-4
7,60001E-4
7,91911E-4
8,31456E-4
9,50174E-4
9,04359E-4
9,68034E-4
9,26986E-4
9,93623E-4
8,35298E-4
8,66352E-4
8,35284E-4
8,49036E-4
9,29138E-4
7,7876E-4
9,84946E-4
8,68786E-4
8,36665E-4
9,09971E-4
9,3324E-4
9,27399E-4
8,28973E-4
8,11048E-4
8,8708E-4
9,52297E-4
8,69469E-4
8,52461E-4
7,97577E-4
8,30432E-4
8,61382E-4
8,32035E-4
9,57917E-4
9,19214E-4
9,25562E-4
8,90639E-4
8,11252E-4
8,88599E-4
8,81167E-4
8,73798E-4
8,72424E-4
8,18378E-4
7,99397E-4
8,71266E-4
8,75742E-4
8,18354E-4
9,28248E-4
8,92491E-4
9,35446E-4
8,20015E-4
8,51752E-4
0,001558686
9,141E-4
0,00107579
9,2448E-4
8,40987E-4
7,99609E-4
8,49262E-4
9,18549E-4
8,83089E-4
8,83819E-4
8,86759E-4
8,9421E-4
7,98978E-4
8,96922E-4
9,09724E-4
9,39499E-4
8,68926E-4
8,72965E-4
8,17733E-4
8,87504E-4
7,48003E-4
8,53965E-4
8,11266E-4
8,73883E-4
8,63139E-4
9,59082E-4
8,00172E-4
7,87516E-4
8,64503E-4
0,001013154
8,75728E-4
8,55109E-4
0,001058032
9,09441E-4
9,2186E-4
9,04714E-4
8,79682E-4
8,57059E-4
8,75385E-4
0,002186488
9,3897E-4
8,98751E-4
9,38446E-4
9,23256E-4
9,78025E-4
9,14173E-4
9,39442E-4
0,001038371
7,93341E-4
8,81518E-4
9,05563E-4
8,79867E-4
9,24659E-4
8,2244E-4
8,91837E-4
8,50012E-4
8,403E-4
8,50363E-4
9,29637E-4
8,7331E-4
7,83974E-4
8,37217E-4
8,5819E-4
8,85865E-4
8,86367E-4
8,3903E-4
0,001006368
9,4516E-4
8,97037E-4
8,52801E-4
8,86594E-4
0,001043773
8,02981E-4
7,61196E-4
7,88999E-4
8,33414E-4
8,89974E-4
8,71466E-4
8,21384E-4
7,70907E-4
8,88959E-4
9,88381E-4
8,87341E-4
9,26374E-4
8,60929E-4
9,41733E-4
9,26197E-4
9,59717E-4
8,89376E-4
7,75759E-4
8,83926E-4
9,39704E-4
8,47198E-4
8,94813E-4
9,58236E-4
9,0212E-4
9,02076E-4
8,20742E-4
8,7789E-4
9,01855E-4
0,001058322
0,0010402
9,31953E-4
9,1807E-4
7,98708E-4
9,02343E-4
8,99559E-4
8,82986E-4
9,53513E-4
8,99598E-4
8,59138E-4
9,11292E-4
8,89691E-4
8,72134E-4
8,73744E-4
8,60303E-4
8,75494E-4
9,80111E-4
7,64258E-4
8,62056E-4
8,83531E-4
8,87559E-4
9,97635E-4
9,60781E-4
9,06355E-4
9,72775E-4
9,10552E-4
9,81544E-4
8,41992E-4
8,72726E-4
8,90078E-4
8,68824E-4
8,33969E-4
8,72067E-4
9,10927E-4
9,57819E-4
9,93023E-4
9,94053E-4
9,95123E-4
9,13108E-4
9,28523E-4
9,74151E-4
9,36598E-4
8,90515E-4
0,002366078
8,86389E-4
8,43683E-4
8,69309E-4
9,6274E-4
9,53643E-4
9,16559E-4
8,34077E-4
9,27537E-4
8,94826E-4
0,001431407
9,04025E-4
8,43274E-4
8,42102E-4
8,08153E-4
8,1232E-4
8,17779E-4
8,11937E-4
8,16961E-4
8,1706E-4
7,7135E-4
8,07503E-4
8,78055E-4
8,43971E-4
8,94748E-4
9,43636E-4
9,4322E-4
8,68732E-4
9,46428E-4
9,54948E-4
9,99111E-4
8,50162E-4
9,11164E-4
0,001198763
9,13082E-4
0,001027062
0,001038791
9,17202E-4
9,80814E-4
9,58362E-4
9,01223E-4
0,001056594
9,01263E-4
9,59596E-4
8,55806E-4
8,6584E-4
8,35904E-4
0,001012827
9,46308E-4
9,10453E-4
8,82495E-4
8,43793E-4
9,05482E-4
9,01001E-4
9,24675E-4
8,8147E-4
8,9284E-4
0,001061049
9,88448E-4
9,16074E-4
9,01285E-4
9,05888E-4
9,05998E-4
8,13691E-4
9,3528E-4
8,9396E-4
8,47602E-4
9,60403E-4
9,67155E-4
9,18045E-4
9,51181E-4
8,90399E-4
8,89293E-4
8,75732E-4
9,48352E-4
8,08025E-4
8,32077E-4
9,39135E-4
8,10505E-4
9,15228E-4
9,36841E-4
9,08457E-4
0,001006532
9,07412E-4
9,52924E-4
9,12587E-4
8,77923E-4
8,26008E-4
9,97314E-4
8,86959E-4
7,97003E-4
8,58387E-4
0,001044492
9,04357E-4
9,31446E-4
9,17982E-4
0,001089545
9,24833E-4
8,11358E-4
9,05796E-4
8,73658E-4
9,442E-4
9,60707E-4
8,8521E-4
9,11589E-4
8,89147E-4
8,16673E-4
0,001030942
8,86916E-4
9,29322E-4
0,001006666
9,86601E-4
9,1231E-4
8,26954E-4
8,56212E-4
9,41755E-4
8,18626E-4
8,42732E-4
9,8949E-4
9,08325E-4
9,7966E-4
9,47744E-4
0,001030934
9,97284E-4
8,48175E-4
0,001291873
7,92462E-4
7,81073E-4
9,57456E-4
9,11534E-4
8,59841E-4
8,43324E-4
9,30197E-4
8,8277E-4
8,62101E-4
9,79471E-4
9,55443E-4
9,22515E-4
9,85879E-4
9,20171E-4
9,0118E-4
7,8898E-4
9,00523E-4
8,57394E-4
8,7896E-4
9,11352E-4
8,23093E-4
9,74405E-4
8,9433E-4
8,77353E-4
8,8107E-4
9,04844E-4
9,81518E-4
8,82523E-4
8,06138E-4
8,66022E-4
8,70418E-4
9,49348E-4
9,65522E-4
9,34261E-4
8,6227E-4
0,001033333
8,65387E-4
9,15456E-4
9,25586E-4
0,001048153
8,84215E-4
9,16991E-4
8,63975E-4
9,64057E-4
7,87486E-4
8,15832E-4
8,30613E-4
9,51795E-4
8,85613E-4
8,85189E-4
8,53907E-4
8,25223E-4
8,33026E-4
9,52007E-4
8,88373E-4
9,27602E-4
9,39348E-4
9,84125E-4
9,46506E-4
9,57639E-4
9,66044E-4
8,80552E-4
8,88113E-4
8,61525E-4
8,95911E-4
8,98687E-4
7,60313E-4
8,14757E-4
8,42428E-4
8,61558E-4
8,29391E-4
8,22911E-4
8,82488E-4
8,9619E-4
9,10895E-4
9,25718E-4
9,52332E-4
9,14555E-4
7,67799E-4
8,66896E-4
8,46491E-4
8,62708E-4
8,44748E-4
9,25679E-4
9,02302E-4
9,75348E-4
9,13035E-4
8,90309E-4
8,87894E-4
9,06944E-4
8,65759E-4
8,12717E-4
9,42337E-4
8,14637E-4
8,13051E-4
7,86514E-4
9,32406E-4
8,74128E-4
9,39732E-4
8,64371E-4
9,57842E-4
9,60129E-4
8,97629E-4
8,46014E-4
8,41581E-4
9,57708E-4
9,3727E-4
8,73507E-4
9,79419E-4
8,56713E-4
9,01663E-4
9,5535E-4
0,001014092
8,22675E-4
9,25142E-4
9,28964E-4
8,82407E-4
9,17979E-4
9,85027E-4
9,97096E-4
8,99758E-4
8,17856E-4
0,001753522
8,12552E-4
9,90322E-4
0,001101191
0,00108267
9,06378E-4
9,4775E-4
8,5921E-4
9,66868E-4
9,3081E-4
9,68597E-4
9,47346E-4
8,83613E-4
9,50304E-4
9,83763E-4
9,48032E-4
9,86957E-4
9,10828E-4
8,25078E-4
8,90419E-4
0,001016308
9,62582E-4
9,67525E-4
9,41736E-4
9,10431E-4
9,53324E-4
9,20026E-4
8,85924E-4
8,84178E-4
8,8673E-4
9,05124E-4
9,05674E-4
9,84946E-4
9,34099E-4
0,001019733
0,001047189
0,001053248
9,07642E-4
8,69217E-4
8,89479E-4
8,64504E-4
9,08681E-4
8,01118E-4
9,33686E-4
9,48817E-4
9,72757E-4
0,001046114
9,57635E-4
9,36245E-4
8,29937E-4
8,59752E-4
9,5126E-4
9,89065E-4
9,12084E-4
0,001110159
9,18761E-4
9,95283E-4
0,001021064
9,71817E-4
9,56895E-4
9,93254E-4
0,00100268
0,001048721
8,7029E-4
9,13202E-4
9,12232E-4
9,24574E-4
0,001020283
0,001017547
9,40434E-4
9,0459E-4
9,98111E-4
9,10805E-4
8,56494E-4
8,38503E-4
9,58841E-4
0,001010887
9,62108E-4
9,52338E-4
0,001034663
0,002653603
8,67624E-4
9,97061E-4
0,001014643
9,42226E-4
8,44289E-4
0,00108945
8,89441E-4
0,00100069
9,4777E-4
8,70036E-4
0,001011505
9,4496E-4
0,001284172
8,49134E-4
9,82218E-4
9,51808E-4
0,001139451
9,43165E-4
0,001116621
7,80261E-4
9,30532E-4
8,8492E-4
9,00198E-4
0,002423661
0,001055462
9,40694E-4
0,001191119
0,001093717
0,001008879
0,001187854
0,001033215
0,001053116
0,001041963
9,19924E-4
0,001008494
0,001036559
0,001217913
0,001295006
0,001181929
0,001258378
9,58927E-4
9,04464E-4
0,001116332
0,001110133
0,001053257
0,001051693
9,32319E-4
9,58418E-4
9,99905E-4
9,8366E-4
0,001007564
0,001092385
0,00120609
9,62366E-4
0,001118517
9,59244E-4
0,001237178
0,001198391
0,001420113
0,001003923
9,16756E-4
0,001036217
0,001205679
0,001496287
0,001180129
0,001015481
0,002190918
0,001063665
9,39553E-4
9,12153E-4
9,83529E-4
9,85516E-4
0,001053912
0,001156224
0,001199879
0,001197543
0,001101872
0,001157524
8,71476E-4
0,001052869
0,001036531
9,43206E-4
9,40517E-4
9,97542E-4
0,001058393
0,001110183
0,001005781
0,001161858
0,001120024
0,001022743
0,001207106
8,7013E-4
0,001024552
9,50692E-4
0,001156792
0,001085345
9,92878E-4
0,001146798
0,001029488
9,77407E-4
0,001091855
0,001109021
8,80114E-4
8,46735E-4
9,44266E-4
8,86988E-4
0,001124495
8,74218E-4
8,88047E-4
0,00110339
0,001364675
0,00103451
8,60221E-4
9,97103E-4
0,001317989
0,001004809
9,55698E-4
9,01345E-4
9,53665E-4
0,001007813
0,001191349
8,85618E-4
0,001116846
9,30187E-4
8,92082E-4
0,001027918
9,50673E-4
9,65456E-4
8,96728E-4
9,49598E-4
8,79639E-4
8,99454E-4
9,44753E-4
0,001167128
9,38535E-4
9,9941E-4
9,07648E-4
9,30867E-4
8,67019E-4
0,001117576
0,001042546
9,58313E-4
0,001124171
9,96497E-4
8,96523E-4
9,58571E-4
9,46235E-4
8,98969E-4
0,001041495
9,13585E-4
8,49506E-4
0,001019888
9,42956E-4
9,4529E-4
9,12539E-4
9,21885E-4
0,001054207
0,001121597
0,001011787
9,16101E-4
9,11029E-4
8,928E-4
0,001005835
0,001011235
9,23881E-4
8,37693E-4
0,001023161
0,001243502
0,00113785
0,001915347
0,001020571
9,51448E-4
9,27412E-4
9,11411E-4
9,52396E-4
9,17992E-4
8,86976E-4
8,76371E-4
9,18174E-4
