0,005776745
0,0062534846
0,0064645237
0,006618792
0,006749213
0,0068522594
0,0069571007
0,0070343562
0,007097633
0,0071475464
0,007191593
0,00723926
0,0072800852
0,0073190196
0,0073605985
0,0074041877
0,007444915
0,007484786
0,0075259916
0,007567115
0,007605435
0,0076465136
0,00768609
0,0077188066
0,0077511915
0,0077819894
0,0078110565
0,007837912
0,007864195
0,007889118
0,007913009
0,007936303
0,007958085
0,00797801
0,008001834
0,008022912
0,008045706
0,00806971
0,0080947215
0,0081204595
0,008144139
0,008169402
0,0081948945
0,008221354
0,008249695
0,0082789175
0,008307899
0,00833597
0,008366095
0,008396977
0,008426181
0,008459248
0,008488065
0,008514039
0,008537885
0,008564646
0,008589968
0,008612794
0,008635897
0,008656633
0,008677362
0,00869741
0,008717383
0,008739349
0,008760697
0,008781321
0,008803435
0,008829377
0,008856366
0,008882785
0,00890953
0,008935739
0,008966486
0,009003823
0,009038814
0,009074826
0,009113795
0,009151871
0,009196453
0,009241307
0,009280436
0,009324305
0,0093618715
0,009399568
0,009436909
0,009470876
0,009505301
0,009543551
0,009586983
0,009643291
0,009704983
0,009774368
0,009872907
0,009978498
0,0101046
0,010231114
0,010376687
0,010645756
0,011289559
0,049503077
