0,003471516
4,55327E-4
6,68257E-4
3,93318E-4
4,9292E-4
3,64712E-4
3,9328E-4
2,98676E-4
3,15527E-4
3,27763E-4
3,00382E-4
2,97661E-4
3,16657E-4
3,1398E-4
2,93244E-4
2,98544E-4
2,99117E-4
2,8581E-4
3,04957E-4
2,80591E-4
3,03117E-4
3,32713E-4
3,00898E-4
2,87267E-4
2,94931E-4
2,7769E-4
3,00474E-4
2,78827E-4
1,58931E-4
1,52692E-4
1,56488E-4
1,58431E-4
1,60623E-4
1,59605E-4
1,58173E-4
1,58417E-4
2,15335E-4
1,58631E-4
1,48585E-4
1,5127E-4
1,55598E-4
1,65386E-4
1,50086E-4
1,48681E-4
1,49404E-4
1,5142E-4
1,48843E-4
1,67115E-4
1,66233E-4
2,93333E-4
1,513E-4
1,70592E-4
1,53875E-4
1,50379E-4
1,62869E-4
1,52808E-4
1,46203E-4
1,48848E-4
1,57276E-4
1,69397E-4
1,53857E-4
1,57073E-4
1,46275E-4
1,70628E-4
1,5916E-4
1,49299E-4
1,49237E-4
1,49721E-4
1,45466E-4
1,4533E-4
1,62184E-4
1,49696E-4
1,54103E-4
1,49813E-4
1,54359E-4
1,48387E-4
0,001997755
1,47819E-4
1,55832E-4
1,54313E-4
1,57501E-4
1,46926E-4
1,45388E-4
1,48316E-4
1,61699E-4
1,6429E-4
1,46338E-4
1,47737E-4
1,47056E-4
1,52375E-4
1,47286E-4
1,50478E-4
1,62021E-4
1,46629E-4
1,59226E-4
1,65689E-4
1,56255E-4
1,55052E-4
1,53039E-4
1,6535E-4
1,59763E-4
1,50134E-4
1,55422E-4
1,50375E-4
1,59286E-4
1,5346E-4
1,40798E-4
1,66828E-4
1,50561E-4
1,55845E-4
1,45991E-4
1,43716E-4
1,4336E-4
1,55681E-4
1,49488E-4
1,44144E-4
1,45295E-4
1,44409E-4
1,49445E-4
1,48389E-4
1,49287E-4
1,50531E-4
1,44357E-4
1,50403E-4
1,5043E-4
1,43867E-4
1,51282E-4
1,68404E-4
1,492E-4
1,61688E-4
1,54584E-4
1,72185E-4
1,52784E-4
1,53012E-4
1,50578E-4
1,72368E-4
1,54433E-4
1,4956E-4
1,44538E-4
1,56715E-4
1,56448E-4
1,4857E-4
1,48513E-4
1,53962E-4
1,50295E-4
1,57632E-4
1,4764E-4
1,4952E-4
1,54397E-4
1,55385E-4
1,53069E-4
1,68347E-4
1,50113E-4
1,54002E-4
1,57448E-4
1,56944E-4
1,53602E-4
1,55885E-4
1,43118E-4
1,74492E-4
1,49279E-4
1,56398E-4
1,43513E-4
1,48551E-4
1,47199E-4
1,55774E-4
1,49274E-4
1,50047E-4
1,726E-4
1,53287E-4
1,45645E-4
1,42727E-4
1,50679E-4
1,49446E-4
1,51641E-4
1,49568E-4
1,51686E-4
1,50616E-4
1,49736E-4
1,47381E-4
1,45277E-4
1,49158E-4
1,53389E-4
1,4785E-4
1,70823E-4
1,4483E-4
1,66862E-4
1,51691E-4
1,69412E-4
1,48326E-4
1,50073E-4
1,4741E-4
1,54446E-4
1,47232E-4
1,73378E-4
1,58542E-4
1,71122E-4
1,44551E-4
1,54345E-4
1,43802E-4
1,68504E-4
1,4832E-4
1,47379E-4
1,51299E-4
1,67711E-4
1,4802E-4
1,5123E-4
1,5023E-4
1,71E-4
1,48317E-4
1,69792E-4
1,51907E-4
1,73096E-4
1,46929E-4
1,70547E-4
1,5358E-4
1,6713E-4
1,49953E-4
1,70258E-4
1,53201E-4
1,55545E-4
1,46287E-4
1,73102E-4
1,68453E-4
1,5321E-4
1,49364E-4
1,69193E-4
1,49602E-4
1,49653E-4
1,50603E-4
1,52362E-4
1,69959E-4
1,66359E-4
1,48258E-4
1,71056E-4
1,4996E-4
1,70492E-4
1,47501E-4
1,70349E-4
1,65777E-4
1,71858E-4
1,46644E-4
1,70459E-4
1,48497E-4
1,50533E-4
1,69777E-4
1,69029E-4
1,47767E-4
1,6641E-4
1,48687E-4
1,72643E-4
1,47117E-4
1,69627E-4
1,49913E-4
1,69114E-4
1,47967E-4
1,48178E-4
1,44574E-4
1,51268E-4
1,55357E-4
1,68879E-4
1,48948E-4
1,48889E-4
1,49308E-4
1,43079E-4
1,5024E-4
1,48208E-4
1,51809E-4
1,48952E-4
1,49973E-4
1,49706E-4
1,71243E-4
1,48709E-4
1,56096E-4
1,44869E-4
1,59002E-4
1,65261E-4
1,48424E-4
1,50878E-4
1,48288E-4
1,68099E-4
1,65671E-4
1,52436E-4
1,52953E-4
1,53555E-4
1,67809E-4
1,50155E-4
1,51804E-4
1,70406E-4
1,51659E-4
1,53605E-4
1,56697E-4
1,47145E-4
1,65682E-4
1,46893E-4
1,65598E-4
1,53393E-4
1,6172E-4
1,67465E-4
1,57622E-4
1,51852E-4
1,5369E-4
1,50754E-4
1,66759E-4
1,50174E-4
1,62372E-4
1,49195E-4
1,64343E-4
1,6116E-4
1,53015E-4
1,50317E-4
1,58082E-4
1,57504E-4
1,63431E-4
1,73796E-4
1,54507E-4
1,73535E-4
1,61391E-4
1,71072E-4
1,54632E-4
1,6954E-4
1,52381E-4
1,74676E-4
1,59599E-4
1,72701E-4
1,54975E-4
1,69686E-4
1,55107E-4
1,70987E-4
1,49885E-4
1,72337E-4
1,53066E-4
1,72412E-4
1,54665E-4
1,74662E-4
1,61945E-4
1,69299E-4
1,56812E-4
1,73401E-4
1,50117E-4
1,75825E-4
1,51281E-4
1,68656E-4
1,63202E-4
1,69515E-4
1,57406E-4
1,70987E-4
1,50856E-4
1,74497E-4
1,5287E-4
1,76583E-4
1,54957E-4
1,74536E-4
1,51755E-4
1,75218E-4
1,56294E-4
1,78197E-4
1,62992E-4
1,80819E-4
1,61022E-4
1,77818E-4
1,62413E-4
1,75454E-4
1,8053E-4
1,64592E-4
1,74632E-4
1,54101E-4
1,74272E-4
1,63663E-4
1,79738E-4
1,558E-4
1,78372E-4
1,61049E-4
1,73664E-4
1,57709E-4
1,71987E-4
1,62484E-4
1,7505E-4
1,55782E-4
1,75753E-4
1,50999E-4
1,75929E-4
1,5896E-4
1,75981E-4
1,51464E-4
1,73373E-4
1,61749E-4
1,69725E-4
1,51483E-4
1,70198E-4
1,64392E-4
1,72323E-4
1,54776E-4
1,77048E-4
1,63643E-4
1,77554E-4
1,55267E-4
1,71949E-4
1,59583E-4
1,69979E-4
1,52569E-4
1,73072E-4
1,51515E-4
1,74015E-4
1,57648E-4
1,74272E-4
1,64889E-4
1,68133E-4
1,51388E-4
1,76799E-4
1,59815E-4
1,68294E-4
1,51657E-4
1,72915E-4
1,60451E-4
1,71193E-4
1,50683E-4
1,76422E-4
1,65963E-4
1,71922E-4
1,55086E-4
1,71702E-4
1,606E-4
1,75562E-4
1,55468E-4
1,74801E-4
1,7069E-4
1,7332E-4
1,55056E-4
1,73067E-4
1,72276E-4
1,72288E-4
1,58229E-4
1,7661E-4
0,001572238
1,70045E-4
1,55379E-4
1,53318E-4
1,49793E-4
1,52715E-4
1,53455E-4
1,53409E-4
1,53668E-4
1,49124E-4
1,55812E-4
1,5194E-4
1,53171E-4
1,54093E-4
1,56824E-4
1,55212E-4
1,60269E-4
1,53868E-4
1,54853E-4
1,51389E-4
1,51222E-4
1,57687E-4
1,60241E-4
1,5301E-4
1,5287E-4
1,53859E-4
1,54076E-4
1,52317E-4
1,54794E-4
1,52377E-4
1,57396E-4
1,51072E-4
1,70071E-4
1,56288E-4
1,616E-4
1,49452E-4
1,64257E-4
1,68745E-4
1,56353E-4
1,5751E-4
1,58587E-4
1,50428E-4
1,51229E-4
1,54584E-4
1,50434E-4
1,49963E-4
1,53331E-4
1,5884E-4
1,53234E-4
1,55863E-4
1,5231E-4
1,50905E-4
1,57098E-4
1,51953E-4
1,63685E-4
1,53571E-4
1,62184E-4
1,52866E-4
1,52889E-4
1,51974E-4
0,001175865
1,75079E-4
1,62697E-4
1,7662E-4
1,58299E-4
1,72713E-4
1,63331E-4
1,70232E-4
1,60713E-4
1,71949E-4
1,51921E-4
1,7045E-4
1,56194E-4
1,49445E-4
1,58585E-4
1,55325E-4
1,62674E-4
1,72399E-4
1,5899E-4
1,71393E-4
1,5604E-4
1,64713E-4
1,56814E-4
1,57198E-4
1,54272E-4
1,49322E-4
1,63412E-4
1,57794E-4
1,66196E-4
1,53646E-4
1,57622E-4
1,5662E-4
1,57762E-4
1,51502E-4
1,54723E-4
1,53817E-4
1,61193E-4
1,55852E-4
0,001254584
1,55994E-4
1,57248E-4
1,52357E-4
1,58613E-4
1,71702E-4
1,65684E-4
1,53454E-4
1,52827E-4
1,56002E-4
1,60421E-4
1,58902E-4
1,54679E-4
1,52212E-4
1,56492E-4
1,55623E-4
1,54056E-4
1,73688E-4
1,6601E-4
1,72013E-4
1,63807E-4
1,73658E-4
1,5957E-4
1,76125E-4
1,61896E-4
1,75207E-4
1,54233E-4
1,76825E-4
1,57783E-4
1,68858E-4
1,65688E-4
1,755E-4
1,62492E-4
1,77014E-4
1,75317E-4
1,73567E-4
1,56368E-4
1,78034E-4
1,68506E-4
1,81364E-4
1,58681E-4
1,75165E-4
1,5298E-4
1,79353E-4
1,65305E-4
1,79619E-4
1,64958E-4
1,78464E-4
1,57461E-4
1,75568E-4
1,64579E-4
1,75339E-4
1,63563E-4
1,72818E-4
1,62774E-4
1,71789E-4
1,56308E-4
1,79411E-4
1,71495E-4
1,71034E-4
1,61204E-4
1,79635E-4
1,5748E-4
1,75273E-4
1,61657E-4
1,77593E-4
1,70796E-4
1,7417E-4
1,54247E-4
1,73161E-4
1,57315E-4
1,72816E-4
1,53783E-4
1,74515E-4
1,7033E-4
1,79142E-4
1,64537E-4
1,74573E-4
1,63028E-4
1,7513E-4
1,58488E-4
1,75832E-4
1,53056E-4
1,7473E-4
1,58981E-4
1,74899E-4
1,63234E-4
1,71146E-4
1,59257E-4
1,7533E-4
1,63083E-4
1,7496E-4
1,53907E-4
1,88762E-4
1,64021E-4
1,79943E-4
1,60322E-4
1,74834E-4
1,54384E-4
1,72728E-4
1,64292E-4
1,77773E-4
1,63933E-4
1,75722E-4
1,65078E-4
1,75269E-4
1,56318E-4
1,78213E-4
1,56781E-4
1,75315E-4
1,64185E-4
1,73467E-4
1,6343E-4
1,75124E-4
1,57054E-4
1,49484E-4
1,51355E-4
1,52666E-4
1,54023E-4
1,58973E-4
1,58276E-4
1,53578E-4
1,53842E-4
1,54108E-4
1,67897E-4
1,74005E-4
1,62649E-4
1,7694E-4
1,62591E-4
1,76758E-4
1,63643E-4
1,74812E-4
1,54472E-4
1,73197E-4
1,56601E-4
1,77829E-4
1,61897E-4
1,73298E-4
1,56448E-4
1,73604E-4
0,001305981
1,72855E-4
1,69478E-4
1,68225E-4
1,78347E-4
1,55182E-4
1,75697E-4
1,63034E-4
1,75233E-4
1,56917E-4
1,74535E-4
1,65388E-4
1,74541E-4
1,56638E-4
1,78271E-4
1,56582E-4
1,73555E-4
1,5153E-4
1,68992E-4
1,48497E-4
1,58065E-4
1,60276E-4
1,51604E-4
1,55453E-4
1,5357E-4
1,54051E-4
1,55673E-4
1,54787E-4
1,53554E-4
1,49669E-4
1,50434E-4
1,64374E-4
1,52477E-4
1,52631E-4
1,55338E-4
1,64025E-4
1,68513E-4
1,48763E-4
1,50719E-4
1,56045E-4
1,54445E-4
1,66778E-4
1,58489E-4
1,59971E-4
1,53632E-4
1,53302E-4
1,5449E-4
1,59306E-4
1,72982E-4
1,57402E-4
1,55616E-4
1,61675E-4
1,72203E-4
1,54272E-4
1,56586E-4
1,72367E-4
1,50412E-4
1,4863E-4
1,5231E-4
1,6903E-4
1,54324E-4
1,49862E-4
1,50679E-4
1,56175E-4
1,69468E-4
1,68787E-4
1,55705E-4
1,67609E-4
1,5477E-4
1,56379E-4
1,54266E-4
1,52763E-4
1,53863E-4
1,50644E-4
1,55227E-4
1,56661E-4
1,59488E-4
1,52776E-4
1,49268E-4
1,51835E-4
1,54976E-4
1,53245E-4
1,52923E-4
1,51666E-4
1,54963E-4
1,52069E-4
1,75746E-4
1,52447E-4
1,52238E-4
1,49938E-4
1,54078E-4
1,46298E-4
1,51258E-4
1,51097E-4
1,72218E-4
1,49993E-4
1,56749E-4
1,56958E-4
1,48312E-4
1,51916E-4
1,5567E-4
1,69987E-4
1,53428E-4
1,5148E-4
1,48955E-4
1,48064E-4
1,69791E-4
1,53482E-4
1,51144E-4
1,74525E-4
1,47996E-4
1,55299E-4
1,5043E-4
1,67171E-4
1,50062E-4
1,53623E-4
1,71202E-4
1,58225E-4
1,4934E-4
1,48158E-4
1,50674E-4
1,68054E-4
1,48889E-4
1,48463E-4
1,47821E-4
1,48964E-4
1,51722E-4
1,45707E-4
1,48545E-4
1,44599E-4
1,51933E-4
1,49248E-4
1,48824E-4
1,52538E-4
1,46729E-4
1,47759E-4
1,49657E-4
1,48262E-4
0,001277642
1,60673E-4
1,50946E-4
1,47784E-4
1,48283E-4
1,47597E-4
1,66854E-4
1,53936E-4
1,49725E-4
1,52286E-4
1,79146E-4
1,60515E-4
1,66001E-4
1,57164E-4
0,001402846
1,49702E-4
1,47699E-4
1,54636E-4
1,65124E-4
1,51916E-4
1,46336E-4
1,50304E-4
1,51695E-4
1,58528E-4
1,50508E-4
1,59166E-4
1,46366E-4
1,56825E-4
1,53622E-4
1,52683E-4
1,70474E-4
1,54837E-4
1,52237E-4
1,46188E-4
1,49333E-4
1,49839E-4
1,46422E-4
1,51964E-4
1,73981E-4
1,57681E-4
1,70246E-4
1,50967E-4
0,001329029
1,54967E-4
1,51642E-4
1,55687E-4
1,47156E-4
1,66633E-4
1,70003E-4
1,7357E-4
1,50956E-4
1,55392E-4
1,51679E-4
1,48137E-4
1,7076E-4
1,59745E-4
1,49497E-4
1,55728E-4
1,49005E-4
1,58683E-4
1,49001E-4
1,50424E-4
1,53168E-4
1,68901E-4
1,53229E-4
1,58624E-4
1,52791E-4
1,51403E-4
1,48248E-4
1,50644E-4
1,76188E-4
1,64011E-4
1,68823E-4
1,54773E-4
1,53593E-4
1,56351E-4
1,55047E-4
1,53751E-4
1,49017E-4
1,51771E-4
1,49961E-4
1,57683E-4
1,52612E-4
1,54767E-4
1,60125E-4
1,62063E-4
1,53611E-4
1,6023E-4
1,51138E-4
1,52249E-4
1,4947E-4
1,54686E-4
1,47742E-4
1,51425E-4
1,52623E-4
1,52004E-4
1,49931E-4
1,56634E-4
1,71E-4
1,50755E-4
1,7459E-4
1,54417E-4
1,70456E-4
1,5488E-4
1,72801E-4
1,52108E-4
1,71887E-4
1,73887E-4
1,7518E-4
1,53327E-4
1,70958E-4
1,45895E-4
1,50152E-4
1,54763E-4
1,53072E-4
1,66211E-4
1,54225E-4
1,46116E-4
1,48153E-4
1,55253E-4
1,50433E-4
1,56272E-4
1,52987E-4
1,54511E-4
1,54012E-4
1,51834E-4
1,50874E-4
1,61519E-4
1,48201E-4
1,55914E-4
1,49357E-4
1,50521E-4
1,44503E-4
1,54403E-4
1,49464E-4
1,48311E-4
1,47423E-4
1,47503E-4
1,48597E-4
1,54932E-4
1,49401E-4
1,59731E-4
1,48253E-4
1,58287E-4
1,50644E-4
1,55602E-4
1,5522E-4
0,001362692
1,51258E-4
1,64533E-4
1,5199E-4
1,74197E-4
1,50827E-4
1,60996E-4
1,51914E-4
1,56728E-4
1,53061E-4
1,77903E-4
1,57995E-4
1,64433E-4
1,64499E-4
1,59714E-4
1,62186E-4
1,62494E-4
1,5076E-4
1,75697E-4
1,51659E-4
1,58119E-4
1,51923E-4
1,56512E-4
1,53991E-4
1,69841E-4
0,001283795
1,48063E-4
1,54382E-4
1,75118E-4
1,5036E-4
1,57515E-4
1,56344E-4
1,60734E-4
1,5426E-4
1,71365E-4
1,54155E-4
1,6103E-4
1,54616E-4
1,6651E-4
1,55252E-4
1,58009E-4
1,51952E-4
1,58464E-4
1,55879E-4
1,62397E-4
1,55383E-4
1,70941E-4
1,52614E-4
1,49002E-4
1,53136E-4
1,59531E-4
1,5461E-4
1,5691E-4
1,49642E-4
1,68152E-4
1,58149E-4
1,5283E-4
1,56967E-4
1,68065E-4
1,56401E-4
1,567E-4
1,54573E-4
1,69021E-4
1,53996E-4
1,73792E-4
1,53771E-4
1,79039E-4
1,58312E-4
1,57466E-4
1,54137E-4
1,71792E-4
1,54674E-4
1,58964E-4
1,58744E-4
1,72246E-4
1,52987E-4
1,62757E-4
1,56398E-4
1,57833E-4
1,50812E-4
1,58864E-4
1,53228E-4
1,5532E-4
1,56386E-4
1,93109E-4
1,52381E-4
1,75497E-4
1,52458E-4
1,6515E-4
1,51302E-4
1,59818E-4
1,76557E-4
1,51033E-4
1,74744E-4
1,60192E-4
1,73359E-4
1,74312E-4
1,72058E-4
1,66147E-4
1,73348E-4
1,5152E-4
1,72761E-4
1,6407E-4
1,74612E-4
1,51246E-4
1,73027E-4
1,61936E-4
1,75293E-4
1,53232E-4
1,71806E-4
1,51915E-4
1,68934E-4
1,50868E-4
1,68846E-4
1,50369E-4
1,69281E-4
1,50522E-4
1,69392E-4
1,61313E-4
1,71862E-4
1,54074E-4
1,68517E-4
1,62742E-4
1,7284E-4
1,54924E-4
1,82925E-4
1,56939E-4
1,72172E-4
1,51089E-4
1,73105E-4
1,5033E-4
1,69542E-4
1,43724E-4
1,67752E-4
1,49879E-4
1,68685E-4
1,4847E-4
1,67082E-4
1,45753E-4
1,70425E-4
1,59185E-4
1,70484E-4
1,68081E-4
0,001123934
1,51308E-4
1,70722E-4
1,51139E-4
1,67587E-4
1,54223E-4
1,67123E-4
1,5075E-4
1,71297E-4
1,55909E-4
1,71016E-4
1,53958E-4
1,71833E-4
1,62835E-4
1,71462E-4
1,70359E-4
1,75646E-4
1,52059E-4
1,78676E-4
1,58169E-4
1,73725E-4
1,52369E-4
1,7197E-4
1,62279E-4
1,68147E-4
1,54661E-4
1,73426E-4
1,53081E-4
1,68885E-4
1,53971E-4
1,73086E-4
1,61002E-4
1,7191E-4
1,51636E-4
1,77817E-4
1,64866E-4
1,69072E-4
1,60628E-4
1,68821E-4
1,52962E-4
1,7275E-4
1,50104E-4
1,68691E-4
1,54092E-4
1,67553E-4
1,51882E-4
1,7305E-4
1,56626E-4
1,74282E-4
1,59897E-4
1,74299E-4
1,59591E-4
1,72855E-4
1,58773E-4
1,69543E-4
1,58713E-4
1,72678E-4
1,51872E-4
1,70052E-4
1,64597E-4
1,73917E-4
1,52178E-4
1,69753E-4
1,61562E-4
1,73063E-4
1,61237E-4
1,74532E-4
1,52168E-4
1,74036E-4
1,65028E-4
1,71895E-4
1,57641E-4
1,73068E-4
1,50797E-4
1,71992E-4
1,51829E-4
1,66992E-4
1,64288E-4
1,65652E-4
1,63616E-4
1,73271E-4
1,60809E-4
1,74371E-4
1,54043E-4
1,75134E-4
1,6108E-4
1,73546E-4
1,72423E-4
1,76271E-4
1,52051E-4
1,74518E-4
1,62491E-4
1,74394E-4
1,55162E-4
1,72851E-4
1,69215E-4
1,76103E-4
1,62701E-4
1,73702E-4
1,61287E-4
1,73379E-4
1,5745E-4
1,78009E-4
1,63745E-4
1,81987E-4
1,652E-4
1,76152E-4
1,5343E-4
1,76726E-4
1,60357E-4
1,68543E-4
1,6149E-4
1,70672E-4
1,6041E-4
1,69154E-4
1,56572E-4
1,71851E-4
1,60335E-4
1,75558E-4
1,60165E-4
1,68851E-4
1,51313E-4
1,68196E-4
1,61382E-4
1,67702E-4
1,5967E-4
1,70549E-4
1,48279E-4
1,762E-4
1,49001E-4
1,66881E-4
1,52464E-4
1,67483E-4
1,58474E-4
1,69839E-4
1,54624E-4
1,69964E-4
1,62592E-4
1,74818E-4
1,61537E-4
1,80292E-4
1,55369E-4
1,72119E-4
1,50889E-4
1,74352E-4
1,56529E-4
1,72608E-4
1,63025E-4
1,74487E-4
1,4778E-4
1,70164E-4
1,58896E-4
1,68482E-4
1,51321E-4
1,71739E-4
1,80362E-4
1,73387E-4
1,64678E-4
1,7351E-4
1,72419E-4
1,77494E-4
1,56153E-4
1,75148E-4
1,66681E-4
1,71122E-4
1,49164E-4
1,69603E-4
1,61585E-4
1,70836E-4
1,46832E-4
1,69827E-4
1,72142E-4
1,73226E-4
1,51872E-4
1,70404E-4
1,5207E-4
1,74344E-4
1,55795E-4
1,67587E-4
1,49226E-4
1,74242E-4
1,50808E-4
1,73353E-4
1,49153E-4
1,71528E-4
1,50037E-4
0,001325119
1,49652E-4
1,80502E-4
1,708E-4
1,73199E-4
1,48798E-4
1,67774E-4
1,5146E-4
1,71735E-4
1,53991E-4
1,73371E-4
1,58293E-4
1,68832E-4
1,50881E-4
1,74296E-4
1,53738E-4
1,72244E-4
1,66479E-4
1,72837E-4
1,58416E-4
1,53655E-4
1,47312E-4
1,53601E-4
1,57474E-4
1,56862E-4
1,63053E-4
1,58363E-4
1,5642E-4
0,001124211
1,61673E-4
1,50783E-4
1,57213E-4
1,53377E-4
1,5063E-4
1,54762E-4
1,53144E-4
1,48973E-4
0,00132762
1,56643E-4
1,69239E-4
1,58322E-4
1,54655E-4
1,53248E-4
1,54756E-4
1,56119E-4
1,58379E-4
0,001104936
1,563E-4
1,49913E-4
1,67518E-4
1,49962E-4
1,53753E-4
1,48964E-4
1,57785E-4
1,54616E-4
1,58796E-4
1,53328E-4
1,50082E-4
1,54641E-4
1,56435E-4
1,50563E-4
1,50245E-4
1,52983E-4
1,53433E-4
1,5812E-4
1,70785E-4
1,50035E-4
1,57192E-4
1,46815E-4
1,71363E-4
1,48257E-4
1,69781E-4
1,52523E-4
1,53011E-4
1,5336E-4
1,74974E-4
1,58183E-4
1,58849E-4
1,54128E-4
1,74706E-4
1,57383E-4
1,57352E-4
1,60989E-4
1,61412E-4
1,51475E-4
1,58452E-4
1,527E-4
1,66405E-4
1,59204E-4
1,79309E-4
1,55121E-4
1,76743E-4
1,60219E-4
1,68853E-4
1,51287E-4
1,50979E-4
1,49133E-4
1,77629E-4
1,60484E-4
1,55448E-4
1,49114E-4
1,80184E-4
1,50707E-4
1,71777E-4
1,49655E-4
1,513E-4
1,49242E-4
1,69843E-4
1,54792E-4
1,50808E-4
1,5451E-4
1,69486E-4
1,52045E-4
1,56625E-4
1,5374E-4
1,70883E-4
1,52934E-4
1,66264E-4
1,58768E-4
1,5939E-4
1,57752E-4
1,61695E-4
1,58677E-4
1,54511E-4
1,53179E-4
1,73853E-4
1,56432E-4
1,58961E-4
1,55099E-4
1,73459E-4
1,5723E-4
1,54617E-4
1,48997E-4
1,70506E-4
0,001212387
1,70488E-4
1,66595E-4
1,88252E-4
1,63162E-4
1,90963E-4
1,7016E-4
1,74903E-4
1,63725E-4
1,71098E-4
1,65843E-4
1,68071E-4
1,61101E-4
1,8156E-4
1,56834E-4
1,60978E-4
1,56514E-4
1,72217E-4
1,79846E-4
1,4929E-4
1,76895E-4
1,57682E-4
1,75982E-4
1,53503E-4
1,74296E-4
1,53581E-4
0,001205863
1,51933E-4
1,77931E-4
1,63254E-4
1,84781E-4
1,58831E-4
1,76261E-4
1,64763E-4
1,74783E-4
0,001216129
1,759E-4
1,54807E-4
1,72351E-4
1,59645E-4
1,797E-4
1,53153E-4
1,76619E-4
1,65185E-4
1,7353E-4
1,50221E-4
1,71416E-4
1,55822E-4
1,74233E-4
1,51553E-4
1,73564E-4
1,5614E-4
1,7479E-4
1,55077E-4
1,77175E-4
1,59902E-4
1,80187E-4
1,57937E-4
1,73412E-4
1,58998E-4
1,82573E-4
1,68163E-4
1,76491E-4
1,69094E-4
1,78267E-4
1,58737E-4
1,76054E-4
1,64278E-4
1,75429E-4
1,53572E-4
1,71692E-4
1,63273E-4
1,72235E-4
1,64216E-4
1,79949E-4
1,54134E-4
1,77393E-4
1,58052E-4
1,73532E-4
0,00125404
1,76079E-4
1,57133E-4
1,71634E-4
1,55882E-4
1,73644E-4
1,52345E-4
1,68546E-4
1,52748E-4
1,77768E-4
1,54348E-4
1,72589E-4
1,56848E-4
1,81132E-4
1,56957E-4
1,81999E-4
1,56081E-4
1,74018E-4
1,80359E-4
1,71182E-4
1,5804E-4
1,743E-4
1,55251E-4
1,74687E-4
1,65407E-4
1,76509E-4
1,5748E-4
1,69442E-4
1,58025E-4
1,72971E-4
2,01517E-4
1,73537E-4
1,53541E-4
1,7699E-4
1,53402E-4
1,71096E-4
1,56318E-4
1,7579E-4
1,55253E-4
1,77017E-4
1,55872E-4
1,75379E-4
1,79222E-4
1,76417E-4
0,001236761
1,7295E-4
1,55169E-4
1,73387E-4
1,56506E-4
1,75268E-4
1,52831E-4
1,70457E-4
1,63703E-4
1,73164E-4
1,62195E-4
1,73194E-4
1,56025E-4
1,71233E-4
1,67237E-4
1,74064E-4
1,59097E-4
1,73374E-4
1,60202E-4
1,73419E-4
1,59427E-4
1,72501E-4
1,64742E-4
1,73678E-4
1,59606E-4
1,69248E-4
1,75522E-4
1,70028E-4
1,58718E-4
1,77466E-4
1,71299E-4
1,74384E-4
1,59716E-4
1,76517E-4
1,67487E-4
1,78792E-4
1,58783E-4
1,71812E-4
1,62805E-4
1,71276E-4
1,55159E-4
1,75465E-4
1,6923E-4
1,70961E-4
0,001361061
1,80679E-4
1,73381E-4
1,74106E-4
1,63583E-4
1,8102E-4
1,65396E-4
1,77149E-4
1,59166E-4
1,74792E-4
1,59096E-4
1,72617E-4
1,54065E-4
1,71778E-4
1,51933E-4
1,73018E-4
1,59027E-4
1,76051E-4
1,66665E-4
1,75E-4
1,5993E-4
1,70859E-4
1,62549E-4
1,74751E-4
1,57849E-4
1,77314E-4
1,60008E-4
1,7179E-4
1,57206E-4
1,76439E-4
1,6107E-4
1,73631E-4
1,54683E-4
1,80514E-4
1,63713E-4
1,78126E-4
1,52252E-4
1,76835E-4
1,56541E-4
1,7666E-4
1,57836E-4
1,75946E-4
1,64427E-4
1,7231E-4
1,55319E-4
1,74697E-4
1,61851E-4
1,72513E-4
1,65787E-4
1,72659E-4
1,51327E-4
1,73575E-4
1,56797E-4
1,69863E-4
1,58357E-4
1,70139E-4
1,53454E-4
1,70368E-4
1,5579E-4
1,75697E-4
1,52924E-4
1,77021E-4
1,52882E-4
1,72989E-4
1,5568E-4
1,73446E-4
1,64024E-4
1,75312E-4
1,55648E-4
1,68658E-4
1,5971E-4
1,76234E-4
1,5878E-4
1,73085E-4
1,52611E-4
1,71855E-4
1,61829E-4
1,77039E-4
1,71285E-4
1,74048E-4
1,64905E-4
1,7187E-4
1,54778E-4
1,7103E-4
1,59809E-4
1,69374E-4
1,55382E-4
1,69899E-4
1,61955E-4
1,74614E-4
1,55025E-4
1,71024E-4
1,49834E-4
1,7174E-4
1,58286E-4
1,73656E-4
1,51597E-4
1,71522E-4
1,54639E-4
1,7357E-4
1,64863E-4
1,7102E-4
1,55168E-4
1,73343E-4
1,55873E-4
1,69964E-4
1,54049E-4
1,776E-4
1,55587E-4
1,71355E-4
1,52768E-4
1,72932E-4
1,51153E-4
2,12788E-4
0,001180834
1,73585E-4
1,56699E-4
1,70388E-4
1,65093E-4
1,72856E-4
1,52322E-4
1,73951E-4
1,66393E-4
1,77273E-4
1,52853E-4
1,69926E-4
1,54683E-4
1,71087E-4
1,53685E-4
1,74099E-4
1,63335E-4
1,69803E-4
1,5529E-4
1,67999E-4
1,62414E-4
1,70453E-4
1,59984E-4
1,73352E-4
1,65469E-4
1,73928E-4
1,52813E-4
1,72518E-4
1,58771E-4
1,68234E-4
1,51534E-4
1,74143E-4
1,60614E-4
1,68102E-4
1,4865E-4
1,74966E-4
1,48478E-4
1,70653E-4
1,48403E-4
1,71813E-4
1,61245E-4
1,70363E-4
1,52856E-4
1,72976E-4
1,50977E-4
1,51025E-4
1,8052E-4
1,71291E-4
1,52098E-4
1,73705E-4
1,64624E-4
1,73352E-4
1,60027E-4
1,7603E-4
1,55863E-4
1,74183E-4
1,55496E-4
1,75721E-4
1,73952E-4
1,75452E-4
1,65907E-4
1,76336E-4
1,57484E-4
1,71974E-4
1,61122E-4
1,73233E-4
1,62491E-4
1,72103E-4
1,51855E-4
1,68824E-4
1,57708E-4
1,68162E-4
1,54598E-4
1,67862E-4
1,55162E-4
1,6926E-4
1,53713E-4
1,68472E-4
1,53517E-4
1,65428E-4
1,64253E-4
1,68388E-4
1,60933E-4
1,6582E-4
1,58601E-4
1,67259E-4
1,54023E-4
1,69541E-4
0,00141011
1,74626E-4
1,49994E-4
1,71361E-4
1,56989E-4
1,75176E-4
1,59147E-4
1,74071E-4
1,68895E-4
1,72905E-4
1,53756E-4
1,75429E-4
1,52461E-4
1,72529E-4
1,58864E-4
1,71301E-4
1,50963E-4
1,7682E-4
1,56429E-4
1,75469E-4
1,56823E-4
1,70903E-4
1,53487E-4
1,75047E-4
1,64417E-4
1,75045E-4
1,54839E-4
1,77001E-4
1,56949E-4
1,74095E-4
1,55312E-4
1,73131E-4
1,68398E-4
1,75199E-4
1,54821E-4
1,73133E-4
1,65466E-4
1,73592E-4
1,56894E-4
1,70575E-4
1,5238E-4
1,76454E-4
1,52784E-4
1,74748E-4
0,001254509
1,7531E-4
1,53609E-4
1,71314E-4
1,60987E-4
1,71303E-4
1,63532E-4
1,71585E-4
1,55918E-4
1,75685E-4
1,67939E-4
1,70958E-4
1,56289E-4
1,8695E-4
1,5207E-4
1,7639E-4
1,64283E-4
1,72518E-4
1,6971E-4
1,73625E-4
1,5644E-4
1,76984E-4
1,53576E-4
1,88755E-4
1,67045E-4
1,75503E-4
1,58336E-4
1,724E-4
1,76224E-4
1,71521E-4
1,56797E-4
1,74338E-4
1,62346E-4
1,73406E-4
1,5334E-4
0,001520596
1,63019E-4
1,70347E-4
1,53974E-4
1,70143E-4
1,62435E-4
1,70169E-4
1,55894E-4
1,71367E-4
0,001249513
1,73807E-4
1,5168E-4
1,84706E-4
1,5609E-4
1,71365E-4
1,51242E-4
1,72146E-4
1,63245E-4
1,70734E-4
1,62293E-4
1,70462E-4
1,51838E-4
1,71507E-4
1,50376E-4
1,86267E-4
1,53316E-4
1,68115E-4
1,64986E-4
1,69245E-4
1,56912E-4
1,70417E-4
1,46705E-4
1,69617E-4
1,56654E-4
1,73457E-4
1,52095E-4
1,70779E-4
1,52671E-4
1,68187E-4
1,49392E-4
1,70361E-4
1,48094E-4
1,68584E-4
1,47341E-4
1,72789E-4
1,60594E-4
1,73682E-4
1,586E-4
1,71332E-4
1,49558E-4
1,68047E-4
1,45823E-4
1,70716E-4
0,001286345
1,7277E-4
1,60932E-4
1,6889E-4
1,57498E-4
1,72097E-4
1,60051E-4
1,72427E-4
1,51277E-4
1,75789E-4
1,67796E-4
1,81009E-4
1,51311E-4
1,57264E-4
1,65738E-4
1,5367E-4
1,62505E-4
1,53163E-4
1,53774E-4
1,58508E-4
1,60081E-4
1,51932E-4
1,54345E-4
1,59357E-4
1,5692E-4
1,53232E-4
1,54194E-4
1,56624E-4
1,51855E-4
1,51629E-4
1,58533E-4
1,5165E-4
1,54324E-4
1,53724E-4
1,62349E-4
1,54986E-4
1,5892E-4
1,5507E-4
1,58388E-4
1,5679E-4
1,51454E-4
1,53008E-4
1,77513E-4
1,53228E-4
1,55451E-4
1,56482E-4
1,77929E-4
1,53569E-4
1,52543E-4
1,55076E-4
1,54762E-4
1,5524E-4
1,51555E-4
1,5622E-4
1,58126E-4
1,64966E-4
1,46778E-4
1,55228E-4
1,5814E-4
1,50764E-4
1,53221E-4
1,53189E-4
0,001293205
1,50632E-4
1,56905E-4
1,58473E-4
1,52189E-4
1,54399E-4
1,55135E-4
1,55604E-4
1,52609E-4
1,54784E-4
1,73347E-4
1,5427E-4
1,71125E-4
1,49529E-4
1,61771E-4
1,5145E-4
1,62975E-4
1,52084E-4
1,57799E-4
1,51164E-4
1,54841E-4
1,54002E-4
1,59775E-4
1,55824E-4
1,64543E-4
1,5523E-4
1,54907E-4
1,58198E-4
1,69713E-4
1,5584E-4
1,57974E-4
1,5654E-4
1,76844E-4
1,58731E-4
1,71731E-4
0,001298538
1,7251E-4
1,55668E-4
1,57878E-4
1,55984E-4
1,81839E-4
1,54279E-4
1,70704E-4
1,6386E-4
1,62954E-4
1,56975E-4
1,57198E-4
1,61623E-4
1,72336E-4
1,52038E-4
1,6113E-4
1,51636E-4
1,51732E-4
1,58457E-4
1,74664E-4
1,53982E-4
1,54951E-4
1,52855E-4
1,57549E-4
1,52542E-4
1,52628E-4
1,52089E-4
1,59898E-4
1,53991E-4
1,64212E-4
1,52341E-4
1,73472E-4
1,51894E-4
1,50335E-4
1,48583E-4
1,68604E-4
1,51489E-4
1,51121E-4
1,56052E-4
1,53904E-4
1,53769E-4
1,49858E-4
1,52863E-4
1,64557E-4
0,001453049
1,6565E-4
2,06367E-4
1,72289E-4
1,95494E-4
1,61385E-4
1,81352E-4
1,68811E-4
1,83964E-4
1,73348E-4
1,56755E-4
1,55112E-4
1,54323E-4
1,56264E-4
1,73928E-4
1,69796E-4
1,75087E-4
1,53844E-4
1,71556E-4
1,68468E-4
1,75731E-4
1,55004E-4
1,72559E-4
1,56877E-4
1,70912E-4
1,53286E-4
1,70089E-4
1,75902E-4
1,71687E-4
1,53528E-4
1,71292E-4
1,50573E-4
1,75207E-4
1,58109E-4
1,69694E-4
0,00141253
1,5301E-4
1,52905E-4
1,52081E-4
1,5009E-4
1,49314E-4
1,61237E-4
1,74735E-4
1,52139E-4
1,53085E-4
1,52908E-4
1,46388E-4
1,52173E-4
1,74185E-4
1,49226E-4
1,52203E-4
1,5884E-4
1,6927E-4
1,49886E-4
1,52073E-4
1,52972E-4
1,51917E-4
1,6939E-4
1,52844E-4
1,5072E-4
1,71824E-4
1,49298E-4
1,54206E-4
1,54678E-4
1,50631E-4
1,53438E-4
1,55578E-4
1,50311E-4
1,51354E-4
1,61361E-4
1,7226E-4
1,53268E-4
1,53126E-4
1,7117E-4
1,51146E-4
1,52481E-4
1,49692E-4
1,43116E-4
1,50853E-4
0,001386335
1,49663E-4
1,54105E-4
1,70651E-4
1,52518E-4
1,71638E-4
1,46828E-4
1,70952E-4
1,48317E-4
1,52301E-4
1,47689E-4
1,67927E-4
1,58585E-4
1,51401E-4
1,63362E-4
1,53743E-4
1,51093E-4
1,51402E-4
1,51265E-4
1,73776E-4
1,50607E-4
1,50258E-4
1,51918E-4
1,55959E-4
1,467E-4
1,55579E-4
1,502E-4
1,55629E-4
1,57387E-4
1,55597E-4
1,76823E-4
1,58242E-4
1,51686E-4
1,58081E-4
1,6723E-4
1,56427E-4
1,54412E-4
1,51003E-4
1,72461E-4
1,50633E-4
1,5379E-4
1,51899E-4
1,69862E-4
1,57339E-4
0,001344507
1,55653E-4
1,55316E-4
1,48529E-4
1,79352E-4
1,72608E-4
1,72747E-4
1,56488E-4
1,56458E-4
0,001339858
1,59925E-4
1,78295E-4
1,48188E-4
1,50633E-4
1,53212E-4
1,55402E-4
1,57337E-4
1,5112E-4
1,52628E-4
1,55377E-4
1,6222E-4
1,50673E-4
1,58144E-4
1,53379E-4
1,73144E-4
1,54542E-4
1,6628E-4
1,59743E-4
1,60405E-4
1,52755E-4
1,49876E-4
1,73232E-4
1,50646E-4
1,53499E-4
1,7362E-4
1,53692E-4
1,60952E-4
1,56901E-4
1,55334E-4
1,52268E-4
1,56859E-4
1,5614E-4
1,50618E-4
1,51708E-4
0,00140593
1,54678E-4
1,55709E-4
1,72636E-4
1,49363E-4
1,5546E-4
1,52183E-4
1,47494E-4
1,62376E-4
0,001403237
1,60906E-4
1,5361E-4
1,52837E-4
1,53815E-4
1,68275E-4
1,53507E-4
1,49712E-4
1,56377E-4
1,57529E-4
1,49935E-4
1,63029E-4
1,5269E-4
1,55443E-4
1,53508E-4
1,49139E-4
1,54566E-4
1,64089E-4
1,58014E-4
1,61341E-4
1,5131E-4
1,69431E-4
1,52444E-4
1,58442E-4
1,58012E-4
1,50007E-4
1,5091E-4
1,51036E-4
1,50646E-4
1,61536E-4
1,50554E-4
1,611E-4
1,55673E-4
1,65025E-4
1,71453E-4
0,001297207
1,53916E-4
1,55789E-4
1,56457E-4
1,58441E-4
1,53641E-4
1,54936E-4
1,5293E-4
1,55423E-4
0,001276135
1,5368E-4
1,74304E-4
1,548E-4
1,73465E-4
1,55233E-4
1,51563E-4
1,7145E-4
1,58893E-4
1,54626E-4
1,76453E-4
1,65101E-4
1,76642E-4
1,77025E-4
1,76049E-4
1,57816E-4
1,74661E-4
1,58481E-4
1,71149E-4
1,54271E-4
1,77837E-4
1,53506E-4
1,75487E-4
1,53286E-4
1,71124E-4
1,55534E-4
1,81109E-4
1,53353E-4
1,69175E-4
1,52168E-4
1,65416E-4
1,6857E-4
1,74704E-4
1,51495E-4
1,48972E-4
0,001427369
1,71491E-4
1,52788E-4
1,71015E-4
1,51169E-4
1,54678E-4
1,62616E-4
1,52052E-4
1,61982E-4
1,48421E-4
1,54316E-4
1,72449E-4
1,55492E-4
1,73304E-4
1,57927E-4
1,72302E-4
1,54937E-4
1,70778E-4
1,54707E-4
1,69187E-4
1,48262E-4
1,49843E-4
1,53293E-4
1,70205E-4
1,54767E-4
1,52656E-4
1,51527E-4
1,72887E-4
1,48304E-4
1,71753E-4
1,52545E-4
1,77128E-4
1,60515E-4
1,58479E-4
1,5204E-4
1,75969E-4
1,54375E-4
1,5763E-4
1,49778E-4
1,71649E-4
1,707E-4
1,73046E-4
1,5669E-4
1,77072E-4
0,001097704
1,54761E-4
1,52968E-4
1,5223E-4
1,76932E-4
1,54352E-4
1,50613E-4
1,55586E-4
1,63392E-4
1,52786E-4
1,49288E-4
1,56649E-4
1,51614E-4
1,53276E-4
1,58734E-4
1,55263E-4
1,54854E-4
1,54553E-4
1,5606E-4
1,52798E-4
1,49645E-4
1,51192E-4
1,48955E-4
1,52755E-4
1,61538E-4
1,5458E-4
1,51806E-4
1,56676E-4
1,71006E-4
1,51381E-4
1,51473E-4
1,55205E-4
1,68481E-4
1,57004E-4
1,56091E-4
1,53366E-4
1,56212E-4
1,78792E-4
1,71574E-4
1,73004E-4
1,57386E-4
1,73654E-4
1,76882E-4
1,72816E-4
0,001110147
1,54381E-4
1,66845E-4
1,5053E-4
1,53673E-4
1,53064E-4
1,55132E-4
1,50843E-4
1,70257E-4
0,001274986
1,55618E-4
1,52029E-4
1,71034E-4
1,52358E-4
1,511E-4
1,50351E-4
1,73966E-4
1,54964E-4
1,55076E-4
1,52418E-4
1,55593E-4
1,53647E-4
1,52892E-4
1,64577E-4
1,4904E-4
1,51978E-4
1,69067E-4
1,5494E-4
1,52477E-4
1,53274E-4
1,71859E-4
1,53483E-4
1,58941E-4
1,78194E-4
1,6112E-4
1,76366E-4
1,76276E-4
1,75781E-4
1,7385E-4
1,79558E-4
1,50167E-4
1,80604E-4
1,62132E-4
1,81912E-4
0,001368898
1,57313E-4
1,65161E-4
1,56491E-4
1,53044E-4
1,51588E-4
1,62195E-4
1,60286E-4
1,53673E-4
1,58451E-4
1,53332E-4
1,58559E-4
1,60691E-4
1,52388E-4
1,54667E-4
1,59983E-4
1,59609E-4
1,50707E-4
1,56166E-4
1,59072E-4
1,64702E-4
1,52389E-4
1,45815E-4
1,51956E-4
1,59017E-4
1,53199E-4
1,51506E-4
1,74373E-4
1,57612E-4
1,53143E-4
1,5623E-4
1,59115E-4
1,5691E-4
1,57644E-4
1,52237E-4
0,001267465
1,57994E-4
1,56845E-4
1,61243E-4
1,54952E-4
1,63586E-4
1,52139E-4
1,51532E-4
1,56085E-4
1,74537E-4
1,57019E-4
1,57719E-4
1,52777E-4
1,57576E-4
1,56799E-4
1,66719E-4
1,52446E-4
1,53457E-4
1,53049E-4
1,5576E-4
1,48999E-4
1,52776E-4
1,5393E-4
1,59526E-4
1,5668E-4
1,50479E-4
1,53852E-4
1,52025E-4
1,53465E-4
1,74336E-4
1,57079E-4
1,57324E-4
1,53401E-4
1,60065E-4
1,53796E-4
1,49417E-4
1,63971E-4
1,68337E-4
1,6682E-4
1,77148E-4
1,59051E-4
1,59838E-4
1,58624E-4
1,74152E-4
0,001167101
1,69717E-4
1,60335E-4
1,78168E-4
1,60213E-4
1,82306E-4
1,60727E-4
1,58608E-4
1,58691E-4
0,001428266
1,57127E-4
1,68999E-4
1,62137E-4
1,78034E-4
1,65834E-4
1,70647E-4
1,66699E-4
1,65662E-4
1,65281E-4
1,70596E-4
1,67814E-4
1,62495E-4
1,64599E-4
1,69297E-4
1,68559E-4
1,84268E-4
1,67585E-4
1,72928E-4
1,54431E-4
1,80041E-4
1,54481E-4
1,64827E-4
1,71917E-4
1,62606E-4
1,73093E-4
0,001148927
1,69682E-4
1,53632E-4
1,69743E-4
1,55385E-4
1,6991E-4
1,60973E-4
1,68563E-4
1,56042E-4
1,68945E-4
1,64881E-4
1,69582E-4
1,57201E-4
1,73535E-4
1,7134E-4
1,71826E-4
1,69236E-4
1,72574E-4
1,74194E-4
1,71116E-4
1,73299E-4
1,70108E-4
1,70072E-4
1,67512E-4
1,7099E-4
1,71314E-4
1,6858E-4
1,71232E-4
1,65965E-4
1,74957E-4
1,50497E-4
1,69108E-4
1,56551E-4
1,81605E-4
1,59014E-4
1,69347E-4
1,56028E-4
1,73548E-4
1,6E-4
1,71731E-4
1,5472E-4
1,70249E-4
1,60543E-4
1,66857E-4
0,00123391
1,7589E-4
1,62541E-4
1,68664E-4
1,50986E-4
1,69518E-4
1,54484E-4
1,74236E-4
1,50084E-4
1,71743E-4
1,53876E-4
1,65708E-4
1,63641E-4
1,66505E-4
1,57628E-4
1,69782E-4
1,51988E-4
1,66016E-4
1,514E-4
1,65698E-4
1,47332E-4
1,50738E-4
1,60953E-4
1,56617E-4
1,47995E-4
1,54301E-4
1,71209E-4
1,58504E-4
1,5507E-4
1,57895E-4
1,51646E-4
1,5439E-4
1,80981E-4
1,57326E-4
1,63946E-4
1,58558E-4
1,58858E-4
1,62048E-4
1,66301E-4
1,62437E-4
1,5349E-4
1,52986E-4
1,6004E-4
1,58089E-4
1,71521E-4
1,52997E-4
1,61687E-4
1,52494E-4
1,53457E-4
1,58748E-4
1,55844E-4
1,48355E-4
1,50487E-4
0,001285511
1,54575E-4
1,55454E-4
1,51197E-4
1,48711E-4
1,62316E-4
1,49627E-4
1,74188E-4
1,52383E-4
0,00111368
1,58692E-4
1,64331E-4
1,53276E-4
1,5282E-4
1,53589E-4
1,52947E-4
1,51006E-4
1,52983E-4
1,54862E-4
1,53304E-4
1,69184E-4
1,57268E-4
1,56906E-4
1,7137E-4
1,51827E-4
1,59011E-4
1,49199E-4
1,67185E-4
1,4789E-4
1,68713E-4
1,6998E-4
1,52538E-4
1,71608E-4
1,4838E-4
1,74565E-4
1,54127E-4
1,75892E-4
1,73859E-4
1,74937E-4
1,91565E-4
1,72854E-4
1,65542E-4
1,64357E-4
1,57152E-4
0,001121238
1,52839E-4
1,51578E-4
1,7092E-4
1,61934E-4
1,63288E-4
1,58835E-4
1,64124E-4
1,58184E-4
0,001276663
1,781E-4
1,53962E-4
1,74204E-4
1,54774E-4
1,74703E-4
1,5062E-4
1,69595E-4
1,60989E-4
1,74936E-4
1,51508E-4
1,70005E-4
1,51184E-4
1,74235E-4
1,5623E-4
1,74049E-4
1,74982E-4
1,75183E-4
1,54608E-4
1,72379E-4
1,59662E-4
1,71424E-4
1,51105E-4
1,73921E-4
1,49849E-4
1,71807E-4
1,53108E-4
1,5338E-4
1,73348E-4
1,51786E-4
1,71217E-4
1,49025E-4
1,69814E-4
1,50742E-4
1,6978E-4
1,49565E-4
1,52884E-4
1,5205E-4
1,72732E-4
1,51055E-4
1,5218E-4
1,48828E-4
1,49503E-4
1,51037E-4
0,001234422
1,52824E-4
1,54055E-4
1,49931E-4
1,7463E-4
1,51702E-4
1,5581E-4
1,4963E-4
1,7023E-4
1,56663E-4
1,53437E-4
1,48982E-4
1,70194E-4
1,49923E-4
1,55417E-4
1,5416E-4
1,69636E-4
1,52648E-4
1,57474E-4
1,50274E-4
1,7093E-4
1,47556E-4
1,47349E-4
1,52138E-4
1,70075E-4
1,53312E-4
1,515E-4
1,74947E-4
1,51119E-4
1,76691E-4
1,70598E-4
1,77755E-4
1,53142E-4
1,72169E-4
1,49812E-4
1,6972E-4
1,72361E-4
1,74035E-4
1,52962E-4
1,76352E-4
1,74551E-4
1,74131E-4
1,58832E-4
1,71894E-4
1,5306E-4
1,7332E-4
1,49453E-4
1,8361E-4
1,48407E-4
1,74013E-4
1,48188E-4
1,72629E-4
1,50853E-4
1,69332E-4
1,51021E-4
1,76443E-4
1,59757E-4
1,74301E-4
1,60881E-4
1,74046E-4
1,51953E-4
1,75832E-4
1,5797E-4
1,53829E-4
1,50889E-4
1,53473E-4
1,57486E-4
1,55761E-4
1,50814E-4
1,61085E-4
1,52913E-4
1,55376E-4
1,53977E-4
1,54692E-4
1,62584E-4
1,54067E-4
1,54206E-4
1,53674E-4
1,62879E-4
1,54623E-4
1,49584E-4
1,51629E-4
1,50236E-4
1,51477E-4
1,61415E-4
1,50062E-4
1,53444E-4
1,50085E-4
1,6018E-4
1,54736E-4
1,52033E-4
1,55587E-4
1,51197E-4
1,57167E-4
1,60403E-4
1,54132E-4
1,57044E-4
1,51842E-4
1,67824E-4
1,58147E-4
1,56924E-4
1,54064E-4
1,54579E-4
1,53396E-4
1,59124E-4
1,53841E-4
1,72214E-4
1,57723E-4
1,53244E-4
1,58665E-4
1,60368E-4
1,58585E-4
1,56659E-4
1,55393E-4
0,001293203
1,58456E-4
1,54304E-4
1,60854E-4
1,54386E-4
1,56031E-4
1,4818E-4
1,60158E-4
1,53298E-4
1,58119E-4
1,71226E-4
1,5409E-4
1,51619E-4
1,53842E-4
1,48267E-4
1,54262E-4
1,53122E-4
1,55383E-4
1,54753E-4
1,55019E-4
1,50781E-4
1,53864E-4
1,53209E-4
1,49162E-4
1,61051E-4
1,59259E-4
1,70472E-4
1,52819E-4
1,49666E-4
1,49185E-4
1,5138E-4
1,51343E-4
1,58683E-4
1,52709E-4
1,49802E-4
1,47619E-4
1,54128E-4
1,49469E-4
1,69521E-4
1,48888E-4
1,61994E-4
1,50431E-4
1,67661E-4
1,56443E-4
1,57055E-4
1,54331E-4
1,52463E-4
1,70926E-4
1,5722E-4
1,73845E-4
1,57969E-4
1,7167E-4
1,57393E-4
1,75464E-4
1,52264E-4
1,74513E-4
1,53311E-4
1,74878E-4
1,70243E-4
1,73231E-4
1,54515E-4
1,7468E-4
1,50912E-4
1,51487E-4
1,54721E-4
1,71695E-4
1,51727E-4
1,70203E-4
1,57674E-4
1,73476E-4
1,50499E-4
1,7057E-4
1,55752E-4
1,73067E-4
1,55924E-4
1,76117E-4
1,57577E-4
1,72543E-4
1,49739E-4
1,71905E-4
1,48429E-4
1,67753E-4
1,54666E-4
1,71204E-4
1,48906E-4
1,71151E-4
1,59658E-4
1,72918E-4
1,50046E-4
1,70553E-4
1,49144E-4
1,75877E-4
1,50108E-4
1,71337E-4
1,54914E-4
1,75637E-4
1,52921E-4
1,72506E-4
1,56525E-4
1,73319E-4
1,50003E-4
1,7014E-4
1,54672E-4
1,75897E-4
1,65896E-4
1,73115E-4
1,58182E-4
1,76207E-4
1,53355E-4
1,7368E-4
1,57268E-4
1,76115E-4
1,6351E-4
1,73191E-4
1,59418E-4
1,73619E-4
1,55076E-4
1,52309E-4
1,72127E-4
1,55897E-4
1,64965E-4
1,56654E-4
1,75914E-4
1,51682E-4
1,7463E-4
1,59032E-4
1,72011E-4
1,57519E-4
1,56326E-4
1,54913E-4
1,70318E-4
1,5448E-4
1,56548E-4
1,55224E-4
1,71208E-4
1,53472E-4
1,49242E-4
1,51498E-4
1,7055E-4
1,50155E-4
1,69966E-4
1,54341E-4
1,71018E-4
1,5129E-4
1,51002E-4
1,56946E-4
1,70676E-4
1,52161E-4
1,5151E-4
1,53247E-4
1,70159E-4
1,49262E-4
1,73908E-4
1,5317E-4
1,52631E-4
1,54169E-4
1,7245E-4
1,49481E-4
1,71384E-4
1,54085E-4
1,55934E-4
1,49298E-4
1,7758E-4
1,57429E-4
1,56741E-4
1,50168E-4
1,75839E-4
1,52625E-4
1,63223E-4
1,55288E-4
1,72246E-4
1,52093E-4
1,57737E-4
1,53093E-4
1,72055E-4
1,51447E-4
1,5281E-4
1,50771E-4
1,73763E-4
1,5241E-4
1,7125E-4
1,5337E-4
1,72831E-4
1,54602E-4
1,51866E-4
1,49777E-4
1,71771E-4
1,53971E-4
1,52673E-4
1,52086E-4
1,53592E-4
1,55746E-4
1,56152E-4
1,5517E-4
1,58987E-4
1,53561E-4
1,76088E-4
1,72538E-4
1,55558E-4
1,80174E-4
1,54151E-4
1,79504E-4
1,74461E-4
1,80439E-4
1,57122E-4
1,77733E-4
1,59005E-4
1,78549E-4
1,58347E-4
1,76471E-4
1,56243E-4
1,7665E-4
1,61321E-4
1,77281E-4
1,73723E-4
1,75235E-4
1,56931E-4
1,77944E-4
1,60763E-4
1,77879E-4
0,001389707
1,7859E-4
1,56141E-4
1,74052E-4
1,5475E-4
1,76179E-4
1,49943E-4
1,77788E-4
1,64147E-4
0,00126312
1,54582E-4
1,76871E-4
1,59727E-4
1,70454E-4
1,50207E-4
1,75816E-4
1,55209E-4
1,72854E-4
1,57557E-4
1,74349E-4
1,69737E-4
1,71487E-4
1,48806E-4
1,74796E-4
1,7066E-4
1,73965E-4
1,52882E-4
1,76653E-4
1,54042E-4
1,51589E-4
1,57935E-4
1,74695E-4
1,54894E-4
1,7315E-4
1,50198E-4
1,70637E-4
1,50957E-4
1,75313E-4
1,56497E-4
1,71453E-4
1,68361E-4
1,72274E-4
1,48027E-4
1,74435E-4
1,51541E-4
1,74447E-4
1,51869E-4
1,75378E-4
1,59377E-4
1,73424E-4
1,50419E-4
1,75733E-4
1,52385E-4
0,001388997
1,61362E-4
1,7543E-4
1,57229E-4
1,75557E-4
1,75942E-4
1,7534E-4
1,52915E-4
1,73397E-4
1,55952E-4
1,72939E-4
1,54499E-4
1,69654E-4
1,57985E-4
1,68203E-4
1,52784E-4
1,75379E-4
1,50333E-4
1,75917E-4
1,5735E-4
1,76074E-4
1,53759E-4
1,50614E-4
1,56025E-4
1,72271E-4
1,52287E-4
1,72347E-4
1,54789E-4
1,7191E-4
1,51411E-4
1,54387E-4
1,5485E-4
1,76037E-4
1,72407E-4
1,71417E-4
1,55605E-4
1,7501E-4
1,5344E-4
1,79368E-4
1,56405E-4
1,78377E-4
1,53394E-4
1,75118E-4
1,57196E-4
0,001275788
1,59943E-4
1,74083E-4
1,72753E-4
1,74675E-4
1,53182E-4
1,74611E-4
1,54224E-4
1,7247E-4
1,57258E-4
1,74975E-4
1,55371E-4
1,74779E-4
1,58168E-4
1,73629E-4
1,6989E-4
1,72924E-4
1,5755E-4
1,76912E-4
1,5171E-4
1,72865E-4
1,619E-4
1,7321E-4
1,51063E-4
1,75394E-4
1,49117E-4
1,71776E-4
1,54427E-4
1,74762E-4
1,5442E-4
1,73857E-4
1,58341E-4
1,75834E-4
1,49229E-4
1,75419E-4
1,57892E-4
1,54826E-4
1,72808E-4
1,52057E-4
1,50924E-4
1,50592E-4
1,7422E-4
1,53125E-4
1,52137E-4
0,001320799
1,69885E-4
1,54618E-4
1,60633E-4
1,54116E-4
1,72256E-4
1,51086E-4
1,71293E-4
1,52485E-4
1,71459E-4
1,52453E-4
1,71371E-4
1,55318E-4
1,70103E-4
1,54618E-4
1,55517E-4
1,52531E-4
1,50644E-4
1,54607E-4
1,55718E-4
1,48065E-4
1,72744E-4
1,51475E-4
1,7016E-4
1,54485E-4
1,73957E-4
1,53655E-4
1,7071E-4
1,51723E-4
1,68769E-4
1,53949E-4
1,63193E-4
1,55473E-4
1,53318E-4
1,50962E-4
1,71396E-4
1,5454E-4
1,52264E-4
1,53357E-4
1,72231E-4
1,68E-4
1,71098E-4
1,55515E-4
1,53394E-4
0,001292508
1,71075E-4
1,49805E-4
1,49498E-4
1,5341E-4
1,70195E-4
1,52616E-4
1,55909E-4
1,64362E-4
1,6951E-4
1,51887E-4
1,54708E-4
1,58116E-4
1,7264E-4
1,58885E-4
1,59331E-4
1,55561E-4
1,72445E-4
1,77227E-4
1,49474E-4
1,78253E-4
1,60871E-4
1,74339E-4
1,57201E-4
1,76454E-4
1,59006E-4
1,80662E-4
1,51125E-4
1,72563E-4
1,54464E-4
1,68863E-4
1,53979E-4
1,7285E-4
1,55339E-4
1,76594E-4
0,001282401
1,76058E-4
1,57998E-4
1,72866E-4
1,68206E-4
1,72746E-4
1,55385E-4
1,74378E-4
1,51646E-4
1,73269E-4
1,57307E-4
1,75516E-4
1,51233E-4
1,74443E-4
1,5157E-4
1,73772E-4
1,57162E-4
1,70355E-4
1,51616E-4
1,73463E-4
1,49426E-4
1,71406E-4
1,4704E-4
1,73654E-4
1,5167E-4
2,13761E-4
1,54867E-4
1,76748E-4
1,73457E-4
1,70432E-4
1,71616E-4
1,73189E-4
1,52915E-4
1,77121E-4
1,58984E-4
1,73585E-4
1,57629E-4
1,7479E-4
1,59887E-4
1,74126E-4
1,63463E-4
1,7552E-4
1,56217E-4
1,75498E-4
0,001446038
1,61385E-4
1,57039E-4
1,74021E-4
1,71298E-4
1,55367E-4
1,69877E-4
1,51197E-4
1,72077E-4
1,54206E-4
1,52228E-4
1,72849E-4
1,57483E-4
1,56359E-4
1,62378E-4
1,7315E-4
1,57831E-4
1,55084E-4
1,7351E-4
1,54188E-4
1,5098E-4
1,55328E-4
1,51727E-4
1,59693E-4
1,53281E-4
1,60436E-4
1,65911E-4
1,54714E-4
1,545E-4
1,5154E-4
1,52387E-4
1,69095E-4
1,52225E-4
1,49698E-4
1,50441E-4
0,001206025
1,51197E-4
1,67785E-4
1,67971E-4
1,69029E-4
1,63318E-4
1,53121E-4
1,59435E-4
1,68935E-4
0,001397211
1,53341E-4
1,50314E-4
1,65984E-4
1,60448E-4
1,51919E-4
1,49778E-4
1,49984E-4
1,69229E-4
1,71335E-4
1,52811E-4
1,51169E-4
1,54266E-4
1,56925E-4
1,60381E-4
1,53286E-4
1,5139E-4
1,69242E-4
1,51616E-4
1,68618E-4
1,54873E-4
1,54292E-4
1,50979E-4
1,51758E-4
1,50866E-4
1,67555E-4
1,50724E-4
1,54461E-4
1,69617E-4
1,52498E-4
1,63793E-4
1,53788E-4
1,55703E-4
1,5365E-4
1,48999E-4
0,001344984
1,52364E-4
1,51573E-4
1,51997E-4
1,50675E-4
1,54682E-4
1,53111E-4
1,50545E-4
1,52139E-4
1,55052E-4
1,68974E-4
1,53911E-4
1,51148E-4
1,49857E-4
1,68007E-4
1,54788E-4
1,51301E-4
1,54174E-4
1,73647E-4
1,52973E-4
1,64371E-4
1,53003E-4
1,4911E-4
1,56972E-4
1,68995E-4
1,50312E-4
1,56422E-4
1,55512E-4
1,51159E-4
1,48263E-4
1,51579E-4
1,5607E-4
1,541E-4
1,50952E-4
1,52864E-4
1,60905E-4
1,5135E-4
1,51059E-4
1,51796E-4
1,45641E-4
1,49605E-4
1,56952E-4
1,51217E-4
1,59865E-4
0,001288915
1,45631E-4
1,73764E-4
1,53714E-4
1,71072E-4
1,54401E-4
1,74569E-4
1,52623E-4
1,67008E-4
0,001386114
1,50046E-4
1,58506E-4
1,65332E-4
1,50819E-4
1,5346E-4
1,55026E-4
1,71968E-4
1,72252E-4
1,68184E-4
1,62385E-4
1,83503E-4
1,65018E-4
1,56823E-4
1,73982E-4
1,75543E-4
1,66394E-4
1,54702E-4
1,75712E-4
1,76641E-4
1,54326E-4
1,7765E-4
1,5609E-4
1,72683E-4
1,75389E-4
1,49936E-4
1,55724E-4
1,69643E-4
1,59961E-4
1,51309E-4
1,71476E-4
1,51351E-4
1,59886E-4
1,72608E-4
1,67122E-4
0,001308757
1,51696E-4
1,67751E-4
1,54321E-4
1,496E-4
1,46608E-4
1,50827E-4
1,5372E-4
1,511E-4
0,002375136
1,5086E-4
1,5201E-4
1,49884E-4
1,57529E-4
1,52598E-4
1,56496E-4
1,56241E-4
1,58676E-4
0,001391535
1,54204E-4
1,75188E-4
1,60731E-4
1,76033E-4
1,56184E-4
1,50427E-4
1,63231E-4
1,51508E-4
1,55882E-4
1,50064E-4
1,53798E-4
1,48572E-4
1,55384E-4
1,55527E-4
1,50276E-4
1,51507E-4
1,53672E-4
1,74107E-4
1,7311E-4
1,5042E-4
1,61046E-4
1,49929E-4
1,47983E-4
1,46669E-4
1,70427E-4
1,76836E-4
1,57817E-4
1,49421E-4
1,74429E-4
1,53031E-4
1,71935E-4
1,7236E-4
1,59995E-4
1,6756E-4
1,80872E-4
1,73169E-4
1,65023E-4
1,734E-4
1,55726E-4
1,69012E-4
1,56953E-4
1,6746E-4
1,76447E-4
1,70981E-4
1,53978E-4
1,7074E-4
1,71927E-4
1,75223E-4
1,52175E-4
1,70622E-4
1,71152E-4
1,69052E-4
1,57402E-4
1,70456E-4
1,66244E-4
1,66984E-4
1,54296E-4
1,6731E-4
1,70381E-4
1,73074E-4
1,53682E-4
1,70033E-4
1,69168E-4
1,69065E-4
1,47672E-4
1,50104E-4
1,66893E-4
1,71101E-4
1,54149E-4
1,65939E-4
1,53188E-4
1,67576E-4
1,71111E-4
1,68592E-4
1,52376E-4
1,68957E-4
1,50214E-4
1,69407E-4
1,54858E-4
1,72234E-4
1,71211E-4
1,68473E-4
1,53433E-4
1,68329E-4
1,72588E-4
1,639E-4
1,52916E-4
1,67893E-4
1,70404E-4
1,66382E-4
1,60737E-4
1,79162E-4
1,70247E-4
1,68403E-4
1,56733E-4
1,67327E-4
1,79256E-4
1,70057E-4
1,69635E-4
1,50072E-4
1,48131E-4
1,52604E-4
1,55302E-4
1,53284E-4
1,48936E-4
1,53913E-4
1,70661E-4
1,53252E-4
1,54514E-4
1,48545E-4
1,50802E-4
1,53833E-4
1,5703E-4
1,4962E-4
1,50738E-4
1,49761E-4
1,52018E-4
1,47518E-4
1,55457E-4
1,52677E-4
1,54378E-4
1,4843E-4
1,59624E-4
1,51114E-4
1,49531E-4
1,48951E-4
1,6087E-4
1,45517E-4
1,55351E-4
1,49822E-4
1,57758E-4
1,49084E-4
1,47571E-4
1,48744E-4
1,51898E-4
1,52659E-4
1,52091E-4
1,49873E-4
1,47002E-4
1,49404E-4
1,69764E-4
1,67928E-4
1,71133E-4
1,68305E-4
1,54478E-4
1,74047E-4
1,73673E-4
1,72052E-4
1,54191E-4
1,73382E-4
1,69782E-4
1,6956E-4
1,5463E-4
1,70728E-4
1,70688E-4
1,70758E-4
1,54481E-4
1,69851E-4
1,55324E-4
1,68195E-4
1,5984E-4
1,66005E-4
1,5662E-4
1,55018E-4
1,75998E-4
1,58481E-4
1,55388E-4
1,70819E-4
1,78202E-4
1,55267E-4
1,69642E-4
1,61269E-4
1,72349E-4
1,60369E-4
1,77646E-4
1,51697E-4
1,58052E-4
1,53566E-4
1,73297E-4
1,51318E-4
1,71456E-4
1,55121E-4
1,75856E-4
1,44727E-4
1,58871E-4
1,73125E-4
1,74899E-4
1,68064E-4
1,76493E-4
1,55664E-4
1,68589E-4
1,48788E-4
1,72059E-4
1,51579E-4
1,80638E-4
1,55542E-4
1,5702E-4
1,53741E-4
1,72292E-4
1,54574E-4
1,69854E-4
1,58509E-4
0,001139136
1,63859E-4
1,66074E-4
1,52687E-4
1,69004E-4
1,5246E-4
1,50168E-4
1,67232E-4
1,77748E-4
0,00138667
1,56595E-4
1,71009E-4
1,98007E-4
1,54206E-4
1,57004E-4
1,50859E-4
1,54736E-4
1,52836E-4
1,52651E-4
1,72425E-4
1,70149E-4
1,68992E-4
1,53117E-4
1,73976E-4
1,52858E-4
1,75197E-4
1,48331E-4
1,70241E-4
1,5379E-4
1,69038E-4
1,50083E-4
1,49281E-4
1,54778E-4
1,69163E-4
1,51543E-4
1,69713E-4
1,53883E-4
1,6676E-4
1,68193E-4
1,66849E-4
1,6802E-4
1,4858E-4
1,66323E-4
1,5929E-4
1,69323E-4
1,52049E-4
1,69168E-4
1,51077E-4
1,69567E-4
1,51406E-4
1,68094E-4
1,51467E-4
1,67906E-4
1,48849E-4
1,65896E-4
1,48849E-4
1,69489E-4
1,50291E-4
1,72517E-4
1,53008E-4
1,6958E-4
1,53924E-4
1,67711E-4
1,52511E-4
1,69713E-4
1,68894E-4
1,6731E-4
1,5234E-4
1,6721E-4
1,68737E-4
1,70327E-4
1,5092E-4
1,69637E-4
1,67612E-4
1,67589E-4
1,65164E-4
1,52606E-4
1,73292E-4
1,53661E-4
1,67947E-4
1,49676E-4
1,75243E-4
1,64232E-4
1,50625E-4
1,53581E-4
1,69518E-4
1,55936E-4
1,52311E-4
1,59788E-4
0,001228886
1,51542E-4
1,6991E-4
1,49141E-4
1,65795E-4
1,51849E-4
1,63712E-4
1,63538E-4
1,6668E-4
1,51496E-4
1,48497E-4
1,69442E-4
1,51935E-4
1,58836E-4
1,77174E-4
1,70871E-4
1,73286E-4
1,52563E-4
1,70828E-4
1,62828E-4
1,67045E-4
1,53034E-4
1,69512E-4
1,61918E-4
1,67526E-4
1,65904E-4
1,69265E-4
1,5677E-4
1,52566E-4
1,62364E-4
1,74271E-4
1,53346E-4
1,74705E-4
1,62121E-4
1,75175E-4
1,75252E-4
1,55892E-4
1,70224E-4
1,67136E-4
1,66507E-4
1,67125E-4
1,62735E-4
1,72265E-4
1,56936E-4
0,001356168
1,61894E-4
1,5391E-4
1,70081E-4
1,66414E-4
1,70335E-4
1,56772E-4
1,53892E-4
1,55493E-4
1,60084E-4
1,70702E-4
1,53261E-4
1,70593E-4
1,5249E-4
1,73598E-4
1,63885E-4
1,54975E-4
1,63641E-4
1,55658E-4
1,55168E-4
1,52639E-4
1,61381E-4
1,53043E-4
1,54809E-4
1,52392E-4
1,60813E-4
1,66701E-4
1,53453E-4
1,4886E-4
1,67399E-4
1,54521E-4
1,56749E-4
1,52719E-4
1,53385E-4
1,58328E-4
0,001396005
1,60315E-4
1,622E-4
1,56755E-4
1,56349E-4
1,73005E-4
1,66721E-4
1,54686E-4
1,52729E-4
1,4842E-4
1,53021E-4
1,52076E-4
1,58975E-4
1,70485E-4
1,51545E-4
1,50117E-4
1,5599E-4
1,5155E-4
1,4869E-4
1,64122E-4
1,59417E-4
1,61152E-4
1,6669E-4
1,51295E-4
1,57932E-4
1,51058E-4
1,51213E-4
1,55938E-4
1,56179E-4
1,51909E-4
1,69664E-4
1,5369E-4
1,50915E-4
1,51031E-4
1,52382E-4
1,74364E-4
1,76825E-4
1,67854E-4
1,55027E-4
1,71621E-4
1,57673E-4
1,73473E-4
1,52974E-4
1,57561E-4
1,6455E-4
1,58528E-4
1,66297E-4
1,60922E-4
1,6312E-4
1,70326E-4
1,52175E-4
1,52196E-4
1,62012E-4
1,57181E-4
1,57536E-4
1,68613E-4
1,71251E-4
1,65023E-4
1,52026E-4
1,68109E-4
1,69011E-4
1,68945E-4
1,70552E-4
1,70744E-4
1,7335E-4
1,5376E-4
1,6308E-4
1,67275E-4
1,59413E-4
1,68199E-4
1,61199E-4
1,54684E-4
1,71474E-4
1,66433E-4
1,70891E-4
1,5597E-4
1,55844E-4
1,7298E-4
1,7181E-4
1,53731E-4
1,55493E-4
1,6953E-4
1,62396E-4
1,54141E-4
1,51485E-4
1,71673E-4
1,73147E-4
1,52152E-4
1,51996E-4
1,70168E-4
1,55262E-4
1,67401E-4
1,68452E-4
1,67752E-4
1,50401E-4
1,74679E-4
1,68871E-4
1,53706E-4
1,62174E-4
1,72657E-4
1,62488E-4
1,5279E-4
1,64479E-4
1,51536E-4
1,5081E-4
1,47622E-4
1,54873E-4
1,49696E-4
1,51272E-4
1,51371E-4
1,52687E-4
1,68712E-4
1,68545E-4
1,65046E-4
1,62917E-4
1,68254E-4
1,50211E-4
1,70142E-4
1,55494E-4
1,70909E-4
1,61461E-4
1,72179E-4
1,534E-4
1,65477E-4
1,61793E-4
1,70812E-4
1,53411E-4
1,68079E-4
1,59668E-4
1,70464E-4
1,65357E-4
1,50028E-4
0,001351866
1,76475E-4
1,57543E-4
1,68685E-4
1,62462E-4
1,70147E-4
1,61525E-4
1,69932E-4
1,61396E-4
1,56695E-4
1,50354E-4
1,69783E-4
1,71634E-4
1,70905E-4
1,53684E-4
1,66688E-4
1,68551E-4
1,70715E-4
1,54764E-4
1,69785E-4
1,63401E-4
1,71728E-4
1,56767E-4
1,69833E-4
1,6595E-4
1,5579E-4
1,73477E-4
1,71086E-4
1,59174E-4
1,54775E-4
1,61999E-4
1,52761E-4
1,5319E-4
1,55313E-4
1,57998E-4
1,69118E-4
1,57932E-4
1,7004E-4
1,64451E-4
1,71668E-4
1,6406E-4
1,72073E-4
1,69262E-4
1,67795E-4
1,55141E-4
1,72105E-4
1,66447E-4
1,72251E-4
1,6107E-4
1,51876E-4
1,54079E-4
1,69839E-4
1,62515E-4
1,53593E-4
1,55615E-4
1,7042E-4
1,61622E-4
1,54388E-4
1,5879E-4
1,70884E-4
1,69366E-4
1,53004E-4
1,57365E-4
1,74143E-4
1,6104E-4
1,77734E-4
1,64103E-4
1,67672E-4
1,7159E-4
1,4902E-4
0,00139226
1,7303E-4
1,70878E-4
1,68401E-4
1,55669E-4
1,74096E-4
1,72214E-4
1,68075E-4
1,69083E-4
1,72064E-4
1,72967E-4
1,68128E-4
1,74626E-4
1,69972E-4
1,73651E-4
1,71154E-4
1,54101E-4
1,50738E-4
1,52484E-4
1,53223E-4
1,55755E-4
1,7331E-4
1,5737E-4
1,54811E-4
1,56096E-4
1,50517E-4
1,57528E-4
1,52776E-4
1,84929E-4
1,56345E-4
1,49255E-4
1,55718E-4
1,78645E-4
1,54686E-4
1,56026E-4
1,72853E-4
1,76208E-4
1,50892E-4
1,59465E-4
1,54485E-4
1,58736E-4
1,5318E-4
1,53308E-4
1,59144E-4
0,001501782
1,72365E-4
1,52994E-4
1,51577E-4
1,52552E-4
1,52129E-4
1,54134E-4
1,53217E-4
1,75651E-4
0,001400233
1,5435E-4
1,51339E-4
1,54017E-4
1,50445E-4
1,52789E-4
1,68462E-4
1,76462E-4
1,51397E-4
1,73583E-4
1,50613E-4
1,54428E-4
1,55118E-4
1,62499E-4
1,56065E-4
1,56035E-4
1,51667E-4
1,54584E-4
1,51182E-4
1,77639E-4
1,51236E-4
1,69025E-4
1,52022E-4
1,92589E-4
1,51883E-4
1,72936E-4
1,50763E-4
1,72485E-4
1,5872E-4
1,72819E-4
1,55101E-4
1,95545E-4
1,70804E-4
1,72848E-4
1,56427E-4
1,76566E-4
1,74394E-4
1,73401E-4
1,50865E-4
1,74659E-4
1,67653E-4
1,6404E-4
1,52036E-4
1,62456E-4
0,001327068
1,59194E-4
1,52045E-4
1,60768E-4
1,55766E-4
1,59595E-4
1,68617E-4
1,73566E-4
1,54509E-4
1,67776E-4
1,73134E-4
1,6865E-4
1,54627E-4
1,71302E-4
1,55193E-4
1,78122E-4
1,55041E-4
1,70341E-4
1,74356E-4
1,99736E-4
1,87051E-4
1,88685E-4
1,80424E-4
1,8913E-4
1,83544E-4
1,84703E-4
0,001336836
1,68655E-4
1,82458E-4
1,66931E-4
1,82751E-4
1,86389E-4
1,77807E-4
1,84829E-4
1,78658E-4
1,92456E-4
1,80821E-4
1,57501E-4
1,57087E-4
1,62157E-4
1,62195E-4
1,6001E-4
1,56275E-4
1,69459E-4
1,59335E-4
1,62805E-4
1,56231E-4
1,77879E-4
1,6199E-4
1,57404E-4
1,59195E-4
1,56051E-4
1,50651E-4
1,58773E-4
1,64452E-4
1,5901E-4
1,5562E-4
1,64264E-4
1,56114E-4
1,57131E-4
1,59132E-4
1,65682E-4
1,59563E-4
1,52251E-4
1,82883E-4
1,82933E-4
1,61436E-4
1,63885E-4
1,58113E-4
1,82938E-4
0,001583555
1,73667E-4
1,61275E-4
1,84306E-4
1,59279E-4
1,55579E-4
1,57809E-4
1,6637E-4
1,60604E-4
1,67904E-4
1,60722E-4
1,5572E-4
1,56601E-4
1,79011E-4
1,50694E-4
1,47026E-4
1,47686E-4
1,51491E-4
1,50074E-4
1,48496E-4
1,49366E-4
1,49674E-4
1,55255E-4
1,76388E-4
1,76972E-4
1,80972E-4
0,001262113
1,74099E-4
1,59345E-4
1,5255E-4
1,7965E-4
1,58673E-4
1,84157E-4
1,74677E-4
1,79251E-4
1,51844E-4
1,7442E-4
1,7868E-4
1,73458E-4
1,5335E-4
1,7576E-4
1,56245E-4
1,51388E-4
1,50198E-4
0,001259402
1,53386E-4
1,55228E-4
1,68378E-4
1,52737E-4
1,50311E-4
1,52929E-4
1,73599E-4
1,56167E-4
1,53708E-4
1,49316E-4
1,61954E-4
1,53992E-4
1,81596E-4
1,55882E-4
1,51242E-4
1,51764E-4
1,48005E-4
1,62021E-4
1,63745E-4
1,50185E-4
1,55708E-4
1,52177E-4
1,55589E-4
1,52238E-4
1,72272E-4
1,55673E-4
1,69753E-4
1,54618E-4
1,75509E-4
1,51326E-4
1,5129E-4
1,54526E-4
1,73263E-4
1,56205E-4
0,001403816
1,51416E-4
1,49059E-4
1,47789E-4
1,50628E-4
1,5039E-4
1,49642E-4
1,511E-4
1,48079E-4
0,001286206
1,74159E-4
1,74773E-4
1,69795E-4
1,73194E-4
1,70417E-4
1,69429E-4
1,73779E-4
1,70492E-4
1,77174E-4
1,77084E-4
1,58541E-4
1,75147E-4
1,72739E-4
1,7179E-4
1,73888E-4
1,73934E-4
1,57998E-4
1,68659E-4
1,5358E-4
1,58872E-4
1,72359E-4
1,73117E-4
1,71518E-4
1,58108E-4
1,74443E-4
1,50015E-4
1,7442E-4
1,52917E-4
1,49972E-4
1,57407E-4
1,70297E-4
1,51472E-4
1,48256E-4
1,46638E-4
0,001332037
1,4984E-4
1,53914E-4
1,5139E-4
1,49314E-4
1,53831E-4
1,49191E-4
1,50069E-4
1,56243E-4
1,49109E-4
1,49976E-4
1,5875E-4
1,53149E-4
1,51155E-4
1,48663E-4
1,47167E-4
1,71125E-4
1,69714E-4
1,53261E-4
1,48471E-4
1,67293E-4
1,68086E-4
1,68119E-4
1,70782E-4
1,68791E-4
1,49294E-4
1,69777E-4
1,71081E-4
1,69342E-4
1,70484E-4
1,69113E-4
1,68888E-4
1,60961E-4
1,70632E-4
1,67422E-4
0,001271993
1,7025E-4
1,81927E-4
1,73903E-4
1,82672E-4
1,6987E-4
1,77841E-4
1,72709E-4
1,78027E-4
0,001309019
1,81413E-4
1,726E-4
1,86328E-4
1,72221E-4
1,84194E-4
1,73523E-4
1,91275E-4
1,72756E-4
1,81738E-4
1,69607E-4
1,8676E-4
1,59967E-4
1,81389E-4
1,72116E-4
1,64555E-4
1,59398E-4
1,78283E-4
1,74373E-4
1,59369E-4
1,7259E-4
1,86125E-4
1,4987E-4
1,7702E-4
1,70884E-4
1,7747E-4
1,68998E-4
1,7903E-4
1,71536E-4
1,76049E-4
1,70867E-4
1,80421E-4
1,6799E-4
1,75013E-4
1,6907E-4
0,00143427
1,84118E-4
1,58076E-4
1,74554E-4
1,56537E-4
1,84089E-4
1,56297E-4
1,69547E-4
1,53136E-4
1,63151E-4
1,49343E-4
1,65945E-4
1,56803E-4
1,49081E-4
1,51924E-4
1,74659E-4
1,54796E-4
1,69139E-4
1,54604E-4
1,69896E-4
1,67191E-4
1,70942E-4
1,54676E-4
1,66995E-4
1,73032E-4
1,69962E-4
1,5382E-4
1,73825E-4
1,55516E-4
1,67872E-4
1,60976E-4
1,69199E-4
1,74774E-4
1,72798E-4
1,57686E-4
0,00132704
1,59391E-4
1,68929E-4
1,54323E-4
1,53558E-4
1,53691E-4
1,73726E-4
1,57801E-4
1,71833E-4
0,001335237
1,52853E-4
1,5771E-4
1,50415E-4
1,56563E-4
1,7549E-4
1,53337E-4
1,54472E-4
1,5342E-4
1,72748E-4
1,52316E-4
1,68008E-4
1,58157E-4
1,71582E-4
1,53677E-4
1,69398E-4
1,54833E-4
1,70398E-4
1,71678E-4
1,66571E-4
1,56689E-4
1,6837E-4
1,5537E-4
1,51048E-4
1,55198E-4
1,69888E-4
1,58913E-4
1,52871E-4
1,61004E-4
1,51162E-4
1,75084E-4
1,69285E-4
1,63569E-4
1,52924E-4
1,6552E-4
0,00133535
1,61214E-4
1,5277E-4
1,58554E-4
1,67683E-4
1,6059E-4
1,55198E-4
1,56624E-4
1,58065E-4
1,63651E-4
1,57935E-4
1,62563E-4
1,75463E-4
1,60106E-4
1,54698E-4
1,64939E-4
1,55779E-4
1,61711E-4
1,61737E-4
1,62877E-4
1,52437E-4
1,7132E-4
1,72125E-4
1,61559E-4
1,55488E-4
1,57895E-4
1,64686E-4
1,62295E-4
1,53306E-4
1,62452E-4
1,68504E-4
1,62798E-4
1,66872E-4
1,66097E-4
1,48863E-4
1,60298E-4
1,46799E-4
1,64518E-4
1,6684E-4
1,61295E-4
1,45469E-4
1,61736E-4
1,67479E-4
1,60002E-4
0,001353345
1,63417E-4
1,53462E-4
1,63147E-4
1,4781E-4
1,60621E-4
1,52374E-4
1,58388E-4
1,48065E-4
1,63653E-4
1,64582E-4
1,55946E-4
1,4901E-4
1,58947E-4
1,49624E-4
1,58669E-4
1,46607E-4
1,56809E-4
1,6496E-4
1,56733E-4
1,6382E-4
1,5883E-4
1,48752E-4
1,58792E-4
1,4845E-4
1,57186E-4
1,64945E-4
1,63861E-4
1,57884E-4
1,6207E-4
1,52374E-4
1,60296E-4
1,48693E-4
1,64381E-4
1,75814E-4
1,61294E-4
1,67631E-4
1,61805E-4
1,50113E-4
1,63811E-4
1,50707E-4
1,63481E-4
1,66011E-4
1,6004E-4
0,001320154
1,56416E-4
1,68208E-4
1,53843E-4
1,70036E-4
1,55318E-4
1,51396E-4
1,50364E-4
1,71389E-4
1,51797E-4
1,51679E-4
1,50143E-4
1,67753E-4
1,52015E-4
1,67187E-4
1,50372E-4
1,65913E-4
1,51338E-4
1,71829E-4
1,53913E-4
1,69918E-4
1,5088E-4
1,53152E-4
1,57738E-4
1,73737E-4
1,51055E-4
1,67851E-4
1,54717E-4
1,68776E-4
1,54893E-4
1,55948E-4
1,5606E-4
1,64509E-4
1,68616E-4
1,64397E-4
1,68937E-4
1,69363E-4
1,52702E-4
1,49767E-4
1,51671E-4
1,68184E-4
1,47785E-4
1,5109E-4
1,55854E-4
0,001301549
1,55888E-4
1,49519E-4
1,51181E-4
1,65883E-4
1,53133E-4
1,49202E-4
1,54828E-4
1,65513E-4
0,00151577
1,67347E-4
1,48839E-4
1,49223E-4
1,595E-4
1,66457E-4
1,52979E-4
1,67591E-4
1,49747E-4
0,001393526
1,7927E-4
1,51741E-4
1,63475E-4
1,7335E-4
1,85184E-4
1,77939E-4
1,83027E-4
1,71414E-4
1,80283E-4
1,49437E-4
1,76759E-4
1,71902E-4
1,86466E-4
1,75076E-4
1,8122E-4
1,76581E-4
1,79423E-4
1,7941E-4
1,75674E-4
1,52305E-4
1,51322E-4
1,76057E-4
1,86971E-4
1,76149E-4
1,6022E-4
1,75731E-4
1,79043E-4
1,6975E-4
1,65155E-4
1,57816E-4
1,83683E-4
1,76785E-4
1,70259E-4
1,77946E-4
0,001322386
1,73805E-4
1,80775E-4
1,7205E-4
1,82653E-4
1,74523E-4
1,83926E-4
1,79719E-4
1,85378E-4
1,89502E-4
1,55659E-4
1,68645E-4
1,52572E-4
1,65752E-4
1,74944E-4
1,68795E-4
1,58812E-4
1,81949E-4
1,61046E-4
1,8806E-4
1,59147E-4
1,84154E-4
1,57442E-4
1,87651E-4
1,56123E-4
1,85232E-4
1,5433E-4
1,84706E-4
1,54008E-4
1,69598E-4
1,58694E-4
1,84396E-4
1,57204E-4
1,68998E-4
1,58715E-4
0,001389912
1,57326E-4
1,88818E-4
1,65378E-4
1,855E-4
1,634E-4
1,72907E-4
1,53507E-4
1,85666E-4
0,00133448
1,52275E-4
1,82863E-4
1,54045E-4
1,8954E-4
1,5099E-4
1,84879E-4
1,72013E-4
1,89443E-4
1,75711E-4
1,73833E-4
1,68847E-4
1,70565E-4
1,534E-4
1,50821E-4
1,48837E-4
1,45368E-4
1,70551E-4
1,52539E-4
2,13596E-4
1,52041E-4
1,6911E-4
1,77586E-4
1,69592E-4
1,48142E-4
1,4966E-4
1,54776E-4
1,51745E-4
1,53801E-4
1,72065E-4
1,5988E-4
1,53465E-4
1,73401E-4
1,689E-4
1,69189E-4
1,70709E-4
1,51915E-4
1,7222E-4
1,71113E-4
1,48413E-4
1,51849E-4
1,50761E-4
1,69276E-4
1,72953E-4
1,491E-4
1,47801E-4
1,48748E-4
1,52988E-4
1,52591E-4
1,49245E-4
1,50434E-4
1,70038E-4
1,50998E-4
0,001283611
1,50048E-4
1,77174E-4
1,55314E-4
1,70343E-4
1,61112E-4
1,55748E-4
1,58702E-4
1,53174E-4
1,72839E-4
1,55635E-4
1,45489E-4
1,71401E-4
1,48608E-4
1,72116E-4
1,46426E-4
1,75534E-4
1,64356E-4
1,75395E-4
1,46276E-4
1,56224E-4
1,46466E-4
1,65896E-4
1,52996E-4
1,58379E-4
1,56661E-4
1,70898E-4
1,73973E-4
1,72461E-4
1,72139E-4
1,51226E-4
1,73949E-4
1,70937E-4
1,67287E-4
1,49295E-4
1,72018E-4
1,55788E-4
1,70621E-4
1,50288E-4
1,50581E-4
1,51134E-4
1,66161E-4
1,74619E-4
1,66635E-4
1,58019E-4
1,70344E-4
1,72161E-4
1,53899E-4
1,50418E-4
1,66253E-4
1,57672E-4
1,66176E-4
1,71586E-4
1,49703E-4
1,74377E-4
1,65983E-4
1,72368E-4
1,42388E-4
1,50616E-4
1,64462E-4
1,71134E-4
1,45492E-4
0,001371595
1,71475E-4
1,57682E-4
1,53515E-4
1,5871E-4
1,76803E-4
1,55588E-4
1,89842E-4
1,58091E-4
0,001511875
1,55443E-4
1,72463E-4
1,53498E-4
1,98203E-4
1,54944E-4
1,77595E-4
1,65126E-4
1,68083E-4
2,13389E-4
1,80401E-4
1,78115E-4
1,83847E-4
1,94589E-4
1,78022E-4
1,76072E-4
1,78089E-4
1,99658E-4
1,678E-4
1,53385E-4
1,66118E-4
1,57301E-4
1,46724E-4
1,54742E-4
1,51738E-4
1,72862E-4
1,66043E-4
1,55815E-4
1,55862E-4
1,62439E-4
1,79548E-4
1,5272E-4
1,70996E-4
1,68098E-4
1,53337E-4
1,56705E-4
1,56175E-4
1,69699E-4
1,4944E-4
1,72713E-4
1,57326E-4
1,46532E-4
1,58108E-4
1,51025E-4
1,73592E-4
1,75581E-4
1,519E-4
1,74923E-4
1,54479E-4
1,56382E-4
1,48973E-4
1,52489E-4
1,76352E-4
1,76728E-4
1,51834E-4
1,57909E-4
1,49459E-4
1,58628E-4
1,49288E-4
1,59483E-4
1,47717E-4
0,001660316
1,63159E-4
1,56629E-4
1,52918E-4
1,90644E-4
1,66164E-4
1,70854E-4
1,64269E-4
1,89301E-4
1,63798E-4
1,49383E-4
1,6328E-4
1,69851E-4
1,61533E-4
1,73932E-4
1,60838E-4
1,72988E-4
1,64569E-4
1,7596E-4
1,60798E-4
1,48745E-4
1,54988E-4
1,82211E-4
1,64799E-4
1,49105E-4
1,62328E-4
0,001494702
1,59639E-4
1,68464E-4
1,59879E-4
1,67932E-4
1,52427E-4
1,67866E-4
1,50895E-4
1,71979E-4
1,60081E-4
1,4947E-4
1,60643E-4
1,62331E-4
1,75189E-4
1,75074E-4
1,52607E-4
1,67471E-4
1,59705E-4
1,72553E-4
1,58268E-4
1,6775E-4
1,50792E-4
1,4793E-4
1,53356E-4
1,67885E-4
1,6234E-4
1,51942E-4
1,56032E-4
1,53175E-4
1,5966E-4
1,69785E-4
1,6318E-4
1,57669E-4
1,57612E-4
1,54476E-4
1,60232E-4
1,70262E-4
1,5386E-4
1,51479E-4
1,55631E-4
1,55276E-4
1,56503E-4
1,54568E-4
1,5653E-4
1,73197E-4
1,49556E-4
1,76675E-4
1,55038E-4
1,67981E-4
1,50125E-4
1,73107E-4
1,50264E-4
1,72152E-4
0,001476647
1,52249E-4
1,52603E-4
1,72512E-4
1,70146E-4
1,52864E-4
1,51414E-4
1,50576E-4
1,69368E-4
0,001670822
2,2795E-4
1,78372E-4
2,0054E-4
1,82365E-4
1,99627E-4
1,52995E-4
1,69843E-4
0,001480676
2,00633E-4
1,84887E-4
1,96524E-4
1,82605E-4
1,91593E-4
1,85692E-4
2,26465E-4
1,82343E-4
1,81505E-4
1,54293E-4
1,85585E-4
1,61078E-4
1,88645E-4
1,4878E-4
1,98298E-4
1,82737E-4
1,82553E-4
1,8476E-4
1,65547E-4
1,8141E-4
1,93115E-4
1,83573E-4
1,67107E-4
1,80005E-4
1,90828E-4
0,001286817
1,70665E-4
1,55915E-4
1,63283E-4
1,67574E-4
1,71146E-4
1,51659E-4
1,66917E-4
1,65015E-4
1,84994E-4
1,78142E-4
1,47773E-4
1,53689E-4
1,72208E-4
1,50108E-4
1,5008E-4
1,50932E-4
1,67922E-4
1,59551E-4
1,53649E-4
1,52347E-4
1,72894E-4
1,48569E-4
1,60813E-4
1,72227E-4
1,55243E-4
1,70084E-4
1,71108E-4
1,74502E-4
1,54599E-4
1,67779E-4
1,68585E-4
1,72233E-4
1,51578E-4
1,68793E-4
1,73381E-4
1,76621E-4
1,62239E-4
1,51667E-4
1,73831E-4
1,80004E-4
1,5343E-4
1,73875E-4
1,55713E-4
0,001543554
1,57566E-4
1,50318E-4
1,72773E-4
1,69256E-4
1,71028E-4
1,72073E-4
1,72874E-4
1,52498E-4
0,00143522
1,49239E-4
1,73261E-4
1,51091E-4
1,59203E-4
1,48459E-4
1,76121E-4
1,50796E-4
1,54217E-4
1,51453E-4
1,57736E-4
1,47148E-4
1,70566E-4
1,51071E-4
1,76522E-4
1,49459E-4
1,57793E-4
1,48204E-4
1,73745E-4
1,46953E-4
1,5169E-4
1,47428E-4
1,47007E-4
1,49772E-4
1,72084E-4
1,49614E-4
1,74832E-4
1,71814E-4
1,74359E-4
1,67194E-4
1,69943E-4
1,53566E-4
1,71173E-4
1,71425E-4
1,52752E-4
0,001339263
1,74093E-4
1,76598E-4
1,7626E-4
1,70843E-4
1,71548E-4
1,71388E-4
1,7059E-4
1,70175E-4
0,001442477
1,66471E-4
1,82582E-4
1,53056E-4
1,66878E-4
1,75061E-4
1,60029E-4
1,56612E-4
1,66881E-4
1,6508E-4
1,82716E-4
1,57013E-4
1,62383E-4
1,55385E-4
1,52712E-4
1,63662E-4
1,55224E-4
1,5748E-4
1,62091E-4
1,6496E-4
1,61567E-4
1,86116E-4
1,64105E-4
1,55223E-4
1,87327E-4
1,53459E-4
0,001388212
1,60181E-4
1,57124E-4
1,55761E-4
1,70676E-4
1,57372E-4
1,55426E-4
1,53838E-4
1,57137E-4
1,57782E-4
1,70349E-4
1,60405E-4
1,51892E-4
1,61205E-4
1,51714E-4
1,57183E-4
1,68519E-4
1,52617E-4
1,53568E-4
1,50493E-4
1,54283E-4
1,7067E-4
1,51181E-4
1,48351E-4
1,53985E-4
1,59972E-4
1,51992E-4
1,60611E-4
1,75955E-4
1,54508E-4
1,59667E-4
1,61345E-4
1,76494E-4
1,53604E-4
1,56393E-4
1,54889E-4
1,69753E-4
1,57444E-4
1,50766E-4
1,72384E-4
1,71445E-4
1,56646E-4
1,58148E-4
1,53636E-4
0,001591639
1,52121E-4
1,62722E-4
1,64756E-4
1,52801E-4
1,56785E-4
1,64521E-4
1,58764E-4
1,64008E-4
1,58679E-4
1,47821E-4
1,53682E-4
1,61444E-4
1,56307E-4
1,75819E-4
1,56164E-4
1,8108E-4
1,59423E-4
1,48608E-4
1,53163E-4
1,51252E-4
1,55604E-4
1,56156E-4
1,57114E-4
1,50961E-4
1,52844E-4
1,68747E-4
1,50272E-4
1,51895E-4
1,54155E-4
1,50988E-4
1,53123E-4
1,51375E-4
1,58861E-4
1,53262E-4
1,54107E-4
1,51E-4
1,50401E-4
1,54487E-4
1,51429E-4
1,53907E-4
1,48521E-4
1,49597E-4
1,55937E-4
1,52059E-4
1,73051E-4
1,51704E-4
1,48856E-4
1,50536E-4
1,51582E-4
1,50532E-4
1,52313E-4
1,52034E-4
1,60366E-4
1,51234E-4
1,54019E-4
1,55301E-4
1,53986E-4
1,54528E-4
1,59746E-4
1,51842E-4
1,68848E-4
1,6952E-4
1,72746E-4
1,68621E-4
1,69555E-4
1,67617E-4
1,70376E-4
1,6859E-4
1,68839E-4
0,00135912
1,68538E-4
1,73026E-4
1,70797E-4
1,73651E-4
1,72497E-4
1,70145E-4
1,68923E-4
1,68233E-4
1,76397E-4
1,71396E-4
1,67972E-4
1,73609E-4
1,74537E-4
1,73796E-4
1,73058E-4
1,70949E-4
1,70412E-4
1,73696E-4
1,70648E-4
1,66809E-4
1,51052E-4
1,67582E-4
1,69019E-4
1,70742E-4
1,68188E-4
1,6821E-4
1,7318E-4
1,68253E-4
1,70247E-4
1,68067E-4
1,50332E-4
1,56755E-4
1,72777E-4
1,69653E-4
1,70434E-4
1,73544E-4
1,72461E-4
1,72464E-4
1,71821E-4
1,70759E-4
1,70832E-4
1,70698E-4
1,68924E-4
0,001367148
1,72339E-4
1,74517E-4
1,71723E-4
1,69468E-4
1,6674E-4
1,60622E-4
1,75942E-4
1,58508E-4
1,75022E-4
1,73931E-4
1,73723E-4
1,70608E-4
1,68844E-4
1,68143E-4
1,73451E-4
1,4978E-4
1,66907E-4
1,71049E-4
1,70357E-4
1,67366E-4
1,69232E-4
1,69134E-4
1,67365E-4
1,67299E-4
1,66911E-4
1,7021E-4
1,71504E-4
1,72739E-4
1,80323E-4
1,8023E-4
1,70231E-4
1,74945E-4
1,67395E-4
1,53174E-4
0,001234155
1,51802E-4
1,77341E-4
1,6036E-4
1,74015E-4
1,72539E-4
1,69423E-4
1,50039E-4
1,45354E-4
1,50587E-4
1,76822E-4
1,63473E-4
1,70184E-4
1,49206E-4
1,7035E-4
1,5224E-4
1,74819E-4
1,55229E-4
1,75545E-4
1,53972E-4
1,70439E-4
1,55374E-4
1,70479E-4
1,49807E-4
1,68694E-4
1,49179E-4
1,49249E-4
1,57022E-4
1,74381E-4
1,60797E-4
1,81125E-4
1,55638E-4
1,53346E-4
1,54412E-4
1,75747E-4
1,76873E-4
1,71047E-4
1,69521E-4
1,70615E-4
1,54044E-4
1,6935E-4
1,55643E-4
1,49665E-4
1,5257E-4
1,72529E-4
1,71525E-4
1,72611E-4
1,72445E-4
1,70813E-4
1,70662E-4
1,74486E-4
1,74316E-4
1,72282E-4
1,74981E-4
1,71537E-4
1,71259E-4
1,7773E-4
1,69894E-4
1,73548E-4
1,70405E-4
1,71554E-4
1,69495E-4
1,70012E-4
1,80072E-4
1,75509E-4
1,54108E-4
1,51079E-4
1,56654E-4
1,53348E-4
1,57828E-4
1,73011E-4
1,58372E-4
1,51044E-4
1,58443E-4
1,77654E-4
1,5629E-4
1,52853E-4
1,62249E-4
1,53799E-4
1,56903E-4
1,54843E-4
1,5642E-4
1,50636E-4
1,5542E-4
1,72957E-4
1,60316E-4
1,73069E-4
1,53237E-4
1,7672E-4
1,58459E-4
1,76039E-4
1,57917E-4
1,51842E-4
1,74264E-4
1,63992E-4
1,51936E-4
1,62749E-4
1,56527E-4
1,59402E-4
1,58504E-4
1,55391E-4
1,56074E-4
1,56266E-4
1,56632E-4
1,56801E-4
1,52653E-4
1,54176E-4
1,53831E-4
1,5673E-4
1,52904E-4
1,51756E-4
1,58001E-4
1,54007E-4
1,50225E-4
1,55753E-4
1,56539E-4
1,57999E-4
1,57092E-4
1,58342E-4
1,54775E-4
1,54648E-4
1,50764E-4
1,46956E-4
1,56838E-4
1,49536E-4
1,53E-4
1,50239E-4
1,51193E-4
1,52238E-4
1,69009E-4
1,54474E-4
1,52718E-4
1,51973E-4
1,72611E-4
1,59201E-4
1,54685E-4
1,51231E-4
1,55225E-4
1,60262E-4
1,58224E-4
1,5399E-4
1,53759E-4
1,57239E-4
1,54141E-4
1,55272E-4
1,58766E-4
1,53499E-4
1,51043E-4
1,49186E-4
1,5432E-4
1,49899E-4
1,54658E-4
1,5115E-4
1,72634E-4
1,54282E-4
1,51913E-4
1,48638E-4
1,55999E-4
1,56289E-4
1,53062E-4
1,54379E-4
1,54475E-4
1,5329E-4
1,54765E-4
1,53311E-4
1,54101E-4
1,53133E-4
1,56585E-4
1,54231E-4
1,5604E-4
1,50265E-4
1,53573E-4
1,53114E-4
1,52272E-4
1,57898E-4
1,5071E-4
1,56588E-4
1,5752E-4
1,56129E-4
1,5219E-4
1,51958E-4
1,5496E-4
1,57539E-4
1,55292E-4
1,51422E-4
1,54002E-4
1,55286E-4
1,48949E-4
1,53269E-4
1,529E-4
1,51484E-4
1,54071E-4
1,71224E-4
1,52592E-4
1,52441E-4
1,52396E-4
1,73155E-4
1,53416E-4
1,5038E-4
1,53073E-4
1,73738E-4
1,53596E-4
1,69857E-4
1,52409E-4
1,6778E-4
1,51971E-4
1,70757E-4
1,48923E-4
1,504E-4
1,56665E-4
1,72381E-4
1,53064E-4
1,76193E-4
1,53427E-4
1,76399E-4
1,63542E-4
1,73547E-4
1,60442E-4
1,57148E-4
1,55054E-4
1,73925E-4
1,56235E-4
1,48538E-4
1,65518E-4
1,51375E-4
1,53205E-4
1,77128E-4
1,70417E-4
1,73567E-4
1,59561E-4
1,73546E-4
1,56339E-4
1,78882E-4
1,56136E-4
1,51048E-4
1,5725E-4
1,73702E-4
1,54241E-4
1,57455E-4
1,79648E-4
1,72097E-4
1,80949E-4
1,7079E-4
1,82173E-4
1,74638E-4
1,80091E-4
1,77361E-4
1,85083E-4
1,72168E-4
1,78684E-4
1,7473E-4
1,84534E-4
1,72511E-4
1,83229E-4
1,75002E-4
1,76261E-4
1,73671E-4
1,68808E-4
1,71507E-4
1,75099E-4
1,72193E-4
1,69883E-4
1,70914E-4
1,55488E-4
1,50083E-4
1,54128E-4
1,70123E-4
1,74659E-4
1,72835E-4
1,58353E-4
1,53101E-4
1,57697E-4
1,74458E-4
1,50789E-4
1,52039E-4
1,53655E-4
1,75457E-4
1,53963E-4
1,48905E-4
1,53128E-4
1,66435E-4
1,53538E-4
1,50101E-4
1,54411E-4
1,74412E-4
1,51125E-4
1,48458E-4
1,51024E-4
1,703E-4
1,50704E-4
1,4787E-4
1,50576E-4
1,76114E-4
1,52E-4
1,48085E-4
1,54282E-4
1,77587E-4
1,52674E-4
1,69659E-4
1,54145E-4
1,75678E-4
1,54551E-4
1,72666E-4
1,71196E-4
1,77597E-4
1,52534E-4
1,47813E-4
1,67554E-4
1,69039E-4
1,53627E-4
1,66421E-4
1,70735E-4
1,71333E-4
1,72016E-4
1,66951E-4
1,71806E-4
1,75185E-4
1,76553E-4
1,69441E-4
1,74603E-4
1,75413E-4
1,70928E-4
1,70058E-4
1,73667E-4
1,70628E-4
1,68457E-4
1,68396E-4
1,49294E-4
1,69318E-4
1,67635E-4
1,682E-4
1,52529E-4
1,69084E-4
1,67359E-4
1,66043E-4
1,68565E-4
1,68303E-4
1,71171E-4
1,71464E-4
1,70498E-4
1,6935E-4
1,69234E-4
1,72189E-4
1,7083E-4
1,72344E-4
1,70967E-4
1,67795E-4
1,68341E-4
1,74414E-4
1,72487E-4
1,67576E-4
1,70117E-4
1,70964E-4
1,69828E-4
1,7114E-4
1,68207E-4
1,48854E-4
1,71167E-4
1,7009E-4
1,73734E-4
1,48921E-4
1,53978E-4
1,73515E-4
1,70235E-4
1,706E-4
1,50844E-4
1,72625E-4
1,69623E-4
1,76904E-4
1,71968E-4
1,52235E-4
1,51279E-4
1,72896E-4
1,69339E-4
1,72278E-4
1,50884E-4
1,4861E-4
1,54449E-4
1,47917E-4
1,49509E-4
1,69848E-4
1,69261E-4
1,71833E-4
1,74274E-4
1,48912E-4
1,72101E-4
1,72658E-4
1,67659E-4
1,67897E-4
1,68069E-4
1,70237E-4
1,67888E-4
1,67977E-4
1,70083E-4
1,76115E-4
1,71953E-4
1,7605E-4
1,68574E-4
1,71092E-4
1,48033E-4
1,64838E-4
1,74857E-4
1,70697E-4
1,71117E-4
1,76568E-4
1,70409E-4
1,72665E-4
1,73337E-4
1,73903E-4
1,71261E-4
1,70701E-4
1,79126E-4
1,7071E-4
1,6916E-4
1,70425E-4
1,73686E-4
1,74176E-4
1,723E-4
1,73778E-4
1,68392E-4
1,7682E-4
1,69528E-4
1,48401E-4
1,72017E-4
1,73016E-4
1,49955E-4
1,78166E-4
1,71856E-4
1,71444E-4
1,71329E-4
1,76447E-4
1,74216E-4
1,5309E-4
1,72653E-4
1,77208E-4
1,52803E-4
1,51855E-4
1,74709E-4
1,70121E-4
1,71679E-4
1,48722E-4
1,73506E-4
1,74653E-4
1,73557E-4
1,71206E-4
1,72818E-4
1,70083E-4
1,682E-4
1,70354E-4
1,73246E-4
1,6967E-4
1,49843E-4
1,6783E-4
1,72782E-4
1,69654E-4
1,49099E-4
1,49453E-4
1,71961E-4
1,47157E-4
1,72327E-4
1,73747E-4
1,76011E-4
1,67224E-4
1,72187E-4
1,72256E-4
1,69281E-4
1,7031E-4
1,70912E-4
1,70531E-4
1,71573E-4
1,68923E-4
1,7027E-4
1,72506E-4
1,73779E-4
1,75533E-4
1,73694E-4
1,70528E-4
1,7221E-4
1,71469E-4
1,79668E-4
1,69615E-4
1,68856E-4
1,73115E-4
1,50011E-4
1,70378E-4
1,70894E-4
1,67307E-4
1,73869E-4
1,68938E-4
1,70419E-4
1,70939E-4
1,68767E-4
1,46762E-4
1,73697E-4
1,49052E-4
1,74454E-4
1,70114E-4
1,4774E-4
1,49594E-4
1,53785E-4
1,71489E-4
1,72154E-4
1,7419E-4
1,54145E-4
1,48409E-4
1,69152E-4
1,7701E-4
1,695E-4
1,67204E-4
1,73636E-4
1,70583E-4
1,57409E-4
1,6522E-4
1,51129E-4
1,6945E-4
1,53335E-4
1,67872E-4
1,54198E-4
1,68693E-4
1,4917E-4
1,68356E-4
1,51154E-4
1,69766E-4
1,58622E-4
1,69463E-4
1,70284E-4
1,68799E-4
1,52532E-4
1,68522E-4
1,74635E-4
1,69421E-4
1,70607E-4
1,7366E-4
1,69694E-4
1,70229E-4
1,68428E-4
1,68236E-4
1,71904E-4
1,73768E-4
1,72445E-4
1,71821E-4
1,70219E-4
1,73585E-4
1,6915E-4
1,7189E-4
1,71031E-4
1,76225E-4
1,49504E-4
1,70861E-4
1,55564E-4
1,74812E-4
1,52768E-4
1,73512E-4
1,50847E-4
1,50513E-4
1,57619E-4
1,71911E-4
1,49029E-4
1,49232E-4
1,48945E-4
1,75708E-4
1,49714E-4
1,71982E-4
1,4925E-4
1,69913E-4
1,47651E-4
1,71933E-4
1,52326E-4
1,69768E-4
1,47333E-4
1,69169E-4
1,49241E-4
1,48604E-4
1,52722E-4
1,7105E-4
1,54513E-4
1,66632E-4
1,55419E-4
1,69526E-4
1,70615E-4
1,71687E-4
1,69287E-4
1,68969E-4
1,65889E-4
1,56295E-4
1,59363E-4
