0,9014581441879272
42,09623718261719
44,648990631103516
45,26742172241211
45,4599723815918
45,26622009277344
46,43815612792969
45,44872283935547
44,472320556640625
45,4547004699707
45,45246887207031
45,453311920166016
45,455848693847656
45,45045852661133
45,45817184448242
44,469112396240234
45,449546813964844
45,459720611572266
45,45786666870117
45,45510482788086
45,45012664794922
45,461273193359375
45,44801712036133
45,453739166259766
45,457584381103516
45,45115280151367
45,45425796508789
45,44866180419922
45,457218170166016
45,46208572387695
45,461551666259766
45,455081939697266
45,443668365478516
45,45639419555664
45,4483642578125
45,45384979248047
45,46001052856445
45,449161529541016
45,4545783996582
45,40402603149414
45,50983810424805
45,45869827270508
45,44538879394531
45,46216583251953
45,455322265625
45,45377731323242
45,45612716674805
45,45550537109375
45,451473236083984
45,45021438598633
45,45685577392578
45,46265411376953
45,401611328125
45,512508392333984
45,44367599487305
45,45090103149414
45,45563507080078
45,45742416381836
45,4616584777832
45,447784423828125
45,465484619140625
45,398597717285156
45,50016403198242
45,4593391418457
45,458343505859375
45,45380783081055
45,456424713134766
45,450889587402344
45,455970764160156
45,45327377319336
45,454803466796875
45,457096099853516
45,45286560058594
45,45543670654297
44,990631103515625
45,45891189575195
45,45709991455078
45,81671905517578
45,36907196044922
45,451900482177734
45,451351165771484
46,43070983886719
46,4428596496582
45,296913146972656
45,4509391784668
45,44689178466797
45,457191467285156
45,40334701538086
45,509620666503906
45,452083587646484
44,74578857421875
45,402462005615234
45,50690460205078
45,446922302246094
45,27550506591797
45,455257415771484
45,45599365234375
45,454681396484375
45,28813934326172
45,450462341308594
45,45332717895508
45,45576095581055
45,459468841552734
45,61787033081055
45,2372932434082
45,493839263916016
45,46184539794922
46,428218841552734
44,4774169921875
45,44772720336914
45,45887756347656
44,46628952026367
45,27693176269531
45,39936828613281
44,70843505859375
45,456275939941406
45,4493522644043
45,44900131225586
45,279502868652344
45,45304870605469
45,28340530395508
45,274288177490234
45,806617736816406
45,459136962890625
45,449405670166016
45,46437454223633
45,39559555053711
45,50627136230469
45,4543342590332
45,46143341064453
45,44923782348633
0,8695812821388245
42,96250534057617
45,4587516784668
45,4567756652832
45,45661544799805
45,45351791381836
45,45354080200195
45,454898834228516
45,45121765136719
45,453155517578125
45,45659637451172
45,4550666809082
45,454959869384766
45,821533203125
45,45390319824219
45,45441436767578
45,45113754272461
45,09648132324219
45,81993865966797
45,45432662963867
45,45427322387695
45,459693908691406
45,45414733886719
45,4549446105957
45,451866149902344
45,09809112548828
45,45262908935547
45,81834030151367
45,455806732177734
45,45124816894531
45,4550666809082
45,455081939697266
45,09767150878906
45,45221710205078
45,45479202270508
45,8200798034668
45,098594665527344
45,45038604736328
45,45637893676758
45,823123931884766
45,45186996459961
45,45349884033203
45,451255798339844
45,0989990234375
45,45079040527344
45,45631790161133
45,455039978027344
45,455509185791016
45,45273208618164
45,45595932006836
45,45497131347656
45,453346252441406
45,45466613769531
45,457096099853516
45,4563102722168
45,45185852050781
45,45460510253906
45,45608901977539
45,451229095458984
45,455814361572266
45,45718765258789
45,45151138305664
45,45662307739258
45,452335357666016
45,45273208618164
45,45843505859375
45,455196380615234
45,45590591430664
45,448455810546875
45,45488357543945
45,45759201049805
45,45639419555664
45,453887939453125
45,455360412597656
45,453208923339844
45,454166412353516
45,27518081665039
44,9105110168457
44,47123336791992
45,44755554199219
45,457000732421875
45,82075119018555
45,45514678955078
45,45296859741211
45,459957122802734
45,363643646240234
45,45772933959961
45,456871032714844
45,44453048706055
45,457069396972656
45,454036712646484
45,45804977416992
45,54395294189453
45,44626998901367
45,28396987915039
45,4334716796875
45,46416473388672
45,45798110961914
45,44851303100586
45,457252502441406
45,45753860473633
45,45134353637695
45,456642150878906
45,46390914916992
45,454952239990234
45,27080154418945
46,43789291381836
44,470726013183594
46,433895111083984
45,455135345458984
44,469852447509766
45,45851516723633
44,46936798095703
45,4576416015625
45,45473861694336
45,45288848876953
45,28067398071289
45,455081939697266
45,451847076416016
45,454246520996094
45,634220123291016
45,4520263671875
45,27644348144531
45,63570785522461
45,45621871948242
45,4524040222168
45,277496337890625
45,451759338378906
45,62815856933594
45,27928161621094
45,63397979736328
0,8695232272148132
42,9644660949707
45,459346771240234
45,45651626586914
45,45664596557617
45,45357131958008
45,453678131103516
45,454891204833984
45,451168060302734
45,45321273803711
45,45648956298828
45,45501708984375
45,455116271972656
45,8215217590332
45,45375442504883
45,454524993896484
45,45109939575195
45,096553802490234
45,820011138916016
45,45423126220703
45,45436096191406
45,45972442626953
45,454124450683594
45,454952239990234
45,451881408691406
45,09798812866211
45,452640533447266
45,81825256347656
45,455955505371094
45,45113754272461
45,45514678955078
45,455078125
45,09770965576172
45,45227813720703
45,4547233581543
45,820072174072266
45,09858322143555
45,4503173828125
45,456363677978516
45,82327651977539
45,45181655883789
45,453407287597656
45,45140075683594
45,0990104675293
45,45072937011719
45,4563102722168
45,45497512817383
45,4555549621582
45,45274353027344
45,45594024658203
45,455055236816406
45,453277587890625
45,45460510253906
45,45722579956055
45,45628356933594
45,451778411865234
45,454593658447266
45,456119537353516
45,45131301879883
45,455753326416016
45,45717239379883
45,45133972167969
45,45659255981445
45,45261001586914
45,45259094238281
45,45845031738281
45,4552001953125
45,455928802490234
45,448448181152344
45,4548454284668
45,45770263671875
45,45640563964844
45,45387649536133
45,45528030395508
45,453285217285156
45,45399475097656
45,27511978149414
44,910892486572266
44,47076416015625
45,44772720336914
45,45703125
45,821075439453125
45,45505142211914
45,45265197753906
45,46013641357422
45,3636360168457
45,45772171020508
45,45669937133789
45,44450378417969
45,45709991455078
45,454402923583984
45,45774841308594
45,544002532958984
45,4462776184082
45,28396224975586
45,43337631225586
45,46451950073242
45,45766830444336
45,4486198425293
45,45714569091797
45,457603454589844
45,45138168334961
45,45650100708008
45,46405792236328
45,45478820800781
45,27092361450195
46,4378547668457
44,470916748046875
46,43362045288086
45,455535888671875
44,469810485839844
45,458213806152344
44,46975326538086
45,457557678222656
45,45481491088867
45,452518463134766
45,280731201171875
45,45505142211914
45,451847076416016
45,454322814941406
45,63417434692383
45,45194625854492
45,276432037353516
45,635746002197266
45,45616912841797
45,4525032043457
45,27749252319336
45,45170974731445
45,62822341918945
45,279476165771484
45,633663177490234
0,8650033473968506
43,19767761230469
45,27000045776367
45,45949935913086
45,45547866821289
45,438507080078125
45,461204528808594
45,45277404785156
45,453224182128906
45,45705795288086
45,45919418334961
45,44706344604492
45,459354400634766
45,45002746582031
45,458518981933594
45,4510383605957
45,44572067260742
45,46314239501953
45,447731018066406
45,457523345947266
45,45359802246094
45,45521545410156
45,4547119140625
45,45061111450195
45,4581184387207
45,44851303100586
45,459346771240234
45,454307556152344
45,45737075805664
45,45517349243164
45,45525360107422
45,45615768432617
45,456974029541016
45,451751708984375
45,45286560058594
45,450462341308594
45,45767593383789
45,462284088134766
45,40155792236328
45,501895904541016
45,45103454589844
45,45798110961914
45,45450973510742
45,44887161254883
45,463356018066406
45,448856353759766
45,457096099853516
45,11245346069336
45,805423736572266
45,45389938354492
45,450984954833984
45,45725631713867
45,10809326171875
45,80009078979492
45,45758819580078
45,458953857421875
45,10628890991211
45,45698928833008
45,80247116088867
45,45063400268555
45,41064453125
45,50410079956055
45,4509162902832
45,45355224609375
45,4586067199707
45,45124816894531
45,4541015625
45,45688247680664
45,45329284667969
45,45911407470703
44,46734619140625
45,45793151855469
44,99885559082031
45,447452545166016
45,45298385620117
45,29313278198242
45,623016357421875
45,81645965576172
46,08201217651367
45,45161819458008
45,45682144165039
44,4656867980957
45,72336959838867
45,45376968383789
45,452972412109375
45,451568603515625
45,458065032958984
45,460426330566406
45,44456481933594
45,285884857177734
45,62528991699219
45,453369140625
45,454566955566406
45,453311920166016
45,461605072021484
45,095298767089844
45,820194244384766
45,454166412353516
45,44845962524414
45,45372772216797
45,10771942138672
45,45420837402344
45,451927185058594
46,23766326904297
45,6528434753418
45,45565414428711
43,60996627807617
46,43121337890625
45,46216583251953
45,443077087402344
45,45831298828125
45,463623046875
46,19582748413086
45,51118087768555
45,458396911621094
45,46037292480469
45,63269805908203
45,45064926147461
46,08549880981445
45,449798583984375
45,633018493652344
45,454864501953125
45,10477066040039
45,44540786743164
45,45756530761719
45,4598503112793
45,444156646728516
45,455875396728516
45,45781326293945
45,458778381347656
44,994911193847656
0,8649535775184631
43,199012756347656
45,270652770996094
45,45940017700195
45,45538330078125
45,43876266479492
45,46136474609375
45,45240020751953
45,453338623046875
45,45718765258789
45,45900344848633
45,447105407714844
45,4593505859375
45,45027542114258
45,45817184448242
45,398338317871094
45,49873733520508
45,463050842285156
45,448116302490234
45,45749282836914
45,453529357910156
45,455360412597656
45,45471954345703
45,450435638427734
45,457855224609375
45,44858169555664
45,459434509277344
45,4542350769043
45,45724105834961
45,45534896850586
45,45497512817383
45,456417083740234
45,457008361816406
45,45204162597656
45,452449798583984
45,45052719116211
45,45793533325195
45,46202850341797
45,40155792236328
45,50178909301758
45,4510498046875
45,4582633972168
45,45420837402344
45,448753356933594
45,46396255493164
45,44832992553711
45,45713806152344
45,11253356933594
45,80543899536133
45,45375061035156
45,45107650756836
45,45728302001953
45,108123779296875
45,80002975463867
45,457576751708984
45,45895004272461
45,10639190673828
45,4569091796875
45,80245590209961
45,45074462890625
45,41086196899414
45,50368881225586
45,450984954833984
45,45367431640625
45,45853805541992
45,45119094848633
45,45414733886719
45,456748962402344
45,45356369018555
45,45914077758789
44,46751403808594
45,45762634277344
44,99908447265625
45,447181701660156
45,45326614379883
45,29298400878906
45,62314224243164
45,816383361816406
46,082061767578125
45,45163345336914
45,4564323425293
44,465797424316406
45,72364044189453
45,453609466552734
45,452980041503906
45,45177459716797
45,45811462402344
45,46019744873047
45,44477844238281
45,28562545776367
45,62529754638672
45,453369140625
45,454734802246094
45,453060150146484
45,46177291870117
45,095157623291016
45,82023239135742
45,45413589477539
45,44840621948242
45,453765869140625
45,107723236083984
45,4542350769043
45,45199203491211
46,237693786621094
45,65302658081055
45,455692291259766
43,60978698730469
46,43115997314453
45,46201705932617
45,443138122558594
45,45836639404297
45,463687896728516
46,19609451293945
45,51083755493164
45,458438873291016
45,4603157043457
45,63264083862305
45,450706481933594
46,08538055419922
45,450042724609375
45,63290786743164
45,454917907714844
45,10474395751953
45,445430755615234
45,45747756958008
45,46000289916992
45,444061279296875
45,45592498779297
45,4580078125
45,458370208740234
44,99492645263672
0,8428416848182678
44,456573486328125
45,44226837158203
45,45672607421875
45,45458984375
45,287349700927734
44,63874435424805
45,45334243774414
46,4365348815918
45,45095443725586
45,4624137878418
45,4543342590332
45,40394592285156
45,51152420043945
45,450172424316406
46,43724822998047
45,45573425292969
45,45172119140625
45,46375274658203
45,44941329956055
45,45671463012695
45,45579528808594
45,453346252441406
45,45590591430664
45,44987869262695
45,457252502441406
45,45353698730469
45,451595306396484
45,45756149291992
45,408382415771484
45,32797622680664
45,45446014404297
45,626827239990234
45,455810546875
45,45695495605469
45,45779800415039
45,44860076904297
45,451446533203125
45,28688430786133
45,275726318359375
45,63779067993164
45,45298385620117
45,27726364135742
45,631534576416016
45,27425003051758
45,81108856201172
45,44776916503906
45,27729034423828
45,45441436767578
45,107330322265625
45,45381164550781
45,45390319824219
45,45507049560547
45,4575080871582
45,453086853027344
45,457496643066406
45,62840270996094
45,45395278930664
45,63612365722656
45,280757904052734
45,6278190612793
45,459415435791016
45,45524978637695
45,45116424560547
45,278839111328125
45,45207977294922
45,456642150878906
45,27677536010742
45,45650863647461
45,627803802490234
45,45391082763672
45,279945373535156
45,446136474609375
45,45741653442383
45,82036590576172
45,450252532958984
45,54560089111328
46,24827575683594
45,45185470581055
45,46095275878906
45,453670501708984
45,46439743041992
46,44057083129883
45,45354461669922
45,281524658203125
45,40104675292969
45,504520416259766
45,459625244140625
45,44643783569336
45,63760757446289
45,452720642089844
45,27988052368164
45,27513122558594
45,450645446777344
45,460628509521484
45,449188232421875
44,74702835083008
45,45293045043945
45,45851135253906
46,261688232421875
45,45072555541992
45,46135330200195
45,40302276611328
45,48500061035156
45,64142990112305
43,30780029296875
44,46535110473633
45,44744873046875
44,4764518737793
46,43498229980469
45,4538459777832
45,39452362060547
45,339752197265625
45,4581298828125
45,452423095703125
45,45830535888672
45,282691955566406
45,45432662963867
44,81389617919922
45,46078109741211
45,277793884277344
45,45356750488281
45,631282806396484
45,27794647216797
45,39580154418945
45,51798629760742
45,61883544921875
45,910743713378906
45,453250885009766
45,45379638671875
45,454551696777344
0,8427906632423401
44,458553314208984
45,44253158569336
45,45672607421875
45,45466613769531
45,287288665771484
44,63882827758789
45,45307540893555
46,43669891357422
45,451114654541016
45,46241760253906
45,4541015625
45,403987884521484
45,51152038574219
45,450157165527344
46,43715286254883
45,455848693847656
45,45212173461914
45,463741302490234
45,449214935302734
45,4566764831543
45,45566177368164
45,453617095947266
45,455589294433594
45,45000076293945
45,457191467285156
45,45379638671875
45,451263427734375
45,457763671875
45,40826416015625
45,3279914855957
45,454498291015625
45,626708984375
45,45598220825195
45,45680618286133
45,45798873901367
45,44841766357422
45,45138931274414
45,287113189697266
45,275611877441406
45,63788986206055
45,45295715332031
45,27732467651367
45,63133239746094
45,27435302734375
45,81122970581055
45,44750213623047
45,27766799926758
45,45420837402344
45,10752868652344
45,45375061035156
45,453983306884766
45,4547233581543
45,45787048339844
45,45305252075195
45,45713806152344
45,62841796875
45,454071044921875
45,63603210449219
45,280765533447266
45,6279411315918
45,45922088623047
45,45522689819336
45,4511833190918
45,27887725830078
45,45212173461914
45,45658874511719
45,27712631225586
45,45618438720703
45,62804412841797
45,453636169433594
45,28020095825195
45,4459342956543
45,4572868347168
45,8205451965332
45,45012664794922
45,54569625854492
46,24820327758789
45,45191955566406
45,46126174926758
45,453330993652344
45,46457290649414
46,4405403137207
45,45357131958008
45,281410217285156
45,40129089355469
45,504173278808594
45,459712982177734
45,44645309448242
45,637451171875
45,452823638916016
45,27996063232422
45,27504348754883
45,450618743896484
45,4609260559082
45,44916534423828
44,746849060058594
45,45288848876953
45,45851516723633
46,261592864990234
45,45085906982422
45,461368560791016
45,40326690673828
45,48475646972656
45,64163589477539
43,307884216308594
44,46487045288086
45,44790267944336
44,47624206542969
46,435298919677734
45,45349884033203
45,39459228515625
45,339900970458984
45,45792770385742
45,45258712768555
45,45833206176758
45,28248596191406
45,454322814941406
44,81379699707031
45,46084976196289
45,27775573730469
45,45362091064453
45,63118362426758
45,27809524536133
45,395748138427734
45,517967224121094
45,61879348754883
45,91065979003906
45,453277587890625
45,45389938354492
45,45464324951172
0,8766780495643616
41,58147430419922
46,251895904541016
45,457637786865234
45,45067596435547
45,46090316772461
45,450645446777344
45,45221710205078
45,45976257324219
45,4547233581543
45,4501838684082
45,455345153808594
45,451263427734375
45,46134948730469
45,44823455810547
45,45936584472656
45,459842681884766
45,456207275390625
45,398311614990234
45,507591247558594
45,46082305908203
45,45404815673828
45,4521598815918
45,45320129394531
45,45622253417969
45,44744110107422
45,45201110839844
45,40211486816406
45,50529479980469
45,46458435058594
45,3958854675293
45,33378982543945
45,45701599121094
45,62883758544922
45,453147888183594
45,44609451293945
45,46352767944336
45,457637786865234
45,45607376098633
45,45571517944336
45,44694137573242
45,46222686767578
45,448246002197266
45,40155792236328
45,51469039916992
45,45130157470703
45,4531135559082
45,275360107421875
45,45362091064453
45,452545166015625
45,4562873840332
45,4608268737793
45,45222473144531
45,27582931518555
45,632320404052734
45,278480529785156
45,416526794433594
45,485504150390625
45,28129577636719
45,45381164550781
45,6329460144043
45,281063079833984
45,45350646972656
45,4554557800293
45,45488357543945
45,455142974853516
45,452980041503906
45,45709991455078
45,63100051879883
45,27946090698242
45,44953155517578
45,45911407470703
45,449092864990234
45,4446907043457
45,455589294433594
45,459346771240234
45,45054244995117
44,825069427490234
46,077335357666016
44,821563720703125
45,101688385009766
45,71993637084961
46,43061447143555
45,45867919921875
45,283878326416016
45,45466995239258
45,63102340698242
45,2805290222168
45,449947357177734
45,45991134643555
45,44886016845703
45,45937728881836
45,20311737060547
45,52646255493164
45,4583740234375
45,75575256347656
45,509246826171875
45,45675277709961
45,45224380493164
45,4555549621582
45,45848846435547
45,358638763427734
46,26378631591797
44,40840148925781
45,51519775390625
45,44525909423828
44,465919494628906
44,46627426147461
45,45286178588867
45,45632553100586
45,46174621582031
46,43565368652344
46,20672607421875
45,51332092285156
45,461761474609375
45,449256896972656
45,455345153808594
45,454776763916016
45,45136260986328
45,46297073364258
45,45044708251953
45,45652389526367
45,44997024536133
45,45820617675781
45,45046615600586
45,39751052856445
45,51027297973633
45,454532623291016
45,45354461669922
45,45196533203125
45,45920944213867
0,8766210675239563
41,58330535888672
46,25215530395508
45,45747756958008
45,45087814331055
45,460853576660156
45,45056915283203
45,4525032043457
45,45966720581055
45,454837799072266
45,45005416870117
45,45524978637695
45,451416015625
45,46115493774414
45,448299407958984
45,45940399169922
45,459903717041016
45,4563102722168
45,39826202392578
45,507564544677734
45,46086502075195
45,454071044921875
45,45222473144531
45,453224182128906
45,456146240234375
45,44736862182617
45,45199203491211
45,402408599853516
45,50494384765625
45,46473693847656
45,39612579345703
45,33380126953125
45,456817626953125
45,62902069091797
45,45302200317383
45,44622802734375
45,4635009765625
45,457401275634766
45,456058502197266
45,45578384399414
45,44682312011719
45,462310791015625
45,44804382324219
45,40174102783203
45,51470947265625
45,45117950439453
45,453224182128906
45,275360107421875
45,45367431640625
45,45252227783203
45,45625686645508
45,46076965332031
45,452239990234375
45,275814056396484
45,632286071777344
45,27851104736328
45,416542053222656
45,48551559448242
45,28160858154297
45,45384216308594
45,63271713256836
45,28117752075195
45,4535026550293
45,455162048339844
45,45497131347656
45,45509338378906
45,45321273803711
45,45682907104492
45,63113021850586
45,279266357421875
45,449440002441406
45,45924758911133
45,4490852355957
45,445072174072266
45,4551887512207
45,45941925048828
45,45075225830078
44,8246955871582
46,077735900878906
44,82135772705078
45,10166549682617
45,7198486328125
46,430999755859375
45,458580017089844
45,283626556396484
45,45474624633789
45,631065368652344
45,28032302856445
45,45041275024414
45,45953369140625
45,44892120361328
45,45964050292969
45,2030143737793
45,52634048461914
45,45838165283203
45,755550384521484
45,5093879699707
45,45709991455078
45,45195007324219
45,45552062988281
45,458736419677734
45,358463287353516
46,26370620727539
44,40843200683594
45,51523208618164
45,445560455322266
44,46543502807617
44,466468811035156
45,45310592651367
45,45597839355469
45,4618034362793
46,435665130615234
46,206851959228516
45,51316833496094
45,461856842041016
45,449073791503906
45,45542526245117
45,454803466796875
45,451568603515625
45,46278762817383
45,450645446777344
45,45655059814453
45,44995880126953
45,4579963684082
45,450199127197266
45,39791488647461
45,50991439819336
45,454246520996094
45,45410919189453
45,45186996459961
45,45955276489258
0,8672531843185425
43,236778259277344
45,45558166503906
45,273292541503906
45,34880065917969
45,367774963378906
45,45620346069336
45,4543342590332
45,4535026550293
45,452781677246094
45,45790100097656
45,447174072265625
45,46174621582031
45,45679473876953
45,464866638183594
45,452823638916016
45,44443893432617
45,45404815673828
45,45232391357422
45,457481384277344
45,46025466918945
45,449989318847656
45,45429611206055
45,45317077636719
45,46625518798828
45,4507942199707
45,455081939697266
45,453346252441406
45,459999084472656
45,44989013671875
45,453304290771484
45,46025085449219
45,45155334472656
45,4509162902832
45,46078109741211
45,445037841796875
45,46213912963867
45,44449234008789
45,40193557739258
45,507835388183594
45,46074295043945
45,454566955566406
45,452877044677734
45,459022521972656
45,45558166503906
45,4508056640625
45,460899353027344
45,40768051147461
45,49685287475586
45,45838165283203
45,45184326171875
45,44778060913086
45,46441650390625
45,451866149902344
45,459075927734375
45,45192337036133
45,45856857299805
45,4439697265625
45,45466995239258
45,446224212646484
45,41450500488281
45,496429443359375
45,45563507080078
45,46110534667969
45,45588684082031
45,453208923339844
45,453609466552734
45,453704833984375
45,11049270629883
45,45563507080078
45,797508239746094
45,46158981323242
44,996578216552734
45,45586395263672
45,456459045410156
45,4481315612793
44,8320198059082
45,09023666381836
44,776241302490234
46,12392807006836
45,456050872802734
45,81965637207031
43,13936996459961
45,455081939697266
45,446311950683594
45,457271575927734
45,453712463378906
45,455284118652344
44,82059860229492
45,460845947265625
46,06848907470703
45,75828170776367
45,5112190246582
45,10923767089844
45,45601272583008
45,455223083496094
45,453731536865234
45,45503616333008
45,45301055908203
44,642234802246094
45,39509963989258
45,4992561340332
45,45969772338867
45,45919418334961
45,4553337097168
46,24711608886719
46,44041442871094
45,46882629394531
46,4317626953125
45,46177673339844
46,43698501586914
45,45736312866211
45,46342468261719
45,21843719482422
45,51457214355469
45,44868469238281
45,28303909301758
45,454254150390625
45,45387649536133
45,45643615722656
45,45384216308594
45,27444076538086
44,99721145629883
45,4565544128418
45,456329345703125
45,45596694946289
45,44641876220703
45,45603942871094
45,27439498901367
45,45784378051758
45,45014190673828
0,8671996593475342
43,23857116699219
45,45573425292969
45,27346420288086
45,34896469116211
45,367618560791016
45,45619201660156
45,45438766479492
45,45331573486328
45,452823638916016
45,45801544189453
45,447288513183594
45,461669921875
45,45677947998047
45,46497344970703
45,452064514160156
45,44511032104492
45,453975677490234
45,452396392822266
45,45745849609375
45,46033477783203
45,44998550415039
45,45410919189453
45,453338623046875
45,46660232543945
45,45050048828125
45,45505142211914
45,45326232910156
45,460044860839844
45,449893951416016
45,45331573486328
45,46030807495117
45,451541900634766
45,450809478759766
45,46077346801758
45,44508361816406
45,46223831176758
45,44447326660156
45,40182876586914
45,5076904296875
45,46095657348633
45,45448303222656
45,45315933227539
45,45881652832031
45,455875396728516
45,45077133178711
45,460994720458984
45,40755844116211
45,49663543701172
45,45839309692383
45,451759338378906
45,4477424621582
45,46455001831055
45,45222854614258
45,45869064331055
45,45224380493164
45,45827865600586
45,44424819946289
45,454097747802734
45,446495056152344
45,41445541381836
45,49638748168945
45,455787658691406
45,46097946166992
45,45628356933594
45,45262908935547
45,45414733886719
45,453330993652344
45,11048889160156
45,4556999206543
45,79732131958008
45,4619255065918
44,99635314941406
45,4556999206543
45,45656967163086
45,448509216308594
44,83175277709961
45,09022903442383
44,776214599609375
46,123897552490234
45,456085205078125
45,819461822509766
43,139564514160156
45,45513153076172
45,44630432128906
45,45751190185547
45,45347595214844
45,4554557800293
44,82037353515625
45,46086502075195
46,0684928894043
45,75830841064453
45,511497497558594
45,10896301269531
45,45631790161133
45,45497131347656
45,45359420776367
45,45536804199219
45,453067779541016
44,6418571472168
45,3951530456543
45,49921417236328
45,460018157958984
45,458858489990234
45,455665588378906
46,247188568115234
46,44038009643555
45,46852111816406
46,431739807128906
45,46198654174805
46,436973571777344
45,45748519897461
45,46355056762695
45,21807861328125
45,51454162597656
45,44890594482422
45,282676696777344
45,45473098754883
45,45355224609375
45,456443786621094
45,45418167114258
45,27439498901367
44,99687957763672
45,45662307739258
45,45634078979492
45,45594024658203
45,44639205932617
45,45608901977539
45,27433395385742
45,45786666870117
45,45021438598633
0,8334835171699524
44,87024688720703
45,62443161010742
45,45798873901367
45,45856857299805
45,4534912109375
45,454654693603516
45,45929718017578
45,45169448852539
45,44441223144531
45,46232986450195
45,450340270996094
45,404457092285156
45,50481414794922
45,45191955566406
45,45980453491211
45,4582633972168
45,452205657958984
45,4533805847168
45,4502067565918
45,4653434753418
45,44743728637695
45,45806884765625
45,450592041015625
45,45711898803711
45,455814361572266
45,452945709228516
45,45887756347656
45,450531005859375
45,28121566772461
45,63097381591797
45,44820785522461
45,46345138549805
45,4509391784668
45,450965881347656
45,28226089477539
45,45753479003906
45,630550384521484
45,45499801635742
45,4499626159668
45,4533805847168
45,456050872802734
45,41053009033203
45,50041961669922
45,282676696777344
45,271636962890625
45,634681701660156
45,44499588012695
45,105926513671875
45,45705795288086
45,810935974121094
45,10237121582031
45,635459899902344
45,453128814697266
45,63755416870117
45,4494514465332
45,45378112792969
45,45833206176758
45,455780029296875
45,45085144042969
45,10082244873047
45,63362503051758
45,45756149291992
45,450103759765625
45,28022766113281
45,63042068481445
45,45663070678711
45,45806884765625
45,40998458862305
45,494300842285156
46,443111419677734
45,45518493652344
45,272640228271484
45,45174789428711
45,4611701965332
45,452171325683594
45,817626953125
44,396995544433594
45,44808578491211
45,464481353759766
45,452823638916016
45,44399642944336
43,47240447998047
45,12250900268555
45,6276741027832
45,398746490478516
45,51007080078125
45,453041076660156
45,45280075073242
45,46111297607422
45,45411682128906
45,28057098388672
45,27461242675781
45,45368957519531
45,454097747802734
45,456398010253906
45,621726989746094
45,46272277832031
45,81279754638672
45,10142517089844
45,807403564453125
45,46198654174805
45,364681243896484
45,451351165771484
45,456485748291016
46,26435852050781
46,43149948120117
45,459068298339844
45,45856857299805
45,45339584350586
45,455413818359375
45,404476165771484
45,509666442871094
46,253543853759766
45,45237350463867
45,46287536621094
45,44651794433594
45,45909881591797
45,63008499145508
45,45949935913086
45,46023941040039
45,45438766479492
45,99794006347656
45,455345153808594
45,45711135864258
45,45591354370117
45,80912780761719
44,99898147583008
44,99689483642578
45,455177307128906
45,904178619384766
0,8334316611289978
44,872344970703125
45,6246337890625
45,45795440673828
45,45867156982422
45,45344924926758
45,45463943481445
45,459312438964844
45,45184326171875
45,44439697265625
45,462188720703125
45,45051956176758
45,404388427734375
45,50507354736328
45,4515495300293
45,45975112915039
45,45833206176758
45,45220184326172
45,4534912109375
45,45018005371094
45,46530532836914
45,4476203918457
45,45803451538086
45,450870513916016
45,45671081542969
45,455875396728516
45,4528923034668
45,45907211303711
45,450401306152344
45,2812614440918
45,63089370727539
45,44826889038086
45,463497161865234
45,45097732543945
45,4509391784668
45,28211212158203
45,45758819580078
45,63058090209961
45,454925537109375
45,45006561279297
45,453426361083984
45,45591735839844
45,41059112548828
45,500282287597656
45,28285217285156
45,27167510986328
45,6350212097168
45,44443130493164
45,1059684753418
45,45726776123047
45,81108856201172
45,1020622253418
45,63552474975586
45,45314025878906
45,637603759765625
45,44934844970703
45,453819274902344
45,458316802978516
45,45591354370117
45,45105743408203
45,10033416748047
45,633689880371094
45,457576751708984
45,44999694824219
45,28062438964844
45,630462646484375
45,45654296875
45,45798873901367
45,410011291503906
45,494239807128906
46,44340133666992
45,454933166503906
45,27244567871094
45,451751708984375
45,46128845214844
45,452091217041016
45,81775665283203
44,396942138671875
45,44807434082031
45,4647216796875
45,45265579223633
45,44419479370117
43,472103118896484
45,122535705566406
45,628028869628906
45,398475646972656
45,51008605957031
45,45294189453125
45,45290756225586
45,4609375
45,454166412353516
45,28065872192383
45,27457809448242
45,453617095947266
45,4542350769043
45,456233978271484
45,62181091308594
45,46274185180664
45,81312942504883
45,10116195678711
45,807342529296875
45,46230697631836
45,364200592041016
45,45152282714844
45,456756591796875
46,26442337036133
46,431434631347656
45,45907211303711
45,458290100097656
45,45329284667969
45,455596923828125
45,40440368652344
45,5099983215332
46,25321578979492
45,45250701904297
45,46306610107422
45,44607925415039
45,459259033203125
45,63013458251953
45,45936584472656
45,460296630859375
45,45449447631836
45,99788284301758
45,45538330078125
45,457027435302734
45,45598220825195
45,8090705871582
44,99894332885742
44,99691390991211
45,455055236816406
45,90433883666992
0,8305431604385376
44,699832916259766
45,460147857666016
45,45298385620117
45,45619583129883
45,45188522338867
45,45539855957031
45,45619201660156
45,45262908935547
45,40410614013672
45,5045051574707
45,451908111572266
45,45391082763672
45,45225524902344
45,45675277709961
45,45161819458008
45,45207214355469
45,40993118286133
45,504638671875
45,4521369934082
45,459312438964844
45,4518928527832
45,45574188232422
45,453147888183594
45,45687484741211
45,4607048034668
45,445369720458984
45,45085144042969
45,46112823486328
45,456336975097656
45,450950622558594
45,45896911621094
45,45426940917969
45,40886688232422
45,498016357421875
45,45256042480469
45,4572868347168
45,45420455932617
45,45697784423828
45,45351791381836
45,44962692260742
45,45777130126953
45,45454025268555
45,456111907958984
45,45703125
45,451419830322266
45,45977783203125
45,44901657104492
45,45250701904297
45,81646728515625
45,44868087768555
45,44890594482422
45,28866195678711
45,45690155029297
45,4532470703125
45,28081512451172
45,6287841796875
45,63172149658203
45,28030776977539
45,63364028930664
45,279380798339844
45,45403289794922
45,630279541015625
45,4573860168457
45,45274353027344
45,45252227783203
45,454811096191406
45,4571647644043
45,454341888427734
45,45280838012695
45,454341888427734
45,44969177246094
45,46116638183594
45,45216369628906
45,45266342163086
45,45693588256836
45,09918975830078
46,441856384277344
45,814762115478516
45,45062255859375
45,45403289794922
45,10704040527344
46,806522369384766
45,4569091796875
45,45103073120117
45,44766616821289
45,460052490234375
45,460628509521484
45,448448181152344
45,44899368286133
45,40346145629883
45,507354736328125
45,45905685424805
45,45500183105469
45,275291442871094
45,446563720703125
45,465274810791016
46,26006317138672
45,458065032958984
45,45930862426758
45,451927185058594
45,451255798339844
44,629638671875
45,46061325073242
45,45416259765625
45,28300094604492
46,439998626708984
45,45872497558594
45,4428596496582
45,46147155761719
44,469730377197266
45,45267868041992
44,233558654785156
45,515323638916016
45,45491027832031
45,44904708862305
45,45820999145508
45,455238342285156
45,453182220458984
45,45629119873047
45,453651428222656
45,453311920166016
45,45265579223633
45,458106994628906
45,450439453125
45,4016227722168
45,51091766357422
45,63349533081055
45,27859115600586
45,62772750854492
45,28639602661133
0,830495297908783
44,701419830322266
45,46075439453125
45,452980041503906
45,456138610839844
45,45189666748047
45,455467224121094
45,45624542236328
45,45262145996094
45,403968811035156
45,504581451416016
45,4516716003418
45,45415496826172
45,452545166015625
45,45656204223633
45,451683044433594
45,452178955078125
45,40957260131836
45,50478744506836
45,45240020751953
45,458927154541016
45,45201110839844
45,455718994140625
45,4531135559082
45,457244873046875
45,460323333740234
45,445369720458984
45,45077896118164
45,461181640625
45,4564208984375
45,450992584228516
45,459205627441406
45,45408248901367
45,408817291259766
45,49803924560547
45,452789306640625
45,4570198059082
45,45420837402344
45,45695495605469
45,45344543457031
45,44999694824219
45,45745086669922
45,454830169677734
45,455814361572266
45,457035064697266
45,45151138305664
45,45978927612305
45,44914627075195
45,45258712768555
45,81619644165039
45,44868469238281
45,4488410949707
45,288848876953125
45,4566764831543
45,453277587890625
45,28083801269531
45,62904357910156
45,63127136230469
45,28066635131836
45,63341522216797
45,279354095458984
45,453983306884766
45,63022994995117
45,457454681396484
45,452789306640625
45,45253372192383
45,45469284057617
45,45726776123047
45,45435333251953
45,45290756225586
45,454246520996094
45,44990921020508
45,46099090576172
45,452239990234375
45,45253372192383
45,457000732421875
45,099082946777344
46,442203521728516
45,81428909301758
45,45077133178711
45,45427322387695
45,10691833496094
46,80651092529297
45,45686721801758
45,4510498046875
45,4474983215332
45,46010208129883
45,46065902709961
45,4484748840332
45,4489860534668
45,403465270996094
45,50741195678711
45,45882034301758
45,45515823364258
45,275657653808594
45,44623947143555
45,4652214050293
46,26016616821289
45,45802688598633
45,45924377441406
45,452091217041016
45,45115280151367
44,62964630126953
45,46090316772461
45,45392990112305
45,28292465209961
46,440025329589844
45,458744049072266
45,443119049072266
45,461181640625
44,469810485839844
45,452598571777344
44,23324203491211
45,5155143737793
45,45509719848633
45,449005126953125
45,45850372314453
45,454986572265625
45,45335388183594
45,45629119873047
45,45378494262695
45,45329284667969
45,45225524902344
45,458168029785156
45,450557708740234
45,40144729614258
45,51100540161133
45,6334342956543
45,27858352661133
45,62760925292969
45,28658676147461
