0,003031025
0,002333389
0,002288092
0,001877822
0,00151726
0,001487972
0,001520531
0,001510584
0,001421609
0,001473086
0,00148783
0,001439022
0,001445244
0,00132983
0,001304777
0,003714243
8,80948E-4
9,08468E-4
9,19406E-4
8,55276E-4
9,03629E-4
9,24305E-4
9,04416E-4
8,71396E-4
8,95215E-4
8,69391E-4
0,001051225
0,001050037
9,52824E-4
9,02365E-4
0,0010583
0,001381068
0,001200486
8,37247E-4
8,93753E-4
9,20661E-4
8,29778E-4
8,7337E-4
8,42894E-4
8,40792E-4
8,42396E-4
8,96212E-4
9,28443E-4
9,1847E-4
9,32864E-4
8,74226E-4
8,45572E-4
9,46315E-4
8,43304E-4
8,3491E-4
9,57973E-4
8,49904E-4
8,40148E-4
8,79017E-4
9,09336E-4
8,92998E-4
9,12543E-4
8,60558E-4
0,001127926
8,78604E-4
8,92716E-4
8,51023E-4
8,9011E-4
8,53747E-4
8,83898E-4
8,63523E-4
8,47752E-4
8,7331E-4
8,93416E-4
8,40784E-4
9,58744E-4
8,51737E-4
8,84283E-4
8,5658E-4
8,2946E-4
8,5981E-4
8,6932E-4
8,42526E-4
8,46928E-4
8,32422E-4
8,36764E-4
8,84252E-4
8,29668E-4
8,16826E-4
8,42998E-4
8,20405E-4
8,26884E-4
8,34181E-4
8,45908E-4
9,49984E-4
8,84007E-4
9,09873E-4
9,13669E-4
8,75973E-4
9,29716E-4
8,30595E-4
8,10878E-4
8,00854E-4
7,83527E-4
8,47258E-4
8,25342E-4
8,46644E-4
8,79846E-4
8,20074E-4
8,16244E-4
8,23985E-4
8,92162E-4
8,54858E-4
8,5542E-4
9,27281E-4
8,61356E-4
8,46852E-4
8,96488E-4
8,5382E-4
8,18946E-4
8,57463E-4
8,39743E-4
0,001083996
8,24024E-4
8,5451E-4
8,27932E-4
9,06444E-4
0,00304911
8,28306E-4
8,41365E-4
8,9313E-4
8,17912E-4
8,19474E-4
8,54285E-4
8,83644E-4
9,37775E-4
8,58761E-4
8,52123E-4
0,001059591
8,80174E-4
8,25951E-4
8,58095E-4
8,63951E-4
8,63528E-4
8,46572E-4
8,87476E-4
8,38811E-4
8,31783E-4
8,61653E-4
9,18022E-4
8,73775E-4
8,27635E-4
8,96182E-4
8,55591E-4
8,54688E-4
8,52778E-4
8,82811E-4
8,86651E-4
8,99419E-4
8,76407E-4
8,49987E-4
8,4832E-4
8,31389E-4
8,81429E-4
8,28509E-4
8,37741E-4
8,30859E-4
8,55142E-4
8,6998E-4
8,8777E-4
8,51991E-4
8,65796E-4
8,65931E-4
8,57553E-4
8,54402E-4
8,51119E-4
8,56508E-4
8,80144E-4
8,07584E-4
8,23196E-4
8,2858E-4
8,41195E-4
8,3095E-4
8,73058E-4
9,16896E-4
8,30547E-4
8,29025E-4
8,33978E-4
8,78392E-4
8,04612E-4
8,31397E-4
8,3042E-4
8,40953E-4
8,60375E-4
8,25846E-4
8,71483E-4
8,72943E-4
9,36675E-4
8,87554E-4
8,35119E-4
8,59677E-4
8,67325E-4
8,2826E-4
8,99279E-4
8,98635E-4
8,25076E-4
8,63999E-4
8,66282E-4
8,79133E-4
8,40398E-4
9,65883E-4
9,24005E-4
9,55389E-4
8,88145E-4
9,12984E-4
8,7184E-4
8,7294E-4
0,001033425
8,35804E-4
8,34822E-4
8,62001E-4
8,60121E-4
8,45012E-4
8,56147E-4
8,63541E-4
8,31981E-4
9,0384E-4
0,001081963
8,52012E-4
8,78371E-4
8,51681E-4
8,82583E-4
8,35311E-4
8,2771E-4
8,44445E-4
8,75837E-4
8,55437E-4
8,69629E-4
8,53823E-4
8,74309E-4
0,001092779
8,70486E-4
8,37427E-4
8,21698E-4
8,51392E-4
8,28768E-4
0,001083197
8,87886E-4
8,71299E-4
8,24191E-4
8,76701E-4
8,89324E-4
8,85E-4
8,64793E-4
0,002080934
8,77019E-4
8,60463E-4
8,00768E-4
8,65084E-4
8,40194E-4
8,47904E-4
8,04835E-4
8,35328E-4
9,01175E-4
8,19333E-4
8,76726E-4
8,21183E-4
8,31691E-4
8,93349E-4
8,01138E-4
8,68962E-4
8,06747E-4
8,73256E-4
8,64372E-4
8,0404E-4
8,4722E-4
8,14172E-4
8,37256E-4
8,28817E-4
8,30898E-4
7,99449E-4
8,52759E-4
8,06205E-4
8,29848E-4
8,74291E-4
8,60843E-4
8,70832E-4
9,20315E-4
8,33242E-4
8,39638E-4
8,28445E-4
8,52637E-4
8,59618E-4
8,93416E-4
8,65541E-4
9,20843E-4
8,51825E-4
8,3991E-4
9,40424E-4
8,15025E-4
9,26087E-4
8,62556E-4
8,87867E-4
8,68479E-4
8,41599E-4
8,10533E-4
8,61034E-4
8,38286E-4
8,78052E-4
8,36999E-4
0,001820896
8,30258E-4
9,11394E-4
8,14342E-4
8,07763E-4
8,02796E-4
8,35129E-4
8,12714E-4
8,02096E-4
8,33683E-4
8,21824E-4
8,68703E-4
8,71694E-4
8,7307E-4
8,45443E-4
7,98736E-4
8,41994E-4
8,24281E-4
8,50401E-4
0,001067006
8,64042E-4
8,18325E-4
8,12213E-4
8,08069E-4
8,95134E-4
0,001039918
7,97029E-4
7,95067E-4
8,1825E-4
8,46602E-4
8,08541E-4
8,55807E-4
8,51566E-4
8,44624E-4
9,06875E-4
8,78442E-4
8,45008E-4
8,19636E-4
7,9486E-4
8,62661E-4
8,42608E-4
0,001109167
8,10233E-4
8,51961E-4
8,35623E-4
8,27173E-4
8,65929E-4
9,10732E-4
8,20459E-4
8,115E-4
8,05539E-4
8,24347E-4
0,001798688
8,85136E-4
8,39682E-4
8,36961E-4
8,32785E-4
8,83088E-4
8,6143E-4
8,64715E-4
8,58557E-4
8,36215E-4
8,62051E-4
8,25233E-4
8,71492E-4
8,55318E-4
8,50725E-4
8,5756E-4
8,24923E-4
8,14026E-4
