6,8237E-5
6,778E-5
6,6475E-5
6,6611E-5
6,6093E-5
6,5439E-5
6,7901E-5
6,2324E-5
6,815E-5
6,6151E-5
6,8955E-5
9,1156E-5
6,8205E-5
6,6694E-5
6,607E-5
6,7844E-5
9,0795E-5
6,7583E-5
6,2589E-5
7,5469E-5
6,331E-5
6,2293E-5
6,8007E-5
6,7262E-5
6,2996E-5
6,6829E-5
6,8086E-5
6,3515E-5
6,3798E-5
6,1385E-5
9,8356E-5
1,44674E-4
9,0592E-5
6,4258E-5
6,6575E-5
1,07698E-4
7,9963E-5
9,0769E-5
6,7482E-5
6,8029E-5
6,1859E-5
6,2477E-5
6,8138E-5
8,144E-5
6,8976E-5
6,7841E-5
6,7941E-5
6,4255E-5
6,7304E-5
6,4374E-5
6,9344E-5
7,1618E-5
6,4571E-5
6,6078E-5
6,8181E-5
6,8279E-5
6,983E-5
6,8955E-5
6,6869E-5
7,7738E-5
6,949E-5
6,3542E-5
6,7765E-5
7,0619E-5
7,1388E-5
6,8973E-5
7,1156E-5
7,6177E-5
6,5871E-5
6,8521E-5
6,6856E-5
7,0204E-5
8,736E-5
1,1742E-4
6,2978E-5
6,5482E-5
6,4132E-5
6,3469E-5
6,3665E-5
6,7578E-5
6,3983E-5
6,9105E-5
6,9922E-5
6,9659E-5
6,7883E-5
6,962E-5
6,8391E-5
6,7523E-5
7,308E-5
6,6954E-5
9,5496E-5
1,23876E-4
8,9069E-5
6,6211E-5
6,8448E-5
6,6749E-5
6,8233E-5
1,05007E-4
1,00714E-4
1,32092E-4
1,06571E-4
1,02164E-4
1,04389E-4
9,5227E-5
7,0583E-5
1,21847E-4
1,07645E-4
1,20887E-4
1,19215E-4
1,08196E-4
1,04622E-4
8,6988E-5
1,14041E-4
1,08569E-4
6,9037E-5
6,3204E-5
7,0657E-5
6,1914E-5
6,5185E-5
6,5384E-5
7,3225E-5
6,8877E-5
6,7361E-5
7,2656E-5
6,2636E-5
7,4221E-5
7,0477E-5
6,2126E-5
6,2762E-5
6,6677E-5
6,9766E-5
9,4557E-5
7,1648E-5
6,4521E-5
6,8297E-5
6,7795E-5
6,3882E-5
6,9745E-5
6,8418E-5
6,7993E-5
6,6978E-5
6,382E-5
6,2579E-5
6,5966E-5
6,8921E-5
6,9146E-5
6,6613E-5
6,3822E-5
6,8738E-5
6,8765E-5
6,3313E-5
6,7891E-5
6,7331E-5
6,8042E-5
6,6725E-5
6,9188E-5
6,8548E-5
6,3368E-5
6,7957E-5
6,2624E-5
7,3974E-5
6,7902E-5
6,7796E-5
6,3338E-5
6,4085E-5
6,9428E-5
6,4862E-5
8,6414E-5
6,8746E-5
6,7643E-5
8,076E-5
6,3811E-5
6,784E-5
6,5753E-5
6,9097E-5
6,8821E-5
6,5405E-5
6,3876E-5
6,9846E-5
6,3924E-5
6,8029E-5
8,0363E-5
6,4941E-5
6,8109E-5
6,4158E-5
6,8691E-5
9,7464E-5
7,4564E-5
7,0612E-5
6,8517E-5
6,8213E-5
6,3302E-5
6,2944E-5
6,4644E-5
6,6226E-5
6,5896E-5
6,9272E-5
6,7818E-5
6,3402E-5
6,9957E-5
7,1584E-5
6,8165E-5
7,0433E-5
6,8447E-5
8,1719E-5
6,325E-5
6,181E-5
6,8774E-5
6,4859E-5
6,6789E-5
7,0218E-5
7,9824E-5
6,5298E-5
6,1828E-5
6,2418E-5
6,7166E-5
6,988E-5
6,7392E-5
8,7044E-5
6,8104E-5
6,7886E-5
7,2125E-5
6,3408E-5
6,9536E-5
6,563E-5
6,8537E-5
7,31E-5
6,7534E-5
7,1307E-5
6,4808E-5
7,0118E-5
7,0171E-5
6,4063E-5
7,1639E-5
7,4456E-5
6,7699E-5
7,0139E-5
6,5145E-5
6,3292E-5
6,4028E-5
7,0172E-5
6,4514E-5
6,7191E-5
6,1917E-5
6,6582E-5
7,2696E-5
6,1626E-5
6,5642E-5
7,1979E-5
7,6941E-5
6,9704E-5
8,8728E-5
7,1557E-5
6,372E-5
6,8052E-5
7,4137E-5
7,5574E-5
6,8408E-5
6,814E-5
7,1333E-5
6,694E-5
7,0237E-5
6,6795E-5
6,1495E-5
6,8372E-5
6,7626E-5
8,5403E-5
7,1476E-5
7,2858E-5
6,6862E-5
6,4216E-5
6,8657E-5
7,0343E-5
6,4189E-5
6,4387E-5
6,6814E-5
6,8303E-5
6,7702E-5
7,1091E-5
6,4477E-5
6,4809E-5
6,4286E-5
6,8036E-5
6,8514E-5
7,0878E-5
6,2473E-5
6,8338E-5
6,7829E-5
7,3019E-5
6,9751E-5
7,2504E-5
7,0098E-5
6,9057E-5
7,1422E-5
6,9123E-5
6,1933E-5
6,3845E-5
6,3877E-5
6,5646E-5
6,4539E-5
6,8561E-5
6,5471E-5
6,7513E-5
6,799E-5
7,0271E-5
6,8485E-5
8,1557E-5
6,2782E-5
7,0015E-5
6,2642E-5
6,6129E-5
7,0417E-5
6,7123E-5
8,311E-5
6,6781E-5
6,3135E-5
6,8648E-5
7,1403E-5
6,6861E-5
6,5958E-5
6,9829E-5
6,9953E-5
6,8424E-5
6,4545E-5
6,6424E-5
6,466E-5
6,3519E-5
6,7294E-5
6,5045E-5
6,6036E-5
7,1091E-5
6,8443E-5
6,8311E-5
8,021E-5
7,0504E-5
6,8205E-5
7,1432E-5
8,5839E-5
6,3939E-5
7,1666E-5
6,3543E-5
6,7183E-5
7,0819E-5
6,8584E-5
6,5309E-5
7,0047E-5
7,0043E-5
6,7984E-5
6,9806E-5
6,5863E-5
6,772E-5
7,0103E-5
6,656E-5
7,0571E-5
6,4218E-5
6,5952E-5
7,0541E-5
6,5757E-5
6,682E-5
7,1215E-5
6,3792E-5
6,7613E-5
6,9898E-5
6,6159E-5
6,9852E-5
6,8503E-5
7,1886E-5
6,8692E-5
6,4648E-5
7,0007E-5
6,464E-5
6,7491E-5
6,5953E-5
6,9245E-5
7,0672E-5
6,6519E-5
6,9572E-5
6,5788E-5
6,9902E-5
6,9786E-5
7,4308E-5
6,6253E-5
6,9644E-5
6,7667E-5
6,4434E-5
7,5091E-5
6,9638E-5
7,0383E-5
6,3008E-5
6,989E-5
7,4732E-5
6,7381E-5
6,9405E-5
6,3114E-5
6,8373E-5
6,8704E-5
6,3487E-5
7,2779E-5
6,7319E-5
6,6757E-5
6,729E-5
6,7847E-5
6,7299E-5
7,153E-5
6,8958E-5
6,9576E-5
6,6649E-5
6,551E-5
7,2025E-5
6,4343E-5
6,8458E-5
6,9581E-5
6,9509E-5
6,7733E-5
6,4275E-5
6,775E-5
6,7241E-5
6,6567E-5
6,9121E-5
6,928E-5
6,4235E-5
6,8355E-5
6,7856E-5
7,5659E-5
6,7628E-5
6,9328E-5
6,676E-5
7,0521E-5
6,8349E-5
8,6718E-5
9,4154E-5
6,6811E-5
6,8865E-5
6,8636E-5
6,9874E-5
7,5756E-5
6,521E-5
9,075E-5
6,8962E-5
6,6397E-5
6,8588E-5
7,4341E-5
6,1514E-5
7,3779E-5
6,9341E-5
6,8087E-5
6,2711E-5
6,5294E-5
7,1503E-5
6,5594E-5
6,7879E-5
6,6588E-5
7,0353E-5
6,8927E-5
6,9587E-5
6,8002E-5
7,1709E-5
6,8369E-5
6,5793E-5
6,478E-5
7,0855E-5
6,4986E-5
7,0284E-5
6,3551E-5
6,822E-5
6,4649E-5
6,5694E-5
6,9436E-5
6,7028E-5
7,1416E-5
6,2543E-5
6,8793E-5
7,8883E-5
6,6582E-5
6,1568E-5
6,4123E-5
6,368E-5
6,6139E-5
6,4107E-5
6,9176E-5
7,3072E-5
6,2181E-5
7,1198E-5
6,5991E-5
6,3225E-5
6,6676E-5
7,0749E-5
6,5838E-5
6,8904E-5
6,9241E-5
6,3519E-5
6,9547E-5
7,1459E-5
7,0029E-5
6,4272E-5
7,1062E-5
6,3918E-5
7,0166E-5
6,8679E-5
6,6683E-5
6,8997E-5
6,983E-5
6,8451E-5
6,6382E-5
6,3572E-5
6,6744E-5
7,4492E-5
6,946E-5
6,6846E-5
6,5424E-5
6,3079E-5
6,9068E-5
6,7274E-5
6,2282E-5
6,2996E-5
7,129E-5
6,756E-5
6,8847E-5
6,2973E-5
6,7907E-5
6,8856E-5
7,3149E-5
6,8833E-5
6,8916E-5
6,8178E-5
8,1408E-5
6,4993E-5
6,5831E-5
6,9E-5
6,8897E-5
6,6754E-5
6,6412E-5
6,8353E-5
6,9868E-5
6,9174E-5
6,7844E-5
7,2838E-5
6,3854E-5
6,9893E-5
6,4651E-5
6,8652E-5
6,9383E-5
6,7342E-5
7,1298E-5
6,521E-5
6,7428E-5
7,0894E-5
6,3096E-5
6,4124E-5
6,454E-5
7,2583E-5
6,8254E-5
6,2737E-5
6,8505E-5
6,3379E-5
6,385E-5
6,9809E-5
6,8771E-5
6,742E-5
6,2904E-5
6,2369E-5
6,7905E-5
8,3713E-5
6,8185E-5
6,4482E-5
6,4435E-5
6,5957E-5
6,7871E-5
7,0082E-5
6,9285E-5
6,7525E-5
6,7785E-5
6,8221E-5
6,2791E-5
6,2918E-5
6,9449E-5
6,7138E-5
6,7504E-5
6,7582E-5
6,463E-5
6,7541E-5
6,9065E-5
6,2132E-5
7,1219E-5
7,0363E-5
6,2694E-5
7,0448E-5
6,3636E-5
6,8563E-5
6,5137E-5
6,9566E-5
6,3801E-5
6,8143E-5
6,7137E-5
6,1871E-5
6,1771E-5
6,0835E-5
6,8892E-5
6,7865E-5
6,7233E-5
6,5739E-5
6,8059E-5
6,5843E-5
6,2949E-5
6,3346E-5
6,97E-5
6,6234E-5
6,8352E-5
6,368E-5
6,6799E-5
6,2223E-5
8,2037E-5
6,2265E-5
6,4919E-5
7,1973E-5
6,6115E-5
6,4492E-5
7,1813E-5
6,9284E-5
7,027E-5
6,813E-5
7,0866E-5
6,9744E-5
6,8777E-5
7,2293E-5
7,0717E-5
6,8172E-5
6,4169E-5
6,3141E-5
6,7807E-5
6,804E-5
6,2962E-5
6,5022E-5
6,773E-5
8,1233E-5
6,3187E-5
7,1733E-5
6,6316E-5
6,5806E-5
6,242E-5
7,085E-5
6,775E-5
6,9243E-5
6,7292E-5
6,7086E-5
6,2372E-5
6,8739E-5
6,5649E-5
6,7397E-5
6,8292E-5
6,3511E-5
6,8172E-5
6,4785E-5
7,257E-5
6,4197E-5
6,8539E-5
6,8869E-5
6,9067E-5
7,0173E-5
6,8655E-5
6,4115E-5
6,234E-5
6,5287E-5
7,0418E-5
6,4997E-5
6,7115E-5
7,0648E-5
6,77E-5
6,1024E-5
6,2531E-5
6,3387E-5
6,8305E-5
6,8945E-5
6,2329E-5
7,0181E-5
6,3816E-5
6,7155E-5
7,1371E-5
6,2986E-5
6,4524E-5
6,7846E-5
7,1935E-5
6,754E-5
1,23761E-4
1,06251E-4
7,0377E-5
6,9047E-5
1,20417E-4
6,6708E-5
7,106E-5
6,5516E-5
6,8293E-5
7,2288E-5
6,6729E-5
6,4791E-5
6,9913E-5
7,2419E-5
6,9924E-5
6,7153E-5
6,4392E-5
8,422E-5
7,0478E-5
6,568E-5
6,5473E-5
6,1983E-5
6,2079E-5
7,7965E-5
1,08042E-4
8,6213E-5
1,12814E-4
8,3512E-5
8,5394E-5
1,0755E-4
8,6346E-5
1,03444E-4
1,00081E-4
1,13803E-4
1,0131E-4
8,3466E-5
8,6213E-5
9,7917E-5
7,766E-5
1,04128E-4
9,5029E-5
8,4362E-5
1,07796E-4
1,2104E-4
1,28931E-4
8,5747E-5
1,0364E-4
1,34114E-4
1,10792E-4
8,8746E-5
9,6664E-5
9,6894E-5
1,06601E-4
9,4018E-5
8,9837E-5
9,6089E-5
8,7959E-5
9,0373E-5
1,04842E-4
1,2277E-4
1,10854E-4
8,261E-5
6,2806E-5
6,9219E-5
6,961E-5
6,9714E-5
6,5089E-5
6,9205E-5
6,7598E-5
6,8872E-5
7,1803E-5
6,2587E-5
6,6173E-5
6,9638E-5
6,4599E-5
6,8273E-5
6,852E-5
6,9272E-5
6,5686E-5
6,6563E-5
6,7389E-5
6,8038E-5
6,8066E-5
6,4309E-5
6,6922E-5
6,2361E-5
6,6382E-5
6,4017E-5
6,8081E-5
6,9022E-5
7,1022E-5
6,402E-5
6,1284E-5
6,4848E-5
6,4853E-5
6,4126E-5
6,3509E-5
6,8143E-5
6,6923E-5
6,7885E-5
7,0712E-5
6,5181E-5
7,0196E-5
6,9448E-5
6,3253E-5
7,0091E-5
6,8253E-5
6,2606E-5
6,3528E-5
6,6445E-5
6,5353E-5
6,4392E-5
6,5498E-5
6,8309E-5
9,3762E-5
6,9011E-5
6,8761E-5
6,8688E-5
6,2417E-5
7,1287E-5
7,0111E-5
6,8866E-5
6,4339E-5
6,5722E-5
6,546E-5
6,895E-5
6,5958E-5
7,1994E-5
6,5153E-5
6,6003E-5
7,0272E-5
6,306E-5
6,3072E-5
6,919E-5
6,529E-5
6,5466E-5
7,3826E-5
7,1581E-5
6,9913E-5
6,5763E-5
6,1621E-5
6,9212E-5
6,3785E-5
6,7668E-5
6,8368E-5
6,5641E-5
6,2359E-5
6,4819E-5
6,4072E-5
7,4118E-5
9,5605E-5
1,35842E-4
1,25284E-4
1,11054E-4
8,6019E-5
7,7808E-5
7,9267E-5
9,9501E-5
6,5164E-5
8,9011E-5
8,9514E-5
1,22482E-4
6,4434E-5
1,33374E-4
8,476E-5
6,8216E-5
6,2953E-5
1,02589E-4
8,8335E-5
7,002E-5
6,703E-5
6,7516E-5
1,20864E-4
7,783E-5
1,22643E-4
1,13016E-4
9,426E-5
6,3287E-5
6,2409E-5
6,9026E-5
6,9848E-5
6,5615E-5
6,5064E-5
7,0371E-5
7,0505E-5
6,8631E-5
1,08494E-4
8,7586E-5
6,2281E-5
6,7076E-5
6,304E-5
6,7602E-5
6,9323E-5
7,0678E-5
6,2637E-5
7,036E-5
7,1749E-5
6,5046E-5
6,8992E-5
6,2051E-5
6,9962E-5
6,8616E-5
7,2906E-5
6,7667E-5
7,0896E-5
1,00171E-4
8,9692E-5
6,3815E-5
7,0057E-5
7,0885E-5
7,8285E-5
7,7891E-5
6,4418E-5
6,5548E-5
7,2143E-5
6,801E-5
7,0455E-5
7,0428E-5
6,5917E-5
6,8144E-5
6,8129E-5
6,4234E-5
6,5401E-5
8,6378E-5
6,7574E-5
9,3696E-5
6,8097E-5
6,4137E-5
6,8618E-5
6,2972E-5
7,4999E-5
6,9638E-5
6,3857E-5
6,753E-5
6,5561E-5
1,00263E-4
6,6901E-5
6,9496E-5
6,4665E-5
6,8916E-5
6,9409E-5
6,8722E-5
7,0407E-5
7,0675E-5
6,4022E-5
7,0429E-5
7,0591E-5
6,2477E-5
6,8927E-5
6,4996E-5
7,2081E-5
7,0898E-5
1,19298E-4
9,1403E-5
1,1887E-4
1,10165E-4
1,42631E-4
1,21033E-4
7,2514E-5
6,4569E-5
6,471E-5
6,3775E-5
6,8559E-5
6,8466E-5
7,5358E-5
6,8454E-5
6,5779E-5
6,8609E-5
6,3879E-5
6,7024E-5
6,9242E-5
6,8544E-5
6,4009E-5
7,57E-5
6,3267E-5
6,8018E-5
6,3781E-5
6,682E-5
6,517E-5
7,0466E-5
6,5585E-5
6,6906E-5
6,5009E-5
7,0429E-5
6,4454E-5
6,9071E-5
6,3112E-5
6,9159E-5
6,4502E-5
6,9635E-5
6,9169E-5
6,9095E-5
7,3869E-5
6,9766E-5
6,9387E-5
6,564E-5
6,4948E-5
8,2768E-5
1,47324E-4
8,6525E-5
1,18635E-4
7,4992E-5
1,45264E-4
9,4528E-5
8,318E-5
9,4539E-5
1,47208E-4
8,7255E-5
1,01303E-4
9,5446E-5
1,0964E-4
1,20543E-4
7,0828E-5
9,9229E-5
6,8007E-5
9,6688E-5
1,0759E-4
9,115E-5
1,07883E-4
1,28048E-4
1,25895E-4
8,2294E-5
1,04576E-4
1,60168E-4
1,50811E-4
1,28047E-4
1,08055E-4
1,31865E-4
9,0762E-5
9,4811E-5
1,30055E-4
1,12527E-4
1,17375E-4
1,2231E-4
9,1553E-5
1,07702E-4
1,0113E-4
1,11021E-4
8,1383E-5
9,7599E-5
6,4562E-5
6,6171E-5
7,1135E-5
6,7699E-5
6,302E-5
6,3245E-5
6,8969E-5
7,0163E-5
6,467E-5
6,3109E-5
6,6189E-5
7,2204E-5
6,607E-5
6,9145E-5
6,8451E-5
6,2895E-5
6,4775E-5
6,7747E-5
6,411E-5
6,7376E-5
6,7293E-5
6,8128E-5
6,4768E-5
6,4623E-5
6,9124E-5
8,3088E-5
6,5456E-5
6,8068E-5
7,2675E-5
6,8291E-5
6,686E-5
6,4685E-5
6,7084E-5
6,8181E-5
6,8917E-5
6,5196E-5
6,4982E-5
6,3773E-5
7,0697E-5
6,6166E-5
7,0432E-5
7,3377E-5
6,544E-5
6,4662E-5
6,9701E-5
6,2631E-5
6,373E-5
6,5668E-5
6,5996E-5
6,698E-5
7,0051E-5
6,3459E-5
6,8793E-5
6,7741E-5
6,7548E-5
6,3846E-5
6,6717E-5
6,3012E-5
7,223E-5
6,7157E-5
6,209E-5
6,3083E-5
6,92E-5
6,6976E-5
6,2451E-5
6,8384E-5
6,7681E-5
6,4731E-5
6,4822E-5
6,4862E-5
6,7643E-5
6,753E-5
6,4501E-5
6,9876E-5
6,2592E-5
6,6568E-5
6,732E-5
6,172E-5
6,9941E-5
6,2747E-5
7,1283E-5
8,4478E-5
7,0158E-5
7,0738E-5
6,5089E-5
6,4129E-5
6,7569E-5
6,8908E-5
6,9292E-5
1,27427E-4
7,1007E-5
1,30507E-4
1,26306E-4
1,14845E-4
1,25905E-4
1,22811E-4
1,15923E-4
1,22548E-4
1,22225E-4
1,20242E-4
1,20995E-4
1,14701E-4
1,25786E-4
1,18577E-4
1,14991E-4
1,26849E-4
1,21888E-4
1,2415E-4
1,2104E-4
1,2091E-4
1,21988E-4
0,002099953
9,9892E-5
6,5276E-5
9,9329E-5
9,4027E-5
8,4644E-5
1,34185E-4
1,00959E-4
1,05913E-4
9,7101E-5
6,6878E-5
6,4026E-5
6,5676E-5
6,868E-5
6,5543E-5
6,4864E-5
8,2994E-5
6,7744E-5
6,4055E-5
6,7467E-5
6,3023E-5
6,7832E-5
6,4206E-5
8,4809E-5
6,4598E-5
7,2889E-5
6,9291E-5
6,7483E-5
6,4761E-5
6,6163E-5
8,2165E-5
6,2783E-5
6,9228E-5
6,9674E-5
6,286E-5
7,2001E-5
6,389E-5
6,9129E-5
6,2819E-5
6,7552E-5
6,6165E-5
7,483E-5
6,6963E-5
6,9086E-5
6,5843E-5
7,1415E-5
6,7173E-5
6,4511E-5
7,3598E-5
6,2503E-5
8,152E-5
7,3075E-5
6,7073E-5
6,6891E-5
7,2545E-5
6,8174E-5
6,9068E-5
6,7693E-5
6,5149E-5
6,6996E-5
6,3097E-5
7,0716E-5
6,911E-5
6,3731E-5
7,2597E-5
6,7695E-5
6,7935E-5
7,6192E-5
6,9044E-5
6,6377E-5
7,0016E-5
6,9081E-5
6,8288E-5
6,4107E-5
7,0219E-5
6,3241E-5
6,5918E-5
6,9749E-5
6,9007E-5
6,7094E-5
6,2355E-5
7,2285E-5
6,7984E-5
6,7918E-5
6,1877E-5
6,2853E-5
6,6695E-5
7,007E-5
6,1725E-5
6,323E-5
6,9331E-5
6,8989E-5
6,912E-5
7,445E-5
6,4195E-5
6,7725E-5
6,4717E-5
6,5191E-5
1,05492E-4
9,0767E-5
9,814E-5
9,6771E-5
1,02824E-4
6,8319E-5
9,2375E-5
9,2042E-5
8,6141E-5
9,1637E-5
9,272E-5
7,8285E-5
7,8038E-5
1,01293E-4
9,7754E-5
1,00607E-4
1,31313E-4
6,9593E-5
6,462E-5
6,6448E-5
7,0248E-5
6,5227E-5
8,1223E-5
7,0384E-5
6,6488E-5
6,6376E-5
7,226E-5
6,732E-5
6,7083E-5
6,4068E-5
6,6035E-5
6,6478E-5
6,5397E-5
6,4614E-5
6,3086E-5
7,8438E-5
7,1059E-5
6,3919E-5
6,3682E-5
6,9321E-5
6,8971E-5
6,6617E-5
8,8909E-5
7,229E-5
7,6312E-5
9,086E-5
8,5148E-5
6,5007E-5
8,0939E-5
6,4535E-5
6,4533E-5
6,7135E-5
6,6752E-5
6,3511E-5
6,4915E-5
6,2668E-5
6,5925E-5
6,4005E-5
6,7056E-5
6,6874E-5
6,4579E-5
6,8101E-5
6,3667E-5
6,3692E-5
6,8537E-5
6,7992E-5
6,7958E-5
6,8623E-5
6,6635E-5
6,6438E-5
6,6549E-5
6,3488E-5
6,8075E-5
7,0107E-5
7,0047E-5
6,9497E-5
6,829E-5
6,4593E-5
6,5274E-5
6,9795E-5
6,5869E-5
6,9313E-5
6,655E-5
6,9898E-5
6,8351E-5
6,7057E-5
6,3357E-5
6,2841E-5
6,3066E-5
6,3292E-5
7,1801E-5
6,9019E-5
6,3904E-5
6,8209E-5
6,8673E-5
6,277E-5
6,7575E-5
6,8514E-5
6,1549E-5
6,8406E-5
6,841E-5
7,069E-5
7,1461E-5
6,8848E-5
6,2862E-5
6,8848E-5
6,8996E-5
6,8638E-5
7,0283E-5
6,3307E-5
6,8185E-5
6,4577E-5
6,2071E-5
6,8293E-5
6,908E-5
6,5472E-5
6,7568E-5
7,1318E-5
7,2014E-5
6,4647E-5
7,6029E-5
7,1045E-5
7,1323E-5
7,1812E-5
7,0381E-5
6,7178E-5
6,4744E-5
6,9117E-5
6,5232E-5
6,2534E-5
6,9708E-5
6,3113E-5
6,6437E-5
7,0931E-5
7,973E-5
7,036E-5
6,8315E-5
6,3646E-5
7,5878E-5
6,685E-5
6,5645E-5
6,8407E-5
6,7763E-5
6,9977E-5
6,5625E-5
6,8539E-5
1,25973E-4
6,7206E-5
6,7516E-5
7,0305E-5
6,6558E-5
6,9775E-5
6,8384E-5
6,8005E-5
8,3897E-5
6,8724E-5
7,0007E-5
6,2877E-5
6,4714E-5
6,6313E-5
6,7953E-5
7,0384E-5
6,8594E-5
6,4438E-5
6,914E-5
6,8845E-5
6,7884E-5
6,8195E-5
6,6296E-5
6,3146E-5
1,19486E-4
1,2427E-4
9,0887E-5
1,27007E-4
8,7172E-5
1,05021E-4
1,00598E-4
9,6221E-5
1,33059E-4
6,7199E-5
6,4669E-5
6,9522E-5
7,8456E-5
6,4777E-5
7,227E-5
6,5733E-5
7,0047E-5
6,477E-5
7,1077E-5
6,6556E-5
6,8001E-5
6,3419E-5
6,8316E-5
6,6064E-5
7,2707E-5
6,1843E-5
6,4578E-5
7,5957E-5
6,7043E-5
6,9493E-5
6,6444E-5
6,9993E-5
6,969E-5
7,4816E-5
7,8758E-5
6,3537E-5
9,3607E-5
6,4559E-5
8,4377E-5
6,8284E-5
6,6795E-5
6,8795E-5
6,987E-5
6,8979E-5
6,417E-5
6,4231E-5
6,2897E-5
6,9182E-5
6,8098E-5
6,5811E-5
6,9826E-5
6,4156E-5
6,3843E-5
6,6795E-5
6,8671E-5
6,5989E-5
6,4217E-5
6,4022E-5
6,3704E-5
6,6758E-5
6,6257E-5
7,0417E-5
6,8852E-5
6,4678E-5
6,9856E-5
6,7936E-5
6,3076E-5
6,8955E-5
6,759E-5
6,7106E-5
6,3531E-5
6,2142E-5
9,3586E-5
6,3576E-5
6,6071E-5
6,8949E-5
6,1726E-5
7,0161E-5
7,7643E-5
6,5455E-5
8,802E-5
6,7923E-5
6,1602E-5
6,2227E-5
6,6247E-5
6,8625E-5
6,6058E-5
6,9492E-5
6,9154E-5
6,7698E-5
6,8739E-5
6,3565E-5
6,6891E-5
6,3734E-5
6,6668E-5
6,6239E-5
6,8053E-5
6,0265E-5
6,7134E-5
6,6444E-5
6,6948E-5
6,5974E-5
6,2631E-5
6,4332E-5
6,7396E-5
6,1554E-5
6,863E-5
6,6752E-5
6,8269E-5
6,9589E-5
6,7986E-5
8,9347E-5
7,1547E-5
6,6732E-5
6,8789E-5
6,3945E-5
6,3259E-5
7,5681E-5
6,8908E-5
7,8972E-5
6,3032E-5
6,7873E-5
6,4785E-5
7,9041E-5
6,2002E-5
6,7773E-5
6,4452E-5
6,201E-5
6,7251E-5
6,3037E-5
6,4573E-5
6,8126E-5
6,522E-5
6,2011E-5
1,45885E-4
8,9773E-5
1,07828E-4
1,15968E-4
8,659E-5
1,2871E-4
8,78E-5
7,5421E-5
1,23631E-4
1,35529E-4
8,26E-5
1,22824E-4
1,19081E-4
9,9008E-5
1,24168E-4
6,8404E-5
6,8938E-5
6,24E-5
6,86E-5
7,0285E-5
6,7782E-5
7,2614E-5
6,4553E-5
6,9433E-5
6,4268E-5
6,5742E-5
6,7482E-5
6,6467E-5
6,8442E-5
6,3758E-5
6,5238E-5
6,49E-5
8,4334E-5
7,1641E-5
6,4353E-5
7,041E-5
8,9904E-5
6,9894E-5
6,8044E-5
6,5415E-5
6,4086E-5
7,1004E-5
7,0222E-5
6,6631E-5
6,5989E-5
6,4545E-5
6,3761E-5
7,2144E-5
7,09E-5
6,315E-5
7,3891E-5
6,9349E-5
6,6047E-5
6,7735E-5
6,5553E-5
6,9657E-5
6,957E-5
6,26E-5
6,8153E-5
6,6627E-5
6,295E-5
6,2688E-5
6,2063E-5
7,4984E-5
7,0023E-5
6,5023E-5
6,8389E-5
6,8967E-5
7,2918E-5
6,3084E-5
6,2496E-5
6,8042E-5
6,6655E-5
6,9882E-5
6,835E-5
6,3144E-5
7,0728E-5
6,4707E-5
6,5619E-5
6,333E-5
6,723E-5
6,4346E-5
6,9757E-5
6,7128E-5
6,8735E-5
6,4373E-5
6,5707E-5
6,379E-5
7,2771E-5
6,8527E-5
7,0059E-5
7,024E-5
7,0768E-5
6,928E-5
6,7184E-5
7,0344E-5
7,029E-5
6,954E-5
7,8192E-5
6,3386E-5
6,2288E-5
6,7957E-5
6,9118E-5
6,9521E-5
6,6414E-5
6,3225E-5
6,7972E-5
6,9383E-5
7,8976E-5
7,4133E-5
6,3343E-5
6,4947E-5
6,9669E-5
6,4185E-5
7,235E-5
6,9148E-5
6,6745E-5
6,9298E-5
6,577E-5
6,378E-5
7,248E-5
8,58E-5
8,382E-5
1,48827E-4
1,12537E-4
8,8309E-5
8,8447E-5
1,02315E-4
9,2858E-5
1,15729E-4
1,26205E-4
8,5322E-5
1,10794E-4
1,04088E-4
8,8528E-5
1,03545E-4
9,0276E-5
8,7126E-5
6,3577E-5
6,6002E-5
8,9592E-5
1,23323E-4
6,5494E-5
6,8688E-5
6,7261E-5
7,6423E-5
7,7509E-5
7,0712E-5
6,7134E-5
6,4869E-5
6,2891E-5
6,47E-5
6,3813E-5
6,3935E-5
6,5679E-5
6,8908E-5
6,3858E-5
7,0867E-5
6,7628E-5
6,428E-5
6,7593E-5
6,8557E-5
6,4285E-5
7,545E-5
6,3577E-5
6,7759E-5
6,2013E-5
6,9046E-5
6,7578E-5
6,4078E-5
6,8408E-5
7,7137E-5
7,0803E-5
6,9072E-5
6,944E-5
6,2538E-5
6,8332E-5
6,6233E-5
7,625E-5
6,9559E-5
6,5077E-5
6,9773E-5
7,5546E-5
8,2079E-5
6,9808E-5
6,6532E-5
6,8585E-5
6,2144E-5
1,36905E-4
1,09135E-4
9,8214E-5
1,26037E-4
9,7591E-5
1,00365E-4
1,20063E-4
9,4234E-5
7,8802E-5
8,9388E-5
8,2221E-5
7,5219E-5
9,3727E-5
6,4103E-5
6,8799E-5
6,7539E-5
6,4578E-5
7,276E-5
6,8958E-5
7,0309E-5
6,7669E-5
6,4659E-5
7,8245E-5
6,8843E-5
7,0775E-5
6,4899E-5
6,9327E-5
6,9796E-5
7,361E-5
6,2435E-5
7,1224E-5
6,4767E-5
7,3957E-5
6,258E-5
6,667E-5
6,9691E-5
7,299E-5
6,3846E-5
6,8578E-5
6,5492E-5
6,2721E-5
7,4845E-5
6,2109E-5
6,5462E-5
7,6069E-5
6,6639E-5
6,4537E-5
6,3165E-5
6,26E-5
6,8301E-5
6,5607E-5
6,9347E-5
6,2367E-5
7,0378E-5
6,7854E-5
6,7552E-5
6,5741E-5
6,7287E-5
6,7971E-5
6,3731E-5
6,5837E-5
6,7554E-5
6,8453E-5
7,1713E-5
8,5828E-5
6,4846E-5
6,8064E-5
6,9502E-5
6,1879E-5
6,3891E-5
6,7691E-5
6,8575E-5
6,3766E-5
6,7656E-5
6,9879E-5
6,99E-5
6,4547E-5
6,7712E-5
6,324E-5
6,3048E-5
8,3E-5
7,8146E-5
6,3696E-5
6,9815E-5
8,8333E-5
6,9344E-5
6,4728E-5
6,3597E-5
6,8021E-5
8,9855E-5
6,8095E-5
6,4808E-5
6,5475E-5
6,4319E-5
6,9274E-5
6,7881E-5
6,7427E-5
6,3803E-5
6,3704E-5
6,3433E-5
6,9323E-5
7,4779E-5
6,4363E-5
6,8688E-5
7,036E-5
7,1299E-5
6,8526E-5
6,798E-5
7,4113E-5
6,9361E-5
6,2949E-5
6,7935E-5
6,614E-5
6,9429E-5
6,9964E-5
6,9331E-5
8,4609E-5
6,9482E-5
6,8037E-5
6,2691E-5
6,8151E-5
7,8826E-5
6,8723E-5
6,3622E-5
6,8562E-5
6,87E-5
6,7481E-5
6,8371E-5
6,2433E-5
6,8322E-5
6,7722E-5
6,8645E-5
6,5193E-5
6,7486E-5
6,6806E-5
7,1446E-5
6,6379E-5
6,858E-5
6,7148E-5
7,3508E-5
6,315E-5
6,4911E-5
6,1928E-5
7,0789E-5
7,0357E-5
6,457E-5
7,3562E-5
6,9226E-5
6,502E-5
7,136E-5
6,2801E-5
6,7619E-5
6,556E-5
6,8573E-5
6,9384E-5
6,899E-5
6,7222E-5
6,8309E-5
6,7051E-5
7,7648E-5
7,7405E-5
6,3719E-5
6,1862E-5
6,5901E-5
6,5157E-5
6,3767E-5
6,2494E-5
6,9489E-5
6,7043E-5
6,7163E-5
6,7499E-5
6,6076E-5
6,6995E-5
6,7167E-5
6,8461E-5
0,001825023
6,5721E-5
6,9315E-5
6,5998E-5
6,2125E-5
6,8528E-5
6,9854E-5
6,8275E-5
6,617E-5
6,8424E-5
6,8543E-5
6,4202E-5
7,0172E-5
6,5199E-5
6,4849E-5
6,3804E-5
6,6845E-5
6,8602E-5
6,4061E-5
7,662E-5
6,6391E-5
7,6009E-5
6,9959E-5
6,8336E-5
7,0061E-5
6,3213E-5
8,9467E-5
1,02715E-4
6,7557E-5
6,3142E-5
6,7094E-5
7,2336E-5
6,1275E-5
6,4949E-5
6,1686E-5
6,1364E-5
6,8282E-5
7,979E-5
6,7543E-5
6,8934E-5
6,085E-5
6,6985E-5
6,8225E-5
6,5716E-5
6,3719E-5
6,5605E-5
6,5645E-5
6,5951E-5
6,6705E-5
6,8838E-5
6,1819E-5
6,4034E-5
6,3215E-5
6,4725E-5
6,8854E-5
6,7817E-5
6,3051E-5
6,8965E-5
6,9495E-5
1,25785E-4
9,583E-5
8,6716E-5
1,02642E-4
9,7284E-5
9,7999E-5
8,3139E-5
6,4221E-5
8,5299E-5
6,4123E-5
9,2789E-5
1,02164E-4
1,07629E-4
1,04314E-4
8,2438E-5
7,068E-5
1,92698E-4
6,9204E-5
6,3096E-5
7,1838E-5
6,8779E-5
6,7731E-5
6,4736E-5
6,4282E-5
7,0505E-5
6,9181E-5
8,0378E-5
6,6466E-5
6,8136E-5
6,4516E-5
6,8177E-5
6,6196E-5
6,4459E-5
7,2765E-5
6,2878E-5
6,897E-5
6,597E-5
6,2261E-5
6,1391E-5
7,4034E-5
6,7306E-5
6,5151E-5
6,6252E-5
6,6829E-5
6,81E-5
6,4964E-5
6,6111E-5
6,7661E-5
6,2309E-5
6,6115E-5
6,6677E-5
7,5312E-5
6,6052E-5
6,8122E-5
6,3635E-5
6,924E-5
6,557E-5
6,2984E-5
6,6899E-5
6,2584E-5
6,9873E-5
6,5913E-5
6,6637E-5
7,0016E-5
6,6673E-5
6,6627E-5
7,0745E-5
6,5205E-5
7,0392E-5
6,2587E-5
6,6977E-5
6,6881E-5
6,9313E-5
6,8021E-5
7,0755E-5
6,6359E-5
6,4986E-5
6,9054E-5
6,8842E-5
6,6065E-5
6,9515E-5
6,8404E-5
6,4372E-5
6,9016E-5
6,2352E-5
6,9193E-5
6,5179E-5
6,4974E-5
6,1686E-5
6,261E-5
6,9075E-5
6,4867E-5
6,615E-5
6,6951E-5
6,38E-5
6,2044E-5
6,9209E-5
6,7727E-5
6,2277E-5
6,206E-5
6,8035E-5
6,5905E-5
6,4114E-5
6,6949E-5
7,4507E-5
6,9326E-5
6,2785E-5
6,9034E-5
6,5989E-5
6,9105E-5
6,7762E-5
7,4435E-5
6,635E-5
6,6402E-5
6,6456E-5
6,509E-5
6,3514E-5
6,7342E-5
6,572E-5
6,7289E-5
6,1287E-5
6,8738E-5
8,0982E-5
6,6995E-5
6,4235E-5
6,814E-5
6,8658E-5
6,3486E-5
6,5474E-5
6,5969E-5
6,6095E-5
6,3306E-5
6,8845E-5
6,9627E-5
6,3412E-5
7,3081E-5
6,3142E-5
6,7323E-5
6,7997E-5
8,8606E-5
7,1386E-5
6,5186E-5
6,6649E-5
6,502E-5
6,401E-5
6,9931E-5
6,7556E-5
6,7796E-5
7,473E-5
1,00562E-4
6,8805E-5
6,9041E-5
6,6712E-5
6,861E-5
6,2716E-5
6,4161E-5
6,2591E-5
6,6059E-5
6,5114E-5
6,2637E-5
6,8867E-5
6,4762E-5
6,8016E-5
6,7273E-5
7,6046E-5
6,6987E-5
6,6761E-5
6,453E-5
6,449E-5
7,0705E-5
8,4112E-5
6,2263E-5
6,358E-5
6,4636E-5
6,751E-5
6,6009E-5
6,751E-5
6,667E-5
6,9181E-5
6,6781E-5
6,3403E-5
6,6943E-5
6,3235E-5
6,426E-5
6,6819E-5
6,691E-5
6,4275E-5
6,7144E-5
7,8987E-5
6,4497E-5
6,4697E-5
6,498E-5
7,9851E-5
7,0174E-5
6,9577E-5
6,6173E-5
6,869E-5
6,3128E-5
6,6389E-5
6,6311E-5
6,5111E-5
6,8698E-5
6,7807E-5
6,7238E-5
6,3418E-5
6,5981E-5
7,7783E-5
6,2957E-5
6,9313E-5
6,3824E-5
6,7867E-5
6,8611E-5
6,5005E-5
7,0233E-5
6,4846E-5
6,3449E-5
6,5898E-5
6,943E-5
7,0243E-5
6,3054E-5
6,8572E-5
6,6557E-5
6,9243E-5
1,0695E-4
1,15153E-4
9,5425E-5
6,5974E-5
7,0536E-5
6,9126E-5
6,5671E-5
6,7061E-5
6,4381E-5
7,5315E-5
6,8715E-5
6,7725E-5
6,2957E-5
6,3016E-5
6,7736E-5
6,1473E-5
7,2412E-5
6,2955E-5
6,885E-5
6,7587E-5
6,6385E-5
6,9182E-5
8,4317E-5
6,284E-5
7,0802E-5
6,9069E-5
6,8561E-5
7,1072E-5
6,9192E-5
6,5029E-5
6,4945E-5
6,6635E-5
6,2993E-5
8,5251E-5
1,30852E-4
7,3379E-5
1,30399E-4
9,9992E-5
1,10429E-4
6,4024E-5
6,641E-5
6,947E-5
6,4339E-5
7,0141E-5
6,7859E-5
7,0714E-5
6,8758E-5
6,8006E-5
6,416E-5
6,9315E-5
6,6176E-5
6,5505E-5
6,3837E-5
6,4444E-5
6,3957E-5
6,6261E-5
6,6793E-5
6,6699E-5
7,2297E-5
6,1736E-5
7,063E-5
6,5986E-5
6,6226E-5
7,0276E-5
6,3956E-5
7,0049E-5
6,7804E-5
6,8581E-5
6,9056E-5
7,2283E-5
6,9498E-5
6,3659E-5
7,248E-5
7,101E-5
6,8495E-5
7,1989E-5
7,0589E-5
7,0434E-5
6,9126E-5
7,1539E-5
7,0411E-5
6,9821E-5
6,3657E-5
6,8411E-5
6,93E-5
6,4324E-5
8,5269E-5
6,7398E-5
6,3665E-5
7,143E-5
6,9885E-5
1,03567E-4
9,1617E-5
1,14248E-4
9,4709E-5
1,13815E-4
1,31352E-4
9,1851E-5
1,0348E-4
1,15036E-4
7,4266E-5
6,954E-5
6,2614E-5
6,9618E-5
6,4188E-5
8,7293E-5
7,62E-5
6,9133E-5
7,1109E-5
6,3368E-5
7,3585E-5
6,8256E-5
6,7705E-5
7,9336E-5
7,9221E-5
6,4384E-5
6,4629E-5
6,8883E-5
6,724E-5
6,293E-5
6,6642E-5
6,5594E-5
6,6239E-5
6,2064E-5
7,1094E-5
6,6232E-5
6,1598E-5
6,9413E-5
6,9073E-5
6,8289E-5
8,3162E-5
6,1678E-5
6,2161E-5
6,2185E-5
6,4411E-5
6,2366E-5
6,5531E-5
6,2827E-5
6,4173E-5
6,9269E-5
6,9275E-5
6,6767E-5
7,0318E-5
6,9886E-5
6,5299E-5
6,702E-5
6,6935E-5
6,8655E-5
6,6477E-5
7,4228E-5
7,0014E-5
7,0431E-5
7,2492E-5
6,7415E-5
6,995E-5
6,7738E-5
6,7984E-5
7,1276E-5
6,8579E-5
6,873E-5
6,3206E-5
6,68E-5
6,7179E-5
6,3348E-5
6,9035E-5
6,1322E-5
6,8011E-5
6,6515E-5
6,9323E-5
6,7501E-5
6,3521E-5
6,5789E-5
6,3033E-5
6,841E-5
6,2179E-5
6,4066E-5
6,9853E-5
6,8721E-5
6,7143E-5
7,1593E-5
6,9083E-5
6,6204E-5
6,6376E-5
7,574E-5
6,8572E-5
7,5337E-5
6,8025E-5
6,8215E-5
6,8108E-5
6,8416E-5
6,6513E-5
6,9184E-5
6,3627E-5
6,9359E-5
7,0083E-5
6,4312E-5
6,5765E-5
6,8365E-5
6,6278E-5
6,8459E-5
6,8193E-5
6,7719E-5
6,9158E-5
6,7197E-5
7,2557E-5
6,3926E-5
6,7806E-5
6,5472E-5
6,7453E-5
6,818E-5
6,4457E-5
6,671E-5
6,7383E-5
7,4451E-5
6,3271E-5
7,1299E-5
6,799E-5
6,9598E-5
6,5883E-5
6,3082E-5
6,2481E-5
6,7718E-5
6,3298E-5
7,5552E-5
7,0051E-5
6,7096E-5
7,7341E-5
6,8224E-5
6,2827E-5
6,2922E-5
6,6618E-5
7,3096E-5
6,8759E-5
6,5171E-5
6,5059E-5
7,1851E-5
6,34E-5
6,6101E-5
6,5444E-5
6,8249E-5
6,9517E-5
7,016E-5
6,8926E-5
6,9367E-5
6,8191E-5
6,372E-5
6,5673E-5
6,31E-5
6,8509E-5
6,7332E-5
6,8997E-5
7,0706E-5
6,8741E-5
6,8311E-5
6,7313E-5
8,5743E-5
6,7305E-5
6,6196E-5
7,1123E-5
6,8698E-5
6,448E-5
6,5821E-5
6,4465E-5
6,4884E-5
6,3937E-5
6,4745E-5
6,6129E-5
9,6198E-5
6,8307E-5
6,6883E-5
6,1536E-5
6,7326E-5
6,9736E-5
6,8843E-5
6,3054E-5
6,2594E-5
6,6276E-5
6,6201E-5
6,8288E-5
7,284E-5
6,896E-5
7,0961E-5
6,3746E-5
6,9805E-5
6,4034E-5
7,2898E-5
6,7668E-5
6,236E-5
6,8278E-5
6,3945E-5
6,5957E-5
6,3882E-5
6,4347E-5
6,3465E-5
6,5797E-5
6,8467E-5
6,3218E-5
6,3201E-5
6,5142E-5
6,8836E-5
6,8554E-5
6,8716E-5
6,407E-5
6,2963E-5
6,5526E-5
6,8408E-5
6,9457E-5
6,6228E-5
7,0103E-5
6,5223E-5
6,742E-5
6,2835E-5
6,4514E-5
6,9578E-5
8,5749E-5
7,2147E-5
6,9912E-5
6,7774E-5
7,0187E-5
7,3662E-5
6,2694E-5
7,2527E-5
6,4943E-5
7,27E-5
6,644E-5
6,1788E-5
6,3813E-5
6,889E-5
6,5231E-5
7,6286E-5
6,7767E-5
6,8885E-5
0,002086476
6,5208E-5
7,0417E-5
6,7309E-5
6,7492E-5
6,7199E-5
6,8138E-5
6,287E-5
6,3695E-5
6,2569E-5
6,4974E-5
6,9307E-5
6,3122E-5
7,0084E-5
6,2156E-5
6,3714E-5
7,0502E-5
7,1225E-5
6,5461E-5
6,6934E-5
6,3976E-5
7,1755E-5
6,9499E-5
6,8158E-5
6,966E-5
6,2944E-5
6,3271E-5
6,9764E-5
6,3427E-5
6,2334E-5
6,8367E-5
6,8972E-5
6,5616E-5
6,7988E-5
7,1446E-5
7,0731E-5
6,7835E-5
6,7081E-5
6,7871E-5
6,6801E-5
6,4615E-5
6,869E-5
6,8635E-5
6,1379E-5
6,7754E-5
6,4082E-5
6,4521E-5
6,8717E-5
6,8882E-5
6,3058E-5
6,4347E-5
6,7454E-5
6,9027E-5
7,1864E-5
6,355E-5
6,6794E-5
6,916E-5
6,298E-5
6,2559E-5
6,648E-5
6,402E-5
6,9329E-5
8,4959E-5
7,0566E-5
6,9443E-5
6,5926E-5
6,8615E-5
6,2576E-5
7,1251E-5
7,067E-5
6,3232E-5
7,2107E-5
6,6683E-5
6,807E-5
6,851E-5
8,0506E-5
7,077E-5
6,5725E-5
6,3841E-5
6,3582E-5
6,9849E-5
6,7878E-5
6,4135E-5
7,2875E-5
6,6715E-5
6,4793E-5
6,4445E-5
6,5643E-5
6,8136E-5
6,4455E-5
6,5369E-5
7,0558E-5
6,2792E-5
6,9362E-5
6,319E-5
6,6757E-5
7,1837E-5
6,9463E-5
7,2819E-5
6,8697E-5
1,02175E-4
1,16616E-4
9,6567E-5
1,11467E-4
9,1917E-5
6,4128E-5
6,3382E-5
7,7648E-5
6,9605E-5
7,2291E-5
6,9708E-5
6,9207E-5
6,8863E-5
7,1803E-5
7,4351E-5
8,1085E-5
6,84E-5
7,104E-5
6,949E-5
6,2751E-5
6,3123E-5
6,6947E-5
7,3734E-5
1,03449E-4
1,13799E-4
1,41014E-4
1,07716E-4
1,34433E-4
1,32177E-4
6,364E-5
9,9461E-5
6,8971E-5
7,2441E-5
6,5232E-5
6,6009E-5
6,8009E-5
6,9497E-5
6,7915E-5
6,9953E-5
6,903E-5
7,1058E-5
6,7236E-5
6,4613E-5
7,0552E-5
6,9893E-5
6,9803E-5
6,4284E-5
6,786E-5
6,4192E-5
6,7784E-5
6,8379E-5
6,3379E-5
6,7323E-5
6,3374E-5
6,3783E-5
6,9752E-5
6,9146E-5
8,8067E-5
7,4934E-5
6,7155E-5
6,519E-5
7,4846E-5
6,7833E-5
6,9655E-5
6,7986E-5
6,6369E-5
6,2992E-5
7,341E-5
6,9845E-5
6,3418E-5
6,236E-5
1,02178E-4
6,4874E-5
6,7065E-5
6,9717E-5
6,4622E-5
6,8607E-5
6,3214E-5
6,7284E-5
6,7957E-5
6,4794E-5
6,8661E-5
6,3313E-5
6,6348E-5
6,8762E-5
6,3161E-5
6,3704E-5
6,5392E-5
6,8038E-5
6,6549E-5
6,2168E-5
6,3787E-5
6,8749E-5
6,3656E-5
6,7747E-5
6,892E-5
6,2259E-5
6,8519E-5
7,1638E-5
6,2756E-5
6,7132E-5
6,5107E-5
6,3032E-5
8,1218E-5
6,5049E-5
6,8101E-5
6,1734E-5
6,3619E-5
6,4693E-5
6,5961E-5
6,7659E-5
6,7981E-5
6,8263E-5
6,6271E-5
6,7926E-5
6,9015E-5
6,878E-5
6,8985E-5
7,2311E-5
6,6635E-5
6,709E-5
6,6884E-5
6,9468E-5
6,846E-5
6,2208E-5
6,2371E-5
6,7357E-5
6,2806E-5
8,6154E-5
6,8632E-5
6,6833E-5
6,8253E-5
6,4175E-5
6,6717E-5
6,4583E-5
6,8843E-5
6,6931E-5
7,3544E-5
6,8706E-5
6,9609E-5
6,8549E-5
6,6458E-5
8,5058E-5
6,3058E-5
6,8577E-5
6,8826E-5
6,434E-5
6,625E-5
7,1435E-5
6,8489E-5
7,005E-5
6,9237E-5
6,293E-5
7,0249E-5
7,3152E-5
6,8449E-5
6,3441E-5
7,3108E-5
6,7384E-5
6,7879E-5
6,7031E-5
6,8247E-5
6,3414E-5
8,9941E-5
6,618E-5
6,4778E-5
6,7946E-5
6,7912E-5
6,9565E-5
6,8098E-5
6,8435E-5
6,606E-5
6,2254E-5
1,18719E-4
7,9577E-5
9,349E-5
8,7369E-5
9,486E-5
7,9061E-5
1,2846E-4
9,1898E-5
1,01152E-4
1,28775E-4
8,1772E-5
1,12547E-4
9,967E-5
1,1699E-4
7,3986E-5
1,72621E-4
9,8084E-5
1,26105E-4
1,1688E-4
1,01511E-4
7,8779E-5
1,0196E-4
8,6066E-5
8,6558E-5
9,5784E-5
8,8164E-5
9,8219E-5
1,20015E-4
9,5747E-5
1,10372E-4
1,1391E-4
8,3552E-5
1,29634E-4
1,0125E-4
1,28185E-4
1,09746E-4
1,10261E-4
1,06744E-4
7,3696E-5
1,04107E-4
1,13347E-4
1,28347E-4
1,11717E-4
8,0329E-5
1,3618E-4
1,08104E-4
9,3812E-5
9,6755E-5
9,4407E-5
9,1239E-5
1,18992E-4
1,51651E-4
6,9222E-5
1,02823E-4
8,4754E-5
8,4565E-5
1,01798E-4
1,25802E-4
7,8021E-5
7,1725E-5
6,6419E-5
6,4247E-5
1,2348E-4
8,3987E-5
1,23732E-4
1,10715E-4
1,04116E-4
6,6191E-5
1,06565E-4
6,6634E-5
6,6432E-5
6,3875E-5
6,4317E-5
6,8166E-5
7,0783E-5
7,09E-5
6,6066E-5
7,1862E-5
6,7287E-5
7,1646E-5
6,8623E-5
6,3849E-5
6,7958E-5
7,3531E-5
6,6073E-5
6,6806E-5
6,3393E-5
6,1755E-5
6,4992E-5
6,8318E-5
6,6805E-5
6,6683E-5
6,7113E-5
6,8047E-5
6,572E-5
6,7384E-5
6,6805E-5
6,2528E-5
6,7044E-5
6,2657E-5
6,7199E-5
6,5216E-5
6,9892E-5
7,0854E-5
6,2704E-5
7,479E-5
7,1955E-5
7,0394E-5
6,7682E-5
6,3367E-5
6,6723E-5
6,7923E-5
7,381E-5
6,8988E-5
6,3691E-5
6,826E-5
6,6321E-5
6,5804E-5
7,1861E-5
6,7327E-5
6,5868E-5
6,6995E-5
6,361E-5
6,8158E-5
7,3795E-5
6,8693E-5
6,5984E-5
6,5659E-5
6,7626E-5
7,0384E-5
6,7203E-5
6,9163E-5
6,7187E-5
7,111E-5
6,7262E-5
6,8504E-5
6,2775E-5
6,783E-5
6,35E-5
6,7136E-5
6,3935E-5
6,9311E-5
6,34E-5
6,4401E-5
6,7804E-5
6,7291E-5
7,3291E-5
6,5215E-5
6,4893E-5
6,2652E-5
6,3248E-5
6,5393E-5
6,7118E-5
6,4547E-5
6,9694E-5
6,8257E-5
6,2876E-5
7,1471E-5
7,0128E-5
6,3953E-5
7,0019E-5
6,3547E-5
6,8733E-5
6,9102E-5
6,4801E-5
7,1951E-5
6,5081E-5
6,7512E-5
6,6727E-5
8,5597E-5
6,3566E-5
7,3854E-5
7,3734E-5
6,8768E-5
6,9712E-5
6,9428E-5
6,935E-5
7,0018E-5
6,7465E-5
6,6155E-5
7,4502E-5
6,4001E-5
6,7353E-5
6,5959E-5
8,6797E-5
6,5614E-5
6,6508E-5
7,3492E-5
6,3122E-5
6,9661E-5
6,9573E-5
6,4003E-5
6,3279E-5
6,8087E-5
6,6077E-5
7,4785E-5
6,5237E-5
7,3394E-5
6,9469E-5
7,0129E-5
7,1334E-5
6,5485E-5
6,9925E-5
6,3122E-5
6,6853E-5
7,0657E-5
6,6436E-5
7,1933E-5
6,8962E-5
7,4139E-5
6,5775E-5
6,2371E-5
6,2475E-5
6,4348E-5
6,8814E-5
6,6875E-5
6,4702E-5
6,8854E-5
7,354E-5
7,8878E-5
6,2456E-5
6,6445E-5
6,4123E-5
6,3381E-5
6,7094E-5
6,3225E-5
6,7851E-5
6,971E-5
7,0469E-5
6,7516E-5
6,9586E-5
6,6061E-5
6,8319E-5
6,2603E-5
6,6811E-5
6,7031E-5
7,0162E-5
6,2331E-5
6,8993E-5
6,6239E-5
6,8225E-5
6,2138E-5
7,1009E-5
6,6784E-5
6,9701E-5
6,4844E-5
6,7875E-5
6,9603E-5
7,0089E-5
7,0882E-5
7,5187E-5
8,919E-5
1,16273E-4
9,488E-5
1,03959E-4
1,26427E-4
1,15579E-4
8,9732E-5
1,01382E-4
8,5387E-5
8,8236E-5
1,18601E-4
1,08069E-4
8,5574E-5
1,03072E-4
1,01906E-4
8,5234E-5
6,6701E-5
1,08905E-4
1,13013E-4
8,6357E-5
1,13019E-4
9,208E-5
9,1382E-5
1,03658E-4
1,23854E-4
1,23966E-4
1,12161E-4
8,7545E-5
1,15541E-4
8,2351E-5
8,651E-5
9,2849E-5
1,18368E-4
1,45304E-4
1,08752E-4
1,00864E-4
7,4304E-5
1,29307E-4
8,425E-5
1,07497E-4
1,00295E-4
8,6034E-5
7,6137E-5
1,06068E-4
1,01654E-4
1,11611E-4
1,19048E-4
1,07752E-4
1,13959E-4
9,2095E-5
6,3499E-5
6,9835E-5
6,4707E-5
6,7625E-5
6,895E-5
7,2803E-5
7,4665E-5
7,0309E-5
9,1725E-5
6,555E-5
6,7045E-5
7,2059E-5
6,9197E-5
6,5077E-5
7,0033E-5
7,4356E-5
6,8051E-5
6,3239E-5
6,3462E-5
6,6001E-5
7,3126E-5
7,3355E-5
6,7138E-5
6,3965E-5
6,8327E-5
6,091E-5
6,5204E-5
6,9119E-5
6,2581E-5
6,5129E-5
6,9378E-5
1,2515E-4
9,3301E-5
8,5174E-5
8,0332E-5
1,10929E-4
8,0024E-5
1,16247E-4
1,11466E-4
6,3438E-5
6,4597E-5
6,8795E-5
6,9676E-5
7,3341E-5
6,6028E-5
6,8224E-5
7,2976E-5
6,7604E-5
6,8629E-5
6,3817E-5
6,3076E-5
6,8094E-5
6,2443E-5
6,294E-5
6,6988E-5
6,1482E-5
6,7376E-5
6,6425E-5
6,5929E-5
7,264E-5
6,1021E-5
6,3275E-5
6,892E-5
6,2072E-5
6,6016E-5
6,1406E-5
6,7636E-5
6,6389E-5
6,0663E-5
6,5937E-5
6,7188E-5
6,7417E-5
6,6598E-5
6,1241E-5
6,1947E-5
6,1393E-5
6,0447E-5
6,728E-5
6,6766E-5
6,3435E-5
6,7704E-5
7,0105E-5
6,6739E-5
6,569E-5
6,7407E-5
6,6795E-5
6,3056E-5
6,3726E-5
6,2364E-5
6,4058E-5
6,9119E-5
6,1932E-5
6,4155E-5
6,3425E-5
6,1141E-5
6,7258E-5
6,839E-5
6,7763E-5
7,3064E-5
6,6414E-5
6,5927E-5
6,0542E-5
6,3186E-5
6,6329E-5
6,7305E-5
6,6493E-5
6,691E-5
6,1613E-5
6,5945E-5
6,0848E-5
6,3773E-5
6,5804E-5
6,7163E-5
7,0386E-5
6,7647E-5
6,1285E-5
6,6585E-5
6,2178E-5
6,8029E-5
6,4534E-5
6,816E-5
6,8755E-5
6,72E-5
6,1826E-5
6,5232E-5
6,1812E-5
6,8316E-5
6,7393E-5
6,7958E-5
6,3059E-5
6,69E-5
6,8678E-5
6,5977E-5
6,9335E-5
6,3396E-5
6,7251E-5
6,754E-5
6,7463E-5
6,4955E-5
6,5784E-5
6,2259E-5
6,5416E-5
6,7546E-5
6,5439E-5
6,7377E-5
6,4357E-5
6,8237E-5
6,5355E-5
6,5965E-5
6,6203E-5
6,9074E-5
6,6678E-5
6,9507E-5
7,0519E-5
6,4156E-5
6,9862E-5
6,2292E-5
6,3826E-5
6,7322E-5
6,3423E-5
6,6123E-5
6,7862E-5
6,9403E-5
6,4075E-5
6,6878E-5
6,4206E-5
6,9371E-5
6,8729E-5
6,7776E-5
6,5612E-5
6,8732E-5
6,9707E-5
6,5198E-5
6,8326E-5
7,0307E-5
6,8959E-5
6,922E-5
6,2085E-5
6,2484E-5
6,5042E-5
6,345E-5
8,469E-5
6,1561E-5
6,7222E-5
6,7372E-5
6,2221E-5
6,4767E-5
6,2563E-5
6,799E-5
6,6876E-5
6,5811E-5
6,6307E-5
6,3289E-5
6,632E-5
6,7814E-5
6,4704E-5
6,8564E-5
6,7488E-5
6,6187E-5
6,7397E-5
6,2086E-5
6,4829E-5
6,736E-5
6,62E-5
6,7585E-5
6,1537E-5
6,2348E-5
6,4975E-5
8,3293E-5
6,8277E-5
6,3746E-5
6,7711E-5
6,9515E-5
6,6978E-5
6,3709E-5
6,6583E-5
6,8964E-5
6,5127E-5
6,675E-5
6,2704E-5
6,9209E-5
6,936E-5
6,4407E-5
6,5534E-5
6,4901E-5
6,8171E-5
6,547E-5
6,9197E-5
6,4464E-5
6,6616E-5
6,7008E-5
6,5208E-5
6,9033E-5
6,6355E-5
6,7869E-5
6,3744E-5
6,1893E-5
6,8353E-5
6,6496E-5
6,4233E-5
6,65E-5
6,4318E-5
6,5902E-5
7,0754E-5
6,5604E-5
6,3542E-5
6,8912E-5
6,2561E-5
6,9213E-5
6,4585E-5
6,743E-5
6,3081E-5
6,5493E-5
6,4914E-5
6,2893E-5
6,7274E-5
6,7516E-5
6,8601E-5
6,502E-5
7,2224E-5
6,5783E-5
7,0207E-5
7,2484E-5
6,485E-5
6,1888E-5
6,6562E-5
6,4427E-5
6,4482E-5
6,5999E-5
6,4866E-5
6,8948E-5
6,7503E-5
6,7433E-5
8,1803E-5
6,3078E-5
6,969E-5
6,9096E-5
6,5068E-5
6,3526E-5
6,7794E-5
6,7173E-5
6,6947E-5
6,1668E-5
6,3829E-5
6,8613E-5
6,8221E-5
6,7503E-5
8,022E-5
6,1455E-5
6,6449E-5
6,7634E-5
6,6755E-5
6,4419E-5
6,6579E-5
7,882E-5
6,1656E-5
7,5783E-5
7,0839E-5
6,3632E-5
6,9597E-5
6,858E-5
6,3593E-5
6,5358E-5
6,2788E-5
6,7355E-5
6,4183E-5
6,7734E-5
6,8065E-5
6,51E-5
6,2473E-5
6,9455E-5
6,3704E-5
6,2796E-5
6,6208E-5
6,9694E-5
6,4027E-5
6,8367E-5
6,7409E-5
6,0902E-5
6,3245E-5
6,8486E-5
6,7616E-5
6,7511E-5
6,7421E-5
7,3715E-5
6,709E-5
6,2174E-5
6,7064E-5
6,5271E-5
6,8645E-5
6,2982E-5
7,27E-5
7,0531E-5
6,681E-5
6,755E-5
6,1271E-5
6,8247E-5
7,0827E-5
7,0794E-5
6,4092E-5
6,545E-5
6,7015E-5
6,7344E-5
6,7444E-5
7,0801E-5
7,033E-5
6,1645E-5
6,8145E-5
6,4163E-5
6,1499E-5
7,0819E-5
6,8854E-5
6,4471E-5
6,6522E-5
6,5671E-5
6,9481E-5
6,6771E-5
6,0408E-5
6,7935E-5
6,3968E-5
6,6799E-5
6,2687E-5
8,556E-5
6,3868E-5
6,2748E-5
6,4743E-5
8,1578E-5
6,7213E-5
6,7156E-5
6,0675E-5
6,1876E-5
6,9124E-5
6,3086E-5
6,6949E-5
6,1921E-5
6,6884E-5
6,4476E-5
6,7075E-5
6,7695E-5
6,2567E-5
6,747E-5
6,7007E-5
6,5342E-5
7,7875E-5
7,1892E-5
6,9542E-5
6,9933E-5
6,4647E-5
6,7831E-5
7,7921E-5
6,0773E-5
7,1215E-5
6,6401E-5
6,8757E-5
6,0838E-5
7,0181E-5
7,6378E-5
6,675E-5
6,2869E-5
6,8088E-5
6,3417E-5
6,1324E-5
6,2886E-5
6,6964E-5
6,685E-5
6,7235E-5
9,1111E-5
6,7559E-5
6,6927E-5
6,9376E-5
6,9167E-5
6,4059E-5
6,3075E-5
6,5481E-5
6,4415E-5
6,844E-5
6,7448E-5
6,2453E-5
6,0576E-5
6,1697E-5
6,713E-5
6,9547E-5
6,8326E-5
6,1496E-5
6,7121E-5
6,4598E-5
6,6156E-5
6,614E-5
6,5389E-5
6,6694E-5
6,8487E-5
6,6895E-5
7,2887E-5
6,8022E-5
6,8894E-5
7,3112E-5
6,7346E-5
6,7743E-5
6,3611E-5
6,3941E-5
6,9346E-5
6,2982E-5
6,4499E-5
6,2833E-5
6,7781E-5
6,75E-5
6,6867E-5
6,7647E-5
6,4376E-5
6,9219E-5
6,4028E-5
6,4983E-5
6,6659E-5
6,3938E-5
8,562E-5
6,4264E-5
6,373E-5
6,6021E-5
6,4491E-5
6,6766E-5
7,5794E-5
6,7083E-5
6,2967E-5
7,0212E-5
6,7547E-5
6,2417E-5
6,6779E-5
6,6507E-5
6,3453E-5
6,9183E-5
6,8312E-5
6,6381E-5
6,4224E-5
6,8316E-5
6,462E-5
6,6417E-5
6,8868E-5
6,3018E-5
6,2999E-5
6,4825E-5
6,9577E-5
7,0015E-5
6,6559E-5
6,9221E-5
6,4049E-5
6,3999E-5
6,7913E-5
6,2553E-5
6,3675E-5
6,2334E-5
6,2437E-5
6,796E-5
6,6087E-5
6,5101E-5
6,8711E-5
6,347E-5
6,1832E-5
6,676E-5
7,2509E-5
6,4271E-5
6,7963E-5
6,8821E-5
6,8164E-5
6,207E-5
6,0603E-5
6,1813E-5
8,8277E-5
6,7468E-5
6,9549E-5
6,7829E-5
6,1926E-5
7,1997E-5
6,9758E-5
6,5026E-5
7,3128E-5
6,5614E-5
6,6078E-5
6,1725E-5
6,3682E-5
6,2289E-5
6,8142E-5
6,4698E-5
6,6153E-5
6,8728E-5
6,7933E-5
6,9673E-5
1,09114E-4
1,19543E-4
9,9556E-5
8,1298E-5
7,9819E-5
6,8749E-5
6,3565E-5
6,9227E-5
7,1952E-5
6,7439E-5
6,4616E-5
6,7088E-5
6,463E-5
6,3105E-5
6,8557E-5
6,1838E-5
6,8264E-5
6,5364E-5
6,182E-5
6,3851E-5
6,7338E-5
6,7209E-5
6,884E-5
6,1555E-5
6,2402E-5
6,2458E-5
7,6058E-5
6,4186E-5
6,7921E-5
7,5169E-5
6,5504E-5
6,2596E-5
1,0128E-4
1,05346E-4
1,12036E-4
1,15675E-4
1,13619E-4
1,0973E-4
1,18393E-4
1,0144E-4
9,455E-5
9,6558E-5
9,8886E-5
8,9826E-5
7,8134E-5
1,14032E-4
8,3667E-5
1,12533E-4
6,846E-5
6,4995E-5
6,5952E-5
6,2107E-5
7,3825E-5
6,0819E-5
6,9265E-5
6,3751E-5
6,4031E-5
6,1231E-5
7,2266E-5
8,9757E-5
6,6391E-5
7,6749E-5
6,4259E-5
6,391E-5
6,9617E-5
6,8074E-5
6,6042E-5
6,8145E-5
6,8013E-5
6,6845E-5
6,8542E-5
6,7437E-5
6,4403E-5
6,9122E-5
6,256E-5
6,6286E-5
6,3958E-5
6,642E-5
7,2328E-5
6,0902E-5
6,9018E-5
6,8334E-5
8,7136E-5
6,085E-5
6,8373E-5
7,3526E-5
6,5695E-5
6,593E-5
6,5934E-5
7,8432E-5
6,725E-5
6,2014E-5
7,7362E-5
6,1387E-5
7,0236E-5
8,2672E-5
6,6225E-5
6,2659E-5
6,743E-5
6,8224E-5
6,9355E-5
6,9311E-5
6,6138E-5
7,9504E-5
6,7929E-5
6,6694E-5
6,3937E-5
7,034E-5
7,1395E-5
8,9822E-5
7,4742E-5
6,6195E-5
6,9519E-5
6,8048E-5
6,3936E-5
6,1584E-5
7,1945E-5
9,1498E-5
6,5286E-5
6,6003E-5
7,6837E-5
6,8041E-5
6,4171E-5
6,8163E-5
6,5648E-5
6,232E-5
6,6659E-5
6,7682E-5
7,8614E-5
8,7158E-5
9,6261E-5
8,8132E-5
8,788E-5
1,09011E-4
1,16747E-4
1,12823E-4
1,02677E-4
8,6918E-5
8,0274E-5
8,9464E-5
7,3833E-5
6,7011E-5
1,02845E-4
9,6248E-5
8,4209E-5
1,12665E-4
9,4422E-5
1,0741E-4
7,8981E-5
6,7197E-5
6,5627E-5
6,2565E-5
6,7008E-5
7,5355E-5
6,4728E-5
6,8532E-5
6,5131E-5
6,1658E-5
6,3633E-5
6,7395E-5
6,6137E-5
6,0811E-5
6,7601E-5
6,4799E-5
6,2857E-5
6,614E-5
8,456E-5
6,0969E-5
6,8126E-5
6,293E-5
6,9459E-5
7,4675E-5
6,1672E-5
6,5251E-5
7,6228E-5
6,8943E-5
6,6961E-5
7,0406E-5
6,9269E-5
6,4567E-5
7,4608E-5
6,6812E-5
6,7268E-5
6,8953E-5
6,6357E-5
6,7304E-5
6,1912E-5
6,9652E-5
6,7182E-5
6,4206E-5
6,7626E-5
7,2836E-5
6,5853E-5
6,1519E-5
6,9979E-5
6,5724E-5
6,2953E-5
6,7614E-5
6,7961E-5
7,6511E-5
6,7747E-5
6,6948E-5
6,2603E-5
6,698E-5
6,6741E-5
6,6753E-5
6,6624E-5
6,6918E-5
6,473E-5
6,0919E-5
6,5388E-5
6,3059E-5
6,6613E-5
6,6855E-5
6,1133E-5
6,1896E-5
7,0658E-5
6,7822E-5
6,3611E-5
6,1567E-5
6,2785E-5
6,7219E-5
6,5652E-5
6,034E-5
6,5555E-5
7,6717E-5
7,0561E-5
6,8928E-5
6,7389E-5
7,1779E-5
6,794E-5
6,324E-5
6,7601E-5
6,6811E-5
6,3034E-5
6,9186E-5
6,8803E-5
6,8252E-5
6,2726E-5
6,7561E-5
6,8329E-5
6,6888E-5
6,5809E-5
6,2118E-5
6,4343E-5
7,8718E-5
6,4379E-5
6,2785E-5
6,4059E-5
6,8533E-5
6,7619E-5
7,127E-5
6,8107E-5
6,8598E-5
6,7843E-5
7,0127E-5
6,7448E-5
6,7882E-5
6,859E-5
6,3368E-5
6,3089E-5
6,1293E-5
6,7711E-5
6,8344E-5
6,8299E-5
6,6303E-5
6,4187E-5
6,8077E-5
6,519E-5
6,7112E-5
6,7221E-5
6,6331E-5
6,2165E-5
6,7041E-5
7,2549E-5
6,6433E-5
6,4672E-5
6,7527E-5
7,0742E-5
6,3437E-5
6,3968E-5
6,7068E-5
7,0933E-5
6,4796E-5
6,84E-5
6,87E-5
6,8411E-5
6,6113E-5
6,4634E-5
6,5015E-5
6,7921E-5
1,23257E-4
1,18494E-4
7,2954E-5
1,00562E-4
8,5751E-5
6,1557E-5
9,6576E-5
1,03568E-4
1,31978E-4
7,9024E-5
1,26038E-4
1,0524E-4
8,0107E-5
1,02752E-4
1,34559E-4
6,5523E-5
8,4683E-5
6,6155E-5
6,196E-5
6,5889E-5
6,589E-5
6,491E-5
6,4194E-5
6,6813E-5
6,5953E-5
7,5877E-5
7,312E-5
6,7223E-5
6,5923E-5
6,1179E-5
8,1808E-5
6,4582E-5
6,3821E-5
6,6758E-5
7,1877E-5
6,4313E-5
6,0577E-5
6,167E-5
8,5613E-5
6,7574E-5
6,6852E-5
6,5839E-5
6,5798E-5
6,8484E-5
6,7879E-5
6,9079E-5
6,9318E-5
6,5543E-5
6,6606E-5
6,5968E-5
6,7384E-5
6,8716E-5
7,2017E-5
6,7854E-5
6,5327E-5
6,7766E-5
6,4049E-5
6,3369E-5
6,8308E-5
6,6493E-5
7,1295E-5
6,7477E-5
6,558E-5
6,2763E-5
6,361E-5
6,8833E-5
6,8253E-5
7,5038E-5
6,8211E-5
6,276E-5
6,7515E-5
6,7417E-5
6,7387E-5
6,6302E-5
6,7255E-5
6,3294E-5
6,6366E-5
7,1199E-5
6,2494E-5
6,2543E-5
7,0157E-5
6,1699E-5
6,823E-5
6,34E-5
6,1082E-5
6,4318E-5
6,5356E-5
7,0478E-5
6,7576E-5
6,9077E-5
6,4909E-5
6,8285E-5
6,3246E-5
6,6625E-5
6,8013E-5
6,6917E-5
6,4178E-5
6,8045E-5
6,9304E-5
6,9808E-5
6,2009E-5
6,7617E-5
6,1788E-5
6,7528E-5
6,4301E-5
6,6313E-5
6,8184E-5
6,3626E-5
7,2192E-5
8,5546E-5
8,2085E-5
1,20242E-4
1,16675E-4
1,16205E-4
1,14767E-4
7,3607E-5
1,15348E-4
6,243E-5
7,7816E-5
1,01625E-4
6,7864E-5
6,5011E-5
6,973E-5
7,4066E-5
6,4006E-5
6,7967E-5
6,7793E-5
6,8838E-5
6,7263E-5
6,5856E-5
7,9552E-5
6,1201E-5
6,6402E-5
6,2529E-5
7,1979E-5
6,3387E-5
6,5075E-5
8,482E-5
6,9615E-5
6,8297E-5
6,6746E-5
6,834E-5
6,6929E-5
7,192E-5
6,8343E-5
6,8092E-5
6,6499E-5
6,6947E-5
6,1882E-5
6,6468E-5
6,2741E-5
6,591E-5
7,7078E-5
7,0095E-5
6,6455E-5
6,6101E-5
6,8207E-5
6,0672E-5
7,0304E-5
6,3126E-5
6,5557E-5
6,3441E-5
6,8431E-5
6,7693E-5
6,1609E-5
6,1633E-5
7,3048E-5
6,1691E-5
6,1436E-5
6,5424E-5
6,7952E-5
6,7655E-5
6,7377E-5
6,7172E-5
6,5022E-5
6,3553E-5
6,8241E-5
6,2856E-5
6,64E-5
7,0415E-5
6,1595E-5
6,8605E-5
6,635E-5
6,8387E-5
6,6976E-5
6,2324E-5
6,6266E-5
6,6721E-5
6,4444E-5
6,7612E-5
6,7856E-5
6,9573E-5
7,3718E-5
6,6639E-5
6,3997E-5
6,0759E-5
6,3466E-5
6,1228E-5
6,6478E-5
6,8716E-5
6,5092E-5
6,2665E-5
6,6564E-5
6,6313E-5
6,8393E-5
6,304E-5
6,3208E-5
6,5254E-5
1,08675E-4
9,2735E-5
1,08562E-4
1,0102E-4
9,7003E-5
8,0897E-5
6,0852E-5
8,1901E-5
9,55E-5
6,938E-5
7,0189E-5
6,6226E-5
8,9059E-5
7,7324E-5
8,417E-5
9,036E-5
6,1998E-5
6,484E-5
7,089E-5
7,0618E-5
6,8916E-5
6,8256E-5
6,1893E-5
7,3827E-5
6,1784E-5
6,6747E-5
6,4638E-5
6,2288E-5
6,9327E-5
6,5021E-5
7,0075E-5
6,9321E-5
6,4271E-5
6,5715E-5
7,578E-5
8,9928E-5
8,7848E-5
1,09052E-4
1,13932E-4
8,9335E-5
6,6406E-5
6,0108E-5
7,5112E-5
9,3294E-5
1,0759E-4
1,07497E-4
1,24932E-4
1,05361E-4
9,401E-5
9,6725E-5
1,44719E-4
8,8106E-5
9,4017E-5
1,11379E-4
8,2636E-5
6,3891E-5
6,5371E-5
6,6763E-5
6,2267E-5
7,2821E-5
6,9352E-5
6,1458E-5
6,867E-5
6,6332E-5
6,848E-5
6,716E-5
8,9345E-5
1,27649E-4
1,00316E-4
1,21266E-4
1,40515E-4
9,0646E-5
8,225E-5
1,26597E-4
1,2453E-4
1,22441E-4
1,16085E-4
1,23608E-4
1,18196E-4
1,046E-4
1,07533E-4
1,30987E-4
6,411E-5
6,7182E-5
8,7778E-5
6,6948E-5
6,6768E-5
6,1131E-5
6,6973E-5
6,2732E-5
6,2623E-5
6,2642E-5
7,0781E-5
6,6725E-5
6,6188E-5
6,4838E-5
6,4381E-5
6,7068E-5
6,6637E-5
6,5772E-5
6,4472E-5
6,5309E-5
6,9113E-5
6,0546E-5
6,0318E-5
6,8387E-5
6,1814E-5
6,6338E-5
6,628E-5
6,8766E-5
6,6081E-5
6,1345E-5
6,6942E-5
6,759E-5
6,1721E-5
6,307E-5
6,6728E-5
6,8227E-5
7,1329E-5
7,0489E-5
6,6668E-5
6,3635E-5
7,0587E-5
7,1166E-5
6,2035E-5
6,7639E-5
7,5336E-5
6,4866E-5
6,9735E-5
6,1511E-5
6,4064E-5
6,7741E-5
6,2279E-5
6,6704E-5
6,5624E-5
6,3448E-5
6,6618E-5
6,6713E-5
6,2868E-5
6,7205E-5
6,4467E-5
6,7455E-5
6,9358E-5
6,1943E-5
6,8277E-5
6,7188E-5
6,9346E-5
6,324E-5
6,3172E-5
6,7971E-5
7,1297E-5
6,8207E-5
6,7044E-5
7,045E-5
6,8028E-5
6,3185E-5
6,7557E-5
7,5595E-5
7,0712E-5
6,483E-5
6,6227E-5
6,7235E-5
6,8579E-5
6,2766E-5
6,3706E-5
6,7872E-5
6,3148E-5
6,8645E-5
6,853E-5
6,8489E-5
6,7245E-5
6,3684E-5
6,0813E-5
6,8651E-5
6,8453E-5
7,0847E-5
6,2523E-5
7,0932E-5
6,7951E-5
6,3161E-5
6,7773E-5
6,1824E-5
6,8658E-5
6,4438E-5
7,1728E-5
6,7014E-5
6,5882E-5
6,7507E-5
6,5825E-5
6,2035E-5
7,4242E-5
6,2807E-5
6,765E-5
6,6512E-5
6,2923E-5
6,3515E-5
6,7012E-5
6,9465E-5
6,3833E-5
6,2618E-5
7,9897E-5
6,4862E-5
7,0512E-5
6,1583E-5
6,9021E-5
6,9251E-5
9,0197E-5
9,6779E-5
1,00383E-4
1,07922E-4
9,9859E-5
9,7629E-5
9,6247E-5
1,08178E-4
6,88E-5
1,10052E-4
7,9882E-5
1,05601E-4
9,1834E-5
1,397E-4
1,08883E-4
9,1853E-5
9,0132E-5
8,9698E-5
1,0828E-4
9,6671E-5
1,32223E-4
9,8151E-5
6,4442E-5
6,9219E-5
6,3099E-5
6,1742E-5
6,9063E-5
6,497E-5
8,2933E-5
6,4039E-5
6,9871E-5
6,4285E-5
7,1843E-5
6,4516E-5
6,389E-5
6,7623E-5
6,9625E-5
6,4802E-5
6,8256E-5
6,6691E-5
6,935E-5
7,122E-5
7,4478E-5
6,129E-5
6,1084E-5
6,15E-5
6,5519E-5
6,5687E-5
6,3659E-5
6,8115E-5
6,5724E-5
7,0115E-5
6,4596E-5
6,8007E-5
6,6847E-5
7,0763E-5
6,1979E-5
6,4107E-5
6,1697E-5
6,8182E-5
6,7585E-5
6,5801E-5
6,6835E-5
6,0646E-5
6,7162E-5
7,0413E-5
6,3855E-5
6,2964E-5
6,6915E-5
7,1155E-5
6,652E-5
6,2961E-5
6,8741E-5
6,9699E-5
6,9373E-5
6,6909E-5
6,1936E-5
1,32921E-4
6,1854E-5
6,2523E-5
7,2621E-5
6,2722E-5
6,2739E-5
7,0601E-5
6,2915E-5
6,9651E-5
6,3877E-5
6,6308E-5
6,431E-5
6,3519E-5
6,9254E-5
6,0776E-5
6,4695E-5
6,3422E-5
6,7042E-5
6,2872E-5
6,7002E-5
6,7074E-5
6,105E-5
6,7135E-5
6,3005E-5
6,311E-5
6,6463E-5
6,6188E-5
6,285E-5
6,7158E-5
6,5049E-5
6,551E-5
6,6864E-5
6,3949E-5
6,452E-5
6,4046E-5
6,9991E-5
6,6494E-5
6,7511E-5
6,7905E-5
6,6937E-5
6,2437E-5
6,6525E-5
6,5891E-5
6,6128E-5
7,1892E-5
6,36E-5
6,7941E-5
6,5199E-5
6,8623E-5
7,0282E-5
6,4128E-5
6,9958E-5
6,3121E-5
6,0939E-5
6,8359E-5
6,7388E-5
6,6963E-5
6,24E-5
6,8156E-5
6,3149E-5
7,2722E-5
6,4949E-5
6,9857E-5
6,2291E-5
6,3859E-5
6,7138E-5
6,8699E-5
6,8634E-5
6,2331E-5
0,010071516
7,6386E-5
6,9252E-5
6,3241E-5
6,2899E-5
6,1529E-5
6,816E-5
6,8966E-5
6,1871E-5
6,7852E-5
6,6952E-5
6,6944E-5
6,3281E-5
6,3508E-5
6,698E-5
6,6234E-5
6,7701E-5
6,6323E-5
6,8022E-5
6,2408E-5
6,2879E-5
6,738E-5
6,9146E-5
6,7206E-5
6,4992E-5
6,8004E-5
6,3102E-5
6,2635E-5
6,3566E-5
6,8779E-5
6,5454E-5
6,8225E-5
6,5066E-5
6,5064E-5
6,8001E-5
7,0758E-5
6,2E-5
6,2862E-5
6,1921E-5
6,7386E-5
6,2139E-5
7,0073E-5
6,7161E-5
6,6535E-5
6,3615E-5
6,4276E-5
7,1664E-5
6,7483E-5
6,8358E-5
6,7885E-5
6,7282E-5
6,7609E-5
6,2378E-5
6,8441E-5
6,9045E-5
6,3953E-5
6,5873E-5
6,5739E-5
6,7482E-5
6,3802E-5
6,2723E-5
6,7373E-5
6,1575E-5
6,2673E-5
6,7347E-5
6,695E-5
6,7431E-5
6,8445E-5
7,1309E-5
6,7541E-5
6,4701E-5
6,5281E-5
6,4174E-5
6,3283E-5
6,1116E-5
6,7083E-5
6,75E-5
6,7279E-5
6,2158E-5
6,8507E-5
6,7792E-5
7,111E-5
6,184E-5
7,0013E-5
6,7149E-5
6,7216E-5
6,7983E-5
6,6984E-5
6,306E-5
6,8289E-5
6,2005E-5
6,7542E-5
7,7385E-5
6,8384E-5
6,6673E-5
6,1776E-5
6,7856E-5
6,8531E-5
6,8705E-5
6,725E-5
6,236E-5
6,8908E-5
6,3964E-5
7,0299E-5
6,7425E-5
6,481E-5
6,8609E-5
6,5688E-5
6,8508E-5
6,7318E-5
6,3076E-5
6,2245E-5
6,8365E-5
6,4469E-5
6,6638E-5
6,8691E-5
6,5695E-5
6,9462E-5
6,9799E-5
7,1996E-5
1,04125E-4
9,6479E-5
6,7323E-5
6,8143E-5
6,2376E-5
6,7345E-5
6,6747E-5
6,119E-5
6,6624E-5
6,8517E-5
6,3244E-5
6,6338E-5
7,2327E-5
6,5876E-5
6,8253E-5
6,2131E-5
6,7641E-5
6,6993E-5
6,8095E-5
6,812E-5
6,8602E-5
6,7475E-5
6,7034E-5
6,4028E-5
6,7044E-5
6,6932E-5
6,4466E-5
6,8794E-5
6,7328E-5
6,7339E-5
6,6518E-5
6,276E-5
6,8322E-5
6,1068E-5
6,6194E-5
6,9069E-5
6,3473E-5
6,674E-5
6,8426E-5
6,1706E-5
6,5873E-5
6,4035E-5
6,9699E-5
6,8784E-5
6,9241E-5
6,387E-5
6,525E-5
6,1328E-5
6,3317E-5
6,8392E-5
6,8157E-5
6,6194E-5
6,7796E-5
6,6271E-5
7,003E-5
9,1289E-5
7,1873E-5
6,694E-5
6,2691E-5
6,2517E-5
6,941E-5
6,116E-5
6,1312E-5
6,7061E-5
7,027E-5
6,2278E-5
6,3899E-5
6,9625E-5
6,5797E-5
6,3439E-5
6,9531E-5
6,3733E-5
6,5899E-5
6,9254E-5
6,7442E-5
6,6292E-5
6,414E-5
6,3838E-5
6,0646E-5
6,2302E-5
6,5738E-5
6,3825E-5
6,5065E-5
6,432E-5
6,1936E-5
6,631E-5
6,1619E-5
6,696E-5
6,2711E-5
6,5972E-5
6,649E-5
7,0835E-5
6,675E-5
6,3897E-5
6,9974E-5
6,4819E-5
8,6896E-5
6,1064E-5
6,7306E-5
6,4143E-5
6,5502E-5
6,8135E-5
6,6064E-5
8,4309E-5
6,0728E-5
7,1255E-5
6,6849E-5
6,3494E-5
6,366E-5
7,0241E-5
8,1604E-5
6,6092E-5
6,1665E-5
6,6053E-5
7,8122E-5
6,6005E-5
6,8848E-5
6,935E-5
6,3421E-5
6,3627E-5
6,5786E-5
6,1348E-5
6,5037E-5
6,8523E-5
6,7287E-5
6,3696E-5
6,3199E-5
6,831E-5
6,6731E-5
6,6464E-5
6,5238E-5
6,3451E-5
6,6567E-5
7,0334E-5
6,8607E-5
6,5366E-5
6,7905E-5
6,3421E-5
6,61E-5
6,5169E-5
6,8082E-5
6,3449E-5
6,873E-5
6,3133E-5
6,654E-5
6,7125E-5
6,8969E-5
6,3379E-5
6,7768E-5
7,1744E-5
6,3448E-5
7,2641E-5
7,0998E-5
6,3413E-5
6,8271E-5
6,9067E-5
6,5958E-5
6,4086E-5
6,6444E-5
6,7911E-5
6,3014E-5
7,0258E-5
6,1952E-5
6,9054E-5
7,0902E-5
6,6149E-5
6,1239E-5
6,2077E-5
6,5769E-5
7,031E-5
6,6038E-5
6,0925E-5
6,2633E-5
6,9001E-5
6,7747E-5
6,6665E-5
6,431E-5
6,6565E-5
6,3743E-5
6,6721E-5
6,8947E-5
7,4887E-5
6,586E-5
6,7861E-5
6,6727E-5
9,2561E-5
9,1457E-5
1,12574E-4
6,7238E-5
6,2946E-5
6,6606E-5
6,7155E-5
6,9338E-5
6,6824E-5
6,472E-5
6,849E-5
6,7276E-5
6,951E-5
6,354E-5
6,3629E-5
6,1513E-5
7,0765E-5
6,8645E-5
6,5214E-5
7,2967E-5
7,1197E-5
6,5912E-5
6,9048E-5
6,8361E-5
6,5286E-5
6,646E-5
7,3134E-5
6,7042E-5
6,3497E-5
6,7539E-5
6,4676E-5
6,3988E-5
8,6165E-5
6,5373E-5
6,8862E-5
6,7647E-5
6,4103E-5
6,7665E-5
6,674E-5
6,6056E-5
6,2977E-5
6,357E-5
6,4601E-5
6,7255E-5
6,3783E-5
6,2888E-5
6,7884E-5
6,787E-5
6,1932E-5
6,6277E-5
6,1636E-5
6,6863E-5
6,9163E-5
6,3716E-5
6,3398E-5
6,3681E-5
6,7514E-5
6,3588E-5
6,927E-5
6,8821E-5
7,0697E-5
6,8691E-5
6,7007E-5
6,8984E-5
7,3982E-5
7,2725E-5
6,5769E-5
6,2839E-5
6,5749E-5
6,8513E-5
6,7439E-5
6,2882E-5
6,5043E-5
6,2938E-5
6,6882E-5
7,0284E-5
6,718E-5
6,2137E-5
7,0093E-5
6,2293E-5
6,8738E-5
6,4247E-5
6,2534E-5
6,8976E-5
7,0526E-5
6,2365E-5
6,7551E-5
7,5272E-5
6,2135E-5
6,8269E-5
6,83E-5
6,827E-5
6,8459E-5
6,8888E-5
7,0813E-5
6,3947E-5
6,8056E-5
6,4887E-5
6,9606E-5
6,7811E-5
6,8425E-5
6,8923E-5
6,2389E-5
6,8632E-5
6,2403E-5
6,551E-5
6,5658E-5
6,4948E-5
6,7847E-5
6,9054E-5
6,7496E-5
6,8367E-5
6,5087E-5
6,9237E-5
6,7776E-5
6,1818E-5
6,7741E-5
6,3018E-5
6,7463E-5
6,916E-5
7,3412E-5
6,7445E-5
6,7145E-5
6,9125E-5
6,5714E-5
6,7918E-5
6,8766E-5
6,6843E-5
6,8957E-5
6,8726E-5
6,722E-5
6,2391E-5
6,7338E-5
6,8008E-5
6,8625E-5
6,9438E-5
6,4414E-5
6,7223E-5
6,9329E-5
6,2445E-5
6,3297E-5
6,7745E-5
6,8063E-5
6,7332E-5
6,8077E-5
6,9755E-5
7,4633E-5
6,3258E-5
6,8922E-5
6,6634E-5
6,5178E-5
6,7547E-5
7,8042E-5
6,4848E-5
8,947E-5
6,7376E-5
7,0506E-5
6,4563E-5
6,636E-5
6,2154E-5
6,8332E-5
6,3103E-5
6,7984E-5
6,2257E-5
6,9339E-5
6,9925E-5
7,0132E-5
6,7862E-5
6,4588E-5
6,6838E-5
6,4214E-5
6,9665E-5
7,0405E-5
6,5116E-5
6,7272E-5
6,3896E-5
6,3254E-5
6,0897E-5
6,5076E-5
6,7868E-5
6,7068E-5
6,4124E-5
6,5535E-5
6,6846E-5
6,4615E-5
6,9261E-5
6,3416E-5
6,819E-5
6,8418E-5
6,4837E-5
6,8891E-5
6,9423E-5
6,2779E-5
6,228E-5
6,8647E-5
6,3259E-5
6,7324E-5
6,4239E-5
6,7955E-5
6,8196E-5
6,767E-5
6,273E-5
6,528E-5
6,7495E-5
6,1081E-5
6,9009E-5
6,865E-5
6,9027E-5
6,8657E-5
8,9495E-5
6,7702E-5
6,7459E-5
6,2371E-5
6,9456E-5
6,2131E-5
6,9643E-5
6,4405E-5
6,7521E-5
6,7901E-5
6,8692E-5
6,3534E-5
6,8147E-5
6,8007E-5
7,0068E-5
6,1831E-5
6,9303E-5
6,9715E-5
6,7359E-5
6,7857E-5
6,1454E-5
6,8086E-5
6,8857E-5
6,1062E-5
6,3193E-5
6,4238E-5
6,8694E-5
6,1577E-5
6,2093E-5
7,2101E-5
6,3771E-5
6,9498E-5
6,8893E-5
7,0217E-5
6,586E-5
6,8405E-5
6,2723E-5
6,5385E-5
6,7061E-5
6,8731E-5
6,313E-5
6,5506E-5
6,6565E-5
6,0919E-5
6,4718E-5
6,8064E-5
6,5211E-5
6,7198E-5
6,6921E-5
6,0915E-5
6,4608E-5
6,13E-5
7,0482E-5
6,8494E-5
6,9046E-5
6,1696E-5
6,5859E-5
6,208E-5
6,5704E-5
6,8445E-5
6,7315E-5
7,2725E-5
6,859E-5
6,3336E-5
6,4335E-5
6,5862E-5
8,264E-5
6,7956E-5
6,2726E-5
7,1283E-5
6,7203E-5
6,6856E-5
1,06408E-4
1,16486E-4
9,2067E-5
1,02379E-4
8,8051E-5
7,2104E-5
7,2364E-5
1,03916E-4
9,496E-5
7,0595E-5
1,18864E-4
7,861E-5
6,2625E-5
6,9118E-5
6,3568E-5
6,2935E-5
6,3797E-5
6,808E-5
6,5041E-5
7,683E-5
6,2153E-5
6,9066E-5
6,8838E-5
6,9122E-5
6,7553E-5
6,8785E-5
6,8803E-5
6,9051E-5
6,1794E-5
8,7642E-5
6,9615E-5
6,6814E-5
6,5421E-5
7,8829E-5
6,4245E-5
6,9293E-5
6,2346E-5
6,7625E-5
6,6577E-5
6,5047E-5
6,6441E-5
6,1631E-5
6,8333E-5
6,919E-5
6,317E-5
6,8179E-5
6,1953E-5
6,2521E-5
6,6837E-5
7,1572E-5
6,3054E-5
6,4836E-5
6,5227E-5
6,5001E-5
6,6772E-5
6,3789E-5
6,3074E-5
6,8491E-5
6,5372E-5
6,8302E-5
6,3764E-5
6,4163E-5
6,4303E-5
6,4052E-5
6,5859E-5
6,7001E-5
8,0981E-5
6,729E-5
6,6108E-5
6,7826E-5
7,3114E-5
7,0497E-5
6,6374E-5
7,0092E-5
6,2846E-5
7,1179E-5
6,7158E-5
6,745E-5
6,7068E-5
6,9791E-5
6,2495E-5
7,1054E-5
6,2212E-5
6,8387E-5
6,6782E-5
8,0536E-5
6,8168E-5
6,7747E-5
6,2927E-5
7,5171E-5
6,0989E-5
7,0271E-5
6,5595E-5
6,8798E-5
6,6877E-5
6,6899E-5
6,1631E-5
6,4365E-5
6,1488E-5
6,6346E-5
6,7442E-5
6,311E-5
7,0071E-5
6,29E-5
6,6817E-5
7,084E-5
6,1784E-5
7,0566E-5
6,217E-5
7,0085E-5
6,9587E-5
6,8623E-5
6,4683E-5
8,5406E-5
6,8448E-5
6,5537E-5
6,2257E-5
6,3312E-5
6,9927E-5
7,3413E-5
6,7512E-5
6,8378E-5
6,2134E-5
6,8869E-5
6,8056E-5
6,3872E-5
6,5212E-5
6,3441E-5
6,2685E-5
7,1406E-5
6,7519E-5
6,3601E-5
6,4222E-5
6,1604E-5
6,1849E-5
6,4771E-5
6,2038E-5
7,2736E-5
6,355E-5
6,4247E-5
7,2742E-5
7,1419E-5
6,274E-5
6,7527E-5
6,1774E-5
6,6846E-5
7,7325E-5
6,2613E-5
6,7551E-5
6,6081E-5
7,1897E-5
6,7532E-5
6,182E-5
6,9427E-5
7,1591E-5
6,7744E-5
6,5697E-5
6,6635E-5
6,2035E-5
6,3553E-5
6,5143E-5
6,5636E-5
6,2854E-5
7,1905E-5
6,2586E-5
6,7493E-5
7,0637E-5
6,3751E-5
6,8467E-5
6,5806E-5
6,5335E-5
6,8319E-5
6,7347E-5
6,7757E-5
6,8323E-5
6,753E-5
6,6876E-5
6,8406E-5
6,8201E-5
6,6771E-5
7,92E-5
6,6656E-5
6,7227E-5
6,7038E-5
6,4782E-5
6,235E-5
6,9386E-5
6,3857E-5
6,5854E-5
6,7765E-5
6,2627E-5
6,3034E-5
6,6535E-5
6,5384E-5
6,8694E-5
6,1491E-5
6,1966E-5
7,0486E-5
6,317E-5
6,5625E-5
6,4232E-5
6,8408E-5
6,2694E-5
6,1238E-5
6,234E-5
6,3608E-5
6,2856E-5
7,383E-5
6,3428E-5
6,8652E-5
6,9581E-5
7,0121E-5
6,8997E-5
8,6636E-5
6,1992E-5
8,493E-5
6,8481E-5
6,291E-5
6,1934E-5
6,4354E-5
6,6429E-5
7,2375E-5
8,0691E-5
6,8523E-5
6,2904E-5
6,7712E-5
7,0053E-5
6,3484E-5
6,5566E-5
6,7448E-5
6,8699E-5
6,8597E-5
6,6495E-5
6,7267E-5
7,6945E-5
7,3893E-5
6,6529E-5
6,6818E-5
6,3154E-5
6,9034E-5
6,6448E-5
6,7816E-5
6,5865E-5
6,9351E-5
6,8224E-5
6,4975E-5
6,9396E-5
6,6952E-5
6,3646E-5
6,3245E-5
6,2375E-5
6,7986E-5
6,6989E-5
6,8756E-5
8,4035E-5
6,7965E-5
6,6747E-5
6,6774E-5
9,0165E-5
6,7907E-5
6,137E-5
6,7892E-5
6,5059E-5
6,7693E-5
6,6448E-5
6,5479E-5
6,6632E-5
6,5608E-5
6,3152E-5
6,6665E-5
6,37E-5
6,6731E-5
6,5359E-5
6,4815E-5
6,6064E-5
6,9756E-5
6,9826E-5
6,7206E-5
6,8587E-5
6,4106E-5
6,7294E-5
6,5881E-5
6,8027E-5
6,3517E-5
6,1418E-5
6,4526E-5
6,8137E-5
6,4319E-5
6,2691E-5
6,7467E-5
6,3849E-5
6,3463E-5
6,7797E-5
7,273E-5
6,1421E-5
6,2495E-5
6,5548E-5
6,5289E-5
6,7946E-5
6,131E-5
6,79E-5
6,1635E-5
6,0966E-5
6,3673E-5
7,0915E-5
6,144E-5
6,6721E-5
6,3333E-5
6,729E-5
6,7539E-5
6,4534E-5
6,669E-5
6,0984E-5
6,5225E-5
6,6213E-5
6,4373E-5
8,299E-5
6,384E-5
6,8005E-5
6,6489E-5
6,1189E-5
6,5111E-5
7,0362E-5
8,0806E-5
6,2628E-5
6,6239E-5
6,1397E-5
6,7658E-5
6,3792E-5
6,5143E-5
8,0483E-5
6,6661E-5
6,672E-5
6,7491E-5
6,2332E-5
6,2235E-5
6,8722E-5
7,8232E-5
6,6716E-5
7,4863E-5
6,1753E-5
6,8528E-5
6,6454E-5
7,1197E-5
6,8392E-5
6,7488E-5
6,1155E-5
6,6195E-5
6,4162E-5
9,0089E-5
6,2236E-5
7,1593E-5
6,2589E-5
6,8629E-5
6,1827E-5
6,1633E-5
8,4397E-5
6,6117E-5
6,7461E-5
6,3965E-5
6,6145E-5
6,1633E-5
6,7794E-5
8,4228E-5
6,6757E-5
6,7074E-5
6,3873E-5
6,6079E-5
6,3665E-5
6,9223E-5
6,3447E-5
6,2414E-5
6,8413E-5
6,6051E-5
6,6332E-5
6,5945E-5
6,5908E-5
6,4846E-5
6,778E-5
6,2122E-5
6,2456E-5
7,6478E-5
6,7386E-5
6,3229E-5
6,6905E-5
6,3894E-5
6,8547E-5
7,3662E-5
6,4911E-5
6,2816E-5
7,051E-5
6,4541E-5
6,1515E-5
6,7801E-5
6,2841E-5
7,2492E-5
6,5109E-5
6,3837E-5
6,3828E-5
6,7422E-5
6,6796E-5
6,25E-5
6,2497E-5
6,4917E-5
6,7027E-5
7,2288E-5
6,7124E-5
6,7181E-5
6,2379E-5
6,5869E-5
6,343E-5
6,4661E-5
6,4028E-5
6,7514E-5
6,8036E-5
6,6301E-5
6,8562E-5
6,6542E-5
6,2102E-5
6,7667E-5
6,3505E-5
7,4431E-5
9,2873E-5
6,9339E-5
6,8424E-5
6,6901E-5
6,0951E-5
6,6786E-5
6,3955E-5
6,7393E-5
6,1518E-5
6,7456E-5
6,7558E-5
6,7162E-5
6,6481E-5
6,5865E-5
6,4703E-5
6,385E-5
6,1228E-5
6,1082E-5
6,7099E-5
6,2445E-5
6,1145E-5
6,5984E-5
6,4945E-5
6,7696E-5
6,9861E-5
7,0968E-5
6,7938E-5
6,3553E-5
7,8725E-5
7,4654E-5
6,5701E-5
6,9497E-5
6,1765E-5
6,2205E-5
6,4954E-5
6,8472E-5
6,738E-5
6,6336E-5
6,6727E-5
6,0136E-5
6,6812E-5
6,2014E-5
6,9748E-5
7,3292E-5
6,6386E-5
6,6328E-5
6,2337E-5
6,9502E-5
6,6811E-5
7,2596E-5
6,3469E-5
7,364E-5
6,6623E-5
6,9948E-5
6,665E-5
6,773E-5
1,02942E-4
6,8019E-5
6,1446E-5
6,871E-5
6,1803E-5
1,18169E-4
8,3995E-5
8,452E-5
7,5504E-5
1,29552E-4
9,4046E-5
9,6364E-5
1,04881E-4
7,1186E-5
6,3966E-5
7,3688E-5
6,6978E-5
7,3095E-5
6,7093E-5
6,2659E-5
6,7454E-5
8,2233E-5
6,298E-5
6,7555E-5
7,0035E-5
6,4255E-5
6,976E-5
6,79E-5
6,4436E-5
6,4668E-5
6,924E-5
6,3772E-5
6,5077E-5
6,9887E-5
6,8675E-5
6,7461E-5
6,3502E-5
6,5498E-5
6,7175E-5
6,2125E-5
7,4063E-5
6,6433E-5
6,7082E-5
1,10958E-4
6,4273E-5
8,6074E-5
6,8098E-5
6,9742E-5
6,462E-5
9,0619E-5
6,2307E-5
6,3806E-5
6,8117E-5
6,3448E-5
6,9934E-5
6,3562E-5
6,4936E-5
7,7497E-5
6,7965E-5
6,914E-5
6,5988E-5
6,924E-5
6,462E-5
7,1379E-5
6,2427E-5
6,8347E-5
7,3035E-5
7,1077E-5
6,7668E-5
6,6333E-5
6,4372E-5
6,8967E-5
6,5111E-5
7,6504E-5
6,9193E-5
6,3886E-5
1,35199E-4
9,1751E-5
9,72E-5
6,8113E-5
6,1369E-5
6,6971E-5
6,7234E-5
6,8827E-5
6,1947E-5
6,9382E-5
6,4211E-5
6,6251E-5
6,7713E-5
6,4359E-5
6,2412E-5
6,8909E-5
6,8311E-5
6,7348E-5
6,7143E-5
6,779E-5
6,202E-5
6,7447E-5
6,7787E-5
6,8064E-5
6,7605E-5
6,7032E-5
6,6042E-5
6,2476E-5
7,3507E-5
6,7876E-5
6,8134E-5
7,9261E-5
6,0776E-5
6,825E-5
6,8731E-5
6,7323E-5
7,4039E-5
6,3142E-5
7,3556E-5
6,461E-5
6,7895E-5
6,9426E-5
6,5767E-5
7,8901E-5
6,6009E-5
6,8188E-5
6,6641E-5
7,0872E-5
6,6064E-5
6,6784E-5
6,354E-5
7,1272E-5
6,6691E-5
6,74E-5
6,6669E-5
6,217E-5
6,8051E-5
6,7904E-5
6,605E-5
6,5235E-5
6,7294E-5
6,6823E-5
6,5121E-5
6,7077E-5
6,7544E-5
7,0917E-5
6,9027E-5
6,4771E-5
6,5693E-5
6,6726E-5
6,2051E-5
6,1288E-5
7,9959E-5
6,0769E-5
7,2961E-5
6,6725E-5
6,8444E-5
7,2437E-5
6,2774E-5
6,5418E-5
6,8317E-5
6,8484E-5
6,4172E-5
6,8568E-5
6,8589E-5
6,5993E-5
6,8486E-5
6,6219E-5
6,6955E-5
6,819E-5
6,5775E-5
6,8161E-5
6,4943E-5
9,4755E-5
6,8641E-5
8,736E-5
7,4682E-5
1,20041E-4
9,4442E-5
1,2312E-4
1,43253E-4
6,8679E-5
6,4886E-5
6,914E-5
6,8817E-5
6,4846E-5
6,3747E-5
6,7435E-5
6,8989E-5
6,7969E-5
6,3546E-5
6,7627E-5
6,6693E-5
6,3374E-5
6,5254E-5
6,4188E-5
7,4315E-5
6,7282E-5
6,7573E-5
6,3557E-5
6,9114E-5
6,8717E-5
6,3865E-5
6,9786E-5
6,7505E-5
6,7454E-5
6,6927E-5
6,3007E-5
6,9185E-5
6,7618E-5
6,4143E-5
7,1203E-5
6,8535E-5
6,9537E-5
6,455E-5
6,8939E-5
7,1642E-5
6,9654E-5
7,0586E-5
7,0635E-5
6,6292E-5
6,6616E-5
6,7624E-5
6,6431E-5
6,781E-5
6,6069E-5
7,0185E-5
7,4533E-5
6,5257E-5
6,5522E-5
6,8372E-5
6,4409E-5
6,4072E-5
6,6249E-5
6,8585E-5
6,5586E-5
6,6676E-5
6,9832E-5
6,2653E-5
6,415E-5
6,7476E-5
6,7131E-5
6,7879E-5
6,8482E-5
7,3966E-5
6,6926E-5
6,9389E-5
6,6001E-5
6,615E-5
6,7752E-5
6,4551E-5
7,2728E-5
6,3668E-5
6,6345E-5
6,897E-5
6,3225E-5
6,8004E-5
6,83761E-4
6,2328E-5
6,6902E-5
1,26403E-4
6,6961E-5
6,7419E-5
6,6734E-5
1,09286E-4
1,37772E-4
7,9377E-5
9,7029E-5
1,23696E-4
1,34346E-4
9,2802E-5
6,6806E-5
6,7351E-5
6,8708E-5
6,8258E-5
7,2974E-5
6,672E-5
6,7821E-5
8,3358E-5
6,704E-5
6,6783E-5
6,7618E-5
7,5378E-5
6,9018E-5
6,8361E-5
6,7822E-5
6,3959E-5
6,4113E-5
6,7828E-5
6,7315E-5
6,4677E-5
6,7905E-5
6,5684E-5
7,4083E-5
6,6181E-5
6,4538E-5
6,6148E-5
6,7543E-5
8,2936E-5
7,4049E-5
7,5302E-5
6,8268E-5
6,4722E-5
6,8257E-5
6,7971E-5
6,5734E-5
7,5848E-5
6,8239E-5
6,441E-5
6,738E-5
6,1825E-5
8,1791E-5
6,7317E-5
6,3867E-5
6,6706E-5
6,4091E-5
6,8647E-5
6,7102E-5
6,8087E-5
6,8714E-5
6,8455E-5
6,771E-5
6,6565E-5
6,6444E-5
6,8848E-5
6,593E-5
6,7264E-5
6,2894E-5
6,7356E-5
6,6942E-5
6,5682E-5
6,7757E-5
6,8059E-5
6,7327E-5
6,5489E-5
6,8041E-5
6,2292E-5
6,6439E-5
6,8842E-5
6,6223E-5
6,6911E-5
6,3355E-5
6,8021E-5
6,7665E-5
7,1938E-5
6,7992E-5
6,5979E-5
6,8397E-5
6,6217E-5
6,7979E-5
1,04301E-4
7,7376E-5
7,7837E-5
6,6907E-5
7,4272E-5
6,7619E-5
7,7205E-5
7,9151E-5
7,8388E-5
7,34E-5
6,8444E-5
7,3825E-5
6,7995E-5
6,9624E-5
7,8819E-5
6,5633E-5
6,7546E-5
6,8256E-5
6,9495E-5
6,7977E-5
7,0345E-5
6,7145E-5
7,0732E-5
6,6842E-5
8,1922E-5
6,5444E-5
6,6791E-5
6,7893E-5
6,7821E-5
6,86E-5
6,9227E-5
6,7319E-5
6,7153E-5
6,6445E-5
6,7086E-5
6,8451E-5
6,7796E-5
6,7527E-5
6,752E-5
6,6426E-5
6,7113E-5
6,6967E-5
6,7478E-5
6,6507E-5
6,7489E-5
6,8639E-5
6,6158E-5
6,6813E-5
6,7993E-5
6,7233E-5
7,0405E-5
6,6662E-5
6,9049E-5
6,6166E-5
6,6156E-5
6,7559E-5
6,7789E-5
7,1069E-5
6,6856E-5
7,136E-5
6,6285E-5
6,9088E-5
6,8024E-5
6,5959E-5
6,5871E-5
6,7076E-5
6,7216E-5
6,793E-5
6,6799E-5
6,6145E-5
6,6483E-5
6,6979E-5
6,8326E-5
6,8825E-5
6,6241E-5
6,5585E-5
6,816E-5
6,5267E-5
6,6429E-5
6,7144E-5
6,6354E-5
6,6491E-5
6,8565E-5
6,7501E-5
6,6988E-5
6,8484E-5
6,7774E-5
6,8846E-5
6,5941E-5
6,5764E-5
6,5104E-5
6,496E-5
6,7254E-5
6,8651E-5
6,6179E-5
6,6198E-5
6,7876E-5
6,5855E-5
6,6241E-5
6,6432E-5
6,6145E-5
6,6645E-5
8,2716E-5
6,698E-5
6,6977E-5
6,6411E-5
6,5967E-5
7,4881E-5
6,5822E-5
6,5828E-5
6,6101E-5
6,6275E-5
6,6109E-5
6,7016E-5
6,6099E-5
6,6324E-5
6,5254E-5
6,6261E-5
