3,02018E-4
2,46871E-4
2,51944E-4
2,49136E-4
2,52794E-4
2,43621E-4
2,55621E-4
2,5407E-4
2,4672E-4
2,45776E-4
2,50304E-4
2,4969E-4
2,41872E-4
2,51999E-4
2,62159E-4
2,64088E-4
2,74976E-4
2,56459E-4
2,5342E-4
2,60298E-4
2,57758E-4
2,57434E-4
2,42659E-4
2,41409E-4
2,41266E-4
2,40932E-4
2,50818E-4
2,49976E-4
2,48743E-4
2,45613E-4
2,38833E-4
2,56549E-4
2,83937E-4
2,63083E-4
2,52138E-4
2,51244E-4
2,65146E-4
2,50552E-4
2,48225E-4
2,5152E-4
2,62666E-4
2,70668E-4
2,60406E-4
2,58017E-4
2,70155E-4
2,56708E-4
2,38926E-4
2,53254E-4
2,42095E-4
2,59629E-4
2,51007E-4
2,60026E-4
2,55484E-4
2,53261E-4
2,47827E-4
2,62102E-4
2,48696E-4
2,59522E-4
2,39837E-4
2,43313E-4
2,43295E-4
2,62409E-4
2,5895E-4
2,58601E-4
2,39053E-4
2,38642E-4
2,41943E-4
2,59587E-4
2,52574E-4
2,73555E-4
2,46269E-4
2,56591E-4
2,38795E-4
2,55594E-4
2,5576E-4
2,58891E-4
2,41672E-4
2,42982E-4
2,36537E-4
2,50489E-4
2,51161E-4
3,78753E-4
3,79139E-4
3,91648E-4
3,55731E-4
3,59271E-4
3,10168E-4
3,69742E-4
3,48631E-4
2,45105E-4
2,50282E-4
2,82725E-4
2,34302E-4
2,50255E-4
2,42951E-4
2,40114E-4
2,52002E-4
2,43743E-4
2,52752E-4
2,56879E-4
2,51961E-4
2,40041E-4
2,61445E-4
2,54811E-4
2,65716E-4
2,54989E-4
2,41E-4
2,58299E-4
2,41504E-4
2,61982E-4
0,010022004
2,57939E-4
2,57191E-4
2,51312E-4
2,54853E-4
2,49038E-4
2,42217E-4
2,5718E-4
2,46345E-4
2,64633E-4
2,80289E-4
2,45871E-4
2,6679E-4
2,61026E-4
2,57014E-4
2,86414E-4
2,4851E-4
2,58303E-4
2,74023E-4
2,46131E-4
2,62907E-4
2,57194E-4
2,39228E-4
2,57066E-4
2,5966E-4
2,35122E-4
2,47634E-4
2,39481E-4
2,43713E-4
2,60643E-4
2,4157E-4
2,62775E-4
2,49852E-4
2,66244E-4
2,53507E-4
2,6533E-4
2,52075E-4
2,57536E-4
2,45703E-4
2,47707E-4
2,57483E-4
2,52637E-4
2,3977E-4
2,37003E-4
2,37408E-4
2,44504E-4
2,55566E-4
2,49501E-4
2,54914E-4
2,48788E-4
2,39592E-4
2,41287E-4
2,51553E-4
2,43974E-4
2,48285E-4
2,44549E-4
2,52035E-4
2,58784E-4
2,66163E-4
2,45824E-4
2,35255E-4
2,57387E-4
2,34474E-4
2,55453E-4
2,33346E-4
2,52722E-4
2,46332E-4
2,52191E-4
2,37708E-4
2,81523E-4
2,53562E-4
2,54817E-4
2,44519E-4
2,55452E-4
2,39237E-4
2,51673E-4
2,39222E-4
2,54058E-4
2,35394E-4
2,44638E-4
2,55121E-4
2,55536E-4
2,56323E-4
2,51935E-4
2,54971E-4
2,41123E-4
2,60746E-4
2,37327E-4
2,49339E-4
2,60529E-4
2,65376E-4
2,35893E-4
2,51851E-4
2,54493E-4
2,5944E-4
2,43676E-4
2,61088E-4
2,57104E-4
2,51506E-4
2,5235E-4
2,62077E-4
2,5791E-4
2,69135E-4
2,49299E-4
2,65058E-4
2,50318E-4
2,44659E-4
2,35338E-4
2,60075E-4
2,39337E-4
2,41606E-4
2,55126E-4
2,51516E-4
2,75738E-4
2,36895E-4
2,41545E-4
2,3557E-4
2,44495E-4
2,37677E-4
2,58674E-4
2,55032E-4
2,40165E-4
2,41529E-4
2,6082E-4
2,67491E-4
2,59487E-4
2,39402E-4
2,65072E-4
2,33951E-4
2,51464E-4
2,4948E-4
2,35873E-4
2,50039E-4
2,53451E-4
2,51461E-4
2,37717E-4
2,55756E-4
2,43384E-4
2,47632E-4
2,55415E-4
2,36973E-4
2,56558E-4
2,70557E-4
2,46557E-4
2,42715E-4
2,43587E-4
2,59563E-4
2,44272E-4
2,46272E-4
2,53676E-4
2,34516E-4
2,64313E-4
2,42694E-4
2,75291E-4
2,6439E-4
2,56725E-4
2,57581E-4
2,37177E-4
2,54802E-4
2,65502E-4
2,49581E-4
2,49963E-4
2,42816E-4
2,55952E-4
2,39432E-4
2,54183E-4
2,53227E-4
2,56167E-4
2,58061E-4
2,7417E-4
2,59951E-4
2,41397E-4
2,36729E-4
2,41728E-4
2,62943E-4
2,54882E-4
2,38813E-4
2,39274E-4
2,35559E-4
2,58089E-4
2,51943E-4
2,58212E-4
2,56273E-4
2,52354E-4
2,62311E-4
2,52212E-4
2,57614E-4
2,42404E-4
2,51199E-4
2,55505E-4
2,42722E-4
2,73116E-4
2,36552E-4
2,77937E-4
2,38318E-4
2,39623E-4
2,53706E-4
2,50997E-4
2,55616E-4
2,5448E-4
2,59169E-4
2,72148E-4
2,45322E-4
2,38891E-4
2,36547E-4
2,48403E-4
2,43995E-4
2,56753E-4
2,58086E-4
2,56717E-4
2,5233E-4
2,38639E-4
3,02913E-4
3,24773E-4
2,73857E-4
2,56833E-4
3,6068E-4
3,52345E-4
3,89047E-4
2,61155E-4
2,55672E-4
2,38364E-4
2,38922E-4
2,54416E-4
2,48482E-4
2,42216E-4
2,55354E-4
2,54177E-4
2,54927E-4
2,39297E-4
2,39664E-4
2,43531E-4
2,44197E-4
2,38727E-4
2,42037E-4
2,52979E-4
2,43987E-4
2,38446E-4
2,52968E-4
2,57316E-4
2,43297E-4
2,61234E-4
2,39748E-4
2,55026E-4
2,43199E-4
2,77936E-4
2,3967E-4
2,55468E-4
2,5179E-4
2,57607E-4
2,60251E-4
2,4979E-4
2,38499E-4
2,58744E-4
2,40008E-4
2,42338E-4
2,53173E-4
2,41824E-4
2,4307E-4
2,77023E-4
2,58151E-4
2,37485E-4
2,42118E-4
2,33766E-4
2,61162E-4
2,40658E-4
2,60934E-4
2,35997E-4
2,46417E-4
2,41613E-4
2,54553E-4
2,50279E-4
2,68205E-4
2,56475E-4
2,75893E-4
2,79774E-4
2,4343E-4
2,62214E-4
2,57394E-4
2,58543E-4
2,55884E-4
2,52192E-4
2,34342E-4
2,49459E-4
2,40749E-4
2,36858E-4
2,39819E-4
2,42971E-4
2,37788E-4
2,51006E-4
2,40947E-4
2,4639E-4
2,3731E-4
2,54619E-4
2,43636E-4
2,59178E-4
2,51204E-4
2,57216E-4
2,36384E-4
2,34867E-4
2,36134E-4
2,37192E-4
2,91097E-4
2,51808E-4
2,59835E-4
2,4309E-4
2,43209E-4
2,46889E-4
2,60264E-4
2,50832E-4
2,37536E-4
2,57805E-4
2,4325E-4
2,43624E-4
2,52399E-4
2,49737E-4
2,58709E-4
2,49349E-4
2,45803E-4
2,45807E-4
2,48035E-4
2,463E-4
2,37877E-4
0,001129723
2,40825E-4
2,3876E-4
3,89462E-4
3,93532E-4
3,44662E-4
4,17541E-4
3,41375E-4
3,39446E-4
3,7455E-4
3,89881E-4
4,05317E-4
2,38802E-4
2,53187E-4
2,45343E-4
2,85143E-4
2,63846E-4
2,47614E-4
2,8304E-4
2,45003E-4
2,50124E-4
2,6202E-4
2,37692E-4
2,53941E-4
2,77026E-4
2,57347E-4
2,38475E-4
2,7638E-4
2,52578E-4
2,54682E-4
2,47278E-4
2,372E-4
2,44104E-4
2,54298E-4
2,46241E-4
2,46258E-4
2,37578E-4
2,58137E-4
2,43032E-4
2,46875E-4
2,3716E-4
2,54477E-4
2,55371E-4
2,43712E-4
2,583E-4
2,4247E-4
2,57961E-4
2,42847E-4
2,53822E-4
2,36032E-4
2,61906E-4
2,56833E-4
2,49952E-4
2,50279E-4
2,49501E-4
2,62605E-4
2,49146E-4
2,56752E-4
2,38736E-4
2,56699E-4
2,50617E-4
2,42196E-4
2,38024E-4
2,50572E-4
2,59726E-4
2,43968E-4
2,47992E-4
2,43101E-4
2,5802E-4
2,54156E-4
2,70175E-4
2,50354E-4
2,48542E-4
3,73853E-4
2,39335E-4
2,68659E-4
2,42703E-4
2,60621E-4
2,63804E-4
2,51553E-4
2,58384E-4
2,6887E-4
2,54336E-4
2,36178E-4
2,47922E-4
2,80207E-4
2,55488E-4
2,45705E-4
2,466E-4
2,43803E-4
2,38228E-4
2,88196E-4
2,57392E-4
2,51536E-4
2,76896E-4
2,42748E-4
2,41703E-4
2,5494E-4
2,40041E-4
2,40619E-4
2,35315E-4
2,54496E-4
2,43252E-4
2,51439E-4
2,53824E-4
2,47691E-4
2,40373E-4
2,53788E-4
2,33624E-4
2,54651E-4
2,34217E-4
2,46979E-4
2,38371E-4
2,68764E-4
2,69124E-4
2,41541E-4
2,61322E-4
2,59434E-4
2,60839E-4
2,36158E-4
2,37633E-4
2,55846E-4
2,70515E-4
2,5299E-4
2,37059E-4
2,73403E-4
2,63763E-4
2,69092E-4
2,53407E-4
2,45467E-4
2,53893E-4
2,75676E-4
2,58338E-4
2,58487E-4
2,60818E-4
2,35298E-4
2,58745E-4
2,39425E-4
2,35491E-4
2,37398E-4
2,36931E-4
2,44013E-4
2,39432E-4
2,42692E-4
2,49844E-4
2,53739E-4
2,49952E-4
2,76279E-4
2,50694E-4
2,55037E-4
2,41816E-4
2,56494E-4
2,42141E-4
2,69851E-4
2,59692E-4
2,53934E-4
2,46154E-4
2,38414E-4
2,50516E-4
2,39251E-4
2,39845E-4
2,34169E-4
2,51688E-4
2,71244E-4
2,44027E-4
2,37112E-4
2,45439E-4
2,58129E-4
2,50812E-4
2,38406E-4
2,51676E-4
2,55579E-4
2,51027E-4
2,56689E-4
2,49786E-4
2,57443E-4
2,55216E-4
2,4645E-4
2,3613E-4
2,40848E-4
2,49979E-4
2,62287E-4
2,35366E-4
2,55399E-4
2,38167E-4
2,57634E-4
2,5449E-4
2,39399E-4
2,32863E-4
2,51437E-4
2,45471E-4
2,60845E-4
2,37144E-4
2,37693E-4
2,56268E-4
2,4355E-4
2,38265E-4
2,53263E-4
2,57143E-4
2,54553E-4
2,42608E-4
2,60253E-4
2,39548E-4
2,39036E-4
2,53721E-4
2,54183E-4
2,53564E-4
2,39397E-4
2,57539E-4
2,49513E-4
2,4915E-4
2,38213E-4
2,39181E-4
2,58971E-4
2,4886E-4
2,37777E-4
2,4077E-4
2,57058E-4
2,40814E-4
2,46539E-4
2,44511E-4
2,54747E-4
2,60002E-4
3,42272E-4
2,40422E-4
2,44803E-4
2,51409E-4
2,39103E-4
2,37055E-4
2,52536E-4
2,52424E-4
2,47463E-4
2,5218E-4
2,34162E-4
2,38251E-4
2,36451E-4
2,47626E-4
2,56254E-4
2,38535E-4
2,55206E-4
2,58518E-4
2,42093E-4
2,39674E-4
2,58911E-4
2,43704E-4
2,4008E-4
2,5676E-4
2,54664E-4
2,55391E-4
2,38292E-4
2,45767E-4
2,4606E-4
2,54277E-4
2,6914E-4
2,43489E-4
2,60513E-4
2,39704E-4
2,566E-4
2,59951E-4
2,55672E-4
2,62913E-4
2,52922E-4
2,55699E-4
2,43119E-4
2,63785E-4
2,53561E-4
2,40478E-4
2,53931E-4
2,50424E-4
2,49745E-4
2,59728E-4
2,62777E-4
2,50821E-4
2,36516E-4
2,40587E-4
2,40014E-4
2,52309E-4
2,58119E-4
2,5295E-4
2,56118E-4
2,53276E-4
2,49284E-4
2,35991E-4
2,56447E-4
2,77E-4
2,53088E-4
2,4472E-4
2,52018E-4
2,49978E-4
2,37291E-4
2,49346E-4
2,48395E-4
2,63396E-4
2,38831E-4
2,50372E-4
2,53343E-4
2,53787E-4
2,60858E-4
2,38202E-4
2,55506E-4
2,53143E-4
2,77923E-4
2,54354E-4
2,47787E-4
2,4384E-4
2,5527E-4
2,50493E-4
2,59492E-4
2,53018E-4
2,51012E-4
2,39394E-4
2,35294E-4
2,41501E-4
2,476E-4
2,42476E-4
2,51591E-4
2,45747E-4
2,36402E-4
2,36079E-4
2,40824E-4
2,52136E-4
2,37298E-4
2,37539E-4
2,46858E-4
2,70163E-4
2,40379E-4
2,52134E-4
2,52777E-4
2,56188E-4
2,4513E-4
2,53789E-4
2,7773E-4
2,50617E-4
2,59292E-4
2,58588E-4
2,48749E-4
2,33319E-4
2,52648E-4
2,60635E-4
2,53191E-4
2,41413E-4
2,83286E-4
2,54148E-4
2,55807E-4
2,56053E-4
2,65822E-4
2,53321E-4
2,67651E-4
2,4729E-4
2,33547E-4
2,4428E-4
2,58441E-4
2,36632E-4
2,44064E-4
2,50025E-4
2,35701E-4
2,40483E-4
2,54935E-4
2,50399E-4
2,35999E-4
2,49313E-4
2,57399E-4
8,75748E-4
2,35722E-4
2,79407E-4
2,60558E-4
2,49591E-4
2,53932E-4
3,11267E-4
3,72264E-4
3,80977E-4
3,76956E-4
3,70042E-4
3,30721E-4
3,51348E-4
3,61873E-4
3,33719E-4
4,20629E-4
3,99232E-4
2,55948E-4
2,45113E-4
2,49245E-4
2,53512E-4
2,38659E-4
2,57981E-4
2,37697E-4
2,61226E-4
2,43232E-4
2,51658E-4
2,5251E-4
2,43273E-4
2,39677E-4
2,41443E-4
2,60254E-4
2,43604E-4
2,5513E-4
2,53545E-4
2,44107E-4
2,55884E-4
2,57412E-4
2,39914E-4
2,63223E-4
2,50973E-4
2,54784E-4
2,38368E-4
2,49814E-4
2,40351E-4
2,41557E-4
2,54748E-4
2,51285E-4
2,56883E-4
2,58342E-4
2,68231E-4
2,59026E-4
2,40535E-4
2,49022E-4
2,35366E-4
2,49965E-4
2,57484E-4
2,51032E-4
2,39063E-4
2,49133E-4
2,56661E-4
2,51554E-4
2,58049E-4
2,53648E-4
2,54017E-4
2,48564E-4
2,5295E-4
2,42317E-4
2,5225E-4
2,38754E-4
2,35552E-4
2,38414E-4
2,34666E-4
2,56277E-4
2,56416E-4
2,59263E-4
2,39239E-4
2,53517E-4
2,57941E-4
2,41598E-4
2,50962E-4
2,73238E-4
2,37114E-4
2,53534E-4
2,60334E-4
2,4587E-4
2,56217E-4
2,57949E-4
2,38192E-4
2,72125E-4
3,46031E-4
2,51373E-4
2,52557E-4
2,34917E-4
2,5542E-4
2,42829E-4
2,51944E-4
2,3584E-4
2,53967E-4
2,5072E-4
2,56842E-4
2,42185E-4
2,57524E-4
2,45287E-4
2,43962E-4
2,53812E-4
2,52609E-4
2,72806E-4
2,39295E-4
2,42996E-4
2,50719E-4
2,39513E-4
2,44127E-4
2,58908E-4
2,70761E-4
2,38266E-4
2,50853E-4
2,57771E-4
2,36008E-4
2,56069E-4
2,5332E-4
2,72088E-4
2,56661E-4
2,50112E-4
3,28133E-4
4,09932E-4
4,02913E-4
3,87587E-4
0,002721127
2,93679E-4
2,59714E-4
2,44167E-4
2,39184E-4
2,4012E-4
2,83055E-4
2,53252E-4
2,38121E-4
2,35829E-4
2,43852E-4
2,7927E-4
2,55786E-4
2,57599E-4
2,427E-4
2,51403E-4
2,57375E-4
2,53402E-4
2,44245E-4
2,54378E-4
2,49201E-4
2,55609E-4
2,56638E-4
2,57909E-4
2,40206E-4
2,49811E-4
2,36027E-4
2,56708E-4
2,3646E-4
2,41137E-4
2,49538E-4
2,52692E-4
2,34827E-4
2,56188E-4
2,43679E-4
2,57168E-4
2,51784E-4
2,34434E-4
2,50296E-4
2,53786E-4
2,38305E-4
2,9668E-4
2,48844E-4
2,54304E-4
2,56944E-4
2,729E-4
2,48494E-4
2,51865E-4
2,51353E-4
2,55618E-4
2,42739E-4
2,54965E-4
2,34959E-4
2,4098E-4
2,84534E-4
2,50672E-4
2,58623E-4
2,36595E-4
2,53307E-4
2,40963E-4
2,37053E-4
2,43535E-4
2,3951E-4
2,37118E-4
2,54823E-4
2,48802E-4
2,54863E-4
2,61281E-4
2,36814E-4
2,42671E-4
2,42945E-4
2,38512E-4
2,38229E-4
2,54115E-4
2,67169E-4
2,5196E-4
2,68861E-4
2,39635E-4
2,48187E-4
2,42286E-4
2,41282E-4
2,39939E-4
2,44369E-4
2,47432E-4
2,53487E-4
2,45003E-4
2,43317E-4
2,50607E-4
2,40866E-4
2,52777E-4
2,42677E-4
2,41631E-4
2,59611E-4
2,50804E-4
2,46794E-4
2,57596E-4
2,39354E-4
2,58791E-4
2,65786E-4
2,58026E-4
2,636E-4
2,51869E-4
2,79488E-4
2,38984E-4
2,44433E-4
2,42275E-4
2,47166E-4
2,61916E-4
2,41974E-4
2,43137E-4
2,37623E-4
2,45456E-4
2,60228E-4
2,54656E-4
2,37277E-4
2,52914E-4
2,40691E-4
2,39533E-4
2,59097E-4
2,37532E-4
2,43915E-4
2,38798E-4
2,54422E-4
2,36905E-4
2,53175E-4
2,42549E-4
2,52675E-4
2,42776E-4
2,54078E-4
2,57229E-4
2,5696E-4
2,54108E-4
2,40444E-4
2,56221E-4
2,45868E-4
2,46682E-4
2,38542E-4
2,5216E-4
2,4742E-4
2,53527E-4
2,49524E-4
2,3831E-4
2,48308E-4
2,54179E-4
2,45326E-4
2,39638E-4
2,46426E-4
2,50027E-4
2,51352E-4
2,39E-4
2,6038E-4
2,57299E-4
2,58904E-4
2,42065E-4
2,56162E-4
2,54987E-4
2,39378E-4
2,37979E-4
2,41471E-4
2,59736E-4
2,40339E-4
2,38092E-4
2,42561E-4
2,42267E-4
2,40187E-4
2,37599E-4
2,49273E-4
2,54542E-4
2,60345E-4
2,53007E-4
2,53897E-4
2,52656E-4
2,37708E-4
2,46373E-4
2,77203E-4
2,36793E-4
2,51435E-4
2,41085E-4
2,4971E-4
2,45428E-4
2,5157E-4
2,376E-4
2,56224E-4
2,54989E-4
2,4626E-4
2,54893E-4
2,54808E-4
2,42953E-4
2,51778E-4
2,41801E-4
2,36257E-4
2,36432E-4
2,62978E-4
2,41728E-4
2,61831E-4
2,42376E-4
2,37923E-4
2,36508E-4
2,50692E-4
2,7241E-4
2,40944E-4
2,5918E-4
2,5451E-4
2,3813E-4
2,52657E-4
2,53599E-4
2,68502E-4
3,25919E-4
2,41597E-4
2,55506E-4
2,42567E-4
2,32079E-4
2,45443E-4
2,51483E-4
2,35059E-4
2,84636E-4
2,50449E-4
2,42765E-4
2,50229E-4
2,37668E-4
2,58953E-4
2,49614E-4
2,41029E-4
2,47411E-4
2,35424E-4
2,40854E-4
2,39989E-4
2,43849E-4
2,51014E-4
2,57184E-4
2,52597E-4
2,45883E-4
2,66997E-4
2,51848E-4
2,58362E-4
2,54429E-4
2,4226E-4
2,61109E-4
2,6076E-4
2,61436E-4
2,41477E-4
2,54181E-4
2,62886E-4
2,53199E-4
2,52084E-4
2,69196E-4
2,36731E-4
2,56921E-4
2,77103E-4
2,35053E-4
2,52756E-4
2,48214E-4
2,4908E-4
2,59004E-4
2,49378E-4
2,44753E-4
2,36712E-4
2,55253E-4
2,41209E-4
2,56463E-4
2,38824E-4
2,39741E-4
2,59799E-4
2,53832E-4
2,51365E-4
2,50857E-4
2,5276E-4
2,6464E-4
2,51782E-4
2,60867E-4
2,40595E-4
2,39769E-4
2,33521E-4
2,46429E-4
2,36104E-4
4,15184E-4
4,03241E-4
4,23607E-4
4,03258E-4
4,338E-4
3,85196E-4
3,92917E-4
3,81427E-4
3,88217E-4
3,87561E-4
4,03429E-4
3,77123E-4
3,75297E-4
4,03959E-4
3,68615E-4
3,76336E-4
3,80698E-4
3,89188E-4
4,30556E-4
4,19438E-4
4,29476E-4
3,75998E-4
4,00443E-4
3,89884E-4
2,44288E-4
2,39458E-4
2,57507E-4
2,36229E-4
2,53374E-4
2,52688E-4
2,59897E-4
2,37328E-4
2,40942E-4
2,3558E-4
2,55699E-4
2,7177E-4
2,38466E-4
2,52503E-4
2,64345E-4
2,44192E-4
2,36646E-4
2,37325E-4
2,52812E-4
2,47165E-4
2,51713E-4
2,56123E-4
2,53567E-4
2,49621E-4
2,37162E-4
2,47383E-4
2,5208E-4
2,5976E-4
2,37425E-4
2,49995E-4
2,57483E-4
2,48455E-4
2,55693E-4
2,59745E-4
2,56196E-4
2,48076E-4
2,44911E-4
2,36789E-4
2,53661E-4
2,68111E-4
2,41325E-4
2,38745E-4
3,68889E-4
3,89808E-4
3,83022E-4
3,18979E-4
3,67323E-4
3,41779E-4
3,54836E-4
3,75881E-4
3,46105E-4
3,8955E-4
3,16833E-4
2,51395E-4
2,53835E-4
2,53059E-4
2,51301E-4
2,45183E-4
2,40863E-4
2,37489E-4
2,52189E-4
2,52786E-4
2,51914E-4
2,47782E-4
2,32348E-4
2,49706E-4
2,32767E-4
2,42928E-4
2,50769E-4
2,56881E-4
2,35233E-4
2,38976E-4
2,56288E-4
2,33119E-4
2,46174E-4
2,39021E-4
2,5308E-4
2,61296E-4
2,5565E-4
2,56421E-4
2,3911E-4
2,5819E-4
2,51175E-4
2,56868E-4
2,40985E-4
2,75562E-4
2,52396E-4
2,40728E-4
2,53248E-4
2,36264E-4
2,55684E-4
2,60894E-4
2,52052E-4
2,65095E-4
2,56017E-4
2,55182E-4
2,38058E-4
2,63988E-4
2,46195E-4
2,47373E-4
2,54468E-4
2,49946E-4
2,47417E-4
3,64789E-4
2,46183E-4
2,44572E-4
2,51181E-4
2,56349E-4
2,35936E-4
2,3617E-4
2,37234E-4
2,38605E-4
2,53617E-4
2,41841E-4
2,57186E-4
2,36415E-4
2,51933E-4
2,56772E-4
2,41621E-4
2,59057E-4
2,42193E-4
2,41775E-4
2,51921E-4
2,39005E-4
2,59066E-4
2,60546E-4
2,80689E-4
2,36166E-4
2,58956E-4
2,48942E-4
2,55539E-4
2,54957E-4
2,37185E-4
2,52269E-4
2,41255E-4
2,58177E-4
2,44821E-4
2,4825E-4
2,40895E-4
2,55225E-4
2,38893E-4
2,4794E-4
2,57734E-4
2,56402E-4
2,56577E-4
2,57008E-4
2,40797E-4
2,56424E-4
2,56451E-4
2,43994E-4
2,48981E-4
2,55534E-4
3,87625E-4
4,03322E-4
4,25807E-4
3,74234E-4
3,94617E-4
2,40439E-4
2,36046E-4
2,42091E-4
3,27314E-4
2,61268E-4
2,62226E-4
2,57845E-4
2,50112E-4
2,49606E-4
2,52631E-4
2,36799E-4
2,64912E-4
2,56265E-4
2,56319E-4
2,41786E-4
2,4441E-4
2,56084E-4
2,38602E-4
2,36627E-4
2,36229E-4
2,55952E-4
2,42705E-4
2,52274E-4
2,53909E-4
2,63373E-4
2,3686E-4
2,5781E-4
2,47226E-4
2,4141E-4
2,43014E-4
3,48991E-4
3,42303E-4
3,71813E-4
3,53889E-4
3,39263E-4
3,85524E-4
3,587E-4
3,63872E-4
2,4029E-4
2,5515E-4
2,55214E-4
2,35907E-4
2,58933E-4
2,45823E-4
2,45769E-4
2,45513E-4
2,38464E-4
2,54389E-4
2,38668E-4
2,58846E-4
2,63805E-4
2,53409E-4
2,61935E-4
2,38033E-4
2,38959E-4
2,34213E-4
2,43591E-4
2,36549E-4
2,48103E-4
2,69557E-4
2,41432E-4
2,54367E-4
2,51426E-4
2,4567E-4
2,46582E-4
2,55731E-4
2,50671E-4
2,45749E-4
2,60467E-4
2,55639E-4
2,54753E-4
2,49536E-4
2,55276E-4
2,52503E-4
2,37007E-4
2,38408E-4
2,62452E-4
2,44599E-4
2,57369E-4
2,4825E-4
2,66563E-4
2,41719E-4
2,50496E-4
2,55776E-4
2,47857E-4
2,36076E-4
2,52051E-4
2,49675E-4
2,56004E-4
2,39045E-4
2,59737E-4
2,55234E-4
2,59858E-4
2,50028E-4
2,41981E-4
2,56148E-4
2,35737E-4
2,55687E-4
2,69227E-4
2,57252E-4
2,38861E-4
2,49472E-4
2,48544E-4
2,43257E-4
2,62585E-4
2,51147E-4
2,38103E-4
2,52067E-4
2,72835E-4
2,5368E-4
2,71417E-4
2,45308E-4
2,52764E-4
2,46548E-4
2,56386E-4
2,90094E-4
2,38548E-4
2,45931E-4
2,5451E-4
2,37031E-4
2,56031E-4
2,42413E-4
2,60914E-4
2,55434E-4
2,44455E-4
2,37909E-4
2,47506E-4
2,55022E-4
2,52669E-4
2,49268E-4
2,43632E-4
2,51838E-4
2,45079E-4
2,52052E-4
2,4947E-4
2,37936E-4
2,40271E-4
2,57371E-4
2,52773E-4
2,57061E-4
2,34963E-4
2,60805E-4
2,62856E-4
2,40348E-4
2,50662E-4
2,68941E-4
2,44492E-4
2,41512E-4
2,32425E-4
2,53767E-4
2,38613E-4
2,59588E-4
2,48667E-4
2,46929E-4
2,37447E-4
2,50681E-4
2,47728E-4
2,53964E-4
2,39984E-4
2,5033E-4
2,50373E-4
2,66735E-4
2,56829E-4
2,54456E-4
2,36754E-4
2,35494E-4
2,56742E-4
2,418E-4
2,51414E-4
2,52746E-4
2,451E-4
2,42959E-4
2,50325E-4
2,37862E-4
2,51565E-4
2,60709E-4
2,49528E-4
2,42731E-4
2,55437E-4
2,57504E-4
2,71031E-4
2,4571E-4
2,61659E-4
2,70621E-4
2,5299E-4
2,44617E-4
2,7687E-4
2,45407E-4
2,53798E-4
2,45906E-4
2,55948E-4
2,57097E-4
2,58044E-4
2,52176E-4
2,51039E-4
2,6061E-4
2,56807E-4
2,5641E-4
2,38769E-4
2,59208E-4
2,38942E-4
2,5449E-4
2,51163E-4
2,64968E-4
2,52593E-4
2,49061E-4
2,43741E-4
2,35077E-4
2,50251E-4
2,47888E-4
2,40894E-4
2,37671E-4
2,56249E-4
2,6852E-4
2,5044E-4
2,8127E-4
2,59498E-4
2,61601E-4
2,66636E-4
2,84078E-4
2,47157E-4
2,59275E-4
2,54859E-4
2,38564E-4
2,55452E-4
2,53976E-4
2,36587E-4
2,53044E-4
2,49724E-4
2,50742E-4
2,54185E-4
2,64554E-4
2,55025E-4
2,59754E-4
2,54536E-4
2,76446E-4
2,56704E-4
2,63873E-4
2,57209E-4
2,34779E-4
2,45567E-4
2,53551E-4
2,50264E-4
2,72462E-4
2,60519E-4
2,55147E-4
2,39473E-4
2,69709E-4
2,78975E-4
2,41649E-4
2,49103E-4
2,50956E-4
2,62502E-4
2,3679E-4
2,5089E-4
2,41401E-4
2,48937E-4
2,50733E-4
2,54052E-4
2,48966E-4
2,48768E-4
2,76719E-4
2,41216E-4
2,38847E-4
2,51312E-4
2,53792E-4
2,40246E-4
2,43526E-4
2,35818E-4
2,59578E-4
2,60257E-4
2,44294E-4
2,47184E-4
2,63154E-4
2,42534E-4
2,52798E-4
2,36627E-4
2,51112E-4
2,50984E-4
2,59687E-4
2,51244E-4
2,5015E-4
2,6024E-4
2,52851E-4
2,61541E-4
2,65067E-4
2,61295E-4
2,42979E-4
2,38157E-4
2,53608E-4
2,62182E-4
2,51288E-4
2,36069E-4
2,37675E-4
2,49482E-4
2,51433E-4
2,54495E-4
2,56284E-4
2,48064E-4
2,52802E-4
2,43599E-4
2,3087E-4
2,57347E-4
2,51018E-4
2,38208E-4
2,40094E-4
2,44728E-4
2,47292E-4
2,36879E-4
2,47326E-4
2,33923E-4
2,35067E-4
2,50284E-4
2,54642E-4
2,57995E-4
2,47303E-4
2,49782E-4
2,53954E-4
2,462E-4
2,57135E-4
2,34374E-4
2,52089E-4
2,53906E-4
2,53172E-4
2,51373E-4
2,37246E-4
2,40962E-4
2,36544E-4
2,44847E-4
2,39826E-4
2,68038E-4
2,47906E-4
2,5149E-4
2,35335E-4
2,63303E-4
2,55114E-4
2,41508E-4
2,71103E-4
2,37971E-4
2,51638E-4
2,40106E-4
2,60437E-4
2,54411E-4
2,46709E-4
2,63554E-4
2,54091E-4
2,41837E-4
2,34574E-4
2,38444E-4
2,41436E-4
2,58644E-4
2,56905E-4
2,43905E-4
2,43815E-4
2,51098E-4
2,65261E-4
2,45223E-4
2,48558E-4
2,61882E-4
2,63637E-4
2,51173E-4
2,55472E-4
2,39139E-4
2,44676E-4
2,51612E-4
2,4863E-4
2,39058E-4
2,51194E-4
2,54506E-4
2,57252E-4
2,5877E-4
2,48114E-4
2,53679E-4
2,43093E-4
2,35711E-4
2,57461E-4
2,4927E-4
2,61814E-4
2,5102E-4
2,55699E-4
2,52772E-4
2,4361E-4
2,5542E-4
2,4769E-4
2,38629E-4
2,42409E-4
2,51507E-4
2,58085E-4
2,42552E-4
2,40093E-4
2,50377E-4
2,5558E-4
2,553E-4
2,49969E-4
2,57941E-4
2,47363E-4
2,51476E-4
2,59887E-4
2,48915E-4
2,35896E-4
2,41618E-4
2,37846E-4
2,5431E-4
2,57964E-4
2,36334E-4
2,37325E-4
2,53071E-4
2,58211E-4
2,59969E-4
2,39478E-4
2,52321E-4
2,46131E-4
2,39442E-4
2,55447E-4
2,50253E-4
2,48795E-4
2,57116E-4
2,54264E-4
2,44908E-4
2,39434E-4
2,38E-4
2,36958E-4
2,49816E-4
2,57422E-4
2,52554E-4
2,56139E-4
2,45252E-4
2,45767E-4
2,51747E-4
2,43812E-4
2,67483E-4
2,49863E-4
2,47547E-4
2,39266E-4
2,44334E-4
2,46819E-4
2,52058E-4
2,50642E-4
2,40819E-4
2,46492E-4
2,92093E-4
2,49083E-4
2,53696E-4
2,5489E-4
3,55326E-4
3,85307E-4
3,76338E-4
3,32574E-4
3,17131E-4
5,13433E-4
2,45954E-4
2,32484E-4
2,59867E-4
2,60563E-4
2,4194E-4
2,52719E-4
2,53293E-4
2,60784E-4
2,41963E-4
2,53604E-4
2,53221E-4
2,42362E-4
2,37642E-4
2,39124E-4
2,66584E-4
2,86314E-4
2,60293E-4
2,41829E-4
2,43007E-4
2,43466E-4
2,53554E-4
3,93122E-4
3,58075E-4
2,46447E-4
2,6299E-4
2,67169E-4
2,54016E-4
2,42667E-4
2,56557E-4
2,39777E-4
2,50755E-4
2,49256E-4
2,38259E-4
2,46988E-4
2,37512E-4
2,44661E-4
2,44975E-4
2,4008E-4
2,5469E-4
2,48849E-4
2,51799E-4
2,71248E-4
2,50818E-4
2,48294E-4
2,38993E-4
2,53961E-4
2,53035E-4
2,58068E-4
2,64255E-4
2,3216E-4
2,36324E-4
2,54226E-4
2,59695E-4
2,37535E-4
2,48171E-4
2,67091E-4
2,53141E-4
2,57464E-4
2,35432E-4
2,54252E-4
2,37189E-4
2,47527E-4
0,002041957
2,55955E-4
2,49878E-4
2,37134E-4
2,38307E-4
2,36182E-4
2,60418E-4
2,50641E-4
2,52687E-4
0,002147526
2,40255E-4
2,58428E-4
2,76697E-4
2,54149E-4
2,49278E-4
2,42368E-4
2,50643E-4
2,46416E-4
2,43374E-4
2,71202E-4
2,35912E-4
2,42527E-4
2,5801E-4
2,52649E-4
2,36801E-4
2,37424E-4
2,60501E-4
2,64743E-4
2,71724E-4
2,71147E-4
2,51944E-4
2,57073E-4
2,51477E-4
2,39402E-4
2,50192E-4
2,56867E-4
2,51628E-4
2,39745E-4
2,40559E-4
2,35845E-4
2,48273E-4
2,50027E-4
2,45735E-4
2,54317E-4
2,36061E-4
2,52394E-4
2,52772E-4
2,60799E-4
2,73934E-4
2,6029E-4
2,5907E-4
2,77305E-4
2,57993E-4
2,43944E-4
2,34245E-4
2,7678E-4
2,64108E-4
2,50771E-4
2,49927E-4
2,39457E-4
2,55466E-4
2,62332E-4
2,5604E-4
2,33049E-4
2,44772E-4
2,37754E-4
2,55819E-4
3,67847E-4
2,41448E-4
2,57151E-4
2,55024E-4
2,53103E-4
2,37011E-4
2,39854E-4
2,60055E-4
2,49205E-4
2,4177E-4
2,35179E-4
2,38326E-4
2,52736E-4
2,39544E-4
2,59385E-4
2,53938E-4
2,48466E-4
2,37074E-4
2,38186E-4
2,62335E-4
2,57931E-4
2,41577E-4
2,45478E-4
2,39814E-4
2,58595E-4
2,7766E-4
2,59963E-4
2,37043E-4
2,38218E-4
2,53805E-4
2,51252E-4
2,49083E-4
2,67846E-4
2,52354E-4
2,57872E-4
2,5151E-4
2,55003E-4
2,4917E-4
2,59518E-4
2,41187E-4
2,53649E-4
2,55677E-4
2,36915E-4
2,47539E-4
2,61453E-4
2,52691E-4
2,46896E-4
2,44539E-4
2,51961E-4
2,59014E-4
2,53747E-4
2,51111E-4
2,60204E-4
2,49994E-4
2,39066E-4
2,54705E-4
2,53344E-4
2,55289E-4
2,46512E-4
2,54794E-4
2,50259E-4
2,38192E-4
2,57203E-4
2,43424E-4
2,4069E-4
2,49705E-4
3,6212E-4
3,80034E-4
4,29244E-4
2,55204E-4
2,41915E-4
2,52587E-4
2,36622E-4
2,50127E-4
2,53793E-4
2,60846E-4
2,64258E-4
2,37462E-4
2,48732E-4
2,48688E-4
2,38159E-4
2,42095E-4
2,47654E-4
2,37187E-4
2,35498E-4
2,49167E-4
2,3851E-4
2,61954E-4
2,3929E-4
2,44192E-4
2,41302E-4
2,37277E-4
2,52717E-4
2,4019E-4
2,61408E-4
2,42959E-4
2,46469E-4
2,54909E-4
2,3643E-4
2,42331E-4
2,60722E-4
2,5673E-4
2,48161E-4
3,68307E-4
3,86449E-4
3,63294E-4
3,76832E-4
3,47126E-4
3,77276E-4
3,49903E-4
3,52262E-4
3,55024E-4
3,48337E-4
3,72387E-4
3,98354E-4
3,35072E-4
3,75115E-4
3,80916E-4
3,88854E-4
3,88185E-4
3,31498E-4
3,35927E-4
3,50999E-4
4,12189E-4
3,63296E-4
3,06451E-4
3,85265E-4
2,5032E-4
2,53818E-4
2,5943E-4
2,35106E-4
2,36797E-4
2,53506E-4
2,47383E-4
2,49978E-4
2,46008E-4
2,56812E-4
2,59616E-4
2,4862E-4
2,38536E-4
2,45417E-4
2,37136E-4
2,36676E-4
2,57901E-4
2,50979E-4
2,37891E-4
2,65232E-4
2,38771E-4
2,54153E-4
2,55277E-4
2,71187E-4
2,43322E-4
2,49935E-4
2,37587E-4
2,52584E-4
2,54298E-4
2,6517E-4
2,44361E-4
2,36828E-4
2,42186E-4
2,38335E-4
2,39981E-4
2,39627E-4
2,4259E-4
2,61009E-4
2,45945E-4
2,62737E-4
2,44561E-4
2,60082E-4
2,65968E-4
2,42305E-4
2,37482E-4
2,65767E-4
2,57126E-4
2,39059E-4
2,50667E-4
2,39697E-4
2,51599E-4
2,60335E-4
2,42354E-4
2,41821E-4
2,45599E-4
2,4043E-4
2,4141E-4
2,51021E-4
2,405E-4
2,44101E-4
2,42662E-4
2,36826E-4
2,53744E-4
2,44052E-4
2,41115E-4
2,36696E-4
2,52193E-4
2,58508E-4
2,55056E-4
2,36119E-4
2,32544E-4
2,42994E-4
2,35814E-4
2,35946E-4
2,54779E-4
2,50672E-4
2,49495E-4
2,45258E-4
2,33693E-4
2,362E-4
2,36523E-4
2,35365E-4
2,51685E-4
2,53486E-4
2,54822E-4
2,38103E-4
2,38175E-4
2,55127E-4
2,49026E-4
2,51791E-4
2,76151E-4
3,9203E-4
3,33314E-4
3,77129E-4
3,45558E-4
4,12564E-4
2,59121E-4
2,48644E-4
2,38951E-4
2,56634E-4
2,55095E-4
2,43643E-4
2,44368E-4
2,39138E-4
2,36267E-4
2,54606E-4
2,56609E-4
2,6521E-4
2,35837E-4
2,43536E-4
2,5519E-4
2,67018E-4
2,35902E-4
2,53681E-4
2,44104E-4
2,81067E-4
2,59347E-4
2,63864E-4
2,57356E-4
2,50989E-4
2,51547E-4
2,60946E-4
2,51292E-4
2,57378E-4
2,57035E-4
2,58492E-4
2,6017E-4
2,52331E-4
2,6512E-4
2,5096E-4
2,55694E-4
2,60547E-4
2,46867E-4
2,61155E-4
2,53034E-4
2,49764E-4
2,67974E-4
2,50217E-4
2,53409E-4
2,36885E-4
2,52595E-4
2,38257E-4
2,53906E-4
2,65603E-4
2,60598E-4
2,42668E-4
2,53381E-4
2,36435E-4
3,34389E-4
3,5601E-4
3,82923E-4
3,58247E-4
3,64904E-4
3,3276E-4
4,01254E-4
3,53259E-4
4,04365E-4
3,6598E-4
4,1851E-4
4,27408E-4
4,35964E-4
4,07274E-4
4,33689E-4
3,52881E-4
3,3701E-4
4,15025E-4
3,46458E-4
2,95183E-4
3,70305E-4
3,23054E-4
3,21004E-4
3,37846E-4
3,68777E-4
3,58661E-4
3,68171E-4
3,70477E-4
4,07392E-4
3,20352E-4
4,30481E-4
3,65477E-4
3,66732E-4
3,4056E-4
3,68813E-4
3,08294E-4
3,5032E-4
3,56517E-4
3,59134E-4
3,4298E-4
3,62867E-4
3,8589E-4
3,74005E-4
3,18383E-4
3,6438E-4
3,6232E-4
3,61744E-4
3,15503E-4
3,55576E-4
3,93274E-4
3,39021E-4
3,99597E-4
3,7266E-4
2,42707E-4
2,46811E-4
2,5125E-4
2,58117E-4
2,48531E-4
2,51586E-4
2,42137E-4
2,5036E-4
2,5761E-4
2,3905E-4
2,49042E-4
2,75024E-4
2,40719E-4
2,50928E-4
2,67123E-4
2,3912E-4
2,38456E-4
2,60823E-4
2,48744E-4
2,51847E-4
2,67819E-4
2,56864E-4
2,58103E-4
2,45624E-4
2,40078E-4
2,62549E-4
2,39821E-4
2,469E-4
2,54391E-4
2,49934E-4
2,50161E-4
2,42485E-4
2,57005E-4
2,56009E-4
2,57136E-4
2,5596E-4
2,54633E-4
2,40542E-4
2,37303E-4
2,41055E-4
2,52284E-4
2,44608E-4
2,52764E-4
2,52333E-4
2,49043E-4
2,46516E-4
2,66177E-4
2,58078E-4
2,50564E-4
2,45136E-4
2,53489E-4
2,58779E-4
2,33109E-4
2,36139E-4
2,42858E-4
2,55295E-4
2,49429E-4
2,50047E-4
2,44187E-4
2,37969E-4
2,73115E-4
2,57035E-4
2,42829E-4
2,59851E-4
2,53779E-4
2,38059E-4
2,40024E-4
2,5522E-4
2,37134E-4
2,56797E-4
2,35607E-4
2,46644E-4
2,34785E-4
2,5542E-4
2,51329E-4
2,4799E-4
2,3726E-4
2,42197E-4
2,40514E-4
2,37401E-4
2,45942E-4
2,85851E-4
2,48547E-4
2,41283E-4
0,001558135
2,53433E-4
2,57938E-4
2,37602E-4
2,60551E-4
2,34886E-4
2,45893E-4
2,41244E-4
2,51126E-4
2,60733E-4
2,69799E-4
2,52933E-4
2,61458E-4
2,51087E-4
2,62705E-4
2,36338E-4
2,56191E-4
2,5055E-4
2,39402E-4
2,57513E-4
2,53703E-4
2,44005E-4
2,33823E-4
2,40771E-4
2,54393E-4
2,381E-4
2,60979E-4
2,37952E-4
2,42023E-4
2,48091E-4
2,3889E-4
2,55533E-4
2,47651E-4
2,41338E-4
2,41332E-4
2,49968E-4
2,6087E-4
2,50088E-4
2,41793E-4
2,5494E-4
2,49035E-4
2,51013E-4
2,63007E-4
2,59179E-4
2,52617E-4
2,39958E-4
2,50543E-4
2,36879E-4
2,59351E-4
2,41393E-4
2,36351E-4
2,61232E-4
2,46935E-4
2,54665E-4
2,43524E-4
2,69963E-4
2,54902E-4
2,3427E-4
2,61585E-4
2,44743E-4
2,34668E-4
2,43847E-4
2,47461E-4
2,39022E-4
3,18599E-4
2,54236E-4
2,70579E-4
2,61975E-4
2,54389E-4
2,44907E-4
2,39235E-4
2,5003E-4
2,40383E-4
2,47051E-4
2,58223E-4
2,38136E-4
2,37742E-4
2,57494E-4
2,53732E-4
2,44611E-4
2,68281E-4
2,62596E-4
2,57774E-4
2,66982E-4
2,433E-4
2,50604E-4
2,42236E-4
2,56212E-4
2,49811E-4
2,51026E-4
2,50943E-4
2,39782E-4
2,48075E-4
2,48848E-4
2,4134E-4
2,57759E-4
2,51245E-4
2,39968E-4
2,37537E-4
2,41121E-4
2,54748E-4
2,69445E-4
2,47007E-4
2,4325E-4
2,45821E-4
2,75737E-4
2,35517E-4
2,55467E-4
2,50234E-4
2,51407E-4
2,47109E-4
2,50035E-4
2,41352E-4
2,52275E-4
2,42061E-4
2,54584E-4
2,55165E-4
2,46196E-4
2,53618E-4
2,36374E-4
2,49675E-4
2,58601E-4
2,39162E-4
2,5193E-4
2,35599E-4
2,37784E-4
2,38336E-4
2,65611E-4
2,73277E-4
2,48694E-4
2,59187E-4
2,55126E-4
2,39408E-4
2,69658E-4
2,46853E-4
2,41531E-4
2,51817E-4
2,64193E-4
2,42688E-4
2,51882E-4
2,59414E-4
2,44972E-4
2,40495E-4
2,57136E-4
2,37031E-4
2,37805E-4
2,39391E-4
2,58847E-4
2,52574E-4
2,54778E-4
2,39328E-4
2,73735E-4
2,51591E-4
2,55033E-4
2,42716E-4
2,42151E-4
2,36879E-4
2,61076E-4
2,59013E-4
2,40075E-4
2,40403E-4
2,53496E-4
2,59626E-4
2,49469E-4
2,41784E-4
2,5472E-4
2,53468E-4
2,38797E-4
2,55109E-4
2,38608E-4
2,52888E-4
2,41016E-4
2,45106E-4
2,43848E-4
2,52001E-4
2,74844E-4
2,36164E-4
2,51159E-4
2,37314E-4
2,36862E-4
2,36475E-4
2,59214E-4
2,39589E-4
2,57456E-4
2,41507E-4
2,77981E-4
2,52395E-4
2,53291E-4
2,36314E-4
2,38941E-4
2,56687E-4
2,42416E-4
2,55002E-4
2,36839E-4
2,84708E-4
2,47256E-4
2,51592E-4
2,41422E-4
2,35222E-4
2,37758E-4
2,45424E-4
2,43003E-4
2,38608E-4
2,46279E-4
2,38643E-4
2,53577E-4
2,63303E-4
2,39912E-4
2,81915E-4
2,4729E-4
2,5086E-4
2,37861E-4
2,54227E-4
2,56921E-4
2,52731E-4
2,59733E-4
2,43123E-4
2,59514E-4
2,40312E-4
2,59427E-4
2,35518E-4
2,41767E-4
2,39873E-4
2,53346E-4
2,50179E-4
2,39477E-4
2,86369E-4
2,40296E-4
2,52469E-4
2,52623E-4
2,39446E-4
2,34372E-4
2,58043E-4
2,3967E-4
2,54491E-4
2,70317E-4
2,5446E-4
2,38517E-4
2,73564E-4
2,61245E-4
2,60217E-4
2,3744E-4
2,58068E-4
2,49784E-4
2,39308E-4
2,49949E-4
2,51355E-4
2,40866E-4
2,44459E-4
2,57808E-4
2,98564E-4
2,37518E-4
2,5865E-4
2,59393E-4
2,49917E-4
2,82896E-4
2,37171E-4
2,58131E-4
2,53123E-4
2,55356E-4
2,50587E-4
2,58356E-4
2,42034E-4
2,55558E-4
2,39238E-4
2,55797E-4
0,002197108
2,54518E-4
2,36938E-4
2,43259E-4
2,36521E-4
2,57761E-4
2,56037E-4
2,5228E-4
2,51388E-4
2,46439E-4
2,46828E-4
2,37837E-4
2,43268E-4
2,60823E-4
2,68379E-4
2,43059E-4
2,54752E-4
2,63191E-4
2,54361E-4
2,60613E-4
2,53702E-4
2,56152E-4
2,35216E-4
2,41027E-4
2,5261E-4
2,6474E-4
2,64454E-4
2,66649E-4
2,55277E-4
2,34897E-4
2,52786E-4
2,49366E-4
2,51008E-4
2,3814E-4
2,42771E-4
2,57377E-4
2,66319E-4
2,53427E-4
2,57944E-4
2,55136E-4
2,37913E-4
2,58892E-4
2,43804E-4
2,55002E-4
2,43932E-4
2,59856E-4
2,5744E-4
2,55346E-4
2,37093E-4
2,36388E-4
2,48051E-4
2,55544E-4
2,44708E-4
2,6045E-4
2,42446E-4
2,41577E-4
2,54342E-4
2,49316E-4
2,38992E-4
2,5948E-4
2,54231E-4
2,43652E-4
2,36851E-4
2,58861E-4
2,36615E-4
2,5431E-4
2,5225E-4
2,57676E-4
2,38035E-4
2,5267E-4
2,54381E-4
2,55828E-4
2,38813E-4
2,54837E-4
2,377E-4
2,73029E-4
2,51988E-4
2,37931E-4
2,46103E-4
2,54769E-4
2,50259E-4
2,50387E-4
2,42976E-4
2,37725E-4
2,48799E-4
2,49653E-4
2,58354E-4
2,39504E-4
2,47575E-4
2,65204E-4
2,43998E-4
2,44485E-4
2,39996E-4
2,36275E-4
2,55463E-4
2,42052E-4
2,42133E-4
2,58282E-4
2,54798E-4
2,55732E-4
2,4191E-4
2,5894E-4
2,51406E-4
2,60672E-4
2,39611E-4
2,46907E-4
0,002009858
2,47425E-4
2,5822E-4
2,66787E-4
2,45875E-4
2,45095E-4
2,58599E-4
2,70542E-4
2,43757E-4
2,33944E-4
2,58775E-4
2,51028E-4
2,52849E-4
2,52812E-4
2,58577E-4
2,65471E-4
2,49536E-4
2,43056E-4
2,47169E-4
2,57616E-4
2,38359E-4
2,551E-4
2,42577E-4
2,5413E-4
2,53014E-4
2,55301E-4
2,58307E-4
2,54753E-4
2,36036E-4
2,5435E-4
2,78801E-4
2,53885E-4
2,4131E-4
2,48951E-4
2,34019E-4
2,39274E-4
2,36961E-4
2,6107E-4
2,49232E-4
2,5091E-4
2,35446E-4
2,35034E-4
2,41627E-4
2,4021E-4
2,35456E-4
2,53331E-4
2,53487E-4
2,41151E-4
2,79625E-4
2,62821E-4
2,73274E-4
2,48706E-4
2,5124E-4
2,57385E-4
2,42939E-4
2,54095E-4
2,55146E-4
2,46947E-4
2,44449E-4
2,37995E-4
2,44698E-4
2,73984E-4
2,56896E-4
2,37875E-4
2,43236E-4
2,55239E-4
2,3583E-4
2,44008E-4
2,49446E-4
2,74442E-4
2,39717E-4
2,36961E-4
2,40887E-4
2,42098E-4
2,67157E-4
2,68649E-4
2,45632E-4
2,40506E-4
2,54746E-4
2,65178E-4
2,51711E-4
2,53752E-4
2,37862E-4
2,61836E-4
2,55032E-4
2,56332E-4
2,60889E-4
2,41309E-4
2,52685E-4
2,55823E-4
2,59276E-4
2,45887E-4
2,36341E-4
2,47391E-4
2,4825E-4
2,50885E-4
2,43969E-4
2,60691E-4
2,58264E-4
2,5892E-4
2,37191E-4
2,37622E-4
2,59547E-4
2,54613E-4
3,97553E-4
3,65395E-4
3,61137E-4
3,79415E-4
3,51875E-4
3,93402E-4
3,28363E-4
3,82825E-4
3,73039E-4
3,96966E-4
2,67032E-4
2,60563E-4
2,64599E-4
2,50613E-4
2,58867E-4
2,44174E-4
2,59277E-4
2,45495E-4
2,57514E-4
2,48563E-4
2,57396E-4
2,53938E-4
2,389E-4
2,51357E-4
2,42917E-4
2,41898E-4
2,36402E-4
2,36651E-4
2,47007E-4
2,40262E-4
2,50628E-4
2,37714E-4
2,57023E-4
2,41393E-4
2,46748E-4
2,47024E-4
2,40883E-4
2,47722E-4
2,58288E-4
2,59845E-4
2,71213E-4
2,38E-4
2,55045E-4
2,62007E-4
2,5245E-4
2,40082E-4
2,3823E-4
2,77323E-4
2,50498E-4
2,54706E-4
2,57203E-4
2,54338E-4
2,43984E-4
2,51482E-4
2,49301E-4
2,55163E-4
2,44368E-4
2,60192E-4
2,59133E-4
2,52113E-4
2,73197E-4
2,40707E-4
2,42533E-4
2,4224E-4
2,48945E-4
2,37507E-4
2,45305E-4
2,6708E-4
2,44572E-4
2,55067E-4
2,55963E-4
2,5348E-4
2,40662E-4
2,53659E-4
2,38022E-4
2,65822E-4
2,43859E-4
2,65309E-4
2,6197E-4
2,5237E-4
2,56117E-4
2,48283E-4
2,42857E-4
2,41305E-4
2,66662E-4
2,49735E-4
2,64186E-4
2,3222E-4
2,54028E-4
2,37182E-4
2,40891E-4
2,67566E-4
2,57938E-4
2,34921E-4
2,3918E-4
2,54285E-4
2,40312E-4
2,5837E-4
2,56162E-4
2,50986E-4
2,37083E-4
2,44229E-4
2,54395E-4
2,36432E-4
2,35515E-4
2,5864E-4
2,47264E-4
2,56567E-4
2,38911E-4
2,4237E-4
2,56131E-4
2,42291E-4
2,40828E-4
2,52171E-4
2,42049E-4
2,48849E-4
2,6472E-4
2,56182E-4
2,34949E-4
2,59897E-4
2,40077E-4
2,40824E-4
2,39385E-4
2,40165E-4
2,57608E-4
2,39623E-4
2,53319E-4
2,60191E-4
2,53636E-4
2,62079E-4
2,36216E-4
2,42009E-4
2,55802E-4
2,68844E-4
2,65473E-4
2,5393E-4
2,55002E-4
2,57153E-4
2,65738E-4
2,56326E-4
2,35243E-4
2,4675E-4
2,5357E-4
2,48078E-4
2,56856E-4
2,47644E-4
2,60093E-4
2,5968E-4
2,56603E-4
2,5787E-4
2,36652E-4
2,39832E-4
2,64909E-4
2,5495E-4
2,37634E-4
2,48465E-4
2,71768E-4
2,59095E-4
2,43581E-4
2,54199E-4
2,44637E-4
2,57473E-4
2,38494E-4
2,39886E-4
2,38197E-4
2,57186E-4
2,61076E-4
2,44814E-4
2,40672E-4
2,8136E-4
2,4832E-4
2,4199E-4
2,52804E-4
2,6066E-4
2,51147E-4
2,36618E-4
2,3659E-4
2,51749E-4
2,61961E-4
2,38615E-4
2,57007E-4
2,38224E-4
2,51854E-4
2,57652E-4
2,34423E-4
2,42934E-4
2,46392E-4
2,54974E-4
2,40664E-4
2,36434E-4
2,35426E-4
2,40187E-4
2,36925E-4
2,46546E-4
2,57618E-4
2,46741E-4
2,41065E-4
2,5896E-4
2,55587E-4
2,54696E-4
2,52528E-4
2,50862E-4
2,75565E-4
2,59948E-4
2,57357E-4
2,52931E-4
2,39195E-4
2,5655E-4
2,38547E-4
2,54316E-4
2,35858E-4
2,40608E-4
2,39019E-4
2,51763E-4
2,37476E-4
2,59898E-4
2,50832E-4
2,64796E-4
2,65964E-4
2,47221E-4
2,68774E-4
2,54719E-4
2,57883E-4
2,63179E-4
2,42238E-4
2,56056E-4
2,6121E-4
2,51513E-4
2,36938E-4
2,41223E-4
2,49459E-4
2,63411E-4
2,61533E-4
2,49896E-4
2,44915E-4
2,63417E-4
2,56392E-4
2,50376E-4
2,41559E-4
2,57825E-4
2,47742E-4
2,3568E-4
2,3951E-4
2,45425E-4
2,51581E-4
2,67213E-4
2,41758E-4
2,54431E-4
2,38458E-4
2,39208E-4
2,51315E-4
2,45155E-4
2,60629E-4
2,40606E-4
2,37605E-4
2,47043E-4
2,39002E-4
2,43097E-4
2,48947E-4
2,45447E-4
2,56045E-4
2,55232E-4
2,65645E-4
2,45114E-4
2,45451E-4
2,37521E-4
2,49955E-4
2,49857E-4
2,51984E-4
2,43444E-4
2,544E-4
2,6082E-4
2,4636E-4
2,59979E-4
2,49833E-4
2,52147E-4
2,61342E-4
2,46236E-4
2,50463E-4
2,49473E-4
2,36492E-4
2,58113E-4
2,48999E-4
2,42569E-4
2,41048E-4
2,51542E-4
2,45661E-4
2,59971E-4
2,45274E-4
2,60729E-4
2,59362E-4
2,59728E-4
2,41346E-4
2,43561E-4
2,38946E-4
2,72924E-4
2,41512E-4
2,51865E-4
2,47002E-4
2,47092E-4
2,68793E-4
2,54106E-4
2,39876E-4
2,5435E-4
2,57881E-4
2,90399E-4
2,55791E-4
2,64635E-4
2,51116E-4
2,50364E-4
2,49554E-4
2,38939E-4
2,40931E-4
2,53218E-4
2,56964E-4
2,56252E-4
2,45229E-4
2,52196E-4
2,69161E-4
2,68757E-4
2,48982E-4
2,34635E-4
2,59791E-4
2,508E-4
2,4211E-4
2,37271E-4
2,58541E-4
2,54131E-4
2,37524E-4
2,6737E-4
2,58382E-4
2,38872E-4
2,55846E-4
2,44335E-4
2,38419E-4
2,55306E-4
2,39216E-4
2,76755E-4
2,45511E-4
2,44342E-4
2,64226E-4
2,5361E-4
2,53963E-4
2,41641E-4
2,55985E-4
2,7222E-4
2,48907E-4
2,61361E-4
2,52469E-4
2,57545E-4
2,55355E-4
2,52868E-4
2,32633E-4
2,53321E-4
2,85998E-4
2,49759E-4
2,52191E-4
2,51646E-4
2,59245E-4
2,60613E-4
2,47476E-4
2,4073E-4
2,74554E-4
2,5352E-4
2,6021E-4
2,60872E-4
2,54887E-4
2,36259E-4
2,43507E-4
2,54634E-4
2,45846E-4
2,38311E-4
2,5178E-4
2,41826E-4
2,57631E-4
3,69659E-4
3,69811E-4
3,24567E-4
3,18807E-4
3,52199E-4
2,5649E-4
2,52239E-4
2,68091E-4
2,5694E-4
2,49401E-4
2,49225E-4
2,38659E-4
2,44177E-4
2,43405E-4
2,5546E-4
2,52734E-4
2,4443E-4
2,58407E-4
2,36824E-4
2,35966E-4
2,57542E-4
2,62801E-4
2,37208E-4
2,39123E-4
2,75646E-4
2,39775E-4
2,38874E-4
2,6488E-4
2,34915E-4
2,48938E-4
2,60656E-4
2,40225E-4
2,598E-4
2,51404E-4
2,42649E-4
2,43963E-4
2,48102E-4
2,38731E-4
2,4316E-4
2,37236E-4
2,39136E-4
2,33029E-4
2,37979E-4
2,53338E-4
2,37024E-4
2,62172E-4
2,43502E-4
2,52374E-4
2,73547E-4
2,53393E-4
2,38456E-4
2,55651E-4
2,36829E-4
2,74209E-4
2,46549E-4
2,5489E-4
2,54478E-4
2,46334E-4
2,471E-4
2,40343E-4
2,46703E-4
2,43881E-4
2,60135E-4
2,61057E-4
2,37744E-4
2,37609E-4
2,51418E-4
2,54708E-4
2,52324E-4
2,41448E-4
2,48162E-4
2,59754E-4
2,86761E-4
2,39037E-4
2,37677E-4
2,37896E-4
2,65313E-4
2,38591E-4
2,34548E-4
2,62629E-4
2,60538E-4
2,42968E-4
2,47713E-4
2,60771E-4
2,57692E-4
2,41836E-4
2,52295E-4
2,41024E-4
2,58976E-4
2,38196E-4
2,58128E-4
2,42769E-4
2,67099E-4
2,53763E-4
2,38755E-4
2,55636E-4
2,38667E-4
2,55373E-4
2,65369E-4
2,37997E-4
2,4389E-4
2,37636E-4
2,6906E-4
4,16472E-4
3,5495E-4
2,62917E-4
2,38552E-4
2,68291E-4
2,5089E-4
2,52061E-4
2,38081E-4
2,56171E-4
2,46843E-4
2,40192E-4
2,6456E-4
2,44059E-4
2,47736E-4
2,47027E-4
2,63496E-4
2,56012E-4
2,53552E-4
2,5364E-4
2,53963E-4
2,53304E-4
2,42915E-4
2,59894E-4
2,37759E-4
2,66183E-4
2,56876E-4
2,38671E-4
2,51246E-4
2,53174E-4
2,64138E-4
2,49837E-4
2,87019E-4
2,50756E-4
2,36758E-4
2,57226E-4
2,37478E-4
2,5515E-4
2,54903E-4
2,40214E-4
2,6114E-4
2,50136E-4
2,43628E-4
2,62141E-4
2,49008E-4
2,5965E-4
2,45271E-4
2,54879E-4
2,52707E-4
2,45795E-4
2,53032E-4
2,39944E-4
2,48338E-4
2,43011E-4
2,50911E-4
2,42061E-4
2,44424E-4
2,61563E-4
2,53326E-4
2,35628E-4
2,42677E-4
8,49564E-4
2,62309E-4
2,41133E-4
2,56368E-4
2,39391E-4
2,67558E-4
2,43244E-4
3,40833E-4
3,84944E-4
3,9538E-4
3,89685E-4
4,42825E-4
3,7583E-4
2,80018E-4
2,69218E-4
2,56013E-4
2,40424E-4
2,51838E-4
2,59145E-4
2,64819E-4
2,52767E-4
2,52182E-4
2,62328E-4
2,64705E-4
2,4082E-4
2,75387E-4
2,35782E-4
2,53735E-4
2,38294E-4
2,39822E-4
2,57798E-4
2,56689E-4
2,39125E-4
2,43756E-4
2,51165E-4
2,44805E-4
2,55096E-4
2,4787E-4
2,52723E-4
2,5545E-4
2,39097E-4
2,567E-4
2,48635E-4
2,58336E-4
2,39651E-4
2,54842E-4
2,37736E-4
2,53795E-4
2,56373E-4
2,39529E-4
2,57807E-4
2,47887E-4
2,38309E-4
2,65498E-4
2,57143E-4
2,38459E-4
2,42274E-4
2,54155E-4
2,43469E-4
2,40525E-4
2,35429E-4
2,52054E-4
2,43237E-4
2,38442E-4
2,45164E-4
2,36744E-4
2,61213E-4
2,52815E-4
2,44816E-4
2,59327E-4
2,53542E-4
2,54698E-4
2,58566E-4
2,42816E-4
2,42483E-4
2,56159E-4
2,57208E-4
2,52927E-4
2,40925E-4
2,55722E-4
2,59533E-4
2,44697E-4
2,4951E-4
2,36179E-4
2,5639E-4
2,55423E-4
2,47762E-4
2,38007E-4
2,44931E-4
2,58583E-4
2,53168E-4
2,66093E-4
2,62606E-4
2,45244E-4
2,63129E-4
2,43505E-4
2,51545E-4
2,38516E-4
2,38963E-4
2,46933E-4
2,38058E-4
2,54063E-4
2,5495E-4
2,40092E-4
2,86466E-4
2,55692E-4
2,37816E-4
2,54143E-4
2,34399E-4
2,43835E-4
2,53948E-4
2,39172E-4
2,39937E-4
2,49654E-4
2,6107E-4
2,50377E-4
0,002294903
2,49687E-4
2,38747E-4
2,52678E-4
2,4314E-4
2,51532E-4
2,4156E-4
2,68282E-4
2,54038E-4
2,57288E-4
2,375E-4
2,5496E-4
2,4352E-4
2,40815E-4
2,52699E-4
2,54753E-4
2,50516E-4
2,41155E-4
2,57481E-4
2,38134E-4
2,55907E-4
2,3723E-4
2,44205E-4
2,38577E-4
2,3432E-4
2,4662E-4
2,53165E-4
2,6205E-4
2,38665E-4
2,41633E-4
2,37423E-4
2,5174E-4
2,38857E-4
2,43024E-4
2,56768E-4
2,39524E-4
2,62078E-4
2,65535E-4
2,53403E-4
2,52403E-4
2,46107E-4
2,54009E-4
2,46875E-4
2,80178E-4
2,51079E-4
2,48331E-4
2,46923E-4
2,63884E-4
2,38675E-4
2,79219E-4
2,49097E-4
2,59546E-4
2,38334E-4
2,50026E-4
2,39526E-4
2,62616E-4
2,37804E-4
2,37507E-4
2,52929E-4
2,37749E-4
2,6714E-4
2,65594E-4
2,36972E-4
2,56989E-4
2,50511E-4
2,47793E-4
2,37649E-4
2,38524E-4
2,39391E-4
2,36707E-4
2,3879E-4
2,52483E-4
2,54128E-4
2,59876E-4
2,57031E-4
2,54264E-4
2,52546E-4
2,48259E-4
2,55681E-4
2,56665E-4
2,57682E-4
2,66942E-4
2,55431E-4
2,6238E-4
2,5081E-4
2,42208E-4
2,56464E-4
2,78468E-4
2,44645E-4
2,5668E-4
2,52416E-4
2,55034E-4
2,42106E-4
2,5325E-4
2,56587E-4
2,42237E-4
2,4505E-4
2,54686E-4
2,5474E-4
2,41974E-4
2,39203E-4
2,51142E-4
2,45732E-4
2,40975E-4
2,51426E-4
2,53918E-4
2,4398E-4
2,49811E-4
2,48908E-4
2,61954E-4
2,52189E-4
2,56754E-4
2,80145E-4
2,53648E-4
2,43315E-4
2,54551E-4
2,36472E-4
2,45751E-4
2,5038E-4
2,38029E-4
2,37245E-4
2,37365E-4
2,5473E-4
2,47881E-4
2,40946E-4
2,45877E-4
2,56909E-4
2,44009E-4
2,67248E-4
2,77715E-4
2,42485E-4
2,56816E-4
2,54776E-4
2,39642E-4
2,38946E-4
2,51217E-4
2,53424E-4
2,40371E-4
2,5195E-4
2,4649E-4
2,55597E-4
2,49919E-4
2,52301E-4
2,41982E-4
2,44354E-4
2,36832E-4
2,91414E-4
2,3575E-4
2,43923E-4
2,56971E-4
2,48205E-4
2,60021E-4
2,58002E-4
2,47698E-4
2,57375E-4
2,39891E-4
2,34339E-4
2,3846E-4
2,47635E-4
2,64582E-4
2,70615E-4
2,43465E-4
2,62764E-4
2,3858E-4
2,70601E-4
2,61859E-4
2,60345E-4
2,57814E-4
2,51525E-4
2,53147E-4
2,43264E-4
2,51876E-4
2,77828E-4
2,41148E-4
2,51909E-4
2,35493E-4
2,52682E-4
2,51727E-4
2,43322E-4
2,55411E-4
2,53119E-4
2,50485E-4
2,41974E-4
2,50231E-4
2,43758E-4
2,41197E-4
2,55361E-4
2,4258E-4
2,41752E-4
2,39089E-4
2,5147E-4
2,41115E-4
2,45298E-4
2,6554E-4
2,38421E-4
2,46844E-4
2,38253E-4
2,41614E-4
2,58358E-4
2,35405E-4
2,70201E-4
2,52261E-4
2,5328E-4
2,54681E-4
2,56034E-4
2,35981E-4
2,54503E-4
2,53493E-4
2,36526E-4
2,59684E-4
2,35479E-4
2,59574E-4
2,41311E-4
3,02193E-4
2,41674E-4
2,40061E-4
2,73104E-4
2,45571E-4
2,54443E-4
2,37208E-4
2,43501E-4
2,67237E-4
2,68872E-4
2,60698E-4
2,36362E-4
2,37075E-4
2,63394E-4
2,59516E-4
2,40809E-4
2,34684E-4
2,40852E-4
2,36221E-4
2,38393E-4
2,3531E-4
2,49087E-4
2,43632E-4
2,61913E-4
2,50803E-4
2,35013E-4
2,36633E-4
2,51843E-4
2,45355E-4
2,58123E-4
2,55399E-4
2,41869E-4
2,37841E-4
2,49673E-4
2,37972E-4
2,3588E-4
2,38284E-4
2,35448E-4
2,43026E-4
2,36669E-4
2,4304E-4
2,547E-4
2,39553E-4
2,54027E-4
2,51996E-4
2,47922E-4
2,61223E-4
2,49892E-4
2,59289E-4
2,55747E-4
2,54782E-4
2,41748E-4
2,46878E-4
2,45799E-4
2,41592E-4
2,51335E-4
2,44062E-4
2,41458E-4
2,52704E-4
2,37521E-4
2,55967E-4
2,43431E-4
2,61695E-4
2,36338E-4
2,53037E-4
2,60958E-4
2,5971E-4
2,47364E-4
2,77606E-4
2,47069E-4
2,38933E-4
2,70448E-4
2,44285E-4
2,49167E-4
2,62969E-4
2,53772E-4
2,59619E-4
2,53928E-4
2,55113E-4
2,48344E-4
2,432E-4
2,50445E-4
2,44011E-4
2,46056E-4
2,39119E-4
2,49559E-4
2,42496E-4
2,44752E-4
2,46609E-4
2,50814E-4
2,56908E-4
2,50947E-4
2,59779E-4
2,54313E-4
2,49953E-4
2,55591E-4
2,51831E-4
2,52905E-4
2,43598E-4
2,54787E-4
2,55329E-4
2,53965E-4
2,52577E-4
2,64224E-4
2,4672E-4
2,58035E-4
2,66836E-4
2,93855E-4
2,38716E-4
2,41097E-4
2,50737E-4
2,34414E-4
2,42784E-4
2,45965E-4
2,76077E-4
2,55348E-4
2,59188E-4
2,51914E-4
2,38141E-4
2,45324E-4
2,46713E-4
2,53888E-4
2,39508E-4
2,55357E-4
2,55358E-4
2,55446E-4
2,48392E-4
2,51405E-4
2,6535E-4
2,37465E-4
2,45119E-4
2,3476E-4
2,48374E-4
2,43181E-4
2,44671E-4
2,53641E-4
2,67983E-4
3,69842E-4
3,26479E-4
3,06388E-4
3,57497E-4
3,2817E-4
3,31741E-4
3,30711E-4
3,42204E-4
3,52598E-4
3,3988E-4
3,36853E-4
3,2234E-4
3,35053E-4
3,77888E-4
3,04297E-4
4,67336E-4
3,91093E-4
3,78433E-4
2,42874E-4
2,45145E-4
2,43676E-4
2,35592E-4
2,58837E-4
2,44248E-4
2,41187E-4
2,37279E-4
2,81988E-4
3,81521E-4
3,7851E-4
3,72814E-4
2,37961E-4
2,34811E-4
2,38375E-4
2,52805E-4
2,62625E-4
2,43553E-4
2,73655E-4
3,43109E-4
3,4585E-4
3,45473E-4
3,97746E-4
3,52825E-4
3,84126E-4
2,64081E-4
2,42712E-4
2,58414E-4
2,5598E-4
2,34879E-4
2,57958E-4
3,83091E-4
2,3979E-4
2,42608E-4
2,56279E-4
2,53751E-4
2,53696E-4
3,58529E-4
3,1759E-4
3,89471E-4
3,73375E-4
3,73094E-4
4,01019E-4
3,86033E-4
3,29981E-4
2,59151E-4
2,4565E-4
2,5497E-4
2,63543E-4
2,37918E-4
2,41089E-4
2,58218E-4
2,37362E-4
2,52924E-4
2,50724E-4
2,41198E-4
2,55853E-4
2,52207E-4
2,36352E-4
2,35387E-4
3,10971E-4
2,40739E-4
2,38399E-4
2,45906E-4
2,707E-4
2,5428E-4
2,38493E-4
2,46965E-4
2,37007E-4
2,44421E-4
2,56517E-4
2,66047E-4
2,47973E-4
2,5763E-4
2,54734E-4
2,54346E-4
2,91908E-4
2,57913E-4
2,34355E-4
2,54513E-4
2,5953E-4
2,48399E-4
2,59753E-4
2,59173E-4
2,5139E-4
2,38338E-4
2,62278E-4
2,37424E-4
2,39706E-4
2,47935E-4
2,49362E-4
2,56411E-4
2,551E-4
2,42372E-4
2,37911E-4
2,44818E-4
2,57051E-4
2,59622E-4
2,52758E-4
2,83921E-4
2,55526E-4
2,35114E-4
2,44522E-4
2,41345E-4
2,41922E-4
2,51944E-4
2,48508E-4
2,61165E-4
2,49762E-4
2,58979E-4
2,5248E-4
2,50887E-4
2,62719E-4
2,63973E-4
2,40379E-4
2,40144E-4
2,64535E-4
2,56792E-4
2,37835E-4
2,45709E-4
2,44364E-4
2,44172E-4
2,52776E-4
2,39687E-4
2,39165E-4
2,37216E-4
2,56354E-4
2,54E-4
2,48524E-4
2,391E-4
3,82595E-4
3,7003E-4
3,67137E-4
3,77762E-4
3,56781E-4
3,97643E-4
3,69175E-4
3,8147E-4
3,82472E-4
3,76355E-4
3,41847E-4
3,51583E-4
3,47036E-4
3,50154E-4
3,75021E-4
3,75387E-4
4,04583E-4
3,62428E-4
3,60393E-4
3,67749E-4
4,164E-4
3,62361E-4
3,64553E-4
3,47894E-4
4,0916E-4
3,30744E-4
3,7264E-4
3,47983E-4
4,2368E-4
3,57464E-4
3,53866E-4
2,97787E-4
4,64243E-4
4,61424E-4
2,55353E-4
2,39653E-4
2,40178E-4
2,4761E-4
2,50454E-4
3,47288E-4
3,45191E-4
3,77248E-4
3,41587E-4
3,59319E-4
3,55257E-4
3,89928E-4
3,56754E-4
3,47668E-4
3,81632E-4
3,68694E-4
3,55454E-4
3,73051E-4
3,62448E-4
3,85763E-4
3,46711E-4
2,87272E-4
3,69246E-4
2,93538E-4
3,74169E-4
3,57516E-4
4,08451E-4
3,93247E-4
3,47508E-4
3,5955E-4
3,21026E-4
3,8082E-4
3,82122E-4
3,78761E-4
3,63804E-4
4,27327E-4
4,47888E-4
3,72738E-4
3,539E-4
3,47258E-4
3,82028E-4
2,41376E-4
2,4525E-4
2,73922E-4
2,5078E-4
2,53397E-4
2,45529E-4
2,49677E-4
2,37181E-4
2,56104E-4
2,43624E-4
2,60026E-4
2,58852E-4
2,41524E-4
2,44398E-4
2,59183E-4
2,63695E-4
2,55536E-4
2,51196E-4
2,59975E-4
2,87411E-4
2,4099E-4
2,5309E-4
2,42546E-4
2,74901E-4
2,47175E-4
2,58507E-4
2,75411E-4
2,56444E-4
2,36259E-4
2,43397E-4
2,57748E-4
2,45066E-4
2,54169E-4
2,50871E-4
2,49219E-4
2,41312E-4
2,41695E-4
2,43505E-4
2,53348E-4
2,74931E-4
2,61621E-4
2,52407E-4
2,47689E-4
2,37584E-4
2,55437E-4
2,47045E-4
2,35032E-4
2,38982E-4
2,47547E-4
2,61091E-4
2,43741E-4
2,59462E-4
2,3967E-4
2,57913E-4
2,6062E-4
2,41005E-4
2,50751E-4
2,65219E-4
2,62944E-4
2,75638E-4
2,41806E-4
2,50806E-4
2,38209E-4
2,69855E-4
2,41826E-4
2,54038E-4
2,39416E-4
2,51013E-4
2,57785E-4
2,46661E-4
2,49327E-4
2,39884E-4
2,40665E-4
2,37509E-4
2,67843E-4
2,58049E-4
2,38575E-4
2,72038E-4
2,44506E-4
2,53709E-4
2,39692E-4
2,33713E-4
3,38771E-4
4,05057E-4
3,79613E-4
3,62689E-4
3,28528E-4
4,19696E-4
3,82975E-4
3,62165E-4
3,89456E-4
3,80045E-4
4,18965E-4
3,75991E-4
3,66702E-4
3,44693E-4
4,04519E-4
0,00280092
2,46601E-4
2,69059E-4
2,60166E-4
2,48523E-4
2,42648E-4
2,40994E-4
2,57375E-4
2,5122E-4
2,52678E-4
2,37688E-4
2,53032E-4
2,52535E-4
2,633E-4
2,52187E-4
2,3789E-4
2,64188E-4
2,55904E-4
2,55223E-4
2,43711E-4
2,53304E-4
2,40012E-4
2,45572E-4
2,50508E-4
2,34064E-4
2,50785E-4
2,39235E-4
2,37819E-4
2,44392E-4
2,38611E-4
2,372E-4
2,39019E-4
2,45934E-4
2,60685E-4
2,42028E-4
2,50995E-4
2,3646E-4
2,79114E-4
2,58323E-4
2,3813E-4
2,4733E-4
2,59745E-4
2,49295E-4
2,44655E-4
2,53235E-4
2,34144E-4
2,54319E-4
2,6421E-4
2,45167E-4
2,53675E-4
2,45432E-4
2,47317E-4
2,50932E-4
2,45554E-4
2,58068E-4
2,52958E-4
2,38685E-4
2,42319E-4
2,61569E-4
2,36972E-4
2,5539E-4
2,41451E-4
2,51004E-4
2,50809E-4
2,36325E-4
2,59668E-4
2,50108E-4
2,8532E-4
2,56483E-4
2,48473E-4
2,5726E-4
2,48959E-4
2,38771E-4
2,68287E-4
2,61451E-4
2,38096E-4
2,61398E-4
2,40933E-4
2,36079E-4
2,51646E-4
2,54128E-4
2,38952E-4
2,39204E-4
2,45351E-4
2,39971E-4
2,54072E-4
2,35898E-4
2,53197E-4
2,52774E-4
2,45041E-4
2,47448E-4
2,41469E-4
2,39352E-4
2,54089E-4
2,50586E-4
2,4834E-4
2,47993E-4
2,42643E-4
2,71069E-4
2,81477E-4
2,43759E-4
2,39337E-4
2,41574E-4
2,70058E-4
2,73321E-4
2,8755E-4
2,32449E-4
2,519E-4
2,54696E-4
2,54562E-4
2,55379E-4
2,34802E-4
2,54898E-4
2,5946E-4
2,42842E-4
2,50626E-4
2,46172E-4
2,4363E-4
2,37881E-4
2,71433E-4
2,56198E-4
2,40207E-4
2,46314E-4
2,52576E-4
2,39266E-4
2,41441E-4
2,59911E-4
2,46208E-4
2,37949E-4
2,56307E-4
2,42088E-4
2,36703E-4
2,54339E-4
2,61604E-4
2,42193E-4
2,36618E-4
2,38949E-4
2,49468E-4
2,43128E-4
2,63358E-4
2,56073E-4
2,5527E-4
2,63407E-4
2,55161E-4
2,402E-4
2,56454E-4
2,56621E-4
2,51122E-4
2,4059E-4
2,3806E-4
2,5642E-4
2,36549E-4
2,54305E-4
2,56706E-4
2,69188E-4
2,58199E-4
2,66851E-4
2,47877E-4
2,61844E-4
2,69534E-4
2,9183E-4
2,7062E-4
2,55516E-4
2,50169E-4
2,48908E-4
2,39384E-4
3,41322E-4
3,45114E-4
3,60917E-4
4,36546E-4
3,68537E-4
3,32942E-4
2,60729E-4
2,59565E-4
2,37932E-4
2,56244E-4
2,38653E-4
2,53642E-4
2,50379E-4
2,40009E-4
2,36836E-4
2,49471E-4
2,55641E-4
2,36692E-4
2,35599E-4
2,49583E-4
2,53634E-4
2,6079E-4
2,61199E-4
2,70257E-4
2,59027E-4
2,37731E-4
2,47067E-4
2,39168E-4
2,66739E-4
2,454E-4
2,63705E-4
2,59834E-4
2,49214E-4
2,57903E-4
3,43897E-4
3,95484E-4
3,14579E-4
3,56608E-4
2,90517E-4
3,32355E-4
3,88054E-4
3,1668E-4
3,42906E-4
3,7495E-4
2,84107E-4
3,331E-4
3,76765E-4
3,03153E-4
2,97123E-4
3,57297E-4
3,71755E-4
0,001400665
2,43306E-4
2,48706E-4
2,6006E-4
2,60887E-4
2,56312E-4
2,53423E-4
2,61796E-4
2,47162E-4
2,41907E-4
2,38564E-4
2,43808E-4
2,56269E-4
2,72092E-4
2,50113E-4
2,5374E-4
2,68911E-4
2,66583E-4
2,36099E-4
2,42277E-4
2,55588E-4
2,53238E-4
2,40048E-4
2,51324E-4
2,40924E-4
2,6184E-4
2,56625E-4
3,23832E-4
3,44042E-4
3,5096E-4
3,35195E-4
3,46088E-4
3,01814E-4
3,7108E-4
3,45399E-4
2,40814E-4
2,5711E-4
2,79447E-4
2,39327E-4
2,52511E-4
2,50704E-4
2,55304E-4
2,53514E-4
2,46123E-4
2,37674E-4
2,47998E-4
2,50614E-4
2,35892E-4
2,5428E-4
2,49576E-4
2,59226E-4
2,37812E-4
2,44525E-4
2,59118E-4
2,54139E-4
2,59751E-4
2,44834E-4
2,43759E-4
2,36341E-4
2,5368E-4
2,44135E-4
2,62674E-4
2,40427E-4
2,49752E-4
2,48524E-4
2,36127E-4
2,55924E-4
2,52559E-4
2,42553E-4
2,5573E-4
2,46595E-4
2,40615E-4
2,69668E-4
2,64547E-4
2,45062E-4
2,48578E-4
2,49355E-4
2,79525E-4
2,48522E-4
2,53327E-4
2,65983E-4
2,38682E-4
2,50845E-4
2,47669E-4
3,72278E-4
3,72079E-4
4,38174E-4
3,2296E-4
2,91788E-4
2,54262E-4
2,5068E-4
3,35E-4
2,40802E-4
2,5517E-4
2,5401E-4
2,54053E-4
2,5681E-4
2,64093E-4
2,44795E-4
2,49226E-4
2,40659E-4
2,58862E-4
2,33512E-4
2,68502E-4
2,66251E-4
2,51468E-4
2,63401E-4
2,3928E-4
2,72488E-4
2,56449E-4
2,449E-4
2,83009E-4
2,58257E-4
2,52388E-4
2,40079E-4
2,59807E-4
2,54435E-4
2,57193E-4
2,42539E-4
2,56677E-4
2,53389E-4
2,36137E-4
2,37376E-4
2,37404E-4
2,54642E-4
2,61122E-4
2,4226E-4
2,35893E-4
2,58777E-4
2,40972E-4
2,53374E-4
2,60201E-4
2,39469E-4
2,43483E-4
2,57061E-4
2,45514E-4
2,44997E-4
2,41879E-4
2,55182E-4
2,39426E-4
2,58026E-4
2,38523E-4
2,59003E-4
2,64991E-4
2,5957E-4
2,53658E-4
2,40209E-4
2,53668E-4
2,44255E-4
2,41864E-4
2,53101E-4
2,39551E-4
2,47656E-4
2,73023E-4
2,39081E-4
2,40454E-4
2,58586E-4
2,56567E-4
2,65395E-4
2,49387E-4
2,39781E-4
2,56299E-4
2,44926E-4
2,4319E-4
2,41545E-4
2,44552E-4
2,54448E-4
2,56058E-4
2,42344E-4
2,4268E-4
2,42137E-4
2,58915E-4
2,5219E-4
2,40089E-4
2,54022E-4
2,5564E-4
2,61003E-4
2,45621E-4
2,69731E-4
2,51873E-4
2,42904E-4
2,67428E-4
2,81243E-4
2,45611E-4
2,38924E-4
2,53357E-4
2,57587E-4
2,4569E-4
2,39675E-4
2,65137E-4
2,49269E-4
2,69611E-4
2,41027E-4
2,50992E-4
2,4229E-4
2,54527E-4
2,59182E-4
2,33371E-4
2,52879E-4
2,49845E-4
2,42864E-4
2,31445E-4
2,49821E-4
2,55379E-4
2,38503E-4
2,54966E-4
2,50313E-4
2,56216E-4
2,52613E-4
2,71978E-4
2,54687E-4
2,62405E-4
2,40337E-4
2,56241E-4
2,55514E-4
2,4272E-4
2,58209E-4
2,59661E-4
2,44105E-4
2,50952E-4
0,002080529
2,46604E-4
2,63814E-4
2,51188E-4
2,57762E-4
2,61495E-4
2,51115E-4
2,54262E-4
2,41037E-4
2,62385E-4
2,4887E-4
2,35745E-4
2,53967E-4
2,40508E-4
2,33423E-4
2,40037E-4
2,45552E-4
2,56059E-4
2,51062E-4
2,36095E-4
2,52969E-4
2,54314E-4
2,51083E-4
2,64932E-4
2,41129E-4
2,51352E-4
2,46698E-4
2,35627E-4
2,47226E-4
2,40224E-4
2,48271E-4
2,56069E-4
2,39662E-4
2,55436E-4
2,36342E-4
2,40464E-4
2,39447E-4
2,57137E-4
2,62041E-4
2,44958E-4
2,41611E-4
2,74666E-4
2,40045E-4
2,5149E-4
2,64416E-4
2,3683E-4
2,35936E-4
2,5395E-4
2,39696E-4
2,62653E-4
2,35911E-4
2,56713E-4
2,48873E-4
2,59156E-4
2,53706E-4
2,45132E-4
2,4305E-4
2,50962E-4
2,46141E-4
2,38871E-4
2,4109E-4
2,40051E-4
2,63642E-4
2,57601E-4
2,51797E-4
2,65748E-4
2,43341E-4
2,41062E-4
2,35856E-4
2,49184E-4
2,39207E-4
2,4409E-4
2,56102E-4
2,49705E-4
2,35113E-4
2,53392E-4
2,43206E-4
3,72365E-4
3,63486E-4
3,41407E-4
3,65882E-4
4,33194E-4
3,29442E-4
3,46351E-4
3,54915E-4
2,60004E-4
2,39689E-4
2,55185E-4
2,37682E-4
2,56162E-4
2,51306E-4
2,52681E-4
3,58583E-4
2,47836E-4
2,61826E-4
2,45693E-4
2,66293E-4
2,45654E-4
2,39205E-4
2,55058E-4
2,58026E-4
2,40053E-4
2,5407E-4
2,45681E-4
2,58139E-4
2,46442E-4
2,62115E-4
2,59162E-4
2,44026E-4
2,85107E-4
2,42683E-4
2,40327E-4
2,50883E-4
2,37059E-4
2,36617E-4
2,40385E-4
2,41242E-4
2,52139E-4
2,55232E-4
2,51284E-4
2,5217E-4
2,37728E-4
2,61033E-4
2,50803E-4
2,43751E-4
2,51762E-4
2,71874E-4
2,38333E-4
2,51579E-4
2,39738E-4
2,63594E-4
2,58574E-4
2,38499E-4
2,48342E-4
2,47976E-4
2,77301E-4
2,39216E-4
2,55417E-4
2,38216E-4
2,68157E-4
2,36142E-4
2,55671E-4
2,39473E-4
2,5599E-4
2,4549E-4
2,52846E-4
2,50771E-4
2,40257E-4
2,55882E-4
3,14429E-4
2,48005E-4
2,35173E-4
2,36574E-4
2,6103E-4
2,54326E-4
2,42418E-4
2,50981E-4
2,43617E-4
2,43207E-4
2,43897E-4
2,48172E-4
2,56384E-4
2,54186E-4
2,39175E-4
2,44811E-4
2,56069E-4
2,47884E-4
2,57627E-4
2,51381E-4
2,384E-4
2,37303E-4
2,62007E-4
2,54421E-4
2,49502E-4
2,43579E-4
2,53132E-4
2,68878E-4
2,42355E-4
2,60019E-4
2,52993E-4
2,39274E-4
2,38086E-4
2,65296E-4
2,57689E-4
2,56682E-4
2,51481E-4
2,39231E-4
2,50306E-4
2,57063E-4
2,43995E-4
2,36752E-4
2,51696E-4
2,34764E-4
2,42161E-4
2,37322E-4
2,51317E-4
2,52799E-4
2,5295E-4
2,44835E-4
2,44625E-4
2,50334E-4
2,39602E-4
2,55569E-4
2,43801E-4
2,53261E-4
2,41184E-4
2,44879E-4
2,36192E-4
2,48781E-4
2,45941E-4
2,34271E-4
2,4988E-4
2,38747E-4
2,36617E-4
2,45269E-4
2,5316E-4
2,60013E-4
2,54875E-4
2,38349E-4
2,33965E-4
2,46661E-4
2,53897E-4
2,42802E-4
2,37667E-4
2,55792E-4
2,59354E-4
2,52934E-4
2,39704E-4
2,38798E-4
2,38848E-4
2,60865E-4
2,38322E-4
2,40898E-4
2,54436E-4
2,53016E-4
2,43426E-4
2,60873E-4
2,39967E-4
2,41533E-4
2,51358E-4
2,54367E-4
2,47297E-4
2,42101E-4
2,44649E-4
2,38019E-4
2,52833E-4
2,58211E-4
2,61667E-4
2,34635E-4
2,4134E-4
2,50461E-4
2,55004E-4
2,57229E-4
2,37528E-4
2,45372E-4
2,42024E-4
2,56262E-4
2,44717E-4
2,35213E-4
2,7086E-4
2,54226E-4
2,39629E-4
2,49096E-4
2,59743E-4
2,52762E-4
2,434E-4
2,45636E-4
2,40318E-4
2,48954E-4
2,59668E-4
2,38334E-4
2,40839E-4
2,57701E-4
2,6275E-4
2,40751E-4
2,6317E-4
2,40179E-4
2,34095E-4
2,59844E-4
2,51744E-4
2,51458E-4
2,50105E-4
2,46639E-4
2,501E-4
2,5422E-4
2,37062E-4
2,54526E-4
2,45192E-4
2,56792E-4
2,45451E-4
2,46981E-4
2,53821E-4
2,53186E-4
2,51885E-4
2,61739E-4
2,5607E-4
2,55742E-4
2,52244E-4
2,35402E-4
2,56051E-4
2,40352E-4
2,53208E-4
2,62534E-4
2,75065E-4
2,5501E-4
2,59526E-4
2,60756E-4
2,46757E-4
2,34895E-4
2,52147E-4
2,56287E-4
2,38976E-4
2,48533E-4
2,3968E-4
2,38656E-4
2,60084E-4
2,40142E-4
2,49765E-4
2,6013E-4
2,42302E-4
2,44802E-4
2,42479E-4
2,53893E-4
2,57243E-4
2,57684E-4
2,51409E-4
2,62947E-4
2,57662E-4
2,38921E-4
2,49589E-4
2,40578E-4
2,56767E-4
2,42873E-4
2,47982E-4
2,36175E-4
2,52622E-4
2,44605E-4
2,41624E-4
2,5683E-4
2,42202E-4
2,51314E-4
2,34396E-4
2,62545E-4
2,41764E-4
2,46725E-4
2,49187E-4
2,38459E-4
2,49634E-4
2,43532E-4
2,69436E-4
2,52816E-4
2,3897E-4
2,38596E-4
2,55681E-4
2,45558E-4
2,40257E-4
2,73108E-4
2,36736E-4
2,53735E-4
2,41496E-4
2,50244E-4
2,51784E-4
2,33751E-4
2,36717E-4
2,54707E-4
2,42971E-4
2,5425E-4
2,41325E-4
2,62878E-4
2,52656E-4
2,6044E-4
2,53796E-4
2,56805E-4
2,56244E-4
2,58495E-4
2,45126E-4
2,3489E-4
2,50801E-4
2,56096E-4
2,44421E-4
2,4317E-4
2,36124E-4
2,40747E-4
2,53913E-4
2,67684E-4
2,37221E-4
2,42587E-4
2,51958E-4
2,57781E-4
2,53582E-4
2,42547E-4
2,36744E-4
2,56319E-4
2,546E-4
2,50997E-4
2,68808E-4
2,54383E-4
2,58266E-4
2,45271E-4
2,40823E-4
2,46608E-4
2,5393E-4
2,61806E-4
2,42453E-4
2,41395E-4
2,61051E-4
2,50716E-4
2,4625E-4
2,52955E-4
2,40353E-4
2,4029E-4
2,39035E-4
2,76246E-4
2,40935E-4
2,53237E-4
2,55482E-4
2,43548E-4
2,4032E-4
2,46274E-4
2,4836E-4
2,53391E-4
2,36184E-4
2,54649E-4
2,77089E-4
2,72993E-4
2,5846E-4
2,4124E-4
2,46021E-4
2,3514E-4
2,57544E-4
2,61052E-4
2,39335E-4
2,47716E-4
2,3515E-4
2,38241E-4
2,56997E-4
2,53696E-4
4,10821E-4
3,64957E-4
4,12586E-4
3,41451E-4
3,7679E-4
3,48324E-4
3,53919E-4
3,6963E-4
4,05011E-4
3,48627E-4
2,67292E-4
2,63372E-4
2,63268E-4
2,37863E-4
2,37929E-4
2,58527E-4
2,42209E-4
2,59952E-4
2,53695E-4
2,42052E-4
2,40123E-4
2,59964E-4
2,51883E-4
2,38572E-4
2,5236E-4
2,38765E-4
2,57525E-4
2,56689E-4
2,43055E-4
2,46569E-4
2,60855E-4
2,39428E-4
2,42792E-4
2,38489E-4
2,51256E-4
2,53486E-4
2,38349E-4
2,67464E-4
2,42791E-4
2,39729E-4
2,55524E-4
2,42081E-4
2,49129E-4
2,48969E-4
2,36072E-4
2,38772E-4
2,43178E-4
2,50536E-4
0,002063564
2,4065E-4
2,47807E-4
2,54067E-4
2,68798E-4
2,4137E-4
2,4505E-4
2,3963E-4
2,36823E-4
2,48159E-4
2,72285E-4
2,65145E-4
2,40648E-4
2,53E-4
2,36231E-4
2,53794E-4
2,50052E-4
2,40794E-4
2,58937E-4
2,46179E-4
2,53714E-4
2,40086E-4
2,38432E-4
2,37397E-4
2,41519E-4
2,50355E-4
2,36566E-4
2,5698E-4
2,42505E-4
2,54555E-4
2,46061E-4
2,42809E-4
2,70436E-4
2,3884E-4
2,49953E-4
2,44453E-4
2,55902E-4
2,53308E-4
2,38617E-4
2,55734E-4
2,52992E-4
2,45835E-4
2,62155E-4
2,37914E-4
2,57788E-4
2,49936E-4
2,4378E-4
2,39778E-4
2,69237E-4
2,5399E-4
2,44598E-4
2,55008E-4
2,59544E-4
2,39399E-4
2,56175E-4
2,59154E-4
2,49475E-4
2,44813E-4
2,54011E-4
2,46282E-4
2,43557E-4
2,71482E-4
2,36123E-4
2,65829E-4
2,56834E-4
2,66914E-4
2,52584E-4
2,39136E-4
2,75374E-4
2,42714E-4
2,46293E-4
2,70932E-4
2,54332E-4
2,66619E-4
2,50339E-4
2,35603E-4
2,5569E-4
2,59779E-4
2,41254E-4
2,46333E-4
2,3861E-4
2,62093E-4
2,38031E-4
2,5479E-4
2,53255E-4
2,44394E-4
2,58551E-4
2,36678E-4
2,76593E-4
2,54725E-4
2,52394E-4
2,51919E-4
2,40243E-4
2,57913E-4
2,44483E-4
2,39034E-4
2,57229E-4
2,36097E-4
2,69768E-4
2,40442E-4
2,35716E-4
2,38773E-4
2,3702E-4
2,59483E-4
2,89833E-4
2,53706E-4
2,37313E-4
2,5019E-4
2,37121E-4
2,40794E-4
2,40463E-4
2,55562E-4
2,59613E-4
2,38952E-4
2,38733E-4
2,64103E-4
2,38053E-4
2,56156E-4
2,51593E-4
2,56182E-4
2,65102E-4
2,3565E-4
2,3816E-4
2,47402E-4
2,54979E-4
2,42053E-4
2,48418E-4
2,81238E-4
2,51722E-4
2,41885E-4
2,53355E-4
2,58373E-4
2,57898E-4
2,40606E-4
2,64406E-4
2,42204E-4
2,54336E-4
2,60211E-4
2,40141E-4
2,47055E-4
2,47152E-4
2,55149E-4
2,52745E-4
2,49551E-4
2,51851E-4
2,38131E-4
2,50056E-4
2,51622E-4
2,55115E-4
2,46185E-4
2,52828E-4
2,52803E-4
2,43092E-4
2,52206E-4
2,50184E-4
2,37576E-4
2,63885E-4
2,58253E-4
2,37746E-4
2,44754E-4
2,56419E-4
2,41058E-4
2,47456E-4
2,50768E-4
2,40554E-4
2,56441E-4
2,39354E-4
2,45167E-4
2,54125E-4
2,52674E-4
2,70919E-4
2,48252E-4
2,65553E-4
2,38173E-4
2,78027E-4
2,43448E-4
2,44962E-4
2,83172E-4
2,56193E-4
2,52716E-4
2,40129E-4
2,57027E-4
2,41034E-4
2,54773E-4
2,57625E-4
2,50166E-4
2,37684E-4
2,34582E-4
2,45629E-4
2,55051E-4
2,35798E-4
2,44627E-4
2,55749E-4
2,37197E-4
2,39829E-4
2,48695E-4
2,51849E-4
2,56423E-4
2,46685E-4
2,5507E-4
2,56264E-4
2,51303E-4
2,55076E-4
2,54521E-4
2,59792E-4
2,42595E-4
2,56233E-4
2,37332E-4
2,43745E-4
2,41254E-4
2,53267E-4
2,5894E-4
2,66076E-4
2,51028E-4
2,60597E-4
2,44513E-4
2,40255E-4
2,38529E-4
2,78384E-4
2,50335E-4
2,53977E-4
2,54882E-4
2,55514E-4
2,57238E-4
2,41301E-4
2,58057E-4
2,7786E-4
2,61076E-4
2,38792E-4
2,38394E-4
2,52933E-4
2,56335E-4
2,37904E-4
2,43119E-4
2,51346E-4
2,43204E-4
2,36154E-4
2,49947E-4
2,59929E-4
2,3916E-4
2,59152E-4
2,52967E-4
2,55431E-4
2,56576E-4
2,59058E-4
2,58067E-4
2,54102E-4
2,47388E-4
2,4582E-4
2,61538E-4
2,59613E-4
2,53954E-4
2,54442E-4
2,38935E-4
2,41197E-4
2,59945E-4
2,52091E-4
2,39877E-4
2,38739E-4
2,48078E-4
2,45972E-4
2,45012E-4
2,57569E-4
2,53432E-4
2,35075E-4
2,51886E-4
2,37019E-4
2,42993E-4
2,42363E-4
2,40323E-4
2,36467E-4
2,41743E-4
2,57246E-4
2,39285E-4
2,5891E-4
2,53839E-4
2,47379E-4
2,40838E-4
2,55746E-4
2,46407E-4
2,43572E-4
2,65399E-4
2,46002E-4
2,42176E-4
2,53297E-4
2,75726E-4
2,35965E-4
2,39956E-4
2,63461E-4
2,49918E-4
2,3636E-4
2,46507E-4
2,61666E-4
2,51299E-4
2,55651E-4
2,45752E-4
2,56793E-4
2,5485E-4
2,39539E-4
2,51749E-4
2,35942E-4
2,38201E-4
2,62156E-4
2,54595E-4
2,75995E-4
2,79006E-4
2,67645E-4
2,47843E-4
2,54019E-4
2,39011E-4
2,57225E-4
2,57896E-4
2,52626E-4
2,34987E-4
2,71498E-4
2,38638E-4
2,38218E-4
2,39649E-4
2,49446E-4
2,68397E-4
2,67745E-4
2,59223E-4
2,55408E-4
2,4305E-4
2,52668E-4
2,57399E-4
2,43442E-4
2,61148E-4
2,42468E-4
2,42877E-4
2,55814E-4
2,62686E-4
2,54519E-4
2,63439E-4
2,50827E-4
2,40676E-4
2,7369E-4
2,35586E-4
2,54893E-4
2,57741E-4
2,4167E-4
2,55671E-4
2,54117E-4
2,55939E-4
2,38361E-4
2,70421E-4
2,37626E-4
2,52922E-4
2,36976E-4
2,42018E-4
2,35542E-4
2,71332E-4
2,42443E-4
2,6003E-4
2,68678E-4
2,4055E-4
2,57074E-4
2,4242E-4
2,42125E-4
2,38418E-4
2,34797E-4
2,55614E-4
2,38631E-4
2,39596E-4
2,38959E-4
2,34966E-4
2,47342E-4
2,57834E-4
2,43282E-4
2,51391E-4
2,50382E-4
2,52663E-4
2,44632E-4
2,6096E-4
2,53518E-4
2,59773E-4
2,52373E-4
2,48859E-4
2,62521E-4
2,57257E-4
2,51344E-4
2,54953E-4
2,49387E-4
2,54363E-4
2,47109E-4
2,45191E-4
2,42412E-4
2,38298E-4
2,36833E-4
2,52863E-4
2,56802E-4
2,47003E-4
2,40036E-4
2,66369E-4
2,39374E-4
2,43652E-4
2,57981E-4
2,42617E-4
2,53304E-4
2,53515E-4
2,50165E-4
2,51743E-4
2,43176E-4
2,56549E-4
2,61446E-4
2,45913E-4
2,5596E-4
2,41779E-4
2,41244E-4
2,5301E-4
2,5521E-4
2,68986E-4
2,55763E-4
2,49882E-4
2,38393E-4
2,35783E-4
2,42632E-4
2,44916E-4
2,38056E-4
2,40265E-4
2,5578E-4
2,46152E-4
2,46032E-4
2,56063E-4
2,59669E-4
2,36721E-4
2,63598E-4
2,37594E-4
2,52686E-4
2,56664E-4
2,52711E-4
2,39931E-4
2,56527E-4
2,44882E-4
2,53377E-4
2,38791E-4
2,73811E-4
2,42403E-4
2,38645E-4
2,58788E-4
2,36769E-4
2,43154E-4
2,372E-4
2,55643E-4
2,36298E-4
2,54685E-4
2,50216E-4
2,5555E-4
2,55703E-4
2,39129E-4
2,45404E-4
2,54332E-4
2,56854E-4
2,36232E-4
2,45302E-4
2,57432E-4
2,55091E-4
2,59625E-4
2,39816E-4
2,54225E-4
2,54486E-4
2,41848E-4
2,53778E-4
2,47754E-4
2,38569E-4
2,45898E-4
2,51211E-4
2,44211E-4
2,51387E-4
2,56002E-4
2,55193E-4
2,58962E-4
2,53738E-4
2,43485E-4
2,58524E-4
2,36599E-4
2,44995E-4
2,42116E-4
2,39037E-4
2,61802E-4
2,56644E-4
2,55298E-4
2,36797E-4
2,59169E-4
2,68895E-4
2,42995E-4
2,38265E-4
2,54541E-4
2,45034E-4
2,49946E-4
2,53574E-4
2,52713E-4
2,46099E-4
2,37221E-4
2,5756E-4
2,50604E-4
2,5664E-4
2,45508E-4
2,35048E-4
2,37639E-4
2,5112E-4
2,4748E-4
2,44846E-4
2,434E-4
2,58187E-4
2,46999E-4
2,53872E-4
2,41191E-4
2,39089E-4
2,41788E-4
2,56805E-4
2,50833E-4
2,51683E-4
2,573E-4
2,43359E-4
2,44405E-4
2,56434E-4
2,40286E-4
2,41513E-4
2,53865E-4
2,55836E-4
2,57204E-4
2,43474E-4
2,57992E-4
2,63393E-4
2,38622E-4
2,56756E-4
2,36589E-4
2,5491E-4
2,46968E-4
2,53739E-4
2,35489E-4
2,43415E-4
2,53458E-4
2,37017E-4
2,42366E-4
2,52343E-4
2,41817E-4
2,37747E-4
2,62989E-4
2,52566E-4
2,60201E-4
2,42996E-4
2,51965E-4
2,68753E-4
2,42707E-4
2,35291E-4
2,48916E-4
2,52419E-4
2,55569E-4
2,53274E-4
2,39225E-4
2,39773E-4
2,51026E-4
2,58267E-4
2,36065E-4
2,4151E-4
2,51583E-4
2,40765E-4
2,51331E-4
2,52162E-4
2,47737E-4
2,45947E-4
2,358E-4
2,49021E-4
2,47297E-4
2,76995E-4
2,41055E-4
2,40131E-4
2,42811E-4
2,36244E-4
2,38371E-4
2,40014E-4
2,57073E-4
2,43712E-4
2,36392E-4
2,34292E-4
2,48704E-4
2,52319E-4
2,67485E-4
2,41279E-4
2,50553E-4
2,35738E-4
3,35246E-4
3,85992E-4
3,75923E-4
3,60695E-4
3,60611E-4
3,58648E-4
3,71558E-4
3,60033E-4
3,30674E-4
3,49857E-4
3,87476E-4
3,66488E-4
3,38383E-4
4,23157E-4
3,66201E-4
3,77547E-4
4,23112E-4
3,80093E-4
3,70424E-4
3,73162E-4
3,58917E-4
3,18306E-4
3,30937E-4
3,70743E-4
3,42554E-4
3,7386E-4
3,16956E-4
3,24655E-4
4,17473E-4
3,92015E-4
4,00128E-4
3,95899E-4
3,45808E-4
3,95424E-4
2,56896E-4
2,63846E-4
2,5244E-4
2,52911E-4
2,54504E-4
2,39029E-4
2,57581E-4
2,36362E-4
2,51426E-4
2,62624E-4
2,54651E-4
2,54878E-4
2,33391E-4
2,5267E-4
2,52321E-4
2,50329E-4
2,53565E-4
2,46546E-4
2,38622E-4
2,36153E-4
2,61112E-4
2,40917E-4
2,49671E-4
2,72351E-4
2,47222E-4
2,36125E-4
2,55596E-4
2,3976E-4
2,51732E-4
2,55606E-4
2,3997E-4
2,49988E-4
2,42009E-4
2,5125E-4
2,58492E-4
2,45491E-4
2,59258E-4
2,37856E-4
2,66555E-4
2,38761E-4
2,40566E-4
2,36566E-4
2,57544E-4
0,001941275
3,7737E-4
3,70681E-4
3,31458E-4
3,64774E-4
3,12038E-4
3,08749E-4
3,42644E-4
3,08695E-4
3,41526E-4
3,62652E-4
3,42533E-4
3,41621E-4
3,54199E-4
3,23368E-4
3,53279E-4
3,61868E-4
4,24264E-4
3,85453E-4
3,70478E-4
3,64852E-4
3,58896E-4
4,01156E-4
3,70843E-4
3,87098E-4
3,01647E-4
3,71451E-4
3,6079E-4
3,2145E-4
3,63059E-4
3,76632E-4
3,77046E-4
3,49455E-4
3,92534E-4
3,58953E-4
3,75807E-4
3,32791E-4
3,30998E-4
3,374E-4
3,5658E-4
3,12471E-4
3,11941E-4
4,62343E-4
3,58665E-4
2,39432E-4
2,48131E-4
2,57377E-4
2,35554E-4
2,47542E-4
3,8743E-4
4,01147E-4
3,3641E-4
3,37802E-4
3,63833E-4
3,66452E-4
3,37219E-4
3,4986E-4
3,41883E-4
3,39589E-4
2,92631E-4
4,46706E-4
3,48206E-4
2,55929E-4
2,45657E-4
2,60187E-4
3,76547E-4
2,60561E-4
2,43552E-4
2,48785E-4
2,49385E-4
2,5451E-4
2,59952E-4
2,42265E-4
2,3929E-4
2,48258E-4
2,55717E-4
2,7727E-4
2,51111E-4
2,57105E-4
2,61565E-4
2,52613E-4
2,4701E-4
2,49541E-4
2,47536E-4
2,84948E-4
2,53044E-4
2,55248E-4
2,60098E-4
2,46293E-4
2,54654E-4
2,38871E-4
2,61714E-4
2,67437E-4
2,46099E-4
2,59497E-4
2,40971E-4
2,54516E-4
2,4835E-4
2,44454E-4
2,43242E-4
2,72904E-4
2,35794E-4
2,63596E-4
2,36031E-4
2,74212E-4
2,68668E-4
3,2941E-4
3,4606E-4
2,48987E-4
2,36004E-4
2,38131E-4
2,3675E-4
2,42094E-4
2,57535E-4
2,52082E-4
2,4745E-4
2,52333E-4
2,43171E-4
2,44031E-4
2,52846E-4
2,413E-4
2,55133E-4
2,54384E-4
2,46833E-4
2,57078E-4
2,58517E-4
2,76382E-4
2,44646E-4
2,3977E-4
2,45936E-4
2,62891E-4
2,59991E-4
2,54768E-4
2,40884E-4
2,44523E-4
2,39654E-4
2,58742E-4
2,4006E-4
2,5227E-4
2,53709E-4
2,43109E-4
2,52549E-4
2,39379E-4
2,57429E-4
2,53735E-4
2,61203E-4
2,5526E-4
2,61341E-4
2,56362E-4
2,53539E-4
2,40624E-4
2,54434E-4
2,61157E-4
2,55015E-4
2,46397E-4
2,58878E-4
2,439E-4
2,59081E-4
2,54562E-4
2,55584E-4
2,45369E-4
2,65248E-4
2,59729E-4
2,46038E-4
2,57048E-4
2,52821E-4
2,42396E-4
2,45786E-4
2,5217E-4
2,67086E-4
2,40291E-4
2,43688E-4
2,53111E-4
2,57865E-4
2,41375E-4
2,4367E-4
2,74234E-4
2,55565E-4
2,53929E-4
2,46453E-4
2,5743E-4
2,82087E-4
2,46812E-4
2,6554E-4
2,49679E-4
2,44104E-4
2,42752E-4
2,39624E-4
2,50027E-4
2,64088E-4
2,63978E-4
2,46771E-4
2,51728E-4
2,49679E-4
2,55409E-4
2,48874E-4
2,55562E-4
2,44908E-4
2,54523E-4
2,68086E-4
2,60676E-4
2,39355E-4
2,39629E-4
2,54962E-4
2,39788E-4
2,54062E-4
2,86987E-4
2,45741E-4
2,44374E-4
2,46179E-4
2,63732E-4
3,51095E-4
3,62176E-4
3,54089E-4
3,87145E-4
3,89542E-4
3,64384E-4
3,7277E-4
3,79385E-4
3,7391E-4
2,96613E-4
3,94293E-4
3,70368E-4
3,35563E-4
3,43665E-4
3,11387E-4
3,61202E-4
3,54912E-4
3,75325E-4
4,35045E-4
3,52201E-4
3,41532E-4
3,49788E-4
3,99315E-4
4,21526E-4
3,68429E-4
2,57708E-4
2,45491E-4
2,64271E-4
2,74797E-4
2,40562E-4
2,51366E-4
2,60842E-4
3,92385E-4
3,31989E-4
2,52498E-4
2,38347E-4
2,54282E-4
2,46723E-4
2,43296E-4
2,51965E-4
2,56793E-4
2,43076E-4
2,46134E-4
2,59917E-4
2,54666E-4
2,48945E-4
2,45919E-4
2,43298E-4
2,38773E-4
2,65281E-4
2,3592E-4
3,63917E-4
2,58912E-4
2,38393E-4
2,41249E-4
2,5661E-4
2,40385E-4
2,41387E-4
2,48528E-4
2,48645E-4
2,43059E-4
2,40866E-4
2,43061E-4
2,50514E-4
2,38395E-4
2,61094E-4
2,55127E-4
2,55134E-4
2,40033E-4
2,39178E-4
2,61741E-4
2,40961E-4
2,60865E-4
2,55871E-4
2,48944E-4
2,55432E-4
2,59751E-4
2,76184E-4
2,43695E-4
2,55956E-4
2,5693E-4
2,62478E-4
2,59522E-4
2,56653E-4
2,56924E-4
2,55184E-4
2,62021E-4
2,44182E-4
2,5748E-4
2,56342E-4
2,46765E-4
2,95142E-4
2,64691E-4
2,55946E-4
2,34996E-4
2,55303E-4
2,50625E-4
2,58644E-4
2,59649E-4
2,5204E-4
2,40622E-4
2,50527E-4
2,52186E-4
2,4061E-4
2,37109E-4
2,55859E-4
2,54126E-4
2,38533E-4
2,52931E-4
2,38363E-4
2,54088E-4
2,40499E-4
2,52257E-4
2,64723E-4
2,54594E-4
2,62605E-4
2,56628E-4
2,5449E-4
2,56848E-4
2,54518E-4
2,40094E-4
2,56159E-4
2,75883E-4
2,37005E-4
2,56023E-4
2,44038E-4
2,74743E-4
2,58069E-4
2,38633E-4
2,53764E-4
2,57161E-4
2,53801E-4
2,48957E-4
2,49916E-4
2,47186E-4
2,52472E-4
2,56792E-4
2,44454E-4
2,50697E-4
2,44774E-4
2,7065E-4
2,39047E-4
2,60932E-4
2,54187E-4
2,51595E-4
2,57588E-4
2,50761E-4
2,51322E-4
2,50305E-4
2,61566E-4
2,57749E-4
2,54157E-4
2,72634E-4
2,54432E-4
2,54801E-4
2,55053E-4
2,51952E-4
2,37803E-4
2,59108E-4
2,52895E-4
2,51467E-4
2,52115E-4
2,47113E-4
2,60343E-4
2,56425E-4
2,52451E-4
2,90297E-4
2,554E-4
2,5612E-4
2,40378E-4
2,60977E-4
2,57514E-4
2,52563E-4
2,51441E-4
2,5851E-4
2,50536E-4
2,5151E-4
2,57766E-4
2,56018E-4
2,51266E-4
2,56867E-4
2,71281E-4
2,74092E-4
2,65203E-4
2,8484E-4
2,67031E-4
2,40545E-4
2,49717E-4
2,57626E-4
2,36941E-4
2,51975E-4
2,6577E-4
2,37863E-4
2,72831E-4
2,53647E-4
2,73297E-4
2,57497E-4
2,50035E-4
3,29154E-4
2,53863E-4
2,38048E-4
2,55436E-4
2,5543E-4
2,54411E-4
2,41502E-4
2,5382E-4
2,56637E-4
2,40735E-4
2,60085E-4
2,57212E-4
2,53656E-4
2,53086E-4
2,53883E-4
2,74098E-4
3,16192E-4
2,90231E-4
3,17826E-4
2,915E-4
2,53882E-4
2,71568E-4
2,53759E-4
2,54835E-4
2,54642E-4
2,54194E-4
2,5294E-4
2,69979E-4
2,53096E-4
2,61535E-4
2,56779E-4
2,497E-4
2,54711E-4
2,56818E-4
2,51504E-4
2,55725E-4
2,67037E-4
2,55612E-4
2,52989E-4
2,57505E-4
2,57684E-4
2,63113E-4
2,54024E-4
2,50322E-4
2,54401E-4
2,53993E-4
2,69537E-4
2,52509E-4
2,6162E-4
2,54262E-4
2,54672E-4
2,54172E-4
2,54584E-4
2,53779E-4
2,50773E-4
2,52136E-4
2,53707E-4
2,7674E-4
2,5205E-4
2,55209E-4
2,50959E-4
2,53928E-4
2,5396E-4
2,47846E-4
2,48917E-4
2,60618E-4
2,59165E-4
2,58348E-4
2,53612E-4
2,59494E-4
2,58076E-4
2,5837E-4
2,57258E-4
2,55455E-4
2,53413E-4
2,51564E-4
2,50808E-4
2,55018E-4
2,48952E-4
2,5131E-4
2,79248E-4
2,64001E-4
2,60133E-4
2,76013E-4
2,50388E-4
2,51982E-4
2,55305E-4
2,53543E-4
2,62663E-4
2,52228E-4
2,48986E-4
2,5449E-4
2,76011E-4
2,50852E-4
2,52223E-4
2,51678E-4
2,5663E-4
2,56524E-4
2,4881E-4
2,51447E-4
2,50037E-4
2,75531E-4
2,62928E-4
2,51964E-4
2,54869E-4
2,4932E-4
2,49316E-4
2,53584E-4
2,46142E-4
2,50475E-4
2,52229E-4
2,54367E-4
2,47008E-4
2,51238E-4
2,51586E-4
2,56067E-4
2,53878E-4
2,52417E-4
2,47419E-4
2,50578E-4
2,48288E-4
2,49768E-4
2,5532E-4
2,47375E-4
2,4985E-4
2,49256E-4
2,48193E-4
2,67002E-4
2,49961E-4
2,53103E-4
2,65918E-4
2,58254E-4
2,45945E-4
2,48381E-4
2,49242E-4
2,5263E-4
2,51009E-4
2,48749E-4
2,49941E-4
2,49892E-4
2,66171E-4
2,51332E-4
2,5049E-4
2,48267E-4
2,50721E-4
2,50382E-4
2,66549E-4
