2,5026E-4
2,40319E-4
2,43607E-4
2,43778E-4
2,50366E-4
2,56926E-4
2,43133E-4
2,72455E-4
2,59932E-4
2,44035E-4
2,52737E-4
2,5915E-4
2,45414E-4
2,50389E-4
2,5632E-4
2,47013E-4
2,68185E-4
2,52706E-4
2,69749E-4
2,48512E-4
2,57013E-4
2,47488E-4
2,54848E-4
2,47473E-4
2,41501E-4
2,35391E-4
2,58354E-4
2,45807E-4
2,59338E-4
2,53935E-4
2,53812E-4
2,51047E-4
2,53469E-4
2,43013E-4
2,61497E-4
2,39597E-4
2,51729E-4
2,37555E-4
2,54747E-4
2,57878E-4
4,15201E-4
3,7027E-4
2,54387E-4
3,40377E-4
3,68691E-4
3,27776E-4
3,3712E-4
3,6698E-4
3,32262E-4
3,28672E-4
3,91003E-4
2,52708E-4
2,53394E-4
2,52913E-4
2,50596E-4
2,47498E-4
2,52119E-4
2,56466E-4
2,53783E-4
2,58693E-4
2,54614E-4
2,53126E-4
2,56176E-4
2,44516E-4
2,3512E-4
2,62901E-4
2,53927E-4
2,41517E-4
2,5422E-4
2,34994E-4
2,44653E-4
2,56641E-4
2,51535E-4
2,37104E-4
2,58963E-4
2,49157E-4
2,50924E-4
2,39654E-4
2,64E-4
2,57298E-4
2,41548E-4
2,47712E-4
2,52051E-4
2,66831E-4
2,66052E-4
2,41423E-4
2,5757E-4
2,55097E-4
2,736E-4
2,41051E-4
2,44481E-4
2,37579E-4
0,009897786
2,55096E-4
2,41833E-4
2,37512E-4
2,54024E-4
2,3975E-4
2,61438E-4
2,49464E-4
2,48971E-4
2,51373E-4
2,55508E-4
2,63066E-4
2,38496E-4
2,54991E-4
2,39304E-4
2,42618E-4
2,38473E-4
2,3427E-4
2,40654E-4
2,40969E-4
2,56782E-4
2,37299E-4
2,3425E-4
2,367E-4
2,5534E-4
2,54096E-4
2,45672E-4
2,50077E-4
2,41784E-4
2,70016E-4
2,38831E-4
2,59045E-4
2,41491E-4
2,9019E-4
2,5454E-4
2,45105E-4
2,39928E-4
2,64651E-4
2,48257E-4
2,35513E-4
2,56802E-4
2,54246E-4
2,51905E-4
2,57704E-4
2,43978E-4
2,43234E-4
2,72822E-4
2,38183E-4
2,5017E-4
2,42392E-4
2,70626E-4
2,63909E-4
2,54934E-4
2,44808E-4
2,76541E-4
2,4021E-4
2,42519E-4
2,50243E-4
2,79864E-4
2,60356E-4
2,59754E-4
2,59181E-4
2,67011E-4
2,43425E-4
2,44865E-4
2,383E-4
2,39743E-4
2,56962E-4
2,38914E-4
2,34843E-4
2,60282E-4
2,52622E-4
2,39042E-4
2,37217E-4
2,49266E-4
2,62019E-4
2,43858E-4
2,72006E-4
2,47427E-4
2,39649E-4
2,61872E-4
2,49147E-4
2,5596E-4
3,78896E-4
3,20777E-4
3,57199E-4
2,61498E-4
2,42143E-4
2,41018E-4
2,55537E-4
2,37017E-4
2,45667E-4
2,33744E-4
2,53073E-4
2,4336E-4
2,34356E-4
2,58555E-4
2,42066E-4
2,36058E-4
2,5851E-4
2,53771E-4
2,51334E-4
2,87593E-4
2,37856E-4
3,79772E-4
2,40132E-4
2,53057E-4
3,72238E-4
3,74784E-4
3,73263E-4
3,5383E-4
3,68644E-4
3,72364E-4
3,56349E-4
4,10614E-4
2,61025E-4
2,40937E-4
2,40156E-4
2,38091E-4
2,53249E-4
2,37284E-4
2,76752E-4
2,53776E-4
2,56293E-4
2,42031E-4
2,48622E-4
2,53962E-4
2,4441E-4
2,74026E-4
2,53039E-4
2,54266E-4
2,36024E-4
2,35427E-4
2,61375E-4
2,54109E-4
2,6505E-4
2,4601E-4
2,5865E-4
2,52052E-4
2,61628E-4
2,49913E-4
2,44157E-4
2,44545E-4
2,54271E-4
2,36403E-4
2,47244E-4
2,50118E-4
2,61146E-4
2,45343E-4
2,68813E-4
2,40619E-4
2,46798E-4
2,55614E-4
2,5542E-4
2,37822E-4
2,37931E-4
2,48953E-4
2,38067E-4
2,50028E-4
2,67363E-4
2,62165E-4
2,57648E-4
2,41488E-4
2,52302E-4
2,34821E-4
2,54912E-4
2,69444E-4
2,3762E-4
2,34976E-4
2,57455E-4
2,49341E-4
2,42371E-4
2,42352E-4
2,93778E-4
2,34796E-4
2,50477E-4
2,35556E-4
2,46033E-4
2,63353E-4
2,5386E-4
2,65155E-4
2,47746E-4
2,42586E-4
2,37213E-4
2,49195E-4
2,46736E-4
2,55135E-4
2,57292E-4
2,48853E-4
2,43335E-4
2,58425E-4
2,61723E-4
2,39676E-4
2,51969E-4
2,53269E-4
2,50969E-4
2,49037E-4
2,39298E-4
2,66407E-4
2,55646E-4
2,57968E-4
2,61879E-4
2,49785E-4
2,51808E-4
2,35954E-4
2,41042E-4
2,37722E-4
2,42373E-4
2,50091E-4
2,44101E-4
0,001788218
2,54565E-4
2,48051E-4
2,55035E-4
2,51079E-4
2,374E-4
2,45876E-4
2,43141E-4
2,4272E-4
2,82683E-4
2,37618E-4
2,53399E-4
2,37369E-4
2,56752E-4
2,44172E-4
2,51223E-4
2,36412E-4
2,51021E-4
2,52652E-4
2,52774E-4
2,55223E-4
2,53006E-4
2,38016E-4
2,38002E-4
2,49251E-4
2,74077E-4
2,56703E-4
2,41739E-4
2,79956E-4
2,44616E-4
2,45588E-4
2,5792E-4
2,37597E-4
2,49316E-4
2,55591E-4
2,58166E-4
2,60873E-4
2,43301E-4
2,39247E-4
2,54944E-4
2,41303E-4
2,38128E-4
2,74936E-4
2,5343E-4
2,58453E-4
2,49783E-4
2,35857E-4
2,53502E-4
2,52968E-4
2,56364E-4
2,73725E-4
2,57383E-4
2,44923E-4
2,36003E-4
2,4927E-4
2,53481E-4
2,35709E-4
2,59227E-4
2,34344E-4
2,65777E-4
2,40929E-4
2,39501E-4
2,64447E-4
2,60042E-4
2,42735E-4
2,55069E-4
2,62382E-4
2,38132E-4
2,38534E-4
2,35563E-4
2,43917E-4
2,58082E-4
2,57405E-4
2,51359E-4
2,55416E-4
2,43961E-4
2,42082E-4
2,58243E-4
2,66929E-4
2,57713E-4
3,52252E-4
3,14626E-4
3,66185E-4
3,80555E-4
3,56995E-4
3,34645E-4
3,63934E-4
3,79668E-4
3,21586E-4
3,48154E-4
3,4599E-4
3,55563E-4
3,58878E-4
3,13811E-4
2,78053E-4
3,84614E-4
3,61828E-4
3,62841E-4
4,13091E-4
4,12802E-4
3,73169E-4
2,54275E-4
2,4728E-4
2,45109E-4
2,38088E-4
2,59049E-4
3,88536E-4
3,27327E-4
4,0727E-4
3,80648E-4
4,34616E-4
3,72029E-4
3,15682E-4
3,5765E-4
4,52889E-4
3,61873E-4
3,38617E-4
3,24356E-4
3,1051E-4
3,67344E-4
3,5284E-4
3,69597E-4
3,69941E-4
3,44101E-4
3,52362E-4
3,28405E-4
3,21467E-4
3,62752E-4
3,87147E-4
3,71601E-4
3,70185E-4
4,08531E-4
3,38137E-4
3,56861E-4
2,53023E-4
2,52531E-4
2,44625E-4
7,52067E-4
2,43952E-4
2,54861E-4
2,57964E-4
2,48881E-4
2,50622E-4
2,39495E-4
2,52206E-4
2,51942E-4
2,40066E-4
2,47693E-4
2,47022E-4
2,74256E-4
2,55362E-4
2,47276E-4
2,34821E-4
2,51844E-4
2,46207E-4
2,38141E-4
2,45349E-4
2,46433E-4
2,55569E-4
2,5775E-4
3,82562E-4
2,56151E-4
2,35882E-4
2,44557E-4
2,51658E-4
2,60234E-4
2,70572E-4
2,59894E-4
2,61799E-4
2,37029E-4
2,5556E-4
2,56326E-4
2,67682E-4
2,5115E-4
2,5236E-4
2,39387E-4
2,53421E-4
2,43075E-4
2,39133E-4
2,43807E-4
2,37469E-4
2,49884E-4
2,40312E-4
2,39643E-4
2,54413E-4
2,5959E-4
2,4835E-4
2,6106E-4
2,52849E-4
2,45257E-4
2,4223E-4
2,43274E-4
2,44137E-4
2,49674E-4
2,37616E-4
2,5073E-4
2,43008E-4
2,4747E-4
2,3916E-4
2,67612E-4
2,3965E-4
2,59195E-4
2,6068E-4
2,42272E-4
2,51041E-4
2,37478E-4
2,37974E-4
2,42718E-4
2,46439E-4
2,66093E-4
2,38815E-4
2,43526E-4
2,37369E-4
2,56364E-4
2,36533E-4
2,55217E-4
2,46725E-4
2,66194E-4
2,56547E-4
2,56272E-4
2,33622E-4
2,45715E-4
2,45849E-4
2,4048E-4
2,40878E-4
2,64149E-4
2,49934E-4
2,39136E-4
2,7927E-4
2,53673E-4
2,42779E-4
2,58369E-4
2,47136E-4
2,59745E-4
2,62965E-4
2,55149E-4
2,49564E-4
2,43452E-4
2,59762E-4
2,44151E-4
2,4434E-4
2,51719E-4
2,56016E-4
2,36915E-4
2,57175E-4
2,47016E-4
2,52127E-4
2,37834E-4
2,35464E-4
2,4865E-4
2,44674E-4
2,53489E-4
2,45324E-4
2,87469E-4
2,37322E-4
2,60109E-4
3,14897E-4
4,48188E-4
4,55524E-4
3,91385E-4
2,63224E-4
3,33674E-4
3,41369E-4
3,70305E-4
3,76355E-4
3,35874E-4
3,81641E-4
3,44421E-4
3,60136E-4
3,43107E-4
3,37849E-4
3,58696E-4
2,40851E-4
2,51453E-4
2,57488E-4
2,56462E-4
2,47432E-4
2,46182E-4
2,38952E-4
2,37571E-4
2,53263E-4
2,47832E-4
2,51328E-4
2,53209E-4
2,49124E-4
2,44248E-4
2,42526E-4
2,3531E-4
2,68508E-4
2,42201E-4
2,51025E-4
2,50907E-4
2,50705E-4
2,50287E-4
2,3528E-4
2,37044E-4
2,55549E-4
2,50901E-4
2,58886E-4
2,50179E-4
2,4791E-4
2,59553E-4
2,36269E-4
2,53553E-4
2,55205E-4
2,38349E-4
2,40595E-4
2,47794E-4
0,001108158
2,40883E-4
2,51625E-4
2,70307E-4
2,49701E-4
2,53327E-4
2,39505E-4
2,48949E-4
2,42813E-4
2,53261E-4
2,39237E-4
2,53346E-4
2,38191E-4
2,46051E-4
2,54309E-4
2,72399E-4
2,40286E-4
2,52129E-4
2,46548E-4
2,45883E-4
2,46786E-4
2,50808E-4
2,53882E-4
2,39304E-4
2,42297E-4
2,38408E-4
3,66486E-4
3,91516E-4
3,40243E-4
3,58025E-4
3,19552E-4
3,42862E-4
3,51559E-4
3,75128E-4
3,58895E-4
3,62942E-4
4,08116E-4
3,18424E-4
3,29646E-4
3,83174E-4
3,5484E-4
4,1162E-4
3,18807E-4
3,19881E-4
3,86537E-4
3,65848E-4
4,1244E-4
2,49462E-4
2,48089E-4
2,53344E-4
2,59025E-4
2,52161E-4
2,58114E-4
2,41688E-4
2,60823E-4
3,64286E-4
3,36254E-4
3,53521E-4
2,5702E-4
2,53482E-4
2,47043E-4
2,38563E-4
2,522E-4
2,3888E-4
2,50092E-4
2,61757E-4
2,56297E-4
2,49498E-4
2,59219E-4
2,39737E-4
2,49656E-4
2,4533E-4
2,56316E-4
2,53216E-4
3,967E-4
2,51033E-4
2,4328E-4
2,75138E-4
2,53244E-4
2,51423E-4
2,43923E-4
2,63591E-4
2,54961E-4
2,56655E-4
2,4834E-4
2,35432E-4
2,44857E-4
2,56255E-4
2,41374E-4
2,56235E-4
2,61014E-4
2,38243E-4
2,56319E-4
2,46405E-4
2,48662E-4
2,52758E-4
2,40597E-4
2,57579E-4
2,47296E-4
2,77106E-4
2,40236E-4
2,43192E-4
2,44497E-4
2,38797E-4
2,55377E-4
2,51272E-4
2,63182E-4
2,57354E-4
2,64324E-4
2,46066E-4
2,53734E-4
2,41406E-4
2,56671E-4
2,52905E-4
2,46618E-4
2,55204E-4
2,6215E-4
2,6223E-4
2,61811E-4
2,47256E-4
2,52029E-4
2,36354E-4
3,65715E-4
3,61015E-4
3,43351E-4
3,99046E-4
3,76802E-4
3,45324E-4
3,32477E-4
3,59519E-4
3,60189E-4
3,84325E-4
3,6835E-4
3,6326E-4
3,57351E-4
3,18681E-4
3,77297E-4
3,70692E-4
3,85491E-4
3,518E-4
3,88901E-4
3,74547E-4
3,63177E-4
3,40638E-4
3,92755E-4
3,25045E-4
4,26586E-4
3,5762E-4
3,43694E-4
3,63284E-4
3,31889E-4
4,27462E-4
3,8716E-4
3,30728E-4
3,67302E-4
3,79112E-4
4,09408E-4
4,10459E-4
3,33018E-4
3,57643E-4
3,82086E-4
3,5368E-4
3,54451E-4
4,16255E-4
3,6805E-4
3,13627E-4
3,79943E-4
3,0661E-4
3,41128E-4
3,91676E-4
3,42993E-4
3,71985E-4
3,54112E-4
4,43497E-4
4,5567E-4
2,56865E-4
2,53977E-4
2,88972E-4
2,43646E-4
3,71623E-4
3,91695E-4
2,47486E-4
2,42095E-4
2,45852E-4
2,68222E-4
2,55554E-4
3,71637E-4
2,76425E-4
2,56754E-4
2,40047E-4
2,35133E-4
2,5244E-4
2,74451E-4
2,3517E-4
2,5478E-4
2,51007E-4
2,46792E-4
2,50837E-4
2,44337E-4
2,37848E-4
2,55268E-4
2,47038E-4
2,52431E-4
2,36575E-4
2,54098E-4
2,51779E-4
2,38159E-4
2,42973E-4
2,64116E-4
2,6516E-4
2,59503E-4
2,43845E-4
2,58758E-4
2,38939E-4
2,47434E-4
2,52521E-4
2,55178E-4
3,71572E-4
2,60924E-4
2,41158E-4
2,54392E-4
2,59768E-4
3,42008E-4
3,72336E-4
2,70362E-4
2,48934E-4
2,55611E-4
3,93885E-4
3,80889E-4
3,69631E-4
3,3939E-4
3,71891E-4
2,40992E-4
2,56799E-4
2,43949E-4
2,43251E-4
2,6167E-4
2,56855E-4
2,36418E-4
2,58598E-4
2,38977E-4
2,59158E-4
2,36254E-4
2,35294E-4
2,50472E-4
2,35756E-4
2,53235E-4
2,62235E-4
2,52013E-4
2,40684E-4
2,3966E-4
2,64693E-4
2,61431E-4
3,89113E-4
2,46698E-4
2,46162E-4
2,51433E-4
2,71082E-4
2,48167E-4
2,6294E-4
2,62455E-4
2,36851E-4
2,32832E-4
2,57784E-4
2,59716E-4
2,58064E-4
2,43474E-4
2,3712E-4
2,48914E-4
3,10597E-4
4,02088E-4
3,76202E-4
3,99105E-4
4,1391E-4
3,94393E-4
3,70695E-4
4,04618E-4
3,76549E-4
3,82185E-4
4,02484E-4
3,86322E-4
4,02446E-4
4,9214E-4
2,55741E-4
2,73148E-4
2,87274E-4
2,50384E-4
2,60441E-4
2,64988E-4
2,49982E-4
2,55634E-4
2,51878E-4
2,52236E-4
2,43951E-4
2,41012E-4
2,56477E-4
2,54426E-4
2,63094E-4
2,51319E-4
2,43655E-4
2,57501E-4
2,57694E-4
2,56196E-4
2,38137E-4
2,52171E-4
2,51608E-4
2,50585E-4
2,56202E-4
2,64158E-4
3,72931E-4
2,4591E-4
2,61902E-4
2,70184E-4
2,52793E-4
2,60203E-4
3,42914E-4
3,48723E-4
3,91002E-4
4,22748E-4
3,40604E-4
3,60773E-4
3,38739E-4
3,0286E-4
3,16458E-4
2,97802E-4
3,41808E-4
3,08302E-4
3,08264E-4
2,82138E-4
2,77262E-4
3,33768E-4
3,19347E-4
3,20555E-4
3,16955E-4
4,22922E-4
2,70809E-4
2,58361E-4
2,45381E-4
2,55119E-4
2,45888E-4
2,49211E-4
2,41329E-4
2,37515E-4
2,3784E-4
2,43226E-4
2,55763E-4
2,43734E-4
2,47544E-4
2,53874E-4
2,41813E-4
2,5153E-4
2,39379E-4
2,62901E-4
2,75905E-4
2,58041E-4
2,37167E-4
2,63592E-4
2,45601E-4
2,38338E-4
2,5803E-4
4,12263E-4
3,72938E-4
3,7628E-4
2,39213E-4
2,58748E-4
2,52255E-4
2,40715E-4
2,51112E-4
2,53824E-4
2,55038E-4
2,43879E-4
2,4112E-4
2,54045E-4
2,39133E-4
2,61627E-4
2,52072E-4
2,58339E-4
2,36655E-4
2,46199E-4
2,3965E-4
2,50246E-4
2,45906E-4
2,37968E-4
2,54888E-4
2,47073E-4
2,59981E-4
2,62808E-4
2,40773E-4
2,61449E-4
2,57403E-4
2,53941E-4
2,36738E-4
2,4928E-4
2,44101E-4
2,80029E-4
2,53976E-4
2,56843E-4
2,47091E-4
2,5478E-4
2,66276E-4
2,38651E-4
2,39437E-4
2,43028E-4
2,53419E-4
2,38742E-4
2,40391E-4
2,47649E-4
2,57357E-4
2,74524E-4
2,58305E-4
2,51635E-4
2,50572E-4
2,39469E-4
2,61807E-4
2,54197E-4
2,4866E-4
2,3432E-4
2,37694E-4
2,39118E-4
2,58243E-4
2,40556E-4
2,40108E-4
2,51931E-4
2,63628E-4
2,52422E-4
2,5013E-4
2,41494E-4
2,54524E-4
2,73064E-4
2,56759E-4
2,49247E-4
2,35761E-4
2,53171E-4
2,36028E-4
2,34964E-4
2,43372E-4
2,40618E-4
2,44826E-4
2,57925E-4
2,51525E-4
2,55898E-4
2,51554E-4
2,41402E-4
2,48761E-4
2,52702E-4
2,50847E-4
2,61633E-4
2,36971E-4
2,57008E-4
2,58644E-4
2,5301E-4
2,68576E-4
2,50262E-4
2,35962E-4
2,37679E-4
2,5177E-4
2,52785E-4
2,53632E-4
2,48636E-4
2,45261E-4
2,68047E-4
2,40302E-4
2,36973E-4
2,51158E-4
2,4442E-4
2,52373E-4
2,53865E-4
2,41218E-4
2,57106E-4
2,73023E-4
2,59474E-4
2,37159E-4
2,61388E-4
2,41959E-4
2,49759E-4
2,43507E-4
2,40762E-4
2,56226E-4
2,54217E-4
2,5326E-4
2,8615E-4
2,6013E-4
2,62958E-4
2,54068E-4
2,47197E-4
2,58289E-4
2,53077E-4
2,60519E-4
2,59914E-4
2,38077E-4
2,42531E-4
2,40155E-4
3,49209E-4
2,45198E-4
2,57476E-4
2,56145E-4
2,99935E-4
2,38068E-4
2,51399E-4
2,53062E-4
2,54281E-4
2,51534E-4
2,40327E-4
2,38265E-4
2,64832E-4
2,53013E-4
3,76538E-4
2,71266E-4
3,17688E-4
4,01157E-4
3,93986E-4
3,74022E-4
3,93234E-4
4,10404E-4
3,60367E-4
3,94757E-4
3,62887E-4
3,70435E-4
3,87262E-4
3,75246E-4
4,10433E-4
4,10714E-4
4,13418E-4
4,06965E-4
3,96374E-4
4,20079E-4
4,06335E-4
5,27205E-4
4,94214E-4
4,61007E-4
4,04704E-4
4,12259E-4
3,73321E-4
4,0738E-4
4,67547E-4
3,94356E-4
4,03096E-4
3,76415E-4
4,08453E-4
0,002466717
2,53645E-4
3,8684E-4
2,51976E-4
2,5478E-4
2,40882E-4
2,51883E-4
2,40612E-4
2,53259E-4
2,54964E-4
2,44138E-4
2,75531E-4
2,38429E-4
2,49384E-4
2,52715E-4
2,57121E-4
2,3856E-4
2,56846E-4
2,41528E-4
2,51817E-4
2,51165E-4
2,5621E-4
2,35362E-4
2,49955E-4
2,38488E-4
2,53496E-4
2,47752E-4
2,51346E-4
2,39267E-4
2,42851E-4
2,43707E-4
2,37178E-4
2,50456E-4
2,43813E-4
2,54775E-4
2,4071E-4
2,47566E-4
2,5407E-4
2,49915E-4
2,37586E-4
2,63619E-4
2,56177E-4
2,43676E-4
2,56114E-4
2,39371E-4
2,42176E-4
2,56179E-4
2,57406E-4
2,54557E-4
2,52315E-4
2,4154E-4
2,69626E-4
2,5189E-4
2,41147E-4
2,58305E-4
2,61863E-4
2,52989E-4
2,40053E-4
2,5589E-4
2,64322E-4
2,63525E-4
2,69195E-4
2,53874E-4
2,41204E-4
2,48376E-4
2,40749E-4
2,52822E-4
2,4398E-4
2,49006E-4
2,51677E-4
2,40153E-4
2,42807E-4
2,36944E-4
2,48303E-4
2,56398E-4
2,51468E-4
2,43044E-4
2,56549E-4
2,52563E-4
2,73503E-4
2,55996E-4
2,44025E-4
2,46166E-4
2,65619E-4
2,36251E-4
2,4498E-4
2,6818E-4
2,35133E-4
2,67164E-4
2,61904E-4
2,53658E-4
2,35724E-4
2,49823E-4
2,6887E-4
2,43175E-4
2,56429E-4
2,49211E-4
2,55593E-4
2,52229E-4
2,39957E-4
2,57814E-4
2,41163E-4
2,59647E-4
2,42567E-4
2,61834E-4
2,66575E-4
2,44384E-4
2,41823E-4
2,74429E-4
2,5274E-4
2,35292E-4
2,39024E-4
2,5404E-4
2,53989E-4
2,37528E-4
2,56637E-4
2,74992E-4
2,48823E-4
2,33396E-4
2,61304E-4
2,3667E-4
2,42011E-4
2,55941E-4
2,42074E-4
2,55084E-4
2,57799E-4
2,50538E-4
2,40529E-4
2,38508E-4
2,54324E-4
2,56606E-4
2,59626E-4
2,44628E-4
2,78735E-4
2,52569E-4
2,60968E-4
2,55098E-4
3,20948E-4
3,93035E-4
3,25418E-4
4,05791E-4
2,51755E-4
2,38154E-4
2,44674E-4
2,41692E-4
2,56167E-4
2,54592E-4
2,56043E-4
2,52882E-4
2,53003E-4
2,38267E-4
2,52738E-4
2,59482E-4
2,49301E-4
2,42228E-4
2,38632E-4
2,51223E-4
2,58457E-4
2,44335E-4
2,51611E-4
2,42071E-4
2,43964E-4
2,46432E-4
2,52595E-4
2,54171E-4
2,58137E-4
2,53504E-4
2,39827E-4
2,37854E-4
2,5993E-4
2,594E-4
2,41524E-4
2,46471E-4
2,41136E-4
2,4116E-4
2,42512E-4
2,5634E-4
2,53796E-4
2,44008E-4
2,51306E-4
2,58222E-4
2,56772E-4
2,52906E-4
2,52991E-4
2,37482E-4
2,47815E-4
2,41664E-4
2,42397E-4
2,3376E-4
2,36034E-4
2,35022E-4
2,55604E-4
2,37647E-4
2,38442E-4
2,48311E-4
2,38989E-4
2,40786E-4
2,57565E-4
2,36792E-4
2,542E-4
2,47335E-4
2,54346E-4
2,41637E-4
2,43776E-4
2,3884E-4
2,51741E-4
2,40245E-4
2,4956E-4
2,58472E-4
2,43956E-4
2,62273E-4
2,5514E-4
2,45712E-4
2,58454E-4
2,40828E-4
2,56809E-4
2,56673E-4
2,44834E-4
2,70074E-4
2,37558E-4
2,54046E-4
2,56399E-4
2,75651E-4
2,52874E-4
2,58709E-4
2,34861E-4
2,41682E-4
2,57689E-4
2,43564E-4
2,36284E-4
2,36294E-4
2,50565E-4
2,51712E-4
2,49058E-4
2,57776E-4
2,35225E-4
2,53917E-4
2,37296E-4
2,4741E-4
2,35335E-4
2,46023E-4
2,67163E-4
2,49861E-4
2,57122E-4
2,37812E-4
2,37537E-4
2,34785E-4
2,48489E-4
0,00154065
2,44546E-4
2,58089E-4
2,44099E-4
2,57795E-4
2,36808E-4
2,36664E-4
2,56416E-4
2,60138E-4
2,40606E-4
3,78096E-4
4,01637E-4
3,47718E-4
4,01327E-4
3,38303E-4
3,7679E-4
3,5036E-4
3,30947E-4
3,53567E-4
2,50437E-4
2,38792E-4
2,55071E-4
2,37664E-4
2,5409E-4
2,37568E-4
2,67193E-4
2,46854E-4
2,38649E-4
2,53738E-4
2,42968E-4
2,51456E-4
2,34709E-4
2,65484E-4
2,41895E-4
2,5829E-4
2,43E-4
2,42421E-4
2,54321E-4
2,47294E-4
2,40251E-4
2,49076E-4
2,49347E-4
2,5355E-4
2,37134E-4
2,47225E-4
2,58757E-4
2,74376E-4
2,43028E-4
2,45228E-4
2,56199E-4
2,66004E-4
2,42916E-4
2,40111E-4
2,39866E-4
2,39401E-4
2,47597E-4
2,51194E-4
2,45385E-4
2,37396E-4
2,53371E-4
2,38173E-4
2,39433E-4
2,60185E-4
2,42988E-4
2,57086E-4
2,48631E-4
2,70954E-4
2,65125E-4
2,45568E-4
2,50079E-4
2,37229E-4
2,38658E-4
2,4366E-4
2,40732E-4
2,60171E-4
2,55749E-4
2,33064E-4
2,35913E-4
2,39638E-4
2,50987E-4
3,06386E-4
2,56703E-4
2,41594E-4
2,56738E-4
2,43145E-4
2,57309E-4
2,39769E-4
2,52696E-4
2,47035E-4
2,6963E-4
2,68433E-4
2,49259E-4
2,41048E-4
2,45117E-4
2,52136E-4
2,51384E-4
2,46536E-4
2,41562E-4
2,50341E-4
2,68247E-4
2,43715E-4
2,44172E-4
2,55055E-4
2,50293E-4
2,55176E-4
2,50997E-4
2,52276E-4
2,55127E-4
2,3641E-4
2,51354E-4
2,45239E-4
2,56482E-4
2,47178E-4
2,45044E-4
2,52841E-4
2,61424E-4
2,39392E-4
2,58989E-4
2,40665E-4
2,46347E-4
2,60498E-4
2,48709E-4
2,37743E-4
2,45978E-4
3,49122E-4
4,22951E-4
4,17691E-4
3,81073E-4
3,43908E-4
3,58725E-4
3,15562E-4
3,80192E-4
3,72852E-4
3,36383E-4
3,67894E-4
2,58087E-4
2,56933E-4
2,37327E-4
2,43302E-4
2,62785E-4
2,48329E-4
2,56042E-4
2,54203E-4
2,57339E-4
2,54748E-4
2,58058E-4
2,73706E-4
2,64782E-4
2,60336E-4
2,43512E-4
2,62593E-4
2,47685E-4
2,57344E-4
2,58547E-4
2,53273E-4
2,44089E-4
2,44964E-4
2,35297E-4
2,47069E-4
2,40529E-4
2,44615E-4
2,50037E-4
2,55419E-4
2,394E-4
2,40415E-4
2,47888E-4
2,49352E-4
2,52692E-4
2,4792E-4
2,52028E-4
2,42877E-4
2,43891E-4
2,52882E-4
2,5698E-4
2,50915E-4
2,50409E-4
2,69165E-4
2,37534E-4
2,50959E-4
2,50432E-4
2,50291E-4
2,51204E-4
2,49538E-4
0,00154859
2,60052E-4
2,41963E-4
2,73856E-4
2,36138E-4
2,52436E-4
2,50526E-4
2,49011E-4
2,35455E-4
2,58002E-4
2,45329E-4
3,648E-4
3,62719E-4
3,42833E-4
3,50477E-4
3,69595E-4
3,59296E-4
3,51319E-4
3,49049E-4
2,96599E-4
2,93614E-4
3,09577E-4
3,13006E-4
3,06028E-4
2,98511E-4
3,00699E-4
3,32484E-4
3,2894E-4
3,28119E-4
3,05788E-4
3,18333E-4
3,12005E-4
3,17561E-4
2,87942E-4
3,20656E-4
3,29304E-4
3,06492E-4
3,30832E-4
3,6087E-4
3,71104E-4
3,46925E-4
3,38884E-4
3,63378E-4
4,62215E-4
3,67156E-4
3,95929E-4
3,5262E-4
3,73205E-4
3,94105E-4
3,57034E-4
3,74106E-4
3,59877E-4
3,96092E-4
3,52667E-4
3,94241E-4
3,70878E-4
3,33693E-4
3,30962E-4
4,1471E-4
3,54922E-4
4,4229E-4
3,95625E-4
3,63401E-4
3,5887E-4
3,79455E-4
3,39379E-4
3,80176E-4
3,41897E-4
4,18564E-4
3,41111E-4
3,51884E-4
3,37587E-4
3,6584E-4
3,75588E-4
4,10404E-4
3,66991E-4
2,46567E-4
2,59198E-4
2,37827E-4
2,38171E-4
2,52769E-4
2,43194E-4
2,50037E-4
2,56003E-4
2,44309E-4
2,389E-4
2,55008E-4
2,42558E-4
2,42642E-4
2,45953E-4
2,56144E-4
2,49641E-4
2,40382E-4
2,42723E-4
2,41634E-4
2,51312E-4
2,41882E-4
2,49591E-4
2,41473E-4
2,63088E-4
2,55495E-4
2,43081E-4
2,79842E-4
2,36703E-4
2,40959E-4
2,38802E-4
2,62002E-4
2,59133E-4
2,41712E-4
2,48487E-4
2,55272E-4
2,37339E-4
2,474E-4
2,52989E-4
2,49802E-4
2,44461E-4
2,53288E-4
2,57187E-4
2,53499E-4
2,48978E-4
2,54364E-4
2,55559E-4
2,37886E-4
2,53917E-4
2,61524E-4
2,59659E-4
2,59732E-4
2,84292E-4
2,57493E-4
2,4043E-4
2,36997E-4
2,37137E-4
2,60453E-4
2,51169E-4
2,69871E-4
2,34575E-4
2,50663E-4
2,52028E-4
2,53613E-4
2,54104E-4
2,36592E-4
2,43936E-4
2,40412E-4
2,46021E-4
2,49078E-4
2,40114E-4
2,51009E-4
2,50443E-4
2,48816E-4
2,60459E-4
2,64864E-4
2,70069E-4
2,36645E-4
2,38436E-4
2,56801E-4
2,56468E-4
2,42303E-4
2,39665E-4
2,50254E-4
2,52005E-4
2,5233E-4
2,4236E-4
2,54478E-4
2,47464E-4
2,38667E-4
2,43495E-4
2,56377E-4
2,38044E-4
2,50306E-4
2,51186E-4
2,64404E-4
2,52197E-4
2,41405E-4
2,41413E-4
2,77877E-4
2,40488E-4
2,43176E-4
2,3792E-4
2,45828E-4
2,56691E-4
2,80622E-4
2,36791E-4
2,52198E-4
2,53614E-4
2,55638E-4
2,47746E-4
2,65828E-4
2,83951E-4
2,53916E-4
2,55735E-4
2,63142E-4
2,55469E-4
2,60806E-4
2,68285E-4
2,45589E-4
2,47566E-4
2,58171E-4
2,41334E-4
2,70862E-4
2,70162E-4
2,41523E-4
2,35373E-4
2,37772E-4
2,5277E-4
2,35268E-4
2,4212E-4
2,49678E-4
2,37582E-4
2,65025E-4
2,37517E-4
2,53939E-4
2,3746E-4
2,52128E-4
2,56957E-4
2,39787E-4
2,50367E-4
2,53905E-4
2,44304E-4
2,38667E-4
2,72197E-4
2,52601E-4
2,63345E-4
2,48073E-4
2,53126E-4
2,5118E-4
2,55693E-4
2,6908E-4
2,4486E-4
2,45029E-4
2,54982E-4
2,4211E-4
2,38509E-4
2,49512E-4
2,41422E-4
2,56511E-4
2,55971E-4
2,57906E-4
2,4715E-4
2,38511E-4
2,5651E-4
2,362E-4
2,34521E-4
2,55522E-4
2,48989E-4
2,49834E-4
2,5748E-4
2,48408E-4
2,48486E-4
2,44251E-4
2,48192E-4
2,59047E-4
2,737E-4
2,50049E-4
2,40745E-4
2,53708E-4
2,43673E-4
2,35905E-4
2,60765E-4
2,46082E-4
2,57673E-4
2,53807E-4
2,37675E-4
2,5233E-4
2,48517E-4
2,59191E-4
2,3745E-4
2,48041E-4
2,80254E-4
2,62754E-4
2,40648E-4
2,41343E-4
2,54151E-4
2,32912E-4
2,46192E-4
2,67777E-4
2,41976E-4
2,55734E-4
2,35796E-4
2,5136E-4
2,56092E-4
2,42451E-4
2,51697E-4
2,48104E-4
2,36399E-4
2,68205E-4
2,60471E-4
2,54117E-4
2,35827E-4
2,48005E-4
2,56333E-4
2,5009E-4
2,40333E-4
2,36411E-4
2,55985E-4
2,58453E-4
2,39815E-4
2,44291E-4
2,55707E-4
2,50232E-4
2,41764E-4
2,47123E-4
2,80253E-4
4,62234E-4
3,51143E-4
3,43947E-4
4,07812E-4
3,91617E-4
2,47385E-4
2,52296E-4
2,53192E-4
3,68258E-4
3,51482E-4
3,63988E-4
3,54084E-4
4,07214E-4
3,47588E-4
3,26128E-4
4,05878E-4
3,69887E-4
3,99253E-4
3,34487E-4
3,32593E-4
3,93217E-4
4,30516E-4
3,65804E-4
3,35087E-4
3,87436E-4
3,6145E-4
3,71325E-4
4,31408E-4
3,9441E-4
3,0573E-4
3,72912E-4
3,81666E-4
3,5614E-4
4,05867E-4
3,5344E-4
4,37403E-4
2,55138E-4
2,53433E-4
2,60188E-4
2,81132E-4
2,56636E-4
2,42091E-4
2,49119E-4
2,59578E-4
2,50781E-4
2,47467E-4
2,41086E-4
2,37306E-4
2,52787E-4
2,52489E-4
2,38283E-4
2,49932E-4
2,52163E-4
2,62563E-4
2,35403E-4
2,41699E-4
2,39542E-4
2,42301E-4
2,46445E-4
2,74904E-4
2,38729E-4
2,3939E-4
2,554E-4
2,69615E-4
2,58118E-4
2,43561E-4
2,34928E-4
2,509E-4
2,5681E-4
2,50983E-4
2,59717E-4
2,38787E-4
2,67118E-4
2,49002E-4
2,49699E-4
2,51632E-4
2,61143E-4
2,50018E-4
2,5215E-4
2,53919E-4
2,54249E-4
2,51202E-4
2,58251E-4
2,53855E-4
2,47334E-4
2,38064E-4
2,46264E-4
2,41849E-4
2,53533E-4
2,42871E-4
2,72027E-4
2,64264E-4
2,51853E-4
2,39101E-4
2,5558E-4
2,41511E-4
2,55958E-4
2,66821E-4
2,46657E-4
2,56282E-4
2,62318E-4
2,52665E-4
0,002016801
2,49669E-4
2,41515E-4
2,6426E-4
2,59406E-4
2,55288E-4
2,4858E-4
2,35992E-4
2,38791E-4
2,4998E-4
2,42836E-4
2,42337E-4
2,51122E-4
2,51549E-4
2,37739E-4
2,53298E-4
2,37024E-4
2,56722E-4
2,37792E-4
2,51817E-4
2,36031E-4
2,34468E-4
2,52731E-4
2,55197E-4
2,35939E-4
2,34336E-4
2,56129E-4
2,62144E-4
2,70788E-4
2,51125E-4
2,47452E-4
2,60877E-4
2,8041E-4
2,53905E-4
2,50874E-4
2,51367E-4
2,37209E-4
2,35952E-4
2,35214E-4
2,65601E-4
2,61596E-4
2,67674E-4
2,57524E-4
2,80912E-4
2,50121E-4
2,46648E-4
2,4202E-4
3,80698E-4
3,62945E-4
3,56015E-4
3,72862E-4
2,37392E-4
2,5966E-4
4,23971E-4
2,46086E-4
4,38363E-4
3,32515E-4
2,54981E-4
2,36969E-4
2,36202E-4
2,51253E-4
2,3905E-4
2,5281E-4
3,66223E-4
3,13274E-4
2,60807E-4
2,58494E-4
2,49781E-4
2,49933E-4
2,38609E-4
2,36158E-4
2,47822E-4
2,72465E-4
2,37022E-4
2,37434E-4
2,52456E-4
2,36595E-4
2,52933E-4
2,5403E-4
2,52515E-4
2,41398E-4
2,34829E-4
2,4112E-4
2,60591E-4
2,47743E-4
2,54768E-4
0,001606423
2,42658E-4
2,82413E-4
2,62092E-4
2,51871E-4
2,54715E-4
2,5056E-4
2,41867E-4
2,45019E-4
2,41998E-4
2,37485E-4
2,52994E-4
2,4152E-4
2,52946E-4
2,56278E-4
2,51734E-4
2,41327E-4
2,3726E-4
2,48943E-4
2,54928E-4
2,53845E-4
2,48292E-4
2,57877E-4
2,37292E-4
2,53376E-4
2,51206E-4
2,60366E-4
2,36053E-4
2,47192E-4
2,44504E-4
2,38759E-4
0,001513628
2,43295E-4
2,69184E-4
2,51183E-4
2,49781E-4
2,56111E-4
2,57729E-4
2,37758E-4
2,509E-4
2,5649E-4
2,58488E-4
2,4618E-4
2,5418E-4
2,53735E-4
2,42154E-4
2,41786E-4
2,54968E-4
3,08362E-4
3,46925E-4
3,86223E-4
4,09229E-4
3,6535E-4
3,23807E-4
3,62886E-4
2,89701E-4
4,07305E-4
3,26189E-4
3,75619E-4
3,73823E-4
2,42372E-4
2,70309E-4
2,40607E-4
2,51194E-4
2,50172E-4
2,38216E-4
2,53521E-4
2,54734E-4
2,52109E-4
2,38878E-4
2,50207E-4
2,57529E-4
2,52679E-4
2,39676E-4
2,49655E-4
2,49957E-4
2,35461E-4
2,31862E-4
2,58711E-4
2,59737E-4
2,37094E-4
2,47368E-4
2,53529E-4
2,47559E-4
2,53488E-4
2,35239E-4
2,69542E-4
2,37938E-4
2,49747E-4
2,5222E-4
2,38115E-4
2,55955E-4
3,76917E-4
3,76899E-4
3,67198E-4
3,65936E-4
3,69259E-4
4,20841E-4
3,20399E-4
3,79067E-4
4,44264E-4
3,5171E-4
3,49021E-4
3,80048E-4
2,49169E-4
2,43037E-4
3,75353E-4
3,54062E-4
3,80263E-4
3,93823E-4
3,8446E-4
3,53439E-4
3,75223E-4
3,42852E-4
4,16085E-4
3,57925E-4
3,86555E-4
3,61205E-4
3,51299E-4
2,9259E-4
4,2078E-4
3,96626E-4
3,66538E-4
3,73731E-4
3,6015E-4
4,03357E-4
4,41598E-4
3,6723E-4
3,27959E-4
3,70705E-4
3,56137E-4
3,16701E-4
4,20772E-4
3,53497E-4
3,69987E-4
2,55745E-4
2,5123E-4
2,55664E-4
2,40499E-4
2,55761E-4
2,41866E-4
2,35375E-4
2,74748E-4
2,46933E-4
2,53724E-4
2,44135E-4
2,58022E-4
2,38693E-4
2,64968E-4
2,5825E-4
2,65955E-4
2,50527E-4
2,40147E-4
2,54984E-4
2,60245E-4
2,60867E-4
2,51969E-4
2,69987E-4
2,53367E-4
2,78867E-4
2,5362E-4
2,35833E-4
2,31021E-4
2,47585E-4
2,49587E-4
2,41364E-4
2,54529E-4
2,57159E-4
2,43137E-4
2,53682E-4
2,44482E-4
2,65342E-4
2,62088E-4
2,76625E-4
2,38836E-4
2,61251E-4
2,61445E-4
2,48571E-4
2,53125E-4
2,39872E-4
2,55316E-4
2,50641E-4
2,53965E-4
2,38597E-4
2,55422E-4
2,53073E-4
2,36842E-4
2,40995E-4
2,51088E-4
2,53296E-4
2,50601E-4
2,36944E-4
2,74473E-4
2,56048E-4
2,35435E-4
2,5241E-4
2,41131E-4
2,4372E-4
2,61275E-4
2,51532E-4
2,42889E-4
2,4146E-4
2,48623E-4
2,54247E-4
2,37939E-4
2,54175E-4
2,56317E-4
2,53093E-4
2,6737E-4
2,50995E-4
2,45075E-4
2,45955E-4
2,76502E-4
2,52151E-4
2,37328E-4
2,44494E-4
2,58471E-4
2,38187E-4
2,73968E-4
2,60142E-4
2,55679E-4
2,47993E-4
2,52341E-4
2,4162E-4
2,50418E-4
2,38919E-4
2,56842E-4
2,51127E-4
2,54438E-4
2,54775E-4
2,38102E-4
2,4061E-4
2,57064E-4
2,64381E-4
2,44431E-4
2,40079E-4
2,59045E-4
2,51615E-4
2,51917E-4
2,54735E-4
2,5061E-4
2,66748E-4
2,51784E-4
2,51216E-4
2,54256E-4
2,4933E-4
2,52559E-4
2,41482E-4
2,59806E-4
2,69335E-4
2,58072E-4
2,43541E-4
2,35504E-4
2,449E-4
2,47898E-4
2,4413E-4
2,69476E-4
2,37277E-4
2,55347E-4
2,45646E-4
3,03558E-4
2,34659E-4
2,54457E-4
2,69496E-4
2,79215E-4
2,4625E-4
2,39835E-4
2,38458E-4
2,40606E-4
2,55002E-4
2,55511E-4
2,57022E-4
2,73328E-4
2,404E-4
0,002099988
2,57676E-4
2,64229E-4
2,53224E-4
2,53105E-4
2,51967E-4
2,4183E-4
2,73982E-4
2,55066E-4
2,40646E-4
2,49379E-4
2,53394E-4
2,55685E-4
2,4599E-4
2,51052E-4
2,36044E-4
2,41342E-4
2,55525E-4
2,39955E-4
2,44394E-4
2,47389E-4
2,58537E-4
2,58856E-4
2,37337E-4
2,52098E-4
2,54112E-4
2,52669E-4
2,51991E-4
2,3901E-4
2,3772E-4
2,76396E-4
2,56506E-4
2,56876E-4
2,66748E-4
2,34942E-4
2,43706E-4
2,92763E-4
2,32995E-4
2,53884E-4
2,52859E-4
2,57034E-4
2,58409E-4
2,33469E-4
2,60789E-4
2,58843E-4
2,53673E-4
2,72359E-4
2,45309E-4
2,527E-4
2,57658E-4
2,57264E-4
2,51281E-4
2,54138E-4
2,46643E-4
2,52764E-4
2,46554E-4
2,39892E-4
2,39901E-4
2,5622E-4
2,5715E-4
2,78358E-4
2,40986E-4
2,37679E-4
2,35958E-4
2,72692E-4
2,55695E-4
2,59774E-4
2,60316E-4
2,54991E-4
2,56758E-4
2,49085E-4
2,38407E-4
2,58867E-4
2,41171E-4
2,55029E-4
2,35651E-4
2,38182E-4
2,67713E-4
2,39584E-4
2,46733E-4
2,49269E-4
2,57386E-4
2,51783E-4
2,5233E-4
2,40515E-4
2,52802E-4
2,41474E-4
2,59431E-4
2,42316E-4
2,53036E-4
2,45021E-4
2,67706E-4
2,53417E-4
2,40753E-4
2,48472E-4
2,49268E-4
2,34391E-4
2,3542E-4
2,5566E-4
2,57489E-4
2,48754E-4
2,38414E-4
2,52934E-4
2,55997E-4
2,3828E-4
2,39607E-4
2,3811E-4
2,5814E-4
2,47816E-4
2,57112E-4
2,39215E-4
2,54922E-4
2,55451E-4
2,35909E-4
2,3523E-4
2,40102E-4
2,41513E-4
2,61691E-4
2,58793E-4
2,47215E-4
2,45231E-4
2,56312E-4
2,4124E-4
2,57838E-4
2,49668E-4
2,36593E-4
2,55482E-4
2,51994E-4
2,42535E-4
2,49527E-4
2,61623E-4
2,61812E-4
2,54646E-4
2,54173E-4
2,38638E-4
2,42092E-4
2,63429E-4
2,37787E-4
2,54375E-4
2,39699E-4
2,40679E-4
2,51252E-4
2,39046E-4
2,39569E-4
2,5543E-4
2,4367E-4
2,42112E-4
2,39323E-4
2,39397E-4
2,52425E-4
2,37641E-4
2,56481E-4
2,69887E-4
2,49991E-4
2,46169E-4
2,52409E-4
2,6185E-4
2,74464E-4
2,35896E-4
2,48246E-4
2,37745E-4
2,53535E-4
2,44918E-4
2,36161E-4
2,5398E-4
2,45814E-4
2,51656E-4
2,78836E-4
2,40784E-4
2,55256E-4
2,50684E-4
2,48051E-4
2,45702E-4
2,7578E-4
2,52654E-4
2,45623E-4
2,42723E-4
2,38042E-4
2,38841E-4
2,57138E-4
2,48407E-4
2,57066E-4
2,36652E-4
2,65448E-4
2,48726E-4
2,55012E-4
2,39421E-4
2,43336E-4
2,34849E-4
2,48061E-4
2,69124E-4
2,52641E-4
2,5665E-4
2,54191E-4
2,56917E-4
2,53062E-4
2,72852E-4
2,42976E-4
2,60345E-4
2,37632E-4
2,51711E-4
2,40137E-4
2,55162E-4
2,46567E-4
2,39491E-4
2,33993E-4
2,70836E-4
2,39648E-4
2,50247E-4
2,56043E-4
2,42199E-4
2,48171E-4
2,58944E-4
2,33759E-4
0,002172769
2,34075E-4
2,54895E-4
2,53931E-4
2,63476E-4
2,42128E-4
2,73216E-4
2,51836E-4
2,45951E-4
2,35602E-4
2,64452E-4
2,44752E-4
2,41628E-4
2,51327E-4
2,57484E-4
2,73826E-4
2,79551E-4
2,52343E-4
2,71917E-4
2,47367E-4
2,65235E-4
2,44967E-4
2,44508E-4
2,43927E-4
2,45748E-4
2,50317E-4
2,56006E-4
2,53777E-4
2,51017E-4
2,44173E-4
2,5878E-4
2,47971E-4
2,58284E-4
2,51535E-4
2,39276E-4
2,58885E-4
2,60134E-4
2,54704E-4
2,36877E-4
2,33964E-4
2,41242E-4
2,38872E-4
2,5696E-4
2,38942E-4
2,56262E-4
2,52937E-4
2,51435E-4
2,38245E-4
2,51431E-4
2,56542E-4
2,38179E-4
2,70763E-4
2,38269E-4
2,45123E-4
2,4949E-4
2,44301E-4
2,40941E-4
2,5475E-4
2,44308E-4
2,47452E-4
2,47814E-4
2,34562E-4
2,47115E-4
2,36439E-4
2,38169E-4
2,51693E-4
2,60755E-4
2,4089E-4
2,53539E-4
2,43977E-4
2,47271E-4
2,5474E-4
2,49211E-4
2,62841E-4
2,60506E-4
2,40339E-4
2,5335E-4
2,59873E-4
2,3475E-4
2,64687E-4
2,346E-4
2,53358E-4
2,41355E-4
2,58446E-4
2,35826E-4
2,50208E-4
2,53445E-4
2,51339E-4
2,82383E-4
2,3536E-4
2,43058E-4
2,6659E-4
2,59807E-4
2,56163E-4
2,69211E-4
2,58375E-4
2,45542E-4
2,52981E-4
2,36963E-4
2,54357E-4
2,52367E-4
2,42227E-4
2,66714E-4
2,33528E-4
2,73297E-4
2,61356E-4
2,38567E-4
2,42234E-4
2,49711E-4
2,33194E-4
2,57722E-4
2,67101E-4
2,52406E-4
2,35766E-4
2,51441E-4
2,4876E-4
2,54361E-4
2,43825E-4
2,54057E-4
2,4502E-4
2,51275E-4
2,42679E-4
3,89128E-4
3,93136E-4
3,46099E-4
2,5771E-4
2,61461E-4
2,66043E-4
2,39507E-4
2,55111E-4
2,54713E-4
2,55209E-4
2,63768E-4
2,60525E-4
2,83498E-4
2,50495E-4
2,44786E-4
2,46832E-4
2,62511E-4
2,42E-4
2,41469E-4
2,50591E-4
2,54941E-4
2,44971E-4
2,42304E-4
2,4163E-4
2,53258E-4
2,54746E-4
2,64019E-4
2,44575E-4
2,42133E-4
2,41532E-4
2,5769E-4
2,55352E-4
2,60377E-4
2,59128E-4
2,35715E-4
2,56854E-4
2,39879E-4
2,63049E-4
2,36966E-4
2,41215E-4
2,61032E-4
2,40438E-4
2,75938E-4
4,22892E-4
3,72518E-4
2,77983E-4
2,57998E-4
2,45441E-4
2,47114E-4
2,60685E-4
2,57597E-4
2,50582E-4
2,54956E-4
2,67257E-4
2,55403E-4
2,57794E-4
2,39591E-4
2,43451E-4
2,57592E-4
2,55962E-4
2,52198E-4
2,37355E-4
2,4678E-4
2,53497E-4
2,6255E-4
2,40224E-4
2,40486E-4
2,58813E-4
2,51423E-4
2,57132E-4
2,42842E-4
2,53414E-4
2,59876E-4
2,5627E-4
2,36132E-4
2,38536E-4
2,58381E-4
2,49975E-4
2,51668E-4
2,52725E-4
2,32799E-4
2,37183E-4
2,54882E-4
2,40318E-4
2,51996E-4
2,4744E-4
2,39088E-4
2,57807E-4
2,54283E-4
2,59931E-4
2,35563E-4
2,58874E-4
2,40711E-4
2,50951E-4
2,48152E-4
2,36459E-4
2,64028E-4
2,50853E-4
2,5391E-4
2,40651E-4
2,40478E-4
2,59185E-4
2,44011E-4
2,61E-4
2,43807E-4
2,35882E-4
2,52053E-4
2,44195E-4
2,56879E-4
2,502E-4
2,57432E-4
2,53269E-4
2,62883E-4
2,58986E-4
2,37189E-4
2,47518E-4
2,48283E-4
2,50701E-4
2,64082E-4
2,41245E-4
2,38035E-4
2,50978E-4
2,36229E-4
2,49691E-4
2,54662E-4
2,70023E-4
2,34552E-4
2,5245E-4
2,52798E-4
2,48827E-4
2,51234E-4
2,56391E-4
0,001500023
2,4498E-4
2,56162E-4
2,6033E-4
2,39566E-4
3,51567E-4
3,4831E-4
3,50587E-4
3,33341E-4
3,43541E-4
3,65761E-4
3,84657E-4
3,73522E-4
3,33901E-4
3,98368E-4
3,40644E-4
4,27129E-4
3,721E-4
3,87208E-4
3,23245E-4
4,59025E-4
3,80099E-4
2,45789E-4
2,54999E-4
2,71163E-4
2,51129E-4
2,57565E-4
2,46951E-4
2,55312E-4
2,43887E-4
2,45436E-4
2,45816E-4
2,61976E-4
2,56137E-4
2,41901E-4
2,39149E-4
2,54687E-4
2,39464E-4
2,55529E-4
2,54694E-4
2,56839E-4
2,44205E-4
2,58522E-4
2,51275E-4
2,56629E-4
2,41595E-4
2,37507E-4
2,45941E-4
2,37725E-4
2,56469E-4
2,60662E-4
2,44212E-4
2,52842E-4
2,59833E-4
2,57456E-4
2,59818E-4
2,52779E-4
2,37401E-4
2,57637E-4
2,32345E-4
2,37911E-4
2,36947E-4
2,53892E-4
2,54514E-4
2,59212E-4
2,48455E-4
2,54976E-4
2,51312E-4
2,66122E-4
2,57747E-4
2,49579E-4
2,57709E-4
2,42268E-4
2,56879E-4
2,52689E-4
2,69841E-4
2,43647E-4
2,53907E-4
2,54556E-4
2,57073E-4
2,38488E-4
2,39681E-4
2,42347E-4
2,55207E-4
2,45316E-4
2,4516E-4
2,51671E-4
2,37762E-4
2,6927E-4
2,52427E-4
2,58605E-4
2,42164E-4
2,76897E-4
2,44347E-4
2,57657E-4
2,52738E-4
2,3673E-4
2,38803E-4
2,51792E-4
2,45121E-4
2,51784E-4
2,52464E-4
2,43681E-4
2,38971E-4
2,51548E-4
2,43127E-4
2,35504E-4
2,55556E-4
2,36037E-4
2,36932E-4
2,49262E-4
2,41359E-4
2,57969E-4
2,44814E-4
2,44796E-4
2,4624E-4
2,4031E-4
2,37366E-4
2,38985E-4
2,55872E-4
2,46742E-4
2,36195E-4
2,76617E-4
2,49344E-4
2,4683E-4
2,49747E-4
2,61224E-4
2,37215E-4
2,49158E-4
2,45427E-4
2,46856E-4
2,34578E-4
2,33816E-4
2,43738E-4
2,67684E-4
2,50845E-4
2,43658E-4
2,37707E-4
2,37674E-4
2,59526E-4
2,57012E-4
2,53357E-4
2,58372E-4
2,45208E-4
2,38848E-4
2,39313E-4
2,44626E-4
2,53459E-4
2,44432E-4
2,55901E-4
2,37824E-4
2,60059E-4
2,38343E-4
2,39104E-4
2,3631E-4
2,49783E-4
2,49789E-4
2,39565E-4
2,38754E-4
2,49477E-4
2,55702E-4
2,39501E-4
2,52089E-4
2,40498E-4
2,5733E-4
2,54745E-4
2,5274E-4
2,57408E-4
2,61419E-4
2,48873E-4
2,51037E-4
2,51985E-4
2,39355E-4
2,59303E-4
2,50323E-4
2,44219E-4
2,40284E-4
2,36023E-4
2,60621E-4
2,3648E-4
2,44477E-4
2,43526E-4
2,49499E-4
2,36034E-4
2,56818E-4
2,56172E-4
2,57245E-4
2,54593E-4
2,59969E-4
2,65501E-4
2,54555E-4
2,56541E-4
2,39572E-4
2,54193E-4
2,54968E-4
2,37186E-4
2,42459E-4
2,4234E-4
2,52878E-4
2,54683E-4
2,50422E-4
2,43716E-4
2,54447E-4
2,56387E-4
2,41794E-4
2,48351E-4
2,42347E-4
2,49995E-4
2,65848E-4
2,78843E-4
2,38329E-4
2,46233E-4
2,37368E-4
2,55317E-4
2,56105E-4
2,45612E-4
2,59274E-4
2,58566E-4
2,36965E-4
2,42465E-4
2,61752E-4
2,40206E-4
2,50768E-4
2,39636E-4
2,41689E-4
2,63285E-4
2,37834E-4
2,49804E-4
2,56772E-4
2,50684E-4
2,64277E-4
2,60595E-4
2,52675E-4
2,4241E-4
2,47835E-4
2,86897E-4
3,67251E-4
3,73838E-4
3,73516E-4
3,44399E-4
3,47403E-4
3,22557E-4
3,36409E-4
2,47654E-4
2,38774E-4
2,5388E-4
2,50673E-4
2,37911E-4
2,54311E-4
2,53788E-4
2,5631E-4
2,41578E-4
2,44947E-4
2,53095E-4
2,52946E-4
2,44715E-4
2,42028E-4
2,50677E-4
2,50463E-4
2,40197E-4
2,53035E-4
2,56667E-4
2,46848E-4
2,39556E-4
2,48661E-4
2,38112E-4
2,45536E-4
2,68932E-4
2,78224E-4
2,39582E-4
2,41991E-4
2,6951E-4
2,60425E-4
2,5862E-4
2,5069E-4
2,40485E-4
2,41081E-4
2,38606E-4
2,56093E-4
2,63111E-4
2,43828E-4
2,53009E-4
2,43011E-4
2,36621E-4
2,56334E-4
2,54768E-4
2,407E-4
2,36876E-4
2,35235E-4
2,51227E-4
2,36675E-4
2,50879E-4
2,46384E-4
2,58826E-4
2,49716E-4
2,62362E-4
2,64256E-4
2,35923E-4
2,37608E-4
2,60046E-4
2,398E-4
2,56223E-4
2,54674E-4
2,55972E-4
2,4278E-4
2,59783E-4
2,50352E-4
2,55794E-4
2,46744E-4
2,34108E-4
2,70828E-4
2,57357E-4
2,46544E-4
2,49415E-4
2,34678E-4
2,58788E-4
2,56477E-4
2,45246E-4
2,60342E-4
2,41638E-4
3,8332E-4
4,04046E-4
4,08416E-4
3,97994E-4
3,86548E-4
2,36658E-4
2,3618E-4
2,48094E-4
2,54785E-4
2,42586E-4
2,42153E-4
2,53637E-4
2,57804E-4
2,35327E-4
2,4904E-4
2,38845E-4
2,46016E-4
2,57028E-4
2,35622E-4
2,4194E-4
2,50306E-4
2,51972E-4
2,55884E-4
2,48393E-4
2,40409E-4
2,55125E-4
2,38703E-4
2,5329E-4
2,4048E-4
2,53443E-4
2,54645E-4
2,46608E-4
2,56461E-4
3,36699E-4
2,37506E-4
2,47618E-4
2,59276E-4
2,47469E-4
2,45665E-4
2,54129E-4
2,40484E-4
2,45975E-4
2,36163E-4
2,50871E-4
2,43802E-4
2,57098E-4
2,52032E-4
3,54503E-4
3,41518E-4
3,53397E-4
3,2911E-4
3,95662E-4
3,9337E-4
4,05511E-4
3,48381E-4
4,28403E-4
3,74619E-4
3,81307E-4
3,19539E-4
3,67466E-4
3,4016E-4
3,55296E-4
3,60454E-4
2,97153E-4
3,42506E-4
3,07087E-4
3,30687E-4
3,53936E-4
3,49038E-4
2,99274E-4
3,58087E-4
3,20311E-4
3,65469E-4
3,42135E-4
3,79817E-4
3,91516E-4
4,07296E-4
3,90505E-4
4,08185E-4
3,51865E-4
3,06123E-4
3,70979E-4
4,03906E-4
3,54753E-4
3,9199E-4
4,0225E-4
3,90722E-4
2,69834E-4
2,39372E-4
2,43206E-4
2,57236E-4
2,44827E-4
2,5084E-4
2,45536E-4
2,38989E-4
2,42297E-4
2,47714E-4
2,35905E-4
2,65085E-4
2,45002E-4
2,44723E-4
2,45665E-4
2,42875E-4
2,57263E-4
2,46544E-4
2,42459E-4
2,56191E-4
2,34507E-4
2,67214E-4
2,73104E-4
2,55788E-4
2,53773E-4
2,79557E-4
2,54812E-4
2,35013E-4
2,5918E-4
2,48493E-4
2,40866E-4
2,4163E-4
2,56773E-4
2,57447E-4
2,55267E-4
2,34033E-4
2,39938E-4
2,50892E-4
2,45555E-4
2,50207E-4
2,49293E-4
2,53628E-4
2,65271E-4
2,52117E-4
2,55301E-4
2,45439E-4
2,3819E-4
2,43858E-4
2,3822E-4
2,43363E-4
2,49173E-4
2,41584E-4
2,56287E-4
2,42673E-4
2,68215E-4
2,41826E-4
2,51257E-4
2,36026E-4
2,55933E-4
2,47457E-4
2,57897E-4
2,83276E-4
2,39429E-4
2,54119E-4
2,48067E-4
2,58038E-4
2,40399E-4
2,52234E-4
2,38954E-4
2,56158E-4
2,39112E-4
2,40034E-4
2,53117E-4
2,44373E-4
2,40795E-4
2,57834E-4
2,51552E-4
2,4144E-4
2,62951E-4
2,37344E-4
2,43586E-4
2,52065E-4
2,44228E-4
2,36769E-4
2,50081E-4
2,34367E-4
2,59002E-4
2,62514E-4
2,42414E-4
2,38736E-4
2,49611E-4
2,38104E-4
2,80789E-4
2,51022E-4
2,43342E-4
2,60336E-4
2,71763E-4
2,5973E-4
2,61626E-4
2,58287E-4
2,6935E-4
2,62898E-4
2,46734E-4
2,37747E-4
2,47531E-4
2,60118E-4
2,5537E-4
2,6464E-4
0,002253618
2,68153E-4
2,37696E-4
2,49895E-4
2,49303E-4
2,38682E-4
2,55374E-4
2,58799E-4
2,561E-4
2,48249E-4
2,52686E-4
2,44478E-4
2,39048E-4
2,49959E-4
2,51194E-4
2,62249E-4
2,34007E-4
2,56594E-4
2,50255E-4
2,49135E-4
2,5623E-4
2,67719E-4
2,52309E-4
2,37563E-4
2,57681E-4
2,52616E-4
2,42673E-4
2,84144E-4
2,52549E-4
2,38641E-4
2,39988E-4
2,52885E-4
2,54426E-4
2,33539E-4
2,84079E-4
2,66291E-4
2,46565E-4
2,34464E-4
2,50917E-4
2,68591E-4
2,59517E-4
2,58171E-4
2,54549E-4
2,71045E-4
2,48704E-4
2,62152E-4
2,41383E-4
2,75224E-4
2,63003E-4
2,48683E-4
2,71909E-4
2,38784E-4
2,40674E-4
2,49366E-4
2,36149E-4
2,41176E-4
2,55442E-4
2,60305E-4
2,52144E-4
2,46056E-4
2,6028E-4
2,6913E-4
2,48077E-4
2,44506E-4
2,56894E-4
2,45501E-4
2,41629E-4
2,62702E-4
2,52512E-4
2,55586E-4
2,43862E-4
2,39833E-4
2,56964E-4
2,41824E-4
2,3914E-4
2,38843E-4
2,39448E-4
2,44237E-4
2,56615E-4
2,41692E-4
2,54496E-4
2,45541E-4
2,58828E-4
2,38256E-4
2,53804E-4
2,34241E-4
2,53304E-4
2,36206E-4
2,40863E-4
2,36978E-4
2,42862E-4
2,39581E-4
2,55087E-4
2,52227E-4
2,80916E-4
2,92287E-4
2,60054E-4
2,52724E-4
2,97958E-4
2,58226E-4
2,35256E-4
2,50431E-4
2,38152E-4
2,58117E-4
2,38208E-4
2,44962E-4
2,52748E-4
2,48471E-4
2,54595E-4
2,53916E-4
2,48067E-4
2,44433E-4
2,38533E-4
2,54049E-4
2,5491E-4
2,39771E-4
2,50789E-4
2,61812E-4
2,51314E-4
2,55235E-4
2,42899E-4
2,42944E-4
2,45121E-4
2,71654E-4
2,41089E-4
2,46698E-4
2,38498E-4
2,43125E-4
2,42636E-4
2,3507E-4
2,46861E-4
2,50508E-4
2,53763E-4
2,51501E-4
2,48914E-4
2,61291E-4
2,38669E-4
2,60008E-4
2,4081E-4
2,53249E-4
2,47556E-4
2,53028E-4
2,57223E-4
2,39104E-4
2,4275E-4
2,38736E-4
2,62391E-4
2,35895E-4
2,37498E-4
2,36925E-4
2,4019E-4
2,52516E-4
2,47718E-4
2,39922E-4
2,38597E-4
2,4399E-4
2,47741E-4
2,3812E-4
2,5568E-4
2,44803E-4
2,4016E-4
2,50112E-4
2,53413E-4
2,62643E-4
2,39488E-4
2,37822E-4
2,41308E-4
2,41254E-4
2,41431E-4
2,41165E-4
2,4201E-4
2,53086E-4
2,49964E-4
2,54522E-4
2,74642E-4
2,40477E-4
2,55682E-4
2,45593E-4
2,5087E-4
2,45774E-4
2,52099E-4
2,38467E-4
2,53941E-4
2,42727E-4
2,50947E-4
2,54453E-4
2,54126E-4
2,42644E-4
2,52647E-4
2,58115E-4
2,5757E-4
2,46467E-4
2,32355E-4
2,55958E-4
2,56183E-4
2,57315E-4
2,58653E-4
2,62827E-4
2,37313E-4
2,43585E-4
2,43097E-4
2,37288E-4
2,5546E-4
2,62404E-4
2,36879E-4
2,53646E-4
2,36904E-4
2,4012E-4
2,58277E-4
2,42157E-4
2,5714E-4
2,52493E-4
2,57653E-4
2,53447E-4
2,52634E-4
2,5436E-4
2,36916E-4
2,45405E-4
2,4533E-4
2,39297E-4
2,64356E-4
2,55549E-4
2,36171E-4
2,56887E-4
2,53854E-4
2,54287E-4
2,59866E-4
2,38156E-4
2,3867E-4
2,55023E-4
2,6095E-4
2,58871E-4
2,59848E-4
2,51385E-4
2,52914E-4
2,56546E-4
2,58895E-4
2,94991E-4
2,39835E-4
2,37277E-4
2,39864E-4
2,45512E-4
2,45894E-4
2,6963E-4
2,48676E-4
2,58422E-4
2,39192E-4
2,43524E-4
2,37479E-4
2,49488E-4
2,54232E-4
2,56435E-4
2,43178E-4
4,1991E-4
4,23094E-4
3,78174E-4
3,70412E-4
3,68964E-4
4,00086E-4
3,66626E-4
2,52451E-4
2,40774E-4
2,56841E-4
2,45881E-4
2,36825E-4
2,47827E-4
2,55144E-4
2,4172E-4
2,59068E-4
2,49856E-4
3,83947E-4
2,66268E-4
2,51504E-4
2,49593E-4
2,51383E-4
2,92475E-4
2,52167E-4
2,65126E-4
2,54548E-4
2,38623E-4
2,42772E-4
2,50424E-4
2,58583E-4
2,38383E-4
2,52607E-4
2,54901E-4
2,45773E-4
2,43693E-4
2,42027E-4
2,37908E-4
2,57509E-4
2,54158E-4
2,45453E-4
2,37352E-4
2,47139E-4
2,5591E-4
2,43344E-4
2,53679E-4
2,47941E-4
2,50599E-4
2,37793E-4
2,36957E-4
2,55089E-4
2,53025E-4
2,52018E-4
2,68231E-4
2,51995E-4
2,56217E-4
2,59016E-4
2,57319E-4
2,52858E-4
2,50618E-4
2,44097E-4
2,85449E-4
2,43751E-4
2,51066E-4
2,7788E-4
2,39217E-4
2,4329E-4
2,54515E-4
2,71172E-4
2,37973E-4
2,66642E-4
2,39652E-4
2,50752E-4
2,37928E-4
2,50506E-4
2,73998E-4
2,54614E-4
2,45908E-4
2,58495E-4
2,73405E-4
2,39659E-4
2,46474E-4
2,38336E-4
2,51964E-4
2,527E-4
2,3702E-4
2,63126E-4
2,45749E-4
2,54248E-4
2,57563E-4
2,51677E-4
2,40478E-4
2,79002E-4
2,76921E-4
3,82785E-4
2,45134E-4
3,15138E-4
3,69576E-4
3,53713E-4
2,41943E-4
2,76607E-4
2,76793E-4
2,43392E-4
2,35031E-4
2,53658E-4
2,4392E-4
2,51046E-4
2,6952E-4
2,44333E-4
2,63028E-4
2,55274E-4
2,58214E-4
2,53196E-4
2,61611E-4
2,79585E-4
0,002614187
2,63048E-4
2,40192E-4
2,41637E-4
2,51521E-4
2,36029E-4
2,87481E-4
2,4632E-4
2,51848E-4
2,3659E-4
2,44126E-4
2,38629E-4
2,5931E-4
2,44839E-4
2,38598E-4
2,45635E-4
2,57163E-4
2,61348E-4
2,53275E-4
2,39677E-4
2,42674E-4
2,86509E-4
2,6805E-4
2,43714E-4
2,45747E-4
2,36829E-4
2,48958E-4
2,38708E-4
2,45989E-4
2,55869E-4
2,52361E-4
2,37139E-4
2,57312E-4
2,56505E-4
2,47061E-4
2,40708E-4
2,35211E-4
2,45036E-4
2,37758E-4
2,49714E-4
2,56493E-4
2,53675E-4
2,49255E-4
2,35767E-4
2,54189E-4
2,49594E-4
2,46593E-4
2,52367E-4
2,45968E-4
2,55931E-4
2,43744E-4
2,62488E-4
2,69527E-4
2,55845E-4
2,39083E-4
2,57874E-4
2,52775E-4
2,56004E-4
2,58154E-4
2,55641E-4
2,53133E-4
2,37733E-4
2,52868E-4
2,57882E-4
3,60389E-4
3,19749E-4
3,65512E-4
3,86933E-4
3,76855E-4
3,38371E-4
3,8723E-4
3,61814E-4
3,74123E-4
3,89524E-4
3,60969E-4
2,48237E-4
2,44745E-4
2,37683E-4
2,56715E-4
2,391E-4
2,35989E-4
2,55151E-4
2,55933E-4
2,40724E-4
2,54623E-4
2,61192E-4
2,83044E-4
2,75118E-4
2,53281E-4
2,54255E-4
2,54844E-4
2,41534E-4
2,71718E-4
2,58282E-4
2,63954E-4
2,43941E-4
2,70639E-4
2,50866E-4
2,54812E-4
2,43446E-4
2,66762E-4
2,55107E-4
2,53127E-4
2,6624E-4
2,48975E-4
2,51458E-4
2,59122E-4
2,42256E-4
2,54596E-4
2,49109E-4
0,001446393
2,55628E-4
2,62903E-4
2,44136E-4
2,39903E-4
2,41377E-4
2,4384E-4
2,3674E-4
2,52475E-4
2,48942E-4
2,40416E-4
2,7093E-4
2,58863E-4
2,57599E-4
2,47313E-4
2,50817E-4
2,4291E-4
2,37123E-4
2,39704E-4
2,4192E-4
2,56732E-4
2,44221E-4
2,43765E-4
2,41229E-4
2,64858E-4
2,55764E-4
2,40375E-4
2,46462E-4
2,36224E-4
2,39306E-4
2,52697E-4
2,94141E-4
2,53454E-4
2,4036E-4
2,75617E-4
2,60638E-4
2,52289E-4
2,4945E-4
2,48711E-4
2,39269E-4
2,55264E-4
2,79292E-4
2,45159E-4
2,51905E-4
2,52347E-4
2,43871E-4
2,34285E-4
2,37023E-4
2,55616E-4
2,38759E-4
2,60476E-4
2,48415E-4
2,51041E-4
2,56897E-4
2,47995E-4
2,44192E-4
2,37586E-4
2,51208E-4
2,56026E-4
2,35774E-4
2,37074E-4
2,38746E-4
2,43815E-4
2,44179E-4
2,44273E-4
2,59457E-4
2,52288E-4
2,4123E-4
2,46071E-4
2,58161E-4
2,39895E-4
2,48275E-4
2,46902E-4
2,50782E-4
2,46733E-4
2,47275E-4
2,41573E-4
2,41034E-4
2,70319E-4
2,52617E-4
2,54419E-4
2,4599E-4
2,56708E-4
2,51715E-4
2,48896E-4
2,5681E-4
2,53113E-4
2,48551E-4
3,60922E-4
3,6067E-4
3,82472E-4
2,39211E-4
2,36611E-4
3,97056E-4
3,30067E-4
4,03944E-4
3,80276E-4
3,78791E-4
4,09889E-4
3,38039E-4
3,24548E-4
3,87581E-4
3,99978E-4
2,83703E-4
2,54543E-4
2,37462E-4
2,51826E-4
2,69097E-4
2,5165E-4
2,49711E-4
2,39904E-4
2,56256E-4
2,69618E-4
2,40087E-4
2,57144E-4
2,52908E-4
2,60711E-4
2,60629E-4
2,4302E-4
2,64556E-4
2,37243E-4
2,56907E-4
2,52706E-4
2,38288E-4
2,35712E-4
2,44177E-4
2,50529E-4
2,41794E-4
2,60504E-4
2,39181E-4
2,39761E-4
2,48959E-4
2,39177E-4
2,37151E-4
2,37953E-4
2,6573E-4
2,57492E-4
2,54138E-4
2,46498E-4
2,79349E-4
2,40886E-4
2,44994E-4
2,45296E-4
2,54776E-4
2,69615E-4
2,50197E-4
2,57108E-4
2,42328E-4
2,44062E-4
2,36886E-4
2,50451E-4
2,3969E-4
2,3939E-4
2,54815E-4
2,56705E-4
2,38706E-4
2,57688E-4
2,63436E-4
2,56746E-4
2,41612E-4
2,52616E-4
2,5553E-4
2,5101E-4
2,48401E-4
2,74627E-4
2,36163E-4
2,63061E-4
2,32947E-4
2,53836E-4
2,61445E-4
2,50069E-4
2,69786E-4
2,47383E-4
2,4131E-4
2,4971E-4
2,34815E-4
2,47343E-4
2,56757E-4
2,4204E-4
2,55428E-4
2,52123E-4
2,53449E-4
2,56866E-4
2,6465E-4
2,56517E-4
2,43747E-4
2,45785E-4
2,45053E-4
2,48937E-4
2,39793E-4
2,63421E-4
2,55251E-4
2,3681E-4
2,49831E-4
2,34175E-4
2,47681E-4
2,50499E-4
2,70733E-4
2,51056E-4
2,38182E-4
2,36852E-4
2,49301E-4
2,57379E-4
2,37364E-4
2,78383E-4
2,38964E-4
2,34894E-4
2,45661E-4
2,59197E-4
2,51091E-4
2,76538E-4
2,5113E-4
2,43462E-4
2,57911E-4
2,39554E-4
2,38258E-4
2,55185E-4
2,55177E-4
2,37904E-4
2,44527E-4
2,67296E-4
2,57172E-4
2,67715E-4
2,55375E-4
2,60527E-4
2,51194E-4
2,34709E-4
2,36982E-4
2,39206E-4
2,5292E-4
2,49564E-4
2,56041E-4
2,40389E-4
2,50109E-4
2,38085E-4
2,53341E-4
2,68364E-4
2,47626E-4
2,55269E-4
2,36609E-4
2,3287E-4
2,56349E-4
2,43501E-4
2,60496E-4
2,36849E-4
2,34158E-4
2,4943E-4
2,3796E-4
2,35439E-4
2,6889E-4
2,37852E-4
2,48401E-4
2,52905E-4
2,62376E-4
2,5349E-4
2,68081E-4
2,50973E-4
2,55467E-4
2,4925E-4
2,33573E-4
2,38319E-4
2,42902E-4
2,52611E-4
2,43059E-4
2,49202E-4
2,58381E-4
2,54154E-4
2,79727E-4
2,5877E-4
2,72139E-4
2,56347E-4
2,54404E-4
2,68186E-4
2,35701E-4
2,51576E-4
2,46483E-4
2,68651E-4
2,41407E-4
2,6047E-4
2,4322E-4
2,48989E-4
2,59497E-4
2,68969E-4
2,42855E-4
2,4875E-4
2,57982E-4
2,52257E-4
2,54621E-4
2,44655E-4
2,39075E-4
2,52018E-4
2,38562E-4
2,56872E-4
2,39559E-4
2,34816E-4
2,62591E-4
2,53818E-4
2,37116E-4
2,76031E-4
2,53082E-4
2,433E-4
2,93607E-4
2,62542E-4
2,52668E-4
2,53398E-4
2,43117E-4
2,66527E-4
2,75194E-4
2,51853E-4
2,42282E-4
2,42123E-4
2,46008E-4
2,94067E-4
3,29761E-4
2,40928E-4
2,65991E-4
2,38035E-4
2,54925E-4
2,43927E-4
2,41636E-4
2,58201E-4
2,49501E-4
2,42749E-4
2,84367E-4
2,37584E-4
2,84068E-4
3,33107E-4
3,33934E-4
3,8918E-4
3,91305E-4
3,62022E-4
2,92408E-4
3,67505E-4
4,08581E-4
3,56267E-4
2,35046E-4
2,53143E-4
2,80382E-4
2,40981E-4
2,58077E-4
2,49931E-4
2,77031E-4
2,51354E-4
2,63189E-4
2,49928E-4
2,48968E-4
2,40195E-4
2,5424E-4
2,5215E-4
2,73829E-4
2,39026E-4
2,67432E-4
2,54074E-4
2,55487E-4
2,38206E-4
2,60094E-4
2,4324E-4
2,46663E-4
2,41712E-4
2,3513E-4
2,36842E-4
2,61403E-4
2,35928E-4
2,39777E-4
2,55379E-4
2,37464E-4
2,4004E-4
2,52175E-4
2,44634E-4
2,53927E-4
2,53072E-4
2,5596E-4
2,52703E-4
2,5168E-4
2,4919E-4
2,5068E-4
2,62694E-4
2,49997E-4
2,43919E-4
2,6333E-4
2,43047E-4
2,55038E-4
2,58864E-4
2,57029E-4
2,57229E-4
2,49265E-4
2,54589E-4
2,44948E-4
2,40515E-4
2,59379E-4
2,74237E-4
2,36871E-4
2,58117E-4
2,51003E-4
2,54959E-4
2,42264E-4
2,54792E-4
2,73755E-4
2,55616E-4
2,47805E-4
4,11294E-4
3,54595E-4
3,78272E-4
3,56553E-4
3,10037E-4
3,69099E-4
3,11011E-4
3,37995E-4
3,55062E-4
3,89394E-4
3,60829E-4
3,53196E-4
3,63146E-4
3,34531E-4
3,52967E-4
3,70509E-4
3,43751E-4
3,70218E-4
3,21036E-4
3,59417E-4
3,75812E-4
4,12037E-4
3,53861E-4
4,08493E-4
2,39263E-4
2,50555E-4
2,61936E-4
2,40495E-4
2,87308E-4
3,56599E-4
3,25561E-4
4,00896E-4
3,89779E-4
3,88937E-4
2,4612E-4
2,47893E-4
2,58E-4
2,69609E-4
2,59273E-4
2,72284E-4
2,59776E-4
2,6109E-4
2,40447E-4
2,53285E-4
2,60926E-4
2,63733E-4
2,51267E-4
2,42975E-4
2,42894E-4
2,44564E-4
2,6091E-4
2,62792E-4
2,36605E-4
2,468E-4
2,54412E-4
2,71095E-4
2,51164E-4
2,42014E-4
2,53947E-4
2,49919E-4
2,38211E-4
2,37005E-4
2,40701E-4
2,54548E-4
2,51953E-4
2,63035E-4
2,34507E-4
2,48081E-4
2,54035E-4
2,56763E-4
2,37523E-4
2,46338E-4
2,49996E-4
2,52346E-4
2,47746E-4
2,40235E-4
2,31417E-4
2,34466E-4
2,42392E-4
2,36401E-4
2,61474E-4
2,55757E-4
2,3636E-4
2,72665E-4
2,57533E-4
2,36796E-4
2,5868E-4
2,6415E-4
2,65335E-4
3,65753E-4
3,38354E-4
3,19508E-4
3,53784E-4
4,04127E-4
3,65777E-4
3,726E-4
3,48103E-4
3,85513E-4
3,53665E-4
3,34253E-4
2,68956E-4
2,37955E-4
2,53605E-4
2,40459E-4
2,60733E-4
2,53318E-4
2,3705E-4
2,56469E-4
2,37514E-4
2,54492E-4
2,43411E-4
2,36708E-4
2,50636E-4
2,51435E-4
2,53473E-4
2,39473E-4
2,35481E-4
2,61785E-4
2,48899E-4
2,39793E-4
2,50454E-4
2,46342E-4
2,49779E-4
2,50307E-4
2,51371E-4
2,44012E-4
2,5148E-4
2,55256E-4
2,57382E-4
2,69258E-4
2,53118E-4
2,41485E-4
3,48039E-4
3,54833E-4
3,64319E-4
2,5823E-4
2,56477E-4
2,3852E-4
2,49079E-4
2,47106E-4
2,37714E-4
2,52539E-4
2,54603E-4
2,52189E-4
2,65606E-4
2,56144E-4
2,45897E-4
2,5199E-4
2,59736E-4
2,54256E-4
2,3761E-4
3,60794E-4
4,05916E-4
3,78817E-4
2,35794E-4
2,41173E-4
2,56912E-4
2,44775E-4
2,56752E-4
2,36786E-4
2,50443E-4
2,52123E-4
2,47523E-4
2,541E-4
2,33853E-4
2,37214E-4
2,44227E-4
2,55978E-4
2,33888E-4
2,40678E-4
2,5588E-4
2,50171E-4
2,55799E-4
2,57697E-4
2,43625E-4
2,56811E-4
2,37852E-4
2,57196E-4
2,3828E-4
2,52959E-4
2,43835E-4
2,56955E-4
2,39424E-4
2,56714E-4
2,49093E-4
2,35752E-4
2,53434E-4
2,69749E-4
2,60681E-4
2,40749E-4
2,56676E-4
2,37138E-4
2,46629E-4
2,47373E-4
2,51789E-4
2,53399E-4
2,54194E-4
2,53366E-4
2,63009E-4
2,3948E-4
2,36174E-4
2,53949E-4
2,5767E-4
2,51264E-4
2,38508E-4
2,58318E-4
2,41374E-4
2,46564E-4
2,55238E-4
2,47725E-4
2,63118E-4
2,45107E-4
2,40022E-4
2,37374E-4
2,79912E-4
2,53228E-4
2,40194E-4
2,68694E-4
2,63707E-4
2,4102E-4
2,79971E-4
2,45585E-4
2,5575E-4
2,56016E-4
2,56036E-4
2,41707E-4
2,37272E-4
2,42684E-4
2,38485E-4
2,57693E-4
2,45447E-4
2,57499E-4
2,66701E-4
2,55066E-4
2,40936E-4
3,82058E-4
3,33567E-4
3,4998E-4
3,53884E-4
3,40969E-4
3,67136E-4
3,1735E-4
3,45726E-4
3,07625E-4
3,30547E-4
3,3572E-4
3,09737E-4
3,18224E-4
3,88066E-4
2,96933E-4
3,05812E-4
3,31726E-4
3,61401E-4
3,53707E-4
3,7162E-4
2,50367E-4
2,7411E-4
2,40848E-4
2,39772E-4
2,59301E-4
2,52561E-4
2,5032E-4
2,59312E-4
2,55896E-4
2,4028E-4
2,37923E-4
2,47255E-4
2,71201E-4
2,36767E-4
2,52437E-4
2,74783E-4
2,37479E-4
2,40414E-4
2,49381E-4
2,48092E-4
2,45798E-4
2,4929E-4
2,377E-4
2,5503E-4
2,538E-4
2,35574E-4
2,37781E-4
2,4853E-4
2,48755E-4
2,48593E-4
2,61717E-4
2,43601E-4
2,40134E-4
2,53991E-4
2,47059E-4
2,42284E-4
2,3708E-4
2,50494E-4
2,53574E-4
2,43319E-4
2,396E-4
2,65633E-4
2,40672E-4
2,54658E-4
2,44526E-4
2,50311E-4
2,64261E-4
2,43413E-4
2,45288E-4
2,49658E-4
2,35397E-4
2,3993E-4
2,36776E-4
2,48167E-4
2,75626E-4
2,40822E-4
2,59301E-4
2,47244E-4
2,45249E-4
2,54123E-4
2,41621E-4
2,35117E-4
2,34846E-4
2,50897E-4
2,59677E-4
2,41432E-4
2,53439E-4
2,74152E-4
2,4947E-4
2,33909E-4
2,49165E-4
2,40202E-4
2,62141E-4
2,45285E-4
2,54245E-4
2,36362E-4
2,40091E-4
2,64386E-4
2,53518E-4
2,54627E-4
2,5618E-4
2,55885E-4
2,50014E-4
2,38476E-4
2,58335E-4
2,54459E-4
2,46056E-4
2,65627E-4
2,39219E-4
2,3949E-4
2,37904E-4
2,45309E-4
2,57766E-4
2,49157E-4
2,42613E-4
2,56352E-4
2,54023E-4
2,34895E-4
2,44987E-4
2,5162E-4
2,47473E-4
2,54584E-4
2,3899E-4
2,56448E-4
2,53541E-4
2,38965E-4
2,3405E-4
2,45033E-4
2,61761E-4
2,46919E-4
2,45438E-4
2,38922E-4
2,49258E-4
2,55574E-4
2,50181E-4
2,45712E-4
2,45938E-4
2,37035E-4
2,56338E-4
2,48456E-4
2,57514E-4
2,53726E-4
2,39059E-4
2,54125E-4
2,54224E-4
2,50281E-4
2,52755E-4
2,45387E-4
2,54856E-4
2,37387E-4
2,40497E-4
2,55485E-4
2,50381E-4
2,40899E-4
2,44338E-4
2,68894E-4
2,38986E-4
2,5483E-4
2,53941E-4
2,60658E-4
2,43902E-4
2,57312E-4
2,4113E-4
2,44875E-4
2,42812E-4
2,51102E-4
2,47843E-4
2,56454E-4
2,39928E-4
2,36411E-4
2,57307E-4
2,6209E-4
2,60549E-4
2,4482E-4
2,39307E-4
2,60442E-4
2,54325E-4
2,4286E-4
2,5477E-4
2,64086E-4
2,39956E-4
2,53608E-4
2,37026E-4
2,40018E-4
2,40826E-4
2,51864E-4
2,52152E-4
2,39652E-4
2,36834E-4
2,59764E-4
2,56909E-4
2,5146E-4
2,42253E-4
2,42831E-4
2,54931E-4
2,46965E-4
2,59164E-4
2,52848E-4
2,52172E-4
2,48215E-4
2,57715E-4
2,60422E-4
2,52829E-4
2,58778E-4
2,33734E-4
2,5496E-4
2,54152E-4
2,4304E-4
2,59331E-4
2,4016E-4
2,40748E-4
2,57216E-4
2,48764E-4
2,37481E-4
2,37633E-4
2,73638E-4
2,42061E-4
2,38919E-4
2,57059E-4
2,40452E-4
2,51314E-4
2,37897E-4
2,6579E-4
2,56191E-4
2,56604E-4
2,39978E-4
2,33532E-4
2,5886E-4
2,51021E-4
2,66862E-4
2,38301E-4
2,40757E-4
2,37383E-4
2,51884E-4
2,40702E-4
2,41715E-4
2,40763E-4
2,54791E-4
2,36882E-4
2,60179E-4
2,53561E-4
2,45712E-4
2,547E-4
2,60017E-4
2,4484E-4
2,62449E-4
2,48224E-4
2,61927E-4
2,35334E-4
2,59288E-4
2,48576E-4
2,43125E-4
2,38735E-4
2,37016E-4
2,65117E-4
2,55532E-4
2,59655E-4
2,58284E-4
2,41959E-4
2,41334E-4
2,61027E-4
2,53108E-4
2,5075E-4
2,47626E-4
2,50468E-4
2,56226E-4
2,498E-4
2,3776E-4
2,53847E-4
2,52658E-4
2,43128E-4
2,41504E-4
2,61832E-4
2,52083E-4
2,46655E-4
2,40172E-4
2,44469E-4
2,57404E-4
2,58181E-4
2,58268E-4
2,52717E-4
2,5938E-4
2,60711E-4
4,05641E-4
2,51646E-4
2,5065E-4
2,6339E-4
2,4211E-4
2,64381E-4
2,36348E-4
2,49959E-4
2,56108E-4
2,5314E-4
3,16141E-4
4,16877E-4
2,55368E-4
2,55201E-4
2,36768E-4
2,36317E-4
2,55332E-4
2,49779E-4
2,44502E-4
2,56283E-4
2,54456E-4
2,54532E-4
2,51224E-4
2,45611E-4
2,41378E-4
2,62923E-4
2,54826E-4
2,38198E-4
2,6129E-4
2,6258E-4
2,40927E-4
2,82145E-4
2,63278E-4
2,50359E-4
2,52754E-4
2,55493E-4
2,39985E-4
2,56949E-4
2,50559E-4
2,46054E-4
2,44085E-4
2,44037E-4
2,54989E-4
2,53118E-4
2,60254E-4
2,41664E-4
2,34237E-4
2,40632E-4
2,50781E-4
2,48746E-4
2,43587E-4
2,42002E-4
2,3349E-4
2,37482E-4
2,48267E-4
2,51333E-4
2,41267E-4
2,52501E-4
2,53263E-4
2,33435E-4
2,53453E-4
2,54746E-4
2,46234E-4
2,56808E-4
2,33513E-4
2,47958E-4
2,52386E-4
2,48667E-4
2,43516E-4
2,52719E-4
2,36802E-4
2,40256E-4
2,43944E-4
2,59385E-4
2,54346E-4
2,47755E-4
2,38523E-4
2,45837E-4
2,76519E-4
2,36614E-4
2,50666E-4
2,51521E-4
2,58702E-4
2,36483E-4
2,53798E-4
2,71793E-4
2,54018E-4
2,3604E-4
2,3834E-4
2,57163E-4
2,53493E-4
2,35531E-4
2,65095E-4
2,48201E-4
2,37695E-4
2,56191E-4
2,37454E-4
4,09041E-4
3,93808E-4
2,43606E-4
2,53782E-4
2,51192E-4
2,3681E-4
2,43032E-4
2,58823E-4
2,52822E-4
2,78104E-4
2,55726E-4
2,59392E-4
2,44348E-4
2,3912E-4
2,43456E-4
2,53686E-4
2,62986E-4
2,57391E-4
2,41519E-4
2,45212E-4
2,63021E-4
2,42734E-4
2,59215E-4
2,80762E-4
2,3831E-4
2,40791E-4
2,38314E-4
2,36131E-4
2,57899E-4
2,45031E-4
2,52576E-4
2,49373E-4
2,4985E-4
2,63156E-4
2,50237E-4
2,61917E-4
2,39557E-4
2,39888E-4
2,38705E-4
2,55928E-4
2,38431E-4
2,54929E-4
2,58359E-4
2,5622E-4
2,46156E-4
2,50578E-4
2,60225E-4
2,36192E-4
2,62553E-4
2,40288E-4
2,46687E-4
2,57472E-4
2,41312E-4
2,52298E-4
2,37291E-4
2,42059E-4
2,38932E-4
2,5905E-4
2,52217E-4
2,43394E-4
2,39261E-4
2,48228E-4
2,38039E-4
2,62897E-4
2,57494E-4
2,35392E-4
2,53394E-4
2,60245E-4
2,38878E-4
2,436E-4
2,37023E-4
2,54172E-4
2,60986E-4
2,60456E-4
2,57612E-4
2,37911E-4
2,37489E-4
2,60661E-4
2,34179E-4
2,39992E-4
2,61825E-4
2,39531E-4
2,45582E-4
2,66225E-4
2,5222E-4
2,61667E-4
2,38893E-4
2,3969E-4
2,47577E-4
2,54337E-4
2,69798E-4
2,45293E-4
2,59204E-4
2,38636E-4
2,57063E-4
2,41125E-4
2,43919E-4
2,39521E-4
2,75517E-4
2,62959E-4
2,58932E-4
2,35734E-4
2,5043E-4
2,42513E-4
2,54945E-4
2,70358E-4
2,50895E-4
2,52473E-4
2,36814E-4
2,47906E-4
2,44068E-4
2,43213E-4
2,53042E-4
2,38368E-4
2,35771E-4
2,36642E-4
2,5939E-4
2,54364E-4
2,44621E-4
2,49807E-4
2,55059E-4
2,53385E-4
2,53308E-4
2,35654E-4
2,65156E-4
2,39969E-4
2,5577E-4
2,56142E-4
2,49589E-4
2,39594E-4
2,65286E-4
2,45138E-4
2,73727E-4
2,53038E-4
2,40738E-4
2,52499E-4
2,49416E-4
2,72528E-4
2,40931E-4
2,4807E-4
2,73289E-4
2,46931E-4
2,66463E-4
2,7527E-4
2,54686E-4
2,46557E-4
2,52456E-4
2,51093E-4
2,60626E-4
2,58516E-4
2,58839E-4
2,4664E-4
2,61158E-4
2,57976E-4
2,41506E-4
2,38385E-4
2,56796E-4
2,41851E-4
2,44371E-4
2,54787E-4
2,33397E-4
2,3994E-4
2,5469E-4
2,39729E-4
2,54099E-4
2,59393E-4
2,38832E-4
2,58596E-4
2,59682E-4
2,53133E-4
2,40413E-4
2,45842E-4
2,41432E-4
2,36914E-4
2,38927E-4
2,52814E-4
2,55249E-4
2,5162E-4
2,78846E-4
2,53326E-4
2,41711E-4
2,67607E-4
2,38955E-4
2,59238E-4
2,54669E-4
2,52827E-4
2,34068E-4
2,36242E-4
2,56734E-4
2,53982E-4
2,52296E-4
2,56831E-4
2,37224E-4
2,38136E-4
2,50264E-4
2,639E-4
2,51432E-4
2,52254E-4
2,33011E-4
2,35777E-4
2,55859E-4
2,75877E-4
2,38469E-4
2,56481E-4
2,36794E-4
2,43528E-4
2,5108E-4
2,52832E-4
2,54936E-4
2,51572E-4
2,63596E-4
2,43445E-4
2,45689E-4
2,55674E-4
2,47457E-4
2,54827E-4
2,38135E-4
2,32247E-4
2,34813E-4
2,38231E-4
2,4022E-4
2,57073E-4
2,56611E-4
2,37235E-4
2,38483E-4
2,45004E-4
2,57218E-4
2,56365E-4
2,50789E-4
2,55331E-4
2,6528E-4
2,58784E-4
2,52741E-4
2,49217E-4
2,47507E-4
2,54702E-4
2,58418E-4
2,46094E-4
2,47183E-4
2,52105E-4
2,50546E-4
2,56788E-4
2,6097E-4
2,54291E-4
2,86179E-4
2,44928E-4
2,52116E-4
2,37395E-4
2,56066E-4
2,40751E-4
2,45026E-4
2,49978E-4
2,43244E-4
2,5408E-4
2,5864E-4
2,65683E-4
2,49201E-4
2,42332E-4
2,39432E-4
2,47351E-4
2,5556E-4
2,37764E-4
2,41364E-4
2,55564E-4
2,44049E-4
2,36395E-4
2,41074E-4
2,45944E-4
2,47262E-4
2,61673E-4
2,40516E-4
2,51911E-4
2,4444E-4
2,44142E-4
2,54839E-4
2,50322E-4
2,37948E-4
2,58315E-4
2,52975E-4
2,45225E-4
2,53311E-4
2,54139E-4
2,60371E-4
2,47862E-4
2,38728E-4
2,4133E-4
2,68511E-4
2,52346E-4
2,59148E-4
2,45208E-4
2,33354E-4
2,43658E-4
2,526E-4
2,54338E-4
2,44349E-4
2,50261E-4
2,49599E-4
2,60005E-4
2,53581E-4
2,59383E-4
2,50565E-4
2,47138E-4
2,45217E-4
2,53093E-4
2,51945E-4
2,39994E-4
2,76486E-4
2,44823E-4
2,59012E-4
2,5551E-4
2,70523E-4
2,5776E-4
2,45861E-4
2,55646E-4
2,41386E-4
2,38493E-4
2,5671E-4
2,35653E-4
2,47522E-4
2,42133E-4
2,38708E-4
2,38667E-4
2,45037E-4
2,53654E-4
2,45169E-4
2,5555E-4
2,46426E-4
2,44467E-4
2,43893E-4
2,52756E-4
2,4125E-4
2,42498E-4
2,54623E-4
2,4744E-4
2,68849E-4
2,52728E-4
2,40465E-4
2,42045E-4
2,58732E-4
2,80881E-4
2,54594E-4
2,3466E-4
2,59523E-4
2,66903E-4
2,46256E-4
2,3645E-4
2,54392E-4
2,4053E-4
2,49378E-4
2,53943E-4
2,35228E-4
2,90259E-4
2,55093E-4
2,54699E-4
2,48136E-4
2,61692E-4
2,35517E-4
2,7654E-4
2,40294E-4
2,43272E-4
2,41222E-4
2,35719E-4
2,61732E-4
2,57856E-4
2,6312E-4
2,54182E-4
2,4722E-4
2,52216E-4
2,56136E-4
2,68514E-4
2,51026E-4
2,38894E-4
2,47824E-4
2,42035E-4
2,57179E-4
2,55207E-4
2,42217E-4
2,38641E-4
2,57933E-4
2,39404E-4
2,47859E-4
2,48877E-4
2,53194E-4
2,45312E-4
2,39386E-4
2,58414E-4
2,55013E-4
2,71515E-4
2,40264E-4
2,3838E-4
2,42255E-4
2,67238E-4
2,49598E-4
2,55614E-4
2,36147E-4
2,41444E-4
2,3841E-4
2,75795E-4
2,42773E-4
2,57029E-4
2,42276E-4
2,48105E-4
2,46312E-4
2,5945E-4
2,5295E-4
2,53251E-4
2,67885E-4
2,46457E-4
2,53243E-4
2,6031E-4
2,53614E-4
2,667E-4
2,51419E-4
2,3732E-4
2,44039E-4
2,53073E-4
2,54848E-4
2,38807E-4
2,65825E-4
2,53579E-4
2,56866E-4
2,54394E-4
2,48869E-4
2,50574E-4
2,35408E-4
2,42025E-4
2,42521E-4
2,54147E-4
2,35252E-4
2,54196E-4
2,53455E-4
2,52992E-4
2,52819E-4
2,32849E-4
2,56669E-4
2,36525E-4
2,52963E-4
2,43506E-4
2,45374E-4
2,40752E-4
2,52989E-4
2,39331E-4
2,40188E-4
2,54614E-4
2,56177E-4
2,38438E-4
2,49314E-4
2,58169E-4
2,48928E-4
2,41091E-4
2,42997E-4
2,52881E-4
2,52329E-4
2,48991E-4
2,53068E-4
2,53591E-4
2,39058E-4
2,61024E-4
2,67944E-4
2,40685E-4
2,44525E-4
2,50919E-4
2,50232E-4
2,54265E-4
2,45119E-4
2,60169E-4
2,37466E-4
2,54289E-4
2,54056E-4
2,39973E-4
2,51158E-4
2,57664E-4
2,35423E-4
2,4793E-4
2,55799E-4
2,44512E-4
2,52706E-4
2,5594E-4
2,57953E-4
2,52206E-4
2,58514E-4
2,37622E-4
2,39187E-4
2,54584E-4
2,39781E-4
2,69456E-4
2,53058E-4
2,45228E-4
2,53047E-4
2,5193E-4
2,45351E-4
2,38535E-4
2,58636E-4
2,60656E-4
2,41805E-4
2,63576E-4
2,54882E-4
2,65045E-4
2,54931E-4
2,39683E-4
2,54643E-4
2,46586E-4
2,69648E-4
2,37977E-4
2,45181E-4
2,534E-4
2,40378E-4
2,55149E-4
2,5612E-4
2,5414E-4
2,5989E-4
2,40924E-4
2,42232E-4
2,53964E-4
3,06106E-4
2,46829E-4
2,33845E-4
2,36155E-4
2,58702E-4
2,59752E-4
2,41778E-4
2,38534E-4
2,58555E-4
2,3791E-4
2,39069E-4
2,38152E-4
2,39202E-4
2,52448E-4
2,41869E-4
2,633E-4
2,4637E-4
2,61489E-4
2,53264E-4
2,35591E-4
2,43792E-4
2,54962E-4
2,38096E-4
2,37814E-4
2,46704E-4
2,37843E-4
2,53809E-4
2,59197E-4
2,55584E-4
2,59618E-4
2,45309E-4
2,81106E-4
2,36581E-4
2,57301E-4
2,51217E-4
2,58219E-4
2,41353E-4
2,59216E-4
2,3944E-4
2,47939E-4
2,50324E-4
2,61387E-4
2,55421E-4
2,49788E-4
2,42573E-4
2,54138E-4
2,57166E-4
2,51772E-4
2,51183E-4
2,60731E-4
2,45869E-4
2,52311E-4
2,47514E-4
2,60018E-4
2,53806E-4
2,53935E-4
2,72215E-4
2,52549E-4
2,4604E-4
2,43001E-4
2,56653E-4
2,3329E-4
2,4526E-4
2,54068E-4
2,56086E-4
2,37564E-4
2,54834E-4
2,51349E-4
2,52903E-4
2,66966E-4
2,56214E-4
2,52725E-4
2,50725E-4
2,54026E-4
2,37488E-4
2,40456E-4
2,60112E-4
2,39676E-4
3,52377E-4
2,5959E-4
2,37462E-4
2,53996E-4
2,55403E-4
2,59152E-4
2,36551E-4
2,49798E-4
2,51818E-4
2,44729E-4
2,42647E-4
2,53215E-4
2,72479E-4
2,40392E-4
2,37979E-4
2,41225E-4
2,56694E-4
2,38872E-4
2,56378E-4
2,54808E-4
2,64917E-4
2,46551E-4
2,35861E-4
2,60234E-4
2,57078E-4
2,41938E-4
2,54269E-4
2,52036E-4
2,4231E-4
2,52424E-4
2,58752E-4
2,53471E-4
2,42282E-4
2,40247E-4
2,51151E-4
2,57402E-4
2,80742E-4
2,58509E-4
2,76207E-4
2,55238E-4
2,6173E-4
2,55536E-4
2,38698E-4
2,40995E-4
2,51158E-4
2,45455E-4
2,53659E-4
2,49072E-4
2,4204E-4
2,36111E-4
2,56205E-4
2,53776E-4
2,46819E-4
2,50537E-4
2,42782E-4
2,75048E-4
2,54194E-4
2,53601E-4
2,46442E-4
2,56224E-4
2,44815E-4
2,44834E-4
2,69518E-4
2,52842E-4
2,55162E-4
2,46094E-4
2,51496E-4
2,46599E-4
2,41323E-4
2,45031E-4
2,40692E-4
2,44701E-4
2,40135E-4
2,37345E-4
2,66237E-4
2,65268E-4
2,42781E-4
2,58173E-4
2,57498E-4
2,6734E-4
2,38432E-4
2,51933E-4
2,56163E-4
2,38807E-4
2,5682E-4
2,56239E-4
2,54191E-4
2,56024E-4
2,51331E-4
2,52835E-4
2,48577E-4
2,42822E-4
2,67582E-4
2,39623E-4
2,51216E-4
2,40748E-4
2,63894E-4
2,44877E-4
2,57529E-4
2,4204E-4
2,49062E-4
2,61094E-4
2,55337E-4
2,55899E-4
2,5247E-4
2,62459E-4
2,40894E-4
2,45779E-4
2,46181E-4
2,47472E-4
2,51531E-4
2,39683E-4
2,46058E-4
2,5669E-4
2,75149E-4
2,5931E-4
2,46378E-4
2,90249E-4
2,40678E-4
2,40691E-4
2,42724E-4
2,40339E-4
2,62864E-4
2,64273E-4
2,53911E-4
2,54356E-4
2,71381E-4
2,49157E-4
2,45308E-4
2,81628E-4
2,56657E-4
2,36662E-4
2,46333E-4
2,45645E-4
2,39319E-4
2,65503E-4
2,3665E-4
2,53487E-4
2,53427E-4
2,43527E-4
2,54293E-4
2,38749E-4
2,535E-4
2,44674E-4
2,42258E-4
2,46811E-4
2,53039E-4
2,5351E-4
2,5928E-4
2,67751E-4
2,55738E-4
2,46688E-4
2,40337E-4
2,74089E-4
2,36873E-4
2,58277E-4
2,40315E-4
2,51792E-4
2,37584E-4
2,46479E-4
2,58324E-4
2,63502E-4
2,73077E-4
2,77516E-4
2,678E-4
2,47353E-4
2,75458E-4
2,51299E-4
2,52191E-4
3,91868E-4
3,90207E-4
3,59166E-4
3,97747E-4
3,91589E-4
3,94383E-4
2,50802E-4
2,5629E-4
2,40278E-4
2,60786E-4
2,44946E-4
2,57895E-4
2,36909E-4
2,5088E-4
2,58273E-4
2,70254E-4
2,45593E-4
2,55304E-4
2,423E-4
2,55149E-4
2,46531E-4
2,53465E-4
2,39216E-4
2,45979E-4
2,51903E-4
2,57592E-4
2,58632E-4
2,39491E-4
2,56979E-4
2,53377E-4
2,55349E-4
2,69632E-4
2,5785E-4
2,62178E-4
2,38337E-4
2,43717E-4
2,50521E-4
2,44144E-4
2,50095E-4
2,54054E-4
2,66383E-4
2,42127E-4
3,78128E-4
2,54573E-4
2,53762E-4
2,5192E-4
2,42442E-4
2,38266E-4
2,57917E-4
2,60042E-4
2,83603E-4
2,79886E-4
2,49682E-4
2,86833E-4
2,50874E-4
2,50783E-4
2,42912E-4
2,37592E-4
2,52357E-4
2,37619E-4
2,54737E-4
2,57341E-4
2,55776E-4
2,53482E-4
2,56105E-4
2,51339E-4
2,55361E-4
2,52365E-4
2,51155E-4
2,56392E-4
2,52912E-4
2,49369E-4
2,53747E-4
2,55858E-4
2,55877E-4
2,5548E-4
2,43363E-4
2,44115E-4
2,57037E-4
2,5144E-4
2,53405E-4
2,35538E-4
2,49544E-4
2,6523E-4
2,60414E-4
2,50386E-4
2,43495E-4
2,42954E-4
2,8079E-4
2,42738E-4
2,59831E-4
2,47834E-4
2,58021E-4
2,44991E-4
2,59829E-4
2,56258E-4
2,57048E-4
3,29039E-4
3,32214E-4
3,69467E-4
2,49122E-4
2,38747E-4
2,5192E-4
2,54569E-4
2,56286E-4
2,5464E-4
2,49241E-4
2,54935E-4
2,38996E-4
2,5686E-4
2,6283E-4
2,62579E-4
2,73834E-4
2,61194E-4
2,42393E-4
2,59549E-4
2,56588E-4
2,37109E-4
2,56388E-4
2,52503E-4
2,52905E-4
2,52081E-4
2,49234E-4
2,4918E-4
2,38538E-4
2,42384E-4
2,46895E-4
2,55065E-4
2,53168E-4
2,51002E-4
2,62322E-4
2,37144E-4
2,42812E-4
2,57906E-4
2,38413E-4
2,47702E-4
2,44716E-4
2,52977E-4
2,41744E-4
2,75879E-4
2,45232E-4
2,75314E-4
2,73548E-4
2,56714E-4
2,65498E-4
2,58359E-4
2,57549E-4
2,37475E-4
2,58208E-4
2,62935E-4
2,51309E-4
2,66677E-4
2,70467E-4
2,52456E-4
2,5634E-4
2,61029E-4
2,6719E-4
2,37817E-4
2,55173E-4
2,55786E-4
2,54135E-4
2,60796E-4
2,49514E-4
2,43864E-4
2,64229E-4
2,58049E-4
2,37179E-4
2,51875E-4
2,36778E-4
2,4451E-4
2,37741E-4
2,56353E-4
2,35084E-4
2,3817E-4
2,56493E-4
2,48171E-4
2,35222E-4
2,38907E-4
2,38239E-4
2,4733E-4
2,37495E-4
2,75055E-4
2,728E-4
2,48595E-4
2,43862E-4
2,59592E-4
2,37434E-4
2,39617E-4
2,61328E-4
2,55844E-4
2,37514E-4
2,54108E-4
2,55528E-4
2,56018E-4
2,50606E-4
2,49862E-4
2,6066E-4
2,56854E-4
2,53893E-4
2,59998E-4
2,6112E-4
2,66919E-4
2,39038E-4
2,72228E-4
2,47071E-4
2,55919E-4
2,52957E-4
2,54404E-4
2,44213E-4
2,47671E-4
2,52975E-4
2,77955E-4
2,53651E-4
2,42163E-4
2,38499E-4
2,54752E-4
2,58335E-4
2,67247E-4
2,62887E-4
2,53245E-4
2,37217E-4
2,60201E-4
2,52195E-4
2,51177E-4
2,51752E-4
2,59356E-4
2,38059E-4
2,55319E-4
2,51256E-4
2,56859E-4
2,59855E-4
2,55427E-4
2,6111E-4
2,54114E-4
2,53305E-4
2,56616E-4
2,56438E-4
2,5447E-4
2,75822E-4
2,8892E-4
2,55294E-4
2,53863E-4
2,39448E-4
2,59403E-4
2,50099E-4
2,5531E-4
2,51865E-4
2,52149E-4
2,48682E-4
2,4265E-4
2,39322E-4
2,54493E-4
2,55131E-4
2,5102E-4
2,37247E-4
3,5699E-4
3,60641E-4
3,86466E-4
3,99011E-4
4,13909E-4
3,89275E-4
3,68179E-4
4,07422E-4
3,71743E-4
3,98258E-4
3,36022E-4
3,86534E-4
3,37084E-4
3,57333E-4
4,0321E-4
3,16058E-4
3,90701E-4
3,05963E-4
3,37337E-4
3,32447E-4
3,51236E-4
3,49491E-4
3,5763E-4
3,2717E-4
3,44936E-4
3,44658E-4
3,68849E-4
3,28601E-4
3,45568E-4
3,51441E-4
3,74567E-4
2,84988E-4
4,06367E-4
3,728E-4
3,82041E-4
3,36154E-4
3,70133E-4
3,58468E-4
2,9706E-4
2,56668E-4
2,55711E-4
2,41585E-4
2,56413E-4
2,54031E-4
2,53515E-4
2,58486E-4
2,37665E-4
2,62065E-4
2,59328E-4
2,57343E-4
2,46148E-4
2,54896E-4
2,50878E-4
2,5703E-4
2,51757E-4
2,43984E-4
2,62934E-4
2,37421E-4
2,56601E-4
2,58897E-4
3,03699E-4
2,55438E-4
2,3918E-4
2,57472E-4
2,54256E-4
2,48987E-4
2,51363E-4
2,53338E-4
2,53E-4
2,57163E-4
2,61158E-4
2,68707E-4
2,52381E-4
2,58493E-4
2,52103E-4
2,65542E-4
2,54908E-4
2,35948E-4
2,51876E-4
2,59939E-4
2,46777E-4
3,64367E-4
2,71735E-4
2,51637E-4
3,16199E-4
2,74735E-4
2,93049E-4
3,44515E-4
2,91349E-4
2,82757E-4
3,92961E-4
3,02047E-4
3,74414E-4
3,63479E-4
3,51906E-4
3,20739E-4
3,15117E-4
2,60396E-4
2,94158E-4
2,38064E-4
2,51711E-4
2,61445E-4
2,42485E-4
2,57269E-4
2,57675E-4
2,58575E-4
2,56042E-4
2,61284E-4
2,52191E-4
2,55994E-4
2,55816E-4
2,55039E-4
2,76947E-4
3,26483E-4
2,8486E-4
3,22E-4
2,73232E-4
2,98665E-4
2,68094E-4
2,76743E-4
2,74206E-4
2,62077E-4
2,63095E-4
2,63412E-4
2,53006E-4
2,56433E-4
2,54035E-4
2,80496E-4
2,54416E-4
2,57641E-4
2,53901E-4
2,5577E-4
2,66658E-4
2,54956E-4
2,50269E-4
2,57704E-4
2,5904E-4
2,50454E-4
2,51387E-4
2,55282E-4
2,60763E-4
2,53248E-4
2,48766E-4
2,51964E-4
2,70563E-4
2,57681E-4
2,52248E-4
2,5249E-4
2,53254E-4
2,51094E-4
2,51752E-4
2,55946E-4
2,55595E-4
2,49419E-4
2,51896E-4
2,50082E-4
2,51994E-4
2,52069E-4
2,49333E-4
2,60827E-4
2,49627E-4
2,48498E-4
2,49328E-4
2,49684E-4
2,51373E-4
2,46277E-4
2,54358E-4
2,66116E-4
2,53258E-4
2,51529E-4
2,70795E-4
2,68333E-4
2,53305E-4
2,48506E-4
2,53191E-4
2,52392E-4
2,52506E-4
2,5814E-4
2,5934E-4
2,52025E-4
2,52412E-4
2,53335E-4
2,52038E-4
2,5705E-4
2,48571E-4
2,50791E-4
2,53645E-4
2,51717E-4
2,48831E-4
2,54399E-4
2,52399E-4
2,67154E-4
2,50723E-4
2,52908E-4
2,5267E-4
2,49629E-4
2,52114E-4
2,55646E-4
2,49784E-4
2,50333E-4
2,55888E-4
2,53648E-4
2,50141E-4
2,52035E-4
2,52949E-4
2,49475E-4
2,50553E-4
2,51173E-4
2,56075E-4
2,57589E-4
2,51578E-4
2,51957E-4
2,52033E-4
2,54716E-4
2,51493E-4
2,50949E-4
2,50941E-4
2,52856E-4
2,51952E-4
2,66467E-4
2,53659E-4
2,54454E-4
2,64382E-4
2,5029E-4
2,51362E-4
2,61101E-4
2,4916E-4
2,59616E-4
2,51139E-4
2,51023E-4
2,5237E-4
2,50319E-4
2,61996E-4
2,48082E-4
2,45159E-4
2,52589E-4
2,51247E-4
2,52703E-4
