0,006284219
0,021365563
0,003575175
0,015995248
7,96271E-4
0,001572661
0,017178917
9,27053E-4
9,49216E-4
0,004305495
8,69716E-4
0,002266597
6,74098E-4
0,001170765
6,4675E-4
7,31384E-4
7,58541E-4
9,24259E-4
9,33868E-4
0,001155328
0,001141556
0,0014739
8,2245E-4
6,51658E-4
0,001691585
7,10207E-4
0,001022589
7,82475E-4
0,001329795
0,00114523
0,001088384
0,001025219
9,0224E-4
0,002192641
8,3193E-4
8,26042E-4
8,14445E-4
9,39513E-4
0,001694621
8,94548E-4
0,002815218
0,001069668
8,21216E-4
8,25367E-4
0,001783874
0,003104528
0,001644401
9,88233E-4
6,54495E-4
6,01876E-4
6,21394E-4
6,54558E-4
0,001700231
0,001273787
0,001644576
9,98206E-4
6,23108E-4
9,39839E-4
6,51833E-4
7,86085E-4
0,001050347
0,001449499
0,001574149
7,96798E-4
7,08354E-4
5,85859E-4
8,08393E-4
7,36255E-4
8,19008E-4
6,88864E-4
5,87568E-4
6,50705E-4
6,53582E-4
5,91919E-4
6,18796E-4
7,03184E-4
8,12112E-4
8,42806E-4
8,22323E-4
9,2556E-4
9,7151E-4
7,76514E-4
7,71091E-4
7,99195E-4
7,65497E-4
0,001048044
0,001050439
9,23328E-4
0,001023263
6,72438E-4
6,55511E-4
6,76268E-4
9,69548E-4
7,96696E-4
7,16448E-4
8,49356E-4
9,33538E-4
8,38059E-4
7,70334E-4
7,90566E-4
8,02736E-4
8,52673E-4
0,001000722
9,48434E-4
0,001140089
7,24914E-4
5,95332E-4
9,08151E-4
5,93395E-4
6,75044E-4
6,62095E-4
6,52879E-4
8,99659E-4
7,10379E-4
7,48244E-4
8,82314E-4
8,66775E-4
8,23547E-4
7,58351E-4
0,001053085
0,001032979
0,001068665
0,0010035
0,001034777
0,00101792
0,00107422
0,00102995
0,001179032
0,001078532
8,0395E-4
6,41127E-4
8,77601E-4
8,37134E-4
8,3029E-4
7,63606E-4
6,93875E-4
7,71471E-4
8,09472E-4
8,76872E-4
8,21666E-4
8,14081E-4
8,19192E-4
8,17894E-4
8,19139E-4
8,57092E-4
8,62253E-4
8,02632E-4
7,44832E-4
8,03065E-4
9,6947E-4
7,5918E-4
7,26727E-4
8,99377E-4
8,59185E-4
8,26313E-4
6,99553E-4
7,28209E-4
9,27092E-4
9,90889E-4
9,08357E-4
9,112E-4
8,6125E-4
9,0E-4
7,8216E-4
6,96808E-4
8,67427E-4
9,9625E-4
9,77363E-4
9,37462E-4
8,1958E-4
8,02268E-4
8,46758E-4
9,48586E-4
9,21956E-4
0,001092248
8,74692E-4
9,50718E-4
8,19466E-4
8,16658E-4
7,54078E-4
8,23457E-4
6,83942E-4
8,9987E-4
7,81828E-4
7,47009E-4
7,00871E-4
8,4462E-4
0,001151043
0,001146647
0,001174488
0,001156884
0,001107948
0,001259667
0,001245515
0,001112937
0,001188571
0,0011826
6,01465E-4
6,84802E-4
8,10485E-4
7,06999E-4
0,003345984
6,49112E-4
6,69679E-4
6,70051E-4
8,2358E-4
0,001108519
0,001094452
0,001028641
7,29799E-4
7,70148E-4
8,24557E-4
8,12894E-4
8,62865E-4
8,24712E-4
8,49558E-4
8,5825E-4
8,1324E-4
7,98725E-4
8,37609E-4
8,32948E-4
8,20274E-4
8,53824E-4
8,1424E-4
7,54683E-4
8,2653E-4
8,41207E-4
8,37264E-4
6,51274E-4
9,0208E-4
8,34591E-4
9,99188E-4
6,51675E-4
6,65921E-4
6,11871E-4
0,001061074
0,001079919
8,96884E-4
6,81255E-4
7,3869E-4
8,27564E-4
0,001217539
6,11848E-4
6,07947E-4
6,55142E-4
6,24825E-4
8,28823E-4
0,001069119
0,00112451
8,18063E-4
0,001071034
0,001115763
0,00103376
0,001197722
0,001043382
6,59156E-4
0,001273155
0,001185668
0,001258093
0,001108995
0,001175224
0,001147727
0,001294219
0,001270873
0,001140799
0,001195275
0,001259455
0,001214516
0,001066668
6,06127E-4
6,92648E-4
6,57866E-4
0,001466176
6,22097E-4
8,16442E-4
7,72758E-4
8,55813E-4
8,20754E-4
8,71245E-4
8,34901E-4
8,57378E-4
8,07883E-4
0,001066872
9,68601E-4
8,5759E-4
8,42387E-4
7,66583E-4
9,41206E-4
8,60775E-4
6,55536E-4
8,3897E-4
8,44655E-4
8,43771E-4
8,8533E-4
7,85494E-4
8,36284E-4
8,41648E-4
8,20114E-4
8,42263E-4
8,18265E-4
8,36986E-4
8,31796E-4
7,66299E-4
8,47247E-4
8,21425E-4
8,42176E-4
8,24773E-4
6,44843E-4
6,45741E-4
8,5335E-4
7,63977E-4
6,49203E-4
7,54131E-4
8,175E-4
7,17621E-4
6,89078E-4
8,55196E-4
8,47581E-4
8,44842E-4
8,32203E-4
8,57316E-4
9,01609E-4
9,38168E-4
9,23048E-4
6,99292E-4
0,001037912
0,001008914
0,001241993
0,001060846
0,00120678
6,60394E-4
8,021E-4
6,18006E-4
7,41895E-4
7,88939E-4
8,50259E-4
8,3306E-4
7,58988E-4
8,26969E-4
8,04699E-4
8,72265E-4
8,07059E-4
8,31486E-4
8,22331E-4
7,98437E-4
6,38584E-4
6,34955E-4
6,67068E-4
6,26781E-4
0,00184594
6,53028E-4
5,94962E-4
8,39396E-4
0,002837835
8,11505E-4
6,7263E-4
8,70917E-4
7,00867E-4
6,6588E-4
7,08729E-4
0,001184219
0,001131113
6,08213E-4
8,03015E-4
7,61599E-4
0,001008684
0,001176354
0,002581835
0,001219288
0,001240915
8,43507E-4
6,86993E-4
6,65216E-4
7,49732E-4
6,88865E-4
5,85865E-4
7,26141E-4
7,60812E-4
7,02429E-4
7,28344E-4
8,17938E-4
9,2907E-4
8,43586E-4
0,001057749
6,8644E-4
6,39284E-4
7,30025E-4
8,69143E-4
6,92883E-4
8,18546E-4
7,09131E-4
7,64913E-4
7,05306E-4
7,32931E-4
6,3963E-4
7,36647E-4
6,8301E-4
7,90841E-4
7,86188E-4
8,0415E-4
8,00092E-4
7,96393E-4
6,63157E-4
7,46002E-4
7,70047E-4
6,15298E-4
7,90461E-4
6,83722E-4
8,35298E-4
9,13499E-4
8,45744E-4
8,96782E-4
8,06216E-4
8,55919E-4
8,86918E-4
7,52788E-4
8,61406E-4
8,8938E-4
7,84016E-4
8,61775E-4
8,63698E-4
8,347E-4
8,40229E-4
8,16567E-4
7,78288E-4
8,70019E-4
8,38039E-4
8,01552E-4
8,51775E-4
8,22733E-4
8,41242E-4
8,32713E-4
7,59302E-4
0,001388782
7,17446E-4
7,44906E-4
7,55195E-4
8,4369E-4
6,51864E-4
8,37378E-4
8,87968E-4
0,001190032
0,001106699
0,001063289
0,001039677
0,001169755
0,001151566
0,001036564
0,001164711
0,00112972
0,00104431
0,001144577
0,00113339
8,81235E-4
0,001182975
7,71631E-4
8,53654E-4
8,42551E-4
7,55586E-4
0,001076179
0,001057016
0,001050002
0,001035921
0,001042425
0,001187381
0,001045044
0,001037664
0,001203037
0,001064933
0,001233146
0,001060173
0,001025263
0,001017435
6,42175E-4
8,416E-4
0,001100564
0,001059567
8,03982E-4
8,78253E-4
7,40955E-4
8,57039E-4
8,29722E-4
8,66395E-4
8,34311E-4
8,58449E-4
8,17591E-4
8,61175E-4
7,70207E-4
8,38147E-4
8,24194E-4
8,22111E-4
8,63392E-4
0,002193755
7,18679E-4
9,19282E-4
8,3247E-4
8,13834E-4
7,72339E-4
8,19605E-4
8,98517E-4
6,38749E-4
7,36456E-4
7,06172E-4
6,63625E-4
6,63548E-4
6,95725E-4
6,95249E-4
7,09429E-4
7,59299E-4
8,51395E-4
7,74681E-4
0,001504952
0,001542678
0,001686418
0,001674774
0,001658475
0,001683161
0,001677844
8,05668E-4
9,23553E-4
8,56084E-4
0,003618113
5,84403E-4
0,001502621
6,64582E-4
7,3382E-4
8,22459E-4
0,001099742
0,001018954
0,001076061
0,001189208
0,001013853
8,22885E-4
7,39409E-4
0,001664115
0,001661936
0,001662117
0,001736011
0,001575248
0,001642119
0,001664044
0,001255751
0,001408136
9,06623E-4
6,02234E-4
6,60701E-4
7,05948E-4
7,11952E-4
7,03012E-4
6,43116E-4
7,00563E-4
8,27584E-4
7,76869E-4
7,24967E-4
7,71993E-4
7,11734E-4
0,00103161
0,001056217
0,001221004
0,001045872
0,001077799
0,001141449
0,001118184
0,001020345
0,001009295
0,001095315
0,001188364
0,001061726
0,001238005
9,04384E-4
6,64694E-4
7,68702E-4
6,1267E-4
6,393E-4
6,20057E-4
8,00095E-4
7,34692E-4
6,78802E-4
7,62591E-4
8,35233E-4
6,36041E-4
9,16232E-4
7,07778E-4
9,85605E-4
8,04877E-4
6,93723E-4
7,95314E-4
8,72551E-4
9,93974E-4
6,52158E-4
9,63532E-4
7,38847E-4
8,25279E-4
0,001273087
0,001278091
0,001250867
0,001232615
0,001098335
6,85293E-4
7,12551E-4
0,001352828
9,19474E-4
0,001011201
8,4241E-4
9,59633E-4
0,001024574
0,001113545
0,001058569
9,00461E-4
6,27283E-4
7,40363E-4
6,54895E-4
8,97212E-4
6,82366E-4
5,80332E-4
8,85184E-4
6,36797E-4
0,001169825
0,001129139
0,001168062
0,001128206
0,001028419
0,001066542
0,001189621
0,001060434
0,001141325
0,001101155
0,001037321
0,001020108
0,001048814
0,001035581
6,57397E-4
6,35322E-4
7,06594E-4
7,70118E-4
7,29524E-4
7,63169E-4
7,31999E-4
8,62761E-4
6,39366E-4
6,59868E-4
6,06099E-4
0,001741554
5,8834E-4
6,62841E-4
7,32568E-4
7,79944E-4
9,3975E-4
7,28816E-4
6,18321E-4
7,27309E-4
8,85553E-4
8,36215E-4
0,001296697
0,001310672
0,001361427
0,001299625
0,001223132
0,001213259
0,001102757
0,001235252
0,001308163
7,53459E-4
5,82207E-4
5,75878E-4
7,01756E-4
7,2615E-4
7,319E-4
6,43973E-4
7,99724E-4
8,70916E-4
8,58277E-4
7,3472E-4
6,6752E-4
6,40418E-4
8,30584E-4
7,17091E-4
0,001024903
9,30242E-4
8,87865E-4
8,38929E-4
8,44589E-4
6,88234E-4
7,95344E-4
6,66583E-4
7,03566E-4
7,01165E-4
9,30302E-4
0,00104269
0,001171406
0,00119658
0,001193906
0,001123631
0,001376391
7,64749E-4
9,29794E-4
0,001129815
0,001278862
0,001084524
9,15691E-4
8,918E-4
0,001096958
0,001077968
0,003879921
7,496E-4
6,56013E-4
6,70897E-4
7,11054E-4
9,30144E-4
6,60446E-4
7,48284E-4
8,88643E-4
8,38548E-4
9,3208E-4
9,0902E-4
6,95055E-4
6,95869E-4
6,27732E-4
7,36135E-4
7,08437E-4
6,33227E-4
7,8255E-4
6,66002E-4
8,71075E-4
8,11936E-4
8,48863E-4
9,59246E-4
8,44599E-4
9,64364E-4
8,76348E-4
0,001059977
9,58574E-4
0,001027518
7,28929E-4
6,0185E-4
7,08626E-4
7,75158E-4
8,14838E-4
8,58063E-4
8,14619E-4
8,18524E-4
7,77559E-4
8,37936E-4
6,13442E-4
9,08823E-4
0,001033497
0,001200649
0,001048897
0,001090383
0,0010134
0,001109326
0,001060177
0,001251401
0,001047576
0,001212843
0,00104508
0,001190532
9,94034E-4
9,49693E-4
0,001067012
0,001142489
0,001118815
0,001218212
0,00100936
0,001056412
0,001104066
0,00100646
0,00106252
0,001203421
8,5993E-4
6,66743E-4
8,44027E-4
7,80384E-4
9,32306E-4
7,2256E-4
8,86135E-4
8,52233E-4
7,52711E-4
7,60788E-4
6,00411E-4
6,48564E-4
7,4647E-4
7,65006E-4
7,77316E-4
7,98441E-4
8,00046E-4
6,60016E-4
8,45094E-4
8,19678E-4
9,44706E-4
9,04322E-4
8,286E-4
7,94063E-4
8,5971E-4
7,71616E-4
7,66388E-4
8,26359E-4
8,12634E-4
7,88921E-4
8,26225E-4
8,36071E-4
8,14635E-4
8,53509E-4
8,21266E-4
8,96448E-4
8,3651E-4
8,12791E-4
7,71342E-4
8,55843E-4
8,63203E-4
7,78195E-4
8,12695E-4
8,1183E-4
8,26944E-4
5,92316E-4
6,58741E-4
6,68676E-4
6,40955E-4
7,47396E-4
6,78381E-4
9,66076E-4
0,001684523
0,001530482
6,48203E-4
8,14063E-4
7,67879E-4
8,72979E-4
9,14818E-4
7,20685E-4
8,77484E-4
7,79183E-4
8,47076E-4
8,34632E-4
8,25859E-4
8,11028E-4
8,03631E-4
8,96779E-4
8,98512E-4
7,62608E-4
8,32973E-4
8,37032E-4
7,81998E-4
7,47319E-4
7,16375E-4
7,91287E-4
8,11098E-4
7,02405E-4
8,59924E-4
8,29569E-4
7,78025E-4
8,07407E-4
8,4539E-4
8,2888E-4
7,0093E-4
9,4815E-4
8,42089E-4
9,24538E-4
6,46385E-4
9,38458E-4
8,40005E-4
9,20909E-4
6,77793E-4
8,40498E-4
8,71997E-4
9,49881E-4
8,67539E-4
8,77701E-4
7,31383E-4
8,69279E-4
7,11307E-4
8,99456E-4
8,87019E-4
8,5578E-4
8,08484E-4
6,99685E-4
6,72136E-4
7,23715E-4
7,35804E-4
7,55257E-4
9,49355E-4
7,2522E-4
8,14758E-4
7,10399E-4
7,16857E-4
6,23954E-4
0,003803515
7,62816E-4
0,001233206
0,00127761
0,001213511
0,001260547
0,001206696
0,001248883
0,001228758
7,16715E-4
7,90929E-4
8,10399E-4
7,85606E-4
8,08847E-4
8,57161E-4
7,28635E-4
8,5046E-4
7,03258E-4
8,79537E-4
8,1806E-4
8,824E-4
9,12889E-4
8,39092E-4
7,80877E-4
7,3184E-4
8,11352E-4
9,73623E-4
0,001000619
8,66884E-4
9,0888E-4
7,39475E-4
9,074E-4
7,18884E-4
7,27675E-4
8,06785E-4
7,57138E-4
0,001023453
7,17475E-4
6,38523E-4
7,65301E-4
6,89729E-4
7,1326E-4
6,81973E-4
7,74431E-4
8,82966E-4
7,08812E-4
9,12127E-4
9,65673E-4
8,08596E-4
9,38739E-4
9,05108E-4
8,44539E-4
9,14775E-4
8,14564E-4
9,26024E-4
9,37076E-4
9,14863E-4
8,82032E-4
8,94573E-4
7,28394E-4
7,21611E-4
8,99944E-4
8,7304E-4
6,30861E-4
5,97406E-4
7,42193E-4
6,69324E-4
8,6115E-4
8,95726E-4
6,43695E-4
6,42195E-4
8,60445E-4
7,09514E-4
9,46382E-4
8,94516E-4
8,47907E-4
7,49911E-4
7,15209E-4
8,71668E-4
7,45207E-4
9,27097E-4
9,43078E-4
8,91521E-4
6,62224E-4
8,3828E-4
8,37847E-4
8,52755E-4
9,29322E-4
7,26888E-4
7,75034E-4
6,8178E-4
6,71603E-4
6,94311E-4
7,83086E-4
8,55097E-4
6,73967E-4
6,42543E-4
6,66562E-4
6,71685E-4
8,00324E-4
8,58786E-4
8,28806E-4
7,51387E-4
7,47743E-4
7,46212E-4
9,76163E-4
8,82573E-4
6,87894E-4
7,13745E-4
6,70845E-4
7,14685E-4
9,03612E-4
7,12172E-4
9,30533E-4
8,16132E-4
9,05082E-4
7,97523E-4
7,33043E-4
7,62337E-4
9,5112E-4
6,64913E-4
9,70506E-4
8,42158E-4
6,89997E-4
8,99975E-4
6,66319E-4
8,56204E-4
6,83486E-4
6,55981E-4
6,26026E-4
6,32847E-4
7,90544E-4
8,64776E-4
7,57778E-4
9,33543E-4
9,35241E-4
9,46707E-4
6,9221E-4
9,01929E-4
8,63789E-4
9,31764E-4
7,066E-4
9,6036E-4
8,60195E-4
7,14151E-4
8,68483E-4
9,0365E-4
8,96479E-4
6,33551E-4
8,55424E-4
8,45196E-4
8,22304E-4
7,79724E-4
7,64357E-4
8,41051E-4
6,66219E-4
6,96291E-4
8,74535E-4
8,90309E-4
8,48681E-4
6,51441E-4
7,12144E-4
7,42368E-4
7,9923E-4
7,43425E-4
8,07379E-4
8,96509E-4
8,89111E-4
7,40727E-4
8,62254E-4
7,05465E-4
8,93354E-4
8,85894E-4
8,60236E-4
6,75033E-4
9,17561E-4
7,45893E-4
8,79006E-4
7,65256E-4
9,8048E-4
9,08327E-4
7,64059E-4
7,38804E-4
8,83414E-4
8,35334E-4
8,71765E-4
6,51959E-4
8,29968E-4
8,30999E-4
8,24115E-4
8,89842E-4
7,89432E-4
0,001002515
0,001196908
0,001368381
0,001226597
0,001359735
0,001478641
0,001457415
0,001728461
0,001224738
0,001163634
0,001185962
0,00135409
0,001257235
0,001441806
0,001523008
8,57627E-4
0,001330419
0,001209458
0,001475762
0,001465735
0,001451425
0,001357503
0,001385166
0,00140487
0,001309604
0,001428706
0,001301704
7,90849E-4
0,001379509
0,001212101
0,001119203
0,001110466
0,001205346
0,001203861
9,20092E-4
0,001138591
0,001175664
0,001445399
0,001438282
0,004188167
0,001052319
8,50027E-4
8,72857E-4
9,00618E-4
8,7681E-4
7,5102E-4
6,88161E-4
6,5403E-4
7,38355E-4
8,12396E-4
8,90704E-4
7,67757E-4
8,2568E-4
6,55603E-4
9,1625E-4
8,03502E-4
9,26011E-4
6,12367E-4
6,52468E-4
8,9474E-4
8,60956E-4
6,72533E-4
6,81029E-4
6,31527E-4
6,41424E-4
6,94064E-4
8,39648E-4
8,30779E-4
7,89485E-4
6,67682E-4
6,07248E-4
8,17353E-4
7,7925E-4
7,93341E-4
7,99337E-4
7,67287E-4
6,84331E-4
7,17846E-4
7,95265E-4
8,11094E-4
7,11297E-4
8,30865E-4
8,93745E-4
8,6176E-4
8,86798E-4
8,50156E-4
6,21952E-4
8,86257E-4
8,67745E-4
8,50466E-4
8,51644E-4
9,49272E-4
8,81877E-4
6,38385E-4
8,47793E-4
8,19805E-4
9,14952E-4
7,92731E-4
7,98269E-4
8,92257E-4
9,14258E-4
8,24096E-4
8,44511E-4
8,61587E-4
8,44728E-4
8,52966E-4
8,35597E-4
7,16331E-4
9,36169E-4
7,37658E-4
8,17396E-4
9,10165E-4
7,65721E-4
7,33627E-4
7,11007E-4
6,80389E-4
9,6823E-4
8,90284E-4
8,84831E-4
8,84044E-4
8,45367E-4
8,51199E-4
8,18675E-4
8,49645E-4
8,19293E-4
8,73451E-4
7,942E-4
8,50462E-4
8,29298E-4
8,66541E-4
7,47347E-4
0,001377076
0,001723497
0,00176109
0,001667
0,001654572
0,001676795
0,001661869
0,001660926
0,001626703
0,001106279
7,95554E-4
5,95495E-4
8,40025E-4
7,78279E-4
7,88912E-4
9,89755E-4
9,27197E-4
8,63115E-4
0,0011378
0,001091827
0,00108033
0,001026601
0,001081483
0,001085688
0,001018133
0,001235234
0,001117033
0,001014694
0,001008428
0,00154165
8,73432E-4
7,68463E-4
8,55225E-4
6,8267E-4
6,57775E-4
7,90769E-4
7,45562E-4
8,79113E-4
0,001243871
6,2822E-4
7,13066E-4
7,88724E-4
8,67988E-4
8,2002E-4
6,55669E-4
9,51678E-4
0,001101223
0,001058502
0,001085032
0,00107716
0,00105562
0,001070377
0,001221835
0,001096732
0,001064319
0,001066212
6,26299E-4
9,45182E-4
0,001027052
0,001119576
6,06339E-4
0,001016997
0,00101348
0,001176205
7,70284E-4
0,001032854
8,48185E-4
7,5914E-4
8,17874E-4
7,83888E-4
8,53876E-4
9,69212E-4
0,001173604
0,001062469
0,001019419
0,001186402
0,001008339
6,42465E-4
0,001081907
0,001017551
0,001054923
0,001047556
9,94904E-4
0,001010952
0,001045441
0,001061792
8,61184E-4
8,46676E-4
8,73654E-4
8,25647E-4
8,33946E-4
8,50131E-4
8,09915E-4
8,56379E-4
6,72442E-4
7,08023E-4
8,54639E-4
8,7027E-4
7,23417E-4
7,75571E-4
8,31342E-4
8,86158E-4
8,30241E-4
8,39896E-4
8,90994E-4
8,5026E-4
8,35758E-4
8,53063E-4
8,0087E-4
8,33091E-4
8,12421E-4
8,19961E-4
8,19382E-4
8,64827E-4
8,32535E-4
6,57461E-4
8,28733E-4
7,18229E-4
6,86865E-4
7,49229E-4
7,82045E-4
7,92973E-4
6,36615E-4
8,27799E-4
8,51952E-4
8,23231E-4
8,08147E-4
8,38375E-4
8,42912E-4
9,46853E-4
0,001111451
0,001121105
0,003775785
6,77728E-4
6,09358E-4
6,21589E-4
8,38829E-4
8,08732E-4
7,06753E-4
8,83994E-4
8,07765E-4
8,964E-4
8,35508E-4
6,12779E-4
8,52196E-4
7,02047E-4
6,76613E-4
9,192E-4
6,46484E-4
8,2078E-4
6,24491E-4
6,71381E-4
6,18269E-4
6,43319E-4
6,54421E-4
8,51264E-4
8,66252E-4
9,01464E-4
7,56637E-4
6,80194E-4
9,05634E-4
7,83318E-4
7,5179E-4
6,20784E-4
6,43345E-4
6,587E-4
6,57826E-4
6,69462E-4
8,66615E-4
7,29062E-4
8,96989E-4
8,45347E-4
7,03684E-4
9,0E-4
6,30069E-4
8,34311E-4
8,4642E-4
8,31404E-4
8,07308E-4
8,26129E-4
8,23841E-4
7,13944E-4
8,94648E-4
6,70746E-4
7,23473E-4
8,47421E-4
6,77107E-4
7,84064E-4
7,30884E-4
7,73136E-4
8,03032E-4
7,72786E-4
8,466E-4
6,94068E-4
7,68005E-4
7,15371E-4
8,2041E-4
6,86065E-4
8,15076E-4
8,7926E-4
7,90624E-4
7,11213E-4
8,78182E-4
8,20397E-4
8,14514E-4
7,2245E-4
8,50013E-4
7,33798E-4
7,02907E-4
7,21154E-4
7,77714E-4
6,78641E-4
8,71071E-4
8,64923E-4
8,58356E-4
8,253E-4
8,2492E-4
8,22222E-4
8,26663E-4
8,1564E-4
8,48671E-4
7,87299E-4
8,41492E-4
8,09579E-4
8,17772E-4
8,09748E-4
0,001296882
8,91715E-4
8,37734E-4
7,98059E-4
8,6326E-4
5,75403E-4
7,85483E-4
6,36718E-4
7,12486E-4
7,93979E-4
9,09843E-4
8,05304E-4
7,90992E-4
7,92595E-4
8,41435E-4
8,54015E-4
8,40897E-4
8,15365E-4
8,14285E-4
9,60767E-4
0,001050264
0,001092569
0,001166421
9,95299E-4
8,4928E-4
6,62899E-4
8,04622E-4
8,16152E-4
8,43092E-4
8,21755E-4
8,713E-4
7,89086E-4
8,3993E-4
8,6314E-4
8,32775E-4
8,32321E-4
8,33962E-4
8,33682E-4
8,37017E-4
8,14E-4
8,29374E-4
8,34115E-4
8,08576E-4
9,34864E-4
8,84119E-4
8,80366E-4
8,67733E-4
8,25974E-4
8,5778E-4
8,32426E-4
7,64593E-4
8,33631E-4
8,74661E-4
8,44105E-4
8,52828E-4
8,47587E-4
8,22306E-4
8,77674E-4
8,54716E-4
8,15117E-4
8,24786E-4
8,97033E-4
7,50626E-4
8,93005E-4
8,49844E-4
8,66617E-4
8,78725E-4
7,79447E-4
8,13546E-4
8,34893E-4
8,81148E-4
6,88937E-4
0,001072932
0,001260131
0,001021427
0,001048821
8,46527E-4
9,47758E-4
6,63083E-4
0,001019345
8,02695E-4
0,001174324
0,001065376
0,001201921
0,001151942
0,001180241
0,001038752
0,001031583
0,001112778
0,001137745
0,001074576
0,001025889
0,001041169
0,001000581
8,90729E-4
6,9346E-4
7,94202E-4
8,18788E-4
8,09856E-4
8,49741E-4
8,52435E-4
8,24126E-4
8,01468E-4
8,20437E-4
7,5032E-4
7,86213E-4
7,68914E-4
8,27121E-4
8,43069E-4
8,61149E-4
8,29436E-4
8,48144E-4
8,83399E-4
8,6487E-4
8,78316E-4
8,62302E-4
8,23615E-4
8,84531E-4
8,65967E-4
8,9524E-4
8,23102E-4
8,52087E-4
8,81984E-4
7,02806E-4
8,00161E-4
0,001265836
9,24573E-4
9,42092E-4
9,16333E-4
0,001032632
0,001066148
0,001284557
0,00139067
0,002503054
0,0028095
0,002840418
0,002797514
0,002771475
9,46653E-4
0,00135721
0,001821635
0,00192674
0,001842657
0,001116052
0,001318966
0,001329361
0,001278367
0,001452406
0,001462729
0,001456939
0,001405849
0,001473264
0,001367645
0,001374714
0,001398176
9,0721E-4
0,001285357
0,001297301
0,001077624
0,00112221
0,001221965
0,00131236
8,59933E-4
0,001197433
0,001351045
0,001186973
0,001421632
0,001375814
0,001387845
0,001453355
0,001420481
0,001397619
0,001388187
0,004738052
6,92878E-4
9,28671E-4
8,39064E-4
6,49377E-4
7,03986E-4
8,45081E-4
8,21436E-4
9,47439E-4
8,54749E-4
9,16161E-4
7,84612E-4
6,76911E-4
8,85522E-4
8,15071E-4
8,97979E-4
8,29032E-4
9,44729E-4
8,17708E-4
6,81316E-4
7,15475E-4
8,44686E-4
6,60837E-4
8,20644E-4
7,88628E-4
7,53008E-4
9,51218E-4
8,0967E-4
9,28703E-4
6,28546E-4
9,29819E-4
7,99398E-4
7,78295E-4
6,24846E-4
7,2327E-4
8,80571E-4
6,43684E-4
6,19739E-4
6,6745E-4
9,05497E-4
6,27678E-4
8,7078E-4
9,25332E-4
8,54946E-4
8,05461E-4
9,28469E-4
6,59735E-4
7,01699E-4
7,18804E-4
8,54694E-4
8,51489E-4
8,93024E-4
8,44922E-4
8,20121E-4
8,05405E-4
8,58559E-4
8,92298E-4
8,37326E-4
8,54956E-4
8,40364E-4
8,63266E-4
8,35402E-4
8,05362E-4
8,30836E-4
7,88899E-4
7,70541E-4
6,44998E-4
8,41008E-4
8,41893E-4
8,6266E-4
8,8636E-4
8,43476E-4
8,41865E-4
8,13846E-4
9,97398E-4
6,70138E-4
7,50082E-4
6,43323E-4
9,25722E-4
0,001112131
0,001106096
0,001009243
0,001004217
0,001069052
0,001156014
0,001126954
0,001092065
0,001066092
0,001144568
0,001103031
0,001057826
6,55683E-4
0,001359279
0,001666409
0,001641836
7,97165E-4
7,80017E-4
8,28546E-4
8,95195E-4
6,45741E-4
8,97319E-4
0,001111956
0,001211079
0,001010005
0,00104473
9,97051E-4
0,001040128
0,001040633
0,001158706
0,001065014
0,00107786
0,001050687
0,001234374
0,001147726
6,3823E-4
7,49924E-4
8,11922E-4
6,9144E-4
6,19131E-4
7,76772E-4
6,24329E-4
5,97969E-4
7,06165E-4
7,13097E-4
8,88154E-4
6,92004E-4
7,48249E-4
7,66478E-4
7,97552E-4
8,66114E-4
0,001045213
8,0008E-4
8,45893E-4
8,41745E-4
9,86176E-4
0,001010461
9,08466E-4
9,88209E-4
9,51724E-4
9,14624E-4
8,49103E-4
8,43014E-4
8,68818E-4
6,7875E-4
6,60503E-4
8,00802E-4
6,25443E-4
9,67996E-4
9,38203E-4
9,52183E-4
8,49609E-4
9,27012E-4
7,85473E-4
9,73282E-4
0,001303732
0,001086827
0,001198384
0,001094551
0,00122262
0,001105358
6,95237E-4
8,24761E-4
8,17046E-4
8,6205E-4
8,69786E-4
8,20458E-4
8,03825E-4
8,01622E-4
8,19992E-4
8,58339E-4
8,70399E-4
8,15532E-4
8,21199E-4
7,9608E-4
8,22098E-4
8,37096E-4
8,21177E-4
8,264E-4
8,32943E-4
7,06288E-4
6,71312E-4
6,71745E-4
7,10474E-4
7,67469E-4
7,22008E-4
5,61073E-4
7,63506E-4
8,44641E-4
7,67049E-4
8,01911E-4
9,0019E-4
8,33075E-4
8,25712E-4
8,53574E-4
8,60679E-4
8,27794E-4
7,54293E-4
8,8265E-4
6,82263E-4
8,83968E-4
8,25809E-4
8,24393E-4
7,92476E-4
8,11082E-4
7,81086E-4
6,71216E-4
6,48318E-4
6,37821E-4
6,07059E-4
6,21159E-4
6,64674E-4
6,80422E-4
7,76779E-4
9,61779E-4
0,001163343
8,16298E-4
8,16849E-4
8,38433E-4
9,1218E-4
8,29726E-4
8,53503E-4
8,2889E-4
8,42684E-4
8,1876E-4
8,48311E-4
7,78963E-4
8,1847E-4
7,30144E-4
8,36915E-4
8,2481E-4
8,40819E-4
7,68092E-4
8,37494E-4
8,0677E-4
8,78534E-4
6,91059E-4
8,4698E-4
9,41218E-4
8,57178E-4
9,16616E-4
8,50708E-4
8,60515E-4
8,80065E-4
9,03385E-4
7,2456E-4
9,07325E-4
8,76606E-4
8,25441E-4
8,84607E-4
8,12036E-4
8,75962E-4
7,78243E-4
8,66978E-4
8,0497E-4
9,03774E-4
8,06069E-4
0,001004775
0,001062361
8,1741E-4
6,69164E-4
8,45737E-4
8,47653E-4
7,77913E-4
5,65748E-4
8,42876E-4
5,71554E-4
6,98691E-4
0,003669036
0,001223142
7,72416E-4
8,39148E-4
8,78528E-4
7,20347E-4
7,78314E-4
7,16182E-4
9,07305E-4
6,40553E-4
6,22815E-4
6,2013E-4
6,71367E-4
6,20917E-4
8,61097E-4
8,27425E-4
6,24141E-4
8,87414E-4
8,39126E-4
6,8853E-4
8,32905E-4
8,89944E-4
0,002213835
6,61047E-4
6,6295E-4
7,56164E-4
6,98992E-4
7,94609E-4
7,24297E-4
8,36754E-4
8,48059E-4
8,68957E-4
7,1388E-4
8,84702E-4
8,54232E-4
7,78239E-4
9,26703E-4
0,001169085
0,00123181
0,001060501
7,16998E-4
9,54785E-4
7,86956E-4
0,001139094
0,001149572
0,001066161
0,001209368
0,001066529
0,001067327
0,001008205
0,001067551
9,81786E-4
0,00100849
0,001036675
0,001226995
9,51032E-4
7,5084E-4
8,43288E-4
0,00106344
0,001196064
0,001046536
0,001035294
0,001016874
0,001073977
5,77754E-4
6,03641E-4
7,18729E-4
6,63465E-4
7,56067E-4
8,24551E-4
8,05694E-4
7,9966E-4
8,11576E-4
8,25001E-4
8,40613E-4
8,28316E-4
8,31474E-4
8,10384E-4
9,47729E-4
7,26631E-4
8,0953E-4
8,07952E-4
6,46031E-4
6,13844E-4
6,99257E-4
5,65593E-4
6,35793E-4
7,46567E-4
0,001278754
0,001274069
0,001230462
0,00123883
0,001246401
0,001243539
9,88595E-4
6,10127E-4
6,47484E-4
6,41209E-4
7,53485E-4
6,70596E-4
7,51117E-4
7,7317E-4
8,69965E-4
8,73918E-4
7,79287E-4
8,20763E-4
8,10871E-4
8,74057E-4
8,55357E-4
6,89107E-4
8,83481E-4
0,001041184
8,1841E-4
8,26932E-4
9,30671E-4
9,65343E-4
8,15695E-4
8,54246E-4
7,33699E-4
6,39074E-4
6,47778E-4
6,75559E-4
6,17984E-4
7,19838E-4
8,64566E-4
0,001204268
0,001044648
0,001177158
0,001241131
0,001023718
0,001210457
9,96997E-4
0,001030727
0,001078953
0,001230924
0,001029964
0,001180392
6,50261E-4
6,42584E-4
6,12002E-4
6,20814E-4
7,87629E-4
6,12597E-4
6,43164E-4
6,32379E-4
0,001026485
0,001001305
8,73243E-4
6,28793E-4
6,3599E-4
9,42581E-4
9,29544E-4
9,18345E-4
9,72716E-4
8,71033E-4
8,62854E-4
9,09415E-4
9,96952E-4
8,44282E-4
9,14828E-4
0,001025643
8,67591E-4
8,97947E-4
8,44244E-4
8,60844E-4
9,49802E-4
7,42515E-4
7,16934E-4
7,07484E-4
5,7988E-4
6,87661E-4
9,51867E-4
7,03084E-4
7,17406E-4
8,87191E-4
8,48953E-4
0,00119695
0,00124272
0,001213028
0,001059534
0,001158862
0,001106959
0,001081781
8,65638E-4
7,24696E-4
6,74719E-4
6,12914E-4
8,46354E-4
6,06157E-4
6,87E-4
8,06777E-4
6,56452E-4
8,20351E-4
8,88076E-4
8,49124E-4
9,21923E-4
7,94458E-4
8,86784E-4
8,4218E-4
8,10742E-4
8,68526E-4
8,10117E-4
8,26469E-4
8,65641E-4
6,57002E-4
6,61045E-4
8,02883E-4
7,47839E-4
7,90477E-4
0,001004926
9,18371E-4
8,78674E-4
8,98293E-4
9,04523E-4
8,39279E-4
9,21322E-4
9,54878E-4
0,001005345
8,70947E-4
8,2893E-4
8,13942E-4
8,28661E-4
6,75715E-4
8,13995E-4
8,76899E-4
8,76064E-4
7,92941E-4
6,7961E-4
7,13197E-4
7,41878E-4
8,15085E-4
8,22885E-4
8,33735E-4
8,05862E-4
7,70752E-4
8,11196E-4
8,84903E-4
8,82254E-4
8,24476E-4
8,10437E-4
8,20469E-4
8,00855E-4
9,1686E-4
8,24782E-4
8,48328E-4
8,15338E-4
8,70569E-4
5,56965E-4
7,26524E-4
7,93256E-4
8,44398E-4
8,05239E-4
7,59937E-4
8,97626E-4
8,03469E-4
8,95202E-4
7,21984E-4
7,30988E-4
7,01238E-4
7,60398E-4
6,52316E-4
6,79763E-4
9,05142E-4
9,77187E-4
0,001184442
0,001037328
0,001353754
0,001537384
0,002072478
9,46609E-4
0,001540701
0,001385146
0,001122042
8,70947E-4
8,63287E-4
0,001238335
0,00116952
0,001077264
0,001250859
0,001142815
0,001105559
0,001107344
0,001101572
0,001282069
0,001111832
8,25059E-4
0,001068645
0,001437872
0,001193335
0,001209948
0,001174481
0,00117498
0,001228216
0,001162809
0,001251431
0,001202847
0,001043268
9,27149E-4
0,00102885
0,001248992
8,31113E-4
0,001133729
0,001243939
0,001105796
9,51935E-4
9,94303E-4
0,001216252
0,001414402
0,001174863
0,001079887
0,001128215
0,001009214
0,001261404
0,0010655
9,48705E-4
8,87E-4
0,005000935
5,78856E-4
7,30289E-4
6,40293E-4
6,54874E-4
6,30975E-4
6,36298E-4
7,59345E-4
8,52689E-4
8,84709E-4
7,88458E-4
8,61508E-4
8,34504E-4
8,48022E-4
9,52236E-4
6,18362E-4
7,07158E-4
7,48443E-4
7,23708E-4
8,02713E-4
6,73911E-4
7,76155E-4
7,12771E-4
9,68872E-4
6,49927E-4
6,44517E-4
9,27102E-4
8,90651E-4
8,92271E-4
9,71716E-4
8,79738E-4
8,88832E-4
8,10127E-4
8,14739E-4
8,8881E-4
9,68332E-4
9,56194E-4
0,001062867
8,53709E-4
9,08639E-4
8,24908E-4
9,39753E-4
6,56859E-4
9,40018E-4
7,50463E-4
7,17117E-4
8,05309E-4
7,31163E-4
0,001128634
0,001834435
0,0011064
7,37742E-4
8,08685E-4
7,3769E-4
7,95587E-4
6,90368E-4
8,46523E-4
8,37031E-4
7,94504E-4
9,01425E-4
8,54647E-4
8,26463E-4
8,18017E-4
5,93408E-4
7,66907E-4
7,04379E-4
9,03741E-4
8,72351E-4
9,29582E-4
8,96034E-4
9,74011E-4
7,69302E-4
8,19168E-4
6,21781E-4
6,29054E-4
7,88966E-4
8,02624E-4
6,93398E-4
8,73176E-4
8,25112E-4
7,96213E-4
6,8007E-4
6,57719E-4
8,2174E-4
6,79044E-4
8,38355E-4
7,19356E-4
8,34722E-4
8,51917E-4
9,83022E-4
7,90178E-4
5,82183E-4
8,1073E-4
7,99181E-4
7,18204E-4
9,15135E-4
8,4857E-4
7,36742E-4
8,25101E-4
7,86E-4
8,23908E-4
7,92654E-4
6,97355E-4
7,43182E-4
8,17147E-4
8,13767E-4
8,63569E-4
8,40319E-4
8,68201E-4
8,56002E-4
7,39927E-4
7,51478E-4
8,04321E-4
8,30002E-4
9,40275E-4
0,001037758
0,00114935
0,001053502
0,00107409
0,001034534
0,001150025
0,001192859
0,001082633
0,001084383
0,001013658
0,001013862
9,26535E-4
8,87198E-4
8,69116E-4
7,52412E-4
6,54586E-4
8,27139E-4
8,64017E-4
8,37597E-4
8,32564E-4
8,28958E-4
8,67444E-4
8,45248E-4
8,41737E-4
8,85384E-4
8,30383E-4
8,43458E-4
8,06487E-4
8,17492E-4
8,7925E-4
7,34814E-4
7,96449E-4
8,2914E-4
7,03745E-4
7,3229E-4
8,87595E-4
8,73113E-4
8,21445E-4
8,43196E-4
7,91787E-4
8,44493E-4
6,71801E-4
0,001039976
0,001040003
8,16838E-4
7,1471E-4
7,71976E-4
8,72455E-4
8,13698E-4
8,57494E-4
8,69718E-4
0,001156618
6,07064E-4
8,27953E-4
8,07194E-4
8,87328E-4
8,1577E-4
8,4111E-4
9,09359E-4
8,62503E-4
6,47447E-4
8,26453E-4
8,555E-4
8,0543E-4
7,988E-4
8,54082E-4
7,92749E-4
7,86372E-4
8,42946E-4
8,37108E-4
8,14935E-4
8,62351E-4
8,24474E-4
7,40665E-4
8,08966E-4
8,38607E-4
8,4097E-4
8,37923E-4
7,41502E-4
7,88351E-4
8,32513E-4
8,29621E-4
8,55953E-4
8,3004E-4
8,42637E-4
8,11117E-4
8,41996E-4
8,51571E-4
8,15816E-4
8,19904E-4
8,2083E-4
8,24464E-4
8,46622E-4
8,06258E-4
8,62805E-4
7,69597E-4
8,20211E-4
8,6042E-4
6,42787E-4
8,11776E-4
0,001052018
0,001073739
0,001027825
0,001023584
0,001137177
0,001131516
9,43573E-4
7,78394E-4
8,73024E-4
8,39655E-4
7,93316E-4
8,4689E-4
7,45069E-4
8,58963E-4
8,10136E-4
8,03799E-4
8,14699E-4
8,23404E-4
7,57377E-4
7,32873E-4
8,6368E-4
7,92679E-4
8,32206E-4
8,34207E-4
6,42798E-4
6,15582E-4
6,54962E-4
6,76128E-4
7,35385E-4
8,33643E-4
8,47619E-4
8,16936E-4
8,3851E-4
8,06248E-4
8,91336E-4
8,11121E-4
8,61167E-4
8,13589E-4
6,16714E-4
0,001040543
0,001048979
0,001091223
0,001121812
0,001024257
9,52522E-4
7,23942E-4
6,5497E-4
8,14164E-4
8,3836E-4
8,75421E-4
6,34651E-4
7,12735E-4
0,001034338
0,001150212
0,001068368
0,001057386
0,00104302
0,001062929
0,001033749
0,001155689
0,001011733
0,001082311
8,09605E-4
7,049E-4
6,67012E-4
8,21258E-4
8,83385E-4
7,79255E-4
9,71386E-4
7,15165E-4
8,02189E-4
8,25863E-4
8,4744E-4
8,05136E-4
6,59808E-4
7,72023E-4
9,15952E-4
8,35166E-4
7,62423E-4
8,19062E-4
8,47945E-4
6,46049E-4
7,16191E-4
6,64539E-4
8,52809E-4
6,65126E-4
6,50148E-4
7,55442E-4
8,52471E-4
7,96345E-4
8,30743E-4
8,46647E-4
8,50113E-4
7,56796E-4
0,001015727
0,001375351
7,88989E-4
6,43321E-4
0,001460934
0,001259119
8,64449E-4
8,59093E-4
8,08887E-4
0,001048695
0,001074048
8,37573E-4
8,3649E-4
0,004557691
8,72942E-4
6,30749E-4
7,25252E-4
9,06646E-4
9,5958E-4
7,37735E-4
7,69885E-4
8,99134E-4
7,1781E-4
9,02048E-4
9,33967E-4
6,50226E-4
6,72186E-4
8,71355E-4
0,001014321
0,001200899
0,001062972
0,00118353
0,001092339
0,001007563
0,001167244
0,001080226
9,99064E-4
7,43719E-4
8,48623E-4
8,56855E-4
7,55946E-4
8,74445E-4
8,40308E-4
8,27049E-4
8,18391E-4
8,24148E-4
8,5089E-4
8,15444E-4
8,29137E-4
8,91394E-4
7,57175E-4
8,36031E-4
8,6202E-4
6,39939E-4
0,001436666
0,001674752
0,001633431
0,001637573
0,001650642
0,001640674
0,001617782
0,001633421
0,001112647
7,32808E-4
7,77519E-4
8,79548E-4
6,39319E-4
9,22612E-4
6,75968E-4
9,01464E-4
8,8702E-4
7,33028E-4
8,25599E-4
8,3064E-4
7,96129E-4
8,46918E-4
8,22198E-4
8,47904E-4
8,0464E-4
8,23288E-4
7,87187E-4
8,33351E-4
8,86154E-4
0,001005533
0,001113939
0,001064583
6,99431E-4
8,72369E-4
7,73092E-4
0,00107017
0,001137178
0,001048863
0,001048527
0,001044544
0,001024156
0,001064829
9,65192E-4
0,001041807
0,001009857
0,001026555
0,001058361
0,001183362
6,55448E-4
9,75249E-4
8,19024E-4
8,88613E-4
7,98818E-4
8,24201E-4
8,33106E-4
8,64799E-4
7,96013E-4
7,79035E-4
6,6848E-4
6,54032E-4
8,42428E-4
8,27664E-4
8,35161E-4
8,25941E-4
8,39072E-4
8,25393E-4
7,78986E-4
8,48199E-4
7,24443E-4
0,001103743
0,001027346
0,001041382
0,001044632
0,0010313
0,001033085
0,001045288
0,001002442
0,001224633
0,001044676
0,001014382
0,001062489
0,001057951
0,001137433
6,76873E-4
7,77485E-4
8,54903E-4
7,56009E-4
6,34917E-4
8,5834E-4
8,50067E-4
8,15581E-4
8,8829E-4
8,13772E-4
0,001042957
6,81995E-4
0,00107903
0,001127777
7,21477E-4
6,40271E-4
8,66381E-4
8,71503E-4
8,17872E-4
8,45214E-4
8,38096E-4
8,22054E-4
7,57121E-4
0,001235792
0,001035038
0,001035827
0,001009748
0,001024137
0,001050621
0,001019013
0,001192823
0,001002325
0,00107692
9,8628E-4
0,001019877
9,07314E-4
6,26217E-4
7,3418E-4
7,97996E-4
8,43052E-4
8,28925E-4
7,97211E-4
8,05225E-4
7,99055E-4
8,14736E-4
8,46834E-4
7,9964E-4
7,97077E-4
8,24947E-4
8,03381E-4
8,02781E-4
8,11363E-4
8,08723E-4
8,33335E-4
7,97628E-4
6,21856E-4
8,35601E-4
7,63777E-4
8,23432E-4
8,04274E-4
8,58268E-4
8,51581E-4
8,04756E-4
7,95944E-4
8,16619E-4
8,09473E-4
8,00772E-4
8,04064E-4
8,34547E-4
7,93374E-4
7,56151E-4
7,61926E-4
6,26492E-4
6,82057E-4
5,71059E-4
7,90121E-4
9,4431E-4
8,37095E-4
8,10006E-4
8,48758E-4
8,75845E-4
6,32192E-4
6,91768E-4
6,3749E-4
6,84352E-4
5,63013E-4
7,21983E-4
6,66848E-4
7,16461E-4
7,91043E-4
7,59424E-4
9,06034E-4
6,72272E-4
7,35079E-4
8,1621E-4
9,13742E-4
9,59059E-4
7,763E-4
9,5852E-4
8,73061E-4
8,76547E-4
0,001053481
9,39092E-4
8,79736E-4
8,18E-4
8,80555E-4
8,17451E-4
8,36161E-4
8,94938E-4
7,8293E-4
7,1441E-4
6,95885E-4
6,8582E-4
8,62256E-4
7,04366E-4
6,36718E-4
6,30489E-4
7,07932E-4
7,07195E-4
8,68756E-4
8,87451E-4
6,46946E-4
6,89118E-4
6,81771E-4
6,70789E-4
7,86909E-4
6,27686E-4
6,81411E-4
7,11526E-4
7,82871E-4
8,39222E-4
8,60201E-4
6,2569E-4
7,48614E-4
8,9033E-4
0,001015504
8,8201E-4
6,20957E-4
0,001101454
0,001056515
0,001035686
6,89845E-4
7,35359E-4
8,73437E-4
8,38693E-4
8,20209E-4
6,86837E-4
7,34179E-4
6,51619E-4
7,78104E-4
6,69966E-4
7,39539E-4
6,34178E-4
7,73025E-4
6,69858E-4
7,80783E-4
6,80681E-4
6,59349E-4
7,33489E-4
7,15758E-4
7,87152E-4
8,32447E-4
8,52844E-4
8,15521E-4
7,99057E-4
8,74291E-4
8,91914E-4
8,33284E-4
8,25865E-4
8,07033E-4
8,27041E-4
8,2398E-4
8,41976E-4
8,13967E-4
7,9464E-4
8,55619E-4
8,97997E-4
5,68891E-4
6,37391E-4
7,23592E-4
5,78013E-4
9,52649E-4
9,62996E-4
8,42589E-4
8,27893E-4
8,5516E-4
0,00106863
8,64982E-4
0,001001207
8,22666E-4
8,43735E-4
8,72571E-4
0,001019274
8,94664E-4
9,50558E-4
8,55727E-4
7,31281E-4
0,001822926
0,002115247
0,002108967
0,001563801
0,001027981
8,36366E-4
6,58463E-4
0,00107744
0,00106225
8,80173E-4
0,00110005
0,001108374
0,001404304
0,001154575
9,89741E-4
0,0010898
0,001259293
9,57618E-4
0,001112887
0,001063393
0,001094143
9,12933E-4
8,93472E-4
0,001023197
8,53756E-4
0,001143466
0,001100826
8,96358E-4
8,93222E-4
9,60554E-4
0,001080225
8,44595E-4
9,13678E-4
9,30459E-4
0,001071724
8,44485E-4
0,001080418
0,001129574
0,001090404
0,001068328
0,001082069
0,001018265
0,00112202
0,001061092
0,001065309
0,001080168
0,001029494
9,44805E-4
0,001050792
9,84519E-4
9,37414E-4
9,29951E-4
0,001398017
0,00133519
0,001242226
0,00145005
0,001272143
8,86179E-4
9,73993E-4
8,64889E-4
0,00100514
9,90424E-4
9,37492E-4
0,001041807
0,00101494
9,28366E-4
0,001009079
0,001106458
0,012992988
6,9889E-4
6,14963E-4
6,01963E-4
6,20591E-4
5,99323E-4
7,0474E-4
6,1564E-4
7,38454E-4
9,35465E-4
7,25833E-4
6,00814E-4
7,18322E-4
8,8679E-4
0,00113532
0,001041608
0,001062881
0,001032077
0,00104332
0,001049882
0,001080658
0,00112547
0,001217504
0,001071354
6,14511E-4
6,72932E-4
9,61329E-4
0,001126159
9,19868E-4
7,32589E-4
9,68132E-4
9,24512E-4
0,00112414
9,56212E-4
0,00107412
9,41228E-4
0,001034961
9,38228E-4
0,001013796
0,001033986
8,72722E-4
8,50938E-4
8,53682E-4
8,36325E-4
9,33052E-4
7,85441E-4
7,588E-4
5,93534E-4
6,73057E-4
6,12219E-4
6,35788E-4
7,69897E-4
6,01683E-4
6,39474E-4
7,95645E-4
7,58448E-4
9,97573E-4
6,16944E-4
5,74694E-4
6,98804E-4
6,67077E-4
8,3728E-4
0,001313719
0,001421529
0,001292295
7,71667E-4
7,23051E-4
6,43965E-4
6,17936E-4
7,11268E-4
7,13181E-4
6,33089E-4
7,49957E-4
6,83974E-4
6,48936E-4
7,29752E-4
7,09547E-4
7,41619E-4
7,16193E-4
6,99644E-4
6,82651E-4
6,38408E-4
5,98101E-4
6,30498E-4
6,05852E-4
6,82349E-4
6,82407E-4
7,23013E-4
6,64271E-4
6,82008E-4
6,5393E-4
5,8501E-4
6,64961E-4
6,40608E-4
5,97974E-4
6,46994E-4
5,622E-4
6,43652E-4
6,69807E-4
