0,011007258
7,30075E-4
0,00482651
0,002500962
0,001305283
0,001553736
0,002003555
0,00131991
0,00171018
0,004798484
0,001014591
0,003105488
7,0633E-4
0,013619169
8,77647E-4
0,003334316
0,011322398
0,011438386
9,99095E-4
0,002478077
0,002290972
0,002499789
0,007208566
0,003398598
7,7102E-4
0,007550981
6,97536E-4
6,61831E-4
6,91608E-4
6,41838E-4
6,52953E-4
6,60787E-4
7,04676E-4
6,53843E-4
6,65013E-4
6,53846E-4
7,19758E-4
6,83416E-4
7,09924E-4
5,54837E-4
6,03779E-4
6,02704E-4
5,67656E-4
0,001103647
6,41855E-4
6,07626E-4
5,60584E-4
5,66492E-4
5,93982E-4
5,76544E-4
5,87659E-4
0,007438209
0,003103401
5,98952E-4
5,78527E-4
0,001427475
5,72403E-4
5,93203E-4
6,14037E-4
6,24016E-4
6,30005E-4
5,90181E-4
5,20956E-4
8,05629E-4
6,13701E-4
6,37779E-4
6,60063E-4
6,59644E-4
0,006991696
0,003450239
6,62745E-4
6,64005E-4
6,56758E-4
6,22334E-4
6,21848E-4
7,6634E-4
7,09511E-4
6,71426E-4
7,5468E-4
7,25385E-4
7,75224E-4
8,97328E-4
0,003240477
6,8232E-4
0,002272508
7,9029E-4
7,29863E-4
7,72883E-4
8,22226E-4
7,97322E-4
0,01077422
8,53352E-4
0,001443701
6,00573E-4
7,6651E-4
7,1288E-4
6,39837E-4
9,97942E-4
8,46441E-4
7,08853E-4
7,17195E-4
5,74985E-4
5,90085E-4
6,05599E-4
6,06097E-4
6,36665E-4
7,30584E-4
7,07421E-4
9,62201E-4
0,001133739
0,001094619
0,001549137
6,37472E-4
6,08425E-4
6,38357E-4
6,54879E-4
0,001123714
8,21671E-4
6,50637E-4
8,5332E-4
6,97966E-4
5,95274E-4
6,40036E-4
6,31873E-4
0,001078626
8,42882E-4
7,78608E-4
7,20193E-4
6,50015E-4
8,98315E-4
9,24741E-4
0,0010453
8,38115E-4
5,93258E-4
0,001123689
0,001199453
0,002771866
7,69138E-4
9,79966E-4
0,001108673
0,002188797
0,003107608
0,001085357
6,88668E-4
6,62312E-4
7,40731E-4
6,73132E-4
6,57233E-4
9,25825E-4
0,003592205
5,8256E-4
5,73436E-4
6,2409E-4
6,3713E-4
6,48158E-4
6,50898E-4
6,69314E-4
6,46927E-4
9,87679E-4
0,001611908
0,001133783
6,50796E-4
6,92693E-4
6,75473E-4
8,03042E-4
9,34409E-4
7,21934E-4
6,01585E-4
5,84349E-4
5,70506E-4
0,001368804
5,68467E-4
7,54308E-4
6,24079E-4
6,40959E-4
7,67849E-4
9,06171E-4
9,62998E-4
6,92406E-4
7,21596E-4
7,092E-4
7,13772E-4
9,83808E-4
0,00106997
9,3733E-4
9,84973E-4
7,76607E-4
8,3349E-4
6,07645E-4
5,89755E-4
6,44221E-4
8,00977E-4
7,81299E-4
9,5535E-4
7,14217E-4
7,69174E-4
6,68678E-4
7,9315E-4
8,61369E-4
8,0167E-4
0,001975467
0,001103242
7,92203E-4
6,24046E-4
7,20894E-4
7,04654E-4
8,39597E-4
5,80215E-4
6,18698E-4
8,91046E-4
6,71948E-4
6,21212E-4
6,46911E-4
6,22477E-4
6,74024E-4
6,79636E-4
7,87311E-4
7,50763E-4
9,98553E-4
0,001044753
0,001037515
0,001057006
0,001216098
0,001003781
0,001036761
0,001043928
0,001039001
0,001035428
6,41833E-4
6,7062E-4
8,51216E-4
8,21902E-4
7,63487E-4
6,70679E-4
7,82221E-4
7,7081E-4
8,19839E-4
8,38863E-4
8,65636E-4
8,13172E-4
8,11496E-4
8,31615E-4
7,76541E-4
8,49946E-4
8,09815E-4
7,77615E-4
8,14541E-4
8,27989E-4
8,15488E-4
8,11283E-4
7,10599E-4
8,68323E-4
8,42907E-4
6,57461E-4
6,31405E-4
7,20491E-4
6,55678E-4
8,00375E-4
9,43601E-4
9,02054E-4
8,13707E-4
8,6431E-4
8,60503E-4
7,41685E-4
6,06353E-4
8,69464E-4
8,0055E-4
8,31429E-4
7,14447E-4
0,001018699
8,08563E-4
7,56859E-4
8,44212E-4
8,5319E-4
8,91488E-4
9,1597E-4
8,31909E-4
8,12699E-4
8,24474E-4
8,23969E-4
7,91535E-4
8,11645E-4
6,83839E-4
9,32156E-4
7,33939E-4
6,37449E-4
6,09757E-4
7,76701E-4
0,001045498
0,001220841
0,001186105
0,001160304
0,001171421
0,00127222
0,001167092
0,001181592
0,001114561
0,001081306
8,088E-4
6,11134E-4
8,19817E-4
6,07979E-4
0,003387697
6,72644E-4
5,99506E-4
5,77339E-4
6,10077E-4
9,31454E-4
0,001097997
0,001114018
7,76006E-4
6,76612E-4
7,21861E-4
7,9116E-4
8,14063E-4
8,54888E-4
8,32583E-4
8,38142E-4
8,092E-4
8,09506E-4
8,70673E-4
8,00751E-4
8,49093E-4
8,12274E-4
8,67414E-4
8,0214E-4
7,93826E-4
8,19952E-4
7,93218E-4
8,05149E-4
7,01599E-4
7,06618E-4
9,14635E-4
8,70295E-4
7,06003E-4
7,2922E-4
8,2467E-4
8,89495E-4
0,001069453
0,001000511
5,64843E-4
6,55107E-4
8,00587E-4
8,325E-4
0,001786803
7,30503E-4
6,55169E-4
6,27389E-4
0,00105363
0,001658908
0,001069729
0,001106696
0,00114529
9,94779E-4
0,001009877
0,001084109
6,29561E-4
0,001239827
0,00122311
0,001321905
0,001258132
0,001318094
0,001132441
0,001217557
0,001213642
0,001319799
0,001283056
0,001213726
0,001211534
6,80622E-4
5,78486E-4
7,18415E-4
6,26848E-4
0,001422556
6,73159E-4
7,77507E-4
0,001043082
8,15603E-4
8,49853E-4
8,56037E-4
8,40675E-4
0,001029256
9,5424E-4
0,001015212
9,26772E-4
6,96041E-4
0,001055747
9,69114E-4
7,89059E-4
6,87277E-4
8,08199E-4
8,01944E-4
8,55763E-4
8,30512E-4
8,21876E-4
7,70179E-4
8,19543E-4
8,51597E-4
8,18439E-4
8,26389E-4
8,42228E-4
8,20212E-4
8,40438E-4
8,33732E-4
8,24485E-4
8,32063E-4
7,88892E-4
6,79264E-4
6,86286E-4
5,79879E-4
7,09377E-4
6,64231E-4
8,75385E-4
6,9253E-4
6,70521E-4
8,97872E-4
8,22053E-4
8,4531E-4
7,63373E-4
8,20916E-4
8,13474E-4
8,23672E-4
8,73589E-4
8,16488E-4
8,05916E-4
7,79389E-4
0,001063118
0,001032162
9,96687E-4
0,001053937
0,001036012
6,69418E-4
7,92636E-4
7,9615E-4
6,37817E-4
7,25575E-4
8,11262E-4
6,30818E-4
7,90753E-4
7,88427E-4
8,27123E-4
7,99467E-4
7,40009E-4
7,22433E-4
8,19732E-4
8,09631E-4
7,15547E-4
8,67458E-4
5,893E-4
6,79631E-4
5,74461E-4
0,001696145
0,00100109
7,70226E-4
7,71244E-4
0,002983321
7,81637E-4
7,19474E-4
6,48517E-4
7,49235E-4
8,52394E-4
0,001041845
0,00123509
0,003109222
0,001189487
0,001253922
0,001120808
0,001156419
0,001165195
0,001081545
5,74677E-4
7,29142E-4
7,24274E-4
6,0393E-4
6,46365E-4
6,76762E-4
6,3396E-4
8,14791E-4
6,69818E-4
7,29223E-4
7,90575E-4
6,88094E-4
7,54584E-4
8,01227E-4
6,72956E-4
7,47543E-4
7,63804E-4
6,9382E-4
7,00633E-4
7,2999E-4
6,61296E-4
7,03031E-4
6,4308E-4
6,96814E-4
7,05786E-4
8,1397E-4
7,6253E-4
6,85473E-4
5,99673E-4
7,64872E-4
7,75131E-4
7,76079E-4
7,92969E-4
6,64634E-4
8,07133E-4
7,33969E-4
6,8398E-4
7,7129E-4
6,75882E-4
7,84217E-4
9,29317E-4
8,33855E-4
8,82668E-4
7,70312E-4
8,51975E-4
8,3134E-4
7,5591E-4
7,72514E-4
7,83976E-4
8,20034E-4
8,53977E-4
8,0902E-4
8,81933E-4
8,50585E-4
8,29828E-4
8,32108E-4
8,24251E-4
7,80179E-4
7,93812E-4
6,75425E-4
8,01993E-4
8,07598E-4
8,18419E-4
8,84104E-4
7,74697E-4
6,09044E-4
8,07243E-4
8,00804E-4
8,32071E-4
8,20816E-4
6,95128E-4
6,53109E-4
6,35716E-4
0,001036534
0,001111746
0,001179634
0,00106581
0,001020085
0,001190792
0,001163787
0,001031943
0,001124141
0,001148523
0,001112235
0,001059512
0,001135971
7,13362E-4
6,30825E-4
6,51558E-4
8,245E-4
8,50137E-4
6,67805E-4
7,54542E-4
0,001078569
0,001044158
0,001056878
0,001016666
0,001117804
9,64827E-4
0,001133718
0,001131514
0,001047988
0,001004238
0,001062696
0,001018141
0,001035098
0,001039093
6,8331E-4
8,76412E-4
0,00116144
0,001095563
7,81743E-4
6,48156E-4
6,98032E-4
8,49197E-4
7,15225E-4
8,62785E-4
8,34893E-4
6,90946E-4
8,2252E-4
7,84976E-4
8,6365E-4
8,12751E-4
8,52744E-4
8,04144E-4
7,93645E-4
7,42651E-4
7,57063E-4
6,07356E-4
5,67713E-4
7,94404E-4
5,87623E-4
6,50082E-4
6,47309E-4
7,64852E-4
6,75849E-4
7,86795E-4
8,45714E-4
6,96751E-4
0,002415631
5,70068E-4
5,55548E-4
5,43286E-4
6,18771E-4
7,49773E-4
7,28735E-4
0,001338798
0,001053411
0,001598531
0,001562124
0,001653044
0,001669943
0,001699661
0,001651578
0,001232801
8,84814E-4
7,87472E-4
8,24625E-4
0,003313434
6,14896E-4
7,50988E-4
9,28694E-4
5,89329E-4
5,94911E-4
9,90504E-4
0,001099799
0,001015268
0,001098852
0,001092794
0,00112531
6,49675E-4
9,49257E-4
0,001642869
0,00165486
0,001683445
0,001661064
0,001635772
0,001628626
0,001694083
0,001635266
0,001376773
5,89695E-4
6,97902E-4
7,55437E-4
6,02428E-4
6,93969E-4
6,49964E-4
7,29597E-4
7,294E-4
7,81939E-4
7,29932E-4
8,19129E-4
7,1566E-4
0,001027342
0,001021818
0,001048804
0,001177557
0,001127465
0,001142284
0,001105862
0,001011511
0,001046696
0,001058267
0,001047852
0,001004117
0,001030598
0,001066194
7,49861E-4
8,21017E-4
6,21257E-4
6,31448E-4
7,02884E-4
7,65541E-4
7,42736E-4
6,56476E-4
7,61448E-4
7,77294E-4
8,58558E-4
7,50771E-4
7,34517E-4
6,85033E-4
8,49081E-4
9,81493E-4
7,20597E-4
8,79113E-4
8,59475E-4
6,06971E-4
6,73708E-4
7,7133E-4
7,91796E-4
7,82577E-4
0,00109685
0,001208489
0,001290133
0,001257922
0,001223469
6,94268E-4
6,73562E-4
8,2414E-4
9,58685E-4
9,497E-4
8,22434E-4
8,17987E-4
9,88078E-4
0,001095248
0,001075183
0,001082005
7,81676E-4
7,4548E-4
7,35906E-4
6,62349E-4
6,74182E-4
6,32646E-4
7,14731E-4
7,29929E-4
5,58979E-4
9,48451E-4
0,001070187
0,001123967
0,001180661
0,001148608
0,001139168
0,001042026
0,001149933
0,001051491
0,001031167
0,001213425
0,001056863
0,001023011
0,001045874
7,47608E-4
7,12027E-4
5,97547E-4
7,68507E-4
6,48499E-4
8,48202E-4
6,75701E-4
7,4333E-4
6,38309E-4
6,46734E-4
6,74172E-4
6,5712E-4
7,05088E-4
6,09274E-4
5,14516E-4
6,87782E-4
7,53548E-4
7,89498E-4
7,93173E-4
5,99339E-4
6,37038E-4
5,93836E-4
8,19047E-4
6,08825E-4
0,001193041
0,001310223
0,001315705
0,001148436
0,001246445
0,001287221
0,001237421
0,001268636
0,00121722
0,001328023
5,63981E-4
5,96552E-4
8,31675E-4
7,20741E-4
6,05545E-4
6,95406E-4
8,42609E-4
8,3605E-4
8,92368E-4
7,42229E-4
7,36211E-4
7,16155E-4
6,61258E-4
7,61404E-4
7,01499E-4
9,08332E-4
8,42325E-4
9,31643E-4
9,72702E-4
6,09957E-4
5,80023E-4
7,18024E-4
6,9026E-4
6,0188E-4
6,58863E-4
6,99605E-4
7,86493E-4
0,001000214
0,001024755
0,001123259
0,001277492
0,001127995
0,001028787
9,27983E-4
0,001007039
0,001195861
0,001119286
9,53292E-4
9,4832E-4
9,98214E-4
9,27013E-4
0,001235107
0,004057512
6,64912E-4
8,14871E-4
6,52462E-4
6,54185E-4
7,98305E-4
7,90679E-4
8,02406E-4
8,93142E-4
0,001054115
7,2774E-4
8,48776E-4
6,27648E-4
7,01834E-4
5,87344E-4
6,93115E-4
6,78268E-4
6,52205E-4
7,66164E-4
6,58682E-4
6,45739E-4
7,57788E-4
8,59609E-4
8,92656E-4
9,91276E-4
8,51419E-4
8,18127E-4
9,06671E-4
9,85992E-4
9,99758E-4
6,44128E-4
8,36955E-4
6,02618E-4
6,55841E-4
8,64889E-4
8,20104E-4
8,17194E-4
7,79933E-4
8,2596E-4
8,72742E-4
7,8782E-4
6,93592E-4
0,001027279
0,001223452
0,00102461
0,001069069
0,001006963
0,001085036
0,001051455
0,001031222
0,001068303
0,001030442
0,001066994
0,001218245
0,001065362
8,65515E-4
0,001037852
0,001037526
0,001035394
0,001042015
0,001014957
0,001065182
0,001206322
0,001248422
0,001032598
0,001043701
0,001123236
8,12012E-4
7,09051E-4
8,37086E-4
7,14493E-4
8,53272E-4
7,25055E-4
7,40411E-4
8,47816E-4
6,74233E-4
6,77667E-4
6,53992E-4
5,88371E-4
7,34298E-4
7,46204E-4
6,90837E-4
7,51975E-4
7,57116E-4
6,29654E-4
7,55643E-4
8,72113E-4
8,27866E-4
8,61155E-4
8,00785E-4
8,63237E-4
7,64299E-4
8,58098E-4
7,20293E-4
6,67015E-4
6,22688E-4
7,83857E-4
8,61329E-4
8,40724E-4
8,78428E-4
8,19804E-4
8,41092E-4
8,72385E-4
8,91403E-4
8,3658E-4
8,14071E-4
8,20642E-4
8,58699E-4
8,80356E-4
7,55013E-4
8,14873E-4
7,96621E-4
8,12194E-4
6,86156E-4
7,88261E-4
6,29054E-4
6,42961E-4
6,79795E-4
8,03371E-4
5,79391E-4
0,001665058
0,001654493
7,86358E-4
9,04056E-4
8,23296E-4
7,00969E-4
8,32329E-4
8,28727E-4
7,86113E-4
7,74682E-4
6,97582E-4
8,59544E-4
7,90327E-4
7,58725E-4
9,12159E-4
7,1294E-4
8,71016E-4
8,44637E-4
8,91856E-4
9,10364E-4
8,13718E-4
9,41423E-4
8,71841E-4
7,8478E-4
6,60437E-4
8,84384E-4
8,79831E-4
7,25585E-4
6,63052E-4
8,86519E-4
7,59962E-4
8,59694E-4
8,52775E-4
6,57906E-4
8,99251E-4
9,09016E-4
6,1323E-4
7,29369E-4
9,04003E-4
7,64235E-4
7,2177E-4
8,84124E-4
7,50224E-4
7,58703E-4
9,05222E-4
8,86358E-4
8,53857E-4
6,43965E-4
8,49439E-4
7,11135E-4
6,15232E-4
6,29528E-4
7,09188E-4
7,98355E-4
9,30067E-4
5,84122E-4
6,7323E-4
6,96624E-4
9,23209E-4
8,19092E-4
7,34508E-4
7,20002E-4
6,4155E-4
8,44066E-4
6,98111E-4
6,64541E-4
0,003744419
7,22664E-4
0,001079839
0,001201651
0,001090649
0,001131869
0,001081692
0,001213917
0,001275428
8,15316E-4
6,55734E-4
7,52922E-4
6,52009E-4
9,12883E-4
9,47331E-4
8,6421E-4
6,82972E-4
8,71731E-4
6,6453E-4
8,46626E-4
9,18021E-4
8,79509E-4
8,70544E-4
8,97051E-4
7,55551E-4
8,02922E-4
9,25141E-4
7,17654E-4
6,80168E-4
9,09857E-4
6,78969E-4
8,17235E-4
8,35076E-4
8,66947E-4
6,97238E-4
6,64251E-4
6,88735E-4
7,11326E-4
6,24734E-4
6,83744E-4
8,01514E-4
6,58348E-4
6,27412E-4
7,22099E-4
7,37302E-4
6,72515E-4
7,34842E-4
6,71089E-4
9,21999E-4
9,2963E-4
8,39611E-4
9,51002E-4
8,85852E-4
8,23246E-4
8,98846E-4
7,4662E-4
5,89618E-4
6,16584E-4
7,4308E-4
8,99366E-4
8,77079E-4
9,2412E-4
7,10093E-4
8,78123E-4
7,28136E-4
9,0123E-4
9,3158E-4
6,57527E-4
6,35433E-4
6,58484E-4
8,52833E-4
8,3346E-4
8,09696E-4
9,33117E-4
8,37122E-4
8,75029E-4
8,83207E-4
8,64999E-4
8,90299E-4
7,03932E-4
8,25417E-4
7,30291E-4
6,52651E-4
9,33836E-4
6,94394E-4
9,32076E-4
0,001073596
7,37699E-4
8,07406E-4
7,46978E-4
6,61171E-4
6,51063E-4
8,54175E-4
6,96965E-4
7,29261E-4
7,18927E-4
7,16945E-4
8,39683E-4
6,8205E-4
6,50905E-4
6,54177E-4
6,70883E-4
7,89466E-4
8,94805E-4
8,87448E-4
7,38407E-4
7,06585E-4
9,00959E-4
6,96343E-4
7,06609E-4
6,57009E-4
6,34583E-4
6,4501E-4
7,19959E-4
6,81624E-4
6,09491E-4
6,78881E-4
6,83615E-4
8,71531E-4
8,49065E-4
6,48959E-4
8,83102E-4
7,64039E-4
6,76871E-4
6,83405E-4
7,09732E-4
9,41572E-4
8,33362E-4
6,84764E-4
8,63723E-4
6,07137E-4
6,73985E-4
6,58966E-4
6,50999E-4
9,46142E-4
7,71986E-4
8,41176E-4
6,54763E-4
6,76225E-4
7,10315E-4
8,80922E-4
6,24818E-4
6,7677E-4
6,81099E-4
8,22408E-4
6,75682E-4
8,99452E-4
6,64884E-4
7,94328E-4
7,28351E-4
7,72019E-4
7,47245E-4
8,46153E-4
7,25533E-4
8,61374E-4
7,42389E-4
8,26623E-4
9,00821E-4
8,35295E-4
9,16013E-4
7,83515E-4
8,53389E-4
6,72428E-4
8,1542E-4
7,65619E-4
8,72774E-4
9,26818E-4
7,91233E-4
7,69253E-4
6,18655E-4
6,60457E-4
7,45974E-4
7,88246E-4
8,98435E-4
9,016E-4
7,29175E-4
8,60556E-4
6,95323E-4
9,04197E-4
9,16516E-4
8,13003E-4
6,76889E-4
9,72671E-4
7,15019E-4
8,65764E-4
7,83056E-4
9,36558E-4
8,15735E-4
7,78315E-4
7,85904E-4
8,67679E-4
8,3487E-4
7,37665E-4
6,66777E-4
8,0644E-4
7,99048E-4
8,42523E-4
8,67035E-4
8,41231E-4
7,81241E-4
0,001119135
0,00116708
0,001249558
0,001195937
0,001391616
0,001402173
0,001446626
0,001984158
7,90137E-4
0,00162593
0,001269378
0,001273065
0,001267577
0,00152119
0,001028152
0,001214583
0,001197899
0,001442669
0,001464793
0,001352327
0,00140778
0,001370849
0,001395035
0,001375533
0,00144017
0,001473199
9,26925E-4
8,74126E-4
0,001300001
0,0011016
0,001152989
0,001329863
0,001181486
9,50035E-4
0,001772328
0,001176127
0,001452124
0,001413037
0,004222781
9,80422E-4
8,43724E-4
8,92115E-4
8,77603E-4
8,79083E-4
8,00208E-4
8,70997E-4
6,5575E-4
7,41769E-4
7,17301E-4
8,46082E-4
7,43579E-4
8,72175E-4
7,27416E-4
7,18137E-4
8,53581E-4
8,58529E-4
9,62633E-4
8,84954E-4
8,20024E-4
7,58952E-4
8,56305E-4
6,46456E-4
6,47571E-4
6,01982E-4
7,00441E-4
8,60312E-4
5,81217E-4
6,5291E-4
8,56044E-4
8,72052E-4
6,75219E-4
8,24579E-4
7,50661E-4
8,05712E-4
7,80095E-4
7,33433E-4
7,96764E-4
8,51919E-4
6,92952E-4
8,60204E-4
9,66074E-4
8,81454E-4
8,88675E-4
8,37254E-4
9,57286E-4
8,31606E-4
8,29626E-4
8,13689E-4
8,3594E-4
7,30817E-4
9,54522E-4
8,51831E-4
7,83049E-4
8,5552E-4
8,58027E-4
7,14678E-4
6,60431E-4
8,26289E-4
6,52862E-4
8,7257E-4
8,37815E-4
8,50193E-4
8,50619E-4
0,001024646
6,29067E-4
6,93724E-4
8,06677E-4
7,2305E-4
6,34469E-4
7,21302E-4
8,51071E-4
8,24294E-4
6,81957E-4
7,5212E-4
8,78479E-4
7,07973E-4
8,08004E-4
6,65863E-4
8,09064E-4
5,59447E-4
6,86318E-4
8,16556E-4
8,21712E-4
8,14285E-4
8,47934E-4
8,7031E-4
7,96995E-4
8,35715E-4
8,49072E-4
8,51535E-4
7,01781E-4
0,001300209
0,001702845
0,001792713
0,001583982
0,001675255
0,001665328
0,001635333
0,00169238
0,00161287
0,001289545
7,69819E-4
5,77011E-4
7,3689E-4
8,04982E-4
8,61778E-4
9,76078E-4
7,16412E-4
6,49034E-4
0,001008001
0,001253607
0,001126711
0,001096251
0,001073664
0,001207775
0,001048104
0,00105133
0,001113994
0,001014482
0,00101354
0,001077997
8,24709E-4
8,75858E-4
7,27931E-4
8,66004E-4
0,001870326
6,86393E-4
7,62253E-4
8,52367E-4
9,94995E-4
9,14735E-4
7,72392E-4
8,15578E-4
8,2465E-4
8,63399E-4
8,48123E-4
9,82835E-4
0,001063783
0,001108456
0,001184273
0,001100665
0,001090923
0,001266535
0,001025885
0,001097311
0,001023337
6,17525E-4
6,15598E-4
7,39177E-4
9,30829E-4
0,001110336
6,23747E-4
9,41027E-4
9,3336E-4
0,001183444
7,80056E-4
6,45582E-4
7,84552E-4
8,25615E-4
6,66528E-4
8,77143E-4
8,89803E-4
8,41961E-4
0,001171633
0,001059943
0,001030397
0,001022129
0,001004035
8,29373E-4
7,88432E-4
0,001055859
0,001020262
0,001074499
0,001026825
9,6505E-4
0,001045472
0,001056121
9,80505E-4
8,64067E-4
8,67602E-4
9,50457E-4
7,94399E-4
8,20713E-4
8,32388E-4
7,73306E-4
8,53977E-4
5,9831E-4
8,15691E-4
7,64072E-4
8,44243E-4
8,54686E-4
8,00082E-4
6,49319E-4
8,63212E-4
8,69317E-4
8,24012E-4
8,56628E-4
7,9707E-4
8,23644E-4
8,07867E-4
7,55942E-4
8,17109E-4
7,84115E-4
7,87042E-4
8,66473E-4
8,73721E-4
8,26908E-4
6,01355E-4
7,26149E-4
7,26494E-4
7,90397E-4
7,05138E-4
8,30737E-4
8,30495E-4
6,82079E-4
8,24203E-4
7,51598E-4
7,46414E-4
6,89036E-4
8,22459E-4
8,62201E-4
8,80584E-4
0,001143097
9,19712E-4
0,004612247
8,52201E-4
7,18077E-4
7,97762E-4
8,11756E-4
8,45817E-4
8,70967E-4
8,03959E-4
6,75598E-4
8,59554E-4
6,85617E-4
8,19478E-4
8,47787E-4
7,10352E-4
6,43016E-4
6,42751E-4
5,82524E-4
8,82464E-4
6,1808E-4
6,50571E-4
6,12642E-4
6,82875E-4
8,15882E-4
8,61986E-4
5,7141E-4
7,28415E-4
7,87347E-4
9,06325E-4
6,36139E-4
7,98937E-4
7,46626E-4
6,44485E-4
7,16293E-4
8,37736E-4
6,91411E-4
8,85225E-4
9,51468E-4
8,70231E-4
8,71692E-4
6,71964E-4
6,09179E-4
6,65152E-4
9,00936E-4
9,04767E-4
8,37738E-4
8,68187E-4
8,16494E-4
7,824E-4
7,86179E-4
6,64855E-4
7,84895E-4
6,9311E-4
8,67732E-4
8,04855E-4
7,10947E-4
7,58635E-4
8,11466E-4
7,26673E-4
8,01484E-4
8,00666E-4
8,09117E-4
7,07662E-4
7,8849E-4
6,70703E-4
8,50029E-4
8,44185E-4
8,41942E-4
8,19355E-4
7,21213E-4
8,64128E-4
8,21825E-4
8,39053E-4
7,29913E-4
7,89682E-4
7,77917E-4
7,03123E-4
7,4068E-4
7,4311E-4
7,03357E-4
8,20912E-4
8,12295E-4
8,21244E-4
7,92165E-4
7,88548E-4
8,45191E-4
8,20765E-4
8,19767E-4
8,43775E-4
8,15766E-4
8,36009E-4
8,25939E-4
8,19378E-4
8,14512E-4
8,01879E-4
6,32725E-4
7,05984E-4
8,51058E-4
8,22897E-4
8,11701E-4
6,67626E-4
7,69215E-4
6,52173E-4
8,01772E-4
7,92269E-4
9,3024E-4
7,97749E-4
7,83487E-4
8,35068E-4
8,51079E-4
8,45798E-4
8,40283E-4
8,29989E-4
8,06802E-4
7,61852E-4
0,001103878
0,001182157
0,001083735
0,001105314
7,11379E-4
5,85421E-4
9,34654E-4
8,32946E-4
8,20428E-4
8,38272E-4
8,10326E-4
8,29313E-4
8,32097E-4
8,48583E-4
8,27755E-4
8,83226E-4
7,92303E-4
7,77655E-4
8,23504E-4
8,78369E-4
8,02909E-4
8,35416E-4
8,51645E-4
7,56586E-4
7,78115E-4
8,36999E-4
8,65429E-4
8,92199E-4
8,50056E-4
7,44365E-4
8,62971E-4
8,30598E-4
8,74298E-4
8,25508E-4
8,36367E-4
8,84773E-4
8,24861E-4
8,82508E-4
8,09787E-4
8,80142E-4
8,007E-4
8,09337E-4
6,95938E-4
7,03211E-4
7,7355E-4
8,01162E-4
8,51061E-4
8,66929E-4
8,7046E-4
7,91917E-4
8,51224E-4
8,33082E-4
7,21275E-4
0,001060205
0,001075293
0,001022352
0,001029625
0,001031337
9,78421E-4
6,4889E-4
9,99378E-4
7,55486E-4
0,001145245
0,001164058
0,001078083
0,001089858
0,001189105
0,001007702
0,001053782
0,001020905
0,001052925
0,001047042
0,001174283
0,0010824
0,00120165
8,79783E-4
6,77638E-4
8,20335E-4
8,39647E-4
7,91723E-4
8,51277E-4
8,38082E-4
8,27218E-4
8,08205E-4
8,06342E-4
7,94954E-4
7,15481E-4
7,54353E-4
8,42484E-4
8,67337E-4
8,59084E-4
8,45465E-4
8,5093E-4
8,70195E-4
8,87206E-4
8,59407E-4
8,45472E-4
8,54243E-4
8,64417E-4
8,63498E-4
8,96184E-4
8,22482E-4
8,42929E-4
7,99165E-4
7,05421E-4
8,26064E-4
7,69326E-4
6,93818E-4
8,38034E-4
8,72971E-4
0,00100073
0,001264011
7,72134E-4
9,01443E-4
0,001126868
0,002183247
0,002834779
0,002833597
0,002773199
0,002809308
0,001722036
0,001052873
0,001888129
0,001844673
0,001892497
0,001428657
8,83451E-4
0,001310367
0,00113295
0,001396631
0,001376831
0,001441545
0,001410263
0,00139965
0,001425855
0,001407478
0,001393817
0,001103482
7,8478E-4
0,001337754
0,001360402
9,08629E-4
0,001058106
0,00106721
0,001351246
8,59562E-4
0,001229913
0,001307546
0,001279035
0,001391833
0,001390755
0,0014398
0,001431132
0,001412212
0,001365879
0,001455261
0,004791646
9,06054E-4
7,59849E-4
8,14212E-4
8,53903E-4
6,05891E-4
8,67009E-4
6,95186E-4
9,07491E-4
8,82106E-4
8,95649E-4
8,41289E-4
8,4882E-4
6,90121E-4
8,35335E-4
8,63116E-4
8,50736E-4
9,12468E-4
8,42152E-4
8,45904E-4
6,84705E-4
7,0083E-4
6,30991E-4
8,85822E-4
7,4931E-4
7,2552E-4
9,49257E-4
8,63069E-4
8,52544E-4
5,54643E-4
6,81791E-4
8,45122E-4
7,70041E-4
7,19473E-4
8,33013E-4
6,59168E-4
5,97291E-4
6,50774E-4
6,57215E-4
6,45057E-4
8,79281E-4
6,26334E-4
8,85874E-4
8,84643E-4
7,94204E-4
8,69984E-4
9,16526E-4
7,04984E-4
7,13293E-4
6,63963E-4
6,4947E-4
8,35467E-4
8,82424E-4
7,56718E-4
8,39736E-4
8,26858E-4
8,59764E-4
8,89014E-4
8,36325E-4
8,76764E-4
8,52351E-4
8,38331E-4
8,42436E-4
8,22305E-4
7,88673E-4
7,83891E-4
7,88031E-4
6,23933E-4
8,24034E-4
7,89573E-4
8,10495E-4
8,4584E-4
7,97347E-4
8,48182E-4
8,51053E-4
8,22156E-4
9,14381E-4
7,7428E-4
7,30892E-4
8,50272E-4
0,001025181
0,001048405
0,001141174
0,001105797
0,001048907
0,00111042
0,001117185
0,001114578
0,001116978
0,001049115
0,001139391
0,001059544
7,06977E-4
0,001206758
0,001613391
0,001665037
9,61388E-4
9,02057E-4
9,11088E-4
7,60744E-4
7,88838E-4
9,53541E-4
0,001036719
0,00107221
0,001174057
0,001043695
0,001039693
9,93145E-4
0,001048093
0,00101488
0,001014658
0,001068515
0,001044007
0,001032361
0,001074136
6,82714E-4
8,19673E-4
7,16005E-4
6,53204E-4
6,9973E-4
7,46364E-4
6,81728E-4
6,67012E-4
6,43384E-4
6,54022E-4
8,71794E-4
6,68656E-4
7,24472E-4
7,72461E-4
6,80595E-4
7,92486E-4
8,83124E-4
8,51321E-4
8,76891E-4
9,74132E-4
8,92554E-4
8,82813E-4
9,36028E-4
8,64196E-4
8,60036E-4
8,43534E-4
9,07785E-4
9,78354E-4
8,68631E-4
8,46463E-4
6,15039E-4
7,21085E-4
6,18746E-4
5,58407E-4
9,26685E-4
8,5854E-4
7,9069E-4
7,95144E-4
8,74692E-4
7,52859E-4
6,71811E-4
0,001235802
0,001149771
0,001142854
0,001169012
0,001168683
0,001105521
0,001068553
6,23197E-4
8,01195E-4
8,18277E-4
8,46075E-4
8,17456E-4
7,61521E-4
8,03602E-4
7,95726E-4
7,93746E-4
7,97935E-4
8,15283E-4
8,70685E-4
7,49435E-4
7,74768E-4
8,09279E-4
8,3481E-4
8,5295E-4
8,12159E-4
8,06939E-4
8,31618E-4
7,32328E-4
6,94773E-4
7,0341E-4
6,52363E-4
5,94079E-4
6,62979E-4
7,01006E-4
6,73864E-4
8,03519E-4
8,40661E-4
8,90879E-4
7,88212E-4
8,37639E-4
8,09879E-4
8,67413E-4
7,89797E-4
7,95284E-4
8,48694E-4
8,15905E-4
7,8295E-4
8,26629E-4
8,33168E-4
8,13566E-4
8,18883E-4
7,7814E-4
7,12905E-4
6,95639E-4
6,59416E-4
6,77209E-4
7,27935E-4
8,24754E-4
6,40693E-4
8,01932E-4
0,001062238
0,001022109
7,89681E-4
7,64711E-4
6,0881E-4
7,82498E-4
6,5069E-4
8,03486E-4
8,60129E-4
8,04237E-4
8,24628E-4
8,33004E-4
8,25085E-4
8,13134E-4
7,88822E-4
7,84046E-4
8,05894E-4
8,52798E-4
7,8503E-4
7,68568E-4
8,20628E-4
7,46668E-4
7,8627E-4
5,97381E-4
8,78535E-4
8,68036E-4
8,9626E-4
8,02182E-4
8,28123E-4
9,06328E-4
8,20296E-4
8,41324E-4
7,78185E-4
7,35334E-4
5,81025E-4
7,69051E-4
8,2021E-4
8,37207E-4
8,25427E-4
8,27611E-4
8,21012E-4
8,43876E-4
8,32968E-4
8,43946E-4
8,54997E-4
8,21804E-4
0,00103469
7,94164E-4
8,30378E-4
7,50097E-4
8,39223E-4
0,001347422
6,24776E-4
6,8452E-4
8,78228E-4
0,003703251
0,001228244
7,49544E-4
8,25612E-4
6,42676E-4
6,43963E-4
8,29917E-4
6,52075E-4
6,92152E-4
8,96286E-4
6,27161E-4
6,60685E-4
6,49474E-4
5,96266E-4
9,19923E-4
7,95184E-4
6,27967E-4
6,07324E-4
8,52055E-4
6,39256E-4
8,16981E-4
6,54102E-4
8,70869E-4
8,40254E-4
7,28968E-4
7,35634E-4
7,12156E-4
7,80583E-4
7,64495E-4
5,93593E-4
7,43439E-4
7,48478E-4
8,2043E-4
7,50274E-4
8,71228E-4
8,63388E-4
8,38427E-4
8,13239E-4
7,20302E-4
9,89175E-4
0,001202706
0,001103025
0,001023109
6,84039E-4
8,79894E-4
8,7308E-4
9,47975E-4
0,001172337
0,001025569
0,001241758
0,001109389
0,001020927
0,001028372
9,94417E-4
0,001027098
0,0010912
0,001156031
0,001076146
0,00101094
6,28163E-4
0,001022882
0,00110221
0,001076219
9,9409E-4
9,98184E-4
0,001026686
0,001062795
6,66265E-4
6,11745E-4
8,16021E-4
6,57436E-4
6,20953E-4
8,53863E-4
7,82919E-4
7,67532E-4
8,03975E-4
8,41258E-4
8,51029E-4
7,93671E-4
8,65959E-4
7,83234E-4
7,94024E-4
8,34201E-4
8,10749E-4
8,43239E-4
6,47807E-4
5,61406E-4
7,24217E-4
5,33822E-4
5,74939E-4
5,99769E-4
0,001119006
0,001080394
0,001220082
0,001235851
0,001231725
0,001277346
0,001247225
7,63189E-4
6,42832E-4
6,40425E-4
6,6246E-4
7,38159E-4
6,74672E-4
6,69055E-4
7,42564E-4
8,39751E-4
8,14648E-4
7,56054E-4
8,11959E-4
7,96958E-4
8,38682E-4
8,39135E-4
6,89959E-4
5,74548E-4
7,27572E-4
7,9774E-4
6,54542E-4
7,71874E-4
9,17212E-4
8,93565E-4
9,99357E-4
8,11109E-4
6,94974E-4
7,06119E-4
6,13227E-4
6,20935E-4
6,82053E-4
7,42221E-4
8,37864E-4
0,001042502
0,00108014
0,001005872
0,001003402
0,001018949
0,001084905
9,76549E-4
0,00101033
0,001005312
0,001038759
0,001045707
0,00106207
0,001020182
7,0634E-4
7,14192E-4
7,10091E-4
6,93195E-4
7,01446E-4
5,98698E-4
8,34014E-4
9,44576E-4
9,15578E-4
8,59781E-4
8,45526E-4
6,00617E-4
6,91699E-4
9,21933E-4
8,19311E-4
9,29242E-4
8,94429E-4
9,62168E-4
8,79114E-4
8,76455E-4
0,001120392
9,40634E-4
9,47313E-4
8,32406E-4
0,001011917
0,001002108
8,93191E-4
9,9205E-4
7,61906E-4
6,83011E-4
7,36193E-4
6,74995E-4
7,14048E-4
5,72957E-4
6,42538E-4
7,66439E-4
7,87379E-4
8,23002E-4
9,76441E-4
0,001121015
0,001088392
0,001169854
0,001235479
0,001197032
0,001101633
0,001154573
6,78306E-4
8,25869E-4
5,95392E-4
6,4786E-4
7,20427E-4
6,15424E-4
5,85535E-4
7,98494E-4
6,43319E-4
8,10521E-4
8,98355E-4
8,17099E-4
8,29402E-4
7,75822E-4
8,73843E-4
8,0858E-4
8,3961E-4
8,21274E-4
8,61534E-4
8,7899E-4
8,84164E-4
6,49692E-4
5,97952E-4
6,60442E-4
6,29461E-4
8,50676E-4
7,45568E-4
9,77831E-4
7,98193E-4
8,69544E-4
8,1044E-4
8,30819E-4
8,06164E-4
8,54583E-4
8,22917E-4
7,85463E-4
9,27515E-4
9,79602E-4
8,26884E-4
8,0896E-4
7,84143E-4
5,98728E-4
8,63166E-4
8,52869E-4
8,17646E-4
0,001104519
6,87676E-4
5,43762E-4
7,41366E-4
8,3044E-4
8,37782E-4
7,89321E-4
8,4088E-4
8,33305E-4
7,9705E-4
8,84737E-4
8,57814E-4
8,39415E-4
8,10525E-4
8,80285E-4
8,92587E-4
8,20922E-4
7,77343E-4
7,76795E-4
8,22629E-4
6,17284E-4
7,09738E-4
7,86949E-4
8,21033E-4
8,20305E-4
6,67039E-4
9,48204E-4
6,18932E-4
9,59272E-4
8,28593E-4
7,19888E-4
6,55836E-4
7,14734E-4
6,20819E-4
6,69756E-4
5,86843E-4
9,99796E-4
9,38176E-4
0,00117167
0,001150282
0,001369249
0,001664356
0,001274149
6,63539E-4
0,001588327
0,001405249
0,001070787
9,68209E-4
7,41209E-4
9,12167E-4
0,0010641
0,001066372
0,001044415
0,001089195
0,00110241
0,001101087
0,00100536
0,001084077
0,001235548
0,001136928
9,45355E-4
0,001015301
0,001174254
0,001105018
0,001269265
0,001231369
0,001203252
0,001069782
0,001278326
0,00112123
0,001234969
0,00108169
6,811E-4
0,001177042
9,32144E-4
0,001395792
8,0729E-4
0,001089788
0,001263679
0,001136522
0,001029357
0,001110334
0,001230587
0,001206787
0,001159091
0,001084822
0,001251904
0,001240195
0,001216239
0,001015844
7,97522E-4
8,31409E-4
0,00498243
6,91998E-4
7,01587E-4
6,51855E-4
5,68614E-4
6,4153E-4
7,19511E-4
7,8006E-4
8,36157E-4
7,89758E-4
7,81408E-4
7,40456E-4
8,07067E-4
8,3953E-4
7,3568E-4
7,84059E-4
8,79027E-4
6,42024E-4
6,26374E-4
6,78632E-4
6,58339E-4
7,62253E-4
6,7864E-4
8,77225E-4
7,1795E-4
6,02284E-4
8,39062E-4
9,78377E-4
9,36834E-4
8,52911E-4
8,63097E-4
8,83947E-4
7,65673E-4
8,52918E-4
0,001003745
8,85133E-4
9,30316E-4
9,52136E-4
8,05733E-4
8,99415E-4
8,08395E-4
8,90672E-4
8,30773E-4
7,73808E-4
8,52374E-4
5,43899E-4
7,8831E-4
9,38981E-4
9,93219E-4
0,001830862
0,001392983
8,43966E-4
8,29368E-4
6,89273E-4
7,91097E-4
7,39525E-4
7,92755E-4
8,60032E-4
8,53383E-4
8,23088E-4
8,74715E-4
8,09216E-4
5,74113E-4
6,94448E-4
7,84591E-4
8,36678E-4
8,95338E-4
8,9173E-4
8,87555E-4
9,22063E-4
9,36848E-4
8,08166E-4
7,90187E-4
6,39768E-4
6,47255E-4
6,86508E-4
7,23434E-4
8,4953E-4
6,07502E-4
9,04573E-4
8,3681E-4
6,06946E-4
6,95852E-4
8,50288E-4
6,90042E-4
8,79196E-4
8,41134E-4
8,27388E-4
8,69902E-4
6,30568E-4
6,91011E-4
8,89096E-4
8,29733E-4
7,84712E-4
8,38121E-4
8,97104E-4
8,45335E-4
7,81446E-4
7,72851E-4
7,61536E-4
8,67963E-4
7,86936E-4
7,15005E-4
7,11948E-4
8,26971E-4
8,54396E-4
8,2509E-4
7,89919E-4
7,84742E-4
7,95637E-4
8,50919E-4
7,44358E-4
9,20104E-4
8,18187E-4
9,5866E-4
9,24756E-4
0,001074023
0,001058624
0,001102721
0,001213348
0,001125519
0,001019434
0,001061718
0,001098232
0,001016644
0,001017222
9,71615E-4
8,37914E-4
8,57451E-4
6,71295E-4
7,3306E-4
8,62007E-4
8,45206E-4
8,10473E-4
8,67648E-4
8,73313E-4
8,2601E-4
8,48345E-4
8,2146E-4
8,63391E-4
8,18016E-4
8,96737E-4
7,98435E-4
8,60372E-4
8,28205E-4
8,45227E-4
6,58219E-4
8,4469E-4
8,417E-4
6,97726E-4
6,20189E-4
6,61776E-4
7,49292E-4
8,69672E-4
8,41688E-4
7,69468E-4
0,001071418
6,07293E-4
9,93242E-4
7,37481E-4
7,90505E-4
7,46158E-4
7,90357E-4
8,63873E-4
8,44852E-4
8,68349E-4
8,37815E-4
0,001191934
6,05099E-4
7,0255E-4
8,40146E-4
8,70774E-4
7,87217E-4
8,02896E-4
7,34298E-4
6,80514E-4
8,52292E-4
8,30749E-4
8,39267E-4
8,04388E-4
8,27897E-4
8,17318E-4
8,00063E-4
8,27659E-4
8,18042E-4
8,50002E-4
7,91958E-4
8,66921E-4
8,08705E-4
7,49255E-4
8,16183E-4
6,97291E-4
7,50799E-4
8,33446E-4
7,88157E-4
6,44547E-4
7,33271E-4
7,6317E-4
7,99872E-4
8,10151E-4
8,42299E-4
8,53934E-4
7,94742E-4
7,93754E-4
8,41153E-4
7,97146E-4
8,15578E-4
8,20929E-4
8,07903E-4
8,36716E-4
8,59649E-4
8,10255E-4
7,63266E-4
8,08743E-4
7,74154E-4
6,28118E-4
8,49581E-4
0,001006396
0,001032234
0,001166033
0,001081579
0,001068076
0,001031878
7,75429E-4
7,09088E-4
7,77453E-4
8,68728E-4
7,9328E-4
8,59001E-4
8,23581E-4
8,39571E-4
8,22489E-4
8,0886E-4
8,3423E-4
7,96288E-4
7,80192E-4
7,86138E-4
7,41958E-4
8,49184E-4
8,11537E-4
8,4394E-4
6,65429E-4
7,60215E-4
7,25915E-4
8,0627E-4
7,6113E-4
7,63589E-4
7,49345E-4
8,08057E-4
8,3623E-4
8,1358E-4
8,76138E-4
6,84132E-4
8,55347E-4
7,8827E-4
6,82553E-4
9,15751E-4
0,001067146
0,001114332
0,001104239
0,00105807
0,00118894
5,80043E-4
7,71507E-4
8,09013E-4
8,37226E-4
8,8343E-4
6,11074E-4
7,21721E-4
0,001170986
0,001087175
0,001064321
9,91495E-4
0,001031725
0,001199069
0,001043484
0,00102982
0,001013209
0,001135647
7,11859E-4
5,9574E-4
6,59129E-4
8,14098E-4
8,11791E-4
8,25739E-4
8,11058E-4
8,12367E-4
8,23556E-4
7,86984E-4
7,18399E-4
7,73638E-4
8,45102E-4
6,47287E-4
7,44879E-4
8,71246E-4
8,5222E-4
8,26289E-4
8,48663E-4
7,80246E-4
6,43512E-4
9,31927E-4
8,25854E-4
6,55561E-4
6,92695E-4
8,18529E-4
7,75288E-4
8,57189E-4
7,74852E-4
8,43379E-4
7,4421E-4
7,32397E-4
8,39863E-4
0,001221147
8,37461E-4
7,82287E-4
6,53778E-4
0,001451162
0,001379473
8,891E-4
8,23061E-4
8,2072E-4
0,001038473
9,8498E-4
8,25442E-4
8,79326E-4
0,00444459
7,00464E-4
6,94559E-4
8,92282E-4
7,86498E-4
8,23336E-4
7,41485E-4
8,69631E-4
8,94563E-4
8,99668E-4
6,38202E-4
9,30376E-4
7,3961E-4
8,35793E-4
6,62046E-4
7,01569E-4
0,001117897
0,001126305
0,001058472
0,001114967
0,001167814
0,001164663
0,001092867
0,00102129
8,82492E-4
7,20117E-4
6,48661E-4
7,93835E-4
6,63161E-4
6,85632E-4
8,3664E-4
8,50575E-4
7,95244E-4
8,3844E-4
8,51009E-4
8,6455E-4
8,40153E-4
8,14026E-4
8,01581E-4
8,54116E-4
8,5387E-4
6,72157E-4
0,001223311
0,001684689
0,001613809
0,001673505
0,001608912
0,001629189
0,001627373
0,001641183
0,001462159
5,79115E-4
6,44713E-4
8,8566E-4
8,66417E-4
7,06205E-4
6,24959E-4
6,12735E-4
6,50543E-4
8,0988E-4
7,40951E-4
7,73347E-4
6,91285E-4
7,41492E-4
8,1623E-4
8,29674E-4
8,71246E-4
7,30571E-4
7,71578E-4
8,08146E-4
8,18299E-4
8,93698E-4
9,07875E-4
0,001111289
0,001149017
9,90174E-4
7,98462E-4
7,80532E-4
8,85012E-4
0,00111322
0,001123924
0,001162244
0,00100672
0,001043345
0,00104876
0,001019413
0,001028273
0,001025143
0,001016192
0,00104346
0,001035935
8,14658E-4
8,16337E-4
7,96647E-4
9,11737E-4
7,26955E-4
8,5331E-4
8,31151E-4
8,36458E-4
8,69476E-4
7,86946E-4
6,02167E-4
7,10057E-4
7,0288E-4
8,2933E-4
8,28168E-4
8,17658E-4
8,49255E-4
7,80349E-4
9,23803E-4
7,80719E-4
6,77809E-4
0,001017036
0,001081472
9,85322E-4
0,001169559
0,001092073
0,001058662
0,001013355
0,001167769
0,00105014
0,001023965
0,001009856
0,001002508
0,001020959
0,001038871
9,91684E-4
6,05818E-4
7,04016E-4
9,09166E-4
7,52006E-4
6,7918E-4
8,48742E-4
7,51264E-4
8,85257E-4
7,58696E-4
8,65003E-4
8,37203E-4
6,47787E-4
0,001062942
0,001014114
8,2958E-4
6,50119E-4
8,52947E-4
8,94648E-4
8,1321E-4
9,01393E-4
8,19157E-4
8,23737E-4
7,39235E-4
0,001076532
0,001029882
0,001212533
0,001001836
0,00103683
0,001017713
0,001008285
0,001022463
0,001015784
0,001024807
0,001035521
0,00100826
8,60657E-4
6,67774E-4
7,95712E-4
8,00267E-4
8,25915E-4
7,93924E-4
8,01941E-4
7,7514E-4
8,32321E-4
8,22295E-4
8,5486E-4
7,42041E-4
8,26158E-4
8,16262E-4
8,35261E-4
8,29373E-4
8,06491E-4
8,05808E-4
7,6502E-4
7,99195E-4
7,1882E-4
8,03133E-4
6,87376E-4
8,53084E-4
7,9303E-4
8,55739E-4
8,36456E-4
8,53557E-4
7,64471E-4
8,18704E-4
8,5468E-4
7,72292E-4
8,23612E-4
8,10441E-4
7,26997E-4
6,9946E-4
6,43347E-4
7,25612E-4
8,08613E-4
7,38703E-4
8,78662E-4
0,001022335
9,51439E-4
8,80981E-4
9,07384E-4
7,25664E-4
8,20926E-4
5,87999E-4
5,87989E-4
6,11629E-4
8,58955E-4
6,52236E-4
6,71783E-4
6,11019E-4
7,67935E-4
8,32665E-4
7,18389E-4
6,56585E-4
6,83391E-4
8,64683E-4
8,50372E-4
8,82445E-4
9,1905E-4
8,89397E-4
9,25096E-4
9,04163E-4
8,42391E-4
8,20958E-4
8,05164E-4
8,60131E-4
8,42593E-4
8,07038E-4
8,74011E-4
7,98993E-4
9,58381E-4
7,20583E-4
6,89744E-4
6,2753E-4
6,62241E-4
7,13896E-4
6,22111E-4
7,88012E-4
7,47392E-4
6,66569E-4
7,18184E-4
9,22778E-4
7,94988E-4
6,8895E-4
8,49825E-4
6,92535E-4
7,83674E-4
6,589E-4
6,68932E-4
7,42544E-4
7,60921E-4
8,04758E-4
8,58127E-4
5,97049E-4
6,72183E-4
7,88602E-4
0,001062617
8,34411E-4
7,81798E-4
9,82706E-4
0,001008318
0,001047185
7,59119E-4
7,30329E-4
9,06024E-4
7,51779E-4
8,18569E-4
7,16938E-4
7,56177E-4
6,95277E-4
7,09579E-4
9,46304E-4
7,60273E-4
7,32801E-4
7,83381E-4
6,71495E-4
7,77604E-4
6,38237E-4
6,25916E-4
6,73881E-4
7,08285E-4
7,16435E-4
8,59311E-4
8,51071E-4
8,63748E-4
7,75721E-4
8,33775E-4
8,76495E-4
8,27095E-4
8,07229E-4
8,23775E-4
8,30386E-4
7,9871E-4
8,21871E-4
8,25667E-4
8,06426E-4
8,55098E-4
0,001395515
6,54837E-4
6,28034E-4
6,47113E-4
6,75381E-4
6,92142E-4
8,33709E-4
8,606E-4
0,00109504
9,92537E-4
8,78259E-4
8,48432E-4
9,85275E-4
9,0804E-4
9,7311E-4
8,85349E-4
9,4771E-4
0,001165168
8,88454E-4
9,16307E-4
0,001697835
0,001810109
0,001853478
0,001870705
7,26087E-4
0,001108716
0,001045031
0,001026401
9,72387E-4
8,27627E-4
0,001125532
0,001211562
0,001314576
0,00108655
0,001023069
0,001127427
0,001086472
0,001130773
0,001110851
