0,017439144
0,001466448
0,002543539
9,146E-4
0,001488137
0,008560798
0,003730253
0,001197845
9,82537E-4
0,004682947
7,07432E-4
6,46519E-4
6,08375E-4
6,03746E-4
6,60094E-4
6,63829E-4
0,006104224
6,70168E-4
6,59613E-4
7,13298E-4
6,2786E-4
6,4388E-4
0,00100434
0,011627882
7,7453E-4
7,13414E-4
6,82149E-4
6,28903E-4
7,51964E-4
6,16541E-4
6,85758E-4
6,60247E-4
6,70219E-4
0,001337695
7,0178E-4
0,001386631
7,27964E-4
5,87401E-4
7,86551E-4
5,93314E-4
6,54847E-4
6,31144E-4
7,3314E-4
0,001711877
6,27602E-4
6,20326E-4
6,098E-4
7,49747E-4
7,65643E-4
8,82935E-4
9,66758E-4
8,55602E-4
0,005694197
5,87609E-4
6,7582E-4
6,17868E-4
6,02454E-4
6,41581E-4
5,78462E-4
6,87844E-4
6,11656E-4
6,77053E-4
8,36303E-4
5,62845E-4
8,23168E-4
5,97958E-4
8,61072E-4
0,001250314
7,5728E-4
6,45049E-4
6,12582E-4
7,82873E-4
6,86495E-4
0,002881432
9,86858E-4
9,26688E-4
9,37367E-4
0,00127
0,003136453
0,001776877
8,98405E-4
7,22754E-4
8,61654E-4
7,01607E-4
5,85241E-4
6,39578E-4
6,56618E-4
0,001610553
5,68487E-4
8,47233E-4
7,48134E-4
9,0023E-4
6,87445E-4
6,56526E-4
6,5593E-4
6,35944E-4
8,44808E-4
6,59528E-4
0,001649848
0,001494102
6,64476E-4
7,54879E-4
8,67492E-4
8,92324E-4
8,16223E-4
7,5189E-4
7,2896E-4
6,7234E-4
5,6099E-4
6,19495E-4
6,44679E-4
6,94436E-4
7,33704E-4
7,8769E-4
8,63616E-4
0,01145675
7,92415E-4
7,85251E-4
7,27218E-4
8,11997E-4
8,35253E-4
8,14398E-4
8,12397E-4
6,55173E-4
8,44533E-4
7,79673E-4
8,39326E-4
9,34707E-4
9,11429E-4
0,001608662
6,63321E-4
6,56411E-4
6,6803E-4
9,81584E-4
8,09729E-4
7,82845E-4
7,01824E-4
7,21633E-4
6,589E-4
6,00664E-4
6,40799E-4
6,64775E-4
8,21717E-4
6,26495E-4
0,001206292
0,001208941
0,001054913
0,001043481
0,001030014
0,001240263
0,00107077
0,001044101
0,00120733
9,23994E-4
6,80431E-4
7,14423E-4
8,33635E-4
8,35053E-4
7,8328E-4
6,88547E-4
7,83988E-4
7,81887E-4
8,5648E-4
8,35926E-4
8,27191E-4
8,15801E-4
8,43088E-4
8,19732E-4
8,18301E-4
8,4772E-4
8,29644E-4
0,001349165
8,0296E-4
7,85279E-4
7,54874E-4
8,07035E-4
8,451E-4
8,37717E-4
6,21282E-4
6,88487E-4
7,5979E-4
8,3331E-4
8,41152E-4
9,40506E-4
9,02392E-4
0,001113526
0,001016996
8,08473E-4
6,20621E-4
9,37745E-4
8,34714E-4
8,42151E-4
9,3402E-4
7,93812E-4
9,45139E-4
9,99729E-4
9,08996E-4
9,65193E-4
0,001094086
7,98658E-4
8,82657E-4
9,3228E-4
7,43092E-4
9,30393E-4
7,8349E-4
6,9846E-4
8,24762E-4
9,70792E-4
7,86452E-4
7,05998E-4
0,001013262
0,00128097
0,001244279
0,001348059
0,00117844
0,00112383
0,001277006
0,00115929
0,001200951
0,001194971
5,8783E-4
6,97589E-4
7,26296E-4
7,43685E-4
0,003562156
7,03027E-4
6,7228E-4
6,55131E-4
9,34964E-4
0,001090217
0,001139998
8,07729E-4
7,52019E-4
7,75806E-4
8,15309E-4
8,28376E-4
8,57041E-4
8,38776E-4
8,04125E-4
9,03426E-4
7,45544E-4
8,56352E-4
8,49901E-4
8,3525E-4
7,83211E-4
8,31961E-4
8,2826E-4
8,4695E-4
8,13086E-4
8,43721E-4
8,82968E-4
6,18538E-4
8,88045E-4
0,001085883
8,38135E-4
8,4154E-4
6,59602E-4
7,76481E-4
0,00118034
0,001050942
6,30021E-4
6,8534E-4
7,89454E-4
0,001038885
8,60338E-4
0,001894894
6,44638E-4
0,001087989
0,001134417
9,60955E-4
0,001229465
9,5154E-4
0,001052644
0,001163563
0,001043531
8,58667E-4
6,35217E-4
0,001268452
0,001229942
0,001252963
0,001290751
0,00117707
0,001224744
0,001273108
0,001159285
0,001132737
0,001212082
0,001136892
0,001178042
7,88037E-4
6,62191E-4
6,34314E-4
7,64502E-4
0,001441123
6,76086E-4
8,66387E-4
8,26397E-4
9,87534E-4
9,27231E-4
8,8573E-4
8,26312E-4
8,96796E-4
9,68918E-4
9,50296E-4
9,98505E-4
7,36172E-4
0,001113291
0,00115024
7,21509E-4
7,30448E-4
8,14081E-4
8,36642E-4
8,26191E-4
7,50624E-4
8,12849E-4
8,41855E-4
8,527E-4
8,40634E-4
8,37942E-4
8,23051E-4
8,70194E-4
8,56812E-4
8,44039E-4
8,54661E-4
8,2663E-4
8,08198E-4
8,2584E-4
7,21328E-4
6,52566E-4
6,78073E-4
7,15451E-4
6,33965E-4
6,96952E-4
7,62008E-4
7,02085E-4
7,21878E-4
8,01988E-4
8,3808E-4
7,50773E-4
8,46113E-4
8,17836E-4
8,17721E-4
8,08416E-4
8,34158E-4
7,96256E-4
9,25858E-4
0,001166059
0,001066346
0,001205296
0,001011884
8,5671E-4
7,57313E-4
6,45527E-4
8,24672E-4
7,25916E-4
9,74464E-4
9,1215E-4
7,67983E-4
8,47299E-4
9,19882E-4
7,7384E-4
9,29468E-4
6,93836E-4
8,30054E-4
8,51423E-4
9,43952E-4
6,52413E-4
6,21573E-4
7,68515E-4
0,001617112
8,75543E-4
7,33616E-4
6,60666E-4
0,003175221
7,48285E-4
7,93469E-4
6,64797E-4
9,22115E-4
6,88382E-4
0,001241286
0,001108881
6,64478E-4
6,07676E-4
7,91165E-4
0,001082407
0,001226532
0,001208572
9,80774E-4
0,001076586
0,001204951
0,001156545
6,09009E-4
6,61943E-4
7,07897E-4
8,4282E-4
5,85111E-4
7,56364E-4
8,35807E-4
9,46778E-4
9,841E-4
8,29195E-4
9,0503E-4
8,61559E-4
8,57463E-4
9,12469E-4
7,74612E-4
8,04298E-4
7,93763E-4
8,62687E-4
9,02639E-4
7,59904E-4
6,88835E-4
8,39235E-4
7,63275E-4
7,79853E-4
8,22453E-4
7,29832E-4
7,89257E-4
8,5351E-4
7,43594E-4
8,24245E-4
9,30093E-4
8,32163E-4
8,18278E-4
8,18166E-4
8,98435E-4
8,60007E-4
9,25996E-4
8,7155E-4
8,23313E-4
8,81004E-4
8,62475E-4
8,15462E-4
8,88349E-4
9,59857E-4
8,11689E-4
8,55851E-4
8,51699E-4
8,52104E-4
8,47458E-4
8,25678E-4
8,25314E-4
8,25033E-4
8,02939E-4
8,48876E-4
8,00981E-4
8,52157E-4
8,51407E-4
8,14524E-4
7,92454E-4
8,13053E-4
7,57165E-4
9,32533E-4
7,90261E-4
8,78937E-4
9,06176E-4
8,18911E-4
8,8303E-4
0,00107105
0,001152128
0,001156564
0,001048286
0,001032571
0,001065766
0,001162307
0,001093619
0,001080448
0,001185459
0,001106697
0,001066758
0,001044939
6,91619E-4
8,51026E-4
8,797E-4
8,54991E-4
7,58717E-4
0,001078026
0,001046249
0,001227966
0,001056531
0,001250379
0,00109567
0,001178532
0,001031599
9,96508E-4
0,001248223
0,001055087
0,001034339
0,001072823
0,001204094
7,51422E-4
9,66845E-4
0,001185374
0,001164085
7,90871E-4
9,06679E-4
8,10389E-4
8,04922E-4
8,04453E-4
8,73079E-4
8,42241E-4
7,30794E-4
8,03054E-4
8,6183E-4
8,2397E-4
8,73031E-4
8,11218E-4
7,88292E-4
8,78573E-4
7,73927E-4
6,94542E-4
7,03705E-4
8,55991E-4
0,001105173
7,64283E-4
8,2568E-4
7,8844E-4
8,54674E-4
0,006041683
9,45612E-4
8,88605E-4
6,43914E-4
0,001528383
0,001582593
0,001704533
0,001673867
0,001672022
0,001710622
0,00225715
9,24679E-4
7,91879E-4
8,26244E-4
0,003373155
6,60657E-4
7,88879E-4
8,1707E-4
7,40077E-4
6,63816E-4
0,001079555
0,001189461
0,001041301
0,001039484
0,001044761
9,82055E-4
6,63458E-4
0,001580329
0,001678662
0,00160818
0,001704932
0,001641945
0,001636672
0,001898494
0,001650032
0,001581734
5,48671E-4
6,94806E-4
8,66985E-4
6,41269E-4
6,75601E-4
5,91629E-4
6,7416E-4
6,76809E-4
8,33977E-4
7,80852E-4
7,64381E-4
6,34105E-4
0,001055623
0,001238037
0,001078202
0,001007616
0,001139976
0,001140698
0,001092218
0,001154131
0,001100546
0,001177357
0,001142645
0,001207636
0,001033407
0,001018729
6,77457E-4
7,05138E-4
6,41807E-4
6,22116E-4
7,10923E-4
7,78758E-4
7,21871E-4
6,55844E-4
7,36018E-4
7,32957E-4
6,77973E-4
6,44858E-4
7,15751E-4
7,0625E-4
0,001022535
0,001105518
9,69923E-4
8,44647E-4
9,32453E-4
7,24443E-4
0,001030228
9,74494E-4
9,83436E-4
0,001228358
0,001251719
0,001195508
0,001229721
8,04237E-4
7,1831E-4
7,8725E-4
9,46498E-4
8,51841E-4
8,69218E-4
8,12388E-4
8,07176E-4
8,36294E-4
0,001057568
0,001280446
0,001032242
6,58143E-4
7,65331E-4
7,7681E-4
8,26327E-4
7,17678E-4
6,18754E-4
7,17147E-4
8,20959E-4
8,26221E-4
0,00112438
0,001072532
0,001146219
0,001122788
0,001160762
0,001142785
0,001202661
0,001147501
0,001117858
0,001048877
0,001222871
0,00106008
0,001214742
6,84115E-4
6,60949E-4
6,88733E-4
7,5476E-4
7,18265E-4
7,66192E-4
7,3114E-4
7,61934E-4
6,24033E-4
6,49809E-4
6,67613E-4
7,87727E-4
7,01118E-4
6,43914E-4
5,60306E-4
7,75574E-4
7,7058E-4
8,64914E-4
6,96942E-4
6,64483E-4
7,2979E-4
7,86462E-4
8,30549E-4
0,001024153
0,001345192
0,001285372
0,001251458
0,001263914
0,001438963
0,001305474
0,001279364
0,001242385
0,001215233
7,32655E-4
5,9985E-4
7,28561E-4
5,55367E-4
8,13514E-4
8,57007E-4
8,4021E-4
9,05104E-4
8,94149E-4
5,8299E-4
7,07848E-4
7,14285E-4
7,39107E-4
7,16815E-4
0,001036795
8,33828E-4
8,94843E-4
0,001111654
7,6946E-4
6,64128E-4
6,21883E-4
6,81285E-4
7,82732E-4
7,13945E-4
9,86634E-4
0,001281112
0,001110048
0,001130346
0,001365935
0,001255642
8,58898E-4
0,001080207
0,001308009
0,001177988
8,53394E-4
8,19506E-4
0,001124817
0,001024429
9,45063E-4
0,004363255
6,36815E-4
7,03959E-4
7,26022E-4
8,22541E-4
7,65955E-4
7,2957E-4
6,75289E-4
7,7008E-4
9,73034E-4
8,59959E-4
6,52517E-4
8,21544E-4
7,51796E-4
6,94512E-4
6,00088E-4
7,90306E-4
7,70258E-4
7,59846E-4
6,08554E-4
7,6305E-4
6,04117E-4
6,21354E-4
8,70044E-4
8,79537E-4
0,001023855
9,61751E-4
9,41593E-4
8,51506E-4
8,95908E-4
0,001925932
8,63072E-4
7,67717E-4
8,44667E-4
8,71514E-4
8,0603E-4
8,21269E-4
8,35003E-4
8,27868E-4
7,59323E-4
9,32696E-4
0,00116094
0,001067597
0,001070715
0,001243117
0,001049577
0,001227071
0,001275442
0,001110431
0,001226366
0,001047082
0,001190762
0,001090548
8,48968E-4
0,00101237
0,001043953
0,001046879
0,001237481
0,001206567
0,001058644
0,001061795
0,001225187
0,001089936
0,001213666
0,001057851
7,99718E-4
8,02821E-4
6,77692E-4
9,97553E-4
7,58675E-4
9,32011E-4
6,95457E-4
7,30265E-4
8,11152E-4
6,62262E-4
6,04862E-4
7,17416E-4
6,58951E-4
7,01995E-4
8,34537E-4
7,62311E-4
5,87786E-4
8,58602E-4
8,17429E-4
8,09407E-4
8,4943E-4
8,07085E-4
8,24549E-4
8,75549E-4
8,82882E-4
8,58506E-4
6,53259E-4
8,16809E-4
8,45897E-4
7,6505E-4
8,56246E-4
8,2861E-4
8,17698E-4
8,56855E-4
8,53194E-4
8,74027E-4
8,12641E-4
8,16761E-4
8,24078E-4
8,59613E-4
8,07669E-4
8,39963E-4
7,97413E-4
8,66703E-4
7,0642E-4
6,43335E-4
6,98412E-4
6,51868E-4
6,69861E-4
6,42152E-4
7,72928E-4
0,001301511
0,001659263
0,001048541
9,85854E-4
8,38295E-4
0,001040416
8,07295E-4
8,43731E-4
8,84869E-4
8,01528E-4
8,47401E-4
8,16806E-4
8,27691E-4
8,0369E-4
8,61834E-4
8,40118E-4
8,87672E-4
9,15525E-4
7,92556E-4
8,19581E-4
8,17116E-4
9,76345E-4
8,36726E-4
9,20468E-4
8,34842E-4
8,46099E-4
8,20109E-4
9,80044E-4
8,15427E-4
8,00733E-4
8,58475E-4
9,23134E-4
8,99084E-4
9,07451E-4
9,3373E-4
9,9029E-4
8,93027E-4
8,29069E-4
0,001047721
8,38323E-4
8,7538E-4
9,19033E-4
8,59555E-4
8,74735E-4
0,001065901
8,94596E-4
9,59673E-4
0,001011619
8,53646E-4
7,71937E-4
8,40295E-4
6,32923E-4
8,30876E-4
9,82511E-4
8,25496E-4
7,51435E-4
8,72582E-4
7,53389E-4
6,37451E-4
6,58007E-4
7,03072E-4
0,004061856
8,176E-4
0,001235699
0,001230244
0,001232001
0,001115558
0,001180409
0,001117089
0,001163648
8,54081E-4
6,92464E-4
7,34121E-4
6,80749E-4
9,83571E-4
9,21727E-4
9,85821E-4
9,13346E-4
8,7416E-4
8,21523E-4
8,8513E-4
9,23582E-4
8,87689E-4
9,52115E-4
0,001058053
8,0499E-4
9,92163E-4
0,001067352
8,9577E-4
9,76334E-4
9,92502E-4
9,79145E-4
9,71909E-4
9,40606E-4
0,001126793
9,56797E-4
0,001061921
9,47906E-4
0,001060352
0,001108052
9,58544E-4
0,001006767
9,02302E-4
9,84293E-4
8,68136E-4
9,24387E-4
8,54928E-4
8,15878E-4
0,001038147
9,43869E-4
9,72763E-4
9,26191E-4
8,59822E-4
9,82853E-4
8,00509E-4
8,50833E-4
9,75409E-4
9,67475E-4
8,99475E-4
0,001016242
9,38791E-4
8,86111E-4
8,04527E-4
8,05939E-4
9,12506E-4
8,36942E-4
8,90896E-4
8,6849E-4
9,21162E-4
7,20241E-4
8,34524E-4
8,76324E-4
0,001051582
9,39815E-4
0,001031446
9,04874E-4
0,001128761
0,00106479
9,19628E-4
9,93067E-4
9,3565E-4
9,10018E-4
9,81096E-4
0,001108964
9,08742E-4
9,64243E-4
9,85678E-4
0,001002665
0,001092689
8,97224E-4
8,58028E-4
0,001150425
9,32786E-4
0,001034451
0,001015402
0,001029143
9,57614E-4
9,73198E-4
9,95923E-4
0,001022247
9,717E-4
8,91586E-4
9,13558E-4
8,92445E-4
0,001000831
0,001016141
9,97889E-4
8,29095E-4
9,96794E-4
9,40836E-4
9,05194E-4
9,8553E-4
8,27527E-4
9,77898E-4
8,66176E-4
0,001046139
9,41413E-4
9,45811E-4
9,59197E-4
9,11962E-4
9,34135E-4
8,52361E-4
0,00106026
8,40671E-4
9,20121E-4
0,001003192
8,57301E-4
9,02125E-4
8,77724E-4
0,001011216
8,57651E-4
9,31409E-4
0,001058574
9,12916E-4
8,53657E-4
9,17937E-4
8,77013E-4
0,001037658
8,74332E-4
8,33605E-4
8,78438E-4
8,80573E-4
9,64424E-4
9,22064E-4
7,8303E-4
8,86199E-4
8,83024E-4
7,89321E-4
8,25905E-4
9,9963E-4
8,32823E-4
8,7756E-4
9,81689E-4
8,67703E-4
0,00108536
8,61542E-4
8,33689E-4
9,678E-4
8,87744E-4
9,96936E-4
0,001093108
8,03275E-4
8,70154E-4
7,93578E-4
7,18784E-4
8,44538E-4
8,08416E-4
8,40798E-4
8,61128E-4
8,31319E-4
0,001184709
0,001075077
0,001232655
0,00131417
0,001391748
0,001436752
0,001502825
0,001836913
6,39969E-4
0,001332968
0,001364931
0,001882624
0,001383386
0,001496796
9,56435E-4
0,001788941
0,00138103
0,001428526
0,001431009
0,001379328
0,001421063
0,001436116
0,001437493
0,001509612
0,001316764
0,001093908
0,001331559
0,00129422
0,001729503
0,001316782
0,001627778
9,70958E-4
0,001879075
0,001730559
0,001455586
0,004490463
8,99681E-4
7,84574E-4
9,27747E-4
8,71604E-4
8,69219E-4
8,20828E-4
0,001039223
0,001073386
8,32403E-4
8,88835E-4
0,001029273
8,55664E-4
9,07493E-4
9,67332E-4
9,22384E-4
9,36081E-4
9,32792E-4
8,80772E-4
9,18036E-4
9,80163E-4
9,4859E-4
9,70204E-4
9,11522E-4
8,68863E-4
7,80942E-4
9,2133E-4
9,07067E-4
6,97111E-4
9,0592E-4
8,71367E-4
9,66465E-4
9,23121E-4
8,84059E-4
8,8875E-4
8,66404E-4
8,70211E-4
8,2229E-4
9,31414E-4
9,34434E-4
8,33413E-4
9,68545E-4
8,83931E-4
8,66898E-4
8,27887E-4
8,5022E-4
9,99658E-4
8,95896E-4
9,47226E-4
9,95437E-4
8,46969E-4
0,00108249
8,9117E-4
8,1965E-4
8,78678E-4
8,66064E-4
8,73468E-4
8,28783E-4
8,63861E-4
9,27908E-4
8,3957E-4
9,10706E-4
0,001057898
8,91438E-4
9,43389E-4
8,61728E-4
0,001000185
0,001051609
8,88904E-4
9,19969E-4
9,37122E-4
8,49396E-4
8,31794E-4
8,05261E-4
8,35008E-4
7,9993E-4
8,62293E-4
8,53311E-4
8,31215E-4
8,10295E-4
8,34814E-4
8,71988E-4
8,57242E-4
0,001267977
0,001724858
0,001742487
0,001674096
0,001683117
0,001658348
0,001640537
0,001673961
0,001667578
0,001242659
0,001034414
8,8422E-4
8,0624E-4
8,68254E-4
0,001093515
0,001008282
7,07814E-4
0,001113911
0,001164439
0,001235612
0,001250711
0,001101002
0,001027149
0,001248282
0,00131813
0,001047907
0,001068746
0,001156382
8,19922E-4
7,84399E-4
0,001024933
8,5717E-4
7,01563E-4
6,21464E-4
9,03217E-4
7,88515E-4
8,2572E-4
0,001149028
0,001015963
9,39655E-4
7,85055E-4
8,34222E-4
7,11304E-4
9,83199E-4
0,001028262
0,00121496
0,001300478
0,001116664
0,001077157
0,001230711
0,001094923
0,0010294
0,001055242
0,001017416
8,15222E-4
0,001097849
0,001107055
8,64266E-4
9,52323E-4
9,7248E-4
0,001162448
9,72833E-4
9,60838E-4
8,12336E-4
8,26075E-4
8,02502E-4
8,41663E-4
8,20154E-4
0,001005865
0,001157821
0,001059663
0,001176843
0,001092691
0,001124623
7,65161E-4
0,001049146
9,91523E-4
0,0010522
0,001003991
9,93943E-4
0,001079636
0,001056211
9,96726E-4
8,96777E-4
9,11513E-4
8,51837E-4
8,06162E-4
8,03495E-4
8,43337E-4
8,19388E-4
8,27062E-4
7,03493E-4
0,001022953
0,001074561
9,19711E-4
7,90516E-4
8,61215E-4
8,50582E-4
8,62668E-4
8,6594E-4
8,14477E-4
8,23492E-4
8,33126E-4
8,32857E-4
9,53077E-4
8,33447E-4
8,12671E-4
8,49618E-4
8,47756E-4
8,50918E-4
8,1748E-4
7,14081E-4
8,25441E-4
6,76394E-4
9,21551E-4
8,65433E-4
7,60566E-4
6,90743E-4
8,82062E-4
9,77104E-4
8,4734E-4
8,50984E-4
9,74922E-4
8,80361E-4
9,83611E-4
0,001072609
0,001097187
0,0037629
7,59312E-4
0,001003936
8,98808E-4
8,05544E-4
8,78774E-4
8,56157E-4
8,33376E-4
8,82803E-4
9,41831E-4
8,1466E-4
9,31028E-4
9,78566E-4
9,83401E-4
9,29079E-4
8,67866E-4
9,58901E-4
9,14613E-4
9,95896E-4
8,05586E-4
9,11618E-4
8,89792E-4
8,35022E-4
9,08053E-4
9,20789E-4
9,44166E-4
9,45193E-4
9,7456E-4
9,69958E-4
9,04849E-4
9,41993E-4
8,86555E-4
8,7917E-4
9,76782E-4
9,89967E-4
8,57246E-4
9,03158E-4
7,96958E-4
8,66799E-4
7,85745E-4
8,14647E-4
8,54978E-4
9,54251E-4
8,02201E-4
9,1933E-4
9,02073E-4
9,13976E-4
7,51126E-4
7,72728E-4
7,55593E-4
7,99568E-4
8,43607E-4
8,15945E-4
9,20755E-4
9,1236E-4
8,51289E-4
8,79844E-4
7,71535E-4
9,10745E-4
7,92907E-4
8,6763E-4
8,42114E-4
8,72325E-4
8,03132E-4
9,92591E-4
9,88414E-4
0,001007453
9,49544E-4
9,4611E-4
8,29997E-4
7,94102E-4
8,45903E-4
8,32357E-4
8,38834E-4
8,44474E-4
8,37914E-4
8,13253E-4
7,93732E-4
8,13447E-4
8,29081E-4
8,20736E-4
8,05493E-4
8,25238E-4
8,91836E-4
6,78844E-4
8,60295E-4
8,42707E-4
8,28037E-4
7,84144E-4
7,55066E-4
7,17883E-4
7,49372E-4
8,06436E-4
8,33019E-4
8,35592E-4
7,93224E-4
7,77914E-4
8,05913E-4
8,68238E-4
8,53523E-4
8,18199E-4
8,55137E-4
7,75854E-4
0,001063912
0,001073853
0,001034357
0,001178978
0,001107515
5,7391E-4
9,27455E-4
7,87062E-4
8,76239E-4
7,79361E-4
8,49457E-4
8,31704E-4
8,40044E-4
8,81908E-4
7,23899E-4
9,13615E-4
7,38384E-4
8,35574E-4
8,79483E-4
7,86745E-4
8,48666E-4
8,50797E-4
8,10382E-4
9,69725E-4
8,46595E-4
8,52101E-4
8,3781E-4
8,7291E-4
8,16218E-4
8,26566E-4
8,53279E-4
8,02283E-4
8,89848E-4
8,11297E-4
8,45645E-4
8,26226E-4
8,24131E-4
8,51975E-4
8,18651E-4
8,55522E-4
8,57337E-4
9,17284E-4
7,91478E-4
9,41319E-4
8,57953E-4
8,15193E-4
8,55215E-4
8,55262E-4
8,3038E-4
8,14404E-4
8,0958E-4
7,13278E-4
0,001225427
0,001056385
0,001225735
0,001235268
0,001086863
9,65774E-4
0,001060245
5,84811E-4
0,001173756
0,001069317
0,001181786
0,00113631
0,00102012
0,001065191
0,001198594
0,001137679
0,001133005
0,001157533
0,001143297
0,001188911
0,001229311
7,59897E-4
8,36383E-4
8,27948E-4
8,25033E-4
7,75505E-4
8,59477E-4
8,33119E-4
8,15251E-4
8,1571E-4
8,28415E-4
0,001138064
6,10597E-4
8,41388E-4
8,44113E-4
8,43044E-4
8,55147E-4
8,29978E-4
8,50391E-4
8,70176E-4
8,5572E-4
8,76146E-4
7,80974E-4
8,61249E-4
8,33562E-4
8,91548E-4
8,48863E-4
9,53096E-4
8,62857E-4
8,29228E-4
9,21815E-4
9,52586E-4
8,47404E-4
8,15735E-4
9,18282E-4
0,001277711
9,73512E-4
7,895E-4
0,001512755
0,002970909
0,002817947
0,002841263
0,002779153
0,00279361
0,00123901
0,001851158
0,001886041
0,001894556
0,001885458
6,83678E-4
0,001687928
0,001612073
0,001385908
0,001433299
0,001449482
0,001388708
0,001426644
0,00138913
0,001360326
0,001379061
0,00119765
0,001384255
0,00127932
0,001290196
0,001146784
0,001530931
0,001161246
0,00141772
0,001347967
0,001427332
0,001406885
0,001404421
0,00138389
0,001408801
0,001460776
0,001393919
0,001398294
0,005104658
7,08624E-4
9,25869E-4
0,001045986
9,17363E-4
8,81566E-4
8,96729E-4
9,04879E-4
8,75583E-4
8,49472E-4
8,95296E-4
9,28083E-4
9,39183E-4
9,97769E-4
8,53565E-4
8,79834E-4
9,81426E-4
8,65354E-4
0,001035108
9,50236E-4
9,29739E-4
8,36419E-4
8,07053E-4
9,05064E-4
9,69312E-4
8,66171E-4
9,43233E-4
8,60507E-4
8,73562E-4
7,59884E-4
8,95331E-4
9,9735E-4
9,32938E-4
9,45591E-4
9,15578E-4
9,71852E-4
8,36866E-4
9,39532E-4
8,00535E-4
7,73571E-4
9,01093E-4
7,35482E-4
0,00108314
9,78083E-4
9,03111E-4
8,75156E-4
8,40535E-4
8,10243E-4
8,54338E-4
8,44079E-4
8,59524E-4
8,23048E-4
8,61379E-4
8,21368E-4
8,53584E-4
8,3714E-4
9,26711E-4
8,46702E-4
8,50048E-4
9,07573E-4
8,39934E-4
7,89335E-4
8,34027E-4
8,3843E-4
8,25131E-4
8,36179E-4
7,90758E-4
8,10852E-4
0,001065574
6,01348E-4
9,12686E-4
0,001041721
0,001160259
0,001131657
0,001140182
0,001150803
0,001117492
0,001108397
0,001103133
0,001106476
0,001097144
0,00120378
0,001080414
0,001024002
6,52538E-4
0,001649791
0,001655338
0,001686275
9,46755E-4
9,19871E-4
6,81451E-4
8,82748E-4
7,76075E-4
0,001047184
9,7519E-4
0,001086398
0,001010104
0,001000766
0,001035098
0,001014704
0,001047642
0,001035355
0,001224376
0,001278482
0,001042726
0,001217244
6,67632E-4
7,5599E-4
7,99339E-4
5,94192E-4
7,92557E-4
6,97085E-4
5,34072E-4
6,86429E-4
7,00718E-4
7,21725E-4
8,12104E-4
7,14748E-4
7,81355E-4
6,85434E-4
7,50421E-4
8,49862E-4
8,71102E-4
8,42055E-4
7,93433E-4
8,71561E-4
8,5976E-4
8,7522E-4
8,72929E-4
7,96804E-4
0,001053454
8,5853E-4
0,001006787
9,01863E-4
9,74404E-4
0,001014915
5,91779E-4
6,92856E-4
6,83312E-4
7,27651E-4
9,89272E-4
9,00069E-4
9,94938E-4
9,55475E-4
8,84656E-4
8,10149E-4
0,001218693
0,001188964
0,001231091
0,001204301
0,001125217
0,001212901
8,58533E-4
8,73771E-4
7,91607E-4
8,37126E-4
7,6413E-4
8,0145E-4
8,32975E-4
7,99945E-4
8,305E-4
8,26792E-4
9,18384E-4
8,45071E-4
8,23088E-4
8,10481E-4
8,21029E-4
7,9271E-4
8,33017E-4
8,19564E-4
8,13506E-4
8,20351E-4
6,04356E-4
7,17179E-4
7,01739E-4
6,78583E-4
6,88303E-4
8,18503E-4
6,29477E-4
7,40464E-4
7,97857E-4
8,21913E-4
9,44471E-4
7,52867E-4
8,59997E-4
8,1804E-4
8,4337E-4
8,64012E-4
8,14838E-4
7,85235E-4
8,00949E-4
7,85865E-4
8,21589E-4
8,52467E-4
8,10985E-4
8,09544E-4
8,31657E-4
6,24406E-4
7,06496E-4
8,23637E-4
6,70614E-4
6,68581E-4
6,39045E-4
7,11251E-4
8,24634E-4
0,001284613
0,001273377
7,98176E-4
8,72999E-4
0,001035461
7,75785E-4
7,84928E-4
8,13476E-4
7,83502E-4
7,8936E-4
8,04365E-4
8,51402E-4
8,14663E-4
8,13053E-4
8,19524E-4
9,3766E-4
8,83423E-4
7,85992E-4
8,53913E-4
7,74392E-4
8,80409E-4
6,66641E-4
8,23882E-4
9,68611E-4
8,61747E-4
9,30515E-4
8,82918E-4
8,46042E-4
8,93122E-4
8,00712E-4
8,26652E-4
8,98109E-4
8,3618E-4
7,73217E-4
7,94838E-4
8,14237E-4
8,95716E-4
7,51123E-4
8,59073E-4
8,00358E-4
9,59939E-4
9,61561E-4
9,54101E-4
8,85718E-4
8,60252E-4
8,41627E-4
8,21623E-4
8,61977E-4
9,13177E-4
5,76628E-4
0,001043041
9,53104E-4
0,004059658
0,001416123
6,45E-4
9,15458E-4
0,001027145
8,51967E-4
0,001027548
8,9119E-4
9,57818E-4
9,38273E-4
9,82778E-4
8,48772E-4
8,46382E-4
9,39712E-4
8,86532E-4
9,0857E-4
8,1557E-4
8,5664E-4
9,25743E-4
8,80776E-4
7,55395E-4
6,73961E-4
9,55526E-4
8,26379E-4
9,06283E-4
7,57053E-4
7,76731E-4
9,63496E-4
8,12803E-4
8,49852E-4
8,65792E-4
8,26409E-4
7,57329E-4
9,82605E-4
0,001128825
0,001049147
0,001196983
9,37611E-4
7,06175E-4
8,42001E-4
0,001271894
0,001053886
0,001175983
0,001118568
0,001082026
0,001196368
0,001058296
0,001091238
0,001150363
0,001039247
0,001041297
0,001162247
8,73175E-4
8,41622E-4
0,00105977
0,001069639
0,001166912
0,001060366
0,001111079
0,001150262
8,02741E-4
6,7381E-4
7,00279E-4
7,84923E-4
6,17427E-4
8,67834E-4
7,99534E-4
7,90597E-4
8,24403E-4
8,16131E-4
8,53228E-4
8,79221E-4
7,70753E-4
7,97221E-4
7,83472E-4
8,6597E-4
8,04271E-4
8,11938E-4
6,79708E-4
5,78768E-4
7,19993E-4
5,76738E-4
6,68588E-4
6,11704E-4
9,52161E-4
0,00124712
0,001240204
0,001208502
0,00123013
0,001336203
0,001197256
6,8507E-4
7,6581E-4
7,247E-4
7,01878E-4
6,13852E-4
7,30881E-4
6,7492E-4
8,48996E-4
8,30226E-4
7,93394E-4
7,87395E-4
8,21076E-4
8,03769E-4
8,83811E-4
8,91437E-4
8,6482E-4
8,09953E-4
6,7976E-4
9,60563E-4
9,68256E-4
9,22298E-4
0,001014003
9,2671E-4
8,95851E-4
6,87193E-4
6,36693E-4
7,68556E-4
6,63186E-4
6,91913E-4
9,68772E-4
0,001056477
0,001211885
0,001234804
0,001044866
0,001183325
0,001045898
0,001050257
0,001178365
0,001104422
0,001178141
0,001039765
0,001710075
7,61155E-4
5,40873E-4
7,6474E-4
8,93376E-4
7,4539E-4
9,30827E-4
9,19747E-4
0,001012127
8,587E-4
7,51205E-4
6,94615E-4
0,001001204
9,04659E-4
9,14537E-4
0,001012564
9,87545E-4
8,63364E-4
8,86966E-4
0,001056111
8,69645E-4
0,001028543
8,83742E-4
9,38847E-4
9,74211E-4
8,75061E-4
8,88726E-4
7,6787E-4
7,70714E-4
6,93657E-4
6,99409E-4
7,35514E-4
6,28486E-4
7,32423E-4
7,63761E-4
8,71526E-4
6,60346E-4
0,001118366
0,001250104
0,001224836
0,001123556
0,001151184
0,001097809
0,001180623
0,001085366
6,36578E-4
7,26388E-4
6,79067E-4
8,91099E-4
6,98369E-4
6,87428E-4
6,47089E-4
8,36164E-4
9,46925E-4
9,08005E-4
8,66212E-4
8,7604E-4
9,85509E-4
8,69705E-4
9,64837E-4
8,84166E-4
9,7478E-4
8,03719E-4
8,78113E-4
8,10753E-4
5,93569E-4
6,5658E-4
7,05753E-4
9,15736E-4
9,69934E-4
9,44369E-4
8,95282E-4
9,61844E-4
8,61032E-4
7,653E-4
9,08547E-4
9,51092E-4
0,001080872
8,41244E-4
8,25897E-4
8,49158E-4
8,84051E-4
7,57623E-4
5,62738E-4
9,79106E-4
8,88096E-4
9,43577E-4
6,79199E-4
6,42707E-4
6,68583E-4
7,2622E-4
8,22711E-4
8,4228E-4
8,28911E-4
8,01101E-4
8,76358E-4
8,47273E-4
8,66684E-4
8,44978E-4
8,41878E-4
8,58567E-4
8,34296E-4
8,73455E-4
8,24976E-4
8,1776E-4
8,19793E-4
8,17537E-4
5,71204E-4
7,45576E-4
7,74279E-4
8,15391E-4
8,24168E-4
7,21542E-4
0,001030101
0,001012607
8,82982E-4
8,29118E-4
6,72524E-4
6,9524E-4
6,85005E-4
8,66637E-4
7,856E-4
0,00127564
0,001056321
0,001212345
0,001175696
0,001369641
0,001333639
0,001225618
0,001162726
0,00148875
0,001281747
0,001278319
0,001131977
0,001024465
0,001099612
0,001252163
0,001083227
0,001180306
0,001091848
0,001086958
0,001235292
0,001143857
0,001162816
0,00100268
0,001107855
0,001379739
0,001080985
0,001367492
0,001088135
0,001223979
0,001373387
0,00139943
0,001123059
0,001294556
0,00119792
0,001083738
0,001258413
0,001118865
8,36066E-4
0,001321613
0,001258471
0,001150037
0,001177521
0,001298337
0,001312558
0,001098562
0,001251686
0,001290377
0,001185373
0,001219454
0,001106301
8,75397E-4
0,001024448
0,004981715
8,13047E-4
6,92192E-4
7,03751E-4
6,29638E-4
6,97054E-4
6,85687E-4
9,33052E-4
7,75543E-4
7,94226E-4
7,92321E-4
8,30316E-4
7,9187E-4
8,35778E-4
8,17414E-4
7,18148E-4
7,5178E-4
7,63038E-4
6,38866E-4
7,50389E-4
6,92776E-4
7,68093E-4
7,88372E-4
8,24529E-4
6,88528E-4
6,77403E-4
9,51916E-4
9,30408E-4
8,52138E-4
0,001027869
8,60346E-4
7,99969E-4
8,74119E-4
0,001023627
0,001013109
8,42987E-4
9,42701E-4
9,35859E-4
9,76216E-4
7,93747E-4
9,15449E-4
7,72724E-4
0,001047971
9,23853E-4
8,45236E-4
9,14977E-4
7,41655E-4
0,001623998
0,001795623
9,28001E-4
0,001107758
9,87862E-4
8,49653E-4
8,01697E-4
9,12168E-4
7,94613E-4
9,47318E-4
9,07416E-4
8,01028E-4
8,73999E-4
8,23685E-4
8,25738E-4
9,0047E-4
8,79718E-4
8,98192E-4
9,18394E-4
9,60294E-4
8,12066E-4
7,81452E-4
9,59438E-4
9,23542E-4
8,30174E-4
7,73318E-4
9,38128E-4
8,0676E-4
8,37975E-4
9,74022E-4
9,00249E-4
8,35435E-4
7,82432E-4
8,30095E-4
8,87846E-4
8,52044E-4
9,50134E-4
9,0932E-4
9,05379E-4
8,20022E-4
9,41963E-4
8,9869E-4
8,45698E-4
8,27039E-4
9,09469E-4
7,47786E-4
8,7036E-4
7,93562E-4
7,99314E-4
8,79025E-4
8,6157E-4
8,14463E-4
7,92534E-4
7,78858E-4
8,6709E-4
7,81906E-4
8,16549E-4
6,82302E-4
9,02614E-4
9,19577E-4
8,36789E-4
0,001017852
0,00107078
0,001180706
0,001144275
0,001053425
0,001073524
0,001067918
0,001239683
0,001150054
0,001176938
0,001160868
7,5876E-4
7,94553E-4
8,64364E-4
0,001051605
9,26642E-4
8,36309E-4
8,47503E-4
8,27827E-4
8,76953E-4
8,29969E-4
8,9226E-4
8,39866E-4
8,08395E-4
8,53058E-4
8,50098E-4
8,33096E-4
8,60777E-4
8,07289E-4
8,7891E-4
5,88973E-4
8,90964E-4
8,51591E-4
0,001013963
8,81554E-4
8,59706E-4
8,20709E-4
8,21861E-4
7,30505E-4
7,3772E-4
9,83225E-4
0,001021814
0,001107874
8,3804E-4
0,001088415
8,36059E-4
8,19884E-4
8,6382E-4
8,43225E-4
8,4958E-4
0,001009809
8,04029E-4
8,37867E-4
8,58282E-4
8,1362E-4
8,17291E-4
0,001080104
8,63566E-4
8,65099E-4
8,55141E-4
8,43713E-4
8,23727E-4
8,25468E-4
8,08254E-4
8,05123E-4
8,47198E-4
8,28419E-4
8,40306E-4
8,10567E-4
8,2849E-4
8,3033E-4
8,5698E-4
8,44004E-4
8,08571E-4
8,02393E-4
8,72247E-4
9,73465E-4
8,33997E-4
7,64394E-4
8,33054E-4
8,30312E-4
8,51291E-4
8,2938E-4
8,47186E-4
8,38815E-4
8,34942E-4
8,49743E-4
8,1385E-4
8,20274E-4
8,3891E-4
8,54454E-4
7,61322E-4
8,47872E-4
7,71239E-4
8,33217E-4
7,21805E-4
5,85298E-4
9,71909E-4
0,001161072
0,001161818
0,001154779
0,001027041
0,001143005
9,10224E-4
9,10921E-4
8,40411E-4
8,24016E-4
7,82789E-4
8,71261E-4
7,85855E-4
8,24134E-4
8,43288E-4
8,15336E-4
8,01914E-4
8,16932E-4
8,34968E-4
8,48104E-4
9,22371E-4
8,34218E-4
8,29478E-4
7,90513E-4
7,87179E-4
9,95561E-4
9,16791E-4
8,91423E-4
8,26408E-4
8,55633E-4
8,21417E-4
7,97511E-4
9,11722E-4
7,76932E-4
8,16622E-4
8,33237E-4
7,97201E-4
7,79382E-4
0,001073515
0,001117166
0,001104504
0,001085541
0,00113138
6,0402E-4
0,001045768
7,81809E-4
8,35648E-4
8,68908E-4
6,50403E-4
0,001048403
0,00116445
0,001080715
0,001053243
0,001223287
0,001201438
0,001052517
0,001081666
0,001147695
0,001038451
0,001164525
7,07788E-4
9,52308E-4
8,38903E-4
8,2125E-4
8,31583E-4
8,86054E-4
7,89535E-4
8,11547E-4
8,93561E-4
8,28447E-4
8,10581E-4
7,42813E-4
9,59144E-4
7,79623E-4
8,69037E-4
8,23022E-4
8,79833E-4
7,85649E-4
6,65901E-4
0,001066124
8,68695E-4
0,00103229
8,11971E-4
8,13086E-4
8,57706E-4
8,14266E-4
8,19886E-4
8,45289E-4
7,96201E-4
8,21523E-4
0,001630528
9,96853E-4
0,001489131
0,001527627
9,49076E-4
8,1636E-4
8,33766E-4
8,2675E-4
0,001125697
8,23509E-4
9,13192E-4
0,004656527
6,59784E-4
9,17156E-4
9,60291E-4
8,74398E-4
0,001064682
8,62965E-4
8,73072E-4
9,01162E-4
9,96669E-4
9,41886E-4
0,001020957
9,4328E-4
0,001021712
0,001104256
0,001082965
0,001170326
0,00111428
0,001143635
0,001184436
0,001075665
0,00105912
9,34438E-4
8,60579E-4
7,27683E-4
9,20238E-4
9,66029E-4
8,07989E-4
8,30701E-4
8,21306E-4
8,46994E-4
8,76273E-4
8,37615E-4
7,82442E-4
9,01381E-4
7,59283E-4
8,30935E-4
8,37888E-4
6,04338E-4
0,001766519
0,00166298
0,001623761
0,001648015
0,001623358
0,001666712
0,001611824
0,001626515
0,001039599
9,37002E-4
7,68391E-4
9,75084E-4
9,16969E-4
9,81361E-4
9,47589E-4
7,98772E-4
8,6204E-4
8,45516E-4
8,36187E-4
9,19598E-4
7,90519E-4
8,27908E-4
8,13018E-4
8,17495E-4
8,47212E-4
8,37881E-4
8,20978E-4
9,61825E-4
0,001091182
0,001185955
9,29058E-4
6,13003E-4
8,88025E-4
9,08949E-4
0,001076809
0,001061411
0,001159588
0,001175995
0,001122894
0,001135914
0,001105338
0,001264004
0,001198767
0,001041325
0,001065913
0,001044565
8,53153E-4
7,97142E-4
8,17712E-4
8,61847E-4
8,54969E-4
8,07057E-4
8,45093E-4
8,58608E-4
8,0552E-4
6,4883E-4
9,84296E-4
8,64318E-4
8,45383E-4
8,41151E-4
8,32055E-4
8,0507E-4
8,30565E-4
8,72639E-4
8,67897E-4
6,3343E-4
0,001124505
0,001102876
0,001214403
0,001076952
0,001045442
0,001012789
0,001056439
0,001192805
0,001216965
0,001027417
0,00103134
0,001045208
0,001106588
0,001067383
6,00656E-4
9,77304E-4
8,60924E-4
0,001053213
8,47181E-4
7,97354E-4
8,32575E-4
8,42779E-4
8,09339E-4
0,001179979
8,07286E-4
0,001122759
0,00106806
6,50829E-4
9,59854E-4
8,43924E-4
8,36588E-4
8,46147E-4
8,42454E-4
8,31863E-4
7,39895E-4
0,001220467
0,001193844
0,001049973
0,001015728
0,001218686
0,001214948
9,92464E-4
0,001056137
0,001123116
0,001136698
0,001148859
0,001627899
0,001007844
7,54129E-4
7,87975E-4
8,1727E-4
8,00083E-4
8,30762E-4
8,22243E-4
8,09577E-4
7,96494E-4
8,2902E-4
8,04035E-4
8,19906E-4
7,81397E-4
8,59689E-4
8,19618E-4
8,01981E-4
7,70323E-4
8,15423E-4
8,19981E-4
7,0868E-4
7,03666E-4
8,8483E-4
7,49071E-4
8,72394E-4
8,18173E-4
7,69502E-4
8,2022E-4
8,42919E-4
7,86063E-4
8,22339E-4
7,51472E-4
8,74319E-4
7,69705E-4
8,00788E-4
7,42624E-4
7,40911E-4
7,36814E-4
7,50232E-4
9,05956E-4
9,10356E-4
9,22515E-4
8,85732E-4
8,60361E-4
8,30948E-4
8,31151E-4
5,96024E-4
7,61421E-4
6,29511E-4
6,91424E-4
7,11576E-4
7,39013E-4
7,14903E-4
7,42614E-4
8,75953E-4
6,80678E-4
7,30707E-4
7,76981E-4
9,26649E-4
8,31126E-4
0,001011547
8,78653E-4
0,001021458
8,20254E-4
9,88319E-4
8,30462E-4
8,61398E-4
9,52088E-4
9,03069E-4
8,65721E-4
0,001037878
9,61441E-4
8,71922E-4
6,01501E-4
6,82571E-4
8,14375E-4
6,00848E-4
6,73135E-4
7,87367E-4
6,15765E-4
7,26627E-4
7,04717E-4
8,07116E-4
8,94656E-4
8,85984E-4
6,7276E-4
7,15083E-4
6,49261E-4
6,69931E-4
7,81685E-4
7,03283E-4
7,9685E-4
8,36046E-4
8,41529E-4
9,1916E-4
6,85594E-4
8,78965E-4
7,96362E-4
8,7643E-4
6,77848E-4
9,49777E-4
9,82971E-4
0,001029871
0,001023588
6,26395E-4
8,66948E-4
9,19099E-4
9,3727E-4
7,35564E-4
7,42625E-4
6,54301E-4
7,20698E-4
8,07519E-4
7,55839E-4
7,31003E-4
6,80902E-4
7,71524E-4
7,01756E-4
8,32216E-4
6,74636E-4
7,12396E-4
8,65155E-4
9,32035E-4
8,81125E-4
8,10048E-4
8,14139E-4
8,41175E-4
8,79868E-4
9,11866E-4
8,24652E-4
8,26435E-4
8,25815E-4
8,2827E-4
8,21869E-4
8,29559E-4
8,46207E-4
8,33159E-4
8,50329E-4
7,20712E-4
6,26352E-4
5,95276E-4
8,11559E-4
5,94E-4
7,02486E-4
0,001034365
8,92665E-4
8,92086E-4
8,6582E-4
8,98766E-4
9,68225E-4
8,43432E-4
8,37051E-4
8,36803E-4
8,55502E-4
8,68761E-4
9,95261E-4
0,001056103
7,94968E-4
0,001058892
0,00199294
0,00206892
0,001946585
0,001305906
0,001565182
0,001193113
0,001246204
0,00106177
0,001152172
0,001199663
0,001212501
0,001070314
9,79321E-4
0,001079422
0,001147843
0,001107814
0,001187661
0,001014285
0,001075725
0,001119897
0,001195065
0,001175954
0,001163772
0,001085053
0,001062349
8,22054E-4
9,30999E-4
0,001126839
0,001232408
0,001108708
0,001229233
0,001004294
0,00133463
0,001028209
0,00110461
0,001082861
0,001007107
0,001099838
0,001121668
0,001080454
0,001035186
0,001074699
9,88847E-4
0,001045103
0,001072344
0,001014694
9,09679E-4
9,23681E-4
0,001285025
0,0013005
0,00128321
0,001413859
0,001316274
0,001127873
0,001025001
0,001175852
0,001070089
9,14421E-4
0,001163287
0,001145008
0,001209496
9,00431E-4
9,96255E-4
0,013300559
6,20971E-4
6,04867E-4
6,65451E-4
5,83763E-4
6,53973E-4
6,16614E-4
6,55312E-4
8,16712E-4
7,59424E-4
7,13864E-4
6,67459E-4
8,65243E-4
7,71589E-4
0,001060987
0,001059127
0,001048152
0,001033678
0,001043094
0,001028583
0,001053952
0,001057646
0,001220892
0,001141655
7,45997E-4
6,56455E-4
8,34607E-4
7,89945E-4
0,001088857
5,98143E-4
8,8284E-4
9,50336E-4
0,00102491
9,81903E-4
8,85298E-4
0,001039779
9,68422E-4
0,001020487
9,59904E-4
9,97986E-4
0,00106486
9,16112E-4
9,15722E-4
9,31425E-4
9,43369E-4
0,001544852
6,14589E-4
6,23299E-4
6,64281E-4
8,38903E-4
8,36321E-4
6,05792E-4
7,37784E-4
5,94016E-4
7,90111E-4
8,56848E-4
7,63419E-4
5,76475E-4
5,99897E-4
6,27726E-4
6,67393E-4
0,001160471
0,001265298
0,001444323
0,001252136
6,17614E-4
6,29533E-4
7,03448E-4
7,1547E-4
7,23004E-4
7,16056E-4
7,68021E-4
6,56094E-4
7,3812E-4
6,6829E-4
7,01674E-4
6,55756E-4
6,79996E-4
6,20739E-4
7,0431E-4
6,70898E-4
7,71438E-4
6,42412E-4
7,51387E-4
6,90463E-4
6,82978E-4
7,20061E-4
6,69798E-4
6,91948E-4
6,82764E-4
7,07292E-4
6,17378E-4
7,14374E-4
7,00895E-4
6,45455E-4
6,33673E-4
6,48553E-4
7,10424E-4
6,49895E-4
6,36512E-4
5,996E-4
6,38214E-4
6,78916E-4
7,74761E-4
6,15833E-4
6,39171E-4
6,2993E-4
5,95312E-4
6,18495E-4
5,97512E-4
6,37407E-4
5,96175E-4
6,05046E-4
6,31505E-4
6,98049E-4
6,89699E-4
7,54328E-4
7,52479E-4
6,81569E-4
7,26255E-4
7,75815E-4
6,06522E-4
6,24487E-4
6,40345E-4
6,45791E-4
6,39309E-4
8,36404E-4
8,6563E-4
0,001040817
8,13861E-4
0,001006728
0,001054619
8,24857E-4
6,48903E-4
6,57157E-4
6,12317E-4
6,91642E-4
6,9455E-4
6,37102E-4
6,30443E-4
6,24389E-4
6,37981E-4
6,83959E-4
6,54197E-4
6,41496E-4
5,6401E-4
6,36159E-4
6,35725E-4
6,05219E-4
6,714E-4
6,45352E-4
6,83405E-4
6,42608E-4
6,40416E-4
6,37814E-4
6,17241E-4
6,0279E-4
6,51077E-4
6,22593E-4
6,48951E-4
6,66622E-4
5,4789E-4
5,68163E-4
5,70346E-4
5,92427E-4
7,03064E-4
6,67159E-4
5,79341E-4
5,82113E-4
5,37097E-4
5,42354E-4
7,34018E-4
7,82951E-4
7,09484E-4
7,77786E-4
6,82159E-4
8,31103E-4
8,26589E-4
6,18026E-4
8,20255E-4
6,41092E-4
6,8002E-4
7,75173E-4
8,35646E-4
8,06411E-4
6,19017E-4
6,46509E-4
6,04008E-4
5,98782E-4
6,50052E-4
5,5289E-4
7,12256E-4
6,25483E-4
5,83761E-4
6,05367E-4
5,8796E-4
5,66045E-4
6,28303E-4
5,70146E-4
6,17138E-4
5,91379E-4
5,92395E-4
