0,061763	0,009727367
0,036981616	0,0090253595
0,055493552	0,021909423
0,048138022	0,019245688
0,034170296	0,009492511
0,030473225	0,0068589053
0,025414908	0,0030393025
0,03337848	0,0029381758
0,028496811	0,007883145
0,030587992	0,0056467373
0,029664762	0,008923313
0,030368201	0,009916774
0,027000407	0,004159072
0,02483195	0,0051012645
0,026049742	6,593409E-4
0,03044496	0,0036716443
0,027118208	8,399096E-4
0,038634364	0,008337424
0,035806395	0,005935393
0,036631025	0,0051530506
0,027669093	0,0054199807
0,027710395	0,0045871716
0,026500443	0,0059238574
0,026637442	0,0022872037
0,026473895	7,418428E-4
0,025905931	0,0018583108
0,028537447	0,0037286726
0,024716644	0,0013263948
0,025199229	0,0015848792
0,02776502	0,0032915913
0,027100936	0,0034441932
0,023733458	0,0036649639
0,022201099	0,0028531528
0,033363488	0,0038425168
0,035226177	0,006200994
0,03697565	0,004110746
0,040428266	5,307687E-4
0,032802816	0,006338535
0,03046667	0,006374366
0,029551536	0,0061729904
0,028052421	0,0013867373
0,025129065	0,005298791
0,026038835	0,0021378938
0,028049536	0,0030502202
0,028689757	6,011736E-4
0,024086468	0,0026934273
0,030932747	0,0027209613
0,024552926	0,0014367157
0,029062724	0,0013041194
0,027590508	0,003592216
0,029111445	0,003026517
0,024181789	0,0034081861
0,028623993	0,004159212
0,02750322	0,0035708107
0,024274053	0,0015469044
0,025236152	0,0023465757
0,031179145	0,0025726252
0,03459166	0,010938062
0,030107593	0,013609311
0,040705215	0,010533149
0,0356985	0,0041708387
0,036010653	0,0029920833
0,03661156	0,0039712023
0,03227676	0,006844702
0,035198893	0,007046632
0,037208848	0,0069072577
0,036354158	0,007307855
0,026933635	8,156313E-4
0,024121523	0,005965783
0,027851216	0,0030333996
0,027231574	0,0015736023
0,028648661	0,0023126986
0,02541428	0,0025263147
0,025661265	0,00465003
0,027246675	0,0024144324
0,030433794	0,0010179305
0,026577743	0,0016773867
0,025965663	0,0036639478
0,030926364	0,0025558586
0,027104152	0,0012049292
0,028733142	0,0010779174
0,021656862	0,0055851424
0,027407274	0,0017770592
0,027170738	0,004233996
0,028200509	0,0034361745
0,025958156	0,0032738096
0,024411263	0,0019015871
0,027728872	0,0021069164
0,027180716	0,0021132273
0,028951893	0,00102314
0,02639368	0,0038062045
0,024576262	0,0028152247
0,029448098	0,0019079148
0,02604434	0,0012277353
0,02876397	0,0033505282
0,026291238	0,0016511196
0,024633655	7,339015E-4
0,02777195	0,0021704424
0,028939685	0,0021852413
0,028027475	0,004973199
0,024677783	0,0026000638
0,029652327	0,0029862595
0,024210786	0,0010378457
0,027392698	0,0022174106
0,027566163	0,0011654911
0,027991205	0,0035703906
0,02611678	0,0025552416
0,026170695	0,0017044209
0,02802515	0,001654191
0,027299957	0,0011378629
0,026600145	0,0036540106
0,028447216	0,0026194965
0,024537137	0,0018193665
0,027137592	0,0018849191
0,028775716	2,7635106E-4
0,02315321	0,005956329
0,02652583	0,00269439
0,028506503	8,910605E-4
0,025331408	0,0038587113
0,026847517	0,0011388565
0,02791021	0,003040886
0,02620702	0,0016702658
0,025816783	0,0013374228
0,031295363	0,002489823
0,025060719	0,006138844
0,026574647	0,001267286
0,024883091	0,0012001817
0,027576609	0,001693465
0,030183034	0,0039472748
0,024679102	0,0024722188
0,025117004	0,0028669299
0,027979253	0,0045440635
0,028575068	0,00244515
0,028471788	0,0016386476
0,023716776	0,0017857469
0,026311273	0,0023896408
0,02873041	0,0028920223
0,029141009	0,0021847931
0,027024431	0,005954195
0,026059916	0,0012679108
0,027200578	0,0011682453
0,028808257	3,1403312E-4
0,02388223	0,006378479
0,02700652	0,0013370615
0,028777584	0,0018962391
0,025002154	0,0026989814
0,027819455	0,0030204128
0,028717017	0,0015786916
0,026306534	0,005923715
0,028850773	1,505991E-4
0,025963524	0,0013196517
0,026495129	0,005256983
0,026149327	0,0034900862
0,026782101	0,0022729943
0,028221676	0,0012601969
0,027020609	0,0038992956
0,026995942	0,0018092096
0,026716879	0,0017064426
0,028092884	0,002415025
0,027889004	0,0026264514
0,02542116	0,0041818926
0,026728703	0,003090409
0,02753205	0,0025834786
0,029329777	0,0032729974
0,026521346	0,0024437755
0,026212705	0,0019508279
0,026958646	0,0015655769
0,027826041	0,0048416466
0,029316215	9,89232E-4
0,026298577	0,0010301921
0,025389964	0,0014026335
0,027881501	0,0015343052
0,028534228	0,0026245613
0,02498497	4,3925075E-4
0,028880646	0,0018365043
0,025703007	0,0033146006
0,02715601	0,0067751794
0,029875552	0,0032771695
0,030700171	0,010041382
0,023048425	0,0038785066
0,027872285	0,0026418178
0,029144913	0,0023678457
0,025338076	0,004066655
0,022286268	0,002655371
0,030991415	0,0024951482
0,027615706	0,0015699553
0,025194975	0,0050005536
0,02702873	0,0015969409
0,0262233	0,0032179104
0,026720444	0,002372723
0,028288148	0,0016239949
0,029693857	0,0014561313
0,024828045	0,00738816
0,027050862	0,0024274918
0,027101064	0,0013591365
0,02901183	0,0022647197
0,027080761	0,0062061315
0,027902134	8,733129E-4
0,026723942	0,0012408074
0,025145344	0,0050992765
0,028725425	0,0012795615
0,029002659	0,0025566374
0,025509313	8,415451E-4
0,026776986	0,002072625
0,026074508	0,003302997
0,029831136	0,0012214376
0,027953917	0,0019247727
0,021512926	0,0049923304
0,037325647	0,014100127
0,032570254	0,001769703
0,02432079	0,0042187325
0,023398051	0,0022324498
0,029736744	0,0015982965
0,028194025	1,4735322E-5
0,026201641	0,0033361414
0,027345536	0,0025387062
0,02788263	0,0011168785
0,026685081	0,002862118
0,025706656	0,003347442
0,027268678	0,0015693568
0,037314016	0,01349674
0,024518548	0,0044596298
0,028695613	0,00261499
0,025230959	0,0010929869
0,025069982	4,0067238E-4
0,025795756	0,0014542642
0,027831553	0,0022051292
0,02456405	0,0036469104
0,0266759	0,0014693575
0,026008338	0,0038084679
0,025949849	0,0028675776
0,026269907	0,0014879878
0,03629295	0,011446862
0,025612531	0,0050338395
0,023410037	0,006032175
0,027837737	9,184036E-4
0,026665205	0,0016151946
0,024608	0,0035774123
0,030885875	0,0028594169
0,02323282	0,0037028082
0,03733281	0,015807254
0,022637313	0,0058655036
0,028677316	3,011768E-4
0,025897855	0,005342267
0,026668033	0,0022357365
0,027759636	8,8323635E-4
0,025026819	0,0021015739
0,026575029	0,0014964776
0,027592644	0,0010573245
0,026747137	0,0035734684
0,025418391	0,0040544244
0,024655739	0,0048216693
0,027503127	0,0014778118
0,027378673	6,642969E-4
0,028380984	0,0017609852
0,023314087	0,0055515254
0,02863188	0,0018878405
0,029523864	0,00134858
0,023647888	0,0055480422
0,023913125	4,023222E-4
0,027929505	0,003047316
0,026461003	0,0028695422
0,028263584	0,003400019
0,026480898	0,0036026882
0,02634363	0,0010526374
0,02730664	0,00284822
0,02764543	0,0012119546
0,024459442	0,0066321227
0,028694808	0,001802042
0,024773255	0,0036651636
0,024609612	0,004699379
0,028394625	0,00235295
0,025954584	0,001746385
0,024690708	0,0030190123
0,027486935	0,0022527229
0,02793706	0,0023428279
0,026132504	0,001745035
0,027352571	0,0037740513
0,026754955	0,0014841214
0,028848097	0,0032352924
0,025952503	6,256372E-4
0,026812918	0,0028736515
0,026364619	0,0013007877
0,02879213	0,00334496
0,02670967	0,0012178733
0,025903577	0,002553236
0,025776908	0,0031330164
0,02395823	0,003702531
0,02614755	0,0025053024
0,027226334	0,002052708
0,025218045	0,0028413753
0,02739319	0,0016450837
0,023908807	0,0034178658
0,025784282	0,0024637515
0,027809784	0,0022571373
0,024569148	0,0011989977
0,038755193	0,015723117
0,03469904	0,011725747
0,0277979	0,0027037933
0,0269284	0,001828801
0,02927386	0,003213498
0,027506635	0,0020084472
0,024912566	0,004793171
0,02822044	0,002042816
0,026323639	0,005409235
0,027825424	8,846171E-4
0,023877673	0,0054419916
0,028133953	0,0026846728
0,02453748	0,0017929054
0,029287552	0,0037017188
0,027431885	0,0030906345
0,026134834	7,9476705E-4
0,026434101	0,0016087185
0,024365813	0,0020287752
0,030461624	0,00484276
0,026344894	0,002355539
0,030261284	0,0019391117
0,026640361	0,0044391784
0,026182277	0,0013984186
0,024896706	0,0011876595
0,026593143	0,0012024103
0,028504515	0,0037199412
0,025323858	0,003560415
0,02540058	0,0018777617
0,029294215	0,0031395948
0,0249449	0,0074278614
0,02765542	0,0010034444
0,028838413	0,0020969117
0,026589619	0,0028149597
0,025245538	8,9486275E-4
0,028787747	6,127492E-4
0,025310963	0,005272101
0,02847328	0,001364631
0,02748797	0,0017441486
0,02646449	0,004027887
0,025842259	0,0012472448
0,028094664	0,002764402
0,027849132	0,002516481
0,02810806	0,0025404699
0,024831975	0,0030410963
0,027303526	0,0023615344
0,027503634	0,0024636283
0,02724588	0,0017785149
0,025953984	0,0016073008
0,027652442	0,0019800477
0,029134786	0,0031175273
0,028390788	0,0013365988
0,02617819	0,0022448797
0,0251704	0,0032503055
0,029457586	6,458692E-4
0,026719982	0,003504006
0,025693975	0,0030872629
0,025410533	0,002597856
0,029614476	0,0010747093
0,026467428	0,0015876137
0,02749154	0,0036782625
0,025266686	0,003148741
0,028383732	0,0029773503
0,029851219	0,0010182427
0,022609318	0,0044745086
0,028581806	0,0012426092
0,027310232	0,0013098061
0,025599098	0,005313382
0,025970792	6,532744E-4
0,026897073	0,001435733
0,02785439	0,0045343284
0,026002621	0,0037932724
0,02609364	0,001628188
0,02648499	0,0017369145
0,028919972	0,0019269445
0,024028989	0,00529063
0,042644914	0,017264547
0,028375402	0,0018510396
0,02493228	0,0057531158
0,028784713	7,7409146E-4
0,02918607	0,004131476
0,027894417	0,0016168968
0,024596358	0,004484863
0,027577294	7,701372E-4
0,028538702	8,185301E-4
0,026624737	0,0039964193
0,024950704	0,003394709
0,027905928	3,9316376E-4
0,029512445	0,002385268
0,027405335	0,0015733107
0,02247356	0,0032323122
0,02871722	0,0011638623
0,02795616	0,0014854115
0,025947714	0,0028273708
0,02818144	0,002159597
0,024933359	0,0029287012
0,029172048	8,3801115E-4
0,028844794	0,0023893802
0,0256513	0,0022638994
0,029522836	0,0010802577
0,025211396	7,69764E-4
0,022869343	0,0040231324
0,027741536	0,0014019142
0,03186353	0,0010254536
0,02375781	0,0014763715
0,025055148	0,0054629967
0,026658	0,0013161834
0,025567755	9,856411E-4
0,029062642	0,00460014
0,024520123	0,0026910203
0,022782683	0,0033098806
0,027993986	0,0034236205
0,0271221	2,5230343E-4
0,026553625	0,002851665
0,024462203	0,0044653635
0,028731113	0,0018552262
0,02769795	0,0039464436
0,026206762	0,0051584765
0,025431268	0,0033517068
0,027843893	0,0012048478
0,024901783	0,004064618
0,026011778	0,0015676413
0,026688015	0,0032962016
0,026941791	7,3659484E-4
0,028668111	0,0025219622
0,026739324	0,002770146
0,02562284	0,0045253923
0,026524985	0,0014192417
0,030239992	0,0010867218
0,025190448	0,005281988
0,027081529	9,377405E-4
0,025650615	7,0520316E-4
0,025267368	0,0051414706
0,030381275	0,004354754
0,026854342	0,0047396906
0,028162362	0,0025711833
0,02587188	0,00110344
0,025644759	0,0017511464
0,027294056	0,002330644
0,026934894	0,0015700418
0,028126486	0,0025090121
0,026643736	0,0010582526
0,02630067	0,0015788897
0,026236942	0,002367759
0,028081357	0,0032292206
0,025452903	5,3244963E-4
0,027293092	0,0017893449
0,027698986	0,0026262878
0,025148297	0,0018974203
0,029399714	0,002948965
0,028667381	0,0020486438
0,02515994	0,0046227635
0,026165515	0,0041773864
0,025336878	0,0023499911
0,026239322	0,0017815303
0,032261107	0,0025497742
0,025870621	0,0046002334
0,025521578	0,0030842028
0,028021326	0,0027781613
0,028933903	0,0029600088
0,025427362	7,66612E-4
0,029387401	0,001342068
0,025480852	0,0041820416
0,028360248	0,0026657782
0,028399283	0,0025189174
0,028720945	0,0030517988
0,025562065	0,0059273653
0,025452688	0,0031970812
0,03067104	0,0013119257
0,027013168	9,976904E-4
0,023101235	0,0039724973
0,029614622	0,0011710372
0,027164215	0,0026244675
0,02781077	0,0035662728
0,030058056	0,0029409446
0,023763923	0,0010306971
0,02414876	0,006548791
0,030192196	0,0027227118
0,028516814	0,001990257
0,027054807	0,0024734144
0,026652522	0,0046789967
0,030373737	0,001381147
0,024768978	0,0024846827
0,02810855	0,0022097344
0,028452182	0,003713689
0,028660411	0,0024958202
0,02894321	0,001092597
0,025336241	0,0033641667
0,02677305	0,001517027
0,02758955	0,004125956
0,026674017	0,002524156
0,026778718	0,0014728094
0,026652923	0,0013243747
0,0282446	0,0024389296
0,025273466	0,002044633
0,032170948	0,0017083746
0,023479229	0,004152073
0,029711658	0,0023689133
0,024606526	0,002764752
0,02511391	0,0035870455
0,030895347	0,0037533848
0,025810137	0,0038143438
0,028290264	0,0048118043
0,028075347	0,0012761701
0,030695116	0,0040398804
0,022970036	0,0034916003
0,023253081	0,0023324282
0,027087258	0,0013222838
0,030350318	1,0238732E-4
0,028956646	0,0026706476
0,02161532	0,002252424
0,028606221	9,208046E-4
0,027870366	0,004553016
0,029217428	0,001220024
0,026099235	0,004796352
0,02318389	0,002174553
0,027541423	0,0020610099
0,027759487	0,0065988232
0,028254263	0,0012325695
0,024772888	0,0030970094
0,034839787	0,011943733
0,026122117	0,0061163325
0,030497039	0,0014068119
0,025632614	0,0019084532
0,025097392	0,0044332193
0,024919584	0,0059265424
0,028992346	8,868339E-4
0,025682494	0,0021652498
0,026375927	0,005046229
0,027200937	0,00277546
0,027793976	2,0132179E-4
0,026070751	0,0034057242
0,028512018	0,004214882
0,029087892	0,0024613466
0,028634287	0,004031124
0,025053082	0,0012046662
0,027401393	0,0011501431
0,026664821	0,002544396
0,027305936	0,0018950219
0,027619556	0,0025753498
0,02476052	0,0035686747
0,02786003	0,0027100192
0,029368429	0,0023380804
0,023282342	0,0038386628
0,027749764	7,135472E-4
0,028537855	0,0010826418
0,028061831	0,004532473
0,02691786	0,00498156
0,026271366	0,0028446743
0,027376696	0,0047695
0,026969967	0,0032913615
0,027679266	0,001338291
0,025054475	0,0011113565
0,03362986	0,011107689
0,026337102	0,0015409358
0,028078169	0,0027145357
0,02514807	0,0038241039
0,030271431	0,0019720423
0,027534783	0,001581213
0,025696985	4,711146E-4
0,028174678	0,0029248707
0,027891641	0,0036555564
0,025761185	0,0025836763
0,044876095	0,020456556
0,02595899	0,006493378
0,02629445	0,0020965547
0,027030902	0,0029289539
0,028562097	0,0011279123
0,025396632	0,0049041095
0,027920447	0,0035916606
0,028411344	0,0019810863
0,026080051	0,0031865442
0,028174149	1,6921716E-4
0,027110115	0,0044436553
0,027852878	0,0012507254
0,024981879	0,0020311393
0,028065272	0,0025825833
0,027318915	0,0019429273
0,027698195	5,2509864E-4
0,026138036	0,0022749861
0,026787087	0,005321766
0,026834117	0,0021547424
0,02661658	0,0013021162
0,026483357	0,0020147744
0,02837682	0,002206034
0,026086377	0,0030202877
0,028050045	0,0025074645
0,027030848	0,0016311627
0,027166508	0,003933444
0,02792845	0,0030226614
0,0241435	0,0041713193
0,028459912	0,002832786
0,029438803	0,001920628
0,025187507	0,0028099038
0,023914242	0,0015815564
0,028095283	0,0013450173
0,027754715	0,0036337054
0,026651055	0,0015340917
0,02627674	0,0033251566
0,025954878	0,0020858275
0,026702859	0,0013910558
0,029750109	0,002460648
0,028976252	0,0029566695
0,025768911	0,004147502
0,02494515	0,0025420713
0,02778445	6,5253826E-4
0,028169595	0,0047332784
0,027270362	0,0026497066
0,023828706	0,0042944243
0,02728267	6,23671E-4
0,028858053	6,104219E-4
0,02710105	0,0037649942
0,025594017	0,0036324156
0,029075637	6,6998816E-4
0,027190065	0,0047921166
0,027490849	0,0014027351
0,026486894	9,290429E-4
0,024795258	0,004617183
0,026664129	0,0017832834
0,027049521	0,0027125077
0,026725255	0,0013518761
0,02990587	0,0030311602
0,026597744	0,0027293486
0,021646576	0,004731362
0,028453864	0,0014297838
0,028998425	0,0023816782
0,027899558	0,003202307
0,025996482	0,0016803002
0,026555166	0,0024028018
0,030093128	0,0023095747
0,02705305	0,0010438709
0,026250714	0,0032723972
0,02595228	0,0017192031
0,027230872	0,0026419936
0,02916651	0,0021597655
0,026855087	0,0015978183
0,026877815	0,0072753364
0,027468206	0,0025204972
0,027796892	0,0023200756
0,024778685	0,007159706
0,02928616	0,001852005
0,027158799	0,0022398853
0,023206525	0,003952622
0,030688578	0,0024386148
0,029474327	0,002327826
0,028191542	0,0020529418
0,024066359	0,0055805654
0,02806879	0,0023750423
0,027791904	0,0014777719
0,022516603	0,0018156614
0,024258249	0,0025168248
0,029611357	0,001359596
0,027891718	0,0024673075
0,024368903	0,0038341237
0,023786359	0,0023911586
0,034067955	0,009059706
0,027462574	0,002294083
0,02516538	0,0024379098
0,027996564	0,003513338
0,029147776	0,0016738133
0,027184634	0,002318689
0,025917834	0,0018022709
0,02873291	0,0038960262
0,026929917	0,0027147052
0,026949227	7,672525E-4
0,02770479	0,0031942918
0,02634264	0,0018234559
0,0284535	0,0022977763
0,026443647	0,002091804
0,025086991	0,007051595
0,028276742	0,0017148517
0,026814902	7,49103E-4
0,027990669	9,3926146E-4
0,033306804	0,009562443
0,02771514	0,0018781173
0,024409836	0,0016208726
0,03522907	0,010405899
0,037166934	0,013376825
0,027251454	0,0035231533
0,02327126	0,0017326331
0,027245028	0,003340118
0,02664507	0,0042250417
0,026509032	0,0011491304
0,027992958	0,002238086
0,027815757	0,0023036818
0,025885856	0,0014547904
0,025659123	0,003609708
0,028409394	0,0018239928
0,028889136	0,004256806
0,025326094	7,276695E-4
0,027477747	0,0018272791
0,028769536	0,0028475171
0,024631163	0,002151226
0,02620908	0,0038681254
0,028447108	0,0027651826
0,02700836	0,0016748948
0,02607054	0,0016851079
0,025372833	4,0857168E-4
0,030083874	0,003951062
0,022724537	0,0053034443
0,02812325	0,0028878802
0,026063593	0,0053806375
0,02601412	0,0023377438
0,025288275	0,0047881952
0,027188905	0,0013833881
0,02951792	0,0017064795
0,029083574	0,005190888
0,024142377	0,0011655709
0,027887687	0,0025201568
0,042515974	0,027304681
0,027271993	0,0024174198
0,030192688	0,0012833946
0,023688726	0,0020963384
0,02752609	0,0024934667
0,025392227	0,004085404
0,027510306	0,0040866667
0,027126083	0,0037925558
0,028791552	7,800983E-4
0,023868287	0,004226318
0,027432831	9,373099E-4
0,028438656	0,0028101841
0,029097592	0,0017420478
0,029686114	0,0050556646
0,022284463	0,00435294
0,028877785	6,3911796E-4
0,024906049	0,0011759623
0,029227138	0,0041597453
0,027358552	0,0029561196
0,025637088	6,5434317E-4
0,027126579	0,0014772323
0,026494883	0,0029432888
0,029931674	0,0019890019
0,026644835	0,0027373615
0,026798645	0,0012778755
0,024385989	0,002198139
0,029758343	0,0017507081
0,026579859	0,0016012215
0,024900228	0,0048588146
0,029418811	0,0016704694
0,025113925	0,0048880824
0,027178273	0,002520729
0,025182972	0,0033673297
0,027520463	0,0019691284
0,02657258	0,0027251318
0,023298072	0,0036723663
0,026857914	0,0014935541
0,027165001	0,0029286344
0,028621158	0,0025414112
0,025424063	0,0020027822
0,02476593	0,004577647
0,03038451	0,004140085
0,029332647	0,0015573376
0,024750061	0,002983395
0,026444882	0,0013103132
0,028269403	8,965488E-4
0,0289831	0,0010368981
0,024767479	0,0038034187
0,027354727	0,001996151
0,029427053	0,0011791661
0,028272547	0,003974532
0,024902537	0,002542315
0,025986142	0,0013409562
0,030006079	0,0020222582
0,026900934	0,0015385959
0,026730433	0,0031029135
0,026053345	0,0018157954
0,027527126	0,0025330656
0,024236374	0,0028042698
0,02636669	1,7102787E-4
0,027444348	0,0021146967
0,024267742	0,004607131
0,027425468	0,0010783451
0,031784672	7,144386E-4
0,02623072	0,0032207235
0,023598561	0,0034081587
0,027316824	0,0023773927
0,029351458	0,0012612657
0,026234383	0,003881935
0,02588402	0,0035002285
0,027241396	0,0014815235
0,029739765	9,626738E-4
0,029754922	0,0028403187
0,023795092	4,6697288E-4
0,028277809	0,0021132138
0,026090316	0,0010538786
0,026617274	0,0015661083
0,02189782	0,0030066718
0,027616054	8,510901E-4
0,028126903	0,0019172879
0,023504743	0,0015083271
0,026528263	0,004186634
0,02658707	0,0029987772
0,024596592	5,157956E-4
0,025758065	0,002722527
0,027191421	0,0016230353
0,029832026	0,0030233972
0,025881583	0,0035587396
0,02588714	0,002368611
0,028333047	0,0024329543
0,02495028	0,0036595738
0,030776419	0,0028081469
0,026486173	0,0020955843
0,025685908	0,0020371927
0,028255649	0,0034842389
0,027046353	0,002313177
0,02981124	0,0027536321
0,026867704	0,0014134618
0,022610249	0,0020320683
0,03168008	0,0045553898
0,021706657	0,0021952328
0,02695973	4,7322223E-4
0,027230447	0,0024205993
0,025325688	0,0028034034
0,028016483	0,004493126
0,02640018	0,0017168302
0,028644064	0,0016995488
0,02804409	0,0017863231
0,02590642	0,004215531
0,02731663	0,0048152185
0,026432358	0,0016554436
0,02737023	0,002349889
0,025475288	0,004510729
0,028600203	3,2456088E-4
0,028790751	0,0030990213
0,025017323	0,004918501
0,027507784	0,0017774084
0,027684547	0,0015686179
0,02992972	7,6337846E-4
0,025337884	0,0077358764
0,024470953	0,0023379838
0,037760623	0,018217966
0,028037405	0,0027088118
0,026776357	0,0023931442
0,025062328	0,0034550314
0,025868224	0,0038872585
0,024942294	0,0020079871
0,025158828	4,6957628E-4
0,026598563	0,0012442499
0,029124701	0,0031808864
0,027086144	0,0017146475
0,025198974	0,0025533293
0,035389204	0,013413695
0,027527705	0,0021157514
0,02988185	0,002462372
0,023869693	0,005049143
0,027118837	0,0033408355
0,025980925	0,0018919499
0,026076496	0,0019130289
0,02649788	0,0018286854
0,02750949	0,0017787952
0,028441787	0,003679464
0,025338342	0,0023443936
0,028065516	0,0034244908
0,026257595	0,001106622
0,025761059	0,003229691
0,02855968	0,0037630699
0,025251359	6,770084E-5
0,027569944	0,0010816469
0,028548269	4,7857902E-5
0,026199752	0,0034285148
0,02727213	0,0036863908
0,029426152	0,004222597
0,025829786	0,0015096753
0,026824636	0,002730049
0,026594266	0,0030037796
0,04261202	0,025749058
0,027874852	7,490112E-4
0,027915066	0,0014079732
0,026116004	0,004018695
0,02436517	0,003574044
0,029255891	0,0014967327
0,027367303	0,0027955254
0,028079718	0,002044863
0,025328076	0,0045523806
0,027009273	0,001329998
0,028338546	1,5287285E-4
0,02525797	0,003393431
0,026569167	0,0013401967
0,02373561	0,0012704743
0,034089126	0,010793786
0,026164806	0,004593865
0,026258996	0,0034050643
0,028269833	0,0054997294
0,027607715	0,0024361156
0,02509165	0,0018438984
0,028023938	8,343097E-4
0,028677134	0,0018931507
0,024137279	0,0025441742
0,02482157	0,0049606836
0,02733545	0,001613799
0,027630799	0,0019743831
0,029288918	0,0035893726
0,027743673	0,004480102
0,024282983	0,0028311391
0,028071294	0,001754955
0,027415536	0,0028743946
0,023273572	0,0012146062
0,029505195	0,0034515439
0,02968017	0,0014495901
0,028121823	0,0023803432
0,023901083	0,0015084913
0,024369536	0,002603829
0,027124008	0,003610865
0,028255433	3,5058922E-4
0,025397277	0,0025829934
0,025377927	0,0022271047
0,028150195	0,0016958745
0,027240952	9,87307E-4
0,024953375	0,0047891233
0,028017344	0,0010619718
0,028032979	0,0010295362
0,028852038	0,0014897679
0,027113782	0,0033722122
0,0271182	0,0016996267
0,025921704	0,0018647155
0,028516436	0,0029870817
0,025896966	0,003041129
0,026391944	0,0019262184
0,02735433	0,0018214372
0,028894553	0,0016778435
0,024474107	7,696155E-4
0,025338443	0,0030361437
0,02985727	0,0032354672
0,026094476	0,002452948
0,026794916	0,0027246948
0,027517995	0,002679114
0,028677523	0,0025602754
0,024066612	0,0018139174
0,029332051	0,001060638
0,02736821	0,002040329
0,026476806	0,0024894925
0,028151458	0,0022036189
0,026393851	0,002945058
0,027591474	0,0052791648
0,026403353	0,0015558426
0,027503245	7,3031493E-4
0,027069652	0,0017254335
0,028914392	0,002967988
0,027211597	0,0012366901
0,027090967	0,0011860745
0,025933534	0,005564169
0,027036043	0,0017897127
0,025039189	0,004746978
0,028393084	2,77283E-4
0,027235148	0,001535095
0,026648005	0,003770017
0,029295051	0,0018558833
0,020766864	0,0023005458
0,029834887	1,17041556E-4
0,027866913	0,0018781073
0,025909359	0,00301021
0,025356213	3,5968437E-4
0,028720027	0,002256108
0,026530916	0,002874084
0,026552977	0,0055407695
0,025763705	0,0034556165
0,02965826	0,0036620947
0,024881268	0,002061052
0,027691478	5,537393E-4
0,026526751	0,0013462623
0,026128517	0,005120976
0,028490646	0,0021330586
0,02814897	4,0574718E-4
0,027314791	0,0016119792
0,026493296	0,0060495604
0,027380293	0,0014979428
0,028711135	7,925855E-4
0,026948616	0,0019666483
0,027189774	5,4012745E-4
0,024244016	0,0013275461
0,026845306	0,003378739
0,027113184	0,0019900496
0,027239414	0,0017344874
0,025764773	9,235529E-4
0,026966637	0,0015580148
0,029300012	0,0032278118
0,028277608	5,4656115E-4
0,024080215	0,00500202
0,028029362	5,076489E-4
0,027630538	8,3946635E-4
0,030328998	0,0030262067
0,025507575	0,003206447
0,026530692	0,0022532807
0,026473904	0,0015815772
0,024351021	0,0034651663
0,027480489	0,001636727
0,027967775	0,0028853368
0,027330749	9,3527266E-4
0,024495661	0,0011677739
0,028290248	0,0035951633
0,027291954	0,0015572573
0,025087431	0,005934058
0,029562077	8,728883E-4
0,027601622	0,0037263974
0,024296446	0,0033818986
0,025536688	3,9777896E-4
0,02894249	0,0031557048
0,028955437	0,0022450432
0,024171242	0,002797702
0,024926586	0,0023112316
0,03079685	0,0023817727
0,02677462	0,003449016
0,02487661	0,0016373794
0,027968742	0,0027790875
0,02419587	0,0034572268
0,025704771	0,0027350688
0,027902022	9,638696E-4
0,026934227	0,002321234
0,026505014	0,0016449238
0,025799124	0,002520168
0,026913492	0,0023494854
0,024091044	0,0037930666
0,029541977	0,0011153481
0,028012544	0,002101129
0,024430327	0,0052034836
0,029199539	0,0021945348
0,025460852	0,0013584064
0,025039056	0,005238669
0,031706255	0,0017572173
0,027195208	0,001549431
0,025450021	0,003331529
0,028910562	0,003694549
0,02698279	0,0010524675
0,027264675	0,0033343262
0,027808236	5,929424E-4
0,02521112	0,002302886
0,028205132	0,002720731
0,027422803	0,0015162381
0,026047306	0,001796099
0,028534854	4,4484524E-4
0,025671504	0,0061771907
0,026085308	0,0026831317
0,028876858	3,1770932E-4
0,025334721	0,0030110753
0,02927737	0,0016514214
0,0278283	0,0027870655
0,024225928	0,0033673926
0,026600664	0,0011447921
0,029105902	8,855191E-4
0,025288535	0,0050198673
0,028516924	0,0018444485
0,026254768	0,0019798302
0,028506875	0,0023406167
0,025863325	0,0057708104
0,029821709	4,1240331E-4
0,024514392	0,0015733814
0,0262212	0,005600671
0,030911947	0,0027399822
0,02788573	0,0021001964
0,027458379	0,003152253
0,025408743	0,0038368446
0,028015211	3,1003784E-4
0,026049197	0,0016531
0,026288576	0,0018079231
0,02599433	0,0015458589
0,030117625	0,0037432986
0,025680354	0,0014396124
0,027863326	8,37157E-4
0,026642865	0,0029498532
0,025744274	0,0044983295
0,027679458	9,3937677E-4
0,029420888	0,003058947
0,025508834	0,0035183872
0,025409484	0,0041049873
0,025767317	0,005409756
0,02839917	0,0023196044
0,027397498	0,0020141455
0,028270172	0,003196834
0,030338183	0,0047443067
0,025272673	0,0017016551
0,027280202	0,0010887743
0,025754781	0,0030042278
0,026517821	0,0032786264
0,028176246	0,0023397785
0,028316326	0,0035026993
0,026584491	0,0034964061
0,023125729	0,003432656
0,040080365	0,017840656
0,029258763	0,002263303
0,026486428	0,0014720338
0,024354413	0,0032899915
0,025688095	0,004319613
0,02317772	0,0012037121
0,024556533	3,078739E-4
0,026322784	0,0016030925
0,026298022	0,0018902734
0,025717616	0,003825142
0,025703138	0,0015578289
0,027656844	0,0042465595
0,025239572	0,003834876
0,022725746	0,002125001
0,027428096	0,003314933
0,026667118	8,1708765E-4
0,028252268	0,0029159305
0,02753757	0,0014702572
0,027403308	0,0022901068
0,028292663	0,0016799733
0,020160817	5,0817826E-4
0,028878286	0,005225927
0,028255537	0,0041713165
0,026410833	0,0037940503
0,026149532	0,0023183355
0,027036758	0,0020616495
0,025334714	0,004714841
0,03120925	0,0019067674
0,026966026	0,0015652031
0,025392672	0,0023483743
0,027804991	0,0016972467
0,027474334	0,0027768763
0,024441645	0,0048567224
0,025756732	0,002717327
0,025339643	0,005258769
0,027391627	0,0022624661
0,02675473	0,00585158
0,025382476	0,0023445555
0,02731783	8,123542E-4
0,024291674	0,0038514982
0,026661487	0,004473802
0,036599692	0,0164574
0,028330743	0,0029074245
0,02318365	0,005762572
0,024569286	0,003867003
0,026095605	0,0013916672
0,025282592	0,0027026422
0,026889645	0,0015285106
0,026516763	0,0046819746
0,026071427	0,0030396928
0,03150308	0,0043446096
0,022874163	0,0035390302
0,029431775	0,0016131127
0,027676577	0,004070366
0,024333626	0,0011356995
0,027641827	0,003006552
0,024528444	0,0036334475
0,02540718	0,0051545207
0,028160492	0,003471115
0,026597315	0,0037152048
0,02822595	0,0040685693
0,02798897	0,0034242363
0,0259327	0,0044352463
0,027752265	7,065498E-4
0,025684437	0,0031783988
0,027189361	0,0046299524
0,036457453	0,01647912
0,028065965	0,004598103
0,02540426	0,0022503063
0,028171368	0,002699405
0,027689025	0,0023178163
0,026887042	0,0033658738
0,025183886	0,0026892442
0,02804853	0,0025002093
0,02702937	0,0031544755
0,022618644	0,007764743
0,030748427	0,0024172764
0,027635364	4,9354066E-4
0,024708351	0,0013391178
0,025127014	0,0044495724
0,027839547	6,416654E-4
0,028936347	6,236856E-4
0,023765251	0,00431213
0,029351512	0,003386545
0,027010245	0,0020974553
0,026416942	0,0016971176
0,027922517	0,0010220669
0,02769425	0,0033421766
0,025151558	0,0010147857
0,02792141	0,0027899244
0,025314504	0,0024063098
0,029299801	0,0010139627
0,024639694	0,0029482385
0,025554376	0,003039428
0,02903744	0,002717881
0,027931212	0,0026449328
0,026448796	0,0023922957
0,027350552	1,4313315E-4
0,027331447	0,0015265079
0,025039433	0,0066002486
0,028734371	0,003172447
0,026390731	0,0011255702
0,026745407	0,0059069153
0,026668882	0,0034081684
0,027456008	0,0015392452
0,028104478	0,0013793034
0,026136762	0,0023888424
0,027072638	0,0034892298
0,028590554	0,0035004364
0,025070153	0,0034619488
0,026117278	0,0022199093
0,038511362	0,01574032
0,024988798	0,0047308435
0,028543836	0,0033195436
0,027563786	0,0012714212
0,025399104	0,005491739
0,028228818	0,002168634
0,024002632	0,0021280865
0,028753141	0,002124381
0,029642774	0,0020745548
0,023156786	0,002406226
0,029319597	0,0042381943
0,028655866	0,002042028
0,02573309	0,0030598342
0,025858099	0,0028414512
0,029665567	0,002748789
0,023150101	0,0027815222
0,028910741	0,005012941
0,02770278	0,00357104
0,02665995	0,00315881
0,028904716	3,6707372E-4
0,026239296	4,5405043E-4
0,023154339	0,004589488
0,02828339	2,6876695E-4
0,026643082	0,002408611
0,02758663	0,0019476814
0,02849851	0,0037779543
0,027107788	9,805416E-4
0,02274183	0,004390273
0,026144952	0,0033066615
0,037531156	0,013225784
0,02415736	0,0041246973
0,025671234	0,0026664976
0,02260608	0,0040756566
0,02514425	0,0047400547
0,026380911	7,623539E-4
0,026352217	0,0015566999
0,02434784	7,088113E-4
0,025641052	0,002822461
0,02785647	4,839113E-4
0,026714996	0,00206606
0,024864683	0,0021540064
0,02491738	0,0031917284
0,026545322	0,0022293688
0,027238974	0,0017156613
0,026949333	0,005318971
0,030167563	4,7920895E-4
0,02506821	0,004090016
0,025161283	0,0017847839
0,031100273	0,005479072
0,02800352	0,0032494606
0,028146138	0,0034594482
0,026074136	9,4198453E-4
0,029548643	0,0015376849
0,026645698	0,0026670268
0,02513422	0,0047857217
0,028151102	3,314433E-4
0,027303264	0,0013344376
0,025877418	0,0017301568
0,028397983	0,0033377178
0,028299473	0,0019893944
0,027688095	0,0013943615
0,024682561	0,004262771
0,026941216	0,003649968
0,0287299	0,0028218005
0,026290191	0,0018062501
0,028448546	0,00276458
0,026741361	0,0027707769
0,026773756	0,0017539761
0,029208815	0,0011604081
0,026411826	0,0018759527
0,02949898	0,0016154365
0,027222091	7,475539E-4
0,024178028	0,0033762262
0,026807278	0,0012749213
0,028499374	0,0011343593
0,021594023	5,740017E-4
0,027061386	6,930816E-4
0,027370878	0,0030365777
0,026407538	0,0014351013
0,026749125	0,0024283745
0,026412234	0,004861322
0,024229161	8,753076E-4
0,028590435	0,0022039267
0,025791919	0,002374871
0,024362763	9,216988E-4
0,02730508	0,0019408225
0,02790772	0,0024629675
0,029482419	0,0016432529
0,025931118	0,0022966722
0,022144571	0,004325394
0,029188223	0,0016507957
0,028302899	0,0019884785
0,02737251	0,0016345677
0,024035543	0,0055530095
0,027602896	0,005120231
0,031464435	0,0034859215
0,024126386	0,0028669953
0,031010903	0,013631492
0,026701167	0,0013955034
0,027691647	0,002372001
0,027935527	8,390949E-4
0,02755542	0,0058722235
0,027289798	0,0016803903
0,027895764	0,0024140042
0,026708439	0,0010097525
0,028667578	2,507948E-4
0,02623904	0,0056322594
0,02991645	0,002706276
0,0236092	0,0018973579
0,028043747	0,0053058974
0,025958702	0,0017245124
0,029015228	0,0010971354
0,026620844	0,0022956978
0,026973775	0,0038268073
0,026379295	0,0021585382
0,028373344	0,0016557308
0,029366424	0,001992596
0,023664398	0,001019576
0,029106172	8,312902E-4
0,027041778	0,0044694035
0,02500078	0,0016604848
0,027711675	0,002379544
0,026243726	0,002016509
0,02946045	0,0051449537
0,025168536	0,0015103619
0,02478554	9,488074E-5
0,025981436	0,001834348
0,027565664	0,0019142586
0,027280992	0,0038126784
0,028157972	0,0028281587
0,026616236	0,0015154162
0,029067243	0,0016132857
0,0260923	0,005005806
0,026427172	0,002750701
0,02965357	0,00389542
0,02487725	9,132397E-4
0,0394237	0,018961245
0,027331734	0,0012878996
0,028536208	0,010460714
0,025300784	0,0014974194
0,03996302	0,022364492
0,02708065	0,0025266982
0,028022459	0,00236132
0,028991299	0,0023041328
0,025501965	0,0058689187
0,0296926	0,0019282337
0,02698736	0,0018240282
0,02687551	0,0028557573
0,02552864	0,0036322633
0,02511585	0,005876005
0,026131855	0,0047804755
0,02854462	0,0015987566
0,030546851	0,002007024
0,026305271	0,0017023586
0,027814483	0,003002092
0,02711833	0,0035434715
0,025703153	4,895201E-4
0,030059578	0,001578911
0,032249082	0,0014477081
0,030202517	0,0034214177
0,024129668	0,0045746663
0,02852823	0,0018819822
0,027134225	0,003311155
0,026186466	0,0033571164
0,030666813	0,004937648
0,026536	4,413032E-4
0,026592573	0,0018992532
0,026529657	0,0015249552
0,027085347	0,0015678946
0,031479716	0,0014875256
0,028976217	0,005548759
0,025570258	0,0021073115
0,027309919	0,0027754735
0,02786498	0,0027622003
0,028038412	0,0046971054
0,02626429	0,0018645411
0,021557467	0,0051642377
0,032056335	0,0027311866
0,026613414	0,0028971622
0,025455236	0,004656959
0,025722845	0,0024649627
0,029256202	0,0018553439
0,02853796	0,0023044758
0,02319648	9,5256604E-4
0,02645822	0,001437425
0,029773062	0,004681561
0,030151583	9,09156E-4
0,025828196	0,0030540093
0,02159489	0,0035531616
0,030015424	0,0014288138
0,02943316	0,002032009
0,027030194	0,0024989212
0,025443673	0,0043997904
0,026832655	0,002411623
0,02663271	0,0033364876
0,024763672	0,0013697501
0,027964542	0,0032092324
0,026872585	0,0016435932
0,027361395	0,0027601928
0,02898831	0,0023217816
0,026510043	0,0029612633
0,022238096	0,0043518594
0,029018076	0,0010844436
0,027495796	0,0012459074
0,0239311	0,004844366
0,028032469	0,0020014544
0,020205263	0,0032980694
0,043354306	0,022025699
0,09793364	0,10552169
0,030626887	0,0049753697
0,024121458	4,5291963E-4
0,02924337	0,0012201662
0,023746537	0,0046257153
0,02733543	0,0049751666
0,026780523	0,0031770996
0,025373599	3,7125815E-4
0,028330678	0,0023175385
0,026648713	0,0022295897
0,027798623	0,0022851205
0,025399277	7,737448E-5
0,033523273	0,007241494
0,026735501	0,0032698587
0,024337815	0,0031328106
0,025890028	0,0018554619
0,027350938	0,0015075438
0,029205108	0,0010485508
0,02692648	0,00672006
0,0262425	0,0022489585
0,02622131	0,003833256
0,027064726	0,0037753668
0,028207997	2,666567E-4
0,025541203	4,8529173E-4
0,024917657	0,005916635
0,029466605	0,0018969363
0,027773717	5,8509555E-4
0,027909653	0,0015850127
0,026354717	0,002919068
0,025038766	0,0023296021
0,031170378	5,4441125E-4
0,026175862	0,003525978
0,027780553	6,772133E-4
0,024216035	0,0042646984
0,028625734	7,253509E-5
0,028861204	0,0038385475
0,025269156	0,004078794
0,023187106	2,799793E-4
0,030292707	0,0016732445
0,026810823	0,0028015426
0,028381854	0,002430495
0,026693696	0,0014378353
0,026554242	0,0028596912
0,028019244	0,0029850656
0,027381822	0,003868602
0,026806697	0,001363883
0,024992498	0,0027153878
0,026303897	0,0027254722
0,029086215	0,0020601172
0,027252378	0,0012954252
0,027076116	0,003805078
0,025261715	0,0030501827
0,028583573	5,741491E-4
0,025819354	0,0034291996
0,023157971	0,0020054607
0,02891892	4,3159322E-4
0,027365386	0,0043788054
0,02615597	0,0032317045
0,026136098	9,792618E-4
0,02778419	0,003521048
0,027796471	0,0016505707
0,028429627	0,002726084
0,025690317	0,0030079545
0,025962958	0,002599173
0,029616555	6,3352066E-4
0,027856685	7,774245E-4
0,024828868	0,005961192
0,027829237	7,898703E-4
0,024576453	0,004424844
0,030039487	0,0016689638
0,025727235	0,0024467146
0,02635771	0,0037802164
0,027265655	0,0016651353
0,030489119	0,0017128494
0,02421058	0,0053181867
0,0267693	0,0031414654
0,029311428	4,919159E-4
0,025764039	0,001959432
0,026232103	0,0018276939
0,027591148	0,00422113
0,026780521	0,004222919
0,02506127	0,0055672796
0,024976721	0,003086743
0,027750736	0,002034544
0,027795004	0,0030021993
0,026654469	0,0018749582
0,023770832	0,0021088845
0,026279956	0,004363246
0,028805494	0,001034854
0,022272868	0,003899484
0,034532215	0,013494072
0,028147258	0,002309189
0,028398782	0,005368189
0,0256033	0,0018100658
0,024622155	8,787268E-4
0,024882017	0,002618452
0,029329216	0,0011482403
0,026690116	0,0059532253
0,026605166	0,0014873601
0,026763944	0,0052454416
0,026319614	0,0050856685
0,026244042	7,9560495E-4
0,027806358	0,0053839823
0,029427057	0,0034785913
0,0242595	0,0017702369
0,025321886	0,0032956114
0,030665629	0,0017499534
0,028098399	0,0017176395
0,025175229	0,0057809614
0,027735578	0,0019609907
0,028927514	0,0021387003
0,029493198	0,004333651
0,023551509	0,0021956621
0,025244495	1,8302735E-4
0,02722227	0,0023063305
0,028734172	0,0015058981
0,025393242	0,0019404839
0,026318014	0,0014616174
0,02338189	0,0012260447
0,028327944	0,0021105919
0,0254789	0,0025104084
0,025331566	0,00374601
0,029464444	0,0036246337
0,025330627	0,0036496148
0,025204455	0,0058635324
0,027100839	6,4400915E-4
0,02498654	1,6998961E-4
0,025852488	0,0039921897
0,026929786	0,002303453
0,027711272	0,0023977556
0,029423758	0,0050327606
0,026010273	0,0019627064
0,026992077	0,0019135394
0,026175307	0,0017565844
0,028585417	0,0030230768
0,027081758	0,0028909615
0,027515054	0,0015860894
0,028090304	0,0027189404
0,02623819	0,004189914
0,027450958	0,001954801
0,030881457	0,002525185
0,027458392	0,0031857204
0,02487508	0,0027037226
0,026345344	9,550389E-4
0,025622688	0,0050005624
0,028553022	0,0022730543
0,029551456	0,0010721508
0,026861245	0,0029716848
0,026573941	0,0016254333
0,027462803	0,003604238
0,026218377	0,0041865734
0,024599502	0,0029944791
0,027869789	0,0029037753
0,027435621	9,7175885E-4
0,030064115	0,005207877
0,02733018	0,0037433456
0,026529687	0,003829123
0,02656436	0,0015464459
0,029379517	0,0013159224
0,027240649	0,005728122
0,026476773	0,0010584425
0,025534755	0,00370309
0,029424213	0,0025817147
0,025375828	0,0020783038
0,02761983	0,002031044
0,029419491	0,0035398332
0,026075466	0,0029780115
0,025591204	0,0016868339
0,027296515	0,002066414
0,027568445	0,0034348848
0,028600639	0,002830959
0,023728823	0,0016460649
0,026519835	0,0014391561
0,029676953	0,0029708107
0,023756737	0,0015944056
0,027872765	0,004995084
0,026169172	0,0025379835
0,028280547	0,0020439394
0,025732936	0,003512158
0,023849383	0,0018681576
0,03002903	0,0025577047
0,028705053	0,004766442
0,026089653	0,0022894708
0,023057505	0,002032568
0,027874745	0,0031842554
0,028213179	7,8465685E-4
0,026682353	0,0026687987
0,025773993	0,00220096
0,029672531	0,0029775053
0,026622258	0,0025566125
0,026304046	0,003301066
0,030550187	0,0020654583
0,02735156	4,3311444E-4
0,025246045	0,0025385057
0,024274588	0,004730972
0,02478159	0,0023782486
0,028458677	0,0026151363
0,025225416	0,002885302
0,025131956	0,0029559985
0,026116127	0,0016518423
0,026046656	0,0014954554
0,026134036	0,0016566457
0,026488006	0,0038367307
0,028764406	0,0035559626
0,02673062	0,0019056414
0,025413334	0,0017149551
0,026311567	0,0027033857
0,027365701	0,0018904521
0,033239197	0,0060893917
0,026587786	0,002558442
0,027958332	0,0027078774
0,023794474	0,004009476
0,029259184	0,0016174747
0,023770317	0,0023507082
0,028551271	0,0049607893
0,02702029	0,0034474714
0,025359377	0,003901736
0,027997851	0,002461024
0,03245519	0,008333522
0,02762101	0,0018453713
0,027320752	0,002537697
0,029005745	0,0029694724
0,02659153	0,0014521752
0,02899461	0,0066478965
0,027162584	0,002890287
0,029493248	0,0027630997
0,024276607	0,0060886694
0,026322417	0,0026927441
0,027441636	0,0033801098
0,027948372	7,9991965E-4
0,029154219	0,0016868019
0,025535053	0,004991103
0,027712991	0,001631701
0,026005147	0,0024253605
0,030385831	0,004806648
0,027299268	0,0028629294
0,026302561	0,0020083615
0,028394317	0,0033090096
0,027803563	0,0022478814
0,027457701	0,0012077381
0,024949456	0,0045366953
0,029246524	0,0016846956
0,028011134	0,0020426565
0,025246149	0,0024544285
0,029087195	0,0021488108
0,027922722	0,0013720251
0,027568832	0,0030888275
0,027680015	0,003910956
0,028461529	9,9319E-4
0,024947502	0,0013846325
0,027140507	0,0036398803
0,026814073	0,0031587298
0,030330092	0,004079688
0,023167877	0,0015384465
0,025294298	0,0017941457
0,02605924	0,004242499
0,026244188	0,002478431
0,027491504	0,0020178647
0,02687014	0,0031771744
0,027482273	0,005208203
0,027656754	9,42337E-4
0,029494159	0,0024177982
0,02375505	0,005810188
0,026011981	8,782951E-4
0,027836287	0,0037916803
0,027818099	0,0019575418
0,024343414	0,004520761
0,023268001	0,004890314
0,027723944	0,0029863291
0,025507787	0,0017892051
0,025144845	0,002188164
0,02553265	0,001446001
0,025558067	0,0018676126
0,024966007	0,0021596437
0,024850309	0,0020004206
0,025766639	0,0027221956
0,030142507	0,0027261863
0,027650377	0,0032273175
0,023989797	0,0033537003
0,027721511	0,0047434834
0,027795563	0,0021688675
0,029057978	7,978261E-4
0,022530891	0,0036669662
0,02785086	6,6176045E-4
0,029851964	0,002994196
0,02660617	0,0018086113
0,027509011	0,0031258243
0,026528165	0,0057385173
0,03312709	0,016094288
0,025906468	0,0017435845
0,0265238	0,0011032586
0,029494675	0,00362502
0,024232246	0,004439769
0,028877502	0,0052378313
0,025137851	0,005310529
0,028702624	0,0015022601
0,026127705	0,0071059023
0,028311864	0,0012502954
0,02799878	0,0028987457
0,02719809	0,0019958536
0,02740092	0,0021935138
0,023804018	0,0033586572
0,031144768	0,0019156131
0,02783752	0,004048707
0,02506371	0,003239688
0,029039467	0,0020816047
0,027727818	9,821132E-4
0,02670315	0,007016479
0,029137	0,001183062
0,02658244	0,001626915
0,023671746	0,006662982
0,02832645	0,0029728431
0,025877366	0,0031766454
0,026273658	0,0058181873
0,02989474	0,0011245084
0,026637072	0,0012835038
0,027046064	0,0013458506
0,025683371	0,005031098
0,029127777	0,003501654
0,027432002	0,0030651768
0,02561009	0,003217662
0,023469618	0,0019131874
0,02894978	0,001509954
0,025683155	6,948839E-4
0,024430519	0,0047373124
0,026192265	0,0033280812
0,026251191	0,0040097157
0,025262134	7,9543807E-4
0,027009742	0,0036287918
0,029209198	0,0017663331
0,025929192	0,003084969
0,026236916	0,0017063599
0,025433188	0,0031414027
0,030575281	0,0015563496
0,024341067	9,7476994E-4
0,025365375	0,0020707722
0,03710042	0,010809308
0,026817141	0,0044859406
0,025697783	0,0022147037
0,028796112	0,002994448
0,027631564	0,0043683127
0,02487366	0,006468612
0,031598423	4,946E-4
0,026799003	0,0032602753
0,02651652	0,001813838
0,02741673	0,0022206123
0,025330141	0,0020652255
0,028636636	0,0020624304
0,025503313	0,0061370214
0,032381248	0,0040829703
0,024821738	0,0050791297
0,023852548	0,0034435065
0,028704682	0,002346761
0,027908213	0,0013190309
0,028470686	0,0023334632
0,023606861	0,00394951
0,027816221	0,002983633
0,028173039	0,0034362876
0,02745231	0,0015056697
0,02635853	0,0031626774
0,028024098	0,0028829616
0,026065728	0,0030566554
0,028702846	0,0021604314
0,025091385	0,0034048515
0,027094701	0,0014251329
0,027959034	0,00599388
0,029172042	0,0054072347
0,024102667	0,0010340736
0,022161968	0,0019417559
0,025837237	0,0024954567
0,045187037	0,022586336
0,023225414	0,0040320754
0,024915056	0,0029068189
0,024840534	0,00589396
0,027724436	0,0010567904
0,02688536	0,0012817364
0,024490291	0,0030249343
0,026207814	0,0038378197
0,028133621	0,001013293
0,02789954	0,0013490635
0,023588123	0,003780777
0,027778124	0,0035300902
0,037018616	0,01585547
0,027225332	0,002527415
0,026329443	0,002057916
0,028084232	0,0022847536
0,026927674	0,0032503705
0,027797885	0,002184366
0,023405066	0,002236225
0,025525084	5,610259E-4
0,02913042	0,0010098061
0,025830569	0,0019149585
0,02694794	0,0060066134
0,024153152	0,0042015137
0,029274553	0,0010125752
0,024971105	0,0024793893
0,025276901	0,0024231733
0,027634451	0,0026267576
0,02924802	0,0020805798
0,025219657	0,0033421468
0,029460674	0,002136285
0,023980334	0,0031933454
0,02568011	0,0020191013
0,026082672	0,0026380653
0,028225621	0,0027740714
0,030201385	0,0024400195
0,027125582	0,0022310314
0,027452812	0,0013239956
0,023875317	0,004067144
0,027513057	9,3038933E-4
0,027525852	8,237475E-4
0,02597343	0,002979809
0,026905298	0,003618653
0,030265396	0,0018853594
0,027436772	0,0027795255
0,026492575	0,002616558
0,028534384	0,0012820546
0,029231155	0,009536853
0,030368576	0,0023177275
0,026236907	0,0015951132
0,025744932	9,4035803E-4
0,027577588	0,0018934049
0,025888786	0,0048226034
0,031267203	0,001633549
0,025836626	6,856362E-4
0,02605465	0,0015001333
0,025238553	0,0058114
0,02835072	0,001404911
0,026319066	0,0030822833
0,025829894	0,0021490906
0,03501033	0,008365063
0,026567528	0,0039958693
0,025374949	0,0027965321
0,02857282	0,0034147284
0,025091305	0,0058710463
0,029439725	0,002591584
0,02516259	0,0018644788
0,026496192	0,002979141
0,026499351	9,370662E-4
0,030104404	0,0037665705
0,026913375	0,0014506883
0,024811476	0,0030564463
0,026872354	0,0015314531
0,028030708	0,0032601312
0,02693214	0,0039980835
0,022647465	0,005734653
0,038021255	0,014559781
0,026977679	0,0015882234
0,02988316	0,0024242394
0,027014842	0,0030521618
0,025759056	0,0019090633
0,029522883	0,0019484281
0,025599504	0,0021056854
0,02654978	0,0036162138
0,028150449	0,0024557877
0,023828069	0,0033795603
0,03706893	0,014413778
0,025894633	0,0020636877
0,023762539	0,0016764681
0,029370496	0,0029616586
0,028386563	5,2537647E-4
0,028912066	0,0029194031
0,02663068	0,0014130004
0,026317954	0,0034538398
0,02587653	0,0015129017
0,028726146	0,0038919232
0,025824592	0,001184005
0,028610466	9,333818E-4
0,026882822	0,006108576
0,025799403	0,0010250765
0,0277064	0,0010148817
0,027661784	0,0014140962
0,027254147	0,003224431
0,026499487	8,152112E-4
0,028579375	0,0034003046
0,028424092	0,003075305
0,026253715	0,0034110572
0,027418563	0,0011046279
0,02813037	0,0024196713
0,029976003	0,0038790666
0,025552953	0,0024630718
0,023012491	0,0015543932
0,026775157	8,3906685E-5
0,027522847	0,0027936648
0,024780238	0,0037329243
0,027206296	0,002864252
0,027642218	8,8316033E-4
0,024045767	0,0024677857
0,025476733	0,0029667371
0,026261942	0,0022572468
0,026633	0,0021043913
0,024941398	6,2911236E-4
0,025359483	5,0238613E-4
0,025769152	0,0016313695
0,025336042	5,734475E-4
0,02587425	0,0024767874
0,027847208	0,0037816407
0,02419258	0,005062952
0,02583682	0,0010710406
0,02400071	0,0044056377
0,0229014	0,0034134132
0,026053257	0,0030517534
0,025737738	0,0036923636
0,023158751	0,002789766
0,022884762	0,005567672
0,01952451	0,00162326
0,021411663	0,008363506
0,020886226	0,004627961
0,021213256	0,0042763953
