0,003693521
0,043845788
0,045139599
0,046784125
0,04403362
0,04365328
0,044105127
0,044086217
0,043729529
0,044018528
0,043986597
0,043994916
0,045782534
0,045730618
0,044225961
0,043882151
0,043869387
0,044045584
0,044127462
0,043865434
0,043984099
0,043965581
0,044069873
0,043817125
0,043648361
0,045787786
0,042057659
0,044085103
0,043995154
0,044065005
0,043730899
0,044009427
0,044020562
0,043906298
0,044087088
0,043881724
0,044180284
0,043959024
0,044025302
0,043973078
0,043841536
0,044056646
0,044015396
0,043939801
0,044079682
0,04394782
0,044015795
0,044103829
0,043840087
0,044055045
0,043864849
0,04412842
0,043815594
0,044035719
0,044191163
0,043842205
0,04399393
0,043984707
0,044014366
0,04408613
0,043967875
0,043954198
0,043994288
0,044035249
0,043986978
0,043984907
0,044102275
0,043825977
0,044001702
0,044006033
0,043920536
0,043850629
0,044157313
0,044004462
0,043902761
0,043953093
0,043974673
0,044013826
0,043995506
0,044209186
0,043988717
0,043907601
0,044244478
0,04391207
0,04407902
0,044111364
0,043587903
0,044448708
0,043732881
0,043904952
0,043888247
0,04419738
0,044086054
0,044111336
0,0437197
0,044210551
0,043674483
0,044077387
0,043854888
0,044167096
0,043968257
0,044273299
0,043575274
0,045827694
0,042265355
0,043932143
0,04404409
0,044341998
0,043612034
0,044433675
0,0435625
0,044091946
0,043987638
0,044255216
0,043757622
0,044355607
0,043541461
0,04407326
0,044189942
0,043686834
0,044159935
0,044327376
0,043682333
0,043777218
0,044026386
0,044038759
0,043966939
0,044277041
0,043888576
0,043860759
0,043834697
0,044409131
0,04385931
0,044205595
0,043554379
0,044201227
0,044171335
0,043710869
0,044021978
0,044976552
0,043036082
0,043903436
0,044209426
0,043765824
0,044196541
0,043972887
0,043741228
0,044354248
0,043855094
0,043749326
0,04419952
0,043972177
0,043906296
0,044142813
0,043950412
0,044051728
0,043919331
0,044132724
0,043762764
0,04436504
0,043497211
0,044172662
0,044103766
0,043774123
0,044054988
0,044033001
0,044213295
0,043815574
0,043915285
0,044113732
0,043837075
0,04404628
0,044103123
0,043968553
0,04423204
0,043759742
0,044216797
0,043788793
0,044051199
0,04393461
0,043859532
0,044021982
0,043984662
0,044140077
0,044063899
0,043830896
0,044296546
0,043697602
0,044049634
0,043961287
0,044224472
0,043616323
0,044325904
0,043620028
0,044335195
0,043850465
0,044193823
0,043818815
0,043810608
0,044115035
0,043990626
0,044264628
0,04377056
0,044118176
0,043932403
0,044121917
0,043617817
0,044398384
0,043777219
0,043925831
0,044239288
0,043637334
0,044244125
0,043789462
0,044207009
0,043710202
0,044188742
0,043643114
0,044459149
0,043550881
0,044389298
0,043674105
0,044167523
0,043944988
0,043981425
0,0439904
0,044053481
0,044107521
0,043797153
0,044629363
0,043341146
0,044025297
0,044012128
0,043982465
0,045032761
0,043259325
0,043475911
0,044505294
0,043592752
0,044036581
0,044072713
0,043982881
0,043926308
0,044338788
0,043602839
0,04407259
0,04386384
0,04403393
0,044016302
0,044032357
0,043960449
0,04427889
0,043686582
0,045212704
0,04281847
0,044067229
0,043961594
0,043883868
0,044000446
0,044046373
0,044368647
0,043570004
0,04382271
0,044081286
0,044044422
0,044273866
0,043903975
0,044043819
0,043747938
0,044067183
0,044014725
0,043905675
0,043971216
0,04396017
0,044160758
0,044116744
0,044325689
0,043581473
0,043769187
0,044269901
0,04374593
0,044293651
0,043631057
0,044345145
0,043860055
0,043790752
0,044153388
0,043896037
0,043893129
0,044001063
0,044171347
0,044173062
0,04372535
0,044353422
0,043775056
0,043955675
0,043821592
0,044231296
0,045144645
0,042556601
0,044081259
0,043902571
0,044390077
0,043716369
0,044098425
0,043930808
0,04419211
0,043856942
0,044198712
0,043786592
0,044351986
0,043568629
0,044048485
0,043956882
0,04401137
0,043967899
0,044258173
0,043914655
0,043743319
0,044518608
0,043546584
0,044301637
0,043761083
0,045556045
0,042503277
0,043896993
0,044053446
0,044093481
0,043945074
0,043955158
0,044010357
0,043855905
0,044293304
0,043826377
0,044048417
0,043984708
0,043904294
0,044144158
0,043860587
0,045295792
0,042724281
0,04427707
0,043758103
0,043923633
0,043904637
0,044039939
0,044042173
0,044909197
0,042949099
0,044067123
0,043984293
0,04408729
0,043902611
0,043986958
0,044453488
0,043410248
0,044179054
0,043946498
0,044089132
0,044017219
0,043878443
0,044071548
0,044301964
0,043616111
0,044029363
0,044076867
0,04409546
0,043955284
0,043943352
0,043959746
0,045307095
0,042452655
0,044228566
0,043840706
0,044310092
0,043720934
0,044072119
0,044198127
0,04394961
0,043880738
0,043912282
0,044049931
0,043959323
0,04403267
0,044212331
0,043807871
0,044058725
0,043728913
0,044314186
0,04366938
0,044297731
0,043918932
0,043990933
0,043878257
0,04391532
0,043961046
0,044054088
0,043959729
0,043823648
0,045192209
0,043057348
0,044095693
0,043820913
0,044370856
0,043652612
0,044203784
0,044904367
0,042918116
0,043895593
0,044285544
0,044037002
0,043970215
0,043760251
0,045429539
0,042691291
0,044220147
0,043773764
0,043850523
0,043958899
0,044067302
0,043754304
0,044295348
0,043921891
0,044290937
0,043711384
0,044308412
0,043582715
0,044408772
0,043715951
0,044315484
0,043700141
0,044214063
0,043660723
0,045499961
0,042576284
0,043905359
0,044096674
0,04389002
0,044194503
0,043821065
0,043978655
0,044112793
0,044054199
0,044054884
0,043888446
0,043915311
0,04507403
0,043252727
0,04381029
0,043810713
0,044025713
0,04395226
0,044072052
0,044167985
0,043701133
0,044387016
0,043569243
0,044141543
0,044063603
0,044051714
0,043750076
0,044405336
0,043569956
0,044368849
0,043833697
0,045393412
0,042501523
0,044265793
0,043757999
0,044193166
0,043633659
0,044253002
0,043874609
0,04444865
0,043633085
0,043984448
0,043861096
0,04403272
0,044099191
0,044118118
0,043962151
0,044000466
0,043871655
0,044059961
0,043988528
0,044138902
0,043813091
0,044076498
0,043967753
0,043863368
0,044098065
0,043999955
0,043962923
0,044019421
0,043938643
0,044107291
0,044219088
0,043613657
0,044042861
0,044124351
0,04403194
0,043721455
0,044108257
0,04394547
0,043998156
0,043916025
0,044108423
0,043931951
0,043860177
0,044184059
0,044076788
0,043722158
0,044295334
0,043643694
0,044381608
0,043684516
0,044149714
0,043885884
0,044035128
0,045251918
0,043060102
0,043614693
0,044276905
0,043882139
0,044232144
0,043746647
0,044100036
0,044083799
0,043728306
0,04389643
0,04400581
0,044069163
0,043932701
0,044133353
0,04393021
0,043965964
0,043878183
0,044379577
0,043904057
0,043880697
0,04396953
0,044062641
0,044150575
0,04362598
0,044076428
0,04434042
0,043727852
0,044047404
0,04396802
0,044243925
0,04365365
0,044017564
0,043982089
0,044318293
0,04361169
0,044474866
0,043648379
0,043944285
0,044100073
0,04421803
0,04373357
0,04424731
0,043715086
0,043996174
0,044015238
0,043899314
0,044460218
0,043689504
0,0442344
0,043734331
0,044125758
0,043849645
0,044274984
0,043681516
0,04502045
0,043111994
0,04395535
0,043833774
0,043978989
0,044172306
0,043895622
0,04403346
0,044066808
0,044109171
0,043806103
0,044079251
0,043825898
0,044091086
0,04399749
0,043892161
0,044156316
0,043957621
0,04400065
0,044186115
0,044089904
0,043512196
0,044266849
0,043961901
0,043895836
0,044107892
0,043926207
0,044059808
0,043889314
0,044221838
0,04387964
0,043995837
0,04392098
0,044284675
0,043867439
0,043737641
0,044153405
0,044057082
0,044036345
0,044160848
0,04370424
0,044196593
0,043907507
0,044045539
0,043829323
0,045296034
0,042928172
0,043623018
0,044307138
0,043694171
0,044387252
0,043731196
0,044268999
0,043788112
0,043989489
0,043923815
0,044098863
0,044032504
0,043877829
0,043978951
0,044150212
0,043945766
0,04398109
0,043971322
0,044089305
0,043749214
0,044102373
0,044041898
0,044146021
0,043865664
0,043901047
0,044091916
0,043961301
0,043808507
0,044149913
0,043881343
0,044427242
0,04490258
0,042917694
0,043972118
0,043916781
0,044257678
0,043824187
0,044101514
0,043892784
0,043936534
0,043882265
0,044188428
0,04376482
0,044233625
0,044867994
0,043414267
0,043697092
0,043869296
0,044069036
0,044335961
0,043634508
0,044085353
0,043955223
0,044062637
0,043902175
0,044057243
0,043955646
0,045283895
0,042726481
0,044061662
0,04394344
0,044213841
0,04356843
0,044112674
0,044139821
0,04377401
0,044180398
0,044152321
0,043748619
0,044106926
0,044950056
0,043256679
0,043688543
0,044011867
0,044282673
0,043557996
0,044144215
0,043999223
0,044259272
0,043703544
0,043921274
0,044158644
0,043974898
0,04532883
0,042993976
0,043524556
0,044346478
0,043757172
0,044224086
0,043602846
0,044292161
0,044063728
0,043946726
0,04378235
0,044337243
0,04382801
0,044208427
0,043847704
0,044151704
0,043636725
0,044259202
0,043912585
0,044170653
0,043706736
0,044103149
0,043851453
0,044013215
0,044039422
0,044279692
0,043706605
0,044316511
0,043663093
0,044263516
0,044596276
0,043093097
0,043871673
0,044186214
0,043870773
0,043993777
0,044079212
0,04428714
0,043883716
0,043818761
0,043989787
0,044107351
0,04386142
0,044903073
0,043190579
0,043975283
0,044057617
0,04388307
0,044072095
0,043937775
0,044043169
0,043951914
0,044170759
0,044202559
0,043791982
0,043871614
0,044956142
0,043344726
0,043707997
0,04389164
0,044422482
0,04374695
0,043989225
0,044084394
0,043908985
0,044230534
0,043758513
0,044216492
0,043752467
0,045100868
0,042749187
0,044135555
0,043994771
0,043937568
0,043933648
0,044361371
0,043711975
0,043967923
0,044072363
0,043966553
0,043969872
0,044022232
0,043963129
0,044142186
0,043862176
0,044272538
0,043649923
0,044117636
0,044034868
0,044090283
0,043855068
0,043976184
0,044246736
0,04379081
0,044019203
0,043950421
0,044239415
0,043719875
0,044089316
0,044975308
0,043027225
0,04405166
0,044006968
0,044107039
0,043810508
0,043873248
0,044078729
0,044189617
0,043684477
0,044060544
0,043837623
0,04446083
0,04479672
0,043043911
0,043912984
0,043952739
0,04400166
0,044025864
0,043954944
0,044039891
0,044041245
0,043836678
0,043927547
0,044193664
0,043792574
0,044934808
0,04320368
0,044198542
0,043828122
0,043958379
0,044022868
0,044108639
0,043821404
0,044416858
0,043642746
0,043800781
0,044092782
0,043966986
0,044109654
0,044186729
0,043706324
0,04438514
0,043658459
0,043916446
0,044040577
0,044269714
0,043759857
0,044184229
0,043852955
0,044138146
0,043542633
0,04438518
0,043993364
0,044232261
0,043611706
0,045273481
0,042762524
0,044297431
0,043701706
0,044341147
0,043672483
0,044227693
0,043766521
0,043847963
0,044224455
0,044189925
0,043696368
0,04385327
0,045594395
0,042517135
0,044097353
0,044003045
0,043827464
0,043954278
0,044102082
0,043818633
0,044145253
0,043881739
0,044200211
0,043890908
0,044040157
0,045337737
0,042601872
0,044130475
0,043842093
0,044275375
0,043754303
0,044312128
0,043834968
0,04370191
0,04416218
0,044251894
0,043581007
0,044095573
0,045096204
0,043048112
0,043940758
0,044179241
0,043710164
0,04442121
0,043560513
0,044034038
0,043939401
0,044131672
0,043947456
0,044184504
0,043614099
0,045085446
0,043043051
0,044287208
0,04368422
0,044309939
0,043598033
0,04433924
0,04375839
0,044105905
0,043942213
0,04394733
0,044070116
0,044022206
0,045215057
0,043016182
0,043749863
0,044018712
0,044015863
0,044173194
0,043753659
0,044089439
0,043771351
0,044387851
0,043604735
0,044211328
0,044050614
0,04488396
0,042990599
0,044237432
0,043688103
0,044291749
0,043612307
0,044371817
0,043973065
0,044203729
0,043590915
0,044255065
0,043610497
0,044383298
0,044044703
0,043668517
0,044375745
0,043863408
0,043838896
0,044040446
0,043939982
0,044007417
0,044195954
0,044062566
0,043799142
0,043850215
0,044091047
0,044035255
0,044146656
0,043816455
0,043966752
0,043918272
0,044053532
0,044062775
0,04425625
0,043703929
0,044045005
0,043972149
0,043931302
0,043930713
0,04404122
0,044159458
0,043877259
0,043830355
0,045659691
0,042535043
0,044135342
0,043738151
0,044355019
0,043624784
0,044107809
0,044006562
0,044169009
0,043797442
0,043937821
0,043869762
0,044352886
0,044824888
0,043209339
0,043783736
0,043925566
0,044079402
0,043942973
0,044016607
0,044032459
0,043983656
0,043835916
0,043940569
0,044375514
0,043796126
0,044961827
0,042799157
0,044057991
0,044016706
0,044219956
0,043839145
0,043919055
0,0440879
0,044004443
0,043929254
0,043891674
0,044180401
0,043789828
0,045575167
0,04270574
0,044203405
0,043748326
0,044186685
0,043836917
0,044168409
0,043590241
0,044183003
0,043963619
0,0443018
0,043935888
0,043490513
0,045356289
0,042924632
0,043827655
0,044453822
0,043661724
0,044029701
0,044043332
0,043855516
0,043973584
0,044350944
0,043702114
0,044223802
0,043763137
0,044379619
0,043551451
0,04415262
0,043990706
0,045403105
0,042769671
0,043647723
0,044146876
0,043840609
0,04437404
0,043654269
0,044094735
0,043891753
0,044164947
0,043834022
0,044323284
0,043720624
0,045355089
0,042544314
0,044310114
0,044151838
0,043614797
0,044101076
0,043781319
0,044197374
0,043952826
0,043986307
0,044000184
0,044111617
0,04398477
0,044870972
0,043054476
0,043854721
0,044109223
0,044215203
0,043765245
0,043969918
0,044081481
0,044244386
0,043796707
0,044152016
0,043618779
0,044384028
0,044939568
0,042857981
0,043980195
0,04394977
0,043927692
0,044133646
0,043945784
0,043939172
0,04414484
0,044084215
0,043772431
0,0441408
0,044117726
0,045058698
0,04266079
0,044277869
0,044025709
0,043710592
0,043807159
0,044189814
0,043875161
0,044163941
0,043953903
0,043964855
0,044051655
0,044187439
0,0447766
0,043186517
0,0438866
0,043875634
0,044109868
0,044061022
0,044089689
0,043730608
0,043923102
0,044137878
0,043985071
0,043905596
0,0443026
0,043602195
0,044273368
0,043942553
0,043944291
0,045110723
0,043075839
0,043766731
0,044299599
0,043879242
0,044040502
0,043795525
0,043833218
0,044155551
0,044115012
0,043903398
0,044077607
0,043824694
0,04537431
0,04281794
0,044172452
0,043682919
0,044298698
0,043751208
0,044042541
0,043986008
0,044056242
0,043970906
0,043961881
0,044035654
0,043928518
0,045040947
0,043192806
0,0437151
0,044285696
0,043653747
0,044361177
0,043689592
0,044237089
0,043648862
0,044398144
0,043826899
0,043803564
0,044161214
0,045357989
0,042366749
0,044259737
0,043857038
0,044096499
0,044038477
0,044204946
0,043891217
0,043763509
0,044309667
0,043624795
0,044020511
0,044055078
0,045427094
0,042609561
0,04426935
0,043872677
0,04384773
0,04395364
0,044273527
0,043632499
0,043968133
0,044189379
0,043844518
0,044474073
0,04363089
0,045300113
0,042776915
0,044208841
0,043612939
0,04427433
0,043809811
0,044236161
0,043827658
0,043965298
0,044198943
0,043938413
0,043839469
0,043858828
0,04399661
0,044160158
0,044047482
0,043963475
0,043976533
0,043892579
0,044077647
0,044086124
0,043811306
0,044063926
0,044025895
0,044029375
0,043916644
0,044301596
0,043745154
0,043962306
0,044128987
0,044978686
0,04290466
0,044010893
0,044008588
0,044066316
0,043892491
0,044121166
0,043981509
0,043905768
0,044118404
0,043902321
0,043856567
0,043853959
0,04552806
0,042764697
0,044014404
0,044044858
0,044091303
0,043826074
0,043855021
0,04449124
0,043558348
0,044263038
0,043831853
0,043992114
0,043854559
0,045301612
0,042735656
0,043989188
0,04407807
0,0440657
0,044041162
0,043862114
0,044332063
0,043725831
0,043799398
0,04414442
0,044406711
0,043681219
0,044898898
0,043037215
0,043938244
0,044075243
0,04392223
0,044040745
0,044210077
0,043909034
0,043986017
0,043976716
0,044183245
0,043602676
0,044142809
0,044902059
0,043100507
0,043923609
0,044264146
0,043617062
0,043982848
0,044163118
0,044032626
0,044241874
0,043777267
0,044184115
0,043649778
0,044102436
0,044227078
0,043598648
0,044030612
0,044295344
0,043625031
0,044517653
0,043541579
0,044071657
0,04402365
0,044031157
0,044097585
0,043837285
0,04390773
0,044442273
0,043886761
0,043850704
0,044035542
0,045003815
0,042900316
0,044186019
0,043800863
0,044051404
0,043992393
0,043837838
0,044239753
0,043748241
0,044228418
0,043943207
0,044223633
0,043731359
0,045270299
0,043056942
0,043593858
0,044044857
0,043932271
0,044139482
0,044007169
0,043837531
0,044021295
0,044292049
0,043764171
0,044225226
0,04395382
0,045286708
0,042525243
0,043879989
0,044100122
0,04378039
0,044290139
0,044215212
0,043621992
0,04439218
0,043643546
0,044078473
0,043904996
0,044001151
0,04502125
0,042958176
0,043975
0,044002744
0,043930055
0,04414174
0,043919647
0,044024504
0,043974668
0,043967442
0,044047448
0,043895297
0,044026201
0,045181455
0,042898624
0,044060976
0,043903508
0,043973537
0,044013939
0,044063067
0,043896669
0,044147682
0,043953269
0,043949487
0,043933268
0,043958989
0,045149216
0,042950176
0,043985724
0,044099807
0,043903689
0,043985842
0,043889405
0,044096529
0,044002616
0,044110078
0,043884686
0,043995001
0,044027938
0,043976892
0,043948816
0,044058395
0,044004334
0,044016399
0,04398512
0,043990587
0,043994062
0,043962971
0,044049434
0,044047945
0,043907012
0,043925891
0,044074131
0,043981002
0,04403457
0,044068769
0,044101914
0,043851244
0,043940311
0,04396729
0,043990373
0,044089107
0,044022551
0,043850074
0,044084488
0,043868379
0,044149883
0,043964451
0,044007459
0,049015113
0,042933028
0,04408416
0,043940939
0,043952664
0,044058177
0,043945633
0,044337484
0,04378253
0,044259972
0,043622865
0,044035178
0,043830889
0,045339158
0,042923784
0,043913935
0,043920026
0,044221752
0,043804435
0,043853604
0,044119332
0,044046489
0,043980699
0,044243254
0,043695009
0,044093108
0,044846989
0,043398897
0,043650787
0,044395906
0,043701964
0,043988549
0,044052937
0,044207905
0,043665526
0,044257274
0,04364281
0,044376999
0,043825939
0,045380799
0,042496785
0,044425379
0,043564195
0,044337279
0,043755506
0,044170367
0,043779702
0,044348136
0,043619903
0,044286794
0,043882974
0,043839552
0,043911249
0,044019001
0,04410844
0,043946339
0,043961259
0,044024604
0,04401577
0,043979941
0,043846398
0,044140782
0,043959523
0,043826709
0,044237363
0,043996683
0,043953459
0,043934565
0,043987924
0,044005676
0,043959589
0,044024844
0,043927815
0,044141567
0,043860481
0,044116939
0,043941892
0,043948163
0,043911192
0,044206993
0,043987401
0,044062469
0,043995185
0,043928045
0,043900496
0,044048909
0,044068703
0,043913842
0,043926485
0,044052403
0,043884384
0,044086136
0,044003517
0,043979384
0,043992527
0,045214847
0,04277837
0,044027827
0,043930356
0,044053057
0,044004565
0,043844297
0,044115007
0,044057061
0,04389486
0,044061781
0,044068543
0,043926939
0,045015682
0,042927978
0,043991018
0,043988277
0,044056777
0,043949599
0,043877841
0,044271386
0,043786629
0,044108652
0,043820468
0,044108369
0,043970998
0,044067193
0,043971734
0,04413546
0,043861496
0,043885282
0,044087491
0,043884431
0,044136888
0,043912787
0,044153827
0,043771213
0,044080839
0,043952271
0,043972147
0,044171332
0,043709497
0,044248584
0,043933738
0,043953373
0,044011349
0,0440135
0,043998953
0,044042251
0,043924589
0,043986404
0,044011778
0,044024574
0,04396898
0,043877778
0,044181968
0,045230902
0,04286697
0,043873831
0,044073184
0,043981866
0,043959931
0,043924074
0,04401792
0,043915999
0,044130391
0,044019108
0,043912383
0,043950194
0,045313482
0,042659294
0,044030499
0,043984207
0,044117846
0,043914282
0,043931866
0,04413286
0,043854582
0,044020233
0,043973081
0,044030034
0,043950349
0,04401786
0,044010043
0,044782681
0,043929539
0,043299349
0,044275734
0,043830603
0,044415309
0,043441484
0,043973697
0,044046518
0,043948115
0,044033543
0,043951845
0,044057268
0,044003549
0,044028576
0,043945282
0,043929394
0,044029492
0,043946412
0,044066108
0,043952951
0,044065905
0,044017398
0,043980913
0,043947645
0,044048836
0,044173076
0,043885175
0,045012345
0,043008487
0,043918098
0,044059767
0,043997531
0,04409373
0,043741835
0,044165104
0,043786179
0,044111564
0,044040452
0,043954473
0,044079181
0,045213391
0,042683857
0,044016237
0,044067444
0,043997015
0,043887003
0,044055628
0,043937626
0,044159366
0,043798949
0,04404873
0,044006126
0,044012734
0,045188875
0,042887871
0,043956625
0,043944534
0,043953843
0,044061984
0,043966507
0,044107966
0,043852647
0,044063604
0,043940336
0,044026741
0,043983848
0,044050404
0,044052212
0,043823922
0,044117137
0,043979517
0,043962005
0,04409242
0,043901968
0,044007715
0,044089134
0,043830245
0,044014752
0,043993715
0,044577448
0,044388198
0,042913476
0,044147565
0,043885239
0,044081877
0,043962429
0,043990614
0,043923984
0,044173205
0,043990648
0,044050686
0,043901783
0,043939398
0,043996253
0,043992391
0,043976463
0,044022881
0,049649354
0,043054396
0,04346862
0,045626157
0,04209297
0,044576906
0,043687727
0,044278956
0,045133539
0,04301374
0,043998115
0,043570972
0,045535995
0,042280319
0,044399748
0,044041559
0,044400275
0,043530123
0,043732503
0,044080752
0,04400501
0,044387027
0,043832859
0,043793391
0,044212349
0,045298854
0,042777342
0,043767113
0,044152496
0,043796178
0,044499774
0,043442634
0,044233462
0,04415375
0,043966531
0,043496105
0,044397485
0,043974196
0,045177049
0,042882586
0,043630322
0,044253876
0,043607665
0,044066528
0,044381251
0,044121724
0,043772969
0,043735923
0,044442511
0,043451548
0,044614026
0,044731237
0,042687351
0,04445082
0,043932917
0,043597842
0,043942761
0,044524607
0,043562746
0,043938299
0,044412024
0,043502505
0,044421267
0,043753032
0,04513503
0,043172315
0,04400584
0,043583778
0,044327142
0,043742411
0,044276519
0,044152689
0,043712357
0,044164164
0,043623228
0,044353042
0,043875095
0,045463422
0,042225867
0,044549385
0,043419858
0,044582442
0,043632344
0,044124371
0,043887315
0,044194621
0,044146687
0,043423228
0,044366286
0,04364001
0,04594587
0,04227755
0,044411367
0,043442963
0,044000392
0,044154936
0,044223798
0,044001267
0,043937247
0,043766032
0,044011122
0,04424122
0,043632896
0,044352412
0,043623269
0,04455088
0,043408965
0,044167697
0,044172868
0,044025656
0,043673599
0,044366319
0,044046491
0,043724289
0,044203696
0,043879789
0,044132741
0,043995488
0,043818005
0,043865722
0,045449209
0,042396743
0,044426492
0,043489083
0,044538431
0,043502002
0,044589218
0,043405073
0,04430047
0,044233415
0,043546017
0,04437884
0,04393748
0,044781756
0,043273179
0,043754862
0,044267744
0,043586754
0,044455389
0,043518861
0,044302412
0,043807759
0,044412172
0,043786334
0,044145973
0,043652718
0,045639258
0,042543649
0,044047339
0,043927325
0,044208846
0,043884128
0,044106923
0,043782074
0,043867824
0,044193557
0,04418412
0,043572827
0,044284535
0,044987132
0,042820406
0,044316588
0,043394487
0,044454943
0,043662822
0,044435857
0,043649971
0,044013307
0,043895823
0,04408695
0,043914485
0,044291288
0,045172836
0,042525587
0,044220055
0,044151155
0,043887667
0,04415468
0,043646059
0,044174293
0,044191502
0,043587989
0,04429101
0,044049718
0,043912477
0,04368004
0,044503192
0,043541096
0,044430284
0,043646532
0,043869505
0,044376914
0,043440653
0,044494068
0,0438273
0,043784751
0,044104533
0,044193664
0,044023528
0,043802881
0,044180035
0,044015954
0,0449189
0,043208327
0,043565488
0,044039851
0,044139056
0,044299567
0,043716146
0,044260148
0,043698886
0,044222574
0,043943531
0,044137056
0,043585378
0,045581077
0,042771717
0,043758026
0,044246381
0,043812195
0,044144863
0,043571332
0,044496759
0,043670355
0,044384575
0,043805154
0,043841213
0,043941789
0,045646038
0,042313794
0,044101631
0,044165895
0,043746463
0,04436113
0,043503698
0,044177074
0,044380529
0,043888579
0,04405032
0,043749768
0,043902296
0,045714323
0,04231354
0,044199709
0,04375424
0,044181447
0,044128326
0,043734474
0,044177301
0,043767823
0,044442385
0,043525727
0,044358464
0,043950773
0,044679787
0,043302609
0,043536573
0,044507048
0,044024488
0,043831722
0,044077434
0,044058682
0,043984805
0,043930482
0,043573638
0,04436295
0,043605273
0,045595161
0,042913026
0,043656389
0,044388777
0,043687685
0,04423657
0,043547282
0,044461493
0,043488983
0,044414424
0,044017044
0,043733858
0,043953154
0,0444585
0,043636949
0,044358209
0,04358334
0,045743195
0,042206383
0,044459476
0,043717492
0,04425994
0,043634945
0,043969872
0,044204606
0,043763792
0,04433011
0,044037392
0,043788568
0,044137651
0,045187534
0,042787835
0,044076808
0,043611081
0,044372124
0,044084345
0,043842907
0,043903086
0,044118068
0,043937637
0,044117209
0,043576696
0,044395944
0,045185308
0,042708988
0,043974407
0,043718761
0,043964021
0,044063581
0,043848183
0,044190126
0,043903756
0,044000645
0,044021925
0,044109143
0,043917651
0,045598669
0,042599697
0,04399034
0,043946646
0,043919929
0,043899542
0,044181706
0,043847768
0,044110678
0,044302758
0,043447627
0,044344236
0,043846933
0,046154379
0,045963617
0,043815332
0,043813111
0,045291418
0,04306906
0,043601774
0,044017756
0,044267968
0,04408705
0,043537886
0,044596186
0,043389596
0,044392351
0,043615229
0,044192533
0,043922861
0,045543454
0,042483826
0,043963472
0,044047092
0,044079314
0,043905053
0,044212284
0,043749536
0,044301583
0,043601341
0,044050681
0,044286307
0,043593522
0,045791807
0,042257106
0,044400413
0,043629152
0,044159956
0,043808908
0,044245329
0,043894736
0,044032428
0,043745942
0,044198611
0,043949885
0,044051345
0,043896649
0,044053864
0,044028751
0,043900878
0,045555387
0,042438799
0,043920265
0,044020589
0,043955592
0,043976641
0,044017257
0,043925695
0,044170402
0,044010102
0,04396828
0,043980902
0,044128234
0,043850153
0,043863556
0,044172137
0,043863423
0,044094007
0,044061841
0,043942192
0,043969637
0,043857768
0,044100455
0,044058248
0,043916844
0,044061557
0,043947244
0,043918721
0,044171253
0,043979412
0,043974808
0,043974355
0,043986778
0,043942634
0,044035116
0,043921279
0,044071446
0,043945193
0,044039721
0,043988843
0,04405104
0,043977084
0,044007205
0,044001408
0,043974712
0,04395206
0,043954498
0,044054978
0,043926913
0,044038995
0,044062653
0,043916019
0,045171579
0,042925738
0,043864484
0,044135778
0,043947376
0,043931309
0,044057448
0,043940346
0,043990137
0,043966083
0,044034067
0,043970344
0,044069624
0,045163669
0,042823718
0,043988797
0,043942516
0,043950865
0,044093605
0,044003841
0,043975183
0,043965607
0,044023451
0,044084436
0,043941162
0,043975105
0,0451559
0,042908448
0,04399677
0,04398843
0,044006097
0,044039171
0,043834127
0,044042531
0,044022231
0,044057075
0,043850807
0,044038782
0,044018395
0,043936808
0,043935952
0,044037513
0,044058471
0,043974582
0,04390087
0,044036191
0,043972232
0,044034633
0,044032465
0,043884014
0,044054502
0,044080175
0,043951354
0,043938806
0,044070497
0,043947619
0,044112311
0,0438314
0,044044669
0,043974534
0,044178198
0,043794442
0,043971457
0,044118057
0,044024658
0,043960301
0,043942676
0,044030291
0,044002006
0,044070858
0,043942259
0,044021483
0,043926008
0,044072473
0,043965035
0,044120342
0,04384837
0,044076276
0,043885687
0,044095555
0,043928509
0,043984843
0,044104616
0,043914547
0,043979757
0,044105299
0,043809664
0,044065802
0,04400799
0,043986418
0,044105037
0,044011614
0,043974757
0,044013362
0,043972369
0,04517033
0,042800548
0,043964501
0,043997179
0,044065953
0,043911409
0,043974651
0,044161874
0,043877925
0,043993075
0,044115258
0,043845779
0,043992624
0,045254515
0,042779793
0,044065516
0,043921856
0,043984114
0,043998544
0,044093526
0,043903274
0,044050265
0,043936818
0,044071477
0,04400044
0,043924662
0,044004259
0,04399145
0,044022219
0,043941199
0,044041737
0,043979729
0,044078302
0,043898155
0,044059447
0,043977479
0,043947022
0,043969964
0,0439842
0,043964854
0,044091537
0,044057808
0,044069878
0,044007177
0,04391878
0,043987245
0,043985085
0,043955007
0,044044459
0,044045807
0,043967583
0,043960112
0,043930831
0,043986056
0,044112148
0,044101343
0,043846556
0,044060811
0,043943842
0,043976704
0,044041222
0,043928456
0,044035493
0,043949924
0,044042619
0,044008993
0,043974594
0,044054064
0,04401428
0,043846052
0,044045008
0,043977797
0,044010025
0,044058813
0,043980808
0,043966354
0,043982385
0,043964844
0,04409174
0,04397912
0,04396543
0,044001656
0,045580743
0,042449197
0,044087955
0,043883916
0,044110598
0,04383822
0,044055134
0,04408308
0,043991246
0,043954335
0,04392984
0,044041944
0,044039458
0,045148013
0,042914368
0,043904847
0,043891071
0,04408118
0,044107225
0,043755008
0,044113907
0,043932059
0,044151533
0,043852708
0,044060939
0,04396078
0,043980801
0,043936888
0,043979931
0,044012817
0,044033233
0,044014756
0,04394094
0,044104168
0,0438797
0,044128547
0,043912032
0,044079426
0,043971766
0,043932653
0,044079908
0,043964871
0,04400043
0,045382953
0,042597746
0,043993915
0,044010011
0,043926089
0,04405681
0,043928782
0,043991372
0,044038716
0,044006496
0,044059046
0,043972178
0,043966716
0,044043891
0,043933355
0,044105546
0,043854039
0,044123182
0,043990001
0,044013471
0,043956361
0,044011122
0,043861405
0,044095845
0,043942463
0,044112965
0,043968433
0,044026781
0,043953346
0,044075578
0,043772918
0,0441612
0,043933016
0,044064563
0,044105091
0,043931333
0,044018573
0,043911416
0,04407061
0,044054859
0,043804711
0,044124429
0,044018192
0,04392332
0,044014411
0,043992432
0,044014544
0,043879423
0,044123017
0,043915898
0,044207513
0,043776657
0,044052058
0,044021463
0,043972981
0,043969794
0,044071723
0,044087145
0,043887969
0,043948218
0,044078603
0,044049291
0,043942001
0,044011036
0,043900287
0,044004693
0,044150798
0,043817644
0,043985821
0,044034153
0,044093595
0,043879165
0,044013922
0,044129924
0,043825698
0,044070343
0,044123965
0,043848989
0,04416358
0,043949783
0,043934711
0,043920166
0,044112833
0,043855228
0,044083882
0,043925401
0,044003284
0,044125971
0,04394295
0,043927008
0,044104782
0,043989685
0,043931195
0,043940535
0,043973297
0,044048095
0,044028147
0,043992121
0,045448355
0,042539975
0,044023717
0,043908941
0,044220748
0,043829666
0,043950853
0,044093675
0,044050621
0,043868555
0,044110894
0,044010993
0,043823417
0,044080539
0,043970725
0,044011323
0,044049245
0,04517038
0,042750031
0,044040813
0,044029657
0,04392237
0,044027793
0,043967702
0,043959051
0,044185617
0,043980398
0,043946607
0,043975334
0,043900424
0,043984939
0,04408178
0,044045746
0,043964634
0,04527171
0,042761512
0,043940196
0,044000108
0,043974502
0,043990632
0,04404591
0,04407426
0,043862693
0,043995438
0,043933713
0,043999608
0,044075469
0,044055748
0,043910135
0,044019752
0,04405413
0,043960691
0,044059711
0,044063011
0,043953235
0,044014688
0,043740161
0,044009323
0,044153885
0,043951856
0,043951409
0,043978066
0,043965361
0,044043798
0,043890822
0,044070004
0,043966424
0,044073783
0,044033608
0,043986931
0,043946665
0,04402828
0,043902063
0,044058744
0,043951683
0,044078028
0,043943723
0,043995386
0,044003086
0,044064398
0,043909545
0,044063903
0,044009336
0,043970593
0,044001687
0,043931657
0,044090358
0,043912109
0,044015319
0,043993979
0,043940643
0,044091623
0,043989405
0,04406498
0,043948365
0,044045699
0,043938589
0,044046877
0,043886919
0,04404519
0,043948549
0,044037027
0,04403624
0,044132678
0,043840276
0,044067697
0,043887905
0,044050619
0,043899656
0,044136811
0,043948582
0,043915864
0,044134084
0,043952261
0,043919236
0,043932481
0,044075018
0,043931291
0,044055618
0,044069091
0,044029298
0,043849939
0,044194625
0,043924528
0,043950204
0,044004491
0,043989509
0,044004018
0,044162696
0,043866042
0,043960349
0,04401487
0,043900166
0,044191244
0,043903349
0,043905064
0,044033081
0,043927267
0,04405513
0,044044632
0,044089444
0,043927827
0,043986311
0,043966088
0,044012079
0,043879227
0,044128777
0,044047931
0,043937761
0,044007336
0,044069647
0,043917267
0,044002619
0,044106224
0,043990337
0,043913674
0,043884875
0,044071831
0,044017393
0,043920645
0,044043012
0,044123076
0,043836507
0,043964066
0,044073993
0,04405687
0,044003396
0,044011607
0,043915333
0,043991069
0,043962792
0,043992059
0,044036959
0,044082322
0,043829015
0,044106167
0,043926007
0,044047959
0,043971932
0,044020176
0,04396425
0,043976571
0,04396829
0,045557335
0,042474241
0,044133941
0,044009539
0,043787238
0,044096055
0,044024456
0,044110164
0,043874051
0,043927854
0,044066612
0,043903983
0,044080554
0,044063647
0,043909713
0,043985842
0,044022598
0,045438997
0,042536174
0,044035171
0,044071061
0,044002255
0,043924515
0,043902244
0,044189305
0,043824603
0,044055564
0,044142861
0,043904261
0,043966511
0,04391679
0,043989732
0,044052746
0,043928263
0,045916514
0,042162639
0,043954282
0,043960585
0,044099183
0,048167098
0,043958215
0,043956382
0,044004481
0,043881563
0,044081132
0,044052707
0,043974367
0,043896888
0,044038893
0,043994916
0,044131768
0,043840288
0,044043079
0,043906617
0,044112206
0,044059177
0,044008258
0,043856877
0,043970701
0,043880786
0,044149102
0,043920884
0,044034126
0,043955286
0,044104866
0,043924613
0,043923918
0,044042655
0,044020907
0,044084083
0,044154375
0,043705544
0,044049666
0,044001733
0,043988659
0,04412629
0,043922913
0,04398375
0,043971821
0,043957232
0,044055292
0,043934986
0,044114411
0,043907394
0,04403265
0,04390269
0,04416053
0,04390501
0,044060805
0,043964947
0,044015825
0,044050358
0,044008608
0,0439635
0,04381621
0,044144178
0,043894555
0,044100665
0,045446584
0,042546469
0,044101147
0,043878831
0,043956083
0,04403258
0,044024871
0,043923147
0,043974048
0,044036575
0,044018625
0,043975254
0,043995941
0,043992853
0,044039339
0,044106115
0,043875688
0,045432452
0,042661958
0,043933866
0,043876741
0,044218869
0,043885944
0,04396058
0,043999768
0,044039981
0,044104705
0,043944782
0,043946687
0,044007288
0,043874252
0,044145923
0,043874662
0,04404999
0,045415503
0,042510706
0,044143328
0,043983347
0,044087081
0,043954411
0,043899131
0,044022977
0,044055746
0,043934562
0,043942482
0,044022571
0,044164088
0,04387035
0,043958954
0,043936115
0,044028388
0,044008548
0,043919419
0,044060129
0,043990566
0,043939524
0,044022877
0,04408839
0,043921794
0,044028253
0,043925523
0,044122201
0,043944756
0,04402972
0,04386263
0,044090479
0,04394441
0,044115062
0,043959056
0,044004103
0,044011166
0,043930169
0,043994548
0,04411979
0,043939493
0,043938853
0,043938138
0,04404827
0,043940049
0,044127161
0,043851525
0,044189758
0,043948093
0,043898262
0,044056749
0,044117086
0,043873761
0,044054714
0,043960536
0,044008555
0,043895364
0,044004611
0,044045724
0,044032547
0,043984062
0,043993634
0,044144432
0,043968346
0,043779823
0,044081978
0,044046585
0,044001671
0,043957364
0,044101566
0,043807366
0,043963809
0,044165155
0,044114697
0,043782996
0,044017008
0,044064006
0,043862059
0,044075728
0,044036478
0,044098769
0,043861754
0,043971137
0,044038971
0,043972813
0,043931439
0,044037413
0,043964834
0,044070344
0,043956594
0,044054379
0,044014706
0,043934269
0,043904608
0,044028066
0,044110075
0,043884294
0,044127262
0,045355727
0,042512923
0,044024859
0,044086476
0,043989861
0,043955239
0,044128881
0,043846455
0,044117775
0,043989055
0,043870974
0,044008729
0,043917523
0,044107744
0,043963883
0,043983193
0,043901262
0,045492127
0,042583782
0,043938494
0,044036346
0,044033858
0,043991077
0,043972729
0,044018243
0,043980607
0,043919494
0,044137832
0,043969673
0,044037024
0,043905349
0,044141484
0,043837257
0,044096967
0,04549541
0,042379086
0,044104446
0,043949818
0,04395709
0,044037412
0,04406245
0,043950095
0,043879709
0,044102347
0,043993932
0,043949095
0,044010803
0,044171655
0,043902137
0,043960951
0,044033563
0,045365118
0,04247388
0,04415193
0,043960226
0,043913329
0,044152084
0,043875819
0,044074478
0,044010514
0,043977881
0,043919336
0,043956064
0,044072919
0,04401267
0,044031001
0,043962907
0,044115542
0,043901765
0,043927901
0,044055989
0,043968604
0,044096276
0,04404689
0,043895371
0,043995839
0,043923237
0,044132166
0,044137668
0,043866768
0,043970524
0,043921357
0,043992668
0,044092349
0,043943872
0,04533782
0,042711834
0,043930469
0,044079876
0,043872245
0,044066058
0,04391588
0,044147204
0,04388553
0,043964211
0,044014111
0,044080439
0,043996425
0,043921366
0,044059535
0,04395049
0,043910603
0,04412123
0,043971394
0,043932232
0,044134093
0,043860172
0,044295278
0,043774883
0,043936608
0,04404929
0,0439146
0,044045342
0,044012855
0,044010388
0,044085688
0,044382361
0,043549987
0,043860357
0,04419533
0,043992809
0,043934675
0,044101819
0,043890389
0,043973248
0,043969263
0,043981521
0,043976933
0,044055904
0,04399395
0,044001782
0,044006991
0,043998034
0,044167408
0,044358699
0,043547905
0,043929233
0,044006437
0,044049161
0,044427594
0,043504737
0,043933743
