1,44531E-4
1,45944E-4
1,71535E-4
1,74711E-4
1,9149E-4
1,53922E-4
1,48211E-4
1,54382E-4
1,4921E-4
1,57239E-4
1,48841E-4
1,61948E-4
1,42959E-4
1,55448E-4
1,50696E-4
1,50491E-4
1,50145E-4
1,6513E-4
1,60577E-4
1,42226E-4
1,45231E-4
1,53007E-4
1,58592E-4
1,40001E-4
1,57396E-4
1,44531E-4
1,43233E-4
1,43108E-4
1,58905E-4
1,47085E-4
1,73106E-4
1,57227E-4
1,57635E-4
1,73324E-4
1,48571E-4
1,50186E-4
1,6767E-4
1,60374E-4
1,61773E-4
1,73689E-4
1,52858E-4
1,45174E-4
1,43389E-4
1,47152E-4
2,00324E-4
1,70496E-4
1,46519E-4
1,43635E-4
1,55332E-4
1,49427E-4
1,50563E-4
1,594E-4
1,45379E-4
1,50041E-4
1,463E-4
1,4776E-4
1,53761E-4
1,4872E-4
1,37849E-4
1,51131E-4
1,46448E-4
1,48059E-4
1,53808E-4
1,47941E-4
1,5412E-4
1,47887E-4
1,50169E-4
1,77305E-4
1,3751E-4
1,51484E-4
1,49866E-4
1,47239E-4
1,5588E-4
1,80572E-4
1,57868E-4
1,62248E-4
1,5536E-4
1,49208E-4
1,53522E-4
1,45865E-4
1,53567E-4
1,51312E-4
1,45623E-4
1,55124E-4
1,52641E-4
1,58186E-4
1,43825E-4
1,56983E-4
1,51705E-4
1,63165E-4
1,54335E-4
1,58053E-4
1,66354E-4
1,65191E-4
1,48647E-4
1,4865E-4
1,80453E-4
1,44375E-4
1,51334E-4
1,57953E-4
1,50703E-4
1,42998E-4
1,70875E-4
1,4314E-4
1,46283E-4
1,54836E-4
1,57815E-4
1,48906E-4
1,53162E-4
1,44065E-4
1,5107E-4
1,46647E-4
1,50793E-4
1,55063E-4
1,5582E-4
1,44713E-4
1,4918E-4
1,49336E-4
1,51028E-4
1,47273E-4
1,54725E-4
1,44712E-4
1,43127E-4
1,56203E-4
1,51251E-4
1,49342E-4
1,41964E-4
1,49579E-4
1,66616E-4
1,55622E-4
1,59796E-4
1,52801E-4
1,52206E-4
1,49118E-4
1,41359E-4
1,47439E-4
1,64386E-4
1,48948E-4
1,4431E-4
1,48758E-4
1,575E-4
1,54507E-4
1,53116E-4
1,51097E-4
1,47094E-4
1,46046E-4
1,43613E-4
1,46261E-4
1,50481E-4
1,42727E-4
1,50641E-4
1,55236E-4
1,60036E-4
1,48757E-4
1,64929E-4
1,4407E-4
1,50041E-4
1,42843E-4
1,55634E-4
1,38441E-4
1,53103E-4
1,51927E-4
1,51373E-4
1,4638E-4
1,61326E-4
1,50707E-4
1,75254E-4
1,56962E-4
1,5904E-4
1,60277E-4
1,50138E-4
1,4137E-4
1,63714E-4
1,5977E-4
1,50316E-4
1,38845E-4
1,4069E-4
1,75453E-4
1,65034E-4
1,47294E-4
1,49514E-4
1,50712E-4
1,45128E-4
1,46132E-4
1,52776E-4
1,45412E-4
1,45005E-4
1,39708E-4
1,46164E-4
1,48239E-4
1,34572E-4
1,53789E-4
1,52418E-4
1,47345E-4
1,49148E-4
1,43392E-4
1,48476E-4
1,53242E-4
1,4559E-4
1,53531E-4
1,5803E-4
1,54329E-4
1,49901E-4
1,58124E-4
1,52551E-4
1,50312E-4
1,42241E-4
1,59673E-4
1,45314E-4
1,57043E-4
1,48192E-4
1,4707E-4
1,43319E-4
1,60419E-4
1,47226E-4
1,50833E-4
1,40524E-4
1,43857E-4
1,4245E-4
1,52849E-4
1,52415E-4
1,49535E-4
1,50884E-4
1,5205E-4
1,46747E-4
1,43291E-4
1,5353E-4
1,41737E-4
1,51084E-4
1,48871E-4
1,70065E-4
1,49572E-4
1,55258E-4
1,4778E-4
1,64955E-4
1,54484E-4
1,38967E-4
1,51385E-4
1,49527E-4
1,46923E-4
1,63133E-4
1,47885E-4
1,56348E-4
1,55879E-4
1,41161E-4
1,55121E-4
1,48731E-4
1,42231E-4
1,66368E-4
1,50446E-4
1,52852E-4
1,42614E-4
1,50241E-4
1,4873E-4
1,48206E-4
1,64868E-4
1,49332E-4
1,53877E-4
1,45445E-4
1,58955E-4
1,51572E-4
1,5175E-4
1,55171E-4
1,50118E-4
1,65525E-4
1,42805E-4
1,591E-4
1,68323E-4
1,54324E-4
1,51236E-4
1,46823E-4
1,51588E-4
1,47338E-4
1,44064E-4
1,5378E-4
1,51803E-4
1,35949E-4
1,4836E-4
1,67179E-4
1,56822E-4
1,52151E-4
1,95789E-4
1,5546E-4
1,49825E-4
1,50778E-4
1,5042E-4
1,50845E-4
1,72751E-4
1,39621E-4
1,44239E-4
1,52018E-4
1,4102E-4
1,49706E-4
1,6923E-4
1,65598E-4
1,50551E-4
1,57742E-4
1,50186E-4
1,6966E-4
1,50028E-4
1,61414E-4
1,70238E-4
1,57069E-4
1,47629E-4
1,77072E-4
1,48178E-4
1,58428E-4
1,58132E-4
1,4111E-4
1,53313E-4
1,39229E-4
1,54873E-4
1,50294E-4
1,83456E-4
1,51172E-4
1,64515E-4
1,51629E-4
1,48599E-4
1,54777E-4
1,52853E-4
1,51051E-4
1,54074E-4
1,47853E-4
1,41401E-4
1,54577E-4
1,45243E-4
1,43732E-4
1,62137E-4
1,52972E-4
1,5071E-4
1,4454E-4
1,42318E-4
1,64734E-4
1,66581E-4
1,51922E-4
2,83118E-4
2,05226E-4
2,24837E-4
1,53924E-4
1,50812E-4
1,53185E-4
1,69158E-4
1,49812E-4
1,48836E-4
1,52489E-4
1,56333E-4
1,61726E-4
1,52802E-4
1,57321E-4
1,6597E-4
1,5328E-4
1,49515E-4
1,50883E-4
1,61744E-4
1,42008E-4
1,54252E-4
1,47341E-4
1,47582E-4
1,56891E-4
1,39325E-4
1,72182E-4
1,49105E-4
1,52382E-4
1,58499E-4
1,65824E-4
1,6268E-4
1,65366E-4
1,51471E-4
1,47936E-4
1,5493E-4
1,44461E-4
1,38223E-4
1,50173E-4
1,41533E-4
1,57556E-4
1,49509E-4
1,49173E-4
1,5259E-4
1,52795E-4
1,40741E-4
1,45163E-4
1,51559E-4
1,45683E-4
1,46395E-4
1,4382E-4
1,68275E-4
1,52433E-4
1,44479E-4
1,55454E-4
1,45107E-4
1,69819E-4
1,67808E-4
1,40535E-4
1,41885E-4
1,45496E-4
1,52177E-4
1,57084E-4
1,52689E-4
1,50745E-4
1,58383E-4
1,6249E-4
1,45849E-4
1,4719E-4
1,54421E-4
1,57262E-4
1,48924E-4
1,62666E-4
1,5296E-4
1,58059E-4
1,49172E-4
1,65025E-4
1,44645E-4
1,51693E-4
1,4015E-4
1,4505E-4
1,44157E-4
1,58849E-4
1,40543E-4
1,43698E-4
1,60116E-4
1,53339E-4
1,4899E-4
1,53575E-4
1,59156E-4
1,52316E-4
1,43424E-4
1,59267E-4
1,55765E-4
1,43864E-4
1,49344E-4
1,4817E-4
1,52382E-4
1,62948E-4
1,38142E-4
1,4168E-4
1,50499E-4
1,52084E-4
1,51442E-4
1,60762E-4
1,5102E-4
1,74983E-4
1,56016E-4
1,54969E-4
1,45382E-4
1,50831E-4
1,85587E-4
1,39524E-4
1,49462E-4
1,54827E-4
1,55566E-4
1,62999E-4
1,59565E-4
1,44185E-4
1,56025E-4
1,52129E-4
1,52687E-4
1,50372E-4
1,36889E-4
1,67836E-4
1,50963E-4
1,53328E-4
1,4246E-4
1,47063E-4
1,46941E-4
1,39831E-4
1,58409E-4
1,5084E-4
1,47643E-4
1,46443E-4
1,50597E-4
1,47884E-4
1,53415E-4
1,45841E-4
1,56324E-4
1,46835E-4
1,57865E-4
1,50945E-4
1,55506E-4
1,40948E-4
1,49129E-4
1,54917E-4
1,51079E-4
1,45195E-4
1,51491E-4
1,55184E-4
1,50186E-4
1,48503E-4
1,48189E-4
1,49761E-4
1,47953E-4
1,5184E-4
1,47177E-4
1,56026E-4
1,53809E-4
1,47214E-4
1,5417E-4
1,68385E-4
1,40436E-4
1,54181E-4
1,49624E-4
1,57972E-4
1,80354E-4
1,51845E-4
1,51796E-4
1,46518E-4
1,64038E-4
1,48074E-4
1,42348E-4
1,56372E-4
1,38885E-4
1,4073E-4
1,4128E-4
1,58403E-4
1,45958E-4
1,52181E-4
1,57907E-4
1,58548E-4
1,58603E-4
1,39713E-4
1,52452E-4
1,56473E-4
1,82457E-4
1,66484E-4
1,55612E-4
1,60645E-4
1,47337E-4
1,48666E-4
1,70069E-4
1,54805E-4
1,6014E-4
1,60158E-4
1,72681E-4
1,48231E-4
1,65471E-4
1,56684E-4
1,51396E-4
1,46448E-4
1,50551E-4
1,55772E-4
1,70334E-4
1,65678E-4
1,56449E-4
1,41753E-4
1,61039E-4
1,38286E-4
1,48683E-4
1,44934E-4
1,58914E-4
1,68628E-4
1,48431E-4
1,53236E-4
1,57816E-4
1,53135E-4
1,46594E-4
1,51168E-4
1,51444E-4
1,56346E-4
1,43734E-4
1,47024E-4
1,44433E-4
1,55097E-4
1,60193E-4
1,42178E-4
1,59785E-4
1,40662E-4
1,50638E-4
1,43353E-4
1,52413E-4
1,43581E-4
1,48951E-4
1,5558E-4
1,38928E-4
1,40065E-4
1,54432E-4
1,4161E-4
1,48874E-4
1,45225E-4
1,59812E-4
1,4504E-4
1,55043E-4
1,52596E-4
1,56771E-4
1,6882E-4
1,36952E-4
1,51586E-4
1,5387E-4
1,40974E-4
1,53931E-4
1,76223E-4
1,43169E-4
1,60811E-4
1,44134E-4
1,47901E-4
1,37679E-4
1,51083E-4
1,60187E-4
1,50791E-4
1,48687E-4
1,58099E-4
1,638E-4
1,63588E-4
1,4517E-4
1,53578E-4
1,44247E-4
1,48562E-4
1,55758E-4
1,55368E-4
1,41548E-4
1,50693E-4
1,4281E-4
1,47954E-4
1,42991E-4
1,52881E-4
1,4217E-4
1,55797E-4
1,53658E-4
1,47476E-4
1,45543E-4
1,44294E-4
1,47469E-4
1,509E-4
1,74134E-4
2,38939E-4
1,46721E-4
1,52177E-4
2,38822E-4
1,45191E-4
1,52901E-4
1,43562E-4
1,40707E-4
1,59013E-4
1,50844E-4
1,49158E-4
1,6631E-4
1,46798E-4
1,45806E-4
1,50849E-4
1,8028E-4
1,50442E-4
1,53791E-4
1,47114E-4
1,5763E-4
1,47528E-4
1,44496E-4
1,52804E-4
1,51581E-4
1,59991E-4
1,40471E-4
1,42769E-4
1,50593E-4
1,55565E-4
1,54748E-4
1,54826E-4
1,51904E-4
1,48198E-4
1,41901E-4
1,46284E-4
1,6127E-4
1,41323E-4
1,4383E-4
1,51181E-4
1,42829E-4
1,4743E-4
1,52689E-4
1,51478E-4
1,50468E-4
1,44026E-4
1,42284E-4
1,50303E-4
1,53624E-4
1,53313E-4
1,5272E-4
1,47071E-4
2,56237E-4
2,5835E-4
2,26247E-4
2,79477E-4
2,12989E-4
2,2283E-4
2,49007E-4
2,36861E-4
2,75724E-4
1,48716E-4
1,69618E-4
1,5213E-4
1,53502E-4
1,53043E-4
1,49674E-4
1,47767E-4
1,5524E-4
1,46977E-4
1,51578E-4
1,55527E-4
1,46194E-4
1,5603E-4
1,48118E-4
1,48569E-4
1,49307E-4
1,50496E-4
1,39889E-4
1,50012E-4
1,52687E-4
1,55748E-4
1,51739E-4
1,49195E-4
1,57463E-4
1,43245E-4
1,51552E-4
1,41984E-4
1,42916E-4
1,53718E-4
1,51283E-4
1,6157E-4
1,42521E-4
1,76587E-4
1,38474E-4
1,42443E-4
1,50718E-4
1,44143E-4
1,66045E-4
1,72971E-4
1,98296E-4
2,13928E-4
1,80734E-4
3,34075E-4
3,21373E-4
3,26869E-4
3,03628E-4
3,14031E-4
3,38579E-4
3,25788E-4
3,33653E-4
3,46949E-4
3,071E-4
3,2853E-4
3,24964E-4
3,11371E-4
3,47087E-4
3,21285E-4
3,07592E-4
3,18726E-4
3,13433E-4
3,37076E-4
3,08803E-4
3,44469E-4
3,1811E-4
3,52174E-4
0,002169228
1,47879E-4
1,56845E-4
1,56769E-4
1,47737E-4
1,4713E-4
1,48382E-4
1,51996E-4
1,42577E-4
1,44529E-4
1,50473E-4
1,49491E-4
1,45507E-4
1,4872E-4
1,50303E-4
1,45714E-4
1,40662E-4
1,53418E-4
1,50629E-4
1,54613E-4
1,55772E-4
1,40741E-4
1,50332E-4
1,49859E-4
1,50525E-4
1,49478E-4
1,46721E-4
1,39416E-4
1,45301E-4
1,51514E-4
1,46959E-4
1,53187E-4
1,3829E-4
1,48637E-4
1,5163E-4
1,52668E-4
1,63954E-4
1,38307E-4
1,49367E-4
1,46308E-4
1,46605E-4
1,4822E-4
1,50225E-4
1,49099E-4
1,4267E-4
1,62571E-4
1,47919E-4
1,58676E-4
1,37548E-4
1,42935E-4
1,45623E-4
1,48629E-4
1,43266E-4
1,50829E-4
1,50456E-4
1,36969E-4
1,42052E-4
1,52096E-4
1,45255E-4
1,48742E-4
1,42536E-4
1,47747E-4
1,49801E-4
1,37257E-4
1,45062E-4
1,46976E-4
1,41403E-4
1,4787E-4
1,41977E-4
1,46942E-4
1,42361E-4
1,43273E-4
1,57437E-4
1,46683E-4
1,4235E-4
1,44121E-4
1,48688E-4
1,4909E-4
1,45768E-4
1,57993E-4
1,48854E-4
1,53134E-4
1,54608E-4
1,56505E-4
1,60402E-4
1,48898E-4
1,5333E-4
1,45063E-4
1,52973E-4
1,4261E-4
1,54156E-4
1,50873E-4
1,45969E-4
1,44073E-4
1,59272E-4
1,4954E-4
1,53842E-4
1,49534E-4
1,52212E-4
1,58059E-4
1,52964E-4
1,4798E-4
1,59646E-4
1,4712E-4
6,16601E-4
1,51684E-4
1,61574E-4
1,40263E-4
1,47451E-4
1,53961E-4
1,60322E-4
1,47344E-4
1,50617E-4
1,36701E-4
1,4629E-4
1,48072E-4
1,579E-4
1,45511E-4
1,51808E-4
1,5825E-4
1,52084E-4
1,49773E-4
1,4261E-4
1,56969E-4
1,38833E-4
1,49152E-4
1,52009E-4
1,54119E-4
1,49614E-4
1,47006E-4
1,45317E-4
1,43988E-4
1,51835E-4
1,39272E-4
1,45729E-4
1,39609E-4
1,4844E-4
1,46829E-4
1,48012E-4
1,49272E-4
1,4178E-4
1,51687E-4
1,49153E-4
1,39139E-4
1,41904E-4
1,43391E-4
1,4503E-4
1,49897E-4
1,56122E-4
1,4384E-4
1,47402E-4
1,51737E-4
1,5155E-4
1,47346E-4
1,53918E-4
1,44862E-4
1,50336E-4
1,39776E-4
1,58249E-4
1,5446E-4
1,45949E-4
1,44458E-4
1,48571E-4
1,58995E-4
1,39997E-4
1,53194E-4
1,51428E-4
1,53775E-4
1,50704E-4
1,52907E-4
1,44915E-4
1,41401E-4
1,53206E-4
1,5197E-4
1,45819E-4
1,42817E-4
1,4981E-4
1,42645E-4
1,49074E-4
1,48021E-4
1,48072E-4
1,43206E-4
1,46094E-4
1,58255E-4
1,60135E-4
1,44404E-4
1,57266E-4
1,4257E-4
1,39613E-4
1,65731E-4
1,55814E-4
1,45157E-4
1,40198E-4
1,44695E-4
1,40888E-4
1,56068E-4
1,51629E-4
1,50046E-4
1,59573E-4
1,40099E-4
1,52381E-4
1,45098E-4
1,50404E-4
1,49563E-4
1,43903E-4
1,54805E-4
1,64036E-4
1,50458E-4
1,62758E-4
1,50125E-4
1,63038E-4
1,55282E-4
1,56668E-4
1,5154E-4
1,48711E-4
1,56701E-4
1,461E-4
1,49705E-4
1,48813E-4
1,44718E-4
1,49121E-4
1,60741E-4
1,48628E-4
1,56159E-4
1,60109E-4
1,54365E-4
1,41069E-4
1,49257E-4
1,44988E-4
1,42156E-4
1,69328E-4
1,47995E-4
1,50192E-4
1,38248E-4
1,53391E-4
1,53057E-4
1,54296E-4
1,53326E-4
1,38852E-4
1,53713E-4
1,52146E-4
1,43756E-4
1,50093E-4
1,52679E-4
1,47389E-4
1,5227E-4
1,43663E-4
1,49161E-4
1,41738E-4
1,57338E-4
1,43022E-4
1,39588E-4
1,49944E-4
1,48516E-4
1,40966E-4
1,42323E-4
1,38259E-4
1,48734E-4
1,45886E-4
1,45492E-4
1,4834E-4
1,3908E-4
1,49471E-4
1,4768E-4
1,45611E-4
1,55815E-4
1,38177E-4
1,51912E-4
1,49043E-4
1,51271E-4
1,46941E-4
1,5579E-4
1,46257E-4
1,52193E-4
1,47973E-4
1,49695E-4
1,42383E-4
1,46603E-4
1,49242E-4
1,45299E-4
1,39235E-4
1,45514E-4
1,5071E-4
1,58918E-4
1,46317E-4
1,49137E-4
1,5075E-4
1,44191E-4
1,49619E-4
1,40672E-4
1,49831E-4
1,498E-4
1,53929E-4
1,49656E-4
1,54229E-4
1,71916E-4
1,55855E-4
1,54503E-4
1,6533E-4
1,89889E-4
1,50579E-4
1,54168E-4
1,6069E-4
1,52192E-4
1,4302E-4
1,45408E-4
1,51513E-4
1,58179E-4
1,5206E-4
1,40837E-4
1,51684E-4
1,53241E-4
1,71663E-4
1,50578E-4
1,3875E-4
1,47628E-4
1,48534E-4
1,39878E-4
1,47009E-4
1,42822E-4
1,59553E-4
1,55926E-4
1,41496E-4
1,65762E-4
1,44533E-4
1,52371E-4
1,60878E-4
1,47404E-4
1,6455E-4
1,5529E-4
1,58033E-4
1,44949E-4
1,52716E-4
1,50928E-4
1,50941E-4
1,4847E-4
1,43224E-4
1,60039E-4
1,60222E-4
1,4828E-4
1,69646E-4
1,44704E-4
1,48595E-4
1,4473E-4
1,50792E-4
1,57193E-4
1,56027E-4
1,39679E-4
1,58509E-4
1,5107E-4
1,49361E-4
1,49859E-4
1,4511E-4
1,49874E-4
0,002157696
1,53643E-4
1,47182E-4
1,51141E-4
1,49141E-4
1,43436E-4
1,32939E-4
1,53468E-4
1,53945E-4
1,50878E-4
1,37916E-4
1,51238E-4
1,5014E-4
1,49256E-4
1,495E-4
1,52932E-4
1,46551E-4
1,50695E-4
1,44655E-4
1,67586E-4
1,57118E-4
1,37216E-4
1,5799E-4
1,38866E-4
1,5138E-4
1,45658E-4
1,46923E-4
1,52975E-4
1,4076E-4
1,58544E-4
1,36211E-4
1,57748E-4
1,54455E-4
1,41424E-4
1,45778E-4
1,43855E-4
1,50205E-4
1,39102E-4
1,54038E-4
1,38467E-4
1,54111E-4
1,46465E-4
1,46271E-4
1,48702E-4
1,37172E-4
1,54673E-4
1,53235E-4
1,38887E-4
1,50633E-4
1,59301E-4
1,86088E-4
1,58548E-4
1,39958E-4
1,43587E-4
1,45748E-4
1,39241E-4
1,52073E-4
1,45249E-4
1,46971E-4
1,52934E-4
1,50796E-4
1,5752E-4
1,42978E-4
1,41755E-4
1,64485E-4
1,61374E-4
1,4094E-4
1,57139E-4
1,54867E-4
1,43526E-4
1,37981E-4
1,5173E-4
1,53586E-4
1,52663E-4
1,45869E-4
1,46857E-4
1,42945E-4
1,45703E-4
1,57387E-4
1,51865E-4
1,50121E-4
1,50977E-4
1,48617E-4
1,46968E-4
1,52492E-4
1,58398E-4
1,60306E-4
1,46923E-4
1,4262E-4
1,38283E-4
1,48758E-4
1,4506E-4
1,39166E-4
1,39259E-4
1,47817E-4
1,47149E-4
1,44467E-4
1,56541E-4
1,5212E-4
1,59863E-4
1,55951E-4
1,41398E-4
1,59056E-4
1,51934E-4
1,44739E-4
1,5939E-4
1,55273E-4
1,53529E-4
1,49697E-4
1,47146E-4
1,49423E-4
1,4902E-4
1,5069E-4
1,53608E-4
1,51305E-4
1,57006E-4
1,44884E-4
1,48415E-4
1,4915E-4
1,49009E-4
1,54196E-4
1,50817E-4
1,38321E-4
1,44684E-4
1,55607E-4
1,50931E-4
1,57664E-4
1,5221E-4
1,40829E-4
1,44388E-4
1,49739E-4
1,54346E-4
1,71937E-4
1,52433E-4
1,66144E-4
1,67674E-4
1,48489E-4
1,52514E-4
1,44739E-4
1,47223E-4
1,45683E-4
1,39071E-4
1,50626E-4
1,36999E-4
1,5274E-4
1,69928E-4
1,53886E-4
1,36423E-4
1,4146E-4
1,58442E-4
1,36481E-4
1,67966E-4
1,51704E-4
1,46853E-4
1,52306E-4
1,63198E-4
1,51355E-4
1,39638E-4
1,39474E-4
1,41042E-4
1,47823E-4
1,49563E-4
1,46035E-4
1,52639E-4
1,51418E-4
1,50141E-4
1,4434E-4
1,46258E-4
1,43646E-4
1,40316E-4
1,49391E-4
1,50638E-4
1,43847E-4
1,47024E-4
1,38049E-4
1,56716E-4
1,49635E-4
1,59852E-4
1,41074E-4
1,48806E-4
1,49461E-4
1,501E-4
1,54033E-4
1,58661E-4
1,49368E-4
1,47824E-4
1,40209E-4
1,58359E-4
1,49892E-4
1,4612E-4
1,50097E-4
1,56269E-4
1,40296E-4
1,5275E-4
1,451E-4
1,67507E-4
1,51645E-4
1,62726E-4
1,42919E-4
1,6107E-4
1,57631E-4
1,4951E-4
1,76192E-4
1,50503E-4
1,55352E-4
1,37401E-4
1,44369E-4
1,5697E-4
1,44144E-4
1,64207E-4
1,45538E-4
2,13932E-4
2,85411E-4
2,48904E-4
2,07026E-4
2,90258E-4
2,06873E-4
2,24953E-4
2,02605E-4
2,68477E-4
2,1762E-4
1,44173E-4
1,49751E-4
1,54618E-4
1,45366E-4
1,48939E-4
1,46447E-4
1,54323E-4
1,51932E-4
1,49272E-4
1,52474E-4
1,59196E-4
1,44756E-4
1,37741E-4
1,42635E-4
1,60969E-4
1,38167E-4
1,46086E-4
1,46415E-4
1,45163E-4
1,39892E-4
1,49789E-4
1,36503E-4
1,4872E-4
1,5142E-4
1,57204E-4
1,44345E-4
1,4652E-4
1,47191E-4
1,69156E-4
1,39128E-4
1,52041E-4
1,5263E-4
1,56271E-4
1,44E-4
1,47198E-4
1,76195E-4
1,54082E-4
1,35416E-4
1,64411E-4
1,49807E-4
1,56275E-4
1,40781E-4
1,50455E-4
1,46657E-4
1,4743E-4
1,40799E-4
1,41108E-4
1,46829E-4
1,59274E-4
1,51348E-4
1,57691E-4
1,44228E-4
1,48823E-4
1,54087E-4
1,40952E-4
1,53779E-4
1,45189E-4
1,47559E-4
1,40307E-4
1,55221E-4
1,54551E-4
1,56393E-4
1,53615E-4
1,57324E-4
1,44865E-4
1,53775E-4
1,40795E-4
1,4871E-4
1,58774E-4
1,48937E-4
1,40394E-4
1,70595E-4
1,40255E-4
1,5354E-4
1,40172E-4
1,55528E-4
1,46219E-4
1,54799E-4
1,3702E-4
1,56221E-4
1,41348E-4
1,40821E-4
1,51865E-4
1,4881E-4
1,44969E-4
1,55235E-4
1,50433E-4
1,42759E-4
1,42176E-4
1,54378E-4
1,46585E-4
1,50786E-4
1,49289E-4
1,55266E-4
1,48534E-4
1,47147E-4
1,40234E-4
1,49652E-4
1,42592E-4
1,55435E-4
1,45531E-4
1,56351E-4
1,37718E-4
1,38877E-4
1,39529E-4
1,61108E-4
1,46811E-4
1,46281E-4
1,51073E-4
1,48034E-4
1,53609E-4
1,48466E-4
1,44955E-4
1,43183E-4
1,55426E-4
1,49284E-4
1,48556E-4
1,62179E-4
1,54606E-4
1,5057E-4
1,51085E-4
1,51571E-4
1,5533E-4
1,64436E-4
1,4148E-4
1,51087E-4
1,46703E-4
1,50258E-4
1,47771E-4
1,4534E-4
1,49204E-4
1,50377E-4
1,44879E-4
1,49537E-4
1,4879E-4
1,44077E-4
1,45667E-4
1,44098E-4
1,39312E-4
1,54316E-4
1,51668E-4
1,51547E-4
1,44147E-4
1,52416E-4
1,48066E-4
1,42911E-4
1,55058E-4
1,44394E-4
1,43252E-4
1,50188E-4
1,5663E-4
1,54371E-4
1,48108E-4
1,38757E-4
1,44889E-4
1,46086E-4
1,47214E-4
1,38864E-4
1,62531E-4
1,37742E-4
1,52794E-4
1,43618E-4
1,55501E-4
1,52734E-4
1,53879E-4
1,5554E-4
1,52181E-4
1,42206E-4
1,50178E-4
1,48558E-4
1,51893E-4
1,43377E-4
1,46242E-4
1,41268E-4
1,37921E-4
1,45506E-4
1,4698E-4
1,47068E-4
1,50646E-4
1,33434E-4
1,48169E-4
1,40847E-4
1,36366E-4
1,54145E-4
1,44023E-4
1,4311E-4
1,49512E-4
1,47702E-4
1,46672E-4
1,46659E-4
1,43022E-4
1,49342E-4
1,56645E-4
1,56958E-4
1,55055E-4
1,57172E-4
1,55613E-4
1,45685E-4
1,59732E-4
1,5431E-4
1,36784E-4
1,61587E-4
1,49039E-4
1,44601E-4
1,54249E-4
1,51177E-4
1,46299E-4
1,54205E-4
1,49065E-4
1,48457E-4
1,46107E-4
1,73883E-4
1,5613E-4
1,7718E-4
1,51962E-4
1,45361E-4
1,59498E-4
1,48712E-4
1,59332E-4
1,49305E-4
1,48957E-4
1,66001E-4
1,56817E-4
1,39087E-4
1,45062E-4
1,5521E-4
1,712E-4
1,41509E-4
1,50651E-4
1,40454E-4
1,4905E-4
1,5237E-4
1,3915E-4
1,52408E-4
1,52833E-4
1,43821E-4
1,52188E-4
1,3626E-4
1,46272E-4
1,57736E-4
1,47619E-4
1,3928E-4
1,48028E-4
1,49521E-4
1,47916E-4
1,48706E-4
1,54304E-4
1,60474E-4
1,50349E-4
1,52954E-4
1,49448E-4
1,57331E-4
1,5986E-4
1,49454E-4
1,4827E-4
1,45602E-4
1,52114E-4
1,52792E-4
1,42253E-4
1,72641E-4
1,52953E-4
1,54846E-4
1,54874E-4
1,63204E-4
1,46345E-4
1,413E-4
1,41636E-4
1,64457E-4
1,48357E-4
1,4623E-4
1,41246E-4
1,53529E-4
1,508E-4
1,50184E-4
1,4912E-4
1,60491E-4
1,64155E-4
1,49829E-4
1,51889E-4
1,56893E-4
1,47529E-4
1,50286E-4
1,74152E-4
1,52478E-4
1,48831E-4
1,51397E-4
1,61267E-4
1,4856E-4
1,51249E-4
1,48945E-4
1,46265E-4
1,49155E-4
1,61235E-4
1,4951E-4
1,60669E-4
1,54945E-4
1,52648E-4
1,64564E-4
1,48913E-4
1,40696E-4
1,49841E-4
1,55406E-4
1,84119E-4
1,51315E-4
1,57225E-4
1,53311E-4
1,80327E-4
1,56651E-4
1,70655E-4
1,5105E-4
1,37298E-4
1,65384E-4
1,63512E-4
1,48616E-4
1,41919E-4
1,58798E-4
1,38485E-4
1,85204E-4
1,40404E-4
1,57972E-4
1,51496E-4
1,72419E-4
1,56447E-4
1,48883E-4
1,64812E-4
1,48534E-4
1,59558E-4
1,50377E-4
1,47256E-4
1,60387E-4
1,45158E-4
1,50157E-4
1,37917E-4
1,54147E-4
1,54626E-4
1,47614E-4
1,45426E-4
1,50639E-4
1,5316E-4
1,38581E-4
1,51863E-4
1,53026E-4
1,50145E-4
1,57467E-4
1,45548E-4
1,49586E-4
1,50051E-4
1,42343E-4
1,38296E-4
1,58109E-4
1,55332E-4
1,59779E-4
1,54748E-4
1,51962E-4
1,54624E-4
2,18218E-4
2,46237E-4
2,03647E-4
1,77269E-4
2,58205E-4
2,11466E-4
2,31902E-4
2,10366E-4
2,22733E-4
2,37797E-4
1,45352E-4
1,51673E-4
1,52003E-4
2,26411E-4
2,03328E-4
2,0794E-4
2,1792E-4
2,13114E-4
2,22517E-4
2,42548E-4
2,30393E-4
2,65199E-4
2,26089E-4
2,74851E-4
2,72775E-4
2,30739E-4
2,04957E-4
2,41715E-4
2,13966E-4
2,28792E-4
2,01379E-4
2,14209E-4
2,25758E-4
2,33394E-4
2,67385E-4
1,9415E-4
2,35137E-4
2,00579E-4
2,273E-4
2,66473E-4
1,45984E-4
1,4201E-4
1,43828E-4
1,85733E-4
1,48688E-4
1,43213E-4
1,53305E-4
1,41162E-4
1,44948E-4
1,55717E-4
1,68323E-4
1,40735E-4
1,6847E-4
1,47912E-4
1,44145E-4
1,7312E-4
1,52805E-4
1,74297E-4
1,41028E-4
1,57536E-4
1,44204E-4
1,47779E-4
1,57979E-4
1,42993E-4
1,38988E-4
1,40289E-4
1,50136E-4
1,57787E-4
1,52134E-4
1,60537E-4
1,4571E-4
1,50248E-4
1,50735E-4
1,49333E-4
1,39122E-4
1,46756E-4
1,55891E-4
0,001902758
1,50318E-4
1,49594E-4
1,49571E-4
1,49388E-4
1,43306E-4
1,45892E-4
1,49306E-4
1,42474E-4
1,49387E-4
1,45451E-4
1,51929E-4
1,47953E-4
1,36148E-4
1,4576E-4
1,50891E-4
1,48951E-4
1,5049E-4
1,54603E-4
1,53863E-4
1,53033E-4
1,44228E-4
1,5811E-4
1,40985E-4
1,46076E-4
1,4787E-4
1,49291E-4
1,69356E-4
1,47623E-4
1,413E-4
1,43165E-4
1,50385E-4
1,50484E-4
1,49101E-4
1,59705E-4
1,46239E-4
1,49863E-4
1,47143E-4
1,46964E-4
1,49801E-4
1,52276E-4
1,41413E-4
1,46381E-4
1,40455E-4
1,44545E-4
1,66992E-4
1,51824E-4
1,43133E-4
1,45276E-4
1,47296E-4
1,40237E-4
1,41466E-4
1,5055E-4
1,63163E-4
1,50572E-4
1,54112E-4
1,46975E-4
1,41626E-4
1,45142E-4
1,45239E-4
1,43582E-4
1,47659E-4
1,40202E-4
1,60071E-4
1,51041E-4
1,40215E-4
1,53398E-4
1,43013E-4
1,75477E-4
1,54572E-4
1,51254E-4
1,54603E-4
1,47245E-4
1,48978E-4
1,45426E-4
1,48111E-4
1,41908E-4
1,52399E-4
1,47391E-4
1,52551E-4
1,44414E-4
1,48801E-4
1,41038E-4
1,49099E-4
1,43038E-4
1,46512E-4
1,50813E-4
1,86464E-4
2,5747E-4
1,53935E-4
1,50706E-4
1,50398E-4
1,52685E-4
1,51647E-4
1,48338E-4
1,53502E-4
1,47483E-4
1,47112E-4
1,58081E-4
1,49118E-4
1,40405E-4
1,49523E-4
1,37576E-4
1,52065E-4
1,52124E-4
1,5664E-4
1,43179E-4
1,45771E-4
1,54444E-4
1,48946E-4
1,42521E-4
1,51218E-4
1,56788E-4
1,48622E-4
1,51792E-4
1,56273E-4
1,46897E-4
1,50752E-4
1,57629E-4
1,56048E-4
1,46216E-4
1,52331E-4
1,71492E-4
1,46784E-4
1,40933E-4
1,39543E-4
1,4764E-4
1,50286E-4
1,82876E-4
1,71496E-4
1,6595E-4
1,47513E-4
1,55046E-4
1,46754E-4
1,4565E-4
1,42974E-4
1,4749E-4
1,46201E-4
1,5072E-4
1,49545E-4
1,50275E-4
1,48791E-4
1,55576E-4
1,4759E-4
1,47308E-4
1,48175E-4
1,53343E-4
1,51529E-4
1,46994E-4
1,45275E-4
1,5154E-4
1,61898E-4
1,51002E-4
1,45458E-4
1,66471E-4
1,54542E-4
1,43471E-4
1,52467E-4
1,58174E-4
1,49352E-4
1,53636E-4
1,50905E-4
1,46532E-4
1,44262E-4
1,54609E-4
1,497E-4
1,41971E-4
2,33105E-4
1,4933E-4
1,75321E-4
1,43344E-4
1,4291E-4
1,49705E-4
1,41512E-4
1,51319E-4
1,57034E-4
1,50321E-4
1,47202E-4
1,47699E-4
1,46505E-4
1,55791E-4
1,40193E-4
1,4611E-4
1,6124E-4
1,50297E-4
1,49646E-4
1,49966E-4
1,49431E-4
1,55301E-4
1,50471E-4
1,45819E-4
1,5147E-4
1,50026E-4
1,48351E-4
1,46826E-4
1,45273E-4
1,50164E-4
1,38598E-4
1,44303E-4
1,53404E-4
1,49616E-4
1,53349E-4
1,50588E-4
1,37608E-4
1,43971E-4
1,49685E-4
1,587E-4
1,71144E-4
1,77438E-4
1,49825E-4
1,81293E-4
1,6112E-4
1,42132E-4
1,50643E-4
1,62474E-4
1,50792E-4
1,52308E-4
1,39703E-4
1,49059E-4
1,52897E-4
1,45929E-4
1,47527E-4
1,55373E-4
1,49598E-4
1,52993E-4
1,59611E-4
1,44115E-4
1,473E-4
1,45845E-4
1,41124E-4
1,43571E-4
1,54296E-4
1,491E-4
1,46619E-4
1,42801E-4
1,39163E-4
1,47053E-4
1,40105E-4
1,42391E-4
1,35632E-4
1,49665E-4
1,63644E-4
1,50012E-4
1,54792E-4
1,45686E-4
1,69746E-4
1,42755E-4
1,60496E-4
1,38499E-4
1,40188E-4
1,58933E-4
1,56202E-4
1,47634E-4
1,42842E-4
1,48225E-4
1,42693E-4
1,44142E-4
1,59904E-4
1,63561E-4
1,47914E-4
1,42208E-4
1,40282E-4
1,37222E-4
1,48772E-4
1,80101E-4
2,19329E-4
2,57712E-4
2,2448E-4
1,55906E-4
2,66486E-4
1,98964E-4
2,09505E-4
2,16934E-4
1,9156E-4
2,30714E-4
2,11659E-4
2,30973E-4
1,9364E-4
2,59262E-4
2,30764E-4
2,10049E-4
1,99011E-4
2,43429E-4
2,03092E-4
2,37037E-4
2,05449E-4
2,25828E-4
2,35406E-4
2,13453E-4
2,36755E-4
2,26701E-4
2,42634E-4
2,04547E-4
2,51458E-4
2,37562E-4
2,25892E-4
2,27001E-4
1,98929E-4
2,52083E-4
2,3043E-4
2,38641E-4
2,16572E-4
2,3775E-4
2,29248E-4
2,49563E-4
2,31515E-4
2,36255E-4
2,33932E-4
2,44214E-4
2,29827E-4
1,49435E-4
1,39271E-4
1,63401E-4
1,67109E-4
2,1247E-4
2,29959E-4
2,17284E-4
2,26993E-4
2,00676E-4
2,77823E-4
2,20827E-4
1,93861E-4
2,11947E-4
2,19888E-4
1,431E-4
1,42323E-4
1,47497E-4
1,57802E-4
1,4911E-4
1,49605E-4
1,56164E-4
1,51539E-4
1,60641E-4
1,51994E-4
1,51158E-4
1,42069E-4
1,41943E-4
1,45349E-4
1,59049E-4
1,4775E-4
1,37498E-4
1,38569E-4
1,51241E-4
1,45769E-4
1,49815E-4
1,46436E-4
1,63182E-4
1,54309E-4
1,69894E-4
1,61585E-4
1,50646E-4
1,71361E-4
1,51137E-4
1,57205E-4
1,5078E-4
1,42696E-4
1,52519E-4
1,47433E-4
1,38916E-4
1,56142E-4
1,41309E-4
1,55534E-4
1,38048E-4
1,58795E-4
1,45665E-4
1,60172E-4
1,49262E-4
1,48927E-4
1,52697E-4
1,59235E-4
1,54526E-4
1,43744E-4
1,51727E-4
1,49417E-4
1,48702E-4
1,5346E-4
1,42291E-4
1,52109E-4
1,49778E-4
1,55138E-4
1,52307E-4
1,418E-4
1,51634E-4
1,50183E-4
1,4913E-4
1,55172E-4
1,55385E-4
1,53386E-4
1,42244E-4
1,38258E-4
1,56875E-4
1,52449E-4
1,40918E-4
1,53167E-4
1,57722E-4
1,375E-4
1,57868E-4
1,50258E-4
1,53758E-4
1,49156E-4
1,44117E-4
1,61807E-4
1,4263E-4
1,39407E-4
1,51515E-4
1,46581E-4
1,50631E-4
1,70278E-4
1,47479E-4
1,4547E-4
1,50598E-4
1,4357E-4
1,62341E-4
1,53607E-4
1,4247E-4
1,59157E-4
1,56689E-4
1,50978E-4
1,56298E-4
1,77966E-4
1,51682E-4
1,52126E-4
1,55779E-4
1,52906E-4
1,41951E-4
1,54822E-4
1,61077E-4
1,60013E-4
1,39945E-4
1,64964E-4
1,509E-4
1,47368E-4
1,49304E-4
1,57084E-4
1,39052E-4
1,61297E-4
1,47404E-4
1,45571E-4
1,42357E-4
1,40275E-4
1,51382E-4
1,42836E-4
1,62139E-4
1,51263E-4
1,42476E-4
1,73372E-4
1,53648E-4
1,49666E-4
1,51336E-4
1,6786E-4
1,63408E-4
1,3866E-4
1,46771E-4
1,84846E-4
1,50329E-4
1,47908E-4
1,79356E-4
1,82732E-4
1,43397E-4
1,57917E-4
1,40854E-4
1,50912E-4
1,48363E-4
1,50283E-4
1,41476E-4
1,42712E-4
1,52367E-4
1,49458E-4
1,56089E-4
1,45372E-4
1,45505E-4
1,48807E-4
1,56245E-4
1,44475E-4
1,53404E-4
1,41577E-4
1,5403E-4
1,55555E-4
1,55254E-4
1,5273E-4
1,56802E-4
1,56425E-4
1,47889E-4
1,61363E-4
1,40892E-4
1,39516E-4
1,47612E-4
1,37951E-4
1,42741E-4
1,57659E-4
1,48229E-4
1,5298E-4
1,61231E-4
1,50497E-4
1,5749E-4
1,46753E-4
1,52451E-4
1,5976E-4
1,49175E-4
1,56835E-4
1,49788E-4
1,60196E-4
1,51695E-4
1,53586E-4
1,47005E-4
1,43783E-4
1,47836E-4
2,11596E-4
2,47222E-4
2,25487E-4
2,27355E-4
2,58005E-4
2,29885E-4
2,22148E-4
2,46122E-4
2,19927E-4
2,39903E-4
2,44209E-4
2,50214E-4
1,41787E-4
1,82194E-4
2,08015E-4
1,78868E-4
1,69594E-4
1,5998E-4
2,05093E-4
1,74246E-4
1,73111E-4
1,77619E-4
1,64332E-4
1,73508E-4
2,05946E-4
1,9218E-4
1,87667E-4
2,03788E-4
1,9724E-4
1,88332E-4
1,83666E-4
1,99285E-4
2,57271E-4
2,26458E-4
2,28399E-4
2,7474E-4
2,65275E-4
2,16612E-4
2,14166E-4
2,65904E-4
2,48229E-4
2,23992E-4
2,22803E-4
1,41099E-4
1,55921E-4
1,44402E-4
2,36594E-4
2,38677E-4
2,2327E-4
1,45132E-4
1,5143E-4
1,53124E-4
1,4752E-4
1,47659E-4
1,54467E-4
1,47811E-4
1,6317E-4
1,38593E-4
1,50613E-4
1,65805E-4
1,60709E-4
1,51621E-4
1,46196E-4
1,41205E-4
1,55451E-4
1,53469E-4
1,51029E-4
1,66577E-4
1,46763E-4
1,46173E-4
1,44401E-4
1,37613E-4
1,40858E-4
1,63042E-4
1,45335E-4
1,65788E-4
1,54569E-4
1,39085E-4
1,39946E-4
1,563E-4
1,55013E-4
1,5439E-4
1,58056E-4
1,4198E-4
1,37192E-4
1,63389E-4
1,49844E-4
1,49749E-4
1,36128E-4
1,50903E-4
1,43038E-4
1,40534E-4
1,49104E-4
1,56912E-4
1,52544E-4
1,5094E-4
1,55868E-4
1,71447E-4
1,51425E-4
1,50794E-4
1,57308E-4
1,54878E-4
1,56975E-4
1,4301E-4
1,53547E-4
1,48127E-4
1,50831E-4
1,51194E-4
1,51993E-4
1,49421E-4
1,50067E-4
1,63313E-4
1,49671E-4
1,43921E-4
1,40237E-4
1,44286E-4
1,59329E-4
1,45873E-4
1,70162E-4
1,6725E-4
1,43259E-4
1,52835E-4
1,63504E-4
1,54145E-4
1,56102E-4
1,54221E-4
1,47778E-4
1,51119E-4
1,51947E-4
1,59428E-4
1,43332E-4
2,13916E-4
2,12209E-4
2,71886E-4
2,58107E-4
2,45536E-4
2,3143E-4
2,24575E-4
2,12534E-4
2,07804E-4
2,87624E-4
2,50434E-4
2,3283E-4
2,36908E-4
2,54791E-4
2,21363E-4
2,36207E-4
1,92689E-4
2,30726E-4
1,7547E-4
1,44423E-4
1,48144E-4
1,46825E-4
2,083E-4
2,18074E-4
1,45101E-4
1,53914E-4
1,58348E-4
1,57415E-4
1,45839E-4
1,56457E-4
1,57391E-4
1,57593E-4
1,56409E-4
1,4784E-4
1,67487E-4
1,42076E-4
1,70649E-4
1,42148E-4
1,50741E-4
1,54269E-4
1,65943E-4
1,54942E-4
1,43273E-4
1,47204E-4
1,71145E-4
1,39465E-4
1,51033E-4
1,51584E-4
1,41755E-4
1,59793E-4
1,59558E-4
1,47674E-4
1,54309E-4
1,37727E-4
1,4693E-4
1,57594E-4
1,56251E-4
1,4124E-4
1,53383E-4
1,49429E-4
1,51034E-4
1,43475E-4
1,59704E-4
1,43574E-4
1,51035E-4
1,50435E-4
1,48018E-4
1,60957E-4
1,40499E-4
1,39126E-4
1,4816E-4
1,51865E-4
1,46578E-4
1,47303E-4
1,58099E-4
1,60469E-4
1,72537E-4
1,64967E-4
1,55478E-4
1,55E-4
1,4917E-4
1,50939E-4
1,52289E-4
1,4205E-4
1,55746E-4
1,45912E-4
1,36191E-4
1,52056E-4
1,42084E-4
1,57171E-4
1,49189E-4
1,47038E-4
1,3668E-4
1,44485E-4
1,44987E-4
1,54231E-4
1,49247E-4
1,4341E-4
1,43368E-4
1,46514E-4
1,59145E-4
1,48523E-4
1,41788E-4
1,59215E-4
1,70266E-4
1,49097E-4
1,429E-4
1,50304E-4
1,48683E-4
1,50248E-4
1,4612E-4
1,39495E-4
1,44431E-4
1,47437E-4
1,49732E-4
1,51595E-4
1,41563E-4
1,48377E-4
2,07484E-4
1,52828E-4
1,44866E-4
1,54287E-4
1,52858E-4
1,43324E-4
1,47624E-4
1,52241E-4
1,57545E-4
1,55555E-4
1,517E-4
1,45831E-4
1,56404E-4
1,80684E-4
1,48273E-4
1,50711E-4
1,5108E-4
1,54746E-4
1,47924E-4
1,45338E-4
1,69063E-4
1,52455E-4
1,65463E-4
1,532E-4
1,60192E-4
1,37776E-4
1,52614E-4
1,59215E-4
1,65157E-4
1,62707E-4
1,565E-4
1,53577E-4
1,57545E-4
1,52331E-4
1,6025E-4
1,6295E-4
1,41486E-4
2,89896E-4
2,57548E-4
2,52905E-4
2,66604E-4
2,13024E-4
1,43015E-4
1,63071E-4
1,5101E-4
1,58172E-4
1,44639E-4
1,54628E-4
1,58635E-4
1,38781E-4
1,50658E-4
1,41688E-4
1,47336E-4
1,44214E-4
1,65345E-4
1,51248E-4
1,48155E-4
1,62672E-4
1,60922E-4
1,52995E-4
1,51659E-4
1,76973E-4
1,48849E-4
1,48588E-4
1,65735E-4
1,63482E-4
1,65452E-4
1,44709E-4
1,48528E-4
1,55054E-4
1,40882E-4
1,44068E-4
1,58026E-4
1,73927E-4
1,47899E-4
1,64997E-4
1,50573E-4
1,62128E-4
1,59321E-4
1,65288E-4
1,44196E-4
1,49524E-4
1,53629E-4
1,45707E-4
1,54567E-4
1,40197E-4
1,47117E-4
1,60673E-4
1,55405E-4
1,59378E-4
1,44317E-4
1,43828E-4
1,44501E-4
1,49574E-4
1,4957E-4
1,36416E-4
1,5246E-4
1,4646E-4
1,71115E-4
1,50801E-4
1,5376E-4
1,5191E-4
1,55833E-4
1,51515E-4
1,52395E-4
1,40889E-4
1,56154E-4
1,56279E-4
1,70581E-4
1,60989E-4
1,53105E-4
1,39743E-4
1,49241E-4
1,42261E-4
1,52672E-4
1,55133E-4
1,65371E-4
1,56921E-4
1,38456E-4
1,42681E-4
1,5478E-4
1,48273E-4
1,54705E-4
1,47782E-4
1,56383E-4
1,46709E-4
1,56713E-4
1,48615E-4
1,55566E-4
1,56738E-4
1,4579E-4
1,49673E-4
1,54892E-4
1,4062E-4
1,45633E-4
1,48788E-4
1,54101E-4
1,53951E-4
1,40427E-4
1,42365E-4
1,51618E-4
1,54752E-4
1,55814E-4
1,4335E-4
1,61995E-4
1,62123E-4
1,56702E-4
1,40199E-4
1,37747E-4
1,59629E-4
1,55202E-4
1,49788E-4
1,47831E-4
1,60358E-4
1,51589E-4
1,59267E-4
1,53866E-4
1,65438E-4
1,43453E-4
1,55022E-4
1,52236E-4
1,51034E-4
1,54681E-4
1,56836E-4
1,648E-4
1,49842E-4
1,46961E-4
1,43185E-4
1,49915E-4
1,59332E-4
1,59781E-4
1,53654E-4
1,71107E-4
1,73724E-4
1,41968E-4
1,55223E-4
1,60894E-4
1,44034E-4
1,52279E-4
1,45385E-4
1,38582E-4
1,50634E-4
1,60989E-4
1,46114E-4
1,4551E-4
1,51458E-4
1,53464E-4
1,47161E-4
1,45874E-4
1,4751E-4
1,44722E-4
1,47719E-4
1,53855E-4
1,47119E-4
1,51401E-4
1,47027E-4
1,4035E-4
1,41388E-4
1,51107E-4
1,42356E-4
1,63066E-4
1,61811E-4
1,50895E-4
1,4835E-4
1,47513E-4
1,50076E-4
1,53833E-4
1,37627E-4
1,38186E-4
1,5025E-4
1,46756E-4
1,43715E-4
1,48102E-4
1,39746E-4
1,50348E-4
1,37192E-4
1,45926E-4
1,47717E-4
1,63806E-4
1,58296E-4
1,51882E-4
1,50866E-4
1,52826E-4
1,40067E-4
1,46169E-4
1,70332E-4
1,49694E-4
1,63806E-4
1,42671E-4
1,50972E-4
1,52557E-4
1,39008E-4
1,48373E-4
1,56257E-4
1,49695E-4
1,55503E-4
1,46039E-4
1,55893E-4
1,41384E-4
1,54496E-4
1,50406E-4
1,47535E-4
1,51497E-4
1,53073E-4
1,50048E-4
1,51237E-4
1,45736E-4
1,38937E-4
1,61019E-4
1,52785E-4
1,48796E-4
1,60731E-4
1,50827E-4
1,56259E-4
1,56831E-4
1,52841E-4
1,4127E-4
1,49823E-4
1,409E-4
1,51501E-4
1,50183E-4
1,3906E-4
1,59851E-4
1,55525E-4
1,475E-4
1,52574E-4
1,48058E-4
1,49804E-4
1,5126E-4
1,40396E-4
1,45597E-4
1,53184E-4
1,4665E-4
1,45131E-4
1,44492E-4
1,49532E-4
1,59766E-4
1,4446E-4
1,50551E-4
1,38231E-4
1,39699E-4
1,44176E-4
1,4899E-4
1,51718E-4
1,71108E-4
1,533E-4
1,49515E-4
1,62586E-4
1,40916E-4
1,51496E-4
1,48435E-4
1,54268E-4
1,57485E-4
1,53368E-4
1,46561E-4
1,49542E-4
1,45966E-4
1,43276E-4
1,47149E-4
1,50126E-4
1,54274E-4
1,45879E-4
1,52815E-4
1,56723E-4
1,39787E-4
1,43525E-4
1,4814E-4
1,56061E-4
1,50272E-4
1,47497E-4
1,54473E-4
1,55003E-4
1,46781E-4
1,4038E-4
1,46164E-4
1,5442E-4
1,49698E-4
1,53916E-4
1,5103E-4
1,50961E-4
1,5123E-4
1,49529E-4
1,45673E-4
1,54305E-4
1,57324E-4
1,51431E-4
1,42937E-4
1,44325E-4
1,52499E-4
1,43079E-4
1,46356E-4
1,42648E-4
1,47326E-4
1,53332E-4
1,71532E-4
1,46697E-4
1,4222E-4
1,38911E-4
1,45848E-4
1,50965E-4
1,51363E-4
1,47528E-4
1,44855E-4
1,41121E-4
1,58024E-4
1,72721E-4
1,36875E-4
1,5111E-4
1,47961E-4
1,46893E-4
1,47711E-4
1,48392E-4
1,53833E-4
1,37573E-4
1,57981E-4
1,40523E-4
1,49102E-4
1,47415E-4
1,53681E-4
1,49775E-4
1,48435E-4
1,52785E-4
1,53765E-4
1,47974E-4
1,45413E-4
1,38105E-4
1,53661E-4
1,47264E-4
1,4844E-4
1,42349E-4
1,4758E-4
1,45831E-4
1,51393E-4
1,49224E-4
1,52234E-4
1,48053E-4
1,50875E-4
1,59849E-4
1,49528E-4
1,35782E-4
1,38873E-4
1,41644E-4
1,47151E-4
1,48704E-4
1,45872E-4
1,44455E-4
1,58711E-4
1,41245E-4
1,43045E-4
1,32356E-4
1,48107E-4
1,52091E-4
1,45727E-4
1,50054E-4
1,48797E-4
1,58633E-4
1,48676E-4
1,50367E-4
1,67179E-4
1,47271E-4
1,48705E-4
1,50576E-4
1,48116E-4
1,52784E-4
1,55527E-4
1,51715E-4
1,44978E-4
1,41611E-4
1,53738E-4
1,40603E-4
1,48058E-4
1,41306E-4
1,52529E-4
1,42892E-4
1,5483E-4
1,44982E-4
1,60856E-4
1,47801E-4
1,48022E-4
1,51112E-4
1,54423E-4
1,49524E-4
1,50582E-4
1,57145E-4
1,46112E-4
1,46773E-4
1,43515E-4
1,56729E-4
1,40979E-4
1,48468E-4
1,40893E-4
1,51788E-4
1,42682E-4
1,52894E-4
1,47388E-4
1,41127E-4
1,47265E-4
1,47665E-4
1,60835E-4
1,40513E-4
1,39197E-4
1,5245E-4
1,50946E-4
0,001176786
1,44687E-4
1,47555E-4
1,54388E-4
1,557E-4
1,42445E-4
1,53057E-4
1,56205E-4
1,5366E-4
1,42769E-4
1,53146E-4
1,44942E-4
1,49889E-4
1,40264E-4
1,54682E-4
1,46032E-4
1,52724E-4
1,45984E-4
1,37727E-4
1,56025E-4
1,42808E-4
1,47228E-4
1,42931E-4
1,40913E-4
1,45512E-4
1,65708E-4
1,54589E-4
1,43919E-4
1,56158E-4
1,44339E-4
1,50164E-4
1,50971E-4
1,44823E-4
1,49223E-4
1,64689E-4
1,51095E-4
1,52112E-4
1,55295E-4
1,51088E-4
1,50057E-4
1,4263E-4
1,52233E-4
1,57881E-4
1,52774E-4
1,49259E-4
1,51236E-4
1,46418E-4
1,49874E-4
1,44694E-4
1,4055E-4
1,50561E-4
1,51078E-4
1,50367E-4
1,47543E-4
1,48235E-4
1,43344E-4
1,41722E-4
1,41251E-4
1,49833E-4
1,45243E-4
1,51475E-4
1,48257E-4
1,45277E-4
1,5274E-4
1,48717E-4
1,47572E-4
1,42323E-4
1,48225E-4
1,52603E-4
1,47747E-4
1,46797E-4
1,52624E-4
1,41227E-4
1,37073E-4
1,55352E-4
1,41882E-4
1,43517E-4
1,62836E-4
1,46998E-4
1,54903E-4
1,45549E-4
1,41575E-4
1,38694E-4
1,52281E-4
1,46175E-4
1,45652E-4
1,48787E-4
1,49109E-4
1,59972E-4
1,49026E-4
1,44569E-4
1,54857E-4
1,45254E-4
1,48012E-4
1,49266E-4
1,37715E-4
1,53483E-4
1,49353E-4
1,44596E-4
1,49386E-4
1,39677E-4
1,45937E-4
1,51684E-4
1,50402E-4
1,46835E-4
1,44583E-4
1,53233E-4
1,56974E-4
1,45964E-4
1,42158E-4
1,68613E-4
1,47871E-4
1,51742E-4
1,45526E-4
1,51754E-4
1,46848E-4
1,46247E-4
1,48553E-4
1,50859E-4
1,42993E-4
1,3882E-4
1,55101E-4
1,46735E-4
1,49975E-4
1,49806E-4
1,41172E-4
1,49886E-4
1,49629E-4
1,51151E-4
1,55319E-4
1,57967E-4
1,57242E-4
1,47287E-4
1,57349E-4
1,36872E-4
1,4493E-4
1,4139E-4
1,4199E-4
1,39653E-4
1,38416E-4
1,48813E-4
1,42469E-4
1,62577E-4
1,48081E-4
1,51436E-4
1,50302E-4
1,5971E-4
1,63599E-4
1,53443E-4
1,5102E-4
1,49226E-4
1,36257E-4
1,66251E-4
1,5166E-4
1,72754E-4
1,42251E-4
1,40129E-4
1,53153E-4
1,52164E-4
1,60569E-4
1,57835E-4
1,65528E-4
1,43943E-4
1,42749E-4
1,69738E-4
1,50817E-4
1,6286E-4
1,54018E-4
1,50553E-4
1,61882E-4
1,4968E-4
1,48261E-4
1,66107E-4
1,46394E-4
1,42878E-4
1,81479E-4
1,56805E-4
1,54449E-4
1,44996E-4
1,47972E-4
1,45988E-4
1,57962E-4
1,5034E-4
1,42869E-4
1,56737E-4
1,65239E-4
1,36721E-4
1,5262E-4
1,57287E-4
1,54852E-4
1,58132E-4
1,47092E-4
1,46737E-4
1,48774E-4
1,57644E-4
1,42548E-4
1,47315E-4
1,54359E-4
1,51254E-4
1,52072E-4
1,41491E-4
1,56896E-4
1,76764E-4
1,62939E-4
1,47395E-4
1,44759E-4
1,54569E-4
1,48778E-4
1,49554E-4
1,48381E-4
1,58899E-4
1,54988E-4
1,57375E-4
1,57055E-4
1,61136E-4
1,43233E-4
1,53374E-4
1,50973E-4
1,54321E-4
1,49181E-4
1,53089E-4
1,45845E-4
1,48866E-4
1,54001E-4
1,4362E-4
1,5614E-4
1,58223E-4
1,55727E-4
1,48571E-4
1,40283E-4
1,63171E-4
1,64993E-4
1,56411E-4
1,51899E-4
1,70097E-4
1,57008E-4
1,45707E-4
1,50644E-4
1,37689E-4
1,41948E-4
1,59823E-4
1,47396E-4
1,51239E-4
1,42821E-4
1,63348E-4
1,51397E-4
1,62669E-4
1,45355E-4
1,41921E-4
1,5512E-4
1,51259E-4
1,4296E-4
1,56965E-4
1,51187E-4
1,46414E-4
1,47138E-4
1,56479E-4
1,70819E-4
1,46435E-4
1,52821E-4
1,48904E-4
1,53499E-4
1,46524E-4
1,68598E-4
1,54121E-4
1,45811E-4
1,46482E-4
1,50697E-4
1,46247E-4
1,49202E-4
1,45793E-4
1,52076E-4
1,56494E-4
1,50587E-4
1,69833E-4
1,42669E-4
1,44265E-4
1,54564E-4
1,54298E-4
1,48791E-4
1,49051E-4
1,48731E-4
1,77352E-4
1,47241E-4
1,40828E-4
1,45253E-4
1,51362E-4
1,50311E-4
1,48291E-4
1,59595E-4
1,5688E-4
1,52838E-4
1,37706E-4
1,46467E-4
1,65094E-4
1,45237E-4
1,60185E-4
1,4843E-4
1,51529E-4
1,51947E-4
1,54833E-4
1,56898E-4
1,55553E-4
1,49086E-4
1,45006E-4
1,60495E-4
1,54799E-4
1,45349E-4
1,40667E-4
1,48502E-4
1,43426E-4
1,55708E-4
1,54438E-4
1,48507E-4
1,45111E-4
1,50951E-4
1,45113E-4
1,45326E-4
1,51376E-4
1,63505E-4
1,58017E-4
1,6946E-4
1,66917E-4
1,59632E-4
1,48701E-4
1,55125E-4
1,5992E-4
1,49236E-4
1,50411E-4
1,88194E-4
1,48006E-4
1,60085E-4
1,48385E-4
1,39791E-4
1,5135E-4
1,45456E-4
1,48344E-4
1,37565E-4
1,40996E-4
1,6048E-4
1,42322E-4
1,47044E-4
1,50904E-4
1,46225E-4
1,4974E-4
1,45054E-4
1,47077E-4
1,43918E-4
1,40824E-4
1,56891E-4
1,51175E-4
1,48889E-4
1,43759E-4
1,48673E-4
1,46758E-4
1,51473E-4
1,51359E-4
1,54649E-4
1,44626E-4
1,50688E-4
1,5116E-4
1,39287E-4
1,38643E-4
1,42332E-4
1,45207E-4
1,4619E-4
1,42781E-4
1,48888E-4
1,3946E-4
1,59921E-4
1,48422E-4
1,54951E-4
1,54559E-4
1,61076E-4
1,47095E-4
1,5233E-4
1,6276E-4
1,49604E-4
1,6293E-4
1,49502E-4
1,48805E-4
1,58052E-4
1,46624E-4
1,5788E-4
1,52566E-4
1,45683E-4
1,53616E-4
1,50735E-4
1,51764E-4
1,67171E-4
1,50064E-4
1,4336E-4
1,53046E-4
1,54186E-4
1,6521E-4
1,42558E-4
1,4279E-4
1,46059E-4
1,45271E-4
1,55393E-4
1,59449E-4
1,46107E-4
1,46357E-4
1,52327E-4
1,38873E-4
1,49174E-4
1,39496E-4
1,38986E-4
1,44942E-4
1,63009E-4
1,54577E-4
1,48087E-4
1,38359E-4
1,55206E-4
1,51242E-4
1,50033E-4
1,4914E-4
1,41195E-4
1,59068E-4
1,55773E-4
1,46965E-4
1,56535E-4
1,41236E-4
1,43478E-4
1,54956E-4
1,66319E-4
1,51082E-4
1,48086E-4
1,45671E-4
1,57283E-4
1,67677E-4
1,62346E-4
1,4543E-4
1,40247E-4
1,45066E-4
1,51097E-4
1,53424E-4
1,49557E-4
1,43104E-4
1,46132E-4
1,48179E-4
1,49349E-4
1,43863E-4
1,48127E-4
1,47833E-4
1,51694E-4
1,40546E-4
1,53247E-4
1,48605E-4
1,55702E-4
1,57046E-4
1,43846E-4
1,7383E-4
1,43079E-4
1,46827E-4
1,45234E-4
1,55191E-4
1,5568E-4
1,67766E-4
1,5209E-4
1,45729E-4
1,48088E-4
1,42142E-4
1,53777E-4
1,5146E-4
1,50931E-4
1,39803E-4
1,49347E-4
1,52785E-4
1,50909E-4
1,41069E-4
1,48074E-4
1,54048E-4
1,59203E-4
1,71356E-4
1,42828E-4
1,52552E-4
1,50002E-4
1,51884E-4
1,41894E-4
1,64484E-4
2,26072E-4
2,0979E-4
2,35847E-4
2,30973E-4
2,0714E-4
2,31543E-4
2,45979E-4
1,84031E-4
2,39733E-4
2,36089E-4
2,20994E-4
2,3579E-4
2,12887E-4
1,53614E-4
1,51657E-4
1,47241E-4
1,56732E-4
1,51218E-4
1,4656E-4
1,45915E-4
1,39164E-4
1,42558E-4
1,50591E-4
1,54793E-4
1,57813E-4
1,55808E-4
1,63455E-4
1,47311E-4
1,53002E-4
1,54215E-4
1,40106E-4
1,52233E-4
1,38013E-4
1,55828E-4
1,61603E-4
1,45495E-4
1,37775E-4
1,3888E-4
1,46523E-4
1,51153E-4
1,63584E-4
1,70521E-4
1,45314E-4
1,60825E-4
1,58305E-4
1,54097E-4
1,63675E-4
1,4527E-4
1,57545E-4
1,4584E-4
1,54481E-4
1,6112E-4
1,49507E-4
1,43394E-4
1,51655E-4
1,45865E-4
1,59056E-4
1,46483E-4
1,66627E-4
1,63428E-4
1,76218E-4
1,66334E-4
1,52167E-4
1,63069E-4
1,65348E-4
1,49413E-4
1,48072E-4
1,44562E-4
1,47196E-4
1,60595E-4
1,4228E-4
1,51563E-4
1,4883E-4
1,66605E-4
1,46229E-4
1,60833E-4
1,47518E-4
1,51941E-4
1,45777E-4
1,63221E-4
1,48771E-4
1,48087E-4
1,52585E-4
1,80493E-4
1,50385E-4
1,51288E-4
1,90557E-4
1,58617E-4
1,64822E-4
1,53252E-4
1,4854E-4
1,48015E-4
1,40777E-4
1,46644E-4
1,7507E-4
1,55348E-4
1,46414E-4
1,52346E-4
1,45015E-4
1,52651E-4
1,53065E-4
1,40367E-4
1,43918E-4
1,48698E-4
1,54278E-4
1,49844E-4
1,5133E-4
1,51829E-4
1,402E-4
1,55572E-4
1,53556E-4
1,53256E-4
1,47366E-4
1,47717E-4
1,67642E-4
1,61595E-4
1,60432E-4
1,50583E-4
1,49724E-4
1,58332E-4
1,63592E-4
1,51266E-4
1,52344E-4
1,54927E-4
1,46654E-4
1,40344E-4
1,54686E-4
1,52681E-4
1,44113E-4
1,47663E-4
1,4944E-4
1,36478E-4
1,55293E-4
1,42997E-4
1,48542E-4
1,39442E-4
1,46137E-4
1,4741E-4
1,46698E-4
1,50634E-4
1,46089E-4
1,46152E-4
1,50191E-4
1,59476E-4
1,47675E-4
1,48771E-4
1,46421E-4
1,39778E-4
1,47476E-4
1,4792E-4
1,53516E-4
1,50566E-4
1,39401E-4
1,64183E-4
1,4517E-4
1,56252E-4
1,5344E-4
1,44526E-4
1,38374E-4
1,39344E-4
1,44962E-4
1,59054E-4
1,67612E-4
1,45441E-4
1,6323E-4
1,60129E-4
1,56456E-4
1,5806E-4
1,63339E-4
1,5353E-4
1,6039E-4
1,47715E-4
1,46396E-4
1,53204E-4
1,5337E-4
1,54851E-4
1,43469E-4
1,46516E-4
1,54412E-4
1,58033E-4
1,41143E-4
1,42859E-4
1,51191E-4
1,51822E-4
2,09151E-4
2,29442E-4
2,30273E-4
2,13225E-4
2,53952E-4
2,26491E-4
2,2214E-4
2,18745E-4
1,91046E-4
2,1373E-4
2,12233E-4
3,13014E-4
2,15806E-4
2,28074E-4
2,22352E-4
2,1605E-4
2,69075E-4
1,99207E-4
2,09537E-4
2,47418E-4
1,38797E-4
1,45862E-4
1,53173E-4
1,54992E-4
1,48004E-4
1,52049E-4
1,376E-4
1,51408E-4
1,49561E-4
0,002126382
1,4975E-4
1,42137E-4
1,48825E-4
1,5307E-4
1,49055E-4
1,50402E-4
1,51562E-4
1,60407E-4
1,52754E-4
1,47824E-4
1,54314E-4
1,43182E-4
1,54306E-4
1,48981E-4
1,49699E-4
1,52083E-4
1,52827E-4
1,56015E-4
1,52238E-4
1,46539E-4
1,39897E-4
1,61432E-4
1,50486E-4
1,51318E-4
1,45412E-4
1,53322E-4
1,46356E-4
1,35629E-4
2,08446E-4
2,45221E-4
2,18379E-4
2,0064E-4
1,66672E-4
1,97632E-4
1,88925E-4
2,00186E-4
1,77124E-4
2,00123E-4
2,25129E-4
2,72844E-4
2,4828E-4
1,44796E-4
1,55915E-4
1,47436E-4
1,51731E-4
1,39633E-4
1,54697E-4
2,20695E-4
2,16838E-4
2,02378E-4
1,61371E-4
1,50695E-4
1,44969E-4
1,66778E-4
1,43726E-4
1,5167E-4
1,59929E-4
1,52833E-4
1,51898E-4
1,52351E-4
1,42296E-4
1,45995E-4
1,47495E-4
2,06242E-4
2,66096E-4
1,47877E-4
1,5775E-4
1,53175E-4
1,50706E-4
1,57395E-4
1,52022E-4
1,53239E-4
1,39844E-4
1,53362E-4
1,48637E-4
1,44943E-4
1,46845E-4
1,43713E-4
1,51581E-4
1,53124E-4
1,65171E-4
6,30462E-4
1,56139E-4
1,48145E-4
1,56633E-4
1,39991E-4
1,49004E-4
1,53095E-4
1,38286E-4
1,49818E-4
1,4525E-4
1,40199E-4
1,47687E-4
1,46396E-4
1,39477E-4
1,53742E-4
1,4339E-4
1,45253E-4
2,23677E-4
2,31006E-4
2,28193E-4
2,10193E-4
2,46793E-4
2,48591E-4
2,09879E-4
2,18681E-4
1,50213E-4
1,52517E-4
1,47175E-4
1,68308E-4
1,56329E-4
1,49935E-4
1,5034E-4
1,50216E-4
1,51654E-4
1,54865E-4
1,59486E-4
1,48909E-4
1,49526E-4
1,46593E-4
1,55019E-4
1,41115E-4
1,48614E-4
1,39102E-4
1,57769E-4
1,52219E-4
1,42154E-4
1,38898E-4
1,53571E-4
1,40243E-4
1,50168E-4
1,37027E-4
1,44594E-4
1,45739E-4
1,51896E-4
1,49807E-4
1,49855E-4
1,54843E-4
1,44639E-4
1,52137E-4
1,47368E-4
1,65224E-4
1,60887E-4
1,392E-4
1,62059E-4
1,51618E-4
1,65467E-4
1,41016E-4
1,73189E-4
1,49856E-4
1,4973E-4
1,44402E-4
1,63053E-4
1,62937E-4
1,47651E-4
1,5083E-4
1,70962E-4
1,53997E-4
1,5024E-4
1,46272E-4
1,50532E-4
1,58789E-4
1,48867E-4
1,51667E-4
1,46495E-4
1,42737E-4
1,59952E-4
1,48099E-4
1,46619E-4
1,66086E-4
1,41091E-4
1,38634E-4
1,49582E-4
1,50713E-4
1,44109E-4
1,48689E-4
1,38819E-4
1,56244E-4
1,55382E-4
1,58434E-4
1,41744E-4
1,4817E-4
1,44643E-4
1,43242E-4
1,51574E-4
1,52654E-4
1,42939E-4
1,47393E-4
1,60063E-4
1,50833E-4
1,63672E-4
1,37645E-4
1,49215E-4
1,38031E-4
1,54213E-4
1,80846E-4
1,45943E-4
1,59621E-4
1,56534E-4
1,60325E-4
1,48998E-4
1,51795E-4
1,52121E-4
1,50396E-4
1,64613E-4
1,67172E-4
1,48782E-4
1,49694E-4
1,49303E-4
1,45936E-4
1,59921E-4
1,5128E-4
1,54821E-4
1,50431E-4
1,54465E-4
1,57746E-4
1,44968E-4
1,4403E-4
1,51049E-4
1,52351E-4
1,60682E-4
1,58152E-4
1,43364E-4
1,50404E-4
1,57615E-4
1,46168E-4
1,40894E-4
1,52235E-4
1,66088E-4
1,47275E-4
1,42053E-4
1,49417E-4
1,69941E-4
1,50393E-4
1,52959E-4
1,60817E-4
1,63894E-4
1,56164E-4
1,70102E-4
1,47756E-4
1,55926E-4
1,60028E-4
1,50462E-4
2,05618E-4
1,53398E-4
1,64622E-4
1,4721E-4
1,37912E-4
1,56841E-4
1,52355E-4
1,61885E-4
1,53688E-4
1,65998E-4
1,59508E-4
1,63446E-4
1,48275E-4
1,53983E-4
1,45159E-4
1,46093E-4
1,52582E-4
1,46386E-4
1,56051E-4
2,83028E-4
2,22073E-4
2,20591E-4
2,59784E-4
2,36694E-4
2,46273E-4
2,16243E-4
1,97218E-4
2,35705E-4
2,04775E-4
2,03911E-4
2,33147E-4
1,69454E-4
2,17197E-4
2,11617E-4
2,45989E-4
1,88378E-4
1,7467E-4
1,88272E-4
1,84358E-4
2,00012E-4
2,19855E-4
2,14259E-4
2,64113E-4
1,95924E-4
2,77893E-4
2,26036E-4
2,20077E-4
2,69191E-4
2,26297E-4
1,94669E-4
2,48953E-4
2,31722E-4
2,64009E-4
2,2767E-4
2,40518E-4
2,09368E-4
2,29851E-4
2,07309E-4
2,55711E-4
2,16069E-4
2,5125E-4
2,23804E-4
2,45949E-4
2,05233E-4
1,4784E-4
1,40592E-4
1,51192E-4
1,38597E-4
1,50244E-4
1,37517E-4
1,5499E-4
1,46325E-4
1,45606E-4
1,53502E-4
1,54286E-4
1,38544E-4
1,68281E-4
1,47311E-4
1,39697E-4
1,51427E-4
1,41347E-4
1,77194E-4
1,46913E-4
1,72103E-4
1,49763E-4
1,4343E-4
1,52951E-4
1,80385E-4
1,5758E-4
1,5047E-4
1,55593E-4
1,51814E-4
1,48337E-4
1,39033E-4
1,52082E-4
1,51213E-4
1,40149E-4
1,54562E-4
1,37523E-4
1,54346E-4
1,42542E-4
1,50822E-4
1,49489E-4
1,53732E-4
1,53847E-4
1,5561E-4
1,47972E-4
1,46558E-4
1,49214E-4
1,46295E-4
1,45181E-4
1,50338E-4
1,53236E-4
2,41961E-4
3,01509E-4
2,90117E-4
2,4708E-4
2,0978E-4
2,29731E-4
2,22332E-4
2,33731E-4
2,25128E-4
1,4869E-4
1,5825E-4
1,41178E-4
1,44307E-4
1,4976E-4
1,49508E-4
1,56939E-4
1,43118E-4
1,59667E-4
1,50502E-4
1,48577E-4
1,36437E-4
1,70068E-4
1,47832E-4
1,45109E-4
1,47609E-4
1,42474E-4
1,44338E-4
1,3994E-4
1,49249E-4
1,4872E-4
1,46039E-4
1,45952E-4
1,48288E-4
1,55522E-4
1,61543E-4
1,40327E-4
1,53215E-4
1,36473E-4
1,47271E-4
1,50717E-4
1,44142E-4
1,49163E-4
1,62524E-4
1,46626E-4
1,60142E-4
1,41758E-4
1,48574E-4
1,4535E-4
1,51921E-4
1,41436E-4
1,56122E-4
1,60481E-4
1,62639E-4
1,38299E-4
1,48364E-4
1,40887E-4
1,47829E-4
1,55414E-4
1,40877E-4
1,4245E-4
1,42104E-4
1,39494E-4
1,70315E-4
1,37881E-4
1,70779E-4
1,4009E-4
1,48726E-4
1,48212E-4
1,51164E-4
1,52907E-4
1,61117E-4
2,03071E-4
1,45365E-4
1,45197E-4
1,63538E-4
1,46411E-4
1,52674E-4
1,62472E-4
1,65371E-4
1,47545E-4
1,66642E-4
1,4305E-4
1,51354E-4
1,71479E-4
1,65883E-4
1,47188E-4
2,33673E-4
2,49545E-4
1,51665E-4
1,43988E-4
1,55043E-4
1,54258E-4
1,48203E-4
1,63846E-4
1,46789E-4
1,51098E-4
1,47651E-4
1,65502E-4
1,43817E-4
1,48113E-4
1,5271E-4
1,4822E-4
1,51041E-4
1,80333E-4
1,64871E-4
1,41279E-4
1,73691E-4
1,71235E-4
1,71629E-4
1,52793E-4
1,64295E-4
1,41034E-4
1,60623E-4
1,53763E-4
1,58308E-4
1,49396E-4
1,52402E-4
1,52742E-4
1,49676E-4
1,41359E-4
1,52206E-4
1,3873E-4
1,42455E-4
1,52998E-4
1,49348E-4
1,51456E-4
1,47065E-4
1,4995E-4
1,55143E-4
2,59348E-4
1,4447E-4
1,42888E-4
1,4867E-4
1,39482E-4
1,54431E-4
1,69526E-4
1,47822E-4
1,55204E-4
1,43333E-4
1,37744E-4
1,42244E-4
1,43043E-4
1,4306E-4
1,46605E-4
1,54622E-4
1,47964E-4
1,45154E-4
1,37103E-4
1,48197E-4
1,48468E-4
1,42004E-4
1,47736E-4
1,42931E-4
1,58337E-4
1,40612E-4
1,57335E-4
1,55937E-4
1,44428E-4
1,598E-4
1,42215E-4
1,56166E-4
1,42354E-4
1,48392E-4
1,49593E-4
1,52703E-4
1,51922E-4
1,52912E-4
1,3892E-4
1,53093E-4
1,54081E-4
1,5051E-4
1,5395E-4
1,4571E-4
1,54286E-4
1,48009E-4
1,53413E-4
1,46266E-4
1,55255E-4
1,38765E-4
1,46203E-4
1,67182E-4
1,52161E-4
1,73349E-4
1,48049E-4
1,5968E-4
1,4552E-4
1,46617E-4
1,52921E-4
1,50748E-4
1,57429E-4
1,50385E-4
1,38723E-4
1,54216E-4
1,42263E-4
1,40747E-4
1,51584E-4
1,40353E-4
1,51035E-4
1,45977E-4
1,51214E-4
1,38725E-4
1,54829E-4
1,58741E-4
1,71524E-4
1,40729E-4
1,51513E-4
1,51585E-4
1,53715E-4
1,4711E-4
1,42649E-4
1,42418E-4
1,69719E-4
1,44296E-4
1,54005E-4
1,39321E-4
1,89337E-4
1,49698E-4
1,51027E-4
1,52474E-4
1,51033E-4
1,5288E-4
1,47662E-4
1,5056E-4
1,60741E-4
1,73977E-4
1,53711E-4
1,42515E-4
0,001874698
1,46814E-4
1,57159E-4
1,50502E-4
1,43431E-4
1,80342E-4
1,43732E-4
1,37486E-4
1,62404E-4
1,50454E-4
1,67761E-4
1,50812E-4
1,73057E-4
1,61287E-4
1,48328E-4
1,59994E-4
1,49828E-4
1,53264E-4
1,54814E-4
1,53689E-4
1,56744E-4
1,48026E-4
1,68093E-4
1,39111E-4
1,47699E-4
1,51871E-4
1,40863E-4
1,62341E-4
1,55491E-4
1,5963E-4
1,51167E-4
1,56983E-4
1,48913E-4
1,51803E-4
1,71462E-4
1,39041E-4
1,43146E-4
1,53686E-4
1,50036E-4
1,44242E-4
1,59681E-4
1,70229E-4
1,6575E-4
1,40762E-4
1,49784E-4
1,42874E-4
2,33099E-4
2,04177E-4
1,40198E-4
1,51469E-4
1,52622E-4
1,55487E-4
1,51151E-4
1,42095E-4
1,63694E-4
1,42765E-4
1,48483E-4
1,48228E-4
1,73121E-4
1,46026E-4
1,41725E-4
1,48738E-4
1,4469E-4
1,47046E-4
1,44429E-4
1,43945E-4
1,57266E-4
1,47626E-4
1,46039E-4
1,44148E-4
1,53872E-4
1,52601E-4
1,46473E-4
1,44955E-4
1,45389E-4
1,55086E-4
1,40556E-4
1,50043E-4
1,51148E-4
1,536E-4
1,43067E-4
1,53878E-4
1,49633E-4
1,52878E-4
1,39965E-4
1,57365E-4
1,48887E-4
1,47679E-4
1,40743E-4
1,56442E-4
1,5028E-4
1,51299E-4
1,51684E-4
1,52317E-4
1,58513E-4
1,37296E-4
1,55696E-4
1,50072E-4
1,45549E-4
1,42223E-4
1,46574E-4
1,52003E-4
1,48875E-4
1,46134E-4
1,61686E-4
1,52853E-4
1,49069E-4
1,51586E-4
1,43784E-4
1,38881E-4
1,51386E-4
1,5046E-4
1,5538E-4
1,5993E-4
1,52128E-4
1,54479E-4
1,48112E-4
1,43995E-4
1,52033E-4
1,46111E-4
1,57982E-4
1,6684E-4
1,56809E-4
1,49876E-4
1,46757E-4
1,62072E-4
1,40728E-4
1,57379E-4
1,50695E-4
1,53274E-4
1,41108E-4
1,73252E-4
1,43588E-4
1,44912E-4
1,46782E-4
1,51761E-4
1,5391E-4
1,50201E-4
1,53658E-4
1,53425E-4
1,41981E-4
1,47201E-4
1,43826E-4
1,44766E-4
1,45562E-4
1,66948E-4
1,58103E-4
1,4816E-4
1,43238E-4
1,49876E-4
1,5759E-4
1,45129E-4
1,43828E-4
1,49196E-4
1,5737E-4
1,47773E-4
1,46436E-4
1,55835E-4
1,5353E-4
1,58598E-4
1,47198E-4
1,57674E-4
1,57398E-4
1,41141E-4
1,56446E-4
1,5144E-4
1,54265E-4
1,41004E-4
1,72902E-4
1,60551E-4
1,50557E-4
1,4982E-4
1,55748E-4
1,55274E-4
1,48626E-4
1,52618E-4
1,50336E-4
1,4855E-4
1,60668E-4
1,38056E-4
1,51134E-4
1,44788E-4
1,42249E-4
1,45389E-4
1,55513E-4
1,54296E-4
2,32535E-4
2,38121E-4
1,90269E-4
1,71084E-4
1,68586E-4
1,47286E-4
1,60502E-4
1,65622E-4
1,44406E-4
1,38881E-4
1,54301E-4
1,52648E-4
1,44319E-4
1,51081E-4
1,4128E-4
1,63163E-4
1,54458E-4
1,43156E-4
1,47559E-4
1,44755E-4
1,42135E-4
1,54988E-4
1,52695E-4
1,53834E-4
1,5179E-4
1,43323E-4
1,47364E-4
1,46861E-4
1,50552E-4
1,46883E-4
1,47297E-4
1,45667E-4
1,50766E-4
1,42038E-4
1,52831E-4
1,56768E-4
1,50947E-4
1,44682E-4
1,58462E-4
1,39004E-4
1,47101E-4
1,5397E-4
1,59955E-4
1,49724E-4
1,50566E-4
1,56475E-4
1,54833E-4
1,41951E-4
1,66741E-4
1,82225E-4
1,55918E-4
1,3967E-4
1,46745E-4
1,50499E-4
1,50983E-4
1,50361E-4
1,5023E-4
1,57515E-4
1,54643E-4
1,56535E-4
1,5182E-4
1,61919E-4
1,54447E-4
1,55892E-4
1,47475E-4
1,55088E-4
1,55E-4
1,40666E-4
1,54139E-4
1,53976E-4
1,48391E-4
1,50409E-4
1,44669E-4
1,42714E-4
1,50021E-4
1,49668E-4
1,49884E-4
1,55047E-4
1,73284E-4
1,47935E-4
1,50336E-4
1,36948E-4
1,5023E-4
1,46741E-4
1,54887E-4
1,4917E-4
1,42599E-4
1,35606E-4
1,41822E-4
1,5069E-4
1,50909E-4
1,54476E-4
1,47904E-4
1,57622E-4
1,41837E-4
1,54837E-4
1,52748E-4
1,42803E-4
1,51892E-4
1,50978E-4
1,55851E-4
1,47977E-4
1,54576E-4
1,7415E-4
1,64115E-4
1,46984E-4
1,37479E-4
1,48647E-4
1,39229E-4
1,49436E-4
1,39967E-4
1,46066E-4
1,43149E-4
1,42376E-4
1,50417E-4
1,53818E-4
1,56834E-4
1,67111E-4
1,55962E-4
1,59184E-4
1,44045E-4
1,65119E-4
1,5442E-4
1,50791E-4
1,48156E-4
1,41635E-4
1,7966E-4
1,49981E-4
1,45425E-4
1,47463E-4
1,51237E-4
1,57754E-4
1,59911E-4
1,52726E-4
1,50288E-4
1,71793E-4
1,59551E-4
1,58537E-4
1,40223E-4
1,59086E-4
1,42039E-4
1,4481E-4
1,51444E-4
1,54099E-4
1,54323E-4
1,42274E-4
1,51259E-4
1,37283E-4
1,64563E-4
1,49317E-4
1,40183E-4
1,52508E-4
1,41181E-4
1,55335E-4
1,39699E-4
2,4458E-4
2,47592E-4
2,39852E-4
2,48496E-4
2,31311E-4
2,31518E-4
2,43976E-4
2,14079E-4
2,09162E-4
2,31943E-4
2,06277E-4
1,52406E-4
1,42812E-4
1,49911E-4
1,49224E-4
2,06033E-4
1,36815E-4
2,16828E-4
2,31253E-4
2,26693E-4
2,17139E-4
2,11466E-4
1,92051E-4
2,11825E-4
1,46927E-4
1,42335E-4
1,44867E-4
1,45072E-4
1,46021E-4
1,59622E-4
1,44863E-4
1,7288E-4
1,4855E-4
1,54795E-4
1,47091E-4
1,55041E-4
1,49098E-4
1,65143E-4
1,55849E-4
1,60233E-4
1,52447E-4
1,4335E-4
1,52415E-4
1,50975E-4
1,54417E-4
1,5702E-4
1,40178E-4
1,5893E-4
1,42347E-4
1,55998E-4
1,89229E-4
1,53433E-4
1,40162E-4
1,52577E-4
1,47486E-4
1,50172E-4
1,56803E-4
1,50255E-4
1,48914E-4
1,53103E-4
1,56215E-4
1,5129E-4
1,37475E-4
1,60737E-4
1,39185E-4
1,48469E-4
1,76401E-4
1,53061E-4
1,63127E-4
1,47432E-4
1,78492E-4
1,42648E-4
1,59177E-4
1,44543E-4
1,50117E-4
1,56698E-4
1,4478E-4
1,39256E-4
1,45083E-4
1,52241E-4
1,43594E-4
1,63905E-4
1,5236E-4
1,5099E-4
1,46526E-4
1,42535E-4
1,52334E-4
1,49179E-4
1,41422E-4
1,65092E-4
1,38916E-4
1,60692E-4
1,6014E-4
1,73356E-4
1,47933E-4
1,54135E-4
1,45721E-4
1,52199E-4
1,56918E-4
1,53273E-4
1,4666E-4
1,52372E-4
1,63881E-4
1,54153E-4
1,56449E-4
1,50782E-4
1,50143E-4
1,46011E-4
1,53318E-4
1,42164E-4
1,49352E-4
1,48816E-4
1,44815E-4
1,44644E-4
1,54158E-4
1,45753E-4
1,42965E-4
1,5608E-4
1,55759E-4
1,75332E-4
1,58503E-4
1,52318E-4
1,53555E-4
1,47972E-4
1,41303E-4
1,46432E-4
1,52919E-4
1,71875E-4
1,49435E-4
1,41079E-4
1,52717E-4
1,70123E-4
1,70877E-4
1,50142E-4
1,54062E-4
1,49761E-4
1,56439E-4
1,42978E-4
1,63266E-4
1,75954E-4
1,62359E-4
1,45058E-4
1,5429E-4
1,67462E-4
1,39554E-4
1,39294E-4
1,40543E-4
1,53595E-4
1,46628E-4
1,4362E-4
1,37872E-4
1,42745E-4
1,47839E-4
1,53501E-4
1,69536E-4
1,56003E-4
1,5175E-4
1,50876E-4
1,48924E-4
1,57361E-4
1,54374E-4
1,4788E-4
1,51263E-4
1,57177E-4
1,50392E-4
1,53233E-4
1,39696E-4
1,80933E-4
1,40597E-4
1,61257E-4
1,41816E-4
1,65915E-4
1,47133E-4
1,57508E-4
1,48286E-4
1,53722E-4
1,46371E-4
1,47823E-4
1,48743E-4
1,43049E-4
1,42191E-4
1,55317E-4
1,47469E-4
1,52268E-4
1,4436E-4
1,53356E-4
1,67265E-4
1,50833E-4
1,59187E-4
1,47055E-4
1,53668E-4
1,40828E-4
1,65194E-4
1,4669E-4
1,549E-4
1,62424E-4
1,46654E-4
1,63209E-4
1,53079E-4
1,54738E-4
1,44082E-4
1,41523E-4
1,59834E-4
1,50714E-4
1,37709E-4
1,43179E-4
1,48372E-4
1,5601E-4
1,64022E-4
1,60468E-4
1,39555E-4
1,62938E-4
1,47076E-4
1,55638E-4
1,49066E-4
1,55416E-4
1,56362E-4
1,62092E-4
1,4494E-4
1,52985E-4
1,5734E-4
1,7515E-4
1,41844E-4
1,54338E-4
1,4928E-4
1,53956E-4
1,49017E-4
1,43074E-4
1,45851E-4
1,57083E-4
1,57606E-4
1,52108E-4
1,5347E-4
1,52711E-4
1,49647E-4
1,77141E-4
1,49665E-4
1,48299E-4
1,4426E-4
1,42374E-4
1,57728E-4
1,54785E-4
1,44963E-4
1,47527E-4
1,5277E-4
1,62608E-4
1,42485E-4
1,62192E-4
1,42458E-4
1,46165E-4
1,51791E-4
1,54243E-4
1,50656E-4
1,46395E-4
1,52564E-4
1,4069E-4
1,60868E-4
1,42334E-4
1,76339E-4
1,49159E-4
1,54124E-4
1,42451E-4
1,49502E-4
1,48531E-4
1,46376E-4
1,54452E-4
1,66997E-4
1,66172E-4
1,41296E-4
1,5385E-4
1,54526E-4
1,44302E-4
1,49921E-4
1,40334E-4
1,52153E-4
1,40958E-4
1,41786E-4
1,50692E-4
1,4469E-4
1,40734E-4
1,53036E-4
1,45924E-4
1,4429E-4
1,50756E-4
1,35543E-4
1,50087E-4
1,43386E-4
1,70799E-4
1,55206E-4
1,47577E-4
1,51396E-4
1,40604E-4
1,47276E-4
1,47773E-4
1,44221E-4
1,57458E-4
1,4814E-4
1,5181E-4
1,47472E-4
1,49369E-4
1,7417E-4
1,52999E-4
1,43343E-4
1,37728E-4
1,49598E-4
1,48809E-4
1,42422E-4
1,40483E-4
1,52607E-4
1,50724E-4
1,44962E-4
1,39045E-4
1,48181E-4
1,59652E-4
1,49675E-4
1,62364E-4
1,55186E-4
1,38827E-4
1,49332E-4
1,50618E-4
1,63754E-4
1,37083E-4
1,49712E-4
1,47292E-4
1,51789E-4
1,66403E-4
1,38805E-4
1,578E-4
1,60897E-4
1,45849E-4
1,42847E-4
1,60926E-4
1,62836E-4
1,37193E-4
1,55579E-4
1,37079E-4
1,53847E-4
1,6839E-4
1,56082E-4
1,74481E-4
1,44028E-4
1,40112E-4
1,47997E-4
1,49086E-4
1,47446E-4
1,46542E-4
1,55528E-4
1,48628E-4
1,46907E-4
1,48998E-4
1,46899E-4
1,55526E-4
1,49103E-4
1,44068E-4
1,50045E-4
1,43115E-4
1,6129E-4
1,46874E-4
1,39213E-4
1,39265E-4
1,6158E-4
1,60032E-4
1,61395E-4
1,4798E-4
1,53139E-4
1,78695E-4
1,68817E-4
1,50046E-4
1,46282E-4
1,52944E-4
1,50464E-4
1,48729E-4
1,39669E-4
1,50697E-4
1,39159E-4
1,51553E-4
1,51914E-4
1,65914E-4
1,47984E-4
1,48697E-4
1,52145E-4
1,46132E-4
1,37344E-4
1,43364E-4
1,51803E-4
1,42825E-4
1,44794E-4
1,45039E-4
1,52302E-4
1,5735E-4
1,39474E-4
1,57311E-4
1,41534E-4
1,75319E-4
1,39004E-4
1,38827E-4
1,49796E-4
1,50846E-4
1,44532E-4
1,59494E-4
1,71603E-4
1,78496E-4
1,62001E-4
1,46211E-4
1,52852E-4
1,49119E-4
1,55889E-4
1,52598E-4
1,48001E-4
1,48469E-4
1,6088E-4
1,49989E-4
1,50233E-4
1,63404E-4
1,43222E-4
1,45448E-4
1,72968E-4
1,68925E-4
1,63187E-4
1,59878E-4
1,65366E-4
1,44471E-4
1,59683E-4
1,58054E-4
1,53562E-4
1,39678E-4
1,4054E-4
1,61469E-4
1,45399E-4
1,47232E-4
1,48817E-4
1,37519E-4
1,5094E-4
1,4571E-4
1,45288E-4
1,55877E-4
1,42874E-4
1,461E-4
1,40395E-4
1,65025E-4
1,47794E-4
1,51086E-4
1,45661E-4
1,39096E-4
1,38634E-4
1,50695E-4
1,41779E-4
1,55188E-4
1,4282E-4
1,54124E-4
1,40003E-4
1,44496E-4
1,40193E-4
1,40933E-4
1,49643E-4
1,44381E-4
1,56899E-4
1,54487E-4
1,4641E-4
1,61399E-4
1,53933E-4
1,54433E-4
1,45681E-4
1,55764E-4
1,37831E-4
1,52233E-4
1,39095E-4
1,51379E-4
1,44294E-4
1,47879E-4
1,5017E-4
1,62205E-4
1,44896E-4
1,40465E-4
1,60202E-4
2,11493E-4
1,66404E-4
1,49657E-4
1,3956E-4
1,47984E-4
1,55603E-4
1,5307E-4
1,48357E-4
1,60738E-4
1,5038E-4
1,42281E-4
1,57891E-4
1,59042E-4
1,43468E-4
1,68928E-4
1,56403E-4
1,50527E-4
1,45326E-4
1,55936E-4
1,5624E-4
1,51802E-4
1,38964E-4
1,43958E-4
1,56327E-4
1,45885E-4
1,62624E-4
1,56102E-4
1,38646E-4
1,57638E-4
1,55978E-4
1,44188E-4
1,60096E-4
1,56728E-4
1,45955E-4
1,56802E-4
1,45091E-4
1,44246E-4
1,4563E-4
1,4919E-4
1,43292E-4
1,45512E-4
1,54225E-4
1,39998E-4
1,43605E-4
1,4135E-4
1,48708E-4
1,45838E-4
1,49374E-4
1,39499E-4
1,41714E-4
1,54656E-4
1,39603E-4
1,42204E-4
2,4579E-4
1,43774E-4
1,39135E-4
1,54154E-4
1,4341E-4
1,47448E-4
1,40632E-4
1,484E-4
1,42891E-4
1,58736E-4
1,53558E-4
1,6168E-4
1,38991E-4
1,51802E-4
1,46197E-4
1,39777E-4
1,3868E-4
1,541E-4
1,47317E-4
1,47122E-4
1,4851E-4
1,41683E-4
1,54142E-4
1,4694E-4
1,47982E-4
1,53292E-4
1,42991E-4
1,48609E-4
1,51864E-4
1,45304E-4
1,54453E-4
1,49596E-4
1,54686E-4
1,44548E-4
1,47257E-4
1,52529E-4
2,07025E-4
2,11587E-4
1,5104E-4
1,50393E-4
1,51781E-4
1,45305E-4
1,46839E-4
1,55356E-4
1,38989E-4
1,501E-4
1,40812E-4
1,52396E-4
1,43109E-4
1,46758E-4
1,40345E-4
1,40857E-4
1,58368E-4
1,45727E-4
1,49186E-4
1,40194E-4
1,54893E-4
1,45762E-4
1,53751E-4
1,54393E-4
1,66058E-4
3,25379E-4
3,31504E-4
4,09317E-4
4,09052E-4
3,46199E-4
3,77316E-4
4,25919E-4
3,83924E-4
3,99203E-4
4,42335E-4
3,99245E-4
3,5591E-4
4,09491E-4
4,23877E-4
4,42766E-4
4,08566E-4
4,80272E-4
1,53044E-4
1,4113E-4
1,40277E-4
1,46695E-4
1,53069E-4
1,38308E-4
1,37955E-4
1,46291E-4
1,58971E-4
1,4695E-4
1,41049E-4
1,49047E-4
1,39651E-4
1,40857E-4
1,53248E-4
1,43179E-4
1,5098E-4
1,43521E-4
1,39102E-4
1,46276E-4
1,48657E-4
1,48232E-4
1,55463E-4
1,44244E-4
1,44475E-4
1,42566E-4
1,49617E-4
1,53497E-4
1,37879E-4
1,56193E-4
1,66926E-4
1,61902E-4
1,35703E-4
1,51549E-4
1,50156E-4
1,51276E-4
1,39702E-4
1,51349E-4
1,38937E-4
1,53328E-4
1,58842E-4
1,52626E-4
1,62477E-4
1,44871E-4
1,50844E-4
1,54034E-4
1,48591E-4
1,54392E-4
1,55665E-4
1,36897E-4
1,51876E-4
1,56041E-4
1,5039E-4
1,39126E-4
1,45502E-4
1,46544E-4
1,53398E-4
1,36816E-4
1,40591E-4
1,47817E-4
1,41356E-4
1,50445E-4
1,65544E-4
1,43289E-4
1,475E-4
1,39941E-4
1,39415E-4
1,42039E-4
1,60824E-4
1,44687E-4
1,53558E-4
1,41748E-4
1,45628E-4
1,46799E-4
1,53876E-4
1,5101E-4
1,61897E-4
1,61893E-4
1,37381E-4
1,54907E-4
1,46466E-4
1,43153E-4
1,38214E-4
1,39604E-4
1,48908E-4
1,3996E-4
1,39492E-4
1,53736E-4
1,41789E-4
1,51576E-4
1,52876E-4
1,48807E-4
1,43798E-4
1,51221E-4
1,51342E-4
1,6745E-4
1,45156E-4
1,39616E-4
1,40641E-4
1,48515E-4
1,48193E-4
1,42795E-4
1,48696E-4
1,44814E-4
1,36426E-4
1,53166E-4
1,48749E-4
1,5428E-4
1,44687E-4
1,40009E-4
1,53212E-4
1,53064E-4
1,48935E-4
1,49788E-4
1,47832E-4
1,58951E-4
1,48372E-4
1,4686E-4
1,54618E-4
1,44095E-4
1,48801E-4
1,47657E-4
1,42394E-4
1,51904E-4
1,48968E-4
1,47276E-4
1,47568E-4
1,41148E-4
1,40913E-4
1,49735E-4
1,51288E-4
1,44431E-4
1,54188E-4
1,47834E-4
1,43871E-4
1,54976E-4
1,8287E-4
1,42043E-4
1,49833E-4
1,51569E-4
1,46962E-4
1,48541E-4
1,44421E-4
1,4758E-4
1,50742E-4
1,43314E-4
1,36674E-4
1,53192E-4
1,44452E-4
1,37811E-4
1,5151E-4
1,51962E-4
1,44315E-4
1,45287E-4
1,50261E-4
1,39358E-4
1,39642E-4
1,52052E-4
1,37342E-4
1,52665E-4
1,37219E-4
1,37815E-4
1,46791E-4
1,40401E-4
1,42501E-4
1,48186E-4
1,45527E-4
1,56632E-4
1,48641E-4
1,51338E-4
1,50404E-4
1,43258E-4
1,56287E-4
1,65439E-4
1,50323E-4
1,4479E-4
1,47376E-4
1,4754E-4
1,58327E-4
1,53702E-4
1,46058E-4
1,4451E-4
1,49832E-4
1,51921E-4
1,43166E-4
1,40532E-4
1,50593E-4
1,43748E-4
1,48143E-4
1,44348E-4
1,39031E-4
1,4938E-4
1,43693E-4
1,43047E-4
1,45766E-4
1,40584E-4
1,48915E-4
1,48269E-4
1,39498E-4
1,45549E-4
1,39302E-4
1,43548E-4
1,59694E-4
1,40557E-4
1,42143E-4
1,44434E-4
1,3941E-4
1,51296E-4
1,4611E-4
1,54303E-4
1,48448E-4
1,47182E-4
1,50521E-4
1,55193E-4
1,37681E-4
1,39531E-4
1,68603E-4
1,44701E-4
1,47416E-4
1,49273E-4
1,46865E-4
1,41186E-4
1,49171E-4
1,52171E-4
1,67654E-4
1,47377E-4
1,45953E-4
1,44925E-4
1,50494E-4
1,53338E-4
1,75267E-4
1,68342E-4
1,43683E-4
1,58985E-4
1,49499E-4
1,5387E-4
1,54502E-4
1,51088E-4
1,44149E-4
1,44558E-4
1,45224E-4
1,76024E-4
1,52655E-4
1,65435E-4
1,44027E-4
1,73518E-4
1,59683E-4
1,60378E-4
1,62246E-4
1,39033E-4
1,47379E-4
1,51528E-4
1,43616E-4
1,4871E-4
1,37334E-4
1,52202E-4
1,70453E-4
1,52739E-4
1,5285E-4
1,39517E-4
1,45968E-4
1,49526E-4
1,52387E-4
1,44809E-4
1,41113E-4
1,44658E-4
1,47799E-4
1,54604E-4
1,43294E-4
1,52043E-4
1,45112E-4
1,49249E-4
1,52287E-4
1,5177E-4
1,54613E-4
1,54591E-4
1,43426E-4
1,45896E-4
1,54467E-4
1,43394E-4
1,45709E-4
1,53073E-4
1,65542E-4
1,41072E-4
1,52915E-4
1,66379E-4
2,25216E-4
2,06314E-4
2,53306E-4
1,8948E-4
2,12685E-4
1,42769E-4
1,45889E-4
1,57314E-4
1,5633E-4
1,4819E-4
2,46772E-4
1,474E-4
1,72365E-4
1,47597E-4
1,60524E-4
1,45044E-4
1,45671E-4
1,48418E-4
1,45031E-4
1,41298E-4
1,4854E-4
1,51182E-4
1,53654E-4
1,46114E-4
1,50126E-4
1,46985E-4
1,40347E-4
1,49675E-4
1,42978E-4
1,51501E-4
1,47123E-4
1,5474E-4
1,44283E-4
1,47351E-4
1,56006E-4
1,50358E-4
1,58226E-4
1,46474E-4
1,45361E-4
1,43325E-4
1,47999E-4
1,41534E-4
1,39485E-4
1,54089E-4
1,73172E-4
1,51895E-4
1,46484E-4
1,40477E-4
1,47119E-4
1,60424E-4
1,52397E-4
1,45892E-4
1,44772E-4
1,46001E-4
1,47593E-4
1,52121E-4
1,46948E-4
1,41677E-4
1,39973E-4
1,52625E-4
1,47057E-4
1,39019E-4
1,51259E-4
1,45698E-4
1,49687E-4
1,46876E-4
1,53065E-4
1,39664E-4
1,46371E-4
1,44667E-4
1,42273E-4
1,53541E-4
1,74402E-4
1,4896E-4
1,50659E-4
1,42144E-4
1,43311E-4
1,53188E-4
1,45128E-4
1,44262E-4
1,48519E-4
1,48292E-4
1,55911E-4
1,4349E-4
1,47653E-4
1,45832E-4
1,45769E-4
1,46298E-4
1,48372E-4
1,41802E-4
1,49843E-4
1,51047E-4
1,43804E-4
1,45119E-4
1,53893E-4
1,70714E-4
1,38142E-4
1,50265E-4
1,48311E-4
1,47838E-4
1,39909E-4
1,8416E-4
1,44911E-4
2,0772E-4
2,01168E-4
1,77992E-4
2,75857E-4
2,02847E-4
2,40432E-4
1,98452E-4
2,47821E-4
1,5045E-4
1,6035E-4
1,46984E-4
1,42507E-4
1,4394E-4
1,44652E-4
1,39385E-4
1,47146E-4
1,56813E-4
1,42798E-4
1,40286E-4
1,60988E-4
1,92784E-4
2,15841E-4
2,21952E-4
1,85059E-4
2,15215E-4
1,92115E-4
2,22645E-4
2,05391E-4
2,58048E-4
2,01983E-4
2,10231E-4
2,246E-4
2,24693E-4
2,538E-4
2,08876E-4
1,83848E-4
2,28755E-4
2,45291E-4
2,55546E-4
1,92823E-4
2,10151E-4
2,65046E-4
2,19972E-4
2,17228E-4
1,53176E-4
1,40764E-4
2,01431E-4
1,98002E-4
2,59594E-4
2,03111E-4
1,88496E-4
2,09674E-4
2,34463E-4
2,02484E-4
2,28584E-4
2,10821E-4
2,14501E-4
1,41535E-4
1,4495E-4
1,42215E-4
1,48851E-4
1,35496E-4
1,49757E-4
1,41983E-4
1,52191E-4
1,59259E-4
1,46798E-4
1,40562E-4
1,53994E-4
1,67849E-4
1,60756E-4
1,45564E-4
1,35974E-4
1,4413E-4
1,47185E-4
1,49355E-4
1,48672E-4
1,48262E-4
1,64829E-4
1,69769E-4
1,50925E-4
1,47659E-4
1,44075E-4
1,4358E-4
1,72431E-4
1,49492E-4
1,57852E-4
1,479E-4
1,44614E-4
1,50064E-4
1,43944E-4
2,15933E-4
1,39371E-4
1,62853E-4
1,58082E-4
1,57494E-4
1,46976E-4
1,5938E-4
1,53753E-4
1,43892E-4
1,38695E-4
1,64499E-4
1,48346E-4
1,46244E-4
1,41722E-4
1,54825E-4
1,52765E-4
1,44325E-4
1,45108E-4
1,47185E-4
1,44628E-4
1,51527E-4
1,4813E-4
1,60627E-4
1,42832E-4
1,4365E-4
1,68238E-4
1,47098E-4
1,53696E-4
1,4676E-4
1,61435E-4
1,47733E-4
1,83046E-4
1,84845E-4
1,61766E-4
1,46284E-4
1,49381E-4
1,52643E-4
1,51914E-4
1,4794E-4
1,39413E-4
1,42298E-4
1,42037E-4
1,43791E-4
1,59934E-4
1,50253E-4
1,81236E-4
1,63749E-4
1,4819E-4
1,53516E-4
1,50398E-4
1,36558E-4
1,42816E-4
1,46263E-4
1,45438E-4
1,47462E-4
1,51377E-4
1,51707E-4
1,42344E-4
1,43073E-4
1,43687E-4
1,42141E-4
1,40772E-4
1,4447E-4
1,39991E-4
1,51435E-4
1,5327E-4
1,45016E-4
1,48084E-4
1,45611E-4
1,41157E-4
1,46158E-4
1,48118E-4
1,50602E-4
1,46324E-4
1,66901E-4
1,49069E-4
1,48E-4
1,42546E-4
1,47128E-4
1,40186E-4
1,41199E-4
1,49298E-4
1,44141E-4
1,54658E-4
1,44986E-4
1,44206E-4
1,37255E-4
1,49376E-4
1,41254E-4
1,46549E-4
1,45282E-4
1,51818E-4
1,45413E-4
1,49882E-4
1,51839E-4
1,3945E-4
0,00194938
1,50827E-4
1,49511E-4
1,44447E-4
1,48318E-4
1,47983E-4
1,40086E-4
1,58984E-4
1,46637E-4
1,50092E-4
1,43449E-4
1,54582E-4
1,51114E-4
1,46444E-4
1,48059E-4
1,39169E-4
1,44572E-4
1,45978E-4
1,43577E-4
1,47967E-4
1,46876E-4
1,69098E-4
1,55528E-4
1,68911E-4
1,61994E-4
1,46864E-4
1,64556E-4
1,45902E-4
1,59725E-4
1,634E-4
1,59844E-4
1,42283E-4
1,40218E-4
1,48943E-4
1,46461E-4
1,52611E-4
1,45283E-4
1,49806E-4
1,43835E-4
1,6643E-4
1,47708E-4
1,57852E-4
1,52585E-4
1,47475E-4
1,47138E-4
1,56179E-4
1,42886E-4
1,40271E-4
1,49833E-4
1,44194E-4
1,5233E-4
1,4865E-4
1,49903E-4
1,38996E-4
1,43337E-4
1,53306E-4
1,49764E-4
1,38066E-4
1,52094E-4
1,44521E-4
1,48521E-4
1,5244E-4
1,58508E-4
1,50528E-4
1,47455E-4
1,4804E-4
1,37088E-4
1,58506E-4
1,50732E-4
1,53713E-4
1,3806E-4
1,49469E-4
1,48678E-4
1,47728E-4
1,49127E-4
1,47918E-4
1,51718E-4
1,46852E-4
1,53037E-4
1,48973E-4
1,4903E-4
1,45711E-4
1,51783E-4
1,42625E-4
1,50314E-4
1,4791E-4
1,45609E-4
1,44248E-4
1,48756E-4
1,45713E-4
1,46006E-4
1,60155E-4
1,47531E-4
1,39544E-4
1,66229E-4
1,54061E-4
1,49909E-4
1,52647E-4
1,51126E-4
1,5172E-4
1,68469E-4
1,5385E-4
1,44421E-4
1,43165E-4
1,44293E-4
1,56307E-4
1,47733E-4
1,52302E-4
1,51808E-4
1,46635E-4
1,4878E-4
1,49656E-4
1,54212E-4
1,68685E-4
1,47688E-4
1,45384E-4
1,53193E-4
1,46545E-4
1,48503E-4
1,40112E-4
1,47409E-4
1,515E-4
1,4845E-4
1,43082E-4
1,47759E-4
1,46133E-4
1,44191E-4
1,4862E-4
1,45356E-4
1,55561E-4
1,48854E-4
1,55879E-4
1,48308E-4
1,42089E-4
1,43876E-4
1,55512E-4
1,51787E-4
1,52135E-4
1,37732E-4
1,50841E-4
1,48825E-4
1,54658E-4
1,49719E-4
1,44132E-4
1,66713E-4
1,47148E-4
1,39475E-4
1,53202E-4
1,51429E-4
1,39431E-4
1,62228E-4
1,5163E-4
1,46941E-4
1,37257E-4
1,46699E-4
1,44567E-4
1,48822E-4
1,57193E-4
1,42513E-4
1,49471E-4
1,53034E-4
1,48446E-4
1,50633E-4
1,39084E-4
1,50972E-4
1,45003E-4
1,50552E-4
1,39229E-4
1,5405E-4
1,61118E-4
1,52196E-4
1,44062E-4
1,44798E-4
1,4435E-4
1,45043E-4
1,60586E-4
1,46601E-4
1,66687E-4
1,53693E-4
1,38979E-4
1,49251E-4
1,42863E-4
1,68043E-4
1,47506E-4
1,52468E-4
1,42646E-4
1,37216E-4
1,43546E-4
1,42474E-4
1,48694E-4
1,44803E-4
1,42658E-4
1,4646E-4
1,5464E-4
1,40047E-4
1,41816E-4
1,43771E-4
1,51222E-4
1,49698E-4
1,50353E-4
1,37783E-4
1,46265E-4
1,37752E-4
1,5346E-4
1,47349E-4
1,50249E-4
1,46086E-4
1,50954E-4
1,34691E-4
1,41691E-4
1,43948E-4
1,44268E-4
1,39748E-4
1,41301E-4
1,35145E-4
1,36819E-4
1,36199E-4
1,39193E-4
1,35997E-4
1,36303E-4
1,37711E-4
