1,42077E-4
1,51231E-4
1,6315E-4
1,48458E-4
1,48049E-4
1,45461E-4
1,47777E-4
1,58756E-4
1,59772E-4
1,60522E-4
1,42245E-4
1,52554E-4
1,55689E-4
1,4993E-4
1,49098E-4
1,49726E-4
1,68339E-4
1,55963E-4
1,57051E-4
1,51996E-4
1,47923E-4
1,42542E-4
1,65144E-4
1,40078E-4
1,45331E-4
1,42493E-4
1,51555E-4
1,53326E-4
1,44275E-4
1,68793E-4
1,44873E-4
1,37925E-4
1,40563E-4
1,4454E-4
1,47815E-4
1,45238E-4
1,55337E-4
1,61819E-4
1,47983E-4
1,62547E-4
1,52809E-4
1,4855E-4
1,47846E-4
1,68068E-4
1,50836E-4
1,461E-4
1,73904E-4
1,54192E-4
1,4975E-4
1,38725E-4
1,54874E-4
1,52562E-4
1,42488E-4
1,50029E-4
1,44908E-4
1,52697E-4
1,46236E-4
1,44853E-4
1,52364E-4
1,50204E-4
1,46405E-4
1,44721E-4
1,57611E-4
1,42063E-4
1,5063E-4
1,47859E-4
1,56122E-4
1,52329E-4
1,5298E-4
1,52437E-4
1,49529E-4
1,52378E-4
1,43168E-4
1,41585E-4
1,62136E-4
1,45637E-4
1,44768E-4
1,49793E-4
1,50041E-4
1,47959E-4
1,39223E-4
1,666E-4
1,50243E-4
1,51628E-4
1,57489E-4
1,36332E-4
1,51041E-4
1,54631E-4
1,62031E-4
1,57872E-4
1,60055E-4
1,60797E-4
2,05211E-4
2,23512E-4
2,22312E-4
2,39752E-4
2,36557E-4
2,30391E-4
2,55207E-4
2,44221E-4
2,65552E-4
2,06674E-4
2,15286E-4
1,90048E-4
2,21791E-4
2,22347E-4
2,4329E-4
1,64702E-4
2,21534E-4
2,05491E-4
2,1804E-4
1,67446E-4
1,4871E-4
1,89386E-4
2,09029E-4
1,7988E-4
2,61643E-4
1,87288E-4
2,14981E-4
1,57341E-4
1,75249E-4
1,51683E-4
1,51928E-4
1,48837E-4
1,58913E-4
1,47E-4
1,59537E-4
1,47219E-4
1,39054E-4
1,49454E-4
1,40228E-4
1,59862E-4
1,49047E-4
1,53778E-4
1,54706E-4
1,47689E-4
1,50378E-4
1,54449E-4
1,41164E-4
1,53565E-4
1,62419E-4
1,42489E-4
1,53127E-4
1,45868E-4
1,57525E-4
1,51175E-4
1,66464E-4
1,51436E-4
1,38342E-4
1,49055E-4
1,49387E-4
1,44166E-4
1,7504E-4
1,48278E-4
1,41151E-4
1,57556E-4
1,46625E-4
1,4229E-4
1,39924E-4
1,5419E-4
1,49726E-4
1,67752E-4
1,58584E-4
1,5877E-4
1,59143E-4
1,53206E-4
1,54412E-4
1,52585E-4
1,42099E-4
1,49712E-4
1,47566E-4
1,46787E-4
1,52215E-4
1,54388E-4
1,46914E-4
1,45013E-4
1,52002E-4
1,39465E-4
1,51063E-4
1,41126E-4
1,45922E-4
1,4266E-4
1,56277E-4
1,44163E-4
1,60952E-4
1,50313E-4
1,45872E-4
1,55449E-4
1,59047E-4
1,41902E-4
1,40964E-4
1,56698E-4
1,38694E-4
1,58921E-4
1,49342E-4
1,49544E-4
1,56086E-4
1,50401E-4
1,47081E-4
1,42373E-4
1,47697E-4
1,4641E-4
1,38525E-4
1,47201E-4
1,53443E-4
1,43836E-4
1,47145E-4
1,60391E-4
1,71731E-4
1,44463E-4
1,49734E-4
1,40546E-4
1,70723E-4
1,54559E-4
1,43803E-4
1,59657E-4
1,52788E-4
1,53206E-4
1,58119E-4
1,54713E-4
1,80273E-4
1,45652E-4
1,4305E-4
1,45863E-4
1,47702E-4
1,42047E-4
1,44545E-4
1,5485E-4
1,51114E-4
1,46055E-4
1,41864E-4
1,46309E-4
1,57349E-4
1,42625E-4
1,50815E-4
1,56872E-4
1,5363E-4
1,39337E-4
1,54404E-4
1,4046E-4
1,43802E-4
1,53815E-4
1,49436E-4
1,51593E-4
1,44758E-4
1,5414E-4
1,43794E-4
1,50115E-4
1,44305E-4
1,63997E-4
1,41319E-4
1,50079E-4
2,48424E-4
2,05339E-4
1,77394E-4
2,14072E-4
2,20163E-4
1,67371E-4
1,56486E-4
1,49755E-4
1,36921E-4
1,44886E-4
1,40555E-4
1,49032E-4
1,62473E-4
1,86937E-4
1,58995E-4
1,5947E-4
1,43693E-4
1,46139E-4
1,44655E-4
1,43179E-4
1,50193E-4
1,5299E-4
1,58048E-4
1,38449E-4
1,51058E-4
1,45541E-4
1,52097E-4
1,4426E-4
1,49592E-4
1,46409E-4
1,46102E-4
1,38778E-4
1,52727E-4
1,59544E-4
1,68457E-4
1,56069E-4
1,65304E-4
1,46988E-4
1,55268E-4
1,56789E-4
1,46948E-4
1,54598E-4
1,51776E-4
1,48659E-4
2,0228E-4
1,55777E-4
1,52172E-4
1,63174E-4
1,48291E-4
1,52188E-4
1,45283E-4
1,56233E-4
1,55101E-4
1,52409E-4
1,47506E-4
1,48796E-4
1,52442E-4
2,09695E-4
1,85934E-4
1,50483E-4
1,50688E-4
1,59156E-4
1,49858E-4
1,56558E-4
1,50195E-4
1,39127E-4
1,57791E-4
1,47418E-4
1,46317E-4
1,51647E-4
1,67261E-4
1,48558E-4
1,60485E-4
1,49817E-4
1,56717E-4
1,56672E-4
1,56822E-4
1,47864E-4
1,73672E-4
2,24435E-4
1,84245E-4
2,35986E-4
2,25341E-4
2,02503E-4
1,5793E-4
1,56784E-4
1,64377E-4
1,40116E-4
1,65566E-4
1,48908E-4
1,71151E-4
1,42594E-4
1,42692E-4
1,54671E-4
1,79027E-4
1,61211E-4
1,49363E-4
1,54543E-4
1,44002E-4
1,49616E-4
1,49771E-4
1,5152E-4
1,43276E-4
1,469E-4
1,48306E-4
1,49228E-4
1,44135E-4
1,46894E-4
1,55033E-4
1,55681E-4
1,51577E-4
1,50122E-4
1,61361E-4
1,53836E-4
1,6466E-4
1,45698E-4
1,60864E-4
1,45162E-4
1,5694E-4
1,53278E-4
1,53333E-4
1,42252E-4
1,38517E-4
1,47103E-4
1,40893E-4
1,54567E-4
1,52456E-4
1,51065E-4
1,47827E-4
1,49246E-4
1,45571E-4
1,452E-4
1,53048E-4
1,51639E-4
1,64504E-4
1,77173E-4
1,69252E-4
1,53463E-4
1,50612E-4
1,52664E-4
1,45605E-4
1,37597E-4
1,504E-4
1,5255E-4
1,37924E-4
1,5684E-4
1,52924E-4
1,45333E-4
1,41837E-4
1,41926E-4
1,43494E-4
1,48407E-4
1,43054E-4
0,001574101
1,43092E-4
1,49601E-4
1,47232E-4
1,51033E-4
1,54098E-4
1,72291E-4
1,71716E-4
1,5518E-4
1,57923E-4
1,48473E-4
1,53366E-4
1,63976E-4
1,50518E-4
1,52827E-4
1,3951E-4
1,55688E-4
1,40751E-4
1,71503E-4
1,39688E-4
1,53694E-4
1,50988E-4
1,36906E-4
1,47164E-4
1,41207E-4
1,58316E-4
1,47233E-4
1,4576E-4
1,66471E-4
1,48145E-4
1,66597E-4
1,52113E-4
1,49308E-4
1,45707E-4
1,48999E-4
1,50245E-4
1,40749E-4
1,48394E-4
1,38548E-4
1,43883E-4
1,51411E-4
1,6571E-4
1,52613E-4
1,43217E-4
1,44203E-4
1,38075E-4
1,45853E-4
1,44991E-4
1,68181E-4
1,50998E-4
1,42677E-4
1,55278E-4
1,47234E-4
1,60778E-4
1,5334E-4
1,58046E-4
1,46825E-4
1,54591E-4
1,5077E-4
1,59607E-4
1,5233E-4
1,39925E-4
2,49571E-4
2,33005E-4
2,11171E-4
2,06837E-4
2,05155E-4
2,3117E-4
2,46396E-4
1,46466E-4
1,45316E-4
1,50564E-4
1,47019E-4
1,55988E-4
1,41275E-4
1,50544E-4
1,43965E-4
1,62273E-4
1,52617E-4
1,37076E-4
1,40838E-4
1,42751E-4
1,47361E-4
1,5299E-4
1,40534E-4
1,54568E-4
1,47197E-4
1,44783E-4
1,47966E-4
1,42894E-4
1,52033E-4
1,48862E-4
1,61962E-4
1,43276E-4
1,39936E-4
1,43428E-4
1,49713E-4
1,477E-4
1,47431E-4
1,44517E-4
1,43795E-4
1,52396E-4
1,52923E-4
1,54287E-4
1,53794E-4
1,40718E-4
1,50674E-4
1,4899E-4
1,40172E-4
1,52118E-4
1,59968E-4
1,4124E-4
1,47889E-4
1,65616E-4
1,49522E-4
1,69128E-4
1,54407E-4
1,52438E-4
1,46132E-4
1,50651E-4
1,45691E-4
1,39864E-4
1,75555E-4
1,48559E-4
1,49726E-4
1,66706E-4
1,71004E-4
1,52697E-4
1,49592E-4
1,43439E-4
1,44336E-4
1,45901E-4
1,49672E-4
1,48816E-4
1,64017E-4
1,85077E-4
1,63614E-4
1,52557E-4
1,55768E-4
1,49748E-4
1,44357E-4
1,38562E-4
1,45432E-4
1,43615E-4
1,538E-4
1,49427E-4
1,57223E-4
1,56302E-4
1,48217E-4
1,5784E-4
1,76037E-4
1,51753E-4
1,57731E-4
1,47126E-4
1,47916E-4
1,48716E-4
1,51435E-4
1,46977E-4
1,58988E-4
1,46244E-4
1,60044E-4
1,46238E-4
1,70699E-4
1,59235E-4
1,83621E-4
1,4544E-4
1,49733E-4
1,42481E-4
1,45425E-4
1,54618E-4
1,45083E-4
1,7031E-4
1,48681E-4
1,57963E-4
1,37114E-4
1,41612E-4
1,58009E-4
1,44067E-4
1,5006E-4
1,54046E-4
1,45064E-4
1,46218E-4
1,40499E-4
1,40433E-4
1,78154E-4
1,47025E-4
1,73524E-4
1,51656E-4
1,56443E-4
1,48007E-4
1,4357E-4
1,54478E-4
1,42009E-4
1,56211E-4
1,53275E-4
1,42029E-4
1,51092E-4
1,58272E-4
1,47671E-4
0,009854797
1,51324E-4
1,73621E-4
1,53053E-4
1,42484E-4
1,6255E-4
1,51148E-4
1,64631E-4
1,43616E-4
1,4593E-4
1,53737E-4
2,59552E-4
2,01585E-4
2,35825E-4
2,44561E-4
2,26539E-4
2,16153E-4
2,68168E-4
2,10094E-4
2,36162E-4
2,2971E-4
1,49417E-4
1,47329E-4
1,48892E-4
1,4447E-4
1,48193E-4
1,46959E-4
1,41154E-4
1,52145E-4
1,39853E-4
1,51113E-4
1,54106E-4
1,48809E-4
1,50154E-4
1,50506E-4
1,49488E-4
1,63523E-4
1,56073E-4
1,45478E-4
1,44405E-4
1,51244E-4
1,4792E-4
1,54474E-4
1,45322E-4
1,56077E-4
1,54307E-4
1,52393E-4
1,4395E-4
1,55194E-4
1,638E-4
1,53379E-4
1,48729E-4
1,38673E-4
1,50465E-4
1,56937E-4
1,53512E-4
1,42792E-4
1,50272E-4
1,51799E-4
1,65505E-4
1,46809E-4
1,46944E-4
1,43689E-4
1,4999E-4
1,88277E-4
1,46479E-4
1,40408E-4
1,56366E-4
1,48425E-4
1,45459E-4
1,45685E-4
1,48375E-4
1,55924E-4
1,48359E-4
1,39185E-4
1,51918E-4
1,50137E-4
1,46697E-4
1,73268E-4
1,40086E-4
1,59277E-4
1,65205E-4
1,48378E-4
1,37488E-4
1,59145E-4
1,50235E-4
1,43139E-4
1,53318E-4
1,48342E-4
1,55951E-4
1,74389E-4
1,52238E-4
1,45408E-4
1,51692E-4
1,46915E-4
1,53903E-4
1,51043E-4
1,4867E-4
1,47497E-4
1,50956E-4
1,42474E-4
1,46237E-4
1,58477E-4
1,49562E-4
1,40786E-4
1,67889E-4
1,54553E-4
1,40353E-4
1,45439E-4
1,55857E-4
1,51252E-4
1,5627E-4
1,58707E-4
1,51206E-4
1,48636E-4
1,51644E-4
1,5227E-4
1,62936E-4
1,49389E-4
1,43485E-4
1,57911E-4
1,60981E-4
1,40392E-4
1,46681E-4
2,49883E-4
3,44421E-4
3,33134E-4
3,14162E-4
3,24629E-4
3,30919E-4
3,3916E-4
3,23491E-4
3,4831E-4
3,37326E-4
3,15301E-4
3,11269E-4
3,10576E-4
3,33372E-4
3,40535E-4
1,45222E-4
1,4863E-4
1,53949E-4
1,46978E-4
1,54094E-4
1,43582E-4
1,43104E-4
1,52132E-4
1,56515E-4
1,45223E-4
1,43816E-4
1,54772E-4
1,59237E-4
1,46474E-4
1,47196E-4
1,60057E-4
1,4123E-4
1,5138E-4
1,4083E-4
1,41691E-4
1,56465E-4
1,37292E-4
1,56679E-4
1,41718E-4
1,48079E-4
1,54135E-4
1,44502E-4
1,54808E-4
1,45641E-4
1,50505E-4
1,44915E-4
1,40367E-4
1,59725E-4
1,41338E-4
1,50521E-4
1,35341E-4
1,51231E-4
1,48877E-4
1,49788E-4
1,44959E-4
1,56888E-4
1,40481E-4
1,44316E-4
1,48923E-4
1,47199E-4
1,6091E-4
1,48914E-4
1,50901E-4
1,47481E-4
1,47455E-4
1,51684E-4
1,51669E-4
1,51393E-4
1,42402E-4
1,44508E-4
1,51687E-4
1,47752E-4
1,48107E-4
1,42926E-4
1,51406E-4
1,5655E-4
1,50433E-4
1,48834E-4
1,4736E-4
1,36568E-4
1,51193E-4
1,40387E-4
1,50521E-4
1,45737E-4
1,40994E-4
1,43908E-4
1,50789E-4
1,694E-4
1,36686E-4
1,4339E-4
1,36765E-4
1,43322E-4
1,42161E-4
1,39722E-4
1,46234E-4
1,4114E-4
1,53055E-4
1,50706E-4
1,51411E-4
1,48752E-4
1,41742E-4
1,38951E-4
1,59396E-4
1,46945E-4
1,61612E-4
1,44938E-4
1,61104E-4
1,39938E-4
1,39054E-4
1,42678E-4
1,48283E-4
1,61604E-4
1,49193E-4
1,59712E-4
1,62593E-4
1,50997E-4
1,46925E-4
1,47893E-4
1,50655E-4
1,42946E-4
1,4977E-4
1,50026E-4
1,38592E-4
1,48343E-4
1,61725E-4
1,44758E-4
1,50454E-4
1,44788E-4
1,43171E-4
1,52856E-4
1,4911E-4
1,52196E-4
1,43862E-4
1,54225E-4
1,41344E-4
1,46601E-4
1,49596E-4
1,39023E-4
1,48526E-4
1,43167E-4
1,46828E-4
1,53484E-4
1,4759E-4
1,5098E-4
1,48378E-4
1,72264E-4
1,50809E-4
1,56099E-4
1,4354E-4
1,56244E-4
1,51202E-4
1,37411E-4
1,45759E-4
1,49318E-4
1,5773E-4
1,66052E-4
1,48791E-4
1,51078E-4
1,40225E-4
1,48385E-4
1,48292E-4
1,52284E-4
1,45262E-4
1,49874E-4
1,50258E-4
1,48942E-4
1,4461E-4
1,55937E-4
1,61609E-4
1,55275E-4
1,50888E-4
1,39571E-4
1,52457E-4
1,65049E-4
1,9092E-4
1,45396E-4
1,48412E-4
1,42317E-4
1,56022E-4
1,49945E-4
1,37223E-4
1,49687E-4
1,38511E-4
1,42382E-4
1,58841E-4
1,52219E-4
1,40538E-4
1,48431E-4
1,56941E-4
1,3751E-4
1,52451E-4
1,5221E-4
1,52853E-4
1,53739E-4
1,49631E-4
1,44303E-4
1,51304E-4
1,54019E-4
1,49601E-4
1,45658E-4
1,49268E-4
1,52283E-4
1,48933E-4
1,48577E-4
1,49724E-4
1,49944E-4
1,5403E-4
1,56017E-4
1,53692E-4
1,58098E-4
1,53335E-4
1,49146E-4
1,62738E-4
1,54114E-4
1,55791E-4
1,64008E-4
1,53311E-4
1,45846E-4
1,45578E-4
1,52468E-4
1,4709E-4
1,7252E-4
1,55181E-4
1,41751E-4
1,58477E-4
1,59708E-4
1,44946E-4
1,41903E-4
1,50803E-4
1,58179E-4
1,50318E-4
1,55279E-4
1,54535E-4
1,54681E-4
1,47437E-4
1,42334E-4
1,53575E-4
1,44898E-4
1,44687E-4
1,47727E-4
1,45549E-4
1,41766E-4
1,50298E-4
1,41586E-4
1,47253E-4
1,44041E-4
1,46961E-4
1,38551E-4
1,53691E-4
1,48769E-4
1,37598E-4
1,50365E-4
1,47215E-4
1,58573E-4
1,50073E-4
1,49518E-4
1,43091E-4
1,39552E-4
1,52127E-4
1,54041E-4
1,44553E-4
1,5211E-4
1,41594E-4
1,54841E-4
1,50369E-4
1,50615E-4
1,42621E-4
1,57575E-4
1,46873E-4
1,47884E-4
1,54873E-4
1,51146E-4
1,57037E-4
1,51492E-4
1,50878E-4
1,55129E-4
1,50406E-4
1,50343E-4
1,38994E-4
1,47852E-4
1,50171E-4
1,37957E-4
1,40692E-4
1,52683E-4
1,47775E-4
1,61688E-4
1,54303E-4
1,57993E-4
1,52736E-4
1,54884E-4
1,51907E-4
1,42591E-4
1,50286E-4
1,65179E-4
1,36683E-4
1,43055E-4
1,4843E-4
1,57553E-4
1,50703E-4
1,43492E-4
1,36329E-4
1,46795E-4
1,39914E-4
1,51884E-4
1,47039E-4
1,44698E-4
1,48169E-4
1,46737E-4
1,52838E-4
1,41821E-4
1,39938E-4
1,47475E-4
1,49185E-4
1,43408E-4
1,49131E-4
1,46353E-4
1,39232E-4
1,45461E-4
1,45561E-4
1,59808E-4
1,4217E-4
1,43468E-4
1,43851E-4
1,52498E-4
1,44757E-4
1,66687E-4
1,51745E-4
1,56728E-4
1,43848E-4
1,67165E-4
1,53374E-4
1,60558E-4
1,60096E-4
1,4746E-4
1,63952E-4
1,63222E-4
1,41284E-4
1,62837E-4
1,60094E-4
1,45684E-4
1,41097E-4
1,70741E-4
1,48845E-4
1,67305E-4
1,5536E-4
1,65362E-4
1,53824E-4
1,63847E-4
1,48043E-4
1,52257E-4
1,40049E-4
1,51639E-4
1,44202E-4
1,50441E-4
1,62066E-4
1,53249E-4
1,52844E-4
1,47601E-4
1,38854E-4
1,46793E-4
1,57637E-4
1,53651E-4
1,4937E-4
1,43928E-4
1,42339E-4
1,43045E-4
1,50306E-4
1,47103E-4
1,51516E-4
1,61088E-4
1,50725E-4
1,51108E-4
1,53586E-4
1,54025E-4
1,45937E-4
1,61185E-4
1,58547E-4
1,49713E-4
1,51678E-4
1,54068E-4
1,42033E-4
1,52656E-4
1,37355E-4
1,5208E-4
1,55608E-4
0,001973168
1,5015E-4
1,38677E-4
1,42774E-4
1,51103E-4
1,49136E-4
1,53428E-4
1,62804E-4
1,49358E-4
1,42041E-4
1,44749E-4
1,53495E-4
1,56889E-4
1,4735E-4
1,51923E-4
1,52524E-4
1,51307E-4
1,44851E-4
1,5847E-4
1,56018E-4
1,50736E-4
1,48451E-4
1,50217E-4
1,4903E-4
1,43807E-4
1,49006E-4
1,39581E-4
1,49619E-4
1,67673E-4
1,53931E-4
1,42584E-4
1,56936E-4
1,48882E-4
1,46687E-4
1,42308E-4
1,42601E-4
1,55265E-4
1,46764E-4
1,68343E-4
1,50964E-4
1,45895E-4
1,60868E-4
1,52417E-4
1,51598E-4
1,43284E-4
1,53074E-4
1,48297E-4
1,49058E-4
1,57757E-4
1,37789E-4
1,62905E-4
1,46984E-4
1,51532E-4
1,51228E-4
1,45267E-4
1,46589E-4
1,47913E-4
1,57571E-4
1,63454E-4
1,50594E-4
1,58393E-4
1,4689E-4
1,92487E-4
1,44866E-4
1,55386E-4
1,58713E-4
1,50801E-4
1,8213E-4
1,52604E-4
1,55771E-4
1,54689E-4
1,55117E-4
1,52308E-4
1,53291E-4
1,48616E-4
1,50264E-4
1,41093E-4
1,47371E-4
1,38098E-4
1,4441E-4
1,5121E-4
1,52492E-4
1,47563E-4
1,53144E-4
1,38193E-4
1,5232E-4
1,55055E-4
1,4757E-4
1,51729E-4
1,86717E-4
1,40855E-4
1,45137E-4
1,45235E-4
1,514E-4
1,49814E-4
1,44248E-4
1,51105E-4
1,43634E-4
0,001809776
1,69589E-4
1,42489E-4
1,48686E-4
1,47822E-4
1,41368E-4
1,42272E-4
1,51352E-4
1,39868E-4
1,43271E-4
1,71029E-4
1,47208E-4
1,46982E-4
1,59066E-4
1,47144E-4
1,50359E-4
1,39077E-4
1,57044E-4
1,36431E-4
1,53373E-4
1,51194E-4
1,43381E-4
1,46702E-4
1,51075E-4
1,52409E-4
1,39054E-4
1,40031E-4
1,44561E-4
1,52683E-4
1,44598E-4
1,48852E-4
1,57982E-4
1,42589E-4
1,43448E-4
1,49581E-4
1,52108E-4
1,50026E-4
1,39457E-4
1,40872E-4
1,49615E-4
1,54452E-4
1,6572E-4
1,4987E-4
1,42598E-4
1,41877E-4
1,60541E-4
1,47953E-4
1,56596E-4
1,53485E-4
1,68922E-4
1,44791E-4
1,5764E-4
1,38888E-4
1,65087E-4
1,48497E-4
1,40058E-4
1,38527E-4
1,65539E-4
1,46557E-4
1,49486E-4
1,65681E-4
1,56955E-4
1,56165E-4
1,43648E-4
1,56996E-4
1,53402E-4
1,52929E-4
1,47357E-4
1,4814E-4
1,68747E-4
1,63393E-4
1,5202E-4
1,40704E-4
1,56779E-4
1,53093E-4
1,52924E-4
1,52301E-4
1,49302E-4
1,49797E-4
1,61374E-4
1,43006E-4
1,43505E-4
1,4266E-4
1,43406E-4
1,59857E-4
1,50205E-4
1,45507E-4
1,54174E-4
1,57758E-4
1,48012E-4
1,50304E-4
1,38568E-4
1,60481E-4
1,62346E-4
1,62787E-4
1,47417E-4
1,51625E-4
1,46073E-4
1,50393E-4
1,48426E-4
1,41218E-4
1,49627E-4
1,3887E-4
1,46193E-4
1,56939E-4
1,43732E-4
1,45188E-4
1,48435E-4
1,53683E-4
1,65465E-4
1,55717E-4
1,54299E-4
1,5942E-4
1,38918E-4
1,54706E-4
1,50031E-4
1,40527E-4
1,50527E-4
1,39187E-4
1,56526E-4
1,40423E-4
1,53821E-4
1,50681E-4
1,51293E-4
1,67784E-4
1,40223E-4
1,54287E-4
2,14898E-4
1,5224E-4
1,40692E-4
1,66549E-4
1,47708E-4
1,53674E-4
1,44055E-4
1,50256E-4
1,34347E-4
1,56227E-4
1,39557E-4
1,61937E-4
1,60941E-4
1,52143E-4
1,49028E-4
1,53646E-4
1,37527E-4
1,53031E-4
1,43748E-4
1,49033E-4
1,54322E-4
1,367E-4
1,49335E-4
1,41674E-4
1,50654E-4
1,72658E-4
1,62747E-4
1,49625E-4
1,58265E-4
1,50179E-4
1,48387E-4
1,47215E-4
1,4916E-4
1,5133E-4
1,37568E-4
1,68646E-4
1,49044E-4
1,51279E-4
1,49524E-4
1,54951E-4
1,64658E-4
1,45128E-4
1,50225E-4
1,54783E-4
1,41071E-4
1,50484E-4
1,46587E-4
1,39987E-4
1,40461E-4
1,57898E-4
1,46436E-4
1,45454E-4
1,62996E-4
1,52491E-4
1,4658E-4
1,54637E-4
1,48484E-4
1,4714E-4
1,52761E-4
1,51875E-4
1,50221E-4
1,44177E-4
1,58843E-4
1,49879E-4
1,93884E-4
1,4993E-4
1,46131E-4
1,50632E-4
1,56261E-4
1,50996E-4
1,54741E-4
1,38469E-4
1,52796E-4
1,48255E-4
1,48727E-4
1,54161E-4
1,48781E-4
1,38658E-4
1,49578E-4
1,69306E-4
1,6502E-4
1,58025E-4
1,47274E-4
1,51935E-4
1,406E-4
1,53054E-4
1,47276E-4
1,69055E-4
1,46189E-4
1,63851E-4
1,50019E-4
1,48749E-4
1,42024E-4
1,62334E-4
1,47889E-4
1,48124E-4
1,45862E-4
1,71141E-4
1,53039E-4
1,49873E-4
1,4884E-4
1,45901E-4
1,55495E-4
1,39556E-4
1,61353E-4
1,42504E-4
1,4585E-4
1,50849E-4
1,45073E-4
1,48977E-4
1,42799E-4
1,38964E-4
1,47565E-4
1,48357E-4
1,43025E-4
1,5306E-4
1,38841E-4
1,49606E-4
1,47357E-4
1,4907E-4
1,47012E-4
1,36318E-4
1,50083E-4
1,58209E-4
1,51419E-4
1,55873E-4
1,47218E-4
1,38599E-4
1,40865E-4
1,46806E-4
1,40223E-4
1,49893E-4
1,4055E-4
1,42574E-4
1,46557E-4
1,53884E-4
1,39743E-4
1,6381E-4
1,39855E-4
1,50731E-4
1,58401E-4
1,59236E-4
1,41194E-4
1,59754E-4
1,49633E-4
1,59836E-4
1,53249E-4
1,5911E-4
1,38529E-4
1,30603E-4
1,41798E-4
1,42936E-4
1,50544E-4
1,53038E-4
1,46887E-4
1,48428E-4
1,51609E-4
1,47876E-4
1,4166E-4
1,54614E-4
1,4354E-4
1,50203E-4
1,54865E-4
1,47363E-4
1,5396E-4
1,51543E-4
1,49026E-4
1,4934E-4
1,53616E-4
1,49783E-4
1,44174E-4
1,44188E-4
1,63637E-4
1,4869E-4
1,50082E-4
1,37772E-4
1,39111E-4
1,49792E-4
1,54343E-4
1,4657E-4
1,61941E-4
1,56013E-4
1,51311E-4
1,50182E-4
1,58778E-4
1,60106E-4
1,6063E-4
1,5401E-4
1,50411E-4
1,47368E-4
1,71574E-4
1,41515E-4
1,5495E-4
1,4537E-4
1,54873E-4
1,54462E-4
1,53347E-4
1,38071E-4
1,47562E-4
1,38802E-4
1,58766E-4
1,46804E-4
1,45117E-4
1,48958E-4
1,60538E-4
1,49189E-4
1,45787E-4
1,60191E-4
1,57343E-4
1,44269E-4
1,49008E-4
1,49953E-4
1,54893E-4
1,72508E-4
1,49627E-4
1,40481E-4
1,39576E-4
1,64465E-4
1,51892E-4
1,41089E-4
1,53793E-4
1,38453E-4
1,3999E-4
1,543E-4
1,47371E-4
1,41892E-4
1,55878E-4
1,43679E-4
1,4834E-4
1,69117E-4
1,53916E-4
1,39188E-4
1,5344E-4
1,48656E-4
1,52016E-4
1,44071E-4
1,637E-4
1,45796E-4
1,62079E-4
1,51217E-4
1,40271E-4
1,4799E-4
1,47358E-4
1,50209E-4
1,5422E-4
1,47656E-4
1,54823E-4
1,48042E-4
1,47846E-4
1,50306E-4
1,4654E-4
1,41487E-4
1,37189E-4
1,54123E-4
1,45764E-4
1,44346E-4
1,39664E-4
1,48067E-4
1,65371E-4
1,51689E-4
1,49793E-4
1,49062E-4
1,54257E-4
1,5299E-4
1,39405E-4
1,4715E-4
1,52101E-4
1,46954E-4
1,73047E-4
1,43066E-4
1,64471E-4
1,44884E-4
1,392E-4
1,50961E-4
1,47148E-4
1,54927E-4
1,43905E-4
1,64768E-4
1,43557E-4
1,40823E-4
1,48749E-4
1,50892E-4
1,64587E-4
1,55686E-4
1,37686E-4
1,56112E-4
1,67187E-4
1,61033E-4
1,40819E-4
1,4835E-4
1,64998E-4
1,57265E-4
1,481E-4
1,46807E-4
1,49764E-4
1,51028E-4
1,51269E-4
1,68706E-4
1,45054E-4
1,54251E-4
1,61756E-4
1,63437E-4
1,50496E-4
1,39036E-4
1,58033E-4
1,4125E-4
1,55675E-4
1,64635E-4
1,52272E-4
1,48809E-4
1,43151E-4
1,4057E-4
1,57877E-4
1,46627E-4
1,4498E-4
1,67463E-4
1,51352E-4
1,50796E-4
1,53134E-4
1,49986E-4
1,57592E-4
1,3601E-4
1,50566E-4
1,5254E-4
1,44932E-4
1,49426E-4
1,50412E-4
1,5214E-4
1,44232E-4
1,49636E-4
1,48819E-4
1,40062E-4
1,51877E-4
1,49448E-4
1,42599E-4
1,50092E-4
1,40399E-4
1,40358E-4
1,35561E-4
1,58063E-4
1,50739E-4
1,44177E-4
1,47149E-4
1,55794E-4
1,69791E-4
1,68999E-4
1,57706E-4
1,48607E-4
1,49292E-4
1,53198E-4
1,49722E-4
1,47297E-4
1,46544E-4
1,53257E-4
1,51904E-4
1,64819E-4
1,39958E-4
1,68613E-4
1,46588E-4
1,63304E-4
1,68253E-4
1,54959E-4
1,38899E-4
1,50715E-4
1,49967E-4
1,45073E-4
1,60255E-4
1,57713E-4
1,49039E-4
1,64053E-4
1,4073E-4
1,51385E-4
1,62003E-4
1,39594E-4
1,50936E-4
1,58938E-4
2,38898E-4
2,36364E-4
2,09334E-4
2,48596E-4
1,47658E-4
1,54462E-4
1,44068E-4
1,63304E-4
1,7152E-4
1,53718E-4
1,83871E-4
1,62097E-4
1,53676E-4
1,80693E-4
1,46755E-4
1,47793E-4
1,55063E-4
1,47779E-4
1,49336E-4
1,51731E-4
1,51533E-4
1,41145E-4
1,48465E-4
1,56832E-4
1,64772E-4
1,46853E-4
1,49865E-4
1,40327E-4
1,50167E-4
1,47395E-4
1,47772E-4
1,49022E-4
1,49361E-4
1,52197E-4
1,53488E-4
1,44493E-4
1,524E-4
1,39145E-4
1,60709E-4
1,54177E-4
1,45866E-4
1,53243E-4
1,38077E-4
1,49904E-4
1,43004E-4
1,44627E-4
1,49825E-4
1,38703E-4
1,46089E-4
1,50084E-4
1,48234E-4
1,43131E-4
1,48386E-4
1,49829E-4
1,46157E-4
1,3775E-4
1,49888E-4
1,39971E-4
1,56509E-4
1,56015E-4
1,4973E-4
1,38901E-4
1,66723E-4
1,59494E-4
1,4716E-4
2,08793E-4
2,48958E-4
2,27677E-4
2,24696E-4
2,33757E-4
2,27695E-4
2,36801E-4
2,11073E-4
2,33891E-4
1,43491E-4
1,52761E-4
1,5647E-4
1,43551E-4
1,58567E-4
1,4051E-4
1,64243E-4
1,55214E-4
1,44334E-4
1,48129E-4
1,50104E-4
1,51375E-4
1,54377E-4
1,51078E-4
1,44529E-4
1,55981E-4
1,37632E-4
2,37154E-4
2,042E-4
2,04911E-4
1,98389E-4
1,80499E-4
1,55545E-4
2,21183E-4
2,51598E-4
2,26929E-4
2,09015E-4
2,28041E-4
1,4761E-4
1,49288E-4
1,49754E-4
1,57851E-4
1,58623E-4
1,45683E-4
1,55684E-4
1,48336E-4
1,50057E-4
1,3889E-4
1,50191E-4
1,48307E-4
1,70012E-4
1,49732E-4
1,47761E-4
1,45891E-4
1,42684E-4
1,87159E-4
1,68361E-4
1,40318E-4
1,54908E-4
1,39441E-4
1,51345E-4
1,46737E-4
1,5362E-4
1,56206E-4
1,39232E-4
2,3563E-4
2,57437E-4
2,28474E-4
2,99982E-4
1,36879E-4
1,48916E-4
1,63144E-4
1,52203E-4
1,56132E-4
1,53902E-4
1,47207E-4
1,5243E-4
1,52275E-4
1,43298E-4
1,48281E-4
1,46656E-4
1,51658E-4
1,50367E-4
1,37347E-4
1,47534E-4
1,4895E-4
1,49275E-4
1,40919E-4
1,87796E-4
1,46506E-4
1,66487E-4
1,43992E-4
1,67494E-4
1,54789E-4
1,40006E-4
1,53263E-4
1,47387E-4
1,47446E-4
1,38435E-4
1,50598E-4
1,46102E-4
1,44166E-4
1,40385E-4
1,48562E-4
1,52392E-4
1,50759E-4
1,5372E-4
1,40775E-4
1,50811E-4
1,46894E-4
1,47207E-4
1,5603E-4
1,44245E-4
1,54532E-4
1,53082E-4
1,47587E-4
1,49057E-4
1,65031E-4
1,49391E-4
1,57243E-4
1,39955E-4
1,47294E-4
1,39921E-4
1,55055E-4
1,48843E-4
1,48921E-4
1,54512E-4
1,50354E-4
1,60433E-4
1,53413E-4
1,59365E-4
1,4714E-4
1,5108E-4
1,48936E-4
1,41273E-4
1,5955E-4
1,45732E-4
1,48713E-4
1,53092E-4
1,50641E-4
1,44306E-4
1,47322E-4
1,52353E-4
1,59614E-4
1,68938E-4
1,48014E-4
1,49364E-4
1,5679E-4
1,51834E-4
1,44109E-4
1,3916E-4
1,45844E-4
1,56366E-4
1,46515E-4
1,47701E-4
1,57186E-4
1,49126E-4
1,48501E-4
1,70612E-4
1,52676E-4
1,48132E-4
1,65128E-4
1,51377E-4
1,65937E-4
1,59967E-4
1,67648E-4
1,49537E-4
1,44671E-4
1,63619E-4
1,49216E-4
1,47564E-4
1,49966E-4
1,38793E-4
1,563E-4
1,48619E-4
1,42425E-4
1,54669E-4
1,61156E-4
1,541E-4
1,50427E-4
1,43136E-4
1,40096E-4
1,4165E-4
1,46322E-4
1,50104E-4
1,54556E-4
1,64838E-4
1,45368E-4
1,42333E-4
1,38082E-4
1,43563E-4
1,51961E-4
1,4702E-4
1,57353E-4
1,54193E-4
1,42918E-4
1,45999E-4
1,57556E-4
1,46825E-4
1,51798E-4
1,49131E-4
1,44994E-4
1,51721E-4
1,39906E-4
1,53569E-4
1,49609E-4
1,48392E-4
1,5232E-4
1,40301E-4
1,63168E-4
1,4571E-4
2,45229E-4
1,50878E-4
1,52539E-4
1,56445E-4
1,49099E-4
1,50423E-4
1,48734E-4
1,44088E-4
1,40276E-4
1,58778E-4
1,47914E-4
1,4455E-4
1,46524E-4
1,55156E-4
1,46653E-4
2,93823E-4
3,42141E-4
2,55162E-4
2,15632E-4
2,24807E-4
1,52937E-4
1,61673E-4
1,42272E-4
1,63868E-4
1,4603E-4
1,65535E-4
1,50803E-4
1,48771E-4
1,66142E-4
1,56303E-4
1,43977E-4
1,50648E-4
1,42097E-4
1,4735E-4
1,4349E-4
1,5795E-4
1,54804E-4
1,39039E-4
1,48466E-4
1,51628E-4
1,44358E-4
1,43297E-4
1,71671E-4
1,54327E-4
1,44323E-4
1,51277E-4
1,54495E-4
1,68079E-4
1,51145E-4
1,77944E-4
1,41189E-4
1,41877E-4
1,53371E-4
1,60292E-4
1,58938E-4
1,46193E-4
1,47807E-4
1,53023E-4
1,43333E-4
1,48203E-4
1,49777E-4
1,43151E-4
1,51469E-4
1,46749E-4
1,53975E-4
1,48339E-4
1,51089E-4
1,58041E-4
1,46266E-4
1,51292E-4
1,79357E-4
2,42025E-4
2,56643E-4
2,06273E-4
1,66233E-4
1,45519E-4
1,53009E-4
1,40185E-4
1,47324E-4
1,42998E-4
1,58626E-4
1,50031E-4
1,49903E-4
1,39503E-4
1,40188E-4
1,46439E-4
1,45359E-4
1,51581E-4
1,53094E-4
1,51464E-4
1,44023E-4
1,42219E-4
1,35756E-4
1,51509E-4
1,52633E-4
1,4796E-4
1,47916E-4
1,46925E-4
1,41839E-4
1,38072E-4
1,37759E-4
1,5027E-4
1,42065E-4
1,50934E-4
1,46647E-4
1,47204E-4
1,57645E-4
1,48486E-4
1,46778E-4
1,4562E-4
1,58422E-4
1,50722E-4
1,5494E-4
1,75144E-4
1,48302E-4
1,41753E-4
1,41828E-4
1,4982E-4
1,38908E-4
1,46605E-4
1,51681E-4
1,41376E-4
1,41999E-4
1,58807E-4
1,64172E-4
1,46595E-4
1,53485E-4
1,77794E-4
1,71697E-4
1,50656E-4
1,45652E-4
1,40679E-4
1,45152E-4
1,54539E-4
1,51312E-4
1,48803E-4
1,53739E-4
1,41005E-4
1,39666E-4
1,46311E-4
1,46828E-4
1,53098E-4
1,58291E-4
1,50196E-4
1,52203E-4
1,47519E-4
1,48137E-4
1,68356E-4
1,56248E-4
1,44248E-4
1,59697E-4
1,8018E-4
1,39983E-4
1,57301E-4
1,4621E-4
1,45219E-4
1,56161E-4
1,56887E-4
1,4593E-4
1,51173E-4
1,57127E-4
1,48094E-4
1,51285E-4
1,6629E-4
1,48014E-4
1,66885E-4
1,5266E-4
1,46517E-4
1,51089E-4
1,57871E-4
1,81693E-4
1,52473E-4
1,53692E-4
1,62212E-4
1,74302E-4
1,5403E-4
1,494E-4
1,66049E-4
1,49956E-4
1,49962E-4
1,48607E-4
1,44849E-4
1,47187E-4
1,45782E-4
1,47135E-4
1,43579E-4
1,56505E-4
1,48472E-4
1,56627E-4
1,53708E-4
1,53558E-4
1,54801E-4
1,49372E-4
1,41655E-4
1,47684E-4
1,51738E-4
1,49451E-4
1,41559E-4
1,37193E-4
1,52779E-4
1,41061E-4
1,49717E-4
1,50932E-4
1,57245E-4
1,51317E-4
1,49378E-4
1,56593E-4
1,60673E-4
1,47936E-4
1,52917E-4
1,44348E-4
1,50413E-4
1,5094E-4
1,52549E-4
1,50344E-4
1,57379E-4
1,46853E-4
1,5175E-4
1,46211E-4
1,50821E-4
1,52191E-4
1,39823E-4
1,55132E-4
1,59455E-4
1,53605E-4
1,48754E-4
1,48005E-4
1,65161E-4
1,51529E-4
1,55549E-4
1,53553E-4
1,48774E-4
1,46004E-4
1,50089E-4
1,5493E-4
1,72211E-4
1,46741E-4
1,50093E-4
1,50529E-4
1,37393E-4
1,43199E-4
1,67161E-4
1,50273E-4
1,59797E-4
1,57001E-4
1,50853E-4
1,44588E-4
1,71324E-4
1,55262E-4
1,52769E-4
1,41262E-4
1,51311E-4
1,42788E-4
1,46738E-4
1,47079E-4
1,78102E-4
1,54518E-4
1,60339E-4
1,52342E-4
1,49665E-4
1,46342E-4
1,45217E-4
1,48509E-4
1,48028E-4
1,50958E-4
1,50636E-4
1,45068E-4
1,57259E-4
1,53924E-4
1,39654E-4
1,53373E-4
1,47764E-4
1,39068E-4
1,56392E-4
1,44845E-4
1,47867E-4
1,51396E-4
1,62722E-4
1,50697E-4
1,50696E-4
1,37309E-4
1,47903E-4
1,53096E-4
1,45972E-4
1,52086E-4
1,71185E-4
1,53427E-4
1,56188E-4
1,47651E-4
1,42629E-4
1,45149E-4
1,51694E-4
1,66332E-4
1,52457E-4
1,46998E-4
1,562E-4
1,50321E-4
1,54369E-4
1,55512E-4
1,5552E-4
1,41759E-4
1,41571E-4
1,66419E-4
1,51851E-4
1,54371E-4
1,41603E-4
1,46966E-4
1,51001E-4
1,51929E-4
1,48791E-4
1,66845E-4
1,71789E-4
1,45916E-4
1,46682E-4
1,4769E-4
1,95166E-4
1,52945E-4
1,4418E-4
1,44367E-4
1,52763E-4
1,40167E-4
1,54382E-4
1,43335E-4
1,56097E-4
1,51431E-4
1,40416E-4
1,57591E-4
1,4847E-4
1,63094E-4
1,56054E-4
1,59376E-4
1,50464E-4
1,5279E-4
1,42119E-4
1,60084E-4
1,67477E-4
1,59777E-4
1,50106E-4
1,62921E-4
1,4743E-4
1,59758E-4
1,65587E-4
1,49705E-4
1,51812E-4
1,65484E-4
1,69027E-4
1,5134E-4
1,41486E-4
1,53996E-4
1,45152E-4
1,40277E-4
1,58292E-4
1,49729E-4
1,4937E-4
1,52943E-4
1,3978E-4
1,48358E-4
1,53251E-4
1,38921E-4
1,4463E-4
1,49281E-4
1,52023E-4
1,49388E-4
1,46056E-4
1,49896E-4
1,49075E-4
1,4339E-4
1,52425E-4
1,45612E-4
1,52947E-4
1,38613E-4
1,72909E-4
1,63462E-4
1,61268E-4
1,48438E-4
1,55906E-4
1,515E-4
1,66812E-4
1,56207E-4
1,70232E-4
1,81256E-4
1,80903E-4
1,39117E-4
1,46945E-4
1,44032E-4
1,4745E-4
1,46029E-4
1,46142E-4
1,54865E-4
1,56083E-4
1,48268E-4
1,4586E-4
1,47205E-4
1,49576E-4
1,59111E-4
1,51409E-4
1,59563E-4
1,54186E-4
1,55358E-4
1,44708E-4
1,60733E-4
1,42219E-4
1,51452E-4
1,39495E-4
2,53729E-4
2,81748E-4
2,56193E-4
2,02711E-4
2,22554E-4
2,07843E-4
2,60544E-4
2,10119E-4
2,21401E-4
1,37312E-4
1,46537E-4
1,4593E-4
1,50814E-4
1,53255E-4
1,45327E-4
1,53213E-4
1,44904E-4
1,48165E-4
1,5259E-4
1,45903E-4
1,39776E-4
1,39614E-4
1,52335E-4
1,40912E-4
2,22792E-4
2,63953E-4
1,55974E-4
1,53456E-4
1,48628E-4
1,54733E-4
1,41268E-4
1,51738E-4
1,47114E-4
1,46149E-4
1,49856E-4
1,53533E-4
1,53212E-4
1,49911E-4
1,37132E-4
1,47991E-4
1,54724E-4
1,51183E-4
1,48978E-4
1,46905E-4
1,41971E-4
1,39752E-4
1,50547E-4
1,48406E-4
1,77906E-4
1,54897E-4
1,51019E-4
1,44613E-4
1,53303E-4
1,50465E-4
1,52399E-4
1,55097E-4
1,47363E-4
1,55259E-4
1,66095E-4
1,51094E-4
1,65319E-4
1,42209E-4
1,48728E-4
1,55535E-4
1,5748E-4
1,41438E-4
1,4524E-4
1,50983E-4
1,42111E-4
1,38083E-4
1,52005E-4
1,5402E-4
1,53928E-4
1,45765E-4
1,54208E-4
1,45187E-4
1,47906E-4
1,5846E-4
1,50486E-4
1,47518E-4
1,45948E-4
1,48031E-4
1,5852E-4
1,57539E-4
1,65446E-4
1,40796E-4
1,56293E-4
1,44461E-4
1,5054E-4
1,48899E-4
1,53688E-4
1,45449E-4
1,51277E-4
1,51241E-4
1,44364E-4
1,60137E-4
1,42489E-4
1,5055E-4
1,67344E-4
1,41626E-4
1,40512E-4
1,60188E-4
1,4855E-4
1,52873E-4
1,53407E-4
1,41572E-4
1,82145E-4
1,4201E-4
1,85121E-4
1,57387E-4
1,51231E-4
1,67365E-4
1,3971E-4
1,62606E-4
1,50562E-4
1,62336E-4
1,46211E-4
1,56964E-4
1,46102E-4
1,41365E-4
1,54301E-4
1,49094E-4
1,54978E-4
1,53545E-4
1,45369E-4
1,44917E-4
1,51833E-4
1,41742E-4
1,67255E-4
1,43794E-4
1,82381E-4
1,58233E-4
1,467E-4
1,6873E-4
1,63811E-4
1,68852E-4
1,49169E-4
1,6818E-4
1,80662E-4
1,65078E-4
1,42155E-4
1,5738E-4
1,68624E-4
1,63947E-4
1,39812E-4
1,59125E-4
1,8202E-4
1,55486E-4
1,52558E-4
1,61709E-4
1,45592E-4
1,60288E-4
2,13708E-4
2,43727E-4
2,46575E-4
2,71985E-4
2,37002E-4
2,73529E-4
2,09829E-4
2,59856E-4
2,34996E-4
2,7025E-4
2,38196E-4
2,34246E-4
1,84025E-4
2,10411E-4
2,79334E-4
2,61058E-4
2,25611E-4
1,47144E-4
1,4767E-4
1,61951E-4
1,51808E-4
1,52915E-4
1,51148E-4
1,56831E-4
1,72421E-4
1,52707E-4
1,42579E-4
1,62324E-4
1,49598E-4
1,66091E-4
1,6109E-4
1,49484E-4
1,50515E-4
1,40822E-4
1,66652E-4
1,48158E-4
1,57765E-4
1,52196E-4
1,50664E-4
1,52255E-4
1,40074E-4
1,55851E-4
1,46131E-4
1,48556E-4
1,4574E-4
1,59075E-4
1,41405E-4
1,42813E-4
1,51495E-4
1,5807E-4
1,43744E-4
1,46382E-4
1,42387E-4
1,6495E-4
1,55449E-4
1,50438E-4
1,5452E-4
1,50546E-4
1,52816E-4
1,47598E-4
1,42163E-4
1,49911E-4
1,46624E-4
1,50836E-4
1,48285E-4
1,55591E-4
1,53353E-4
1,53278E-4
1,41135E-4
1,50868E-4
1,49569E-4
1,51891E-4
1,57093E-4
1,50908E-4
1,39091E-4
1,46202E-4
1,42047E-4
1,39676E-4
1,55138E-4
1,54876E-4
1,56796E-4
1,46613E-4
1,82041E-4
1,51076E-4
1,36838E-4
1,39419E-4
1,49172E-4
1,4639E-4
1,46831E-4
1,49442E-4
1,75016E-4
1,49617E-4
1,50141E-4
1,40696E-4
1,58515E-4
1,52082E-4
1,53477E-4
1,48641E-4
1,38344E-4
1,51994E-4
1,61702E-4
1,55337E-4
1,50729E-4
1,50003E-4
1,43034E-4
1,52484E-4
1,72652E-4
1,55636E-4
1,69812E-4
1,61732E-4
1,44548E-4
1,46435E-4
1,52882E-4
1,47394E-4
1,43856E-4
1,39428E-4
1,56888E-4
1,52337E-4
1,38972E-4
1,51078E-4
1,52226E-4
1,42009E-4
1,43867E-4
1,46036E-4
1,51919E-4
1,43857E-4
2,43829E-4
1,38433E-4
1,44381E-4
1,60847E-4
1,42958E-4
1,37117E-4
1,48017E-4
1,44906E-4
1,58042E-4
1,46572E-4
1,59718E-4
1,40316E-4
1,45378E-4
1,8556E-4
1,3791E-4
1,4769E-4
1,42751E-4
1,48949E-4
1,8344E-4
1,44926E-4
1,52593E-4
1,56768E-4
1,48461E-4
1,51901E-4
1,46151E-4
1,43738E-4
1,4577E-4
1,39861E-4
1,57626E-4
1,48825E-4
1,48682E-4
1,4058E-4
1,39173E-4
1,48284E-4
1,64737E-4
1,48287E-4
1,48096E-4
1,48908E-4
1,49382E-4
1,40367E-4
1,56665E-4
1,44674E-4
1,40663E-4
1,51843E-4
1,48293E-4
1,50705E-4
1,3757E-4
1,54681E-4
1,40796E-4
1,56377E-4
1,41115E-4
1,45446E-4
1,54296E-4
1,44441E-4
1,51366E-4
1,49997E-4
1,46116E-4
1,51125E-4
1,39928E-4
1,42122E-4
1,49663E-4
1,55166E-4
1,56495E-4
1,51638E-4
1,52519E-4
1,46792E-4
1,54808E-4
1,45606E-4
1,52426E-4
1,58211E-4
1,52679E-4
1,52318E-4
1,55132E-4
1,40577E-4
1,52219E-4
1,53087E-4
1,39569E-4
1,49589E-4
1,54683E-4
1,41321E-4
1,48417E-4
1,53727E-4
1,50468E-4
1,43039E-4
1,50141E-4
1,56274E-4
1,51953E-4
1,54991E-4
1,50448E-4
1,58812E-4
1,55814E-4
1,36752E-4
1,39583E-4
1,51973E-4
1,4506E-4
1,50154E-4
1,55841E-4
1,54124E-4
1,48556E-4
1,38996E-4
1,49045E-4
1,43877E-4
1,53082E-4
1,58281E-4
1,55122E-4
1,53473E-4
1,55469E-4
1,46349E-4
1,57792E-4
1,54451E-4
1,4967E-4
1,55237E-4
1,43459E-4
1,56499E-4
1,66418E-4
1,54277E-4
1,45122E-4
1,47729E-4
1,6015E-4
1,41297E-4
1,45274E-4
1,37389E-4
1,58962E-4
1,47857E-4
1,40023E-4
1,53496E-4
1,53528E-4
1,4096E-4
1,52253E-4
1,47023E-4
1,39299E-4
1,57548E-4
1,3867E-4
1,49902E-4
1,41241E-4
1,49461E-4
1,45993E-4
1,56734E-4
1,42614E-4
1,50904E-4
1,43157E-4
1,5567E-4
1,50183E-4
1,51868E-4
1,41263E-4
1,53083E-4
1,46905E-4
1,46816E-4
1,572E-4
1,53926E-4
1,4275E-4
1,53056E-4
1,51304E-4
1,57538E-4
1,39484E-4
1,71483E-4
1,44519E-4
1,5405E-4
1,4656E-4
1,55655E-4
1,39865E-4
1,55774E-4
1,52785E-4
1,5202E-4
1,45915E-4
1,64534E-4
1,60114E-4
1,42091E-4
1,55622E-4
1,4804E-4
1,6828E-4
1,44379E-4
1,48174E-4
1,41566E-4
1,38E-4
1,49153E-4
1,46622E-4
1,50166E-4
1,65974E-4
1,44396E-4
1,47931E-4
1,45385E-4
1,51809E-4
1,47411E-4
1,54084E-4
1,43912E-4
1,5136E-4
1,53124E-4
1,57836E-4
1,61902E-4
1,5433E-4
1,44401E-4
1,45173E-4
1,57658E-4
1,42793E-4
1,45195E-4
1,51376E-4
1,44569E-4
1,48794E-4
1,57125E-4
1,44669E-4
1,45419E-4
1,4441E-4
1,49636E-4
1,42392E-4
1,42864E-4
1,48527E-4
1,44028E-4
1,45662E-4
1,48251E-4
1,47322E-4
1,5131E-4
1,455E-4
1,45964E-4
1,41889E-4
1,4554E-4
1,5106E-4
1,45649E-4
1,50496E-4
1,40088E-4
1,3881E-4
1,42292E-4
1,71553E-4
1,5356E-4
1,40595E-4
1,49085E-4
1,50351E-4
1,45868E-4
1,46511E-4
1,56288E-4
1,53516E-4
1,45041E-4
1,393E-4
1,5999E-4
1,51692E-4
1,54724E-4
1,50089E-4
1,41741E-4
1,44027E-4
1,48036E-4
1,52806E-4
1,56334E-4
1,54563E-4
1,63006E-4
1,51835E-4
1,55323E-4
1,55485E-4
1,45891E-4
1,39024E-4
1,44964E-4
1,49801E-4
1,43772E-4
1,46912E-4
1,5691E-4
1,55894E-4
1,46244E-4
1,4246E-4
1,47106E-4
1,50333E-4
1,39565E-4
1,55608E-4
1,5246E-4
1,43174E-4
1,52092E-4
1,57218E-4
1,40429E-4
1,41528E-4
1,48311E-4
1,51105E-4
1,42303E-4
1,42087E-4
1,45611E-4
1,54788E-4
1,51815E-4
1,41891E-4
1,42137E-4
1,42795E-4
1,50421E-4
1,51694E-4
1,6014E-4
1,53169E-4
1,52372E-4
1,45097E-4
1,49943E-4
1,79267E-4
1,50597E-4
1,52168E-4
1,39841E-4
1,48767E-4
1,50156E-4
1,57841E-4
1,48467E-4
1,71167E-4
1,52377E-4
1,48241E-4
1,43359E-4
1,68244E-4
1,61866E-4
1,50973E-4
1,49334E-4
1,55252E-4
1,50978E-4
1,56206E-4
1,63944E-4
1,39581E-4
1,4827E-4
1,53305E-4
1,52048E-4
1,47009E-4
1,48741E-4
1,51632E-4
1,57585E-4
1,57352E-4
1,48312E-4
1,49376E-4
1,50884E-4
1,48307E-4
1,54922E-4
1,66113E-4
1,6766E-4
1,42436E-4
1,44313E-4
1,47241E-4
1,54846E-4
1,52191E-4
1,63421E-4
1,39402E-4
1,67931E-4
1,36555E-4
1,68571E-4
1,48196E-4
1,54996E-4
1,66403E-4
1,42364E-4
1,4275E-4
1,41952E-4
1,49516E-4
1,5611E-4
1,47018E-4
1,6472E-4
1,47019E-4
1,66134E-4
1,57302E-4
1,51555E-4
1,62788E-4
1,55472E-4
1,60121E-4
1,62369E-4
1,44986E-4
1,46844E-4
1,51046E-4
1,44597E-4
1,43561E-4
1,59674E-4
1,54894E-4
1,46726E-4
1,52581E-4
1,5923E-4
1,45031E-4
1,53412E-4
1,52551E-4
1,52521E-4
1,36756E-4
1,44018E-4
1,42841E-4
1,56137E-4
1,43062E-4
1,51462E-4
1,54433E-4
1,52093E-4
1,53101E-4
1,58711E-4
1,47709E-4
1,46885E-4
1,44263E-4
1,49465E-4
1,43355E-4
1,50961E-4
1,5105E-4
1,54462E-4
1,53543E-4
1,54441E-4
1,48766E-4
1,48359E-4
1,50213E-4
1,55961E-4
1,54345E-4
1,47145E-4
1,55474E-4
1,56352E-4
1,49601E-4
1,45491E-4
1,5032E-4
1,50207E-4
1,51279E-4
1,6596E-4
1,49282E-4
1,49192E-4
1,47093E-4
1,43884E-4
1,44457E-4
1,52516E-4
1,52035E-4
1,54072E-4
1,6815E-4
1,86394E-4
1,52744E-4
1,49346E-4
1,46836E-4
1,49033E-4
1,53901E-4
1,54018E-4
1,72958E-4
1,49663E-4
1,63179E-4
1,43078E-4
1,50482E-4
1,48404E-4
1,61766E-4
1,41447E-4
1,52931E-4
1,42055E-4
1,56271E-4
1,71682E-4
1,39439E-4
1,5396E-4
1,4243E-4
1,47526E-4
1,42959E-4
1,53437E-4
1,50623E-4
1,48757E-4
1,53473E-4
1,55503E-4
1,48068E-4
1,42617E-4
1,61022E-4
1,6022E-4
1,88054E-4
1,5479E-4
1,47703E-4
1,45495E-4
1,60943E-4
1,72148E-4
1,55201E-4
1,50049E-4
1,6195E-4
1,53619E-4
1,55432E-4
1,52078E-4
1,56558E-4
1,56991E-4
1,65294E-4
1,57928E-4
1,53164E-4
1,44652E-4
1,49206E-4
1,55611E-4
1,49983E-4
1,51981E-4
1,4474E-4
1,44492E-4
1,36952E-4
1,5366E-4
1,46471E-4
1,5381E-4
1,54225E-4
1,64285E-4
1,43914E-4
1,43867E-4
1,53178E-4
1,47192E-4
1,46089E-4
1,52159E-4
1,40661E-4
1,44052E-4
1,53224E-4
1,51918E-4
1,55037E-4
1,51466E-4
1,72098E-4
1,606E-4
1,55327E-4
1,47789E-4
1,63744E-4
1,65103E-4
1,50767E-4
1,59203E-4
1,63281E-4
1,58769E-4
1,37674E-4
1,58894E-4
1,49426E-4
1,63132E-4
1,57711E-4
2,23352E-4
1,44756E-4
1,42855E-4
1,45723E-4
1,5055E-4
1,67785E-4
1,4584E-4
1,4878E-4
1,64078E-4
1,59825E-4
1,50037E-4
1,4836E-4
1,47805E-4
1,46302E-4
1,50522E-4
1,7027E-4
1,46444E-4
1,45412E-4
1,50781E-4
1,41481E-4
1,47981E-4
1,47713E-4
1,45136E-4
1,34894E-4
1,7253E-4
1,6127E-4
1,43844E-4
1,47649E-4
1,40404E-4
1,53589E-4
1,55596E-4
1,6068E-4
1,51474E-4
1,67572E-4
1,52077E-4
1,70112E-4
1,68456E-4
1,94903E-4
1,55409E-4
1,73158E-4
1,61258E-4
1,38479E-4
1,53335E-4
1,53054E-4
1,48731E-4
1,44993E-4
1,48542E-4
1,53896E-4
1,48452E-4
1,43801E-4
1,45112E-4
1,58649E-4
1,46144E-4
1,47892E-4
1,47424E-4
1,48585E-4
1,57493E-4
1,53315E-4
1,42849E-4
1,54883E-4
1,40209E-4
1,56842E-4
1,78024E-4
1,37263E-4
1,71308E-4
1,70994E-4
1,41727E-4
1,56681E-4
1,4255E-4
1,47732E-4
1,52176E-4
1,53033E-4
1,47726E-4
1,59609E-4
1,56897E-4
1,47394E-4
1,64403E-4
1,66818E-4
1,65008E-4
1,58654E-4
1,54966E-4
1,49173E-4
1,59812E-4
1,44751E-4
1,69929E-4
1,56188E-4
1,54191E-4
1,5369E-4
1,58647E-4
1,52975E-4
1,5354E-4
1,39665E-4
1,53638E-4
1,52385E-4
1,3912E-4
1,49648E-4
1,51271E-4
1,53829E-4
1,51397E-4
1,53793E-4
1,5089E-4
1,446E-4
1,40554E-4
1,45524E-4
1,56696E-4
1,44644E-4
1,56925E-4
1,53055E-4
1,49033E-4
1,44069E-4
1,45753E-4
1,6472E-4
1,6066E-4
1,47731E-4
1,63086E-4
1,5998E-4
1,55332E-4
1,50974E-4
1,7078E-4
1,40254E-4
1,63112E-4
1,44149E-4
1,50773E-4
1,50606E-4
1,42358E-4
1,45217E-4
1,54776E-4
1,50831E-4
1,4858E-4
1,49996E-4
1,66109E-4
1,36874E-4
1,53618E-4
1,51615E-4
1,49252E-4
1,56574E-4
1,44705E-4
1,36658E-4
1,52235E-4
1,38218E-4
1,44054E-4
1,46313E-4
1,4419E-4
1,53647E-4
1,52425E-4
1,46983E-4
1,52946E-4
1,42519E-4
1,45599E-4
1,54433E-4
1,49095E-4
1,40304E-4
1,49115E-4
1,4229E-4
1,4207E-4
1,59044E-4
1,56674E-4
1,68879E-4
1,42109E-4
1,55246E-4
1,44388E-4
1,52014E-4
1,48161E-4
1,42329E-4
1,6427E-4
1,54102E-4
1,44347E-4
1,56464E-4
1,47268E-4
1,50358E-4
1,57954E-4
1,60928E-4
1,41589E-4
1,59038E-4
1,4729E-4
1,51713E-4
1,39993E-4
1,50852E-4
1,5661E-4
1,4321E-4
1,38113E-4
1,37347E-4
1,54367E-4
1,50265E-4
1,49354E-4
1,46622E-4
1,51367E-4
1,51852E-4
1,63693E-4
1,57444E-4
1,51634E-4
1,41579E-4
1,82532E-4
1,39404E-4
1,50032E-4
1,45867E-4
1,531E-4
1,49454E-4
1,46195E-4
1,4446E-4
1,44241E-4
1,49391E-4
1,45924E-4
1,56232E-4
1,39784E-4
1,48287E-4
1,49574E-4
1,64942E-4
1,52691E-4
1,40278E-4
1,46743E-4
1,60039E-4
1,46887E-4
1,47437E-4
1,57844E-4
1,5007E-4
1,56448E-4
1,49214E-4
1,54174E-4
1,54113E-4
1,44812E-4
1,5605E-4
1,56244E-4
1,46809E-4
1,4965E-4
1,39875E-4
1,52247E-4
1,47674E-4
1,48638E-4
1,47607E-4
1,53834E-4
1,5763E-4
1,53841E-4
1,45761E-4
1,57907E-4
1,39936E-4
1,40962E-4
1,51078E-4
1,39982E-4
1,50988E-4
1,49484E-4
1,53249E-4
1,576E-4
1,58181E-4
1,53625E-4
1,5368E-4
1,52413E-4
1,54353E-4
1,51727E-4
1,42572E-4
1,39852E-4
1,53511E-4
1,42138E-4
1,36274E-4
1,50687E-4
1,42926E-4
1,46567E-4
1,52856E-4
1,48327E-4
1,5228E-4
1,47843E-4
1,43022E-4
1,51398E-4
1,43699E-4
1,56745E-4
1,67489E-4
1,57223E-4
1,43015E-4
1,56817E-4
1,41703E-4
1,50971E-4
1,51269E-4
1,75973E-4
1,56356E-4
1,55472E-4
1,50848E-4
1,46384E-4
1,45168E-4
1,39831E-4
1,52194E-4
1,51214E-4
1,6278E-4
1,4583E-4
1,72353E-4
1,66691E-4
1,5184E-4
1,43359E-4
1,44435E-4
1,57631E-4
1,59468E-4
1,54691E-4
1,43255E-4
1,49848E-4
1,60386E-4
1,55924E-4
1,42134E-4
1,54574E-4
1,4837E-4
1,41233E-4
1,58039E-4
1,54509E-4
1,47661E-4
1,40654E-4
1,53723E-4
1,51126E-4
1,40672E-4
1,47964E-4
1,58247E-4
1,50562E-4
1,45272E-4
1,44073E-4
1,67406E-4
1,39072E-4
1,54801E-4
1,53368E-4
1,51389E-4
1,42771E-4
1,64115E-4
1,81037E-4
1,5272E-4
1,48884E-4
1,44612E-4
1,6171E-4
1,45422E-4
1,48747E-4
1,53365E-4
1,4901E-4
1,4677E-4
1,43404E-4
1,44603E-4
1,45044E-4
1,45525E-4
1,42638E-4
1,54446E-4
1,54284E-4
1,48399E-4
1,49655E-4
1,50118E-4
1,45087E-4
1,72138E-4
1,58464E-4
1,72981E-4
1,46906E-4
1,66032E-4
1,51162E-4
1,53646E-4
1,46955E-4
1,36527E-4
1,5284E-4
1,39992E-4
1,48369E-4
1,45952E-4
1,61163E-4
1,49746E-4
1,52978E-4
1,55423E-4
1,53689E-4
1,50512E-4
1,52406E-4
1,60512E-4
1,5218E-4
1,45957E-4
1,58279E-4
1,51988E-4
1,53132E-4
1,43567E-4
1,67231E-4
1,57153E-4
1,47465E-4
1,45347E-4
1,47466E-4
2,36685E-4
2,5756E-4
2,19965E-4
2,21484E-4
2,84367E-4
2,30752E-4
2,15424E-4
2,1784E-4
2,18085E-4
2,10114E-4
2,37744E-4
2,12668E-4
2,18894E-4
2,03003E-4
2,03006E-4
2,02095E-4
2,38399E-4
1,54305E-4
1,36764E-4
1,83146E-4
1,70627E-4
1,63035E-4
1,50845E-4
1,4786E-4
1,47353E-4
1,41009E-4
1,54218E-4
1,4791E-4
1,52553E-4
1,46101E-4
2,51881E-4
2,28345E-4
2,25814E-4
2,28102E-4
1,48546E-4
1,39705E-4
1,52258E-4
1,52957E-4
1,43013E-4
1,51719E-4
1,37856E-4
1,51939E-4
1,47331E-4
1,40222E-4
1,42225E-4
1,42302E-4
1,47559E-4
1,53864E-4
1,5564E-4
1,47801E-4
1,50672E-4
1,40285E-4
1,48459E-4
1,47017E-4
1,60391E-4
1,50761E-4
1,70396E-4
1,46652E-4
1,47079E-4
1,53088E-4
1,68407E-4
1,53501E-4
1,59174E-4
1,44951E-4
1,42189E-4
1,53613E-4
1,43339E-4
1,41725E-4
1,36602E-4
1,47396E-4
1,54468E-4
1,48732E-4
1,52218E-4
1,51899E-4
1,4398E-4
1,4397E-4
1,52295E-4
1,64047E-4
1,47345E-4
1,52265E-4
1,49186E-4
1,49658E-4
1,41246E-4
1,46939E-4
1,56598E-4
1,45929E-4
1,56158E-4
1,49103E-4
1,45864E-4
1,45603E-4
1,50692E-4
1,44332E-4
1,52081E-4
2,39758E-4
1,95368E-4
2,07573E-4
2,53607E-4
2,18502E-4
2,14407E-4
2,6218E-4
2,24062E-4
2,24183E-4
2,23387E-4
2,45174E-4
2,25281E-4
1,51296E-4
1,59518E-4
1,39345E-4
1,49492E-4
1,5384E-4
1,6396E-4
1,38783E-4
1,42181E-4
1,47451E-4
1,47991E-4
1,48198E-4
1,39426E-4
1,45618E-4
1,54393E-4
1,68588E-4
1,39177E-4
1,51054E-4
1,39897E-4
1,52345E-4
1,62044E-4
1,55327E-4
1,50246E-4
1,42587E-4
1,50104E-4
1,48194E-4
1,51793E-4
1,59627E-4
1,50751E-4
1,55438E-4
1,41445E-4
1,62503E-4
1,48916E-4
1,54044E-4
1,38881E-4
1,50425E-4
1,60941E-4
1,52187E-4
1,39548E-4
1,46117E-4
1,45159E-4
1,54574E-4
1,4515E-4
1,56269E-4
1,6906E-4
1,52148E-4
1,49832E-4
1,54245E-4
1,50236E-4
1,37556E-4
1,47731E-4
1,53765E-4
1,38921E-4
1,45455E-4
1,50441E-4
1,50024E-4
1,51461E-4
1,53418E-4
1,38117E-4
1,5129E-4
1,54643E-4
1,66578E-4
1,48598E-4
1,51587E-4
1,53173E-4
1,55211E-4
1,56066E-4
1,45457E-4
1,41035E-4
1,39682E-4
1,51823E-4
1,50842E-4
1,51296E-4
1,48652E-4
1,40727E-4
1,50636E-4
1,63779E-4
1,45318E-4
1,53576E-4
1,58008E-4
1,47474E-4
1,59361E-4
1,46339E-4
1,36778E-4
1,41775E-4
1,51519E-4
1,37435E-4
1,45141E-4
1,51444E-4
1,53483E-4
1,57951E-4
1,58713E-4
1,74825E-4
1,44594E-4
1,5285E-4
1,48948E-4
1,65653E-4
1,4825E-4
1,59317E-4
1,56265E-4
1,41337E-4
1,50732E-4
1,36638E-4
1,43984E-4
1,43425E-4
1,51029E-4
1,40775E-4
1,56742E-4
1,50628E-4
1,50961E-4
1,52215E-4
1,58716E-4
1,39381E-4
1,57891E-4
1,39427E-4
2,56725E-4
2,33815E-4
2,19292E-4
2,15983E-4
2,18835E-4
2,3041E-4
1,60042E-4
1,52692E-4
2,52659E-4
1,78954E-4
2,09963E-4
2,47789E-4
2,33914E-4
2,32708E-4
1,54736E-4
1,7643E-4
1,5721E-4
1,6484E-4
1,56111E-4
1,3861E-4
2,51435E-4
2,29706E-4
2,32378E-4
2,76382E-4
1,95084E-4
2,10853E-4
2,67025E-4
2,19027E-4
2,17109E-4
2,27834E-4
2,29548E-4
2,3081E-4
2,26618E-4
1,72656E-4
2,23688E-4
1,84389E-4
2,22372E-4
2,28478E-4
1,39113E-4
1,53946E-4
1,47145E-4
1,59865E-4
1,61227E-4
1,55102E-4
1,56703E-4
1,42214E-4
1,43551E-4
1,54801E-4
1,48012E-4
1,42409E-4
1,6251E-4
1,51413E-4
1,62044E-4
1,57597E-4
1,63066E-4
1,65949E-4
1,57366E-4
1,40853E-4
1,63267E-4
1,58279E-4
1,58905E-4
1,49627E-4
1,48689E-4
1,40425E-4
1,41733E-4
1,48721E-4
1,67526E-4
1,5119E-4
1,51521E-4
1,54641E-4
1,36849E-4
1,41891E-4
1,52371E-4
1,44411E-4
2,4008E-4
1,43674E-4
1,52212E-4
1,52395E-4
1,44445E-4
1,60993E-4
1,54899E-4
1,3859E-4
1,57157E-4
1,48231E-4
1,47073E-4
1,39873E-4
1,58915E-4
1,45165E-4
1,44383E-4
1,49361E-4
1,49582E-4
1,43357E-4
1,43609E-4
1,52702E-4
1,47319E-4
1,50414E-4
1,46265E-4
1,4283E-4
1,43064E-4
1,47193E-4
1,55598E-4
1,53866E-4
1,47175E-4
1,42974E-4
1,46614E-4
1,48927E-4
1,54603E-4
1,4984E-4
1,41443E-4
1,60405E-4
1,54951E-4
1,48175E-4
1,56352E-4
1,5118E-4
1,49076E-4
1,36946E-4
1,55751E-4
1,59571E-4
1,46932E-4
1,36504E-4
1,44473E-4
1,52927E-4
1,52272E-4
1,49193E-4
1,41028E-4
1,5884E-4
1,54308E-4
1,44671E-4
1,51916E-4
1,62516E-4
1,45581E-4
1,52076E-4
1,43239E-4
1,45868E-4
1,55852E-4
1,50025E-4
1,50462E-4
2,23123E-4
2,18861E-4
2,22787E-4
2,12036E-4
2,34241E-4
2,17995E-4
2,31565E-4
2,90001E-4
2,49964E-4
2,34388E-4
2,2598E-4
2,1643E-4
2,16559E-4
2,32628E-4
2,23756E-4
1,53288E-4
1,53118E-4
1,53605E-4
1,53227E-4
1,5473E-4
1,55233E-4
1,42812E-4
1,44345E-4
1,47926E-4
1,55361E-4
1,51518E-4
1,57085E-4
1,50199E-4
1,58449E-4
1,41746E-4
1,46525E-4
1,38402E-4
1,6615E-4
1,52241E-4
1,52255E-4
1,4855E-4
1,67995E-4
1,40624E-4
1,61725E-4
1,50225E-4
1,5031E-4
1,70064E-4
1,61356E-4
1,53049E-4
1,44914E-4
1,70021E-4
1,43548E-4
1,54562E-4
1,4464E-4
1,48575E-4
1,43281E-4
1,54964E-4
1,4419E-4
1,61473E-4
1,49363E-4
1,58632E-4
2,64498E-4
2,10182E-4
1,45944E-4
1,50148E-4
1,41147E-4
1,54032E-4
1,39616E-4
1,48984E-4
1,50933E-4
1,44368E-4
1,41628E-4
1,42222E-4
1,60964E-4
1,50388E-4
1,58102E-4
1,40548E-4
1,47563E-4
1,52782E-4
1,457E-4
1,46688E-4
1,48364E-4
1,52657E-4
1,51425E-4
1,45066E-4
1,41573E-4
1,52966E-4
1,43149E-4
1,50912E-4
1,5631E-4
1,49852E-4
1,42891E-4
1,43817E-4
1,41351E-4
1,41701E-4
1,52835E-4
1,53638E-4
1,61654E-4
1,6323E-4
1,42425E-4
1,40629E-4
1,60237E-4
1,39609E-4
1,54746E-4
1,3505E-4
1,54952E-4
1,57273E-4
1,4814E-4
1,47079E-4
1,51545E-4
1,46945E-4
1,51197E-4
1,41049E-4
1,55814E-4
1,36539E-4
1,39147E-4
1,50138E-4
1,42321E-4
1,51663E-4
1,55338E-4
1,75932E-4
1,59269E-4
2,4106E-4
2,24472E-4
2,28266E-4
2,41834E-4
2,56465E-4
2,39232E-4
2,17654E-4
2,65598E-4
1,39989E-4
1,59577E-4
1,48269E-4
1,52532E-4
1,60449E-4
2,23293E-4
2,35571E-4
2,24186E-4
1,58437E-4
1,43871E-4
1,40048E-4
1,42763E-4
1,51607E-4
1,71632E-4
1,5946E-4
1,49602E-4
1,52127E-4
1,55121E-4
1,56369E-4
1,94892E-4
1,46932E-4
1,48367E-4
1,53945E-4
1,55E-4
1,4808E-4
1,43866E-4
1,60076E-4
1,36564E-4
1,53213E-4
1,42102E-4
1,45961E-4
1,49254E-4
1,42998E-4
1,47228E-4
1,46634E-4
1,38181E-4
1,38693E-4
1,71399E-4
1,45996E-4
1,49801E-4
1,53275E-4
1,43647E-4
1,42403E-4
1,53806E-4
1,52044E-4
1,46321E-4
1,5438E-4
1,70044E-4
1,38959E-4
1,477E-4
1,52248E-4
1,59605E-4
1,39368E-4
1,51051E-4
1,38993E-4
1,65274E-4
1,62361E-4
1,38493E-4
1,49381E-4
1,46479E-4
1,46347E-4
1,44696E-4
1,53707E-4
1,51712E-4
1,46594E-4
1,57438E-4
1,49484E-4
1,46006E-4
1,4813E-4
1,4185E-4
1,47194E-4
1,5779E-4
1,51208E-4
1,47387E-4
1,40178E-4
1,46457E-4
1,62687E-4
1,65199E-4
1,63105E-4
1,58296E-4
1,52458E-4
1,48856E-4
1,50005E-4
1,44358E-4
1,42613E-4
1,53663E-4
1,39414E-4
1,47801E-4
1,47473E-4
1,38368E-4
1,43113E-4
1,40626E-4
1,54347E-4
2,11386E-4
1,41083E-4
1,53476E-4
1,41451E-4
1,45753E-4
1,42579E-4
1,3801E-4
1,52775E-4
1,49407E-4
1,47426E-4
1,58113E-4
1,58705E-4
1,60128E-4
1,49308E-4
1,49727E-4
1,6163E-4
1,53097E-4
1,7405E-4
1,4684E-4
1,55211E-4
1,75269E-4
1,49371E-4
1,62113E-4
1,48995E-4
1,72536E-4
1,5397E-4
1,50277E-4
1,48394E-4
1,5382E-4
1,58094E-4
1,75538E-4
1,45077E-4
1,58853E-4
1,51699E-4
1,72154E-4
1,38954E-4
1,486E-4
1,47481E-4
1,40616E-4
1,64073E-4
1,65019E-4
1,51473E-4
1,53438E-4
1,55175E-4
1,55517E-4
1,53026E-4
1,54731E-4
1,68281E-4
1,54065E-4
1,4911E-4
1,4036E-4
1,47029E-4
1,39396E-4
1,4656E-4
1,48649E-4
1,50692E-4
1,44776E-4
1,58644E-4
1,49158E-4
1,502E-4
2,69544E-4
2,3151E-4
2,06375E-4
1,59225E-4
1,45756E-4
1,51796E-4
1,52756E-4
1,42963E-4
2,33646E-4
2,3114E-4
2,37162E-4
2,1658E-4
2,43069E-4
2,98385E-4
2,35807E-4
2,70077E-4
2,90859E-4
2,70489E-4
2,57031E-4
2,15148E-4
2,20167E-4
1,92687E-4
1,95916E-4
2,10199E-4
2,3108E-4
2,14072E-4
1,5671E-4
1,6099E-4
1,52178E-4
1,59979E-4
1,44797E-4
1,45567E-4
1,3869E-4
1,51635E-4
1,45948E-4
1,4477E-4
1,54937E-4
1,47232E-4
1,42715E-4
1,54275E-4
1,43953E-4
1,41611E-4
1,50908E-4
1,55481E-4
1,41447E-4
1,51948E-4
1,53915E-4
1,49026E-4
1,39773E-4
1,52565E-4
1,50884E-4
1,5026E-4
1,62806E-4
1,63468E-4
1,46021E-4
1,6405E-4
1,50459E-4
1,40634E-4
1,56623E-4
1,49235E-4
1,44866E-4
1,53172E-4
1,50135E-4
1,46855E-4
1,523E-4
1,52498E-4
1,52624E-4
1,4362E-4
1,49839E-4
1,42297E-4
1,4586E-4
1,46667E-4
2,26899E-4
2,29019E-4
2,08784E-4
2,15425E-4
2,37944E-4
2,0269E-4
2,23498E-4
2,40789E-4
1,55446E-4
1,49447E-4
1,50928E-4
1,37836E-4
1,51631E-4
1,52206E-4
1,4786E-4
1,58804E-4
1,47809E-4
2,21584E-4
2,07171E-4
2,30957E-4
1,50256E-4
1,53484E-4
1,47369E-4
1,75725E-4
1,45758E-4
1,39371E-4
2,36229E-4
1,49407E-4
1,42532E-4
1,52773E-4
1,594E-4
1,4995E-4
1,52402E-4
1,50105E-4
1,51583E-4
1,67929E-4
1,64013E-4
1,40649E-4
1,45851E-4
1,44575E-4
1,61043E-4
1,55411E-4
1,40614E-4
1,49048E-4
1,55122E-4
1,49385E-4
1,53638E-4
1,51788E-4
1,4596E-4
1,45821E-4
1,40923E-4
1,54156E-4
1,38974E-4
1,52936E-4
1,42382E-4
1,53746E-4
1,48849E-4
1,49249E-4
1,49257E-4
1,4922E-4
1,48271E-4
1,52724E-4
1,53833E-4
1,39811E-4
1,48381E-4
1,47313E-4
1,56075E-4
1,48951E-4
1,5213E-4
1,41459E-4
1,44877E-4
1,39851E-4
1,56333E-4
1,43198E-4
1,50513E-4
1,42401E-4
1,36185E-4
1,51637E-4
1,51827E-4
1,51201E-4
1,60419E-4
1,64013E-4
1,61061E-4
1,52452E-4
1,59234E-4
1,47603E-4
1,47772E-4
1,48084E-4
1,42623E-4
1,81215E-4
1,73202E-4
1,414E-4
1,5237E-4
1,47766E-4
1,56253E-4
1,52231E-4
1,50588E-4
1,42141E-4
1,51031E-4
1,39356E-4
1,50841E-4
1,52925E-4
1,56668E-4
1,48363E-4
1,42718E-4
1,52406E-4
1,46421E-4
1,38801E-4
1,48804E-4
1,55844E-4
1,54942E-4
1,39076E-4
1,54765E-4
1,68953E-4
1,39931E-4
1,56283E-4
1,43638E-4
1,51886E-4
1,50488E-4
1,49132E-4
1,37632E-4
1,41543E-4
1,66576E-4
1,46574E-4
1,5604E-4
1,63954E-4
1,59554E-4
2,04253E-4
1,45414E-4
1,5188E-4
1,47982E-4
1,54904E-4
1,46538E-4
1,55572E-4
1,48843E-4
1,50783E-4
1,50952E-4
1,47278E-4
1,38896E-4
1,50506E-4
1,54569E-4
1,60293E-4
1,45162E-4
1,45075E-4
1,47712E-4
1,36202E-4
1,54626E-4
1,49343E-4
1,44133E-4
1,4277E-4
1,57314E-4
1,44158E-4
1,47194E-4
1,36195E-4
1,4045E-4
1,41182E-4
1,44921E-4
1,53634E-4
1,47453E-4
1,51427E-4
1,56932E-4
1,61872E-4
1,49223E-4
1,44966E-4
1,61713E-4
1,47819E-4
1,73014E-4
1,55339E-4
1,48521E-4
1,51478E-4
1,39873E-4
1,43429E-4
1,41911E-4
1,52503E-4
1,51031E-4
1,53538E-4
1,52073E-4
1,58535E-4
1,58512E-4
1,54746E-4
1,36919E-4
1,52962E-4
1,48601E-4
1,52693E-4
1,45689E-4
1,39871E-4
1,46539E-4
1,45178E-4
1,48319E-4
1,45366E-4
1,51451E-4
1,41521E-4
1,53537E-4
1,37738E-4
1,56743E-4
1,48161E-4
1,50516E-4
1,46327E-4
1,40746E-4
1,5204E-4
1,44154E-4
1,51783E-4
1,43518E-4
1,52683E-4
1,43561E-4
1,42086E-4
1,37997E-4
1,48616E-4
1,47473E-4
1,36274E-4
1,50588E-4
1,51118E-4
1,49294E-4
1,37605E-4
1,46487E-4
1,45543E-4
1,45447E-4
1,40276E-4
1,43833E-4
1,49919E-4
1,40264E-4
1,49459E-4
1,49236E-4
1,525E-4
1,50287E-4
1,48175E-4
1,46033E-4
1,49248E-4
1,48467E-4
1,61242E-4
1,4468E-4
1,46872E-4
1,44795E-4
1,50938E-4
1,48891E-4
1,45759E-4
1,47916E-4
1,5514E-4
1,52715E-4
1,50143E-4
1,49649E-4
1,521E-4
1,61849E-4
1,51821E-4
1,53937E-4
1,50439E-4
1,50035E-4
1,43106E-4
1,53994E-4
1,39031E-4
1,49493E-4
1,51033E-4
1,49862E-4
1,52593E-4
1,51976E-4
1,53042E-4
1,60319E-4
1,55821E-4
1,52336E-4
1,60394E-4
1,57323E-4
1,62685E-4
1,41269E-4
1,657E-4
1,57956E-4
1,57726E-4
1,55762E-4
1,57291E-4
1,47323E-4
1,4883E-4
1,48784E-4
1,61998E-4
1,47406E-4
1,62663E-4
1,44519E-4
1,50292E-4
1,7937E-4
1,61065E-4
1,57608E-4
1,50614E-4
1,65478E-4
1,75492E-4
1,48553E-4
1,45896E-4
1,56802E-4
1,51414E-4
1,94476E-4
2,4302E-4
2,10762E-4
2,22557E-4
2,51729E-4
2,1135E-4
2,70587E-4
2,74368E-4
2,47559E-4
2,03176E-4
2,12907E-4
2,60038E-4
2,3583E-4
2,49438E-4
2,07992E-4
2,59856E-4
2,58372E-4
2,51701E-4
2,44539E-4
1,64844E-4
2,41365E-4
1,48915E-4
1,43619E-4
1,50271E-4
1,54755E-4
1,48426E-4
1,48428E-4
1,44174E-4
1,57139E-4
1,42878E-4
1,47815E-4
1,48913E-4
1,5955E-4
1,52041E-4
1,41679E-4
1,43981E-4
1,57729E-4
1,4618E-4
1,59646E-4
1,3898E-4
1,47474E-4
1,5884E-4
1,54846E-4
1,50127E-4
1,63782E-4
1,39452E-4
1,51937E-4
1,43748E-4
1,66406E-4
1,40567E-4
1,4493E-4
1,53807E-4
1,49237E-4
1,51464E-4
1,49637E-4
1,43531E-4
1,44057E-4
1,65637E-4
1,9897E-4
1,42103E-4
1,46022E-4
1,45579E-4
1,55028E-4
1,46929E-4
1,60207E-4
1,49339E-4
1,44566E-4
1,39703E-4
1,5276E-4
1,47133E-4
1,54811E-4
1,48527E-4
1,53904E-4
1,52275E-4
1,48422E-4
1,40601E-4
1,42902E-4
1,48406E-4
1,47913E-4
1,46189E-4
1,58672E-4
1,43755E-4
1,49553E-4
1,45786E-4
1,36585E-4
1,51246E-4
1,6879E-4
1,51357E-4
1,47441E-4
1,43061E-4
1,41393E-4
1,52013E-4
1,49485E-4
1,66065E-4
1,55511E-4
1,5168E-4
1,51452E-4
1,41643E-4
1,43335E-4
1,49649E-4
1,39208E-4
1,65031E-4
1,45347E-4
1,5316E-4
1,46487E-4
1,5584E-4
1,50771E-4
1,38129E-4
1,39618E-4
1,66109E-4
1,49873E-4
1,54667E-4
1,40857E-4
1,4383E-4
1,50408E-4
1,49006E-4
1,56991E-4
1,69626E-4
1,47468E-4
1,4475E-4
1,51998E-4
1,54064E-4
1,45283E-4
1,49411E-4
1,45919E-4
1,50893E-4
1,41389E-4
1,68523E-4
1,40088E-4
1,64691E-4
1,52481E-4
1,47666E-4
1,45436E-4
1,53073E-4
1,8671E-4
1,46704E-4
1,47344E-4
1,42623E-4
1,48466E-4
1,37795E-4
1,65923E-4
1,46569E-4
1,67534E-4
1,3682E-4
1,47471E-4
1,49809E-4
1,65963E-4
1,57007E-4
1,51318E-4
1,44127E-4
1,53914E-4
1,53252E-4
1,55905E-4
1,4105E-4
1,47414E-4
1,53206E-4
1,53445E-4
1,61451E-4
1,52631E-4
1,40866E-4
1,40281E-4
1,45479E-4
1,54649E-4
1,52447E-4
1,39994E-4
1,48243E-4
1,50393E-4
1,45709E-4
1,45295E-4
1,46238E-4
1,63409E-4
1,40417E-4
1,52158E-4
1,74626E-4
1,68521E-4
1,48949E-4
1,42303E-4
1,48626E-4
1,44367E-4
1,59668E-4
1,5182E-4
1,42479E-4
1,56961E-4
1,57557E-4
1,59539E-4
1,47781E-4
1,50103E-4
1,38475E-4
1,4114E-4
1,52683E-4
1,41344E-4
1,42753E-4
1,51604E-4
1,43978E-4
1,49366E-4
1,50696E-4
1,54191E-4
1,556E-4
1,43137E-4
1,46421E-4
1,65952E-4
1,60366E-4
1,42995E-4
1,38552E-4
1,60847E-4
1,47236E-4
1,50917E-4
1,60687E-4
1,47508E-4
1,52552E-4
1,48622E-4
1,56294E-4
1,5716E-4
1,92249E-4
1,44936E-4
1,53305E-4
1,40264E-4
1,5449E-4
1,4495E-4
1,50593E-4
1,52354E-4
1,38059E-4
1,67464E-4
1,52613E-4
1,54538E-4
1,51068E-4
1,45904E-4
1,59881E-4
1,6463E-4
1,60622E-4
1,4738E-4
1,44831E-4
1,47735E-4
1,48286E-4
1,51508E-4
1,49469E-4
1,43305E-4
1,55225E-4
1,39221E-4
1,60135E-4
1,40816E-4
1,49589E-4
1,51857E-4
1,49627E-4
1,39465E-4
1,44982E-4
1,58518E-4
1,49988E-4
1,48288E-4
1,41348E-4
1,49794E-4
1,54871E-4
1,47282E-4
1,53029E-4
1,45399E-4
1,63053E-4
1,59118E-4
1,71E-4
1,61299E-4
1,55474E-4
1,56146E-4
1,53055E-4
1,39865E-4
1,44033E-4
1,48721E-4
1,52721E-4
1,4123E-4
1,57174E-4
1,67397E-4
1,59411E-4
1,64252E-4
1,51727E-4
1,46472E-4
1,51886E-4
1,40563E-4
1,46093E-4
1,38422E-4
1,44373E-4
1,51201E-4
1,46962E-4
1,64002E-4
1,36368E-4
1,42883E-4
1,47323E-4
1,55082E-4
1,58606E-4
1,49631E-4
1,45819E-4
1,46527E-4
1,53165E-4
1,41072E-4
1,51376E-4
1,65302E-4
1,47217E-4
1,4603E-4
1,58312E-4
1,45504E-4
1,48134E-4
1,41801E-4
1,51812E-4
1,54454E-4
1,49379E-4
1,5741E-4
1,51011E-4
1,44855E-4
1,56379E-4
1,45395E-4
1,49131E-4
1,45327E-4
2,09081E-4
2,14586E-4
2,05211E-4
2,37073E-4
2,63503E-4
2,48214E-4
1,39685E-4
1,69358E-4
1,47958E-4
1,57206E-4
1,51877E-4
1,53023E-4
1,50884E-4
1,50241E-4
1,45843E-4
1,79156E-4
1,61603E-4
1,49127E-4
1,43732E-4
1,43488E-4
1,72609E-4
2,01055E-4
2,17053E-4
2,24347E-4
2,11953E-4
1,94906E-4
1,39404E-4
2,67023E-4
1,57725E-4
1,43576E-4
1,49558E-4
1,51038E-4
1,5165E-4
1,51819E-4
1,71402E-4
1,47762E-4
1,49807E-4
1,50185E-4
1,51845E-4
1,42379E-4
1,51041E-4
1,52836E-4
1,53844E-4
1,42424E-4
1,45433E-4
1,40095E-4
1,47554E-4
1,39816E-4
1,47248E-4
1,37259E-4
1,44465E-4
1,46117E-4
1,47044E-4
1,41076E-4
1,38131E-4
1,69222E-4
1,70483E-4
1,54167E-4
1,57974E-4
1,59917E-4
1,4833E-4
1,50497E-4
1,39275E-4
1,61049E-4
1,5375E-4
1,4203E-4
1,57288E-4
1,54975E-4
1,60055E-4
1,39283E-4
1,44728E-4
1,43432E-4
1,53938E-4
1,41598E-4
1,53865E-4
1,36753E-4
1,52018E-4
1,61152E-4
1,59458E-4
1,57049E-4
1,43213E-4
1,79256E-4
1,59708E-4
1,47019E-4
1,38065E-4
1,47386E-4
1,53646E-4
1,4205E-4
1,3977E-4
1,58273E-4
1,45061E-4
1,7128E-4
1,49234E-4
1,43993E-4
1,4245E-4
1,52653E-4
1,50428E-4
1,36774E-4
1,60296E-4
1,43587E-4
1,4675E-4
1,4305E-4
1,5081E-4
1,48496E-4
1,59838E-4
1,52399E-4
1,53782E-4
1,48248E-4
1,41791E-4
1,47056E-4
1,59337E-4
1,59996E-4
1,5713E-4
1,55789E-4
1,52995E-4
1,46825E-4
1,57194E-4
1,3801E-4
1,47649E-4
1,45691E-4
1,71794E-4
1,49284E-4
1,49692E-4
1,44375E-4
1,48956E-4
1,52139E-4
1,51451E-4
1,40605E-4
1,44894E-4
1,42769E-4
1,53577E-4
2,17382E-4
2,39383E-4
2,39521E-4
2,09921E-4
2,2582E-4
2,62108E-4
1,54177E-4
1,92591E-4
1,41557E-4
1,5478E-4
2,1966E-4
2,30436E-4
1,54846E-4
1,51469E-4
1,51084E-4
1,55718E-4
1,38153E-4
1,49085E-4
1,54484E-4
1,44013E-4
1,50625E-4
1,48021E-4
1,54009E-4
1,49713E-4
1,57401E-4
1,39705E-4
1,54121E-4
1,44531E-4
1,43664E-4
1,46904E-4
1,51098E-4
1,38475E-4
1,46409E-4
1,45229E-4
1,51053E-4
1,37524E-4
1,5778E-4
1,4275E-4
1,45176E-4
1,45553E-4
1,49848E-4
1,38059E-4
1,44709E-4
1,51126E-4
1,49637E-4
1,52948E-4
1,4024E-4
1,42316E-4
1,42739E-4
1,35532E-4
1,51204E-4
1,48574E-4
1,57324E-4
1,48689E-4
1,50693E-4
1,50748E-4
1,56274E-4
1,42699E-4
1,52007E-4
1,45094E-4
1,47284E-4
1,46724E-4
1,53013E-4
1,43406E-4
1,53732E-4
1,4516E-4
1,5307E-4
1,57463E-4
1,44564E-4
1,49533E-4
1,40682E-4
1,52664E-4
1,53604E-4
1,46398E-4
1,51915E-4
1,48866E-4
1,50176E-4
1,56036E-4
1,41912E-4
1,49671E-4
1,46031E-4
1,4321E-4
1,4982E-4
2,27167E-4
3,38864E-4
3,71238E-4
3,3448E-4
3,12274E-4
3,45366E-4
3,40064E-4
3,36625E-4
3,33982E-4
3,16301E-4
3,45124E-4
3,13913E-4
3,43173E-4
3,13159E-4
3,18843E-4
3,46808E-4
3,24875E-4
3,1948E-4
3,25216E-4
3,44362E-4
3,28808E-4
0,00230586
1,42748E-4
1,42539E-4
1,53435E-4
1,53207E-4
1,49931E-4
1,50626E-4
1,49154E-4
1,51113E-4
1,55306E-4
1,4629E-4
1,50196E-4
1,47009E-4
1,52333E-4
1,49078E-4
1,49601E-4
1,39508E-4
1,47479E-4
1,4159E-4
1,36074E-4
1,53251E-4
1,47845E-4
1,51799E-4
1,34815E-4
1,43769E-4
1,54381E-4
1,48697E-4
1,5145E-4
1,5387E-4
1,5421E-4
1,51872E-4
1,50157E-4
1,59125E-4
1,479E-4
1,47527E-4
1,43951E-4
1,45589E-4
1,3705E-4
1,44332E-4
1,46283E-4
1,4376E-4
1,54858E-4
1,55888E-4
1,67458E-4
1,60946E-4
1,48902E-4
1,4853E-4
1,48607E-4
1,57635E-4
1,47603E-4
1,53332E-4
1,61817E-4
1,43574E-4
1,51755E-4
1,40672E-4
1,43633E-4
1,46432E-4
1,44358E-4
1,41115E-4
1,47052E-4
1,45212E-4
1,47223E-4
1,48094E-4
1,51186E-4
1,5318E-4
1,39368E-4
1,56764E-4
1,43946E-4
1,46218E-4
1,36791E-4
1,47031E-4
1,59873E-4
1,62908E-4
1,51797E-4
1,51441E-4
1,47186E-4
1,59848E-4
1,64731E-4
1,67083E-4
1,419E-4
1,44231E-4
1,46138E-4
1,42404E-4
1,5895E-4
1,46705E-4
1,41464E-4
1,70031E-4
1,53031E-4
1,37407E-4
1,45944E-4
1,50569E-4
1,39714E-4
1,50076E-4
1,51289E-4
1,46047E-4
1,47509E-4
1,45268E-4
1,49945E-4
1,5827E-4
1,67836E-4
1,56548E-4
1,49616E-4
1,4505E-4
1,45802E-4
1,54907E-4
1,38174E-4
1,62433E-4
1,47707E-4
1,40848E-4
1,52745E-4
1,43718E-4
1,54707E-4
1,55049E-4
1,43989E-4
1,48262E-4
1,59243E-4
1,704E-4
1,48763E-4
1,50913E-4
1,40284E-4
1,49429E-4
1,41278E-4
1,55065E-4
1,4227E-4
1,48209E-4
1,40427E-4
1,44871E-4
1,46496E-4
1,47953E-4
1,50944E-4
1,57076E-4
1,45135E-4
1,61064E-4
1,47418E-4
1,3873E-4
1,55522E-4
1,52682E-4
1,47417E-4
1,54206E-4
1,46918E-4
1,49439E-4
1,51892E-4
1,49938E-4
1,56539E-4
1,64368E-4
1,40002E-4
1,39761E-4
1,62936E-4
1,64791E-4
1,4783E-4
1,70532E-4
1,47759E-4
1,44586E-4
1,53206E-4
1,47462E-4
1,66077E-4
1,69866E-4
1,66142E-4
1,62682E-4
1,57901E-4
1,45389E-4
1,47649E-4
1,48833E-4
1,52468E-4
1,49984E-4
1,44939E-4
1,4047E-4
1,55791E-4
1,46951E-4
1,50342E-4
1,59187E-4
1,44073E-4
1,41216E-4
1,3979E-4
1,52863E-4
1,5295E-4
1,5446E-4
1,5038E-4
2,17427E-4
1,42933E-4
1,44153E-4
1,55608E-4
1,4067E-4
1,47816E-4
1,465E-4
1,41322E-4
1,51773E-4
1,42669E-4
1,46049E-4
1,3824E-4
1,43805E-4
1,46456E-4
1,45663E-4
1,47522E-4
1,48229E-4
1,45977E-4
1,46377E-4
1,39323E-4
1,47686E-4
1,40785E-4
1,57058E-4
1,47433E-4
1,5246E-4
1,4318E-4
1,48682E-4
1,39822E-4
1,46884E-4
1,47591E-4
1,43882E-4
1,50707E-4
1,45194E-4
1,40836E-4
1,51139E-4
1,50962E-4
1,42427E-4
1,36285E-4
1,48996E-4
1,43059E-4
1,49726E-4
1,48153E-4
1,46375E-4
1,38437E-4
1,44549E-4
1,44194E-4
1,4239E-4
1,38836E-4
1,41546E-4
1,39836E-4
1,52899E-4
1,41518E-4
1,37351E-4
1,45434E-4
1,37717E-4
1,48937E-4
1,4575E-4
1,67397E-4
1,47848E-4
1,47944E-4
1,5045E-4
1,47273E-4
1,51673E-4
1,39105E-4
1,47793E-4
1,3873E-4
1,51947E-4
1,51009E-4
1,50876E-4
1,43097E-4
1,4744E-4
1,45623E-4
1,41852E-4
1,47945E-4
1,45914E-4
1,51364E-4
1,42036E-4
1,52723E-4
1,47947E-4
1,45109E-4
1,39509E-4
1,47781E-4
1,45007E-4
1,56146E-4
1,43601E-4
1,39053E-4
1,54051E-4
1,45109E-4
1,58113E-4
1,39211E-4
1,48407E-4
1,43598E-4
1,44213E-4
1,48121E-4
1,49578E-4
1,43891E-4
1,3891E-4
1,56509E-4
1,49738E-4
1,37867E-4
1,42648E-4
1,48501E-4
1,48288E-4
1,42181E-4
1,41404E-4
1,43638E-4
1,48111E-4
1,45663E-4
1,50729E-4
1,45977E-4
1,7006E-4
1,43034E-4
1,37756E-4
1,509E-4
1,49495E-4
1,49097E-4
1,71962E-4
1,49788E-4
1,6591E-4
1,46392E-4
1,49047E-4
1,43353E-4
1,40379E-4
1,48701E-4
1,41003E-4
1,42605E-4
1,42329E-4
1,36706E-4
1,45171E-4
1,44871E-4
1,45225E-4
1,43354E-4
1,40527E-4
1,47448E-4
1,46758E-4
1,47454E-4
1,47485E-4
1,51014E-4
1,44054E-4
1,46058E-4
1,52847E-4
1,52351E-4
1,4609E-4
1,48342E-4
1,55011E-4
1,58462E-4
1,5234E-4
0,002030894
1,82418E-4
1,84698E-4
2,88941E-4
2,26792E-4
1,91093E-4
1,89861E-4
1,90247E-4
1,52165E-4
1,46403E-4
1,47386E-4
1,48017E-4
1,4626E-4
1,50997E-4
1,46767E-4
1,67514E-4
1,43137E-4
1,45541E-4
1,47802E-4
1,42072E-4
1,47536E-4
2,32614E-4
2,03746E-4
1,97591E-4
1,93469E-4
2,49214E-4
1,97016E-4
2,21512E-4
1,88292E-4
2,0259E-4
1,44037E-4
1,47977E-4
1,54621E-4
1,79264E-4
1,46794E-4
1,55047E-4
1,49945E-4
1,41652E-4
1,40594E-4
1,51056E-4
1,59353E-4
1,44251E-4
1,4921E-4
1,47695E-4
1,43503E-4
1,46295E-4
1,41013E-4
1,50711E-4
1,6079E-4
1,42269E-4
1,43245E-4
1,50476E-4
1,42383E-4
1,49261E-4
1,47778E-4
1,54362E-4
1,6211E-4
1,47466E-4
1,45842E-4
1,51065E-4
1,46406E-4
1,42871E-4
1,41438E-4
1,55792E-4
1,5268E-4
1,44588E-4
1,87981E-4
2,70293E-4
1,86351E-4
1,52234E-4
1,97551E-4
1,48961E-4
1,78091E-4
2,62572E-4
1,91515E-4
2,19752E-4
1,44976E-4
1,55937E-4
1,75147E-4
1,45304E-4
1,59657E-4
2,01935E-4
2,27468E-4
1,8893E-4
1,42766E-4
1,45351E-4
1,41906E-4
1,44293E-4
1,54841E-4
1,42213E-4
1,5488E-4
1,47883E-4
1,46943E-4
1,49406E-4
1,41889E-4
1,54998E-4
1,40184E-4
1,5197E-4
1,5992E-4
1,49113E-4
1,44976E-4
1,61462E-4
1,4809E-4
1,53362E-4
1,46751E-4
1,41071E-4
1,42821E-4
1,49835E-4
1,49827E-4
1,53815E-4
1,48293E-4
1,45671E-4
1,59129E-4
1,79747E-4
2,29183E-4
2,24313E-4
1,70895E-4
1,88577E-4
1,50456E-4
1,3832E-4
1,50045E-4
1,40856E-4
1,43259E-4
1,55699E-4
1,49404E-4
1,5524E-4
1,46664E-4
1,51463E-4
1,45091E-4
1,53189E-4
1,46407E-4
1,44653E-4
0,010205305
1,49419E-4
1,4499E-4
1,44832E-4
1,49203E-4
1,41378E-4
1,50128E-4
1,42478E-4
1,54072E-4
1,43456E-4
1,44273E-4
1,47108E-4
1,37762E-4
1,47917E-4
1,45223E-4
1,46561E-4
1,60117E-4
1,51523E-4
1,57332E-4
1,51082E-4
1,46698E-4
1,44988E-4
1,43215E-4
1,45827E-4
1,43648E-4
1,45271E-4
1,45863E-4
1,43118E-4
1,5154E-4
1,51058E-4
1,47164E-4
1,46058E-4
1,44288E-4
1,46719E-4
1,4246E-4
1,50958E-4
1,5261E-4
1,49015E-4
1,59149E-4
1,47588E-4
1,45025E-4
1,57993E-4
1,57807E-4
1,64566E-4
1,57437E-4
1,46335E-4
1,55401E-4
1,52115E-4
1,41666E-4
1,83042E-4
1,6539E-4
1,37438E-4
1,47692E-4
1,42077E-4
1,5743E-4
1,81161E-4
1,59608E-4
1,75043E-4
1,4331E-4
1,37913E-4
1,45909E-4
1,40175E-4
1,44231E-4
1,63089E-4
1,52405E-4
1,65703E-4
1,49863E-4
1,47972E-4
1,48138E-4
1,52574E-4
1,45108E-4
1,41207E-4
1,59786E-4
1,62773E-4
1,75623E-4
1,44382E-4
1,42044E-4
1,62236E-4
1,52696E-4
1,47931E-4
1,51405E-4
1,46137E-4
1,56968E-4
1,44921E-4
1,7083E-4
1,36786E-4
1,63397E-4
1,37268E-4
1,41812E-4
1,4984E-4
1,46343E-4
1,47276E-4
1,42006E-4
1,46356E-4
1,50477E-4
1,3824E-4
1,43876E-4
1,44293E-4
1,40246E-4
1,58633E-4
1,42107E-4
1,47006E-4
1,4922E-4
1,44349E-4
1,39016E-4
1,57522E-4
1,71482E-4
1,46581E-4
1,44007E-4
1,45143E-4
1,446E-4
1,45215E-4
1,66056E-4
1,50593E-4
1,3889E-4
1,72297E-4
1,46542E-4
1,49095E-4
1,51395E-4
1,48822E-4
1,47937E-4
1,42659E-4
1,43489E-4
1,56734E-4
1,48321E-4
1,4527E-4
1,44918E-4
1,57218E-4
1,47972E-4
1,50019E-4
1,63899E-4
1,54225E-4
1,41583E-4
1,44155E-4
1,49992E-4
1,49932E-4
2,18784E-4
1,50118E-4
1,44233E-4
1,51635E-4
1,55273E-4
1,46073E-4
1,45178E-4
1,4917E-4
1,50606E-4
1,43386E-4
1,49521E-4
1,48039E-4
1,53815E-4
1,49757E-4
1,47679E-4
1,59744E-4
1,62934E-4
1,5681E-4
1,43161E-4
1,39526E-4
1,49644E-4
1,50134E-4
1,53471E-4
1,47526E-4
1,40193E-4
1,46724E-4
1,44412E-4
1,45038E-4
1,47654E-4
1,39496E-4
1,48221E-4
1,50728E-4
1,51523E-4
1,42874E-4
1,51108E-4
1,61069E-4
1,49874E-4
1,70822E-4
1,41579E-4
1,48855E-4
1,49562E-4
1,65006E-4
1,43747E-4
1,45247E-4
1,41988E-4
1,3575E-4
1,51748E-4
1,76433E-4
1,71562E-4
1,55319E-4
1,48912E-4
1,45889E-4
1,45223E-4
1,46206E-4
1,4392E-4
1,49784E-4
1,47436E-4
1,43361E-4
1,47182E-4
1,53599E-4
1,54813E-4
1,44392E-4
1,42565E-4
1,51401E-4
1,56733E-4
1,72188E-4
1,45037E-4
1,41635E-4
1,43721E-4
1,46792E-4
1,37642E-4
1,53703E-4
1,46795E-4
1,49916E-4
1,42754E-4
1,46945E-4
1,48298E-4
1,48174E-4
1,49127E-4
1,45596E-4
1,51135E-4
1,55027E-4
1,5036E-4
1,47314E-4
1,50125E-4
1,52591E-4
1,48501E-4
1,61138E-4
1,50865E-4
1,5202E-4
1,42215E-4
1,45829E-4
1,50417E-4
1,47851E-4
1,54136E-4
1,51669E-4
1,49099E-4
1,52068E-4
1,48345E-4
1,43985E-4
1,56506E-4
1,4846E-4
1,38246E-4
1,45659E-4
1,50596E-4
1,47898E-4
1,41845E-4
1,38653E-4
1,7069E-4
1,51654E-4
1,59426E-4
1,55326E-4
1,51572E-4
1,42211E-4
1,56833E-4
1,57194E-4
1,59428E-4
1,55936E-4
1,59666E-4
1,49697E-4
1,47157E-4
1,45661E-4
1,56702E-4
1,53345E-4
1,49577E-4
1,45295E-4
1,41784E-4
1,46797E-4
1,50836E-4
1,46777E-4
1,41839E-4
1,52257E-4
1,68667E-4
1,52036E-4
1,43345E-4
1,45028E-4
1,51022E-4
1,47305E-4
1,55209E-4
1,6064E-4
1,46357E-4
1,51515E-4
1,4666E-4
1,48742E-4
1,4484E-4
1,57899E-4
1,56137E-4
1,49274E-4
1,67414E-4
1,50076E-4
1,46332E-4
1,46381E-4
1,54228E-4
1,54315E-4
1,7155E-4
1,57698E-4
1,52445E-4
1,41561E-4
1,48173E-4
1,43439E-4
1,48214E-4
1,52862E-4
1,37391E-4
1,4375E-4
1,45801E-4
1,46576E-4
1,5158E-4
1,54612E-4
1,42229E-4
1,47367E-4
1,53808E-4
1,66572E-4
1,5394E-4
1,41835E-4
1,41115E-4
1,46181E-4
1,47743E-4
1,51874E-4
1,445E-4
1,6746E-4
1,52162E-4
1,5238E-4
1,45428E-4
1,38968E-4
1,47458E-4
1,51542E-4
1,43361E-4
1,36538E-4
1,45796E-4
1,5011E-4
1,45664E-4
1,47349E-4
1,48487E-4
1,49967E-4
1,40567E-4
1,45929E-4
1,42587E-4
1,42103E-4
1,45201E-4
1,38812E-4
1,54313E-4
1,4618E-4
1,51967E-4
1,44107E-4
1,6218E-4
1,85546E-4
1,52033E-4
1,53963E-4
1,5046E-4
1,44364E-4
1,38896E-4
1,48893E-4
1,54176E-4
1,45529E-4
1,4212E-4
1,40728E-4
1,55636E-4
1,41487E-4
1,46523E-4
1,68365E-4
1,51249E-4
1,4163E-4
1,44674E-4
1,44708E-4
1,44818E-4
1,44638E-4
1,45111E-4
1,47593E-4
1,39006E-4
1,39605E-4
1,49097E-4
1,4588E-4
1,48454E-4
1,48177E-4
1,47968E-4
1,49429E-4
1,46971E-4
1,55844E-4
1,50246E-4
1,51299E-4
1,49087E-4
1,46409E-4
1,44478E-4
1,47194E-4
1,45031E-4
1,46421E-4
1,49102E-4
1,58625E-4
1,39396E-4
1,45222E-4
1,48228E-4
1,39316E-4
1,44943E-4
1,5139E-4
1,37882E-4
1,48101E-4
1,44357E-4
1,49569E-4
1,60772E-4
1,47385E-4
1,42914E-4
1,44684E-4
1,47062E-4
1,49349E-4
1,37203E-4
1,56939E-4
1,45451E-4
1,41198E-4
1,46441E-4
1,65134E-4
1,3911E-4
1,46113E-4
1,48789E-4
1,4514E-4
1,42723E-4
1,47255E-4
1,49813E-4
1,42098E-4
1,36778E-4
1,36431E-4
1,43711E-4
1,40254E-4
1,46014E-4
1,4473E-4
1,49587E-4
1,45552E-4
1,37336E-4
1,64069E-4
1,37748E-4
1,52259E-4
1,38173E-4
1,46626E-4
1,37476E-4
1,62969E-4
1,49721E-4
1,56967E-4
1,45401E-4
1,40794E-4
1,55473E-4
1,4549E-4
1,71794E-4
1,48982E-4
1,50899E-4
1,39427E-4
1,44375E-4
1,49475E-4
1,51465E-4
1,47649E-4
1,47487E-4
1,47475E-4
1,39202E-4
1,49879E-4
1,38147E-4
1,60411E-4
1,48401E-4
1,50388E-4
1,54613E-4
1,6536E-4
2,33003E-4
1,45387E-4
1,48862E-4
1,47326E-4
1,39055E-4
1,5084E-4
1,51676E-4
1,40611E-4
1,42122E-4
1,38114E-4
1,4934E-4
1,44618E-4
1,43916E-4
1,37504E-4
1,42601E-4
1,43708E-4
1,41227E-4
1,37219E-4
1,46601E-4
1,37899E-4
1,44302E-4
1,40711E-4
1,41749E-4
1,38495E-4
