7,8955E-5
7,6946E-5
7,6821E-5
7,6744E-5
7,1474E-5
8,327E-5
7,4715E-5
7,7202E-5
7,498E-5
7,8071E-5
7,3764E-5
7,388E-5
8,2782E-5
7,7324E-5
7,0867E-5
7,7614E-5
7,6033E-5
5,6758E-5
7,7418E-5
7,5404E-5
7,7172E-5
5,7327E-5
6,6752E-5
7,5577E-5
6,6606E-5
7,8035E-5
5,5706E-5
7,7548E-5
5,8956E-5
7,6912E-5
6,3763E-5
7,7098E-5
6,7482E-5
5,5809E-5
5,7129E-5
7,6699E-5
7,3143E-5
6,4158E-5
7,1871E-5
5,5563E-5
7,4948E-5
6,4171E-5
7,3309E-5
7,5536E-5
7,1694E-5
7,1137E-5
7,6312E-5
7,7435E-5
7,1328E-5
7,5888E-5
7,6212E-5
5,6916E-5
8,1251E-5
7,3719E-5
0,002085352
6,9961E-5
7,6989E-5
6,676E-5
7,3126E-5
7,6986E-5
7,815E-5
8,3318E-5
7,0659E-5
5,6291E-5
7,5199E-5
7,3465E-5
7,2626E-5
6,5318E-5
7,5021E-5
5,5652E-5
7,5732E-5
5,7365E-5
8,3077E-5
7,3915E-5
5,917E-5
6,526E-5
6,0579E-5
7,2729E-5
6,7671E-5
6,0877E-5
7,3132E-5
8,7551E-5
6,6836E-5
7,5108E-5
7,2951E-5
7,0113E-5
7,4401E-5
6,822E-5
6,9552E-5
5,7233E-5
5,6039E-5
7,2932E-5
7,1124E-5
7,7683E-5
7,1044E-5
9,3135E-5
8,8361E-5
1,27061E-4
1,07673E-4
1,0904E-4
1,37031E-4
1,06443E-4
1,24757E-4
1,31518E-4
9,4261E-5
1,21413E-4
6,3462E-5
8,0033E-5
7,7734E-5
7,6585E-5
5,7169E-5
7,6982E-5
8,195E-5
7,6913E-5
7,6284E-5
7,6621E-5
7,1478E-5
6,9523E-5
6,8102E-5
7,8374E-5
7,9434E-5
7,1063E-5
7,1529E-5
7,3445E-5
7,2366E-5
9,0789E-5
9,3417E-5
7,3434E-5
8,054E-5
7,3838E-5
7,6868E-5
7,3581E-5
7,6306E-5
8,3598E-5
7,8742E-5
7,8319E-5
7,5466E-5
6,7531E-5
6,7493E-5
7,6112E-5
9,2281E-5
7,3896E-5
8,8371E-5
5,7536E-5
7,6989E-5
7,887E-5
7,7255E-5
7,4998E-5
8,1068E-5
7,4706E-5
5,6679E-5
5,6536E-5
6,9972E-5
7,2466E-5
8,2893E-5
7,3512E-5
8,0942E-5
7,4971E-5
7,9336E-5
7,4232E-5
7,1758E-5
8,0076E-5
7,8429E-5
8,2597E-5
8,1839E-5
7,0298E-5
9,0315E-5
7,1849E-5
7,1389E-5
7,127E-5
7,4077E-5
8,4501E-5
6,9356E-5
7,7598E-5
6,4428E-5
7,9272E-5
7,4964E-5
7,5951E-5
7,0333E-5
8,2554E-5
6,8466E-5
8,9608E-5
5,7175E-5
7,1837E-5
8,7534E-5
7,1724E-5
5,6779E-5
7,2886E-5
7,5777E-5
5,6501E-5
6,0346E-5
7,4006E-5
5,5941E-5
7,3162E-5
6,8149E-5
6,2525E-5
7,8968E-5
7,8566E-5
5,9076E-5
7,174E-5
7,2021E-5
7,4503E-5
1,11657E-4
7,8926E-5
7,5566E-5
7,2457E-5
7,3551E-5
5,6756E-5
7,4838E-5
7,953E-5
1,26137E-4
7,4681E-5
6,8427E-5
7,5304E-5
7,4399E-5
7,6564E-5
6,5407E-5
7,6012E-5
7,7066E-5
7,141E-5
7,7218E-5
7,7808E-5
7,8609E-5
7,4613E-5
5,6201E-5
8,6341E-5
7,801E-5
8,1107E-5
7,0813E-5
5,6773E-5
7,1856E-5
7,1558E-5
6,4141E-5
7,0563E-5
5,7107E-5
5,687E-5
7,6665E-5
7,5233E-5
5,875E-5
8,2886E-5
6,8028E-5
6,0389E-5
7,3834E-5
7,3562E-5
7,1168E-5
8,0459E-5
7,4162E-5
7,0584E-5
7,8443E-5
7,4235E-5
7,4263E-5
7,7132E-5
7,2378E-5
7,3328E-5
6,5626E-5
5,6526E-5
5,7531E-5
7,4361E-5
6,5018E-5
7,2199E-5
7,1059E-5
7,2452E-5
7,8132E-5
5,8234E-5
7,4483E-5
7,0764E-5
7,1879E-5
7,1998E-5
7,2579E-5
1,05907E-4
1,11963E-4
1,1454E-4
1,37601E-4
1,05813E-4
9,0065E-5
1,18152E-4
7,8421E-5
1,17E-4
1,28458E-4
1,12656E-4
1,41131E-4
1,10856E-4
1,06399E-4
7,0181E-5
1,19339E-4
1,58456E-4
1,26053E-4
9,0137E-5
5,7723E-5
7,6408E-5
7,0302E-5
6,8533E-5
7,3605E-5
6,5176E-5
6,8959E-5
5,5447E-5
5,8369E-5
7,0776E-5
7,1192E-5
5,6736E-5
7,4069E-5
6,8651E-5
7,3024E-5
8,0887E-5
7,0523E-5
7,8696E-5
7,6199E-5
7,5835E-5
6,8425E-5
7,4013E-5
7,3419E-5
7,061E-5
7,186E-5
7,0834E-5
7,1028E-5
5,9186E-5
6,7541E-5
7,0214E-5
7,3863E-5
7,5734E-5
7,6666E-5
7,1399E-5
8,519E-5
5,9903E-5
8,4706E-5
6,9919E-5
7,2781E-5
7,193E-5
5,7566E-5
7,5925E-5
7,2905E-5
8,8585E-5
8,9867E-5
7,7095E-5
7,2228E-5
5,5947E-5
5,8321E-5
7,1424E-5
1,2352E-4
1,34674E-4
8,2877E-5
9,2203E-5
1,07989E-4
1,55262E-4
1,036E-4
1,0465E-4
1,43351E-4
8,2725E-5
7,1621E-5
6,7102E-5
8,8185E-5
7,2335E-5
6,4748E-5
7,7368E-5
7,1188E-5
7,3771E-5
7,6225E-5
7,8846E-5
1,04615E-4
1,25252E-4
1,11989E-4
9,6461E-5
6,9468E-5
7,7714E-5
8,0251E-5
8,1565E-5
9,117E-5
7,3035E-5
7,3429E-5
7,0948E-5
7,0131E-5
7,0772E-5
7,9259E-5
7,9394E-5
7,1573E-5
6,8897E-5
7,6506E-5
5,6095E-5
6,8936E-5
6,9971E-5
5,7619E-5
6,9871E-5
7,1334E-5
5,7213E-5
7,1138E-5
7,4479E-5
9,3628E-5
7,6292E-5
7,1583E-5
7,0179E-5
7,4534E-5
7,176E-5
7,0604E-5
7,5787E-5
7,3408E-5
5,7159E-5
7,8234E-5
7,0026E-5
7,298E-5
6,8224E-5
7,0053E-5
7,6334E-5
7,7034E-5
7,4844E-5
6,8305E-5
5,7854E-5
6,9168E-5
7,6279E-5
8,3347E-5
5,6606E-5
7,2221E-5
7,6825E-5
6,9703E-5
7,2012E-5
6,8663E-5
7,2931E-5
7,626E-5
7,7113E-5
7,1575E-5
7,0203E-5
6,5909E-5
5,8562E-5
6,808E-5
7,0995E-5
7,4031E-5
8,5966E-5
7,7735E-5
7,1222E-5
7,8119E-5
7,0196E-5
7,8409E-5
7,3599E-5
6,6087E-5
8,5228E-5
5,6792E-5
7,7628E-5
6,4348E-5
5,7302E-5
7,1317E-5
6,3412E-5
5,7002E-5
7,102E-5
7,393E-5
6,9587E-5
7,1275E-5
5,7375E-5
8,4249E-5
7,4052E-5
7,6045E-5
6,683E-5
7,0617E-5
7,2435E-5
7,399E-5
5,6907E-5
7,2967E-5
7,1791E-5
7,2536E-5
8,0622E-5
6,7984E-5
7,3893E-5
5,7064E-5
6,7259E-5
6,8588E-5
5,7194E-5
6,9909E-5
6,7621E-5
7,756E-5
7,2687E-5
8,1169E-5
6,8179E-5
7,4793E-5
8,9633E-5
7,3637E-5
7,1822E-5
6,3683E-5
7,2675E-5
7,6371E-5
7,4913E-5
7,7155E-5
7,8476E-5
7,5755E-5
5,7192E-5
6,8834E-5
7,1555E-5
8,9929E-5
7,2128E-5
8,6489E-5
6,5602E-5
7,2832E-5
7,6197E-5
7,7475E-5
7,4291E-5
6,9466E-5
7,6684E-5
7,7956E-5
6,8131E-5
7,8028E-5
6,1932E-5
5,7465E-5
7,8893E-5
6,884E-5
7,0189E-5
7,2374E-5
7,3656E-5
6,7534E-5
7,3199E-5
6,8916E-5
1,02715E-4
6,4383E-5
7,1936E-5
6,9512E-5
7,6364E-5
5,6413E-5
7,4185E-5
7,1681E-5
7,5903E-5
1,2445E-4
7,1022E-5
6,6475E-5
7,7907E-5
7,1508E-5
7,5885E-5
7,1792E-5
9,8955E-5
5,554E-5
6,8109E-5
7,6774E-5
7,763E-5
7,5922E-5
7,8855E-5
6,3293E-5
7,3621E-5
7,2431E-5
7,5011E-5
7,4109E-5
7,7727E-5
6,5347E-5
7,1173E-5
7,2686E-5
7,668E-5
7,4062E-5
6,6723E-5
7,1634E-5
6,9584E-5
6,6883E-5
7,2894E-5
7,4824E-5
7,1159E-5
7,7384E-5
7,3584E-5
7,2757E-5
7,5222E-5
7,4004E-5
7,2905E-5
8,053E-5
8,7218E-5
1,34462E-4
8,2589E-5
8,9156E-5
5,8045E-5
5,609E-5
7,6626E-5
7,8413E-5
7,4299E-5
7,1387E-5
6,9587E-5
7,709E-5
7,1579E-5
8,2359E-5
8,094E-5
5,477E-5
0,001798488
7,1778E-5
8,3927E-5
8,5788E-5
7,6987E-5
7,1079E-5
8,6794E-5
7,1671E-5
6,9832E-5
7,4331E-5
7,1735E-5
5,6437E-5
6,6504E-5
7,2119E-5
6,9533E-5
5,4895E-5
6,9591E-5
7,7324E-5
6,9284E-5
7,8795E-5
7,1847E-5
7,732E-5
5,7654E-5
7,2964E-5
6,5746E-5
7,0747E-5
5,7953E-5
6,8436E-5
7,8127E-5
7,6093E-5
7,0874E-5
7,1548E-5
7,257E-5
7,7428E-5
7,206E-5
7,0464E-5
8,6745E-5
7,1231E-5
7,677E-5
7,2642E-5
7,1848E-5
7,1876E-5
7,1277E-5
5,9023E-5
7,3905E-5
7,8318E-5
7,8951E-5
7,6663E-5
7,4588E-5
7,2922E-5
6,6377E-5
9,9602E-5
7,2162E-5
7,7492E-5
6,9981E-5
7,6917E-5
7,2878E-5
7,7647E-5
7,2166E-5
7,7203E-5
7,8589E-5
7,1792E-5
7,1941E-5
6,7034E-5
6,9512E-5
7,2228E-5
7,0811E-5
7,6067E-5
7,0772E-5
7,6598E-5
7,7367E-5
7,0271E-5
6,3915E-5
6,8326E-5
7,0801E-5
7,6024E-5
6,6138E-5
7,1233E-5
7,8966E-5
7,1134E-5
7,04E-5
7,2179E-5
6,9858E-5
7,6876E-5
7,0339E-5
7,3187E-5
7,4742E-5
7,8309E-5
7,2004E-5
7,1749E-5
5,7308E-5
7,7771E-5
7,2596E-5
5,7051E-5
7,0863E-5
5,7129E-5
7,1996E-5
7,4649E-5
6,7428E-5
7,4315E-5
7,1092E-5
7,8638E-5
6,6897E-5
7,7083E-5
5,7203E-5
7,5717E-5
7,1103E-5
7,2924E-5
7,0197E-5
7,3298E-5
7,1423E-5
5,6542E-5
7,5634E-5
7,3218E-5
7,5129E-5
7,4707E-5
7,5974E-5
7,2585E-5
7,1653E-5
7,2476E-5
6,507E-5
7,0259E-5
7,6845E-5
8,181E-5
7,088E-5
8,8324E-5
6,9955E-5
5,7994E-5
8,7868E-5
6,8649E-5
6,828E-5
8,7343E-5
8,2094E-5
7,3929E-5
7,591E-5
7,1515E-5
6,9377E-5
7,1683E-5
5,5384E-5
7,5742E-5
6,9567E-5
7,4248E-5
6,3699E-5
6,5937E-5
7,0479E-5
7,601E-5
7,3327E-5
7,1789E-5
7,1825E-5
7,8025E-5
7,9877E-5
5,7096E-5
7,2621E-5
5,7658E-5
7,0655E-5
6,6356E-5
5,9906E-5
6,7659E-5
5,7444E-5
6,4964E-5
6,9804E-5
7,6669E-5
7,8901E-5
7,8981E-5
7,5186E-5
7,2355E-5
6,0959E-5
7,6428E-5
5,8038E-5
7,043E-5
7,2915E-5
6,8102E-5
7,7896E-5
6,4018E-5
7,2495E-5
8,3772E-5
8,8858E-5
7,6095E-5
7,7756E-5
5,7845E-5
7,1056E-5
7,3522E-5
6,9179E-5
7,0766E-5
6,9357E-5
8,0084E-5
7,4813E-5
7,0176E-5
6,489E-5
7,923E-5
5,8725E-5
7,1904E-5
6,8483E-5
7,1329E-5
6,2976E-5
5,7397E-5
7,1437E-5
7,3432E-5
6,7367E-5
7,3484E-5
7,0037E-5
7,2081E-5
7,2894E-5
6,7078E-5
7,4567E-5
5,7234E-5
7,0999E-5
7,6145E-5
6,4948E-5
7,2338E-5
7,6268E-5
6,8842E-5
7,1478E-5
8,0422E-5
6,8065E-5
7,8122E-5
7,3261E-5
7,5307E-5
5,6348E-5
7,6255E-5
7,0477E-5
7,0977E-5
6,9913E-5
8,5979E-5
9,3013E-5
7,5621E-5
9,1421E-5
5,5634E-5
7,7182E-5
5,6459E-5
7,3882E-5
7,0442E-5
6,4302E-5
9,1054E-5
7,2966E-5
6,5437E-5
7,2927E-5
7,9642E-5
7,7649E-5
7,1623E-5
7,3514E-5
8,4175E-5
7,3882E-5
5,7071E-5
6,7367E-5
7,6665E-5
5,6397E-5
7,3031E-5
7,0635E-5
6,4684E-5
6,0632E-5
7,0102E-5
7,2759E-5
7,2979E-5
7,3602E-5
7,6644E-5
6,4999E-5
7,799E-5
7,1218E-5
7,2E-5
7,0721E-5
5,7303E-5
7,341E-5
7,1485E-5
7,3174E-5
8,6909E-5
1,09561E-4
1,02887E-4
1,0924E-4
7,4556E-5
9,5593E-5
1,1195E-4
8,3691E-5
7,2361E-5
7,0662E-5
8,0305E-5
6,5893E-5
7,2065E-5
7,6594E-5
8,0734E-5
7,1427E-5
6,3038E-5
7,6555E-5
5,6517E-5
7,3177E-5
7,0478E-5
7,3708E-5
7,346E-5
7,8047E-5
6,8484E-5
6,8664E-5
7,0775E-5
7,1648E-5
7,8132E-5
7,7795E-5
8,0091E-5
5,6485E-5
7,7682E-5
7,214E-5
9,4285E-5
5,6653E-5
7,2225E-5
7,5737E-5
7,393E-5
5,7302E-5
6,4169E-5
7,8642E-5
7,1529E-5
7,361E-5
7,1159E-5
5,6318E-5
6,1581E-5
6,9673E-5
7,0858E-5
7,4092E-5
7,0564E-5
6,7223E-5
5,8789E-5
7,7536E-5
6,8186E-5
9,5252E-5
7,8931E-5
7,2066E-5
6,9299E-5
7,0774E-5
7,6707E-5
7,7194E-5
8,1151E-5
7,5908E-5
7,1312E-5
7,4259E-5
6,6419E-5
7,4453E-5
7,7089E-5
6,9136E-5
8,4429E-5
7,2662E-5
7,4799E-5
7,1205E-5
6,7858E-5
8,1575E-5
8,0226E-5
8,4542E-5
1,16781E-4
9,466E-5
1,20428E-4
5,782E-5
7,1731E-5
7,1624E-5
7,7987E-5
5,684E-5
6,6125E-5
7,1975E-5
7,4183E-5
9,1749E-5
5,7549E-5
7,9052E-5
5,8002E-5
7,624E-5
7,139E-5
5,6836E-5
5,7131E-5
7,4572E-5
7,6167E-5
6,9543E-5
5,6967E-5
7,117E-5
7,3514E-5
6,6389E-5
7,2148E-5
7,4606E-5
7,513E-5
7,2656E-5
7,5323E-5
7,3755E-5
7,1429E-5
7,7255E-5
5,5762E-5
7,3725E-5
7,6502E-5
6,851E-5
7,3173E-5
7,1742E-5
8,1242E-5
7,2245E-5
7,364E-5
7,3169E-5
8,0297E-5
7,4962E-5
7,7855E-5
6,1894E-5
7,688E-5
6,9057E-5
6,9475E-5
7,5866E-5
7,1101E-5
7,4135E-5
7,6347E-5
7,8314E-5
7,4105E-5
5,7482E-5
7,6522E-5
8,1458E-5
9,701E-5
9,7435E-5
1,15768E-4
1,08327E-4
9,5895E-5
1,25082E-4
7,8429E-5
9,8925E-5
1,17661E-4
1,22166E-4
1,13604E-4
1,07285E-4
1,05502E-4
1,16955E-4
9,2216E-5
9,824E-5
8,9879E-5
1,03945E-4
5,7286E-5
1,10285E-4
9,7955E-5
8,7478E-5
9,8096E-5
1,28597E-4
7,6521E-5
8,0563E-5
7,2786E-5
6,4273E-5
5,8038E-5
5,6294E-5
5,697E-5
7,1638E-5
7,8206E-5
7,0565E-5
1,29613E-4
8,1465E-5
1,30623E-4
1,23301E-4
1,38005E-4
1,24202E-4
1,38648E-4
6,4485E-5
5,5911E-5
7,3173E-5
6,6112E-5
6,8928E-5
8,2375E-5
5,7764E-5
8,4673E-5
7,9524E-5
7,1067E-5
5,8128E-5
7,9525E-5
7,2843E-5
7,4512E-5
7,2597E-5
6,9815E-5
8,1659E-5
7,0844E-5
6,9939E-5
7,356E-5
7,0681E-5
6,4415E-5
9,875E-5
7,2379E-5
7,1136E-5
1,02819E-4
7,099E-5
5,8688E-5
6,7747E-5
7,4934E-5
7,0931E-5
7,8231E-5
6,8717E-5
7,6672E-5
6,4762E-5
7,93E-5
6,5046E-5
5,6477E-5
7,4592E-5
7,3512E-5
5,7321E-5
7,0566E-5
7,7512E-5
7,0937E-5
7,0157E-5
7,6301E-5
6,9701E-5
8,2444E-5
7,4183E-5
8,059E-5
9,7943E-5
1,25087E-4
1,00005E-4
7,0311E-5
7,405E-5
8,1413E-5
7,062E-5
7,2686E-5
5,855E-5
6,7538E-5
7,0655E-5
6,6155E-5
7,7703E-5
7,0243E-5
7,0621E-5
6,9884E-5
7,024E-5
7,0566E-5
7,7802E-5
5,7216E-5
7,002E-5
7,3679E-5
7,0563E-5
7,0696E-5
7,0785E-5
6,3401E-5
6,9808E-5
7,8815E-5
7,2309E-5
8,1405E-5
7,2767E-5
7,664E-5
6,0146E-5
7,3186E-5
7,0463E-5
6,4911E-5
7,6387E-5
7,8742E-5
6,272E-5
7,4049E-5
5,6773E-5
6,7959E-5
7,0001E-5
8,38E-5
5,8372E-5
6,6657E-5
7,0403E-5
7,4942E-5
7,2615E-5
8,5326E-5
6,7643E-5
7,3069E-5
7,7678E-5
7,149E-5
7,3183E-5
7,8126E-5
7,6179E-5
7,1952E-5
6,8492E-5
6,5122E-5
8,2764E-5
5,7753E-5
8,116E-5
6,8418E-5
6,9533E-5
7,6797E-5
5,7522E-5
5,8994E-5
7,3732E-5
6,8637E-5
7,6375E-5
6,577E-5
7,0828E-5
6,6886E-5
6,5234E-5
7,6847E-5
6,8159E-5
8,481E-5
6,8258E-5
6,2848E-5
7,5141E-5
7,0295E-5
7,7779E-5
7,0372E-5
6,8746E-5
7,2382E-5
7,3526E-5
7,0753E-5
7,6662E-5
7,1973E-5
9,6237E-5
7,4336E-5
6,4796E-5
7,4442E-5
7,0322E-5
7,7978E-5
6,7939E-5
7,7523E-5
7,1141E-5
6,7959E-5
7,9895E-5
7,8581E-5
5,7637E-5
7,1062E-5
7,1581E-5
7,119E-5
7,0765E-5
7,4064E-5
7,7071E-5
7,3439E-5
6,8111E-5
6,3917E-5
7,8359E-5
7,1265E-5
7,9719E-5
6,4226E-5
8,4874E-5
7,1965E-5
7,6927E-5
7,2512E-5
6,6579E-5
7,3982E-5
7,127E-5
7,0289E-5
6,4004E-5
9,065E-5
6,8096E-5
0,001834222
7,871E-5
7,6015E-5
6,74E-5
7,9642E-5
7,3367E-5
7,0629E-5
7,4172E-5
7,3308E-5
7,0937E-5
6,8492E-5
5,7582E-5
6,9926E-5
6,4679E-5
7,7982E-5
7,3499E-5
7,071E-5
5,7092E-5
7,7094E-5
7,3864E-5
8,549E-5
7,4732E-5
6,4565E-5
7,7614E-5
8,4027E-5
9,0064E-5
7,0907E-5
7,6401E-5
7,0163E-5
8,4739E-5
7,4051E-5
7,6078E-5
6,8443E-5
5,7686E-5
7,7163E-5
8,1146E-5
7,6047E-5
7,2794E-5
5,6831E-5
6,483E-5
7,3162E-5
7,6505E-5
7,8331E-5
7,3818E-5
7,6611E-5
7,2375E-5
7,7417E-5
7,0949E-5
7,8027E-5
7,0152E-5
8,6268E-5
7,019E-5
7,5271E-5
6,8216E-5
7,1833E-5
7,1737E-5
7,0344E-5
7,0323E-5
7,68E-5
6,7838E-5
7,0276E-5
6,5727E-5
7,037E-5
7,7679E-5
7,2794E-5
7,1107E-5
5,7954E-5
7,1533E-5
5,7374E-5
7,1764E-5
5,8165E-5
6,9643E-5
5,7256E-5
6,8988E-5
7,6374E-5
7,1092E-5
7,8272E-5
6,9983E-5
7,3092E-5
6,9696E-5
7,213E-5
8,2396E-5
6,9364E-5
7,0513E-5
7,2203E-5
7,3822E-5
5,7044E-5
7,571E-5
5,8049E-5
6,4536E-5
5,751E-5
7,5651E-5
7,6638E-5
7,7305E-5
5,5629E-5
6,3914E-5
7,0758E-5
7,3243E-5
7,0105E-5
7,3918E-5
7,7636E-5
6,8228E-5
1,01465E-4
6,5541E-5
7,0348E-5
6,5368E-5
6,8658E-5
5,8019E-5
7,1645E-5
7,1908E-5
7,1642E-5
5,736E-5
6,8512E-5
7,9522E-5
6,8545E-5
7,1984E-5
6,9941E-5
6,4312E-5
6,9526E-5
7,5068E-5
6,7774E-5
7,0764E-5
7,0128E-5
7,6424E-5
7,2264E-5
6,9984E-5
6,7155E-5
7,4284E-5
7,441E-5
7,6272E-5
7,1633E-5
5,6993E-5
7,8545E-5
7,4271E-5
7,1223E-5
7,4325E-5
5,627E-5
7,4036E-5
7,3711E-5
7,3819E-5
1,40812E-4
8,3965E-5
1,28506E-4
1,42495E-4
1,13243E-4
1,0498E-4
9,8628E-5
6,9799E-5
1,21088E-4
7,9519E-5
1,14101E-4
9,9385E-5
9,9107E-5
1,24692E-4
1,33841E-4
1,30509E-4
8,7132E-5
8,9948E-5
8,7072E-5
7,7415E-5
5,7643E-5
6,4439E-5
5,7442E-5
7,2498E-5
7,627E-5
7,3797E-5
7,3982E-5
7,7956E-5
6,5785E-5
7,7544E-5
7,3232E-5
5,818E-5
7,1142E-5
5,6066E-5
6,7794E-5
5,8333E-5
6,5667E-5
7,6257E-5
7,5993E-5
7,6493E-5
7,2155E-5
5,7539E-5
7,4069E-5
6,4094E-5
6,9544E-5
5,7435E-5
7,3331E-5
7,5603E-5
7,4903E-5
5,6354E-5
7,4997E-5
1,0058E-4
7,2935E-5
7,1407E-5
6,7743E-5
8,413E-5
5,6142E-5
7,0285E-5
7,2448E-5
7,0654E-5
6,7253E-5
6,4649E-5
6,953E-5
5,7947E-5
7,8877E-5
7,6549E-5
7,7951E-5
7,3421E-5
7,0693E-5
7,2971E-5
5,5967E-5
7,905E-5
6,7766E-5
7,0568E-5
7,6819E-5
7,0538E-5
5,7606E-5
6,7007E-5
7,2221E-5
6,9896E-5
7,236E-5
9,0364E-5
6,6674E-5
5,9181E-5
5,9728E-5
7,2538E-5
7,6632E-5
7,7826E-5
7,2961E-5
7,0982E-5
6,8235E-5
5,6774E-5
7,2515E-5
6,4415E-5
7,0832E-5
7,207E-5
5,6234E-5
6,9757E-5
5,7546E-5
7,7105E-5
5,8167E-5
6,4831E-5
6,9029E-5
7,125E-5
7,6821E-5
7,181E-5
7,4519E-5
5,7238E-5
7,8695E-5
7,5156E-5
7,1272E-5
6,9742E-5
6,6688E-5
7,3231E-5
6,9037E-5
7,6895E-5
6,9192E-5
7,7641E-5
6,7273E-5
5,6656E-5
7,713E-5
5,7832E-5
7,1958E-5
6,4429E-5
7,0579E-5
7,6324E-5
5,6652E-5
7,1241E-5
7,6371E-5
7,1698E-5
5,9839E-5
7,1042E-5
5,7783E-5
7,6729E-5
7,2398E-5
7,2112E-5
5,5746E-5
6,4823E-5
7,3456E-5
7,2811E-5
7,4193E-5
7,1516E-5
7,6394E-5
6,9842E-5
7,7462E-5
7,1696E-5
7,7063E-5
7,096E-5
7,435E-5
5,7884E-5
6,9033E-5
6,5882E-5
7,0553E-5
7,7304E-5
7,3049E-5
5,6351E-5
7,5938E-5
7,7501E-5
5,7781E-5
7,8881E-5
7,0711E-5
7,8808E-5
7,0345E-5
6,9085E-5
7,8491E-5
7,5559E-5
5,676E-5
7,0495E-5
7,3127E-5
7,6916E-5
6,7821E-5
5,6459E-5
8,262E-5
7,4486E-5
5,6877E-5
7,0743E-5
7,0859E-5
9,3013E-5
7,1056E-5
7,0717E-5
7,217E-5
7,4867E-5
7,287E-5
1,17323E-4
9,4287E-5
1,21E-4
9,5374E-5
1,2503E-4
8,6203E-5
1,21047E-4
8,5888E-5
1,2024E-4
1,29851E-4
1,29982E-4
7,412E-5
1,23443E-4
9,1659E-5
1,34372E-4
1,25024E-4
6,7923E-5
7,5207E-5
7,5941E-5
7,712E-5
7,5397E-5
7,5798E-5
7,2221E-5
7,1575E-5
5,72E-5
6,9109E-5
5,7219E-5
6,7092E-5
7,8255E-5
7,7733E-5
6,5035E-5
7,0351E-5
6,5864E-5
8,1298E-5
7,2489E-5
7,3966E-5
7,318E-5
7,616E-5
5,7511E-5
7,0882E-5
7,0579E-5
6,7401E-5
7,1963E-5
8,0271E-5
6,6203E-5
8,3836E-5
5,7931E-5
5,6397E-5
7,5882E-5
8,2645E-5
5,7249E-5
7,6809E-5
7,4118E-5
5,9509E-5
6,4391E-5
5,7988E-5
1,1823E-4
7,2882E-5
6,2387E-5
7,0885E-5
7,2324E-5
6,8016E-5
5,6135E-5
7,3198E-5
7,1664E-5
6,5331E-5
7,1264E-5
8,0704E-5
7,0597E-5
5,6647E-5
7,3028E-5
7,1998E-5
7,0653E-5
7,1107E-5
7,3185E-5
5,6743E-5
6,9219E-5
7,7782E-5
7,3755E-5
7,1738E-5
7,9668E-5
7,4142E-5
6,4769E-5
6,8022E-5
7,2636E-5
7,2403E-5
7,4721E-5
6,7736E-5
7,612E-5
7,124E-5
7,6636E-5
7,253E-5
7,0271E-5
5,8677E-5
6,3729E-5
0,001560517
7,1357E-5
7,1538E-5
7,5356E-5
6,846E-5
7,2046E-5
7,3698E-5
6,5513E-5
7,1639E-5
7,6196E-5
7,6086E-5
7,6777E-5
8,3262E-5
7,0437E-5
1,23875E-4
1,26098E-4
9,2812E-5
9,3797E-5
9,45E-5
1,00882E-4
9,3603E-5
1,27736E-4
9,8113E-5
7,9054E-5
8,1302E-5
7,0557E-5
7,7404E-5
7,258E-5
7,6916E-5
6,7525E-5
7,2415E-5
7,1383E-5
7,2056E-5
7,0573E-5
7,6729E-5
7,2642E-5
6,4425E-5
7,7842E-5
7,2703E-5
7,1277E-5
5,5207E-5
5,5845E-5
7,6511E-5
6,6698E-5
8,2492E-5
7,4154E-5
7,1775E-5
6,8383E-5
7,251E-5
5,7412E-5
7,4401E-5
7,877E-5
7,8596E-5
7,5157E-5
8,5292E-5
8,3259E-5
7,7565E-5
5,8394E-5
7,3627E-5
7,1963E-5
5,7593E-5
7,4814E-5
7,4087E-5
7,6616E-5
5,7775E-5
7,2769E-5
7,5365E-5
7,1469E-5
5,6947E-5
7,2049E-5
6,97E-5
5,5198E-5
7,0806E-5
5,6724E-5
5,7418E-5
7,7845E-5
7,7108E-5
0,001689082
7,2402E-5
7,2425E-5
5,6477E-5
7,2696E-5
6,4253E-5
7,3098E-5
7,252E-5
6,9749E-5
7,0272E-5
7,1476E-5
8,1775E-5
5,6554E-5
7,7662E-5
7,0506E-5
7,0658E-5
8,0665E-5
7,0384E-5
9,5671E-5
6,9387E-5
1,2182E-4
1,3007E-4
9,1614E-5
9,4244E-5
1,0653E-4
8,8556E-5
1,06507E-4
1,11935E-4
1,18422E-4
9,3078E-5
1,24911E-4
8,6895E-5
1,22961E-4
6,9337E-5
1,12193E-4
7,3501E-5
1,52261E-4
1,18286E-4
5,7525E-5
6,5585E-5
7,7285E-5
7,4359E-5
8,0812E-5
6,9076E-5
7,0566E-5
7,3515E-5
5,703E-5
7,2397E-5
7,6793E-5
7,1477E-5
5,5498E-5
7,544E-5
6,7407E-5
5,6854E-5
1,05102E-4
5,688E-5
7,1131E-5
6,8025E-5
7,2247E-5
7,4991E-5
7,1553E-5
7,0583E-5
6,9723E-5
7,7826E-5
7,9413E-5
7,1667E-5
7,7229E-5
7,0881E-5
7,9496E-5
7,4948E-5
7,7646E-5
7,6863E-5
7,6591E-5
7,1229E-5
7,0408E-5
7,1756E-5
6,6662E-5
7,6684E-5
6,5593E-5
7,7733E-5
7,1403E-5
6,7224E-5
5,6024E-5
7,2586E-5
7,0873E-5
9,7771E-5
5,7614E-5
6,3548E-5
7,0562E-5
7,3217E-5
7,1145E-5
7,3659E-5
7,5359E-5
7,4365E-5
7,7695E-5
7,3877E-5
7,0619E-5
5,7264E-5
7,8135E-5
7,2315E-5
7,0852E-5
5,8058E-5
7,8313E-5
7,4284E-5
7,2279E-5
6,7945E-5
7,3896E-5
5,5871E-5
5,5757E-5
7,705E-5
7,2586E-5
7,756E-5
7,172E-5
7,4664E-5
7,1025E-5
6,8354E-5
7,2444E-5
6,5275E-5
6,8968E-5
7,3062E-5
7,5523E-5
7,0709E-5
7,4669E-5
6,6718E-5
7,018E-5
7,4661E-5
7,3433E-5
7,1387E-5
7,0465E-5
7,2461E-5
7,365E-5
5,6234E-5
7,7791E-5
6,7488E-5
5,8477E-5
6,2937E-5
7,8018E-5
7,8284E-5
7,6898E-5
7,1373E-5
7,1551E-5
8,1039E-5
6,739E-5
7,1329E-5
7,4106E-5
7,6715E-5
6,5164E-5
6,6879E-5
7,4711E-5
7,6266E-5
7,8126E-5
7,2517E-5
6,8291E-5
5,8013E-5
7,5429E-5
7,1971E-5
6,442E-5
7,9617E-5
7,57E-5
8,2915E-5
6,7275E-5
7,285E-5
7,0805E-5
7,4356E-5
7,7141E-5
5,7459E-5
7,3891E-5
7,1122E-5
6,7512E-5
7,1261E-5
7,0295E-5
6,8349E-5
7,6113E-5
6,431E-5
7,0571E-5
6,7007E-5
7,7291E-5
5,5794E-5
8,6789E-5
7,0852E-5
7,0045E-5
7,365E-5
6,4314E-5
7,6201E-5
6,8358E-5
7,5241E-5
7,7787E-5
5,6115E-5
7,1785E-5
6,7783E-5
6,9839E-5
1,24063E-4
1,13055E-4
1,146E-4
9,5493E-5
1,3597E-4
1,27119E-4
1,37169E-4
7,9133E-5
7,8699E-5
7,6855E-5
7,1347E-5
7,7154E-5
7,7743E-5
6,988E-5
7,6109E-5
7,0687E-5
7,2416E-5
7,5144E-5
7,7489E-5
7,6723E-5
7,6437E-5
6,848E-5
7,1381E-5
8,0476E-5
7,5263E-5
6,8096E-5
1,10702E-4
7,1428E-5
7,4445E-5
5,7245E-5
7,4258E-5
7,1376E-5
7,2515E-5
7,3625E-5
7,7508E-5
7,3309E-5
5,7879E-5
7,4284E-5
7,686E-5
7,8959E-5
7,5825E-5
7,2022E-5
1,0383E-4
7,1093E-5
8,3579E-5
7,0811E-5
7,7752E-5
8,2086E-5
5,7018E-5
7,4889E-5
6,2781E-5
7,0129E-5
7,3302E-5
7,289E-5
6,9356E-5
7,0951E-5
7,498E-5
5,7538E-5
6,819E-5
8,1028E-5
7,8015E-5
9,9769E-5
6,5228E-5
6,2046E-5
7,3287E-5
7,9068E-5
7,3778E-5
8,2676E-5
8,4484E-5
8,4308E-5
6,8934E-5
7,6389E-5
7,5523E-5
6,3349E-5
7,3892E-5
6,8869E-5
7,6306E-5
8,2816E-5
7,3851E-5
7,1319E-5
7,4224E-5
7,1296E-5
5,6314E-5
7,6592E-5
7,0181E-5
7,1746E-5
6,4831E-5
6,8766E-5
7,1256E-5
8,1403E-5
7,1653E-5
5,6166E-5
1,21836E-4
7,3006E-5
7,6787E-5
7,7819E-5
6,4557E-5
7,6605E-5
5,7032E-5
6,4104E-5
7,1882E-5
6,6983E-5
7,4829E-5
5,9679E-5
7,0365E-5
7,8813E-5
7,3488E-5
7,9042E-5
7,4755E-5
7,8023E-5
7,9049E-5
6,8549E-5
7,3196E-5
7,6391E-5
7,6402E-5
7,1783E-5
7,6559E-5
8,2596E-5
8,5548E-5
5,801E-5
7,4587E-5
7,2981E-5
7,9265E-5
6,8918E-5
6,8611E-5
7,1344E-5
7,4031E-5
6,8792E-5
7,56E-5
7,4628E-5
5,7836E-5
7,8331E-5
7,8176E-5
8,3019E-5
7,6625E-5
6,8596E-5
7,6268E-5
7,2726E-5
6,9733E-5
7,2153E-5
7,5837E-5
5,7575E-5
7,1361E-5
8,1284E-5
6,9552E-5
7,7695E-5
7,0827E-5
7,2773E-5
7,1038E-5
7,6197E-5
7,0749E-5
5,7037E-5
7,4568E-5
7,2861E-5
7,4767E-5
6,5263E-5
5,8726E-5
7,5193E-5
7,0456E-5
6,5533E-5
7,3658E-5
5,5923E-5
6,7417E-5
7,6746E-5
7,1989E-5
7,1334E-5
7,0632E-5
6,3832E-5
7,137E-5
7,5858E-5
8,8589E-5
7,0835E-5
7,5157E-5
7,5769E-5
7,3067E-5
5,7861E-5
6,7134E-5
7,0092E-5
7,0544E-5
7,0504E-5
7,3673E-5
7,6325E-5
7,3184E-5
5,8009E-5
7,1597E-5
7,5137E-5
8,9096E-5
7,5586E-5
7,7995E-5
7,1823E-5
7,4754E-5
5,6995E-5
7,264E-5
6,4611E-5
7,0937E-5
9,1663E-5
6,6878E-5
6,76E-5
7,3832E-5
7,3993E-5
7,4437E-5
6,8812E-5
7,3314E-5
7,2559E-5
5,6972E-5
6,5992E-5
6,9948E-5
7,353E-5
7,1889E-5
7,1819E-5
7,1906E-5
5,7481E-5
7,1526E-5
7,7537E-5
6,9019E-5
5,7916E-5
8,0307E-5
5,8419E-5
7,8333E-5
7,2067E-5
6,976E-5
6,9913E-5
7,3603E-5
7,1355E-5
7,7306E-5
5,5351E-5
7,0986E-5
7,3943E-5
6,5853E-5
6,9719E-5
9,8649E-5
7,6817E-5
5,7557E-5
5,533E-5
7,8725E-5
5,6572E-5
7,0923E-5
7,1143E-5
7,2705E-5
7,7006E-5
6,8896E-5
5,5829E-5
7,7566E-5
6,6799E-5
7,0754E-5
7,0175E-5
7,6656E-5
7,3031E-5
5,5754E-5
6,9915E-5
7,8013E-5
6,3175E-5
7,5379E-5
7,2314E-5
7,391E-5
7,0152E-5
7,1056E-5
7,1107E-5
7,4649E-5
1,21793E-4
1,58193E-4
6,9789E-5
1,20926E-4
1,0726E-4
7,0338E-5
7,0133E-5
6,672E-5
6,9866E-5
7,6726E-5
6,8729E-5
7,0785E-5
6,8817E-5
6,6907E-5
7,189E-5
7,2158E-5
7,5716E-5
7,7758E-5
1,36303E-4
1,04656E-4
1,21794E-4
9,6177E-5
8,2272E-5
8,6356E-5
7,211E-5
5,6468E-5
5,6108E-5
5,5247E-5
7,2223E-5
7,8761E-5
6,8454E-5
6,7499E-5
7,1813E-5
6,7396E-5
7,4118E-5
7,3849E-5
7,1323E-5
6,7908E-5
7,5173E-5
7,2549E-5
6,8626E-5
7,3293E-5
7,6499E-5
6,8661E-5
7,2486E-5
6,9947E-5
5,847E-5
7,5395E-5
6,2819E-5
7,4673E-5
7,0117E-5
5,5331E-5
6,8719E-5
7,7278E-5
7,8001E-5
7,2663E-5
7,0913E-5
7,0491E-5
6,7157E-5
6,9745E-5
7,6251E-5
7,2357E-5
6,9981E-5
7,521E-5
7,339E-5
9,2404E-5
6,9086E-5
7,3725E-5
7,7017E-5
7,0621E-5
5,5341E-5
6,983E-5
6,0469E-5
5,5376E-5
6,9143E-5
7,084E-5
6,9315E-5
5,6254E-5
6,1893E-5
7,5794E-5
5,5384E-5
6,4676E-5
8,0659E-5
7,08E-5
7,2649E-5
6,4679E-5
7,5842E-5
9,0109E-5
6,988E-5
5,6753E-5
5,7014E-5
7,2913E-5
7,0045E-5
7,9021E-5
7,1272E-5
7,5849E-5
7,021E-5
7,7089E-5
7,3216E-5
6,6804E-5
5,716E-5
7,4114E-5
7,3256E-5
7,1047E-5
7,7271E-5
8,2017E-5
7,7309E-5
8,0927E-5
6,4212E-5
7,8629E-5
5,6435E-5
6,2299E-5
6,8817E-5
5,6638E-5
8,4174E-5
5,6256E-5
6,8446E-5
0,002008611
1,18296E-4
9,6388E-5
1,41599E-4
9,8737E-5
1,66606E-4
1,27644E-4
8,3873E-5
1,03112E-4
1,06707E-4
1,28754E-4
1,13974E-4
9,8081E-5
7,1426E-5
9,8992E-5
1,17214E-4
1,15174E-4
8,1059E-5
5,7204E-5
7,5039E-5
7,7358E-5
8,0598E-5
7,3821E-5
5,6958E-5
6,8703E-5
7,1316E-5
6,683E-5
5,6322E-5
7,0039E-5
7,3008E-5
8,4531E-5
5,703E-5
7,4475E-5
7,8454E-5
7,4715E-5
5,5893E-5
6,8273E-5
7,0558E-5
7,5576E-5
7,5429E-5
7,3667E-5
5,7966E-5
6,0938E-5
7,2389E-5
5,6372E-5
6,6912E-5
5,5876E-5
7,4028E-5
8,2496E-5
5,8877E-5
6,9252E-5
7,8497E-5
7,656E-5
7,7268E-5
8,6302E-5
7,5269E-5
8,4598E-5
6,9994E-5
6,7456E-5
7,2691E-5
7,354E-5
7,8349E-5
7,2671E-5
7,7901E-5
7,3241E-5
7,0447E-5
6,6301E-5
5,5863E-5
5,719E-5
7,3355E-5
6,833E-5
7,2422E-5
8,9758E-5
7,9624E-5
6,9035E-5
8,1337E-5
7,3879E-5
7,7503E-5
6,978E-5
1,30911E-4
1,33387E-4
7,5242E-5
8,3606E-5
7,5506E-5
7,2568E-5
7,0889E-5
6,8582E-5
6,3757E-5
6,8189E-5
6,5476E-5
7,4376E-5
7,3138E-5
6,6998E-5
7,4582E-5
7,0514E-5
7,7591E-5
7,1841E-5
7,676E-5
7,1195E-5
6,7843E-5
6,3995E-5
7,4425E-5
6,4018E-5
7,3859E-5
7,0541E-5
8,8289E-5
7,0797E-5
7,0771E-5
7,3361E-5
7,072E-5
7,0789E-5
6,651E-5
6,9819E-5
6,7427E-5
7,4615E-5
7,6866E-5
7,8661E-5
5,545E-5
7,9471E-5
5,6239E-5
7,3149E-5
7,5778E-5
7,0316E-5
6,6981E-5
6,888E-5
8,2506E-5
6,8919E-5
7,9019E-5
7,1233E-5
7,6761E-5
7,1195E-5
6,872E-5
6,7313E-5
6,3184E-5
5,4498E-5
6,4158E-5
5,5239E-5
7,7324E-5
7,0723E-5
6,8107E-5
7,5988E-5
7,6842E-5
7,9244E-5
7,334E-5
6,7027E-5
7,4247E-5
7,1764E-5
7,1474E-5
5,4759E-5
6,6883E-5
6,9181E-5
7,1361E-5
5,7162E-5
7,1974E-5
7,2834E-5
5,5534E-5
8,6449E-5
6,1907E-5
8,1918E-5
6,755E-5
7,3975E-5
7,6152E-5
7,6154E-5
8,0233E-5
7,0777E-5
6,9357E-5
8,3561E-5
6,7715E-5
7,5943E-5
6,8998E-5
7,4833E-5
6,8068E-5
7,2276E-5
7,0687E-5
7,2812E-5
6,9823E-5
7,3589E-5
6,5661E-5
7,1045E-5
6,3196E-5
5,4627E-5
5,5411E-5
6,9039E-5
6,7884E-5
7,1492E-5
7,6556E-5
7,4898E-5
5,5005E-5
5,5702E-5
6,7713E-5
5,863E-5
7,6437E-5
7,2221E-5
5,7256E-5
7,7116E-5
7,6135E-5
7,5287E-5
7,4914E-5
6,3139E-5
7,0475E-5
6,681E-5
7,9948E-5
7,755E-5
7,5071E-5
1,09285E-4
8,6206E-5
1,35774E-4
1,15821E-4
9,8259E-5
9,1971E-5
1,02454E-4
1,03221E-4
9,144E-5
1,04244E-4
1,30076E-4
6,7519E-5
7,0084E-5
5,7008E-5
6,7295E-5
7,4167E-5
6,9746E-5
7,4129E-5
7,2209E-5
1,21541E-4
1,11206E-4
7,6409E-5
6,4157E-5
5,7241E-5
6,4048E-5
6,9461E-5
8,0927E-5
5,5416E-5
7,0965E-5
7,3451E-5
7,2881E-5
7,1962E-5
5,6402E-5
7,0747E-5
7,1288E-5
7,1087E-5
1,29227E-4
7,0171E-5
6,8205E-5
7,3184E-5
1,14301E-4
7,1936E-5
6,545E-5
7,2704E-5
7,7735E-5
7,1376E-5
8,0639E-5
7,6829E-5
5,7325E-5
7,0068E-5
7,0286E-5
5,5985E-5
6,9881E-5
7,7792E-5
6,7889E-5
7,3246E-5
7,0694E-5
6,4436E-5
6,7482E-5
6,3297E-5
7,8094E-5
8,0159E-5
7,1351E-5
7,6506E-5
7,3785E-5
7,252E-5
6,8908E-5
7,3629E-5
7,1974E-5
6,9298E-5
7,2832E-5
1,25376E-4
1,33265E-4
1,20608E-4
5,4447E-5
7,2414E-5
7,6531E-5
6,3595E-5
9,3888E-5
9,4298E-5
1,05532E-4
7,1163E-5
1,1897E-4
7,1226E-5
7,5654E-5
9,1773E-5
7,3404E-5
7,2123E-5
7,3373E-5
8,5906E-5
7,1928E-5
7,0146E-5
6,9422E-5
7,1398E-5
7,6496E-5
7,6832E-5
7,6569E-5
7,0023E-5
7,7736E-5
7,5511E-5
7,091E-5
7,1493E-5
6,7327E-5
7,1271E-5
7,0769E-5
7,2917E-5
7,1702E-5
7,0474E-5
6,3537E-5
7,0748E-5
6,311E-5
7,4797E-5
7,4867E-5
8,0633E-5
7,7563E-5
7,6019E-5
6,6836E-5
7,1969E-5
6,6434E-5
6,9883E-5
8,2091E-5
7,7087E-5
7,1545E-5
6,7244E-5
6,9464E-5
8,325E-5
7,1284E-5
7,71E-5
7,5873E-5
6,6931E-5
5,5343E-5
6,8942E-5
5,6547E-5
6,9202E-5
6,9662E-5
6,9943E-5
7,0893E-5
5,656E-5
6,5843E-5
7,4951E-5
5,8733E-5
7,2193E-5
1,00615E-4
7,8952E-5
6,6854E-5
6,9809E-5
6,8156E-5
7,6653E-5
7,4007E-5
7,045E-5
7,5065E-5
7,6698E-5
6,7132E-5
7,1511E-5
1,14737E-4
8,6889E-5
1,02004E-4
1,37099E-4
9,506E-5
8,3331E-5
7,4464E-5
7,7023E-5
1,35441E-4
1,0208E-4
1,2294E-4
1,3062E-4
1,24597E-4
1,40031E-4
1,15834E-4
9,8335E-5
1,04332E-4
6,304E-5
7,3276E-5
7,0678E-5
1,1045E-4
1,20079E-4
1,04692E-4
9,4839E-5
6,9171E-5
1,26107E-4
9,8321E-5
1,31843E-4
1,24068E-4
1,04884E-4
1,36227E-4
1,31508E-4
1,14852E-4
1,03012E-4
8,7149E-5
6,5667E-5
5,4155E-5
7,2491E-5
7,1798E-5
6,9244E-5
7,113E-5
7,5921E-5
6,667E-5
7,0731E-5
7,6197E-5
7,0013E-5
5,6049E-5
7,3263E-5
7,7045E-5
7,1922E-5
7,0633E-5
7,7139E-5
5,5759E-5
7,0864E-5
7,2804E-5
6,6501E-5
6,9759E-5
6,8527E-5
6,7817E-5
5,6313E-5
7,6746E-5
6,3718E-5
7,6108E-5
6,7431E-5
7,7285E-5
5,7121E-5
7,3815E-5
6,5233E-5
7,0551E-5
7,4933E-5
6,9502E-5
7,1971E-5
8,0091E-5
5,6877E-5
7,769E-5
8,5377E-5
7,3328E-5
7,5925E-5
7,245E-5
8,0874E-5
6,6636E-5
5,6302E-5
8,1359E-5
6,1287E-5
6,7272E-5
7,6916E-5
7,8273E-5
6,6747E-5
7,07E-5
7,3218E-5
7,0956E-5
7,1387E-5
7,587E-5
6,6403E-5
7,7256E-5
7,4128E-5
7,7964E-5
6,5737E-5
7,1689E-5
6,777E-5
6,2659E-5
7,7491E-5
7,6232E-5
7,5919E-5
8,1036E-5
7,6795E-5
7,1168E-5
5,486E-5
8,1296E-5
6,6699E-5
7,6511E-5
6,5706E-5
5,5618E-5
7,1568E-5
6,9867E-5
7,6964E-5
5,5797E-5
7,0234E-5
6,7801E-5
7,2389E-5
6,9667E-5
5,6005E-5
7,3207E-5
7,2583E-5
1,09875E-4
1,13945E-4
1,39488E-4
5,6142E-5
1,31679E-4
1,20606E-4
7,6087E-5
7,2315E-5
5,7332E-5
6,9774E-5
8,2198E-5
7,5723E-5
6,9517E-5
7,0878E-5
5,6248E-5
1,19494E-4
5,5536E-5
7,453E-5
7,7611E-5
6,7007E-5
7,5233E-5
7,3184E-5
6,9771E-5
6,4233E-5
6,7897E-5
7,0418E-5
7,2564E-5
6,7639E-5
7,8679E-5
6,8288E-5
8,9918E-5
6,1449E-5
7,4018E-5
8,5556E-5
7,6116E-5
7,105E-5
6,7284E-5
7,7392E-5
7,0705E-5
7,5949E-5
7,6756E-5
6,0353E-5
7,0209E-5
7,2529E-5
5,6658E-5
7,076E-5
7,0447E-5
7,5266E-5
6,3925E-5
6,901E-5
5,6624E-5
7,0181E-5
7,6532E-5
6,4845E-5
5,6332E-5
7,693E-5
5,5193E-5
7,8781E-5
7,2716E-5
7,5662E-5
8,0979E-5
7,2832E-5
5,6281E-5
7,1676E-5
7,1576E-5
6,6779E-5
8,1649E-5
7,0323E-5
6,8443E-5
6,3821E-5
7,9078E-5
6,6821E-5
7,5659E-5
6,9875E-5
6,9155E-5
5,6273E-5
7,3219E-5
5,645E-5
7,7276E-5
7,2015E-5
6,9446E-5
6,9451E-5
7,0458E-5
5,7242E-5
7,229E-5
7,2884E-5
7,1658E-5
7,5867E-5
7,0831E-5
8,2536E-5
7,0817E-5
8,2903E-5
7,1716E-5
7,1359E-5
7,3878E-5
7,0264E-5
7,2853E-5
7,7431E-5
8,1397E-5
7,2806E-5
7,1165E-5
7,0213E-5
6,4242E-5
7,0901E-5
6,7445E-5
5,7673E-5
7,6365E-5
7,0491E-5
5,7605E-5
7,0416E-5
7,0117E-5
7,0615E-5
6,711E-5
6,7418E-5
5,6257E-5
7,6482E-5
7,2881E-5
7,7557E-5
6,4797E-5
7,3366E-5
7,1117E-5
7,2501E-5
5,8832E-5
9,5944E-5
7,0473E-5
7,1443E-5
7,064E-5
7,5719E-5
5,684E-5
7,5234E-5
7,0692E-5
5,559E-5
7,0585E-5
5,7324E-5
7,6875E-5
7,1148E-5
7,1182E-5
5,4497E-5
6,8138E-5
6,8522E-5
7,2565E-5
6,8429E-5
6,3067E-5
7,4077E-5
6,5601E-5
7,3501E-5
5,5856E-5
6,3648E-5
5,6213E-5
7,568E-5
8,5002E-5
7,1176E-5
7,6665E-5
6,9412E-5
7,4336E-5
6,951E-5
7,1717E-5
7,0379E-5
7,679E-5
5,5436E-5
8,0662E-5
6,7641E-5
6,2697E-5
5,7516E-5
7,9027E-5
6,4569E-5
6,99E-5
8,0992E-5
7,0133E-5
6,6762E-5
7,025E-5
7,0866E-5
7,0736E-5
5,5981E-5
7,3412E-5
7,1914E-5
6,9084E-5
7,8084E-5
7,6505E-5
5,8555E-5
6,4397E-5
7,5286E-5
6,426E-5
1,24687E-4
5,5782E-5
6,9186E-5
7,0635E-5
7,455E-5
7,4439E-5
7,3493E-5
7,2216E-5
5,6241E-5
9,3916E-5
8,2215E-5
1,21009E-4
9,0922E-5
1,21098E-4
1,12493E-4
1,10579E-4
8,3268E-5
1,02384E-4
7,8578E-5
1,12279E-4
6,6502E-5
9,4313E-5
1,18126E-4
9,9954E-5
7,5411E-5
7,0537E-5
5,6448E-5
6,9402E-5
7,6442E-5
7,2119E-5
8,5916E-5
6,5361E-5
5,927E-5
6,5133E-5
6,9713E-5
7,9485E-5
7,5908E-5
5,6702E-5
8,1869E-5
5,6084E-5
7,0428E-5
7,4254E-5
7,2542E-5
7,6119E-5
6,4171E-5
6,9056E-5
5,5041E-5
6,8712E-5
7,5136E-5
7,0289E-5
7,4809E-5
7,251E-5
6,1856E-5
6,7357E-5
7,7863E-5
7,4191E-5
7,2595E-5
8,0914E-5
8,9898E-5
7,216E-5
7,0598E-5
6,7006E-5
6,6507E-5
7,3373E-5
7,0868E-5
8,2249E-5
7,1295E-5
6,981E-5
6,7562E-5
5,4938E-5
7,608E-5
5,563E-5
7,3261E-5
5,5685E-5
7,1034E-5
7,5441E-5
7,1144E-5
7,6097E-5
6,1539E-5
8,2556E-5
8,155E-5
7,3643E-5
6,905E-5
7,1432E-5
7,2726E-5
0,001603139
1,19008E-4
1,09669E-4
1,09347E-4
8,0156E-5
8,8306E-5
1,03182E-4
1,19472E-4
1,14835E-4
6,5546E-5
7,1076E-5
7,8055E-5
1,34409E-4
9,9513E-5
1,10941E-4
6,8765E-5
6,7728E-5
9,086E-5
7,2255E-5
6,9669E-5
7,4269E-5
5,442E-5
7,3822E-5
6,9002E-5
6,5909E-5
7,0732E-5
7,5153E-5
6,4229E-5
7,1559E-5
6,6656E-5
7,0787E-5
6,4356E-5
7,1158E-5
6,9286E-5
7,0194E-5
7,3005E-5
9,9253E-5
6,9193E-5
6,9998E-5
7,0316E-5
5,401E-5
7,7758E-5
7,1974E-5
7,4762E-5
7,7449E-5
6,8491E-5
7,6232E-5
6,9949E-5
7,0438E-5
6,4895E-5
5,7072E-5
6,0948E-5
7,1479E-5
5,6826E-5
7,0185E-5
7,5194E-5
7,0905E-5
7,1642E-5
6,9248E-5
6,8682E-5
7,1151E-5
6,2581E-5
7,2629E-5
5,63E-5
6,9931E-5
5,9602E-5
7,0622E-5
5,7831E-5
7,028E-5
7,7187E-5
7,9924E-5
5,6704E-5
7,3694E-5
7,0582E-5
7,2368E-5
7,3051E-5
5,5816E-5
7,2714E-5
8,0063E-5
7,7094E-5
6,6275E-5
6,9949E-5
6,0684E-5
5,7085E-5
5,544E-5
6,7608E-5
6,4975E-5
7,5915E-5
7,5928E-5
7,0432E-5
7,5122E-5
6,9402E-5
8,9664E-5
9,2989E-5
1,10892E-4
1,0067E-4
9,7044E-5
1,14215E-4
1,34314E-4
1,26579E-4
1,32152E-4
1,12644E-4
1,29037E-4
1,01224E-4
1,20711E-4
1,19779E-4
7,081E-5
7,8989E-5
7,4067E-5
6,7438E-5
7,3504E-5
6,4386E-5
7,4591E-5
7,3929E-5
8,0238E-5
6,9302E-5
7,6103E-5
7,7989E-5
7,2222E-5
7,1114E-5
6,3809E-5
7,3302E-5
6,8452E-5
6,8393E-5
8,2087E-5
6,4152E-5
6,75E-5
7,7316E-5
7,6183E-5
1,28386E-4
7,6962E-5
7,6045E-5
6,5701E-5
5,4913E-5
7,6555E-5
6,7493E-5
7,5604E-5
5,5842E-5
6,985E-5
7,4513E-5
7,5933E-5
7,1697E-5
6,3713E-5
1,17055E-4
1,21755E-4
8,278E-5
9,8028E-5
9,9387E-5
1,00776E-4
9,3506E-5
7,4356E-5
9,0549E-5
9,5964E-5
1,16462E-4
9,895E-5
1,34873E-4
1,30611E-4
6,9763E-5
7,301E-5
7,6428E-5
5,9795E-5
7,0503E-5
7,1647E-5
7,5602E-5
7,9535E-5
6,7373E-5
7,5231E-5
5,6502E-5
7,2334E-5
7,9222E-5
7,8197E-5
7,119E-5
7,6966E-5
8,1461E-5
7,249E-5
7,3394E-5
6,5317E-5
6,9165E-5
7,5375E-5
7,1488E-5
7,8474E-5
7,2975E-5
7,3882E-5
7,8257E-5
7,5267E-5
7,5105E-5
7,2085E-5
5,5486E-5
6,9792E-5
6,3376E-5
7,5799E-5
7,1355E-5
6,8062E-5
7,0176E-5
5,7492E-5
7,0015E-5
6,7211E-5
7,6831E-5
7,0255E-5
6,9542E-5
7,1125E-5
6,6514E-5
6,6488E-5
6,9345E-5
7,0796E-5
7,1571E-5
7,4738E-5
6,7763E-5
5,6747E-5
7,2491E-5
6,8133E-5
5,5747E-5
5,6036E-5
6,9044E-5
7,2699E-5
6,9532E-5
7,1794E-5
7,3911E-5
7,628E-5
5,5572E-5
7,2848E-5
5,5521E-5
6,6191E-5
7,1229E-5
7,624E-5
6,3482E-5
7,2541E-5
6,5154E-5
7,373E-5
7,3811E-5
7,3234E-5
7,6547E-5
7,0093E-5
7,1842E-5
7,6843E-5
7,6301E-5
7,0403E-5
6,8773E-5
7,038E-5
6,3024E-5
7,5031E-5
6,2486E-5
9,545E-5
9,2502E-5
6,0614E-5
6,9915E-5
6,9196E-5
8,1046E-5
7,3211E-5
6,636E-5
7,1264E-5
7,8603E-5
7,6753E-5
7,0454E-5
7,1417E-5
5,6253E-5
7,175E-5
6,8994E-5
6,9819E-5
7,8932E-5
7,0765E-5
7,3814E-5
6,6427E-5
7,6062E-5
6,8433E-5
7,0925E-5
7,005E-5
5,6675E-5
9,0968E-5
7,2855E-5
5,5808E-5
7,0141E-5
6,8333E-5
7,2907E-5
7,1343E-5
7,7253E-5
7,1569E-5
7,6425E-5
9,3538E-5
6,8241E-5
7,5946E-5
7,72E-5
7,5667E-5
6,7221E-5
7,8934E-5
7,6093E-5
6,2454E-5
6,5332E-5
6,9348E-5
6,6628E-5
6,9042E-5
6,9427E-5
7,0033E-5
8,066E-5
6,6752E-5
7,0232E-5
7,2997E-5
7,0454E-5
7,717E-5
7,0603E-5
7,5591E-5
5,7186E-5
6,9396E-5
1,08681E-4
6,7968E-5
7,0712E-5
7,217E-5
7,8831E-5
6,8497E-5
7,4674E-5
7,366E-5
7,245E-5
7,2294E-5
7,1231E-5
7,359E-5
6,7194E-5
6,9096E-5
6,8542E-5
7,3882E-5
6,9794E-5
7,6377E-5
7,1389E-5
7,3403E-5
7,2325E-5
7,693E-5
5,6668E-5
7,5135E-5
7,7587E-5
6,2839E-5
6,9253E-5
6,2586E-5
7,0539E-5
7,2887E-5
7,9766E-5
6,4445E-5
7,8711E-5
7,0953E-5
7,3065E-5
6,4196E-5
7,217E-5
7,0015E-5
7,7208E-5
7,0554E-5
5,6913E-5
7,6122E-5
6,6525E-5
7,6115E-5
7,6628E-5
8,5226E-5
6,0699E-5
7,2782E-5
7,0712E-5
7,2496E-5
7,3029E-5
5,591E-5
6,9014E-5
7,3503E-5
7,5002E-5
8,1869E-5
7,3157E-5
7,3093E-5
7,5946E-5
8,2319E-5
5,628E-5
7,2289E-5
7,1719E-5
7,1182E-5
6,3956E-5
7,0117E-5
7,2721E-5
5,6615E-5
7,6596E-5
7,0208E-5
8,8766E-5
6,4935E-5
7,8771E-5
7,097E-5
7,6123E-5
7,3459E-5
7,0199E-5
7,6485E-5
7,6166E-5
8,6995E-5
7,3434E-5
1,01522E-4
1,29615E-4
8,8145E-5
8,53E-5
1,25702E-4
1,06397E-4
1,0552E-4
1,11182E-4
9,3421E-5
1,08411E-4
1,08921E-4
8,3041E-5
9,8157E-5
1,18363E-4
8,593E-5
1,17192E-4
5,791E-5
1,28893E-4
7,4235E-5
9,9481E-5
7,4509E-5
6,6655E-5
5,8045E-5
9,5566E-5
1,04159E-4
9,3198E-5
1,14189E-4
9,1564E-5
1,00417E-4
6,7576E-5
7,0315E-5
7,2674E-5
8,4912E-5
7,2075E-5
7,5031E-5
8,4791E-5
8,7275E-5
8,3392E-5
6,988E-5
1,22845E-4
8,1259E-5
9,1392E-5
6,7971E-5
1,95784E-4
1,17076E-4
1,40935E-4
1,05598E-4
1,19137E-4
1,07748E-4
8,6008E-5
7,1915E-5
1,53705E-4
6,3056E-5
7,6841E-5
6,3245E-5
7,0347E-5
7,3931E-5
5,6525E-5
6,9502E-5
7,1705E-5
1,25381E-4
1,07164E-4
1,21146E-4
1,48256E-4
5,7141E-5
8,172E-5
1,00039E-4
1,01813E-4
1,46857E-4
8,1298E-5
7,2517E-5
7,4984E-5
7,2768E-5
7,4863E-5
8,1293E-5
5,4701E-5
9,1054E-5
9,7704E-5
1,07732E-4
1,17453E-4
9,4991E-5
1,35977E-4
1,1684E-4
1,00924E-4
9,3599E-5
1,0387E-4
8,4719E-5
8,7273E-5
8,8862E-5
8,2655E-5
9,2621E-5
7,759E-5
5,5387E-5
7,1032E-5
7,2545E-5
6,3885E-5
7,7128E-5
6,879E-5
7,6515E-5
5,7327E-5
7,18E-5
6,9634E-5
7,6101E-5
7,1152E-5
5,615E-5
6,4138E-5
6,9003E-5
6,958E-5
7,3885E-5
1,27601E-4
9,3586E-5
6,8734E-5
7,0229E-5
7,784E-5
7,6371E-5
7,1111E-5
7,5314E-5
7,7849E-5
7,1831E-5
6,6011E-5
5,5682E-5
7,1095E-5
7,6139E-5
5,56E-5
7,2837E-5
7,0907E-5
6,861E-5
7,2508E-5
5,7162E-5
7,3207E-5
5,7254E-5
8,6197E-5
7,7319E-5
6,349E-5
7,2929E-5
6,4175E-5
5,6231E-5
6,4827E-5
6,9524E-5
6,8575E-5
5,6863E-5
7,9716E-5
8,135E-5
7,0414E-5
5,6541E-5
8,0303E-5
6,4208E-5
7,371E-5
7,0664E-5
5,4578E-5
6,0856E-5
6,6365E-5
7,7563E-5
6,6503E-5
6,7218E-5
7,6007E-5
7,2928E-5
6,9867E-5
7,3111E-5
1,00731E-4
7,0473E-5
8,3354E-5
6,3057E-5
7,7054E-5
7,3476E-5
7,7533E-5
7,3941E-5
7,5392E-5
5,6554E-5
6,7264E-5
7,2618E-5
6,6578E-5
7,3373E-5
6,8316E-5
8,3869E-5
7,1445E-5
7,8186E-5
6,6444E-5
6,9894E-5
7,6135E-5
8,5565E-5
7,5873E-5
6,9328E-5
7,1264E-5
7,6461E-5
7,5038E-5
7,0385E-5
7,9912E-5
5,7193E-5
7,6987E-5
6,3596E-5
6,8604E-5
6,8072E-5
5,6192E-5
6,7774E-5
5,5923E-5
7,7399E-5
7,036E-5
7,4008E-5
8,1496E-5
6,7511E-5
7,7469E-5
8,3435E-5
8,0238E-5
7,9954E-5
7,5969E-5
7,527E-5
5,588E-5
6,9516E-5
8,1704E-5
6,7713E-5
8,014E-5
6,981E-5
7,9383E-5
7,0069E-5
7,0241E-5
1,09737E-4
1,04684E-4
7,1478E-5
7,1101E-5
6,4775E-5
6,9152E-5
8,5131E-5
7,3074E-5
8,3561E-5
5,6498E-5
6,9938E-5
6,9694E-5
7,2804E-5
1,14082E-4
8,458E-5
7,2082E-5
7,0021E-5
6,4146E-5
1,09761E-4
1,15362E-4
8,3928E-5
1,33168E-4
7,1077E-5
6,9618E-5
7,3163E-5
5,548E-5
6,8738E-5
6,4115E-5
5,4755E-5
7,3113E-5
7,8789E-5
6,9291E-5
6,1315E-5
6,7675E-5
7,4977E-5
5,5378E-5
7,0416E-5
7,2024E-5
1,28878E-4
1,43981E-4
7,5255E-5
5,7316E-5
7,3109E-5
7,0925E-5
7,0117E-5
7,7034E-5
6,6847E-5
7,1823E-5
7,4247E-5
7,0107E-5
7,4011E-5
7,2902E-5
6,355E-5
7,3358E-5
7,0677E-5
8,1434E-5
6,6608E-5
7,5641E-5
9,9223E-5
9,6796E-5
1,25466E-4
1,14209E-4
9,3711E-5
8,5048E-5
1,04714E-4
1,65305E-4
1,10483E-4
1,32461E-4
1,17595E-4
1,09265E-4
1,36038E-4
1,12518E-4
9,4739E-5
1,08385E-4
8,4269E-5
6,4012E-5
8,5741E-5
7,0034E-5
7,8408E-5
7,9759E-5
7,0654E-5
8,0018E-5
9,4722E-5
1,21355E-4
7,2621E-5
6,9725E-5
6,6252E-5
7,6307E-5
6,915E-5
9,5851E-5
7,5039E-5
6,9812E-5
5,5139E-5
6,7329E-5
7,6637E-5
6,3743E-5
7,6855E-5
7,0183E-5
7,0392E-5
5,7487E-5
6,9504E-5
6,8675E-5
7,2811E-5
6,9812E-5
1,19351E-4
1,05851E-4
1,3033E-4
8,624E-5
9,6081E-5
1,11353E-4
1,27282E-4
8,8537E-5
9,3701E-5
1,09564E-4
7,7864E-5
9,5102E-5
1,07833E-4
1,05696E-4
7,9986E-5
1,22738E-4
1,21594E-4
7,4858E-5
1,10829E-4
8,0344E-5
1,22442E-4
1,06037E-4
1,14312E-4
9,1807E-5
8,1788E-5
9,856E-5
1,2473E-4
1,23877E-4
1,16915E-4
1,10899E-4
9,6196E-5
1,07516E-4
8,6263E-5
5,7076E-5
1,06422E-4
7,4899E-5
6,7875E-5
7,2601E-5
6,6617E-5
7,222E-5
6,6936E-5
5,5349E-5
7,3547E-5
1,12307E-4
9,2266E-5
1,16557E-4
1,16583E-4
8,5757E-5
1,20962E-4
1,39472E-4
9,7231E-5
7,0461E-5
8,0944E-5
9,949E-5
1,11218E-4
8,9049E-5
8,2878E-5
9,9967E-5
7,0467E-5
7,6942E-5
5,6363E-5
7,2782E-5
7,5464E-5
8,9338E-5
7,0899E-5
7,54E-5
7,2499E-5
7,4146E-5
6,9726E-5
7,5689E-5
6,9081E-5
1,00929E-4
1,1519E-4
1,25464E-4
1,15011E-4
1,09812E-4
7,1932E-5
1,04411E-4
1,07362E-4
1,02955E-4
6,9157E-5
7,6658E-5
1,35677E-4
7,7288E-5
1,1228E-4
1,20859E-4
1,09373E-4
6,8225E-5
1,09245E-4
1,1404E-4
1,30201E-4
9,1418E-5
1,22495E-4
1,06887E-4
1,41812E-4
1,20412E-4
1,19381E-4
1,54291E-4
8,6479E-5
8,3954E-5
1,17806E-4
8,5913E-5
8,7785E-5
1,08749E-4
1,28381E-4
1,39094E-4
1,2242E-4
1,27595E-4
1,01214E-4
1,24228E-4
8,3689E-5
1,30404E-4
9,7505E-5
1,07279E-4
1,16423E-4
1,15636E-4
9,7626E-5
6,2591E-5
6,694E-5
7,5481E-5
7,2472E-5
6,9483E-5
6,8828E-5
6,6469E-5
7,2031E-5
6,284E-5
6,9725E-5
6,9219E-5
6,8809E-5
7,2923E-5
7,2798E-5
7,2361E-5
6,3556E-5
7,7539E-5
7,9785E-5
7,3901E-5
7,2643E-5
6,754E-5
7,4183E-5
7,164E-5
5,7642E-5
5,8774E-5
7,3147E-5
7,132E-5
7,0868E-5
8,0427E-5
8,1432E-5
7,2409E-5
7,6435E-5
7,1838E-5
7,2059E-5
6,746E-5
6,6729E-5
7,2815E-5
5,6198E-5
6,4875E-5
7,4116E-5
6,9647E-5
7,6149E-5
7,2394E-5
7,2426E-5
6,7271E-5
7,3972E-5
7,091E-5
6,9821E-5
5,7176E-5
7,1757E-5
6,6896E-5
6,5168E-5
7,1367E-5
7,285E-5
6,726E-5
7,8584E-5
6,6918E-5
7,9156E-5
7,1795E-5
7,1976E-5
7,3352E-5
7,6286E-5
1,02656E-4
9,9887E-5
1,25528E-4
1,13647E-4
8,3118E-5
1,0222E-4
6,5683E-5
5,5369E-5
7,544E-5
7,2674E-5
6,9412E-5
6,5199E-5
7,6407E-5
6,9607E-5
7,3024E-5
6,977E-5
7,1472E-5
6,9967E-5
5,6068E-5
7,1974E-5
7,5218E-5
7,0189E-5
7,0478E-5
7,6837E-5
7,2242E-5
7,6314E-5
7,1319E-5
6,6611E-5
5,587E-5
8,4742E-5
8,6513E-5
8,3889E-5
6,6573E-5
6,5913E-5
7,5851E-5
7,5606E-5
7,2204E-5
7,7092E-5
6,9267E-5
7,6824E-5
7,6867E-5
7,2136E-5
7,0535E-5
7,1349E-5
7,2824E-5
7,0109E-5
8,2725E-5
7,604E-5
8,9689E-5
5,6453E-5
7,6975E-5
1,28756E-4
9,4356E-5
1,27016E-4
1,28042E-4
1,56847E-4
7,6841E-5
7,1074E-5
7,4643E-5
7,4941E-5
7,3461E-5
5,5907E-5
6,1565E-5
6,8001E-5
8,547E-5
6,9846E-5
6,3276E-5
6,955E-5
7,5596E-5
7,3255E-5
7,0845E-5
7,3557E-5
6,8946E-5
7,0089E-5
8,1465E-5
6,9271E-5
5,4814E-5
7,5523E-5
7,6071E-5
7,0264E-5
5,59E-5
7,0513E-5
6,8548E-5
7,003E-5
6,9899E-5
7,0364E-5
6,8394E-5
7,1967E-5
6,3701E-5
7,285E-5
6,9702E-5
7,01E-5
6,3112E-5
6,2559E-5
6,643E-5
7,8069E-5
6,9855E-5
7,0239E-5
6,9042E-5
7,5187E-5
6,7688E-5
7,9781E-5
6,9055E-5
8,1772E-5
7,6984E-5
5,7242E-5
7,6024E-5
6,305E-5
7,6726E-5
7,5776E-5
5,9479E-5
8,8532E-5
5,6815E-5
9,7354E-5
7,0454E-5
1,25871E-4
1,1454E-4
9,7321E-5
6,7946E-5
7,0137E-5
8,5371E-5
5,558E-5
7,2035E-5
7,3199E-5
7,618E-5
6,9632E-5
7,3045E-5
7,0607E-5
7,3008E-5
7,7077E-5
7,0021E-5
6,5715E-5
9,0898E-5
7,0579E-5
7,0409E-5
7,4746E-5
7,0317E-5
5,6909E-5
6,9147E-5
6,8011E-5
7,2618E-5
7,2727E-5
5,8859E-5
7,1346E-5
5,5245E-5
6,9618E-5
7,6619E-5
7,061E-5
7,2134E-5
7,7806E-5
7,3732E-5
6,5183E-5
7,499E-5
8,1516E-5
6,6199E-5
7,3938E-5
7,0873E-5
7,1297E-5
8,8783E-5
7,9394E-5
7,4274E-5
7,6413E-5
7,9338E-5
7,2867E-5
5,602E-5
7,546E-5
5,5872E-5
7,2872E-5
5,5664E-5
7,2184E-5
6,5885E-5
5,5394E-5
7,3419E-5
7,051E-5
5,5459E-5
6,7245E-5
5,8826E-5
7,3137E-5
7,7397E-5
7,3429E-5
8,2773E-5
6,3053E-5
7,2661E-5
7,7713E-5
7,9242E-5
7,0607E-5
7,6869E-5
7,0762E-5
7,072E-5
8,1517E-5
7,4754E-5
7,2639E-5
7,628E-5
7,3636E-5
6,137E-5
9,1977E-5
7,6486E-5
6,9161E-5
7,3241E-5
7,7684E-5
6,3956E-5
7,7406E-5
7,3039E-5
7,691E-5
8,1958E-5
8,279E-5
7,0142E-5
7,1057E-5
5,7125E-5
5,5658E-5
6,6222E-5
7,2437E-5
7,1954E-5
7,5333E-5
5,5852E-5
7,6397E-5
6,3882E-5
7,013E-5
8,3652E-5
5,9543E-5
7,4628E-5
7,2487E-5
7,5276E-5
6,4478E-5
7,3125E-5
6,6027E-5
6,3114E-5
7,6934E-5
5,6168E-5
7,7349E-5
6,965E-5
7,5908E-5
6,3137E-5
7,585E-5
7,3939E-5
7,2139E-5
6,9231E-5
6,3733E-5
7,6112E-5
7,6307E-5
5,5599E-5
7,6574E-5
6,5192E-5
6,9913E-5
6,4542E-5
7,5996E-5
7,1837E-5
7,5373E-5
8,4067E-5
6,9849E-5
6,8976E-5
6,9475E-5
6,3471E-5
7,6039E-5
6,6287E-5
6,7282E-5
7,0151E-5
8,0436E-5
7,6308E-5
6,7302E-5
6,9437E-5
8,5796E-5
7,0325E-5
7,2417E-5
7,632E-5
9,2969E-5
6,9002E-5
6,938E-5
5,5267E-5
7,5163E-5
7,3594E-5
6,9084E-5
5,6148E-5
7,5857E-5
7,6005E-5
7,2049E-5
7,173E-5
7,7599E-5
7,1055E-5
8,318E-5
7,0837E-5
7,1287E-5
7,1087E-5
6,8346E-5
7,2402E-5
6,7161E-5
7,3562E-5
7,4347E-5
7,1432E-5
7,4144E-5
7,713E-5
6,3567E-5
6,9818E-5
7,2649E-5
6,9694E-5
6,9469E-5
6,9919E-5
6,3119E-5
7,0465E-5
7,5204E-5
7,1853E-5
5,5775E-5
7,4073E-5
7,7756E-5
6,3476E-5
7,3089E-5
7,023E-5
7,5996E-5
7,0038E-5
6,4894E-5
5,567E-5
5,6069E-5
7,0072E-5
7,0808E-5
7,6693E-5
7,2384E-5
8,2324E-5
6,8911E-5
7,0528E-5
5,504E-5
6,9837E-5
5,7799E-5
6,8971E-5
5,7382E-5
6,9357E-5
7,7271E-5
6,9528E-5
6,9396E-5
6,8655E-5
7,4445E-5
7,0843E-5
7,1091E-5
7,1718E-5
7,5553E-5
5,4985E-5
7,3037E-5
7,6004E-5
5,439E-5
6,8952E-5
5,6054E-5
8,1437E-5
7,6171E-5
6,7946E-5
6,604E-5
5,6006E-5
6,846E-5
6,2448E-5
6,6788E-5
7,5915E-5
5,5338E-5
7,5011E-5
6,978E-5
6,9952E-5
7,4866E-5
7,0499E-5
7,0629E-5
7,7199E-5
7,9901E-5
7,8447E-5
5,6417E-5
7,0099E-5
7,3051E-5
7,0027E-5
6,9512E-5
7,2629E-5
7,2789E-5
7,744E-5
5,4579E-5
6,9192E-5
8,0086E-5
7,0867E-5
6,9985E-5
6,5925E-5
7,9398E-5
8,1968E-5
7,3053E-5
6,7825E-5
7,178E-5
6,9507E-5
7,6046E-5
6,5592E-5
7,6487E-5
7,1175E-5
7,2603E-5
6,9149E-5
6,2205E-5
7,8504E-5
8,1781E-5
7,0295E-5
7,1632E-5
7,0041E-5
6,9796E-5
1,94707E-4
1,12941E-4
9,6816E-5
7,5885E-5
7,1646E-5
8,1278E-5
6,6436E-5
7,5445E-5
7,3923E-5
7,0272E-5
7,3836E-5
7,1751E-5
6,5702E-5
7,4197E-5
7,6957E-5
7,1097E-5
7,0447E-5
5,6147E-5
5,6384E-5
6,7249E-5
7,2181E-5
7,4809E-5
8,3197E-5
7,5452E-5
6,9732E-5
6,672E-5
6,9431E-5
9,7634E-5
7,0236E-5
7,3899E-5
5,5654E-5
7,12E-5
7,344E-5
7,0912E-5
7,26E-5
6,609E-5
7,5164E-5
6,8996E-5
7,1624E-5
6,3982E-5
7,0139E-5
5,6638E-5
7,3877E-5
6,3982E-5
9,4167E-5
6,6942E-5
6,6837E-5
5,641E-5
7,0337E-5
7,6658E-5
8,4378E-5
5,5285E-5
6,6216E-5
7,6847E-5
6,9189E-5
7,014E-5
6,6271E-5
7,6438E-5
6,9814E-5
7,0311E-5
7,6785E-5
7,6019E-5
7,9601E-5
7,0836E-5
6,5666E-5
7,4596E-5
6,6589E-5
7,0515E-5
6,7133E-5
6,7647E-5
7,3677E-5
6,9433E-5
7,2808E-5
6,8929E-5
8,1338E-5
7,1502E-5
6,957E-5
7,3668E-5
6,882E-5
6,82E-5
7,5764E-5
7,1937E-5
7,1753E-5
5,6506E-5
7,3171E-5
7,5324E-5
7,6744E-5
6,7874E-5
7,9556E-5
7,1398E-5
7,99E-5
6,7202E-5
7,7432E-5
5,6226E-5
6,4038E-5
7,7187E-5
7,2815E-5
7,1871E-5
7,1962E-5
7,583E-5
6,842E-5
7,6708E-5
7,2741E-5
5,6276E-5
6,8705E-5
6,9849E-5
6,9466E-5
5,7272E-5
6,8895E-5
8,4449E-5
7,0625E-5
7,178E-5
7,1217E-5
6,6171E-5
7,0435E-5
7,9756E-5
6,6713E-5
6,7371E-5
7,2054E-5
8,1566E-5
7,3063E-5
7,3479E-5
6,813E-5
7,2992E-5
8,6359E-5
6,7323E-5
5,4745E-5
7,6716E-5
7,0462E-5
5,563E-5
5,6431E-5
6,962E-5
7,5437E-5
6,6098E-5
5,6435E-5
7,0983E-5
6,4347E-5
7,0735E-5
5,5778E-5
5,4995E-5
8,1661E-5
5,6222E-5
8,1565E-5
6,2553E-5
7,3295E-5
5,6472E-5
7,8232E-5
7,3623E-5
7,1397E-5
7,44E-5
7,6637E-5
7,0517E-5
7,0343E-5
8,2296E-5
5,4204E-5
7,0435E-5
5,5555E-5
7,7013E-5
7,6397E-5
6,9744E-5
6,88E-5
7,5641E-5
7,5653E-5
7,0996E-5
8,2687E-5
7,3846E-5
6,9804E-5
7,0234E-5
7,3572E-5
7,5624E-5
7,466E-5
6,3999E-5
6,5617E-5
6,9688E-5
6,399E-5
7,711E-5
6,8085E-5
8,5555E-5
6,3947E-5
7,211E-5
7,2205E-5
7,6935E-5
5,7775E-5
7,709E-5
6,5616E-5
7,1293E-5
6,9203E-5
7,4415E-5
6,9606E-5
7,411E-5
8,9474E-5
6,7027E-5
7,1437E-5
7,97E-5
7,2747E-5
7,0817E-5
6,8698E-5
6,7685E-5
7,2544E-5
6,6203E-5
7,6083E-5
5,5579E-5
7,7001E-5
7,1084E-5
7,3777E-5
7,9715E-5
9,8116E-5
1,05614E-4
7,6346E-5
9,8009E-5
1,26751E-4
1,03681E-4
7,338E-5
7,6279E-5
7,0987E-5
9,813E-5
8,9275E-5
6,9824E-5
5,4984E-5
6,3497E-5
6,6905E-5
8,1108E-5
6,9378E-5
6,7386E-5
6,8294E-5
7,8079E-5
6,9764E-5
7,6489E-5
7,1159E-5
5,6836E-5
6,6917E-5
7,0204E-5
6,8588E-5
6,7287E-5
7,2135E-5
7,3928E-5
7,4636E-5
7,0197E-5
7,86E-5
6,9844E-5
7,4237E-5
7,0919E-5
6,628E-5
7,4189E-5
6,8069E-5
6,9661E-5
7,9888E-5
9,455E-5
1,1895E-4
7,9493E-5
1,33514E-4
1,16572E-4
9,4932E-5
1,45091E-4
1,00411E-4
5,5966E-5
8,07E-5
7,397E-5
8,3039E-5
7,0781E-5
7,1186E-5
9,7609E-5
7,0044E-5
7,774E-5
7,1042E-5
7,7496E-5
6,6363E-5
6,3567E-5
0,001969287
7,1851E-5
7,5177E-5
7,116E-5
5,5665E-5
7,6666E-5
7,1517E-5
7,6454E-5
6,5331E-5
7,7125E-5
6,2962E-5
5,6495E-5
6,9972E-5
6,614E-5
7,1134E-5
6,768E-5
7,5257E-5
7,4675E-5
6,548E-5
5,4878E-5
6,9E-5
6,6591E-5
7,4284E-5
6,3965E-5
7,3084E-5
7,5229E-5
7,2625E-5
6,9222E-5
7,1248E-5
7,0804E-5
7,1714E-5
7,2049E-5
7,7417E-5
6,6727E-5
7,7017E-5
5,5698E-5
7,4006E-5
7,5858E-5
7,244E-5
9,5987E-5
7,1851E-5
7,5731E-5
7,0513E-5
8,7411E-5
7,4007E-5
6,5654E-5
7,4415E-5
6,631E-5
5,5084E-5
7,0166E-5
5,4823E-5
7,5573E-5
7,0751E-5
8,3901E-5
7,1149E-5
7,3743E-5
6,4003E-5
7,4469E-5
6,4681E-5
7,0945E-5
6,7245E-5
7,0373E-5
7,1728E-5
5,6334E-5
7,316E-5
6,6549E-5
5,4801E-5
8,4156E-5
6,8099E-5
5,5998E-5
7,5537E-5
7,218E-5
7,0141E-5
8,2911E-5
8,541E-5
7,1999E-5
7,3272E-5
6,9647E-5
6,9803E-5
7,2636E-5
7,5484E-5
7,0798E-5
7,2161E-5
7,2216E-5
7,0465E-5
7,4959E-5
7,0191E-5
7,2152E-5
7,4235E-5
6,9246E-5
7,3626E-5
6,9675E-5
7,4032E-5
7,6247E-5
7,6131E-5
6,9256E-5
6,8861E-5
7,3409E-5
7,6559E-5
8,1438E-5
8,7319E-5
6,0404E-5
8,584E-5
7,2116E-5
7,0392E-5
7,561E-5
6,9311E-5
6,9734E-5
5,897E-5
7,0297E-5
7,6535E-5
6,9837E-5
7,1663E-5
9,5827E-5
6,957E-5
5,5585E-5
8,0034E-5
7,874E-5
7,2651E-5
7,6124E-5
7,7836E-5
7,3527E-5
6,2384E-5
5,6354E-5
7,7147E-5
7,1191E-5
7,0123E-5
5,582E-5
7,6417E-5
7,476E-5
6,389E-5
7,5589E-5
8,0629E-5
5,5938E-5
7,704E-5
8,5231E-5
7,3806E-5
6,7157E-5
7,0571E-5
7,8214E-5
7,0721E-5
7,0721E-5
6,3784E-5
7,3899E-5
7,0129E-5
8,135E-5
7,3393E-5
7,3862E-5
6,826E-5
6,5633E-5
9,472E-5
7,7134E-5
5,7526E-5
7,2173E-5
7,5337E-5
7,0046E-5
8,0343E-5
7,3274E-5
8,2357E-5
5,5048E-5
7,6106E-5
7,2572E-5
8,1967E-5
6,9682E-5
5,6638E-5
6,9566E-5
7,8393E-5
7,4279E-5
7,9995E-5
6,9722E-5
5,5E-5
7,1533E-5
6,9363E-5
7,6135E-5
7,2089E-5
7,7024E-5
7,0326E-5
7,4458E-5
7,8291E-5
7,0912E-5
5,5514E-5
6,8516E-5
5,7408E-5
6,6725E-5
7,2878E-5
7,2941E-5
7,724E-5
7,3437E-5
6,9541E-5
7,1517E-5
7,0751E-5
8,252E-5
6,4959E-5
7,4737E-5
7,4221E-5
5,7913E-5
7,5677E-5
7,6112E-5
7,493E-5
7,0476E-5
5,7192E-5
8,4895E-5
7,0372E-5
6,8651E-5
7,1046E-5
7,3772E-5
7,3567E-5
7,5288E-5
7,3845E-5
7,2515E-5
7,2745E-5
7,228E-5
7,1239E-5
6,4397E-5
7,8128E-5
6,3889E-5
7,7232E-5
6,6256E-5
6,9659E-5
7,0483E-5
7,7257E-5
7,7059E-5
6,8716E-5
7,9608E-5
7,3674E-5
7,1918E-5
7,3756E-5
5,5471E-5
7,5269E-5
9,2954E-5
7,9302E-5
6,9031E-5
6,3746E-5
8,8239E-5
7,337E-5
6,8868E-5
7,619E-5
7,0324E-5
9,0225E-5
8,9879E-5
7,7628E-5
5,8009E-5
9,5964E-5
1,2853E-4
7,686E-5
7,6285E-5
7,9026E-5
5,4927E-5
7,4298E-5
7,7339E-5
7,5125E-5
7,7779E-5
7,2485E-5
6,8373E-5
7,872E-5
5,6891E-5
1,01084E-4
7,2415E-5
8,6771E-5
7,4009E-5
6,5352E-5
5,5309E-5
7,5775E-5
8,4669E-5
7,2936E-5
6,5835E-5
5,5657E-5
7,6503E-5
7,0332E-5
6,8856E-5
5,476E-5
6,9383E-5
7,055E-5
5,6768E-5
7,1819E-5
6,665E-5
6,6538E-5
7,2337E-5
5,636E-5
6,9293E-5
7,0569E-5
5,7041E-5
6,7228E-5
7,0795E-5
1,42308E-4
1,18099E-4
6,9173E-5
7,318E-5
7,1013E-5
7,3949E-5
1,00107E-4
1,05515E-4
9,6667E-5
8,7602E-5
8,3868E-5
1,11808E-4
7,3658E-5
1,05185E-4
1,0345E-4
7,2739E-5
1,00841E-4
9,0093E-5
1,17455E-4
7,8998E-5
7,0742E-5
9,3286E-5
1,06957E-4
1,10947E-4
1,14697E-4
9,0089E-5
9,4952E-5
6,9611E-5
6,5976E-5
5,5635E-5
6,8937E-5
8,2173E-5
6,5724E-5
5,7108E-5
7,1348E-5
6,9084E-5
7,3302E-5
5,5532E-5
7,7911E-5
7,0252E-5
7,2693E-5
7,672E-5
7,8059E-5
6,9702E-5
9,9037E-5
1,6583E-4
9,6112E-5
1,23278E-4
9,863E-5
9,5041E-5
1,25681E-4
9,5787E-5
9,572E-5
8,3893E-5
8,2301E-5
1,31301E-4
1,19721E-4
8,7308E-5
1,37328E-4
1,31757E-4
8,5295E-5
8,7145E-5
1,05912E-4
1,14408E-4
1,26082E-4
1,15212E-4
1,05617E-4
1,18621E-4
7,5769E-5
7,1929E-5
7,689E-5
8,0951E-5
9,3339E-5
1,4768E-4
6,8499E-5
7,2809E-5
7,1255E-5
7,856E-5
7,5796E-5
5,5654E-5
7,5463E-5
7,3499E-5
6,6798E-5
7,058E-5
7,0778E-5
5,5626E-5
6,6799E-5
6,9129E-5
7,3728E-5
6,9578E-5
7,414E-5
6,3007E-5
6,7479E-5
7,4882E-5
6,8998E-5
7,1292E-5
7,7181E-5
7,3365E-5
7,6329E-5
6,6857E-5
5,4459E-5
7,6818E-5
7,2287E-5
5,4857E-5
7,1913E-5
6,7504E-5
7,9009E-5
7,0571E-5
6,6688E-5
8,6284E-5
7,3651E-5
6,9657E-5
7,0573E-5
7,2925E-5
5,6055E-5
7,1294E-5
7,3288E-5
5,7798E-5
6,5887E-5
5,7496E-5
7,3934E-5
7,2946E-5
6,733E-5
7,6195E-5
7,4369E-5
6,9518E-5
6,9443E-5
7,9103E-5
7,4463E-5
7,1129E-5
7,1159E-5
6,4219E-5
8,1758E-5
7,5101E-5
7,2587E-5
8,2492E-5
5,5146E-5
6,3515E-5
7,7362E-5
7,3036E-5
7,1316E-5
8,0642E-5
6,3427E-5
6,8368E-5
7,0674E-5
6,9783E-5
7,177E-5
6,7178E-5
7,6319E-5
7,2737E-5
6,2667E-5
6,9403E-5
8,2555E-5
6,7579E-5
7,721E-5
7,8513E-5
6,8119E-5
7,6757E-5
7,2045E-5
6,764E-5
7,0635E-5
6,8544E-5
7,6723E-5
7,9329E-5
7,2062E-5
7,2694E-5
7,9064E-5
1,3213E-4
1,14252E-4
8,5063E-5
1,31205E-4
1,27035E-4
8,4677E-5
1,23895E-4
1,40249E-4
1,2432E-4
1,35962E-4
8,4167E-5
1,14684E-4
1,04476E-4
8,7458E-5
1,05422E-4
1,05271E-4
9,4633E-5
1,02556E-4
9,0213E-5
8,1561E-5
7,1214E-5
7,7818E-5
7,0063E-5
7,698E-5
5,7906E-5
7,6315E-5
7,7052E-5
7,5945E-5
6,8193E-5
7,5752E-5
7,0747E-5
7,5598E-5
5,7077E-5
7,13E-5
6,929E-5
7,2267E-5
5,4609E-5
7,2392E-5
5,6318E-5
9,3382E-5
6,6707E-5
6,867E-5
6,7598E-5
7,156E-5
5,5524E-5
7,0782E-5
7,6063E-5
6,438E-5
5,5779E-5
6,9703E-5
6,5457E-5
7,2294E-5
7,2279E-5
5,6185E-5
8,1341E-5
5,7015E-5
6,8112E-5
5,6177E-5
6,9682E-5
5,7875E-5
7,8245E-5
7,068E-5
6,9156E-5
6,8415E-5
5,7547E-5
6,7019E-5
6,771E-5
5,6097E-5
8,1902E-5
7,1887E-5
6,9205E-5
7,4944E-5
5,6972E-5
6,9316E-5
7,8461E-5
7,7061E-5
7,6199E-5
6,6517E-5
7,5436E-5
7,37E-5
7,6339E-5
7,629E-5
7,2215E-5
5,9447E-5
7,5138E-5
7,073E-5
5,8525E-5
7,0145E-5
6,744E-5
7,2579E-5
6,9032E-5
6,5159E-5
7,2491E-5
6,7055E-5
7,2292E-5
6,2811E-5
6,8616E-5
7,5697E-5
6,9918E-5
7,0099E-5
7,8935E-5
8,2432E-5
7,4464E-5
7,3064E-5
7,1696E-5
6,5534E-5
8,2802E-5
6,8864E-5
6,4467E-5
8,0336E-5
7,3368E-5
5,6022E-5
5,6395E-5
7,2506E-5
5,7619E-5
7,0289E-5
7,3355E-5
5,4479E-5
7,433E-5
7,2685E-5
6,8466E-5
7,0339E-5
7,9134E-5
6,9331E-5
7,6921E-5
6,7073E-5
7,0516E-5
7,6117E-5
8,8426E-5
6,9709E-5
6,9664E-5
5,6804E-5
6,3755E-5
7,6251E-5
7,2865E-5
5,6841E-5
7,3829E-5
7,1432E-5
5,5517E-5
7,42E-5
7,077E-5
7,3735E-5
6,7069E-5
7,2779E-5
6,9089E-5
8,1031E-5
8,8074E-5
9,3365E-5
1,23995E-4
1,07313E-4
9,0119E-5
1,03404E-4
9,0697E-5
1,04027E-4
1,44987E-4
7,0986E-5
7,6436E-5
7,1207E-5
5,7917E-5
5,6552E-5
7,5818E-5
7,7747E-5
7,1676E-5
9,857E-5
7,3389E-5
7,5438E-5
7,2403E-5
7,5119E-5
7,1724E-5
9,1171E-5
6,8802E-5
7,4711E-5
7,034E-5
7,4136E-5
7,2717E-5
5,4532E-5
6,9125E-5
6,9353E-5
7,0028E-5
7,5798E-5
7,5823E-5
7,2507E-5
7,7078E-5
6,7883E-5
7,105E-5
7,057E-5
7,7543E-5
7,4289E-5
6,7768E-5
7,0901E-5
7,5031E-5
7,2478E-5
6,0533E-5
7,6007E-5
8,2023E-5
7,9547E-5
8,2003E-5
7,3357E-5
7,0284E-5
8,1041E-5
7,0489E-5
7,1164E-5
7,5859E-5
7,1661E-5
7,657E-5
6,731E-5
7,6285E-5
6,4592E-5
7,1216E-5
7,003E-5
7,6658E-5
6,9828E-5
7,2837E-5
6,9702E-5
6,4355E-5
5,5682E-5
7,3857E-5
7,5414E-5
5,6261E-5
7,4399E-5
7,6832E-5
7,7967E-5
6,4233E-5
5,6804E-5
7,004E-5
5,6233E-5
5,532E-5
5,9641E-5
7,6279E-5
6,491E-5
7,2661E-5
5,7043E-5
7,2441E-5
5,7634E-5
7,133E-5
7,2536E-5
5,4983E-5
6,2807E-5
6,9486E-5
7,2931E-5
7,2555E-5
6,3676E-5
5,6951E-5
7,3535E-5
6,7284E-5
6,836E-5
7,1873E-5
5,8493E-5
7,5572E-5
6,9606E-5
7,3228E-5
7,0733E-5
6,761E-5
6,9659E-5
7,425E-5
7,4173E-5
9,8416E-5
7,6885E-5
7,2147E-5
5,7561E-5
7,4123E-5
7,5227E-5
6,7502E-5
7,1197E-5
1,11118E-4
1,30666E-4
7,3033E-5
6,9175E-5
6,8698E-5
7,253E-5
7,2114E-5
5,5774E-5
7,5666E-5
7,2564E-5
7,0145E-5
6,3368E-5
6,7646E-5
6,9038E-5
5,6711E-5
7,1224E-5
7,1917E-5
7,674E-5
7,1593E-5
7,8691E-5
7,0076E-5
5,6215E-5
7,1458E-5
7,1354E-5
7,5973E-5
7,0066E-5
7,6336E-5
7,8558E-5
7,7337E-5
6,9934E-5
5,5981E-5
7,1351E-5
7,3905E-5
7,6492E-5
6,9522E-5
7,0965E-5
8,2269E-5
7,6371E-5
5,5992E-5
7,1722E-5
5,6565E-5
6,9076E-5
7,8349E-5
7,0157E-5
7,0253E-5
7,197E-5
7,8174E-5
7,6117E-5
7,745E-5
7,688E-5
6,4055E-5
5,9128E-5
7,7513E-5
7,8378E-5
9,0749E-5
6,9592E-5
7,133E-5
6,6282E-5
5,6023E-5
5,7456E-5
7,1099E-5
7,018E-5
7,6928E-5
7,12E-5
7,4296E-5
7,0646E-5
7,6653E-5
5,6239E-5
5,7114E-5
6,8505E-5
5,7224E-5
7,0964E-5
6,7857E-5
7,1902E-5
8,1106E-5
6,6368E-5
8,6019E-5
9,2696E-5
7,5442E-5
7,2601E-5
7,7205E-5
7,4144E-5
7,2146E-5
7,6186E-5
7,2349E-5
7,3262E-5
5,6231E-5
7,0273E-5
7,5689E-5
7,4608E-5
7,6881E-5
7,6247E-5
7,2715E-5
5,5487E-5
9,0084E-5
7,3501E-5
6,9904E-5
7,6799E-5
7,1453E-5
7,5613E-5
7,1866E-5
7,5285E-5
7,3527E-5
8,0941E-5
6,9756E-5
7,2984E-5
5,609E-5
5,5629E-5
5,6432E-5
7,1911E-5
8,9156E-5
6,8078E-5
7,1069E-5
7,6686E-5
7,2549E-5
7,4485E-5
5,574E-5
7,1599E-5
6,9309E-5
6,349E-5
6,6216E-5
7,6319E-5
6,9292E-5
6,5781E-5
7,5205E-5
7,8502E-5
5,8121E-5
7,3044E-5
7,8865E-5
7,401E-5
6,3485E-5
7,2868E-5
8,0998E-5
5,8416E-5
9,1241E-5
1,18507E-4
1,05275E-4
1,49363E-4
8,7696E-5
1,29895E-4
1,1954E-4
1,19204E-4
9,7261E-5
1,28781E-4
1,19288E-4
1,26282E-4
1,21929E-4
9,2479E-5
7,7327E-5
6,6978E-5
1,03415E-4
7,0466E-5
7,8258E-5
7,0184E-5
6,9714E-5
7,3468E-5
7,6944E-5
7,6645E-5
7,1143E-5
5,6016E-5
7,6185E-5
7,2771E-5
7,2742E-5
7,0712E-5
7,34E-5
7,1716E-5
7,645E-5
6,9067E-5
6,9919E-5
7,4069E-5
7,0053E-5
7,5457E-5
8,8719E-5
7,3414E-5
6,9682E-5
6,4283E-5
7,2367E-5
7,0341E-5
7,3658E-5
7,2184E-5
7,5373E-5
6,6786E-5
6,4274E-5
7,0457E-5
7,7106E-5
7,0638E-5
7,4235E-5
7,5581E-5
7,3935E-5
7,9019E-5
7,3645E-5
7,1283E-5
8,164E-5
5,5837E-5
7,2437E-5
7,5602E-5
7,7519E-5
5,623E-5
5,5637E-5
7,1893E-5
7,1493E-5
5,5843E-5
7,0402E-5
6,7868E-5
7,5195E-5
6,7742E-5
6,3453E-5
6,9146E-5
8,2088E-5
7,3787E-5
7,5151E-5
7,0389E-5
5,5897E-5
1,38154E-4
8,3001E-5
8,6398E-5
1,12044E-4
1,84251E-4
7,1152E-5
6,6155E-5
5,6276E-5
6,9179E-5
7,6488E-5
6,8411E-5
5,8822E-5
1,20837E-4
6,5051E-5
1,53325E-4
1,25707E-4
9,5227E-5
1,31232E-4
7,9177E-5
7,2379E-5
7,2274E-5
7,2382E-5
7,5002E-5
5,5644E-5
5,7811E-5
6,9372E-5
5,518E-5
7,4928E-5
6,5288E-5
6,0937E-5
5,4851E-5
7,4579E-5
7,1531E-5
8,8226E-5
5,5619E-5
7,3519E-5
7,4345E-5
7,6559E-5
7,0474E-5
7,726E-5
7,2868E-5
7,6657E-5
6,6482E-5
7,6534E-5
6,806E-5
6,7249E-5
7,2619E-5
5,6895E-5
6,9802E-5
6,8806E-5
7,5776E-5
6,9912E-5
7,6105E-5
6,7678E-5
7,6716E-5
7,2388E-5
6,7638E-5
6,4176E-5
7,1274E-5
7,2315E-5
7,0137E-5
7,524E-5
7,6703E-5
7,5943E-5
7,1141E-5
7,2004E-5
7,0866E-5
5,6419E-5
7,5503E-5
6,8834E-5
7,1976E-5
5,8422E-5
7,5752E-5
7,3577E-5
7,0058E-5
7,3627E-5
6,947E-5
7,5514E-5
5,508E-5
7,5547E-5
7,6737E-5
5,8245E-5
7,3408E-5
6,9193E-5
8,1801E-5
7,2331E-5
6,4977E-5
7,2919E-5
7,0045E-5
7,5519E-5
7,6262E-5
7,9773E-5
7,4432E-5
6,9785E-5
7,0135E-5
5,8435E-5
5,7731E-5
5,5145E-5
6,7641E-5
7,0807E-5
7,14E-5
6,8518E-5
7,4559E-5
6,4192E-5
7,5571E-5
7,0303E-5
7,3277E-5
6,7172E-5
6,9297E-5
7,1967E-5
7,38E-5
7,6269E-5
7,2847E-5
7,7039E-5
7,9799E-5
6,5721E-5
7,1802E-5
7,638E-5
7,0034E-5
7,088E-5
6,9936E-5
7,3354E-5
7,7127E-5
6,8836E-5
7,3814E-5
8,8458E-5
6,7539E-5
7,023E-5
7,0746E-5
7,5045E-5
6,6785E-5
7,0617E-5
7,7041E-5
6,6733E-5
7,6128E-5
6,9597E-5
7,1714E-5
6,6357E-5
7,1318E-5
7,0116E-5
7,2682E-5
7,6994E-5
7,6428E-5
1,22259E-4
7,0478E-5
7,4403E-5
1,05394E-4
7,852E-5
9,1666E-5
6,992E-5
7,0692E-5
7,4969E-5
1,07173E-4
8,5821E-5
7,1705E-5
6,9405E-5
7,1637E-5
6,9916E-5
6,905E-5
7,0289E-5
6,9991E-5
7,5482E-5
7,2197E-5
6,5531E-5
7,4805E-5
1,36953E-4
6,5544E-5
7,054E-5
9,2824E-5
6,7219E-5
8,0495E-5
6,8624E-5
1,04617E-4
7,0657E-5
9,0244E-5
7,2821E-5
7,6556E-5
7,5406E-5
7,2683E-5
7,6052E-5
6,9387E-5
7,7198E-5
6,88E-5
6,6958E-5
9,2463E-5
6,9493E-5
6,6011E-5
7,9108E-5
7,0278E-5
7,9454E-5
7,0866E-5
6,5781E-5
7,1546E-5
7,3089E-5
6,9455E-5
8,3808E-5
6,7313E-5
6,9282E-5
6,9939E-5
8,6698E-5
7,8123E-5
6,5935E-5
9,1235E-5
7,8767E-5
7,0078E-5
7,0287E-5
7,6341E-5
7,4862E-5
6,9802E-5
7,5277E-5
6,9875E-5
7,042E-5
6,6405E-5
6,9496E-5
7,0327E-5
7,6971E-5
6,9799E-5
7,0082E-5
6,5526E-5
7,2966E-5
7,1562E-5
6,5097E-5
7,9458E-5
7,2875E-5
7,1266E-5
7,0295E-5
7,6723E-5
7,0244E-5
7,3281E-5
7,1317E-5
6,629E-5
7,6751E-5
7,3701E-5
6,7018E-5
7,0551E-5
7,1582E-5
7,3067E-5
7,7161E-5
6,7621E-5
7,1074E-5
1,28269E-4
1,17046E-4
8,446E-5
1,03319E-4
9,3613E-5
1,27917E-4
8,5356E-5
7,2557E-5
7,1884E-5
7,5733E-5
6,538E-5
7,0025E-5
7,118E-5
6,5322E-5
7,7714E-5
7,1799E-5
6,6922E-5
7,2313E-5
7,6118E-5
7,699E-5
6,9799E-5
6,5745E-5
6,6622E-5
6,9911E-5
7,9136E-5
6,6978E-5
6,8732E-5
6,7125E-5
7,2583E-5
8,5701E-5
6,9229E-5
7,2542E-5
6,9666E-5
7,1938E-5
7,6998E-5
6,6323E-5
7,1458E-5
6,9785E-5
6,8607E-5
6,8821E-5
7,344E-5
6,843E-5
8,3894E-5
7,0729E-5
7,03E-5
7,5019E-5
7,0159E-5
6,7292E-5
7,0276E-5
7,5754E-5
8,0967E-5
7,0465E-5
6,7013E-5
7,0415E-5
7,3519E-5
7,1111E-5
6,9722E-5
7,9409E-5
7,5634E-5
6,7125E-5
7,22E-5
7,1162E-5
6,8944E-5
7,0536E-5
7,2291E-5
7,0597E-5
8,1452E-5
6,7531E-5
7,3532E-5
7,6362E-5
6,6774E-5
8,1425E-5
6,9008E-5
7,9988E-5
7,1879E-5
7,861E-5
8,0114E-5
1,00055E-4
6,8778E-5
7,6473E-5
7,178E-5
7,1563E-5
6,9889E-5
6,9916E-5
7,3209E-5
7,153E-5
7,5666E-5
8,2681E-5
6,972E-5
7,2209E-5
6,9907E-5
7,9385E-5
6,9717E-5
6,9543E-5
6,6442E-5
7,7044E-5
8,5327E-5
6,9866E-5
6,933E-5
7,744E-5
7,5034E-5
6,9077E-5
7,4987E-5
6,9239E-5
8,0508E-5
6,84E-5
7,1812E-5
7,6756E-5
7,0105E-5
7,0357E-5
6,9918E-5
6,8717E-5
7,2769E-5
8,2449E-5
7,1823E-5
7,7366E-5
9,1463E-5
7,1644E-5
8,2343E-5
6,6981E-5
7,029E-5
7,0745E-5
7,0373E-5
7,5909E-5
8,4658E-5
6,5268E-5
7,478E-5
6,7413E-5
6,9499E-5
6,5791E-5
7,3138E-5
7,1776E-5
7,5038E-5
7,1212E-5
7,1497E-5
7,2909E-5
6,9617E-5
7,0096E-5
6,6465E-5
7,6087E-5
7,0094E-5
7,5443E-5
7,0191E-5
6,9535E-5
7,4347E-5
7,0265E-5
6,9537E-5
7,0584E-5
6,9758E-5
6,542E-5
7,3605E-5
7,0743E-5
6,5407E-5
6,9476E-5
7,0101E-5
6,4982E-5
6,8965E-5
7,1091E-5
6,7953E-5
6,969E-5
6,6115E-5
7,9905E-5
7,7858E-5
8,5225E-5
6,9246E-5
8,0913E-5
7,4666E-5
7,7592E-5
7,1327E-5
7,6886E-5
6,7516E-5
7,2092E-5
7,7474E-5
6,962E-5
7,0633E-5
7,2831E-5
7,2094E-5
7,0333E-5
8,2242E-5
7,0862E-5
7,2543E-5
7,2904E-5
7,9642E-5
7,3293E-5
7,2752E-5
6,9911E-5
7,3599E-5
6,9173E-5
6,9679E-5
6,8753E-5
