8,05433E-4
6,39906E-4
3,95811E-4
3,83458E-4
4,28867E-4
4,1915E-4
3,69271E-4
4,22932E-4
3,31571E-4
3,06551E-4
2,13619E-4
2,00705E-4
2,01491E-4
1,88709E-4
1,88927E-4
1,94337E-4
1,89087E-4
1,87168E-4
1,87775E-4
2,85636E-4
1,9385E-4
1,69849E-4
1,75209E-4
1,70342E-4
1,7797E-4
1,74883E-4
1,8458E-4
1,83149E-4
1,73373E-4
1,72306E-4
1,74646E-4
1,72937E-4
1,73556E-4
1,70767E-4
1,88718E-4
1,76058E-4
1,70766E-4
1,65974E-4
1,69533E-4
1,74332E-4
1,76718E-4
1,71894E-4
1,75993E-4
1,73127E-4
1,7109E-4
1,87519E-4
1,67311E-4
1,70468E-4
1,73435E-4
1,76007E-4
1,69511E-4
1,69746E-4
1,78071E-4
1,74634E-4
1,68756E-4
1,70074E-4
1,24057E-4
1,15805E-4
1,23965E-4
1,16047E-4
1,12585E-4
1,11165E-4
1,09361E-4
1,11575E-4
1,1144E-4
1,14007E-4
1,18795E-4
1,4108E-4
1,11673E-4
1,10595E-4
1,1901E-4
1,1108E-4
1,09959E-4
1,09806E-4
1,09224E-4
1,10084E-4
1,14164E-4
1,10639E-4
1,10172E-4
1,09226E-4
1,09824E-4
1,17705E-4
1,10143E-4
1,12331E-4
1,07635E-4
1,13017E-4
1,09817E-4
1,09097E-4
1,09517E-4
1,13209E-4
1,07852E-4
1,0853E-4
1,08516E-4
1,1013E-4
1,08978E-4
1,11908E-4
1,10437E-4
1,09764E-4
1,1052E-4
1,09583E-4
1,08014E-4
1,73158E-4
1,55723E-4
1,10738E-4
1,12103E-4
1,11486E-4
1,10108E-4
1,14497E-4
1,15357E-4
1,13657E-4
1,11413E-4
1,10359E-4
1,13454E-4
1,08186E-4
1,09383E-4
1,13289E-4
1,10015E-4
1,13152E-4
1,12501E-4
1,11299E-4
1,12463E-4
1,1439E-4
1,12679E-4
1,10477E-4
1,13366E-4
1,1373E-4
1,11002E-4
1,11772E-4
1,13548E-4
1,11926E-4
1,19481E-4
1,12778E-4
1,11169E-4
1,11161E-4
1,15634E-4
1,12306E-4
1,12933E-4
1,11543E-4
1,13359E-4
1,1598E-4
1,34793E-4
1,14988E-4
1,17116E-4
1,31366E-4
1,16097E-4
1,30364E-4
1,12641E-4
1,14081E-4
1,13436E-4
1,127E-4
1,17341E-4
1,10327E-4
1,15652E-4
1,12077E-4
1,12713E-4
1,16425E-4
1,16533E-4
1,27878E-4
1,1287E-4
1,09978E-4
1,16163E-4
1,16709E-4
1,0775E-4
1,09736E-4
1,09982E-4
1,2107E-4
1,12268E-4
1,10781E-4
1,14053E-4
1,19262E-4
1,10253E-4
1,28826E-4
1,14729E-4
1,12741E-4
1,10537E-4
1,08209E-4
2,17158E-4
1,11534E-4
1,09626E-4
1,10175E-4
1,09068E-4
1,11894E-4
1,12653E-4
1,17771E-4
1,24014E-4
1,12034E-4
1,19563E-4
1,08726E-4
1,11123E-4
1,09077E-4
1,08902E-4
1,09227E-4
1,10643E-4
1,1012E-4
1,88724E-4
1,09134E-4
1,08793E-4
1,13138E-4
1,14405E-4
1,10154E-4
2,13054E-4
1,19688E-4
1,134E-4
1,14545E-4
1,15992E-4
1,13458E-4
1,20342E-4
1,17211E-4
1,12676E-4
1,12013E-4
1,11636E-4
1,18614E-4
1,14118E-4
1,12019E-4
1,11997E-4
1,11543E-4
2,38062E-4
1,1668E-4
1,08273E-4
1,10636E-4
1,1377E-4
1,10706E-4
1,14074E-4
1,11268E-4
1,15424E-4
1,0944E-4
1,11697E-4
1,09713E-4
1,09848E-4
1,13213E-4
1,50522E-4
1,16852E-4
1,09898E-4
1,10057E-4
2,10937E-4
1,27472E-4
1,0885E-4
1,10397E-4
1,08525E-4
1,11373E-4
1,0918E-4
1,13499E-4
1,10821E-4
2,11631E-4
1,08635E-4
1,12511E-4
1,14938E-4
1,20822E-4
1,13796E-4
1,11338E-4
1,12105E-4
1,10488E-4
1,29449E-4
1,18586E-4
1,93871E-4
1,14209E-4
1,08895E-4
1,18911E-4
1,18122E-4
1,13619E-4
1,15647E-4
1,14027E-4
1,137E-4
1,1274E-4
1,1123E-4
1,11949E-4
1,08695E-4
1,11586E-4
1,11255E-4
1,15298E-4
1,33849E-4
1,106E-4
1,10873E-4
1,09844E-4
1,11574E-4
1,23991E-4
1,11099E-4
1,1145E-4
1,11551E-4
1,09824E-4
1,19209E-4
1,26902E-4
1,10748E-4
1,10167E-4
1,10103E-4
1,12105E-4
1,10076E-4
1,09757E-4
1,09011E-4
1,11106E-4
1,10843E-4
1,24274E-4
1,09121E-4
1,10957E-4
1,09951E-4
1,0987E-4
1,11053E-4
1,11248E-4
1,14084E-4
1,11191E-4
2,02751E-4
1,08885E-4
1,11025E-4
1,14741E-4
1,15717E-4
1,10371E-4
1,10217E-4
1,10365E-4
1,0979E-4
1,08489E-4
1,10266E-4
1,18603E-4
1,09128E-4
1,07726E-4
1,10088E-4
1,14741E-4
1,14738E-4
1,19778E-4
1,15218E-4
1,13369E-4
1,13923E-4
1,10952E-4
1,10912E-4
1,09346E-4
1,13667E-4
1,09878E-4
1,09494E-4
1,09959E-4
1,11223E-4
1,18924E-4
1,1418E-4
1,26614E-4
1,11521E-4
1,09658E-4
1,12947E-4
1,11086E-4
1,13492E-4
1,14602E-4
1,13975E-4
1,09233E-4
1,13758E-4
1,11919E-4
1,10081E-4
1,117E-4
1,08816E-4
1,14117E-4
1,11397E-4
1,23728E-4
1,12721E-4
1,10074E-4
1,14476E-4
1,08818E-4
1,08727E-4
1,10384E-4
1,10678E-4
1,14556E-4
1,26304E-4
1,10339E-4
1,10762E-4
1,12042E-4
1,15407E-4
1,11229E-4
1,10311E-4
1,13576E-4
2,47394E-4
1,15182E-4
1,08668E-4
1,10236E-4
2,05221E-4
1,08861E-4
1,19787E-4
1,10414E-4
1,10349E-4
1,10002E-4
1,12497E-4
