7,2117E-5
7,0051E-5
6,8157E-5
6,7725E-5
6,2806E-5
6,6496E-5
6,8993E-5
6,7671E-5
7,1191E-5
6,7319E-5
6,2792E-5
6,8788E-5
6,8712E-5
6,927E-5
6,1538E-5
6,868E-5
6,8388E-5
6,2027E-5
6,9002E-5
7,3136E-5
7,7954E-5
6,9121E-5
8,6364E-5
6,2811E-5
7,6545E-5
6,9797E-5
6,8832E-5
6,2725E-5
7,0951E-5
7,6158E-5
6,3604E-5
7,3008E-5
8,471E-5
8,6398E-5
7,1982E-5
9,0036E-5
7,618E-5
7,1561E-5
8,8599E-5
7,1948E-5
6,8485E-5
1,29515E-4
9,4295E-5
7,1069E-5
6,9479E-5
6,7597E-5
6,9317E-5
6,4005E-5
7,1466E-5
7,6217E-5
6,1879E-5
6,5406E-5
7,0606E-5
7,1544E-5
6,9004E-5
6,8293E-5
7,2005E-5
9,8194E-5
8,0551E-5
7,0535E-5
1,07773E-4
8,7927E-5
8,0116E-5
7,1398E-5
1,60075E-4
7,0489E-5
6,993E-5
6,8208E-5
7,0596E-5
6,8182E-5
7,6536E-5
1,38591E-4
1,14308E-4
8,4581E-5
1,31683E-4
9,3023E-5
9,0193E-5
8,4475E-5
1,50071E-4
7,7519E-5
9,7024E-5
8,4676E-5
6,94E-5
6,9541E-5
7,0237E-5
6,9397E-5
6,9194E-5
6,8773E-5
6,482E-5
7,0693E-5
8,5284E-5
6,898E-5
6,8537E-5
6,9501E-5
6,9661E-5
6,9863E-5
6,8394E-5
7,2084E-5
6,3767E-5
7,3554E-5
9,4465E-5
6,5977E-5
9,1446E-5
6,464E-5
1,07048E-4
6,3756E-5
9,2495E-5
1,04251E-4
8,9596E-5
6,263E-5
6,3958E-5
6,2257E-5
6,3743E-5
6,4348E-5
6,6902E-5
6,4295E-5
6,296E-5
6,3442E-5
6,1301E-5
8,1041E-5
6,8876E-5
6,3973E-5
6,4156E-5
6,485E-5
6,3144E-5
6,9723E-5
6,8977E-5
6,8344E-5
6,4752E-5
6,0915E-5
7,0897E-5
6,3494E-5
6,7927E-5
6,7459E-5
6,1998E-5
6,3118E-5
6,9581E-5
7,9274E-5
7,4659E-5
7,0748E-5
6,4418E-5
6,2206E-5
6,7653E-5
6,7815E-5
6,2602E-5
7,2925E-5
7,5201E-5
6,8315E-5
6,3018E-5
6,9905E-5
7,2628E-5
6,9445E-5
6,4384E-5
6,4077E-5
6,4121E-5
6,4619E-5
6,9822E-5
7,0818E-5
6,821E-5
6,916E-5
6,9106E-5
6,7257E-5
7,3378E-5
8,3182E-5
6,2841E-5
6,8108E-5
7,7241E-5
7,1272E-5
7,4723E-5
7,8E-5
6,7541E-5
6,8283E-5
6,7579E-5
6,733E-5
7,374E-5
6,909E-5
6,5613E-5
7,032E-5
6,8313E-5
9,3794E-5
6,6484E-5
6,6415E-5
8,3077E-5
7,6219E-5
6,8858E-5
6,7706E-5
6,9873E-5
6,7923E-5
6,7637E-5
6,7387E-5
6,7674E-5
6,9134E-5
6,7491E-5
7,9555E-5
6,9232E-5
6,6907E-5
6,887E-5
6,9108E-5
7,0693E-5
6,6996E-5
6,9077E-5
1,10696E-4
1,10286E-4
1,23476E-4
1,21248E-4
1,15888E-4
6,7319E-5
6,5501E-5
6,4918E-5
6,9587E-5
6,3106E-5
6,8452E-5
6,3072E-5
7,5722E-5
8,1138E-5
6,9534E-5
6,8601E-5
7,6908E-5
6,7275E-5
6,9701E-5
1,03056E-4
7,8036E-5
1,38591E-4
1,18965E-4
8,32E-5
6,8361E-5
6,8995E-5
6,8157E-5
6,9309E-5
1,1714E-4
7,0653E-5
7,2114E-5
7,2E-5
6,3426E-5
6,8635E-5
6,525E-5
6,9192E-5
7,0889E-5
7,7911E-5
6,8747E-5
6,3044E-5
6,8838E-5
6,7549E-5
6,8558E-5
6,881E-5
6,7077E-5
6,9804E-5
6,0918E-5
6,659E-5
6,2575E-5
6,8958E-5
6,82E-5
6,3965E-5
7,2372E-5
6,7793E-5
6,2627E-5
6,9401E-5
6,6354E-5
6,7595E-5
6,7465E-5
6,6829E-5
6,2829E-5
1,23929E-4
6,3482E-5
1,50206E-4
7,0089E-5
6,8971E-5
6,9614E-5
7,5901E-5
7,8094E-5
6,8821E-5
6,805E-5
6,7895E-5
7,0211E-5
6,2646E-5
6,9198E-5
6,8563E-5
6,8189E-5
6,7739E-5
7,5712E-5
6,2048E-5
6,2826E-5
6,925E-5
7,1323E-5
6,6899E-5
6,7916E-5
9,9374E-5
6,4733E-5
6,9857E-5
6,2538E-5
6,1661E-5
6,7543E-5
6,708E-5
6,3414E-5
6,5169E-5
6,9513E-5
6,7912E-5
1,24673E-4
1,31244E-4
1,48557E-4
1,16669E-4
1,22202E-4
1,2248E-4
1,28258E-4
1,18291E-4
1,15718E-4
6,2355E-5
6,2793E-5
6,3428E-5
6,9428E-5
6,2655E-5
6,302E-5
6,9664E-5
6,8031E-5
7,2355E-5
6,4229E-5
6,9954E-5
6,9701E-5
6,7058E-5
6,8699E-5
6,4025E-5
7,1062E-5
6,2482E-5
6,3899E-5
6,8591E-5
7,2418E-5
7,2593E-5
6,871E-5
6,9517E-5
6,3652E-5
6,3889E-5
6,3843E-5
7,1019E-5
7,9324E-5
6,7955E-5
7,1439E-5
6,2821E-5
6,1825E-5
8,3927E-5
6,6608E-5
6,397E-5
6,9312E-5
7,08E-5
6,912E-5
7,2603E-5
7,092E-5
6,1639E-5
6,3237E-5
6,2573E-5
6,9491E-5
6,1659E-5
6,6972E-5
6,9499E-5
6,8256E-5
7,7142E-5
6,5673E-5
6,3661E-5
6,2223E-5
6,3426E-5
7,0058E-5
6,9811E-5
6,8513E-5
6,5141E-5
6,4198E-5
6,5998E-5
6,3491E-5
6,2335E-5
6,9237E-5
6,8538E-5
6,8062E-5
6,2966E-5
6,7236E-5
6,3889E-5
6,7172E-5
6,4618E-5
6,4064E-5
6,7011E-5
6,9032E-5
6,8357E-5
6,9739E-5
6,8892E-5
6,9152E-5
7,1759E-5
6,8862E-5
6,9516E-5
6,81E-5
6,814E-5
7,0892E-5
6,6601E-5
7,1864E-5
7,0795E-5
7,7921E-5
6,6706E-5
6,8409E-5
6,9278E-5
6,7764E-5
6,4995E-5
6,3088E-5
6,4308E-5
7,3365E-5
7,0005E-5
6,4263E-5
6,4701E-5
7,2661E-5
7,4135E-5
6,9758E-5
6,8625E-5
8,1353E-5
6,8673E-5
6,7851E-5
6,8773E-5
6,759E-5
6,7956E-5
7,1304E-5
6,5559E-5
6,8437E-5
6,9832E-5
7,0843E-5
7,3694E-5
6,91E-5
6,8635E-5
6,2727E-5
6,2399E-5
6,2639E-5
6,9428E-5
6,9591E-5
1,22136E-4
1,21732E-4
1,30029E-4
1,26653E-4
1,22663E-4
1,25734E-4
1,30389E-4
1,13431E-4
1,24481E-4
6,9926E-5
6,6995E-5
6,6778E-5
6,8333E-5
6,8163E-5
6,7848E-5
7,3161E-5
6,6979E-5
8,5357E-5
6,8493E-5
6,6676E-5
6,3055E-5
6,8079E-5
6,9747E-5
6,4633E-5
6,4241E-5
6,4962E-5
6,6889E-5
6,3199E-5
6,8603E-5
6,8891E-5
6,7651E-5
6,23E-5
6,9492E-5
6,9918E-5
6,6476E-5
6,8308E-5
6,4331E-5
6,7108E-5
6,834E-5
6,7456E-5
6,1169E-5
6,2796E-5
6,3631E-5
6,4497E-5
6,4771E-5
6,1481E-5
6,8691E-5
6,8707E-5
6,3504E-5
6,9807E-5
7,2592E-5
7,2902E-5
6,8778E-5
6,7501E-5
6,8381E-5
6,2612E-5
6,8377E-5
7,0223E-5
8,1933E-5
6,8853E-5
7,0657E-5
6,9494E-5
6,9087E-5
6,4265E-5
7,2938E-5
6,1924E-5
7,1106E-5
6,8014E-5
6,7791E-5
6,7616E-5
6,4691E-5
6,1757E-5
7,6471E-5
6,8705E-5
6,8796E-5
6,8035E-5
6,3012E-5
6,4452E-5
6,3244E-5
6,5117E-5
6,1484E-5
7,1698E-5
6,5446E-5
6,6459E-5
7,1316E-5
6,2103E-5
6,2957E-5
9,8257E-5
1,06595E-4
6,7604E-5
6,2459E-5
6,8065E-5
6,9105E-5
6,8161E-5
6,86E-5
7,2526E-5
6,8591E-5
6,7234E-5
6,8632E-5
6,8884E-5
6,8329E-5
6,7455E-5
6,9524E-5
6,8555E-5
6,4495E-5
6,3238E-5
7,0769E-5
7,3094E-5
6,894E-5
6,894E-5
6,958E-5
6,8935E-5
7,3523E-5
7,3991E-5
7,5701E-5
6,894E-5
6,4599E-5
6,8689E-5
6,8614E-5
6,8425E-5
6,408E-5
6,8741E-5
6,9313E-5
6,9175E-5
6,8754E-5
6,7756E-5
7,003E-5
8,0704E-5
6,5406E-5
6,1175E-5
6,9942E-5
7,0372E-5
7,0138E-5
6,9994E-5
6,4089E-5
6,7734E-5
6,7973E-5
6,6717E-5
7,0081E-5
6,827E-5
7,1909E-5
7,295E-5
6,8698E-5
6,9336E-5
6,9939E-5
6,8597E-5
6,7836E-5
7,3041E-5
6,8784E-5
6,8537E-5
6,8247E-5
7,4746E-5
6,1774E-5
7,2238E-5
1,155E-4
6,285E-5
8,2688E-5
1,21623E-4
1,21448E-4
1,22158E-4
1,2117E-4
1,27553E-4
1,24009E-4
1,22104E-4
1,20483E-4
1,27721E-4
1,30796E-4
1,31427E-4
1,27493E-4
1,23361E-4
1,2393E-4
1,16144E-4
1,24582E-4
1,21812E-4
1,29238E-4
1,21694E-4
1,14573E-4
7,0485E-5
9,9453E-5
6,9556E-5
6,5481E-5
7,3259E-5
6,9449E-5
7,6392E-5
6,3696E-5
6,3784E-5
6,3548E-5
6,7846E-5
6,2738E-5
7,2893E-5
6,7688E-5
8,6369E-5
7,104E-5
6,708E-5
6,2088E-5
6,8918E-5
6,7953E-5
7,19E-5
6,7784E-5
6,9458E-5
6,4462E-5
6,2972E-5
7,019E-5
6,9313E-5
6,7868E-5
6,8755E-5
7,5251E-5
6,9824E-5
8,0281E-5
6,7459E-5
6,8552E-5
6,6764E-5
6,3118E-5
6,1979E-5
6,8378E-5
6,8273E-5
6,9997E-5
6,9505E-5
8,2512E-5
6,9351E-5
6,8922E-5
6,9779E-5
6,6865E-5
6,7725E-5
6,8267E-5
6,6348E-5
6,9762E-5
6,9292E-5
6,8598E-5
9,5919E-5
6,5021E-5
6,3348E-5
6,4049E-5
6,3455E-5
6,3546E-5
6,3248E-5
6,9934E-5
6,8557E-5
6,4605E-5
6,7572E-5
6,4579E-5
6,4558E-5
8,9817E-5
7,4078E-5
6,934E-5
6,7422E-5
6,7022E-5
6,809E-5
6,9908E-5
7,0219E-5
6,6923E-5
6,4163E-5
6,8112E-5
6,8604E-5
7,9726E-5
6,2518E-5
6,3741E-5
6,2043E-5
7,8679E-5
6,907E-5
6,8359E-5
6,815E-5
6,7088E-5
6,9042E-5
6,308E-5
6,246E-5
9,73E-5
6,7821E-5
6,9389E-5
6,9316E-5
6,9034E-5
6,7472E-5
6,1565E-5
7,0982E-5
6,8158E-5
6,8376E-5
7,0005E-5
6,248E-5
6,5275E-5
6,8865E-5
6,7711E-5
6,5511E-5
6,9492E-5
7,3222E-5
6,3133E-5
6,2703E-5
6,1518E-5
7,0669E-5
6,7692E-5
6,4651E-5
7,2913E-5
6,4427E-5
6,2563E-5
7,2809E-5
8,9976E-5
6,3833E-5
6,9983E-5
6,1706E-5
7,1224E-5
6,276E-5
7,9501E-5
7,2117E-5
6,8678E-5
7,6944E-5
6,9776E-5
8,0741E-5
6,9255E-5
6,2633E-5
6,3182E-5
6,8504E-5
6,5424E-5
7,2796E-5
7,7197E-5
6,7943E-5
6,7625E-5
6,8373E-5
8,3552E-5
7,3779E-5
7,1493E-5
6,7862E-5
6,7379E-5
6,3847E-5
6,6594E-5
6,7741E-5
6,8299E-5
6,9446E-5
6,2747E-5
7,098E-5
6,3597E-5
6,8048E-5
7,0046E-5
6,9914E-5
7,2645E-5
6,9083E-5
7,1388E-5
9,0445E-5
6,9095E-5
6,824E-5
6,9127E-5
6,788E-5
6,836E-5
6,7955E-5
6,8883E-5
7,2355E-5
6,777E-5
6,9233E-5
6,927E-5
6,3333E-5
6,9799E-5
7,4686E-5
6,9078E-5
6,9246E-5
7,001E-5
6,7513E-5
6,4608E-5
6,2412E-5
6,1662E-5
6,6816E-5
6,1701E-5
6,8395E-5
7,0473E-5
6,8935E-5
6,3756E-5
6,3645E-5
7,1925E-5
7,8429E-5
6,9158E-5
6,8575E-5
6,8985E-5
6,7514E-5
7,1066E-5
6,9401E-5
6,298E-5
6,4118E-5
7,1767E-5
6,4867E-5
8,2339E-5
6,1725E-5
6,327E-5
6,1861E-5
6,8566E-5
6,4254E-5
6,6932E-5
7,7987E-5
7,7599E-5
6,2245E-5
6,8195E-5
6,6795E-5
6,7814E-5
6,7033E-5
6,3684E-5
6,8407E-5
6,2135E-5
6,4334E-5
6,2948E-5
6,5903E-5
6,2487E-5
6,4389E-5
6,2476E-5
7,3309E-5
6,8938E-5
6,9275E-5
7,2443E-5
7,4471E-5
6,2022E-5
6,1422E-5
6,5648E-5
6,296E-5
6,6959E-5
7,2256E-5
6,9343E-5
6,8015E-5
7,8162E-5
9,0338E-5
7,1709E-5
6,1685E-5
0,001549603
6,3383E-5
6,6767E-5
7,0205E-5
6,7394E-5
6,3073E-5
7,2325E-5
6,9633E-5
6,8835E-5
6,8044E-5
6,3329E-5
6,9074E-5
6,791E-5
6,2087E-5
6,6817E-5
6,8011E-5
6,2538E-5
6,9208E-5
7,0313E-5
7,0464E-5
6,9624E-5
6,8644E-5
6,8124E-5
7,0817E-5
6,8482E-5
6,9478E-5
6,9251E-5
1,14694E-4
7,8962E-5
6,8245E-5
6,551E-5
9,3677E-5
8,9005E-5
1,0461E-4
8,9294E-5
1,05581E-4
8,6203E-5
7,3467E-5
7,8279E-5
8,2045E-5
9,1431E-5
1,12747E-4
6,8987E-5
6,1548E-5
6,2984E-5
6,9217E-5
6,3941E-5
6,388E-5
8,0005E-5
6,3776E-5
1,29947E-4
1,18383E-4
1,04631E-4
6,6913E-5
8,4703E-5
6,8155E-5
6,7969E-5
8,4917E-5
6,3409E-5
6,9401E-5
1,22402E-4
8,2011E-5
6,791E-5
6,8391E-5
6,7236E-5
6,8781E-5
6,9633E-5
6,7196E-5
6,5773E-5
6,4358E-5
6,5395E-5
6,8409E-5
6,9875E-5
6,3543E-5
6,5966E-5
6,4645E-5
6,36E-5
6,9888E-5
6,9915E-5
6,9664E-5
6,3027E-5
7,0175E-5
6,4141E-5
6,2659E-5
6,878E-5
6,6771E-5
6,7917E-5
6,2941E-5
6,3008E-5
6,9081E-5
8,523E-5
6,4908E-5
6,2603E-5
6,3711E-5
6,6081E-5
6,8272E-5
6,6418E-5
7,9652E-5
6,7824E-5
6,7611E-5
7,3768E-5
6,3599E-5
6,428E-5
6,245E-5
6,5926E-5
6,2784E-5
7,0614E-5
6,7648E-5
6,9035E-5
6,4829E-5
6,5123E-5
6,5216E-5
6,5927E-5
6,5577E-5
6,8774E-5
6,9851E-5
6,4873E-5
6,3283E-5
6,2578E-5
6,2035E-5
7,2627E-5
6,8546E-5
6,8633E-5
6,9318E-5
6,8191E-5
6,3503E-5
6,4151E-5
6,4875E-5
6,8249E-5
6,9644E-5
7,157E-5
6,8593E-5
6,7135E-5
6,4587E-5
6,3491E-5
6,3104E-5
6,3726E-5
6,4746E-5
6,8662E-5
6,833E-5
7,2966E-5
7,0271E-5
7,0519E-5
6,7496E-5
6,7666E-5
6,9325E-5
6,5047E-5
6,8813E-5
6,8526E-5
6,9399E-5
6,779E-5
6,2977E-5
6,7392E-5
6,6976E-5
6,9344E-5
7,0441E-5
7,8749E-5
6,8296E-5
6,8787E-5
6,9438E-5
6,2556E-5
7,0849E-5
7,9774E-5
6,8822E-5
6,479E-5
6,3714E-5
6,5303E-5
6,348E-5
6,8567E-5
6,8313E-5
6,91E-5
6,9384E-5
6,9031E-5
7,1227E-5
6,1672E-5
7,8164E-5
7,9865E-5
6,7297E-5
7,5968E-5
6,8225E-5
6,4505E-5
6,9158E-5
7,2278E-5
6,2332E-5
6,326E-5
6,2035E-5
6,2874E-5
6,133E-5
6,2454E-5
6,9842E-5
6,9733E-5
6,2839E-5
6,8267E-5
7,1982E-5
6,7756E-5
6,8225E-5
6,6237E-5
6,7077E-5
6,9354E-5
6,1265E-5
6,7366E-5
6,7706E-5
7,3492E-5
6,4167E-5
6,1898E-5
6,3362E-5
6,3078E-5
7,0961E-5
6,2085E-5
6,2831E-5
6,8153E-5
6,9011E-5
7,1129E-5
6,7937E-5
6,8995E-5
7,4747E-5
6,9922E-5
1,23399E-4
6,2539E-5
6,9133E-5
6,5226E-5
6,7029E-5
6,6659E-5
6,3291E-5
7,0417E-5
6,3685E-5
6,1953E-5
6,1683E-5
6,8219E-5
6,8808E-5
6,9093E-5
6,9738E-5
6,2117E-5
7,5512E-5
6,3675E-5
7,7712E-5
6,4618E-5
7,0614E-5
6,7811E-5
6,3868E-5
8,0597E-5
7,584E-5
6,7888E-5
6,7914E-5
7,0308E-5
7,1353E-5
6,4353E-5
6,3264E-5
6,2502E-5
6,9343E-5
6,8552E-5
6,832E-5
6,9418E-5
6,9434E-5
6,7828E-5
7,3087E-5
6,8969E-5
6,8669E-5
6,9608E-5
7,0539E-5
6,966E-5
6,9672E-5
6,7614E-5
6,8105E-5
6,5562E-5
7,0077E-5
6,9578E-5
7,5308E-5
7,2893E-5
6,839E-5
6,8811E-5
6,2347E-5
6,6427E-5
6,9624E-5
6,8581E-5
6,4453E-5
6,2823E-5
6,3212E-5
6,3518E-5
6,9216E-5
6,1462E-5
6,4558E-5
6,1215E-5
7,1418E-5
7,0352E-5
6,8235E-5
6,8105E-5
6,3384E-5
6,4587E-5
7,0875E-5
8,0167E-5
8,0319E-5
6,9769E-5
6,9589E-5
7,0661E-5
6,9344E-5
6,4831E-5
6,5873E-5
6,7006E-5
6,9006E-5
6,6649E-5
6,7928E-5
7,5116E-5
1,30101E-4
1,1905E-4
1,44811E-4
1,21445E-4
6,8888E-5
7,5501E-5
6,8424E-5
6,6649E-5
6,4519E-5
7,0927E-5
6,7811E-5
6,9884E-5
6,8947E-5
6,9264E-5
6,9333E-5
7,0494E-5
6,9417E-5
7,2389E-5
6,9251E-5
6,9117E-5
6,2155E-5
6,3083E-5
7,491E-5
6,2303E-5
7,8397E-5
7,0978E-5
6,8708E-5
6,8705E-5
6,8595E-5
6,6854E-5
6,3496E-5
6,2718E-5
6,5662E-5
6,2536E-5
6,7012E-5
6,6927E-5
6,9071E-5
6,6692E-5
6,8147E-5
1,32391E-4
6,823E-5
7,0808E-5
6,9819E-5
6,9592E-5
6,3949E-5
6,6564E-5
6,2649E-5
6,3275E-5
6,9225E-5
7,0538E-5
6,2175E-5
6,1858E-5
6,4025E-5
6,1931E-5
9,1428E-5
6,3397E-5
6,969E-5
6,1544E-5
6,1653E-5
6,3036E-5
6,3913E-5
6,1559E-5
6,8338E-5
6,3576E-5
7,1012E-5
6,8906E-5
6,4641E-5
6,3579E-5
6,4254E-5
7,1121E-5
6,8695E-5
6,88E-5
7,6819E-5
7,3273E-5
6,815E-5
7,0144E-5
7,4831E-5
7,3944E-5
6,9338E-5
6,7885E-5
7,2317E-5
6,4348E-5
6,8244E-5
7,0128E-5
6,8911E-5
6,1845E-5
6,3088E-5
6,2677E-5
6,8425E-5
7,149E-5
7,3606E-5
6,3179E-5
6,2875E-5
6,3882E-5
6,2154E-5
6,9705E-5
7,2759E-5
6,9281E-5
6,8412E-5
6,635E-5
6,1417E-5
7,1483E-5
7,4111E-5
6,4261E-5
6,4558E-5
6,9925E-5
6,7717E-5
6,6797E-5
6,4388E-5
6,1272E-5
6,2788E-5
8,1248E-5
6,3062E-5
6,3484E-5
6,2893E-5
6,4488E-5
6,4167E-5
6,4133E-5
6,3826E-5
7,2645E-5
6,8824E-5
7,0618E-5
7,2513E-5
6,7915E-5
6,6443E-5
6,4614E-5
6,5227E-5
7,0677E-5
7,1624E-5
6,8442E-5
6,3132E-5
6,7728E-5
6,1959E-5
6,4783E-5
6,4511E-5
6,2921E-5
6,383E-5
6,9404E-5
6,725E-5
7,0411E-5
7,1008E-5
6,4022E-5
6,9876E-5
7,6982E-5
6,8212E-5
1,74213E-4
6,4113E-5
6,3532E-5
9,3057E-5
6,1974E-5
1,18157E-4
9,6586E-5
1,0336E-4
6,9245E-5
6,8773E-5
7,0804E-5
6,9236E-5
6,8098E-5
7,5948E-5
6,8584E-5
6,927E-5
7,3635E-5
7,1052E-5
6,9089E-5
6,9079E-5
7,0317E-5
6,8404E-5
6,5122E-5
7,1483E-5
6,3217E-5
6,401E-5
6,8165E-5
6,8274E-5
6,6119E-5
6,2794E-5
6,269E-5
6,1056E-5
6,8561E-5
6,3038E-5
9,0429E-5
6,7187E-5
7,0513E-5
7,3617E-5
6,3299E-5
6,3814E-5
6,2829E-5
6,3796E-5
6,4771E-5
6,7539E-5
6,8531E-5
6,886E-5
7,2547E-5
6,9042E-5
6,2777E-5
6,2089E-5
6,7781E-5
6,8235E-5
6,8968E-5
6,7707E-5
6,7686E-5
6,8481E-5
7,2829E-5
7,2067E-5
6,179E-5
6,8061E-5
9,5341E-5
6,6311E-5
9,9211E-5
7,5847E-5
7,2874E-5
7,0309E-5
8,2911E-5
6,9158E-5
7,5943E-5
6,8474E-5
6,2166E-5
7,3237E-5
6,8589E-5
6,7877E-5
6,8702E-5
6,4302E-5
6,335E-5
6,2735E-5
6,2732E-5
6,2879E-5
6,4951E-5
6,1364E-5
6,1597E-5
6,9703E-5
7,2637E-5
6,3682E-5
7,0099E-5
6,1489E-5
6,8763E-5
6,581E-5
6,2182E-5
6,6222E-5
6,947E-5
7,7891E-5
7,1685E-5
6,7744E-5
6,7759E-5
6,6255E-5
6,6967E-5
6,7532E-5
6,9216E-5
6,3528E-5
6,1563E-5
6,9645E-5
6,8228E-5
7,0225E-5
6,808E-5
6,9516E-5
7,6778E-5
9,858E-5
8,7588E-5
8,4949E-5
9,468E-5
7,6994E-5
7,1021E-5
7,473E-5
9,4554E-5
8,941E-5
7,2228E-5
8,0916E-5
6,496E-5
9,6254E-5
8,6935E-5
6,1959E-5
8,3457E-5
7,0053E-5
6,9476E-5
1,46328E-4
1,01184E-4
6,9144E-5
1,12296E-4
8,8979E-5
7,0257E-5
6,5126E-5
6,3221E-5
6,3291E-5
6,4744E-5
6,9959E-5
6,9401E-5
6,8932E-5
6,8707E-5
7,3533E-5
6,9398E-5
6,6558E-5
7,7673E-5
6,397E-5
6,4068E-5
6,478E-5
8,487E-5
6,2463E-5
6,3683E-5
6,6999E-5
6,2126E-5
6,2549E-5
8,2403E-5
6,3753E-5
6,8272E-5
6,9585E-5
7,1025E-5
6,1976E-5
6,3031E-5
6,4485E-5
6,3142E-5
6,4265E-5
6,9295E-5
6,8546E-5
6,9194E-5
6,8511E-5
6,4849E-5
6,7835E-5
7,0475E-5
6,7663E-5
6,9652E-5
7,0598E-5
6,8374E-5
6,9233E-5
6,9948E-5
7,1159E-5
7,1961E-5
6,3368E-5
6,3369E-5
6,271E-5
6,8519E-5
7,0912E-5
6,5762E-5
6,7714E-5
7,0321E-5
7,3052E-5
6,9611E-5
7,047E-5
7,0516E-5
6,9512E-5
7,2158E-5
6,1932E-5
7,1071E-5
6,9508E-5
7,8271E-5
6,8879E-5
6,9221E-5
6,994E-5
6,3295E-5
7,2074E-5
6,8345E-5
6,9361E-5
6,3598E-5
6,9978E-5
6,8534E-5
6,9756E-5
6,7651E-5
7,477E-5
6,7832E-5
6,8336E-5
6,4019E-5
6,3104E-5
7,1225E-5
6,3219E-5
7,04E-5
7,6276E-5
6,9879E-5
6,8347E-5
6,9016E-5
6,1292E-5
6,2857E-5
6,9402E-5
6,7773E-5
6,7657E-5
6,7236E-5
7,0656E-5
6,997E-5
6,9554E-5
6,8232E-5
6,7297E-5
7,2764E-5
7,0514E-5
6,9518E-5
6,6907E-5
6,2126E-5
6,9075E-5
7,1367E-5
7,2913E-5
6,8122E-5
6,8592E-5
6,8078E-5
6,4366E-5
7,1208E-5
7,2476E-5
6,9461E-5
6,6796E-5
7,212E-5
6,3503E-5
6,6995E-5
6,8366E-5
6,8903E-5
6,7275E-5
6,1796E-5
6,42E-5
6,922E-5
7,3123E-5
7,4689E-5
6,9086E-5
6,8911E-5
6,8363E-5
6,9759E-5
6,6859E-5
6,776E-5
6,5801E-5
8,0275E-5
6,8401E-5
7,2348E-5
6,3283E-5
7,7513E-5
6,9183E-5
6,9689E-5
6,945E-5
7,1158E-5
6,4124E-5
6,4661E-5
7,561E-5
6,3528E-5
6,4046E-5
6,3598E-5
6,3662E-5
6,1116E-5
6,8168E-5
6,9344E-5
6,8266E-5
7,112E-5
6,9683E-5
6,2646E-5
6,2804E-5
6,1545E-5
6,249E-5
7,1032E-5
6,618E-5
6,9541E-5
6,3684E-5
6,1584E-5
6,2991E-5
6,8842E-5
6,946E-5
6,964E-5
6,8849E-5
6,9336E-5
7,1517E-5
6,9162E-5
6,8408E-5
6,8482E-5
6,7288E-5
6,993E-5
7,7078E-5
7,1109E-5
6,9943E-5
6,8198E-5
7,0536E-5
6,8465E-5
7,069E-5
6,6867E-5
6,3052E-5
8,555E-5
6,821E-5
7,9683E-5
6,8933E-5
6,8789E-5
6,2267E-5
7,8219E-5
6,8385E-5
6,8885E-5
7,5447E-5
7,2262E-5
7,9776E-5
6,9785E-5
6,896E-5
7,0538E-5
6,9912E-5
6,3112E-5
6,1603E-5
6,9548E-5
6,7375E-5
6,6702E-5
6,808E-5
7,108E-5
6,216E-5
6,771E-5
6,791E-5
6,2121E-5
6,0504E-5
6,951E-5
7,0886E-5
6,8225E-5
6,9789E-5
7,0233E-5
6,6936E-5
6,3659E-5
6,8743E-5
6,8728E-5
6,6605E-5
6,8986E-5
6,8255E-5
6,661E-5
6,8325E-5
1,01816E-4
6,8857E-5
6,2305E-5
6,2313E-5
6,7549E-5
6,2559E-5
6,4574E-5
6,8254E-5
7,0547E-5
6,288E-5
6,2979E-5
6,782E-5
6,819E-5
6,5552E-5
8,7715E-5
1,14168E-4
1,03837E-4
1,00435E-4
8,9513E-5
9,1995E-5
8,6842E-5
6,9077E-5
6,8223E-5
6,7287E-5
6,972E-5
8,567E-5
6,4441E-5
6,2926E-5
6,2319E-5
6,7107E-5
6,9007E-5
6,7847E-5
6,2875E-5
7,0325E-5
6,7489E-5
6,9843E-5
6,9397E-5
6,8871E-5
6,8159E-5
6,234E-5
6,7563E-5
7,2107E-5
6,7665E-5
9,2335E-5
1,20628E-4
9,6609E-5
6,9477E-5
6,9145E-5
6,4555E-5
7,2822E-5
7,0486E-5
8,1702E-5
6,9242E-5
6,3796E-5
6,7987E-5
6,8051E-5
7,5872E-5
7,2766E-5
7,8951E-5
6,8917E-5
6,972E-5
6,4937E-5
6,8469E-5
6,8883E-5
6,8603E-5
6,9664E-5
6,8486E-5
7,3224E-5
9,2204E-5
7,1536E-5
1,29553E-4
1,17878E-4
9,2371E-5
1,0524E-4
9,0373E-5
6,4414E-5
6,2181E-5
6,5211E-5
6,6541E-5
6,744E-5
6,8907E-5
8,1718E-5
6,8468E-5
6,554E-5
6,4713E-5
6,8105E-5
6,2188E-5
6,9411E-5
6,5698E-5
6,4054E-5
7,1718E-5
7,0404E-5
6,3965E-5
6,3991E-5
6,9481E-5
7,0285E-5
6,9304E-5
6,8642E-5
7,1675E-5
7,3192E-5
6,402E-5
6,5385E-5
6,2252E-5
6,3846E-5
7,5243E-5
7,5915E-5
6,2855E-5
6,5631E-5
6,3702E-5
6,8778E-5
6,6736E-5
6,4493E-5
6,8089E-5
7,7197E-5
7,4098E-5
7,047E-5
6,9532E-5
6,7289E-5
6,8328E-5
7,4516E-5
6,3772E-5
8,3748E-5
6,9701E-5
6,879E-5
6,8202E-5
6,8583E-5
6,8854E-5
6,81E-5
1,03317E-4
9,3056E-5
7,6817E-5
6,8961E-5
6,7123E-5
6,3155E-5
6,1951E-5
6,2743E-5
7,404E-5
7,0164E-5
9,0568E-5
6,3852E-5
6,4431E-5
7,9379E-5
7,1848E-5
6,6734E-5
7,0762E-5
7,0748E-5
6,8696E-5
6,9751E-5
6,7794E-5
6,889E-5
6,5271E-5
7,4132E-5
7,1987E-5
6,773E-5
6,1772E-5
6,2284E-5
6,5438E-5
8,5725E-5
6,6743E-5
6,5149E-5
6,8032E-5
6,8684E-5
6,7779E-5
6,1813E-5
6,8478E-5
6,3898E-5
6,2552E-5
7,0173E-5
6,8744E-5
6,552E-5
6,4935E-5
6,4418E-5
6,6794E-5
6,8755E-5
6,5772E-5
6,9295E-5
7,1792E-5
6,8902E-5
6,7971E-5
6,9859E-5
6,7878E-5
6,8633E-5
7,6011E-5
6,878E-5
7,0373E-5
6,8443E-5
7,1945E-5
6,8505E-5
7,0998E-5
6,8762E-5
6,9984E-5
8,4059E-5
6,8258E-5
7,1321E-5
6,8745E-5
6,7225E-5
6,9251E-5
6,8809E-5
6,8514E-5
6,9375E-5
6,5849E-5
6,928E-5
7,068E-5
7,222E-5
6,8333E-5
7,0706E-5
6,4068E-5
6,324E-5
6,7846E-5
6,4228E-5
6,8357E-5
6,8006E-5
6,7086E-5
6,2604E-5
6,8769E-5
6,7166E-5
7,166E-5
6,834E-5
6,8593E-5
6,7037E-5
6,8635E-5
7,1849E-5
6,9344E-5
7,3479E-5
8,84E-5
6,442E-5
7,0014E-5
6,9647E-5
6,6453E-5
9,4475E-5
7,5E-5
6,7714E-5
7,2421E-5
7,4111E-5
9,8929E-5
8,9866E-5
8,3144E-5
9,3188E-5
8,6123E-5
7,1786E-5
1,02936E-4
9,7818E-5
7,4493E-5
6,843E-5
1,00573E-4
6,8654E-5
6,9395E-5
6,9126E-5
7,0725E-5
7,2575E-5
7,083E-5
6,199E-5
6,2439E-5
6,9768E-5
6,7888E-5
6,7626E-5
6,3783E-5
6,7008E-5
8,5103E-5
6,4369E-5
7,191E-5
6,4159E-5
6,1663E-5
6,2429E-5
6,8239E-5
6,8929E-5
6,3999E-5
6,1908E-5
6,9435E-5
6,828E-5
6,5926E-5
6,1733E-5
7,1925E-5
6,867E-5
6,3577E-5
6,2177E-5
6,8385E-5
7,0612E-5
6,6957E-5
6,2076E-5
6,8362E-5
6,8737E-5
8,8888E-5
6,8558E-5
6,6661E-5
6,6187E-5
6,7698E-5
6,3113E-5
6,1567E-5
6,0789E-5
6,9914E-5
6,9258E-5
6,8561E-5
6,7287E-5
7,3731E-5
6,9079E-5
6,8855E-5
6,2702E-5
7,4046E-5
6,6847E-5
6,8137E-5
7,7576E-5
6,3591E-5
6,7168E-5
6,7829E-5
6,4881E-5
7,2282E-5
6,9596E-5
7,601E-5
6,3863E-5
6,8749E-5
7,6455E-5
6,4741E-5
6,4466E-5
6,8819E-5
6,9044E-5
6,8537E-5
7,1253E-5
7,3188E-5
6,4847E-5
6,6613E-5
6,8973E-5
6,8E-5
6,9175E-5
7,0591E-5
6,8592E-5
7,0749E-5
7,0171E-5
7,0571E-5
6,3022E-5
6,9841E-5
1,01589E-4
1,38771E-4
1,29667E-4
1,06159E-4
7,9763E-5
9,4464E-5
1,00044E-4
1,26955E-4
8,3165E-5
9,7476E-5
1,02946E-4
6,3484E-5
1,05595E-4
1,41767E-4
1,27702E-4
8,3866E-5
7,9238E-5
6,3363E-5
6,6433E-5
8,6287E-5
6,3302E-5
6,4629E-5
7,9723E-5
6,3466E-5
6,4501E-5
7,1245E-5
7,0252E-5
6,9989E-5
6,2988E-5
6,1798E-5
6,3785E-5
6,2515E-5
6,2096E-5
7,096E-5
6,9173E-5
6,8275E-5
6,933E-5
1,18352E-4
1,00426E-4
1,06394E-4
1,05204E-4
1,07348E-4
1,11028E-4
6,4832E-5
7,5889E-5
1,51585E-4
9,8631E-5
9,337E-5
8,602E-5
7,8603E-5
9,9806E-5
1,01973E-4
9,5645E-5
7,3018E-5
6,3665E-5
6,3522E-5
6,2686E-5
6,734E-5
6,749E-5
6,2187E-5
6,8238E-5
6,8339E-5
7,607E-5
6,6032E-5
6,4276E-5
7,5628E-5
6,8321E-5
7,737E-5
6,4644E-5
6,1884E-5
6,5644E-5
6,7326E-5
6,7035E-5
6,1926E-5
6,8593E-5
6,387E-5
6,2077E-5
6,7289E-5
6,8667E-5
6,7555E-5
6,6754E-5
6,0605E-5
7,7118E-5
6,2236E-5
6,4055E-5
7,4958E-5
9,9692E-5
6,72E-5
6,5361E-5
6,1579E-5
8,0938E-5
7,7376E-5
7,0882E-5
7,2606E-5
6,9369E-5
6,9182E-5
7,0599E-5
6,8512E-5
6,9128E-5
6,8126E-5
6,794E-5
6,1814E-5
6,3636E-5
6,4836E-5
6,9039E-5
6,8939E-5
6,7035E-5
6,3199E-5
6,202E-5
7,0093E-5
7,817E-5
6,9462E-5
6,1377E-5
6,2461E-5
6,8423E-5
6,9415E-5
7,0212E-5
6,9025E-5
7,7827E-5
8,7808E-5
6,8507E-5
6,8791E-5
6,6988E-5
6,9286E-5
6,7718E-5
6,7634E-5
6,81E-5
6,2198E-5
6,1622E-5
7,8083E-5
7,9651E-5
6,5691E-5
9,0089E-5
6,5112E-5
6,1232E-5
6,1803E-5
6,4267E-5
6,3286E-5
7,3008E-5
7,0319E-5
6,8989E-5
7,7021E-5
7,062E-5
6,9431E-5
6,4662E-5
6,8764E-5
6,9929E-5
6,8296E-5
6,977E-5
6,3176E-5
6,9128E-5
1,22534E-4
6,8918E-5
6,5346E-5
8,2426E-5
6,1789E-5
6,2593E-5
7,3977E-5
6,3438E-5
6,5266E-5
6,3163E-5
6,8542E-5
6,965E-5
7,1502E-5
6,859E-5
7,4529E-5
7,2184E-5
6,9922E-5
6,7892E-5
6,7947E-5
6,8097E-5
6,1543E-5
6,3079E-5
6,8075E-5
6,4126E-5
6,0584E-5
6,3511E-5
6,1981E-5
7,0624E-5
6,7015E-5
6,2737E-5
6,3335E-5
6,9184E-5
6,8407E-5
7,0392E-5
6,8932E-5
6,7939E-5
6,9318E-5
6,3211E-5
6,5091E-5
6,8416E-5
6,9768E-5
6,7279E-5
6,7338E-5
6,7054E-5
7,1602E-5
6,986E-5
6,9136E-5
6,8219E-5
6,5736E-5
6,7845E-5
6,9947E-5
7,3562E-5
6,4004E-5
6,2008E-5
6,3219E-5
6,5188E-5
6,6981E-5
6,3844E-5
6,8936E-5
6,9844E-5
6,8268E-5
6,8257E-5
6,9704E-5
8,5837E-5
6,6282E-5
6,9699E-5
6,9711E-5
7,2734E-5
6,8251E-5
6,3804E-5
6,9164E-5
6,8619E-5
6,6981E-5
6,8722E-5
6,8926E-5
6,8182E-5
6,7972E-5
7,1853E-5
6,9023E-5
6,3347E-5
6,2224E-5
7,1946E-5
6,2864E-5
6,3493E-5
6,1878E-5
6,2985E-5
6,8076E-5
6,9457E-5
7,0301E-5
6,8534E-5
6,7413E-5
6,8738E-5
7,3625E-5
6,9624E-5
6,962E-5
6,8372E-5
6,9276E-5
6,8866E-5
6,9679E-5
6,3768E-5
6,7882E-5
7,0908E-5
7,034E-5
6,4422E-5
6,6982E-5
7,1101E-5
6,8213E-5
6,3789E-5
6,3126E-5
6,9713E-5
6,8288E-5
6,8011E-5
7,4282E-5
6,318E-5
6,7761E-5
6,9827E-5
7,026E-5
7,2358E-5
7,0176E-5
6,9939E-5
6,8286E-5
6,3613E-5
6,7642E-5
6,4802E-5
7,7726E-5
6,2094E-5
6,5791E-5
6,2752E-5
7,5169E-5
6,4872E-5
7,0479E-5
6,3778E-5
6,1676E-5
7,3444E-5
6,8931E-5
6,4013E-5
6,8642E-5
7,4648E-5
8,0016E-5
7,0468E-5
7,0528E-5
6,8792E-5
6,9854E-5
6,9453E-5
7,3579E-5
7,8802E-5
6,9258E-5
6,1431E-5
6,5419E-5
6,3241E-5
7,0997E-5
6,3438E-5
6,5409E-5
6,2272E-5
7,6702E-5
6,4862E-5
6,4993E-5
7,03E-5
6,9124E-5
6,7311E-5
6,7798E-5
6,8754E-5
6,6572E-5
6,7948E-5
6,404E-5
6,4887E-5
6,7616E-5
6,1462E-5
6,9078E-5
7,0283E-5
7,0074E-5
7,7046E-5
6,3925E-5
7,0639E-5
6,8582E-5
6,7443E-5
8,0593E-5
6,8986E-5
6,8619E-5
6,6847E-5
6,7244E-5
6,8509E-5
6,964E-5
7,0249E-5
7,1488E-5
6,912E-5
7,0976E-5
7,7742E-5
6,9497E-5
6,7394E-5
6,7508E-5
6,4214E-5
6,2885E-5
6,8393E-5
7,8119E-5
6,9995E-5
6,6368E-5
6,8364E-5
6,7574E-5
6,5961E-5
6,7993E-5
6,703E-5
6,4452E-5
6,1966E-5
7,2671E-5
8,6924E-5
7,4014E-5
6,3353E-5
6,2848E-5
6,7757E-5
7,1169E-5
6,6853E-5
6,2578E-5
6,9364E-5
6,8577E-5
6,859E-5
7,1475E-5
6,6949E-5
6,565E-5
6,8789E-5
7,1031E-5
6,9774E-5
6,9326E-5
6,3547E-5
7,3138E-5
6,9583E-5
6,8491E-5
6,9709E-5
6,801E-5
1,10571E-4
1,03706E-4
2,25258E-4
6,2065E-5
6,4225E-5
6,1691E-5
6,8908E-5
7,9572E-5
8,5032E-5
6,8326E-5
6,9221E-5
6,9275E-5
6,9781E-5
6,6201E-5
6,5033E-5
6,3929E-5
6,3574E-5
6,2276E-5
1,10231E-4
1,14112E-4
7,5314E-5
7,1286E-5
8,1728E-5
6,8783E-5
7,0703E-5
7,0504E-5
6,9258E-5
7,0752E-5
7,342E-5
8,5E-5
1,59918E-4
1,79473E-4
6,3497E-5
6,3409E-5
6,8871E-5
6,886E-5
7,5593E-5
6,7961E-5
6,9423E-5
6,8183E-5
6,8329E-5
6,2297E-5
6,2199E-5
6,2343E-5
6,3609E-5
6,4738E-5
6,3767E-5
6,6806E-5
6,1964E-5
6,1661E-5
1,00241E-4
8,6611E-5
1,17976E-4
6,8696E-5
6,389E-5
6,3084E-5
7,0683E-5
8,926E-5
7,2483E-5
6,8615E-5
6,3737E-5
6,2776E-5
6,927E-5
6,3474E-5
8,5715E-5
6,6422E-5
6,8295E-5
7,0086E-5
6,784E-5
6,385E-5
6,7395E-5
8,2729E-5
6,0604E-5
6,217E-5
6,4553E-5
6,2253E-5
6,645E-5
9,2146E-5
6,9546E-5
6,2904E-5
6,9673E-5
6,2385E-5
6,2475E-5
6,4457E-5
6,2783E-5
6,2522E-5
6,6424E-5
6,8827E-5
6,9746E-5
6,8806E-5
6,5967E-5
6,7212E-5
6,2703E-5
6,2114E-5
6,3885E-5
6,2665E-5
7,6838E-5
6,8298E-5
6,8213E-5
6,8781E-5
6,2099E-5
7,0207E-5
7,0175E-5
6,9489E-5
9,3446E-5
6,2191E-5
6,6572E-5
8,5824E-5
6,9259E-5
6,7084E-5
6,3098E-5
8,3622E-5
6,5694E-5
6,2605E-5
7,3054E-5
6,8913E-5
7,0637E-5
7,4855E-5
7,0955E-5
6,5243E-5
6,5199E-5
6,4925E-5
6,4737E-5
7,207E-5
7,0601E-5
6,8794E-5
6,2481E-5
6,5167E-5
6,3418E-5
6,849E-5
6,4864E-5
6,3364E-5
6,187E-5
6,301E-5
6,8732E-5
7,0127E-5
6,917E-5
6,8494E-5
7,1029E-5
6,9509E-5
6,5426E-5
6,4495E-5
6,9655E-5
6,8378E-5
6,2517E-5
6,4524E-5
6,637E-5
7,0933E-5
6,3671E-5
6,5702E-5
6,5368E-5
6,9762E-5
6,4319E-5
6,8899E-5
6,8994E-5
6,8273E-5
7,8732E-5
6,9491E-5
6,7541E-5
6,9383E-5
7,041E-5
6,7627E-5
6,9077E-5
6,2649E-5
6,9189E-5
7,2587E-5
6,9485E-5
6,9486E-5
6,9279E-5
6,1263E-5
6,1823E-5
6,1553E-5
6,5198E-5
7,2808E-5
6,3924E-5
6,3787E-5
6,9114E-5
6,3786E-5
6,2784E-5
6,9215E-5
1,33475E-4
6,0908E-5
6,488E-5
7,2882E-5
6,9179E-5
7,9915E-5
6,8273E-5
6,1599E-5
6,2135E-5
6,3025E-5
6,7667E-5
7,0017E-5
7,0823E-5
1,34982E-4
6,715E-5
6,574E-5
6,2583E-5
6,9114E-5
9,1213E-5
6,9846E-5
6,7313E-5
6,9697E-5
6,3374E-5
6,486E-5
7,3148E-5
7,8122E-5
6,9271E-5
6,8562E-5
6,8456E-5
6,8378E-5
7,1534E-5
6,4287E-5
1,06494E-4
6,6177E-5
1,13674E-4
9,8108E-5
1,01171E-4
7,461E-5
1,29726E-4
6,3753E-5
6,4037E-5
7,012E-5
7,795E-5
6,7842E-5
7,3056E-5
6,4116E-5
6,2812E-5
7,2603E-5
6,4808E-5
6,7097E-5
6,2214E-5
6,8193E-5
6,9823E-5
7,8429E-5
7,0697E-5
7,0247E-5
7,8139E-5
7,0711E-5
6,8698E-5
6,8814E-5
6,8053E-5
6,441E-5
6,2924E-5
6,9639E-5
6,9975E-5
8,7975E-5
6,9898E-5
8,1721E-5
6,8857E-5
6,9102E-5
6,3814E-5
7,7033E-5
6,961E-5
6,9036E-5
6,7628E-5
6,7668E-5
6,7242E-5
6,2153E-5
6,8582E-5
6,6527E-5
6,8859E-5
6,6017E-5
7,3544E-5
8,5438E-5
6,9018E-5
6,804E-5
6,7648E-5
7,2463E-5
7,1143E-5
7,064E-5
6,3558E-5
6,9824E-5
7,8996E-5
7,7474E-5
7,0483E-5
7,7598E-5
7,2503E-5
6,905E-5
6,2351E-5
6,8951E-5
6,9246E-5
7,2185E-5
7,1201E-5
7,7722E-5
6,3153E-5
7,3339E-5
6,9096E-5
7,0262E-5
6,8002E-5
7,5798E-5
6,8597E-5
7,0192E-5
7,179E-5
6,9256E-5
7,0277E-5
7,1334E-5
6,9245E-5
6,9756E-5
6,8837E-5
6,3974E-5
6,6873E-5
6,9741E-5
6,8362E-5
6,8103E-5
6,9293E-5
7,1661E-5
7,004E-5
7,5002E-5
6,8981E-5
6,3348E-5
6,8885E-5
6,8348E-5
7,0517E-5
7,1352E-5
6,9302E-5
7,5705E-5
8,2794E-5
8,1734E-5
6,7757E-5
6,0949E-5
6,9155E-5
6,9638E-5
6,2971E-5
6,5876E-5
6,2795E-5
6,287E-5
6,314E-5
6,3606E-5
6,3178E-5
6,295E-5
6,3924E-5
6,8606E-5
6,453E-5
6,4764E-5
7,8354E-5
6,6654E-5
7,1038E-5
6,9376E-5
6,9427E-5
9,3468E-5
6,9322E-5
6,7956E-5
6,2679E-5
6,3445E-5
6,2472E-5
6,9663E-5
6,7876E-5
7,1632E-5
6,7556E-5
6,26E-5
6,439E-5
6,435E-5
6,3791E-5
6,2169E-5
6,7942E-5
6,9525E-5
6,2809E-5
7,2026E-5
6,5478E-5
6,8357E-5
6,9201E-5
6,8989E-5
7,5361E-5
6,4707E-5
6,5762E-5
6,8688E-5
7,0168E-5
6,7018E-5
7,301E-5
6,3739E-5
6,2985E-5
1,05474E-4
6,8765E-5
8,5917E-5
6,8999E-5
1,34518E-4
6,1998E-5
6,8331E-5
6,2851E-5
6,8586E-5
7,8227E-5
6,9146E-5
6,8932E-5
6,9309E-5
7,4174E-5
7,0628E-5
6,8151E-5
6,8796E-5
6,813E-5
6,8195E-5
6,8112E-5
6,4348E-5
7,0962E-5
7,6134E-5
7,695E-5
6,8101E-5
6,9291E-5
6,2082E-5
6,2592E-5
7,9805E-5
6,4776E-5
6,4832E-5
6,3614E-5
6,8142E-5
6,9165E-5
6,3152E-5
6,2638E-5
8,2802E-5
7,5254E-5
6,8963E-5
6,8515E-5
6,7735E-5
8,0242E-5
6,8277E-5
6,4475E-5
6,7527E-5
6,5639E-5
6,7863E-5
6,8138E-5
6,9393E-5
6,9057E-5
6,6302E-5
6,8838E-5
8,5524E-5
6,9134E-5
6,888E-5
6,3809E-5
6,7743E-5
6,452E-5
8,259E-5
6,2968E-5
6,153E-5
7,1728E-5
7,2637E-5
7,016E-5
8,3533E-5
7,1016E-5
6,9681E-5
6,9458E-5
6,2633E-5
6,7825E-5
6,7519E-5
6,7622E-5
7,1289E-5
6,9783E-5
6,8493E-5
6,8599E-5
7,004E-5
6,8576E-5
7,3077E-5
6,145E-5
6,3699E-5
6,3999E-5
6,3388E-5
6,2691E-5
6,3096E-5
6,8882E-5
6,9389E-5
7,1606E-5
6,293E-5
6,9575E-5
6,4675E-5
7,9607E-5
6,7973E-5
6,8079E-5
9,107E-5
8,3624E-5
7,5781E-5
6,8384E-5
6,9699E-5
6,8428E-5
1,15642E-4
1,14694E-4
1,25397E-4
1,13654E-4
1,14322E-4
1,17028E-4
1,60688E-4
1,3555E-4
1,77676E-4
1,27374E-4
1,16806E-4
1,2083E-4
1,10438E-4
1,16282E-4
1,31168E-4
1,28614E-4
7,1567E-5
7,9752E-5
6,4724E-5
6,5001E-5
6,8567E-5
6,8844E-5
6,852E-5
7,508E-5
6,861E-5
6,2546E-5
6,3517E-5
6,9095E-5
6,7371E-5
6,1654E-5
6,979E-5
6,2257E-5
6,2315E-5
6,9096E-5
6,8877E-5
6,8525E-5
6,781E-5
6,7717E-5
7,3837E-5
6,1633E-5
6,8419E-5
6,2902E-5
7,5052E-5
6,7934E-5
6,1122E-5
6,5635E-5
8,7996E-5
6,5177E-5
6,8078E-5
8,0397E-5
6,4545E-5
7,04E-5
7,3959E-5
6,2226E-5
6,4173E-5
6,2493E-5
6,7416E-5
6,9164E-5
6,8823E-5
6,8718E-5
6,2771E-5
6,8398E-5
6,2378E-5
6,1397E-5
6,4364E-5
6,2524E-5
6,812E-5
6,8843E-5
6,2859E-5
6,7027E-5
1,11599E-4
6,3751E-5
6,9713E-5
6,8123E-5
1,08132E-4
1,03293E-4
6,607E-5
1,08705E-4
8,5652E-5
7,3838E-5
1,0166E-4
6,3521E-5
7,2537E-5
9,5184E-5
6,4219E-5
6,9011E-5
6,2329E-5
1,06717E-4
6,8297E-5
7,5866E-5
6,786E-5
8,0476E-5
7,3086E-5
6,7293E-5
6,295E-5
1,01893E-4
7,0458E-5
6,712E-5
7,5486E-5
8,1328E-5
6,7087E-5
1,05045E-4
6,5932E-5
6,8739E-5
6,9393E-5
1,12127E-4
6,8391E-5
6,7876E-5
6,8965E-5
6,9753E-5
6,8353E-5
