7,0065E-5
6,7602E-5
7,2251E-5
6,9189E-5
6,6757E-5
7,0134E-5
6,7733E-5
6,7276E-5
6,8143E-5
6,9822E-5
7,2756E-5
6,7423E-5
6,3309E-5
6,9383E-5
6,9413E-5
6,2881E-5
6,7516E-5
6,6482E-5
6,7204E-5
6,443E-5
6,7478E-5
6,7866E-5
7,6658E-5
6,3096E-5
6,9566E-5
7,0928E-5
6,6516E-5
6,8316E-5
6,9927E-5
6,8884E-5
6,8601E-5
6,4022E-5
8,1277E-5
6,8336E-5
6,2878E-5
7,1008E-5
6,4141E-5
6,7966E-5
6,8813E-5
8,0509E-5
6,9969E-5
6,8288E-5
6,3048E-5
6,9096E-5
6,916E-5
6,8511E-5
6,3789E-5
7,1374E-5
6,9963E-5
6,9176E-5
6,8072E-5
6,7841E-5
6,7306E-5
6,7246E-5
6,9404E-5
6,9477E-5
7,0784E-5
6,2558E-5
6,3086E-5
6,2398E-5
6,6867E-5
8,6013E-5
6,7335E-5
6,1881E-5
6,6895E-5
6,6386E-5
6,9955E-5
6,3011E-5
6,3515E-5
6,7916E-5
6,6814E-5
6,4555E-5
6,2445E-5
6,084E-5
7,2498E-5
6,1965E-5
6,4117E-5
7,8872E-5
6,7945E-5
6,8951E-5
6,3608E-5
6,8817E-5
6,8471E-5
6,9948E-5
7,185E-5
6,7972E-5
6,8879E-5
6,7104E-5
6,2147E-5
6,5426E-5
6,469E-5
7,011E-5
7,0251E-5
7,0653E-5
6,8478E-5
7,7539E-5
7,7375E-5
9,2159E-5
7,1688E-5
7,7958E-5
9,1002E-5
6,8687E-5
6,8991E-5
7,1135E-5
8,8469E-5
6,2792E-5
6,5188E-5
6,8565E-5
6,7562E-5
6,44E-5
7,144E-5
6,7632E-5
6,8545E-5
6,9948E-5
6,8366E-5
6,8639E-5
7,4978E-5
6,8633E-5
6,5052E-5
6,8529E-5
6,2904E-5
6,2372E-5
7,6119E-5
6,9345E-5
7,1462E-5
7,3794E-5
6,9078E-5
7,1523E-5
6,482E-5
6,7109E-5
1,2889E-4
8,7269E-5
6,9092E-5
7,231E-5
6,849E-5
6,33E-5
6,3444E-5
6,404E-5
6,8992E-5
7,0569E-5
6,8032E-5
6,8451E-5
6,9098E-5
7,199E-5
6,7297E-5
6,9464E-5
6,8762E-5
6,8357E-5
7,0574E-5
7,0201E-5
7,0205E-5
8,2741E-5
6,7774E-5
6,8867E-5
6,9319E-5
6,295E-5
1,07806E-4
1,12319E-4
8,0795E-5
6,7005E-5
6,5707E-5
7,0519E-5
7,0426E-5
7,2078E-5
1,18531E-4
7,0502E-5
6,8283E-5
6,8377E-5
6,174E-5
6,324E-5
6,9012E-5
6,9385E-5
7,2826E-5
7,4182E-5
6,2055E-5
6,1801E-5
6,4939E-5
6,3193E-5
6,8966E-5
6,9429E-5
6,2386E-5
6,8602E-5
6,159E-5
6,8649E-5
6,3169E-5
6,9623E-5
6,7791E-5
6,9033E-5
6,8535E-5
6,4161E-5
7,2554E-5
6,9642E-5
6,9138E-5
6,3195E-5
6,266E-5
6,3557E-5
7,7281E-5
6,3789E-5
6,8815E-5
6,9205E-5
6,7235E-5
6,807E-5
6,9605E-5
6,7493E-5
7,82E-5
6,2553E-5
6,9033E-5
6,9402E-5
7,9601E-5
7,8293E-5
7,1401E-5
6,1713E-5
6,3236E-5
7,0147E-5
7,0438E-5
6,8531E-5
6,2479E-5
6,971E-5
7,0141E-5
7,0771E-5
6,2485E-5
6,5478E-5
6,9813E-5
6,9399E-5
6,2463E-5
6,3211E-5
6,9507E-5
6,7984E-5
6,309E-5
1,01095E-4
6,2808E-5
6,2863E-5
6,7481E-5
7,0432E-5
6,1718E-5
6,5253E-5
7,0343E-5
6,9859E-5
1,28896E-4
1,27129E-4
1,43347E-4
1,21946E-4
1,26756E-4
1,19773E-4
1,25513E-4
6,8112E-5
6,9984E-5
7,0011E-5
6,9535E-5
6,3111E-5
6,8437E-5
6,1715E-5
7,1968E-5
6,9233E-5
6,7991E-5
6,812E-5
6,994E-5
6,8286E-5
6,383E-5
7,0658E-5
7,2349E-5
7,0333E-5
7,0084E-5
6,8997E-5
6,9648E-5
6,5356E-5
6,8381E-5
6,9697E-5
6,3014E-5
6,8236E-5
6,2589E-5
6,8544E-5
6,3396E-5
6,3765E-5
6,2782E-5
7,3949E-5
6,9775E-5
6,8515E-5
6,7201E-5
6,2051E-5
9,4E-5
7,2151E-5
9,8227E-5
7,5113E-5
8,9565E-5
1,17848E-4
6,8422E-5
8,796E-5
9,6429E-5
1,34676E-4
9,2049E-5
9,1308E-5
8,5028E-5
1,14972E-4
1,19586E-4
1,4627E-4
6,82E-5
6,8967E-5
6,7117E-5
6,8519E-5
6,9205E-5
6,6125E-5
6,2664E-5
6,396E-5
6,8086E-5
7,0436E-5
6,0564E-5
6,4479E-5
7,0013E-5
6,7048E-5
6,1828E-5
6,4607E-5
7,3112E-5
6,7755E-5
6,1914E-5
6,3076E-5
6,8985E-5
6,6013E-5
6,6335E-5
6,3166E-5
7,7401E-5
7,6882E-5
6,1641E-5
6,5335E-5
6,9632E-5
6,9382E-5
6,3618E-5
7,091E-5
7,1592E-5
6,8435E-5
6,4931E-5
7,0681E-5
6,7297E-5
6,6227E-5
6,2595E-5
7,6859E-5
6,9291E-5
7,7407E-5
9,0439E-5
8,6786E-5
7,8205E-5
7,0892E-5
1,1057E-4
7,8262E-5
1,38016E-4
7,0031E-5
6,4048E-5
6,8145E-5
7,279E-5
6,8391E-5
6,7552E-5
6,1656E-5
1,04757E-4
1,14837E-4
1,23434E-4
1,23229E-4
1,34683E-4
1,27068E-4
1,23213E-4
1,1387E-4
6,9434E-5
6,4086E-5
6,5633E-5
6,0788E-5
6,9597E-5
7,3221E-5
6,2053E-5
6,9949E-5
6,7315E-5
6,7718E-5
6,8006E-5
7,0052E-5
6,4465E-5
6,9792E-5
6,9E-5
7,298E-5
7,0088E-5
7,066E-5
6,9684E-5
6,3562E-5
6,6893E-5
6,7456E-5
6,8112E-5
6,8345E-5
6,9141E-5
8,5189E-5
6,406E-5
6,5177E-5
6,8714E-5
6,8624E-5
6,5688E-5
6,968E-5
7,4384E-5
6,7362E-5
6,9209E-5
7,1179E-5
6,992E-5
6,2953E-5
6,2479E-5
6,7891E-5
6,2815E-5
6,8863E-5
6,8826E-5
6,3724E-5
6,8687E-5
6,4348E-5
6,3524E-5
6,138E-5
6,9069E-5
6,2767E-5
6,9056E-5
6,9888E-5
7,0138E-5
6,3324E-5
1,17697E-4
6,2044E-5
6,7615E-5
6,8867E-5
6,6571E-5
7,0062E-5
6,7885E-5
6,7907E-5
6,883E-5
6,3559E-5
6,4773E-5
6,3193E-5
6,5638E-5
6,6377E-5
6,7062E-5
7,0143E-5
7,3229E-5
7,1418E-5
6,8961E-5
6,2613E-5
6,2148E-5
6,7886E-5
7,8809E-5
7,3456E-5
6,9635E-5
6,829E-5
6,4763E-5
6,5157E-5
6,3818E-5
8,5039E-5
6,4305E-5
6,497E-5
6,2646E-5
6,1209E-5
8,3948E-5
7,0526E-5
6,2803E-5
6,883E-5
7,7744E-5
6,8436E-5
6,9005E-5
6,7571E-5
6,8796E-5
6,9658E-5
6,9276E-5
7,0286E-5
6,7946E-5
6,8212E-5
6,1541E-5
6,8737E-5
6,9052E-5
7,0327E-5
6,7251E-5
6,8871E-5
7,114E-5
6,9691E-5
6,2599E-5
6,6697E-5
6,1709E-5
6,7103E-5
7,3369E-5
6,8893E-5
1,17214E-4
1,30363E-4
1,19683E-4
1,22865E-4
1,21436E-4
1,15825E-4
1,19807E-4
1,23958E-4
1,19627E-4
1,22235E-4
6,4153E-5
7,041E-5
7,2821E-5
6,2279E-5
6,8274E-5
6,8846E-5
6,5159E-5
6,5937E-5
6,8933E-5
7,0286E-5
7,0992E-5
6,8653E-5
6,9063E-5
6,7621E-5
6,8077E-5
6,9297E-5
6,8034E-5
6,9361E-5
7,2602E-5
6,3068E-5
1,4775E-4
6,9668E-5
6,6982E-5
6,2985E-5
6,342E-5
6,4955E-5
6,9391E-5
6,7985E-5
6,9365E-5
6,9317E-5
6,7368E-5
6,8672E-5
6,8888E-5
7,5001E-5
6,1854E-5
6,8209E-5
6,6987E-5
6,8942E-5
6,9266E-5
6,9226E-5
6,8736E-5
6,8513E-5
6,8542E-5
6,8566E-5
7,0172E-5
8,3367E-5
6,3439E-5
6,3625E-5
6,8794E-5
6,2413E-5
6,9229E-5
6,2916E-5
6,3487E-5
7,6645E-5
6,1735E-5
6,3972E-5
6,6693E-5
6,2537E-5
6,3295E-5
6,6355E-5
6,3903E-5
6,907E-5
7,0498E-5
6,9231E-5
6,9145E-5
6,9436E-5
6,8469E-5
6,4952E-5
6,6211E-5
7,5454E-5
7,7488E-5
6,9126E-5
6,7552E-5
6,6619E-5
6,8257E-5
6,8436E-5
6,9833E-5
6,9527E-5
1,19043E-4
6,4585E-5
7,4642E-5
6,3255E-5
7,0202E-5
6,3141E-5
6,3089E-5
6,408E-5
6,5006E-5
6,5328E-5
6,7324E-5
7,1942E-5
6,2309E-5
7,052E-5
7,0856E-5
7,1673E-5
6,8411E-5
6,8979E-5
7,0113E-5
6,3794E-5
6,9268E-5
7,387E-5
7,1693E-5
7,1328E-5
6,8125E-5
6,9025E-5
6,6629E-5
6,9931E-5
6,6957E-5
6,7315E-5
6,2118E-5
6,3043E-5
6,344E-5
6,6182E-5
6,316E-5
6,5282E-5
7,0013E-5
6,9519E-5
6,9947E-5
7,1698E-5
7,0279E-5
6,84E-5
6,9787E-5
6,9576E-5
6,3192E-5
7,0025E-5
7,002E-5
6,7733E-5
7,2439E-5
6,3017E-5
6,5624E-5
6,7737E-5
6,3507E-5
6,3738E-5
6,6359E-5
6,8826E-5
6,9348E-5
6,8572E-5
7,0476E-5
6,8259E-5
8,529E-5
6,8381E-5
6,4014E-5
7,0036E-5
6,917E-5
6,885E-5
6,4879E-5
6,9351E-5
6,8632E-5
6,8743E-5
6,2213E-5
6,2891E-5
6,5917E-5
6,9905E-5
6,9495E-5
6,0414E-5
1,19914E-4
1,15062E-4
1,18395E-4
1,30724E-4
1,24933E-4
1,31608E-4
1,43399E-4
1,26385E-4
1,22797E-4
1,2134E-4
1,21452E-4
6,8478E-5
6,1197E-5
6,2387E-5
7,6138E-5
7,66E-5
6,4401E-5
6,8796E-5
6,9322E-5
6,9539E-5
6,751E-5
6,8425E-5
6,9771E-5
6,2571E-5
6,9049E-5
6,9671E-5
7,1504E-5
7,0294E-5
6,2339E-5
6,8211E-5
6,1834E-5
7,0202E-5
6,4091E-5
6,3705E-5
6,44E-5
6,8905E-5
6,8604E-5
6,9577E-5
6,6776E-5
6,3386E-5
6,2578E-5
6,3592E-5
6,2829E-5
6,2908E-5
6,615E-5
6,9146E-5
6,9845E-5
6,7225E-5
7,0687E-5
6,9492E-5
6,9913E-5
6,8285E-5
6,4776E-5
6,5833E-5
8,106E-5
7,4707E-5
7,7365E-5
6,8154E-5
8,1685E-5
6,1983E-5
8,3076E-5
6,8051E-5
6,3131E-5
6,2888E-5
6,7497E-5
6,872E-5
6,4394E-5
6,2718E-5
6,1918E-5
6,1478E-5
6,1998E-5
7,365E-5
7,0435E-5
6,7344E-5
6,652E-5
6,7525E-5
6,3471E-5
7,1303E-5
6,8389E-5
6,2907E-5
6,7091E-5
6,8457E-5
6,7962E-5
7,4743E-5
6,9568E-5
6,3972E-5
7,4579E-5
6,2721E-5
6,8341E-5
6,7887E-5
6,8156E-5
6,8977E-5
6,9489E-5
6,91E-5
6,5517E-5
6,9918E-5
7,0036E-5
6,2044E-5
6,8841E-5
6,5718E-5
7,5839E-5
6,1652E-5
8,1129E-5
6,7852E-5
6,8277E-5
6,3437E-5
6,9061E-5
7,2483E-5
6,338E-5
6,4528E-5
6,9307E-5
6,9449E-5
6,3467E-5
7,122E-5
8,2658E-5
6,8291E-5
6,6852E-5
7,1957E-5
6,7349E-5
6,8797E-5
6,8972E-5
7,0E-5
6,9596E-5
6,913E-5
6,426E-5
6,5459E-5
6,2513E-5
7,1035E-5
6,3158E-5
6,9585E-5
6,1694E-5
6,9133E-5
6,7387E-5
7,0567E-5
6,7502E-5
6,8623E-5
7,0442E-5
7,074E-5
7,4204E-5
6,8673E-5
6,5039E-5
7,2135E-5
6,7354E-5
6,2231E-5
6,2897E-5
7,4067E-5
6,8872E-5
7,5183E-5
6,5866E-5
6,2473E-5
6,86E-5
7,9468E-5
7,9281E-5
6,9403E-5
7,7834E-5
9,1258E-5
7,9192E-5
6,7741E-5
7,0451E-5
6,3751E-5
6,8878E-5
6,337E-5
7,066E-5
6,4082E-5
6,7269E-5
6,6783E-5
6,4709E-5
7,1178E-5
6,2913E-5
7,275E-5
6,7765E-5
6,9981E-5
7,0916E-5
6,8077E-5
6,7464E-5
6,6432E-5
6,1768E-5
7,5942E-5
6,8255E-5
6,5423E-5
6,8817E-5
6,8088E-5
6,3118E-5
6,2363E-5
6,8148E-5
6,3137E-5
6,4494E-5
6,2678E-5
6,7913E-5
6,2482E-5
6,3843E-5
6,3048E-5
6,7547E-5
7,2799E-5
7,2947E-5
7,0059E-5
6,7472E-5
6,9662E-5
6,6319E-5
6,5406E-5
6,2128E-5
6,4235E-5
6,408E-5
8,3879E-5
6,4989E-5
6,9214E-5
6,814E-5
6,2462E-5
6,609E-5
7,1309E-5
6,7951E-5
7,0496E-5
9,0256E-5
7,2909E-5
6,8486E-5
6,4969E-5
6,7824E-5
6,9055E-5
7,4E-5
7,8528E-5
6,761E-5
6,2925E-5
6,2415E-5
6,291E-5
7,5855E-5
6,8169E-5
6,3164E-5
6,2722E-5
7,0809E-5
6,8645E-5
6,1744E-5
6,2522E-5
6,3085E-5
6,9192E-5
6,6099E-5
6,8498E-5
6,4728E-5
6,8121E-5
6,8071E-5
6,9321E-5
6,4121E-5
6,285E-5
6,3093E-5
7,0448E-5
6,1712E-5
6,9783E-5
6,3494E-5
7,0569E-5
6,9321E-5
7,2263E-5
7,0903E-5
6,9295E-5
6,982E-5
6,9087E-5
6,3213E-5
6,3002E-5
7,1149E-5
6,2516E-5
6,9319E-5
7,4407E-5
6,1998E-5
7,9019E-5
7,0316E-5
6,8802E-5
6,8901E-5
6,9177E-5
7,0373E-5
6,9827E-5
6,8604E-5
6,9184E-5
6,2662E-5
6,2751E-5
6,9783E-5
6,8048E-5
6,8027E-5
7,1237E-5
7,0022E-5
6,9776E-5
6,8808E-5
6,8275E-5
6,8612E-5
7,967E-5
6,855E-5
6,9597E-5
7,4424E-5
6,9415E-5
6,2364E-5
6,228E-5
6,8655E-5
6,3404E-5
6,9768E-5
6,9582E-5
6,337E-5
6,2598E-5
6,7056E-5
6,8619E-5
6,7773E-5
6,7253E-5
6,2512E-5
6,9987E-5
6,8348E-5
6,1852E-5
6,4012E-5
7,4495E-5
6,8768E-5
6,8799E-5
6,9915E-5
7,3013E-5
6,3166E-5
6,3498E-5
8,0284E-5
6,4353E-5
6,3955E-5
6,8638E-5
9,2461E-5
6,7771E-5
6,1799E-5
6,2606E-5
6,2477E-5
7,6041E-5
7,9011E-5
8,8043E-5
7,0647E-5
6,7318E-5
6,3593E-5
6,0589E-5
6,7139E-5
6,7878E-5
6,2974E-5
6,791E-5
6,324E-5
6,8058E-5
7,1215E-5
7,2523E-5
6,1055E-5
7,9034E-5
6,7811E-5
7,3185E-5
6,2139E-5
9,3584E-5
6,8284E-5
7,0619E-5
7,6423E-5
6,1928E-5
6,7869E-5
7,8267E-5
8,2135E-5
6,6668E-5
7,5699E-5
6,8741E-5
6,2713E-5
6,2918E-5
8,2307E-5
9,656E-5
7,9609E-5
6,9074E-5
6,2139E-5
6,5763E-5
1,07037E-4
6,8261E-5
1,1121E-4
9,5719E-5
8,0111E-5
9,8868E-5
1,14187E-4
1,21907E-4
6,9336E-5
7,8921E-5
6,9284E-5
7,1011E-5
1,12021E-4
8,548E-5
8,1501E-5
7,4374E-5
1,10045E-4
1,2149E-4
1,0933E-4
7,811E-5
1,33039E-4
7,8753E-5
8,7045E-5
6,7762E-5
6,9105E-5
6,9835E-5
8,8396E-5
6,9836E-5
7,0005E-5
6,8148E-5
6,7124E-5
6,8354E-5
6,9126E-5
6,7357E-5
7,1526E-5
6,85E-5
6,8158E-5
7,1803E-5
7,2475E-5
6,1505E-5
6,5768E-5
6,6782E-5
6,3926E-5
8,9794E-5
7,2698E-5
7,1201E-5
6,3254E-5
6,4584E-5
6,2693E-5
6,2108E-5
6,7744E-5
6,2802E-5
6,3566E-5
6,6095E-5
6,3761E-5
6,4944E-5
6,4771E-5
6,3254E-5
6,3014E-5
6,2201E-5
6,2837E-5
6,3405E-5
7,0691E-5
6,9095E-5
8,684E-5
6,975E-5
6,7192E-5
7,5545E-5
6,8764E-5
6,2706E-5
7,1376E-5
6,4814E-5
7,2617E-5
7,1469E-5
7,0133E-5
6,9685E-5
6,6895E-5
6,7384E-5
6,7633E-5
6,7851E-5
6,7214E-5
6,6935E-5
6,7694E-5
6,869E-5
6,5817E-5
6,4054E-5
6,7176E-5
6,8071E-5
7,2221E-5
7,608E-5
6,8102E-5
6,7472E-5
6,8083E-5
6,2836E-5
1,40369E-4
6,5406E-5
6,4611E-5
6,5925E-5
6,629E-5
6,6454E-5
6,5218E-5
6,304E-5
6,3895E-5
6,4664E-5
1,06463E-4
1,10707E-4
8,2863E-5
1,12678E-4
7,558E-5
7,355E-5
6,9246E-5
1,26826E-4
8,6148E-5
1,48108E-4
7,5894E-5
1,34808E-4
6,775E-5
6,7984E-5
1,03058E-4
1,15651E-4
1,47787E-4
9,7995E-5
8,3876E-5
6,9654E-5
7,0034E-5
6,4068E-5
6,3135E-5
6,9584E-5
6,3307E-5
7,0768E-5
6,8373E-5
7,9565E-5
6,4669E-5
7,9987E-5
6,8417E-5
6,4188E-5
7,468E-5
6,7939E-5
6,7516E-5
6,8158E-5
6,1253E-5
6,8669E-5
6,8745E-5
6,6267E-5
6,9951E-5
6,8411E-5
7,025E-5
6,8051E-5
6,8067E-5
7,923E-5
8,7702E-5
6,8604E-5
6,7737E-5
7,1406E-5
7,4784E-5
6,566E-5
7,0442E-5
7,0071E-5
6,8212E-5
6,5677E-5
6,9641E-5
6,984E-5
6,2215E-5
6,9116E-5
7,0425E-5
6,8185E-5
7,0433E-5
7,0243E-5
6,402E-5
7,8132E-5
8,3098E-5
8,031E-5
7,4257E-5
8,5262E-5
7,6458E-5
8,5439E-5
1,10738E-4
7,251E-5
6,9371E-5
6,8597E-5
8,0502E-5
7,1658E-5
6,8862E-5
6,9388E-5
6,9226E-5
6,9124E-5
6,3729E-5
6,3861E-5
6,3544E-5
6,3436E-5
8,3467E-5
6,4575E-5
7,2448E-5
6,1025E-5
6,3379E-5
7,003E-5
6,6951E-5
6,8004E-5
6,432E-5
6,8096E-5
6,9707E-5
7,3348E-5
7,6435E-5
6,9925E-5
8,8325E-5
6,9748E-5
7,0311E-5
6,8525E-5
6,5291E-5
6,3475E-5
6,3587E-5
6,2156E-5
6,5353E-5
6,5144E-5
6,9261E-5
6,2561E-5
6,9255E-5
6,8783E-5
7,2403E-5
6,3709E-5
7,0222E-5
7,0068E-5
6,2267E-5
6,1542E-5
6,2863E-5
6,3879E-5
6,2863E-5
6,5005E-5
6,3659E-5
6,2839E-5
6,1393E-5
6,693E-5
6,3522E-5
7,1389E-5
6,8729E-5
6,1562E-5
6,2522E-5
6,2717E-5
6,4971E-5
6,9267E-5
6,762E-5
6,8186E-5
7,026E-5
6,9564E-5
7,0885E-5
6,8781E-5
7,786E-5
6,8633E-5
6,2419E-5
7,6358E-5
6,8332E-5
7,0801E-5
7,0595E-5
8,7132E-5
6,913E-5
6,8774E-5
6,7076E-5
6,9832E-5
9,5261E-5
1,10506E-4
6,8355E-5
6,972E-5
7,1714E-5
6,9929E-5
6,1922E-5
6,5966E-5
6,2165E-5
6,616E-5
6,4783E-5
6,3094E-5
6,8563E-5
6,9181E-5
6,7958E-5
8,5216E-5
6,6912E-5
6,8329E-5
6,8373E-5
6,3668E-5
6,298E-5
6,8693E-5
6,8214E-5
6,8079E-5
6,9418E-5
6,9442E-5
7,1451E-5
6,8228E-5
6,7412E-5
6,9227E-5
6,3485E-5
6,8123E-5
6,8256E-5
8,876E-5
6,435E-5
6,8476E-5
6,7096E-5
6,7784E-5
6,4229E-5
6,552E-5
6,7015E-5
6,8152E-5
6,7139E-5
6,3831E-5
6,809E-5
7,0457E-5
6,8895E-5
6,9188E-5
7,7838E-5
7,7414E-5
6,3642E-5
6,1872E-5
6,7511E-5
6,393E-5
6,2566E-5
6,3837E-5
6,4065E-5
6,3858E-5
6,2199E-5
6,7615E-5
6,9606E-5
6,7125E-5
6,3995E-5
1,00569E-4
9,1968E-5
6,792E-5
6,4154E-5
6,3293E-5
6,335E-5
6,7726E-5
6,5974E-5
6,5073E-5
6,1105E-5
6,9976E-5
6,3965E-5
6,8051E-5
6,92E-5
6,8176E-5
6,829E-5
6,4008E-5
6,4616E-5
6,9608E-5
6,506E-5
6,5363E-5
6,8992E-5
6,4944E-5
6,9911E-5
6,3667E-5
6,3916E-5
6,6719E-5
6,4769E-5
6,5581E-5
7,3227E-5
6,2828E-5
6,956E-5
6,8557E-5
6,9246E-5
6,9939E-5
7,3563E-5
6,2681E-5
6,9831E-5
6,2285E-5
7,1779E-5
6,9164E-5
7,0382E-5
6,9908E-5
6,9298E-5
6,9381E-5
6,4231E-5
6,3902E-5
6,2625E-5
7,2567E-5
6,9233E-5
6,1836E-5
7,0085E-5
6,8258E-5
6,8359E-5
7,0678E-5
6,949E-5
7,0717E-5
6,674E-5
6,2182E-5
6,2566E-5
6,2616E-5
7,3219E-5
8,1169E-5
6,5115E-5
9,5223E-5
9,1205E-5
8,1858E-5
1,29383E-4
7,0651E-5
7,0069E-5
6,8367E-5
7,1629E-5
7,0954E-5
6,9072E-5
7,2758E-5
6,7888E-5
6,8758E-5
7,1364E-5
8,9578E-5
6,317E-5
6,8746E-5
6,4676E-5
7,0095E-5
7,3722E-5
6,3087E-5
6,6175E-5
6,4882E-5
6,6833E-5
6,8593E-5
6,9596E-5
6,2583E-5
6,2863E-5
6,7886E-5
6,2643E-5
6,884E-5
6,7928E-5
7,9362E-5
6,8616E-5
6,8893E-5
6,8656E-5
6,7763E-5
7,3877E-5
7,0552E-5
6,6966E-5
6,6704E-5
7,1213E-5
6,825E-5
6,2921E-5
6,8167E-5
6,6898E-5
6,1505E-5
7,2878E-5
6,7279E-5
6,0355E-5
6,9318E-5
6,8471E-5
6,2299E-5
6,7485E-5
8,5798E-5
7,014E-5
7,0748E-5
6,8499E-5
7,1422E-5
8,7456E-5
6,927E-5
6,2813E-5
7,3537E-5
6,1758E-5
6,3638E-5
6,1252E-5
1,08185E-4
1,20873E-4
9,3534E-5
1,17104E-4
9,7756E-5
7,8523E-5
7,0695E-5
6,7246E-5
6,811E-5
6,7839E-5
6,8323E-5
7,0407E-5
7,0252E-5
6,9764E-5
7,7948E-5
6,2111E-5
6,6011E-5
6,5302E-5
6,2838E-5
6,2927E-5
6,3824E-5
7,4273E-5
6,2345E-5
6,1225E-5
6,4947E-5
6,2323E-5
6,3311E-5
6,6018E-5
6,7742E-5
6,8107E-5
6,8194E-5
7,9006E-5
6,8343E-5
7,0265E-5
6,2185E-5
6,4324E-5
6,3369E-5
6,9962E-5
7,0903E-5
7,0215E-5
6,8412E-5
6,8002E-5
6,8801E-5
6,8258E-5
7,9927E-5
6,7713E-5
7,4055E-5
6,9755E-5
6,8955E-5
6,9953E-5
6,8557E-5
7,0924E-5
6,9364E-5
6,433E-5
7,1773E-5
6,8252E-5
6,7414E-5
6,4292E-5
8,2426E-5
6,4851E-5
6,352E-5
6,4273E-5
6,3926E-5
6,171E-5
7,0561E-5
7,1744E-5
9,4428E-5
7,4631E-5
1,31956E-4
9,3994E-5
1,66754E-4
1,17843E-4
7,6597E-5
7,3299E-5
7,2088E-5
6,9736E-5
1,11241E-4
1,16356E-4
6,4649E-5
8,3554E-5
6,8293E-5
6,5813E-5
6,7195E-5
7,0014E-5
6,7696E-5
6,3817E-5
6,5434E-5
6,2936E-5
6,4397E-5
6,7929E-5
6,269E-5
7,3294E-5
6,454E-5
6,9912E-5
6,8775E-5
6,7964E-5
6,7644E-5
6,779E-5
6,8296E-5
6,2904E-5
6,975E-5
6,7882E-5
6,8659E-5
7,0222E-5
6,8979E-5
6,8003E-5
6,914E-5
6,9512E-5
6,8387E-5
6,8756E-5
6,8327E-5
6,7139E-5
6,9156E-5
6,9974E-5
6,8857E-5
7,003E-5
6,9296E-5
6,7626E-5
6,2866E-5
6,3903E-5
6,2719E-5
6,3658E-5
7,0271E-5
6,9131E-5
6,9807E-5
7,5806E-5
6,877E-5
7,3924E-5
6,4207E-5
6,7633E-5
6,3778E-5
6,936E-5
6,3266E-5
7,0854E-5
8,2369E-5
6,8785E-5
7,8195E-5
6,8144E-5
6,7052E-5
6,9857E-5
6,78E-5
6,8165E-5
7,0732E-5
7,0761E-5
6,882E-5
7,013E-5
7,2108E-5
6,8499E-5
6,7369E-5
6,5224E-5
6,9018E-5
6,2729E-5
6,5961E-5
6,2122E-5
6,3261E-5
6,7987E-5
6,8362E-5
6,2845E-5
7,2656E-5
1,05275E-4
7,5761E-5
1,02759E-4
7,1162E-5
7,1155E-5
1,15143E-4
1,27964E-4
7,0535E-5
7,1133E-5
7,9935E-5
7,096E-5
8,6402E-5
9,5156E-5
7,4442E-5
8,3765E-5
1,4243E-4
7,899E-5
1,14401E-4
7,7571E-5
6,5525E-5
6,9094E-5
1,04092E-4
6,4496E-5
1,25953E-4
6,1737E-5
6,3375E-5
6,3835E-5
6,1441E-5
6,9544E-5
7,035E-5
6,7725E-5
6,7536E-5
6,335E-5
6,3618E-5
6,407E-5
6,4502E-5
6,566E-5
8,3784E-5
6,6932E-5
6,7676E-5
6,7831E-5
6,8079E-5
6,8658E-5
6,3008E-5
6,726E-5
6,2189E-5
6,2633E-5
6,26E-5
6,5211E-5
6,8348E-5
6,7782E-5
6,8444E-5
6,7305E-5
6,6673E-5
6,6783E-5
6,812E-5
6,7593E-5
7,136E-5
6,9066E-5
6,939E-5
6,9303E-5
6,1095E-5
7,4237E-5
8,5154E-5
8,2845E-5
7,1417E-5
6,941E-5
6,4246E-5
6,6647E-5
6,423E-5
6,451E-5
6,1824E-5
6,2145E-5
7,0057E-5
6,7754E-5
6,9725E-5
6,4136E-5
7,2233E-5
7,7012E-5
6,7648E-5
6,1894E-5
7,0013E-5
7,0341E-5
7,9369E-5
6,9033E-5
6,9195E-5
7,8353E-5
7,0842E-5
8,6901E-5
7,5989E-5
6,9515E-5
6,8436E-5
7,2609E-5
6,909E-5
6,35E-5
7,8678E-5
6,8951E-5
6,8662E-5
7,9154E-5
7,4181E-5
6,8933E-5
7,1373E-5
6,9608E-5
6,2725E-5
6,6239E-5
6,4857E-5
7,9002E-5
6,5026E-5
6,4174E-5
6,383E-5
6,2632E-5
6,8047E-5
6,9821E-5
6,864E-5
6,9196E-5
6,7523E-5
7,9778E-5
6,4472E-5
6,7678E-5
6,9428E-5
6,8626E-5
6,9372E-5
6,7755E-5
6,8576E-5
7,0156E-5
7,0995E-5
9,6586E-5
1,19267E-4
6,4913E-5
7,7663E-5
7,0534E-5
6,8938E-5
7,0165E-5
6,6497E-5
6,3836E-5
6,3653E-5
6,2506E-5
6,9279E-5
6,2932E-5
6,3211E-5
6,2481E-5
6,7638E-5
6,8808E-5
6,9059E-5
6,6217E-5
6,2822E-5
6,7346E-5
7,0799E-5
9,1292E-5
6,2212E-5
6,2301E-5
6,398E-5
8,0081E-5
6,1136E-5
6,9553E-5
6,3901E-5
6,67E-5
6,2776E-5
8,7757E-5
6,1798E-5
7,1719E-5
6,2283E-5
7,1963E-5
6,8344E-5
6,7139E-5
6,993E-5
6,849E-5
6,806E-5
6,2171E-5
6,8576E-5
6,8869E-5
8,1549E-5
6,5371E-5
6,8529E-5
6,3884E-5
6,8485E-5
6,1854E-5
6,9072E-5
7,2864E-5
6,9544E-5
7,0329E-5
6,6758E-5
6,2336E-5
6,8413E-5
6,9369E-5
6,1443E-5
6,2684E-5
6,2947E-5
6,1669E-5
6,643E-5
6,2767E-5
6,2264E-5
8,2061E-5
7,7798E-5
6,7938E-5
7,1729E-5
7,0926E-5
6,9E-5
6,8039E-5
6,8228E-5
6,3417E-5
6,73E-5
6,9404E-5
7,1493E-5
6,8522E-5
6,9545E-5
8,2397E-5
7,0395E-5
7,0482E-5
6,9355E-5
7,3821E-5
8,0229E-5
7,3379E-5
6,8409E-5
6,9776E-5
6,2079E-5
6,2906E-5
6,8636E-5
6,4179E-5
6,3369E-5
6,2201E-5
6,9233E-5
7,097E-5
7,0219E-5
6,7916E-5
7,0777E-5
6,265E-5
6,3364E-5
6,1993E-5
6,9565E-5
6,3605E-5
7,1916E-5
6,3583E-5
6,8394E-5
7,0071E-5
6,2978E-5
6,3848E-5
6,0969E-5
7,0397E-5
7,0449E-5
6,7638E-5
6,946E-5
6,7677E-5
6,3226E-5
6,2822E-5
6,2054E-5
6,2746E-5
6,9653E-5
7,0193E-5
6,801E-5
6,3128E-5
6,3311E-5
6,9297E-5
6,9499E-5
7,0304E-5
7,0895E-5
6,4969E-5
7,0548E-5
7,0027E-5
7,0672E-5
6,82E-5
6,9648E-5
7,0632E-5
1,59698E-4
7,8504E-5
8,8223E-5
6,4941E-5
6,3974E-5
6,2609E-5
6,3518E-5
6,6066E-5
6,2891E-5
6,2101E-5
7,0109E-5
6,612E-5
6,8366E-5
6,8551E-5
6,8506E-5
6,1591E-5
6,7212E-5
6,5187E-5
6,332E-5
6,8942E-5
7,0487E-5
6,9985E-5
7,0573E-5
6,3538E-5
6,2948E-5
6,876E-5
6,9345E-5
7,1391E-5
6,8809E-5
1,30417E-4
7,0159E-5
7,1464E-5
7,3731E-5
7,0701E-5
6,4005E-5
6,9797E-5
6,7541E-5
6,8728E-5
6,2798E-5
6,639E-5
6,7596E-5
1,11043E-4
8,7528E-5
9,6185E-5
6,9977E-5
8,904E-5
8,1204E-5
6,3683E-5
6,3488E-5
6,1975E-5
6,8533E-5
7,1302E-5
6,8952E-5
6,7703E-5
6,9978E-5
6,9331E-5
6,2206E-5
6,9889E-5
7,0849E-5
6,6531E-5
6,2645E-5
6,1332E-5
6,8655E-5
6,8961E-5
6,897E-5
6,9575E-5
6,753E-5
6,2129E-5
6,3564E-5
6,2987E-5
6,3383E-5
6,8846E-5
6,7384E-5
6,4428E-5
6,3602E-5
6,3433E-5
6,432E-5
7,0736E-5
7,0193E-5
6,9466E-5
6,8689E-5
6,4706E-5
8,1499E-5
6,3499E-5
6,8245E-5
6,9842E-5
6,9762E-5
7,0692E-5
6,9411E-5
6,7661E-5
6,3619E-5
6,3318E-5
6,2194E-5
6,3662E-5
6,3152E-5
6,9609E-5
6,8866E-5
6,809E-5
6,9318E-5
7,1851E-5
6,6466E-5
6,4801E-5
9,5653E-5
6,4318E-5
6,9882E-5
6,8555E-5
6,87E-5
6,962E-5
8,8104E-5
6,5287E-5
6,9954E-5
6,8588E-5
6,2991E-5
6,533E-5
6,6011E-5
6,6937E-5
7,4705E-5
7,1419E-5
6,8025E-5
6,8138E-5
6,8199E-5
6,173E-5
1,31121E-4
1,16415E-4
9,08E-5
8,1446E-5
9,7714E-5
7,272E-5
1,00488E-4
7,0876E-5
1,01245E-4
7,3063E-5
6,5911E-5
1,07089E-4
7,0685E-5
1,16559E-4
1,00091E-4
7,1795E-5
7,4932E-5
6,9111E-5
8,6796E-5
7,8193E-5
6,4131E-5
7,0769E-5
7,0143E-5
6,9742E-5
7,2845E-5
6,8554E-5
6,9196E-5
7,3081E-5
9,5128E-5
1,10875E-4
6,3855E-5
6,419E-5
6,2638E-5
6,6317E-5
6,4107E-5
7,0219E-5
6,3297E-5
6,3875E-5
6,2223E-5
6,2764E-5
6,5098E-5
6,3601E-5
6,4553E-5
7,3989E-5
6,9517E-5
7,0037E-5
6,9438E-5
7,0494E-5
7,2325E-5
6,3616E-5
6,7793E-5
7,4565E-5
6,4363E-5
6,6389E-5
6,7659E-5
6,7013E-5
6,3688E-5
6,7846E-5
9,0533E-5
6,8161E-5
6,7632E-5
7,0961E-5
6,5004E-5
6,4405E-5
6,3978E-5
6,8109E-5
7,7103E-5
6,8094E-5
6,3632E-5
7,0256E-5
6,9573E-5
6,8979E-5
6,2129E-5
6,9082E-5
6,6506E-5
6,9946E-5
6,6461E-5
6,8198E-5
6,2421E-5
6,291E-5
6,2132E-5
6,8913E-5
7,0479E-5
6,8667E-5
6,159E-5
6,8119E-5
6,1719E-5
7,0399E-5
7,5295E-5
6,382E-5
7,0381E-5
7,3473E-5
6,6273E-5
8,2815E-5
7,4414E-5
6,7184E-5
6,7244E-5
6,2918E-5
6,2352E-5
6,3809E-5
6,8548E-5
6,6955E-5
6,2061E-5
6,392E-5
6,513E-5
6,3552E-5
6,4682E-5
7,0547E-5
6,8146E-5
7,0517E-5
6,2725E-5
6,5764E-5
6,9915E-5
7,2287E-5
6,9957E-5
7,0548E-5
6,8598E-5
6,8598E-5
6,962E-5
8,2598E-5
6,2722E-5
6,908E-5
7,0621E-5
6,8659E-5
6,7332E-5
6,2955E-5
6,9194E-5
6,3435E-5
6,1983E-5
6,8058E-5
7,1862E-5
8,111E-5
7,74E-5
6,2764E-5
6,781E-5
6,8368E-5
6,3355E-5
7,2777E-5
7,4438E-5
6,8778E-5
6,7547E-5
6,9187E-5
6,314E-5
6,3228E-5
7,2333E-5
6,9028E-5
7,7637E-5
6,4169E-5
6,5822E-5
7,9112E-5
6,9906E-5
7,0123E-5
6,5413E-5
7,0684E-5
6,2359E-5
6,24E-5
6,3124E-5
6,2246E-5
6,7175E-5
6,6212E-5
6,4501E-5
6,3068E-5
6,4236E-5
6,7206E-5
7,0036E-5
6,4382E-5
6,7872E-5
6,8417E-5
6,6063E-5
6,8539E-5
8,3953E-5
6,9894E-5
6,8573E-5
6,9708E-5
6,1731E-5
6,759E-5
6,9113E-5
6,7639E-5
7,2358E-5
6,7234E-5
6,7662E-5
6,7949E-5
6,9201E-5
6,8482E-5
6,9607E-5
6,8332E-5
6,2583E-5
6,7447E-5
6,8205E-5
7,2829E-5
6,1093E-5
6,97E-5
6,8938E-5
7,9577E-5
6,976E-5
6,6921E-5
6,665E-5
6,4292E-5
6,3508E-5
6,4757E-5
7,5149E-5
6,6059E-5
6,4724E-5
6,907E-5
6,6627E-5
6,9911E-5
6,841E-5
6,9874E-5
6,9477E-5
6,9921E-5
7,3718E-5
6,6445E-5
6,9526E-5
6,925E-5
7,087E-5
6,6925E-5
7,0034E-5
6,849E-5
6,5558E-5
7,8736E-5
7,2482E-5
6,2485E-5
6,6043E-5
6,9988E-5
6,6497E-5
6,2312E-5
6,8955E-5
6,7842E-5
6,188E-5
6,805E-5
6,8496E-5
6,7806E-5
7,2138E-5
6,7428E-5
6,9143E-5
6,222E-5
8,9243E-5
7,283E-5
6,1891E-5
7,1542E-5
6,9834E-5
7,3666E-5
6,7605E-5
7,1661E-5
6,3565E-5
6,5394E-5
6,2754E-5
6,7462E-5
6,8965E-5
6,851E-5
6,8763E-5
6,9112E-5
7,016E-5
6,6994E-5
6,8133E-5
6,8039E-5
6,9505E-5
6,8513E-5
6,7883E-5
7,0399E-5
7,0946E-5
6,9193E-5
7,1981E-5
6,3793E-5
6,8143E-5
6,8526E-5
6,9363E-5
7,2024E-5
6,2335E-5
6,2783E-5
6,2843E-5
8,8304E-5
6,2769E-5
6,1825E-5
6,4122E-5
8,4189E-5
6,8499E-5
6,8805E-5
6,4327E-5
6,4625E-5
6,7578E-5
6,7296E-5
6,8438E-5
6,785E-5
6,5027E-5
6,897E-5
7,005E-5
6,2646E-5
6,8808E-5
6,8187E-5
7,0002E-5
7,0634E-5
6,8214E-5
6,3383E-5
6,525E-5
6,498E-5
6,7265E-5
6,9924E-5
6,8851E-5
7,062E-5
7,2004E-5
6,3737E-5
6,2528E-5
6,7571E-5
6,8794E-5
6,8849E-5
6,7971E-5
6,7281E-5
6,1989E-5
6,7624E-5
6,702E-5
7,8277E-5
7,5453E-5
7,8748E-5
6,854E-5
7,0279E-5
6,3448E-5
6,2939E-5
6,7163E-5
7,4698E-5
6,765E-5
6,3068E-5
6,6975E-5
6,7956E-5
6,2153E-5
7,6734E-5
6,816E-5
7,8556E-5
6,5103E-5
6,7695E-5
6,8138E-5
6,8449E-5
6,2164E-5
6,121E-5
6,5776E-5
6,7723E-5
6,9707E-5
6,9575E-5
6,2941E-5
6,3835E-5
6,6153E-5
9,9928E-5
6,872E-5
6,9914E-5
7,0407E-5
6,9359E-5
6,9019E-5
7,0273E-5
6,8364E-5
6,9197E-5
6,7405E-5
6,1962E-5
6,429E-5
6,7733E-5
6,9592E-5
6,8541E-5
6,9476E-5
7,0472E-5
6,8997E-5
7,0132E-5
6,4475E-5
6,7677E-5
6,8402E-5
7,1641E-5
6,9693E-5
6,8402E-5
6,9068E-5
6,9165E-5
6,8417E-5
9,9823E-5
6,4165E-5
7,4873E-5
6,2722E-5
6,2631E-5
6,5995E-5
6,907E-5
7,1631E-5
6,5209E-5
6,5568E-5
7,0467E-5
6,8987E-5
8,0904E-5
7,6435E-5
6,7088E-5
7,3659E-5
7,048E-5
6,5204E-5
6,5593E-5
6,2788E-5
7,0074E-5
7,7491E-5
7,8945E-5
6,8584E-5
6,7796E-5
7,7582E-5
6,8125E-5
6,7269E-5
6,943E-5
7,7706E-5
7,3212E-5
6,404E-5
6,9931E-5
6,2993E-5
6,2263E-5
6,4206E-5
6,5848E-5
7,4807E-5
6,6083E-5
6,3187E-5
6,3683E-5
6,3743E-5
6,6008E-5
7,0041E-5
6,9158E-5
7,2804E-5
6,7679E-5
6,3386E-5
6,8434E-5
6,2873E-5
6,2093E-5
6,7949E-5
6,845E-5
6,7578E-5
6,2382E-5
6,6836E-5
6,687E-5
6,9607E-5
6,906E-5
6,8982E-5
6,8726E-5
7,2579E-5
7,3301E-5
7,2061E-5
8,48E-5
6,8136E-5
6,7091E-5
6,875E-5
6,3791E-5
6,9906E-5
6,8521E-5
6,3594E-5
6,428E-5
7,0379E-5
6,9771E-5
6,3925E-5
6,2625E-5
6,3132E-5
6,4687E-5
6,1369E-5
6,4706E-5
6,8397E-5
6,5032E-5
6,8353E-5
7,0047E-5
6,3301E-5
6,4565E-5
6,4854E-5
6,9555E-5
1,43469E-4
6,8826E-5
6,2552E-5
6,8586E-5
6,8151E-5
6,6718E-5
6,9551E-5
7,0811E-5
6,4435E-5
6,5042E-5
6,2546E-5
6,4129E-5
6,4119E-5
7,3223E-5
6,9291E-5
6,2722E-5
6,9047E-5
7,7962E-5
7,1575E-5
7,1712E-5
6,9019E-5
7,0583E-5
6,7853E-5
7,0417E-5
6,9973E-5
6,9302E-5
6,4187E-5
6,3242E-5
6,4118E-5
6,2324E-5
6,9004E-5
6,9355E-5
7,1421E-5
6,9957E-5
1,23396E-4
1,17853E-4
9,9267E-5
1,64058E-4
1,02589E-4
6,8397E-5
6,5481E-5
6,7548E-5
6,81E-5
6,899E-5
6,9401E-5
7,3016E-5
6,968E-5
6,3314E-5
6,7105E-5
6,676E-5
6,3223E-5
6,5827E-5
6,7509E-5
6,6936E-5
6,8367E-5
6,7707E-5
6,8895E-5
6,8495E-5
7,8783E-5
6,7749E-5
6,8476E-5
6,31E-5
6,6676E-5
6,8363E-5
6,1352E-5
6,4094E-5
7,0115E-5
6,3884E-5
7,071E-5
6,8496E-5
6,8616E-5
7,3704E-5
6,927E-5
8,6275E-5
6,1886E-5
6,8315E-5
6,9697E-5
6,8185E-5
7,1799E-5
7,0468E-5
6,9842E-5
6,9143E-5
7,1008E-5
6,8182E-5
6,8824E-5
6,6914E-5
6,9083E-5
6,8622E-5
6,2712E-5
6,3623E-5
6,9909E-5
6,8738E-5
7,038E-5
6,3781E-5
6,4393E-5
6,432E-5
6,4195E-5
6,9858E-5
9,488E-5
7,0492E-5
6,8902E-5
7,1218E-5
6,9727E-5
6,466E-5
8,1708E-5
9,4015E-5
1,03546E-4
7,519E-5
1,0289E-4
7,53E-5
1,05309E-4
8,996E-5
7,2223E-5
1,16422E-4
6,6748E-5
6,7822E-5
7,0147E-5
6,7326E-5
6,7824E-5
6,8422E-5
6,6365E-5
6,8024E-5
6,281E-5
6,8277E-5
6,2325E-5
6,4832E-5
6,2333E-5
6,2482E-5
6,1897E-5
7,0763E-5
8,2224E-5
6,8315E-5
6,7725E-5
6,3215E-5
6,4866E-5
6,2698E-5
6,292E-5
6,5263E-5
6,2815E-5
7,8917E-5
6,921E-5
8,4232E-5
6,9801E-5
6,8755E-5
6,9814E-5
7,0519E-5
7,6809E-5
6,3946E-5
6,7689E-5
6,3695E-5
6,4695E-5
6,5346E-5
6,4609E-5
6,4045E-5
6,3854E-5
6,29E-5
6,3736E-5
7,4371E-5
6,7649E-5
6,9315E-5
6,9079E-5
6,9319E-5
6,7634E-5
6,7654E-5
6,7384E-5
8,2126E-5
6,3488E-5
6,5105E-5
6,6519E-5
6,9789E-5
7,0739E-5
6,8925E-5
7,34E-5
6,3094E-5
7,0189E-5
6,4784E-5
6,8495E-5
6,8579E-5
6,3604E-5
6,3492E-5
6,188E-5
6,9596E-5
6,9761E-5
7,1851E-5
6,9522E-5
6,9896E-5
7,2987E-5
6,9048E-5
7,1461E-5
6,8811E-5
8,5133E-5
6,4769E-5
6,7841E-5
7,1087E-5
7,1782E-5
6,2752E-5
6,2623E-5
6,8698E-5
6,9511E-5
6,8976E-5
1,46903E-4
1,28858E-4
9,2805E-5
1,34366E-4
9,6449E-5
7,5434E-5
1,38941E-4
6,9294E-5
6,198E-5
7,6705E-5
6,5304E-5
1,08944E-4
9,3042E-5
8,7762E-5
9,8237E-5
9,0073E-5
9,8626E-5
1,38648E-4
8,9836E-5
6,8676E-5
9,4714E-5
1,22709E-4
9,8164E-5
1,12408E-4
1,11201E-4
7,2675E-5
9,4834E-5
9,2636E-5
6,8838E-5
8,8543E-5
7,8398E-5
6,7851E-5
6,7458E-5
6,8788E-5
6,2093E-5
6,3412E-5
6,3932E-5
6,3116E-5
6,8148E-5
6,2768E-5
6,3056E-5
6,558E-5
7,0471E-5
6,8485E-5
6,7872E-5
6,8083E-5
6,3573E-5
7,0053E-5
7,2909E-5
6,7448E-5
6,2882E-5
6,8896E-5
6,9493E-5
6,4171E-5
6,8344E-5
6,7745E-5
6,8454E-5
8,0222E-5
6,9522E-5
6,9006E-5
6,4689E-5
7,3842E-5
8,03E-5
6,9155E-5
6,8839E-5
6,7899E-5
6,412E-5
6,9407E-5
7,5312E-5
6,1846E-5
1,12301E-4
1,04835E-4
1,18087E-4
6,9719E-5
1,55862E-4
7,1057E-5
7,132E-5
6,3235E-5
6,6089E-5
7,1386E-5
7,8765E-5
6,2973E-5
6,4053E-5
6,4401E-5
6,4032E-5
6,7121E-5
6,4348E-5
6,337E-5
6,9632E-5
6,6536E-5
6,1094E-5
6,2619E-5
6,2788E-5
6,7844E-5
7,0995E-5
7,356E-5
6,9343E-5
7,0003E-5
6,8919E-5
6,1692E-5
6,2607E-5
6,922E-5
6,8822E-5
6,8187E-5
6,7998E-5
7,3857E-5
6,9247E-5
6,9377E-5
9,14E-5
6,964E-5
6,9534E-5
6,844E-5
6,8009E-5
6,8361E-5
9,2618E-5
7,1319E-5
6,7963E-5
6,8505E-5
6,8443E-5
6,3394E-5
6,1997E-5
6,3039E-5
6,1474E-5
6,2268E-5
6,9649E-5
6,9222E-5
6,9773E-5
6,3343E-5
6,5497E-5
6,4325E-5
6,578E-5
6,8875E-5
7,0019E-5
6,8799E-5
6,8231E-5
6,8048E-5
6,4556E-5
8,8729E-5
6,7821E-5
6,8518E-5
6,8651E-5
6,3015E-5
6,1937E-5
6,2495E-5
6,1432E-5
8,4432E-5
1,29149E-4
1,32123E-4
1,37313E-4
8,3044E-5
7,4299E-5
7,0367E-5
7,0406E-5
6,9404E-5
6,6886E-5
7,1439E-5
6,938E-5
6,4071E-5
6,8861E-5
8,8529E-5
7,0566E-5
7,1462E-5
6,9007E-5
6,792E-5
6,7928E-5
7,7434E-5
6,6187E-5
7,735E-5
6,3115E-5
7,1837E-5
8,1795E-5
1,15473E-4
9,0037E-5
7,9639E-5
6,9269E-5
7,3386E-5
7,4341E-5
6,3479E-5
6,277E-5
7,9407E-5
7,3286E-5
6,9389E-5
6,3373E-5
6,8276E-5
6,8526E-5
6,2542E-5
6,2717E-5
7,1384E-5
9,1401E-5
1,01227E-4
9,1941E-5
1,04764E-4
8,6824E-5
9,4402E-5
1,11278E-4
1,19246E-4
1,2356E-4
1,174E-4
6,6736E-5
7,3566E-5
7,1668E-5
6,1478E-5
6,592E-5
6,7868E-5
6,8203E-5
6,9981E-5
7,0424E-5
6,73E-5
6,2806E-5
6,2682E-5
6,4612E-5
6,4386E-5
6,4712E-5
6,7062E-5
6,7988E-5
6,6065E-5
6,3255E-5
6,2746E-5
6,7475E-5
6,4127E-5
6,2335E-5
6,8238E-5
7,5505E-5
6,7941E-5
7,0E-5
6,8391E-5
6,713E-5
6,4483E-5
7,2555E-5
6,9026E-5
6,8379E-5
7,0015E-5
6,7799E-5
6,349E-5
6,9641E-5
6,732E-5
6,9035E-5
6,9546E-5
1,02827E-4
7,2243E-5
6,8717E-5
6,173E-5
6,9076E-5
6,9538E-5
6,9014E-5
6,9258E-5
6,2675E-5
8,3827E-5
7,1529E-5
9,6399E-5
7,4781E-5
6,8572E-5
7,1085E-5
6,6901E-5
6,9544E-5
1,2616E-4
1,21776E-4
1,2455E-4
1,28041E-4
1,19759E-4
1,21322E-4
1,26561E-4
1,19211E-4
1,20223E-4
1,28503E-4
1,24281E-4
1,29514E-4
1,19751E-4
1,15702E-4
1,33907E-4
1,24761E-4
1,13172E-4
0,001961849
7,5626E-5
7,0544E-5
6,8932E-5
6,2904E-5
6,1717E-5
6,2788E-5
6,2109E-5
6,428E-5
6,1608E-5
7,2046E-5
6,9433E-5
6,8061E-5
6,4763E-5
6,4609E-5
6,2791E-5
6,8886E-5
6,977E-5
6,8453E-5
7,1272E-5
6,4368E-5
9,0077E-5
6,6534E-5
6,969E-5
6,5027E-5
6,9618E-5
6,2011E-5
6,9122E-5
6,8342E-5
6,6248E-5
7,4184E-5
7,3922E-5
6,7771E-5
6,6413E-5
6,7526E-5
6,3109E-5
6,8733E-5
6,8449E-5
8,9676E-5
9,2083E-5
6,379E-5
8,4416E-5
6,3337E-5
7,1142E-5
7,7506E-5
6,8384E-5
6,5239E-5
6,2985E-5
6,2661E-5
7,3757E-5
6,3588E-5
6,8715E-5
6,9757E-5
6,3821E-5
7,0157E-5
6,315E-5
6,9135E-5
6,8152E-5
7,1462E-5
6,3233E-5
6,6456E-5
6,3451E-5
7,3626E-5
6,8452E-5
6,4256E-5
7,0355E-5
8,0277E-5
6,8004E-5
6,5086E-5
6,9166E-5
6,8043E-5
6,8307E-5
6,9023E-5
6,98E-5
6,3121E-5
6,8557E-5
7,5847E-5
6,2205E-5
6,8997E-5
6,2793E-5
6,8693E-5
6,9089E-5
6,4967E-5
6,1814E-5
6,947E-5
6,7697E-5
6,3336E-5
6,9053E-5
6,9151E-5
6,9793E-5
6,8753E-5
6,9081E-5
