0,003426476
0,046259083
0,043961725
0,043782574
0,044625075
0,043384982
0,043827056
0,044076739
0,043878278
0,043962619
0,044655155
0,043333218
0,043599697
0,044469111
0,044478764
0,04310664
0,044020053
0,044406485
0,043544251
0,044382781
0,044402148
0,043642069
0,043539506
0,044423182
0,043003477
0,04525603
0,042828323
0,044671614
0,043096921
0,044505933
0,044320323
0,043224802
0,044810475
0,043293285
0,04459003
0,043292762
0,044425364
0,043515339
0,045287925
0,042740332
0,043974302
0,044393273
0,043536723
0,044350916
0,0436401
0,044422202
0,043521427
0,044231766
0,043866936
0,043845802
0,044093997
0,043908598
0,043940891
0,044038949
0,043944535
0,04444489
0,04354522
0,044439908
0,043569264
0,043972498
0,044014342
0,044028024
0,04423339
0,043705288
0,043953641
0,04404112
0,044387433
0,043645685
0,044012632
0,044014471
0,043919474
0,044415769
0,043897295
0,043604967
0,044358609
0,043997939
0,043598741
0,044025902
0,04395983
0,044106665
0,043911711
0,044385258
0,043589764
0,044386989
0,04357301
0,044445382
0,043566081
0,04437915
0,044074017
0,043563741
0,044265986
0,043659499
0,044340733
0,043646975
0,044377222
0,043646607
0,043974318
0,043878363
0,044441712
0,043547433
0,0444538
0,043566935
0,044370711
0,044054478
0,043538113
0,044330627
0,043607309
0,044462713
0,043680894
0,044271416
0,043595585
0,044368929
0,043688473
0,04416975
0,044122794
0,043723331
0,044236454
0,043612134
0,044403659
0,043601037
0,044070817
0,044271396
0,043581581
0,044398757
0,043658211
0,044266603
0,043539027
0,044412022
0,043704348
0,043896341
0,044464848
0,043638258
0,044337914
0,043496374
0,0444375
0,043666813
0,044002499
0,044367226
0,043614195
0,044374255
0,043534098
0,044126115
0,043836589
0,044442955
0,043660761
0,043890966
0,04440421
0,043629985
0,044087305
0,044261268
0,043521383
0,04439516
0,043652851
0,044088758
0,044366487
0,043521628
0,044034039
0,043885832
0,04403728
0,044409266
0,043640749
0,043922156
0,044397973
0,043657264
0,043875724
0,044480529
0,043560345
0,044010816
0,044016743
0,044291414
0,043652068
0,044409573
0,043535969
0,043979917
0,043938798
0,043978113
0,044058108
0,044037848
0,04393625
0,044028385
0,044332748
0,043475686
0,044116869
0,044313209
0,043682819
0,044313836
0,043639308
0,043960186
0,043942045
0,044008245
0,044428938
0,043533174
0,044488293
0,043451299
0,043991551
0,044011659
0,043959845
0,043948644
0,044023452
0,044432951
0,043626981
0,044003465
0,043859144
0,044483886
0,043607105
0,044757532
0,04315245
0,044710767
0,043259485
0,043963881
0,045857743
0,042242944
0,044290164
0,043654603
0,044351854
0,043597025
0,044319599
0,043659438
0,044233585
0,044065643
0,043643153
0,044352256
0,043574344
0,043990829
0,044311925
0,043638309
0,044429007
0,043532125
0,044783693
0,043312858
0,044325868
0,043669401
0,044300032
0,043558576
0,04400865
0,044366887
0,043649123
0,044272232
0,043635582
0,044323512
0,044017053
0,044373338
0,043262555
0,04465699
0,043343609
0,04462137
0,043310823
0,044696732
0,043620954
0,044027378
0,043638667
0,04437066
0,043629851
0,044349436
0,043755541
0,043827304
0,044746881
0,043248453
0,044735897
0,043591805
0,044050219
0,043533123
0,044877376
0,04325601
0,044279407
0,043658377
0,043969923
0,04437626
0,04357961
0,044005059
0,043944684
0,044360625
0,043728427
0,044286799
0,043644092
0,044184757
0,044556819
0,043254917
0,044346364
0,043599573
0,044464402
0,043914076
0,043659039
0,044438028
0,043453682
0,044789727
0,043286689
0,044349732
0,043550024
0,044345559
0,043659416
0,044683436
0,043316884
0,044782344
0,043217214
0,04431693
0,043636109
0,044015541
0,044427015
0,043887452
0,043753747
0,044455427
0,043448767
0,044425818
0,04359944
0,044327432
0,043662595
0,044310714
0,044280035
0,043331204
0,044313757
0,044037081
0,044281964
0,043603926
0,043677597
0,045990734
0,0419892
0,044067867
0,044400834
0,043577755
0,044031675
0,044391507
0,043594905
0,044274563
0,043591024
0,044561233
0,043584447
0,044496864
0,04341517
0,044357549
0,043673634
0,044247722
0,043628768
0,044457574
0,043972375
0,043684695
0,044369856
0,043477562
0,043995712
0,044409891
0,043585741
0,044505451
0,043408808
0,044592778
0,043493787
0,044423553
0,04357433
0,044357606
0,043743438
0,043883221
0,0443267
0,043641694
0,044354898
0,04395498
0,043756048
0,043952689
0,044348963
0,044040041
0,043475321
0,044760365
0,04312341
0,044109971
0,044390566
0,043864311
0,044472927
0,043259007
0,044342156
0,043974507
0,043961005
0,044360668
0,043607076
0,04386562
0,04421351
0,043507705
0,044295846
0,043679684
0,044370482
0,043588685
0,044372278
0,043638084
0,044411497
0,043580037
0,044690821
0,043414545
0,044600062
0,043274548
0,04431944
0,04364181
0,043891146
0,044811681
0,043190774
0,044555904
0,043422763
0,04450242
0,043674198
0,044348818
0,043503475
0,043984134
0,044758438
0,043962936
0,043660112
0,043545985
0,044066325
0,044578636
0,044065552
0,043175939
0,044393187
0,043644345
0,043978956
0,044658184
0,044747478
0,042639003
0,04392153
0,044402799
0,043648375
0,044407385
0,043565364
0,044589348
0,04329236
0,044420563
0,043870214
0,043699846
0,043934699
0,044767355
0,04328026
0,043989648
0,044078165
0,043861528
0,044363218
0,044063862
0,044026323
0,043556035
0,044390844
0,043580354
0,044473251
0,043499225
0,044429024
0,043587056
0,044304822
0,043658194
0,04442717
0,043959966
0,043617672
0,04424069
0,043731224
0,045023397
0,043604716
0,043316182
0,044559588
0,043263605
0,044820528
0,04401729
0,043315666
0,044386576
0,043883139
0,044389733
0,043444157
0,044328437
0,043425035
0,044501729
0,043670315
0,044231326
0,043595639
0,044467512
0,043574991
0,044375832
0,043543649
0,04400373
0,044495949
0,043581775
0,044376904
0,043601429
0,044346678
0,044010695
0,044603589
0,043123099
0,044677219
0,043250506
0,044380844
0,043548846
0,044838148
0,043237175
0,0446928
0,043311162
0,044629244
0,043316932
0,044377448
0,043687201
0,044329146
0,043632753
0,044344552
0,043606209
0,044763947
0,043235829
0,044749523
0,043262157
0,044756536
0,043256979
0,044387477
0,043541959
0,044723567
0,043277089
0,044750955
0,044687103
0,042558503
0,044718424
0,043636586
0,044023306
0,043564028
0,044391217
0,043584226
0,044693032
0,043280589
0,044318502
0,043641956
0,044435087
0,043538521
0,044437832
0,043560388
0,044453723
0,043579196
0,044021199
0,044447857
0,04361114
0,04433065
0,043630416
0,044374733
0,043993916
0,044081669
0,043587028
0,044583595
0,043261018
0,044432785
0,043594351
0,044471852
0,043557597
0,044427017
0,043635109
0,044621546
0,04331906
0,044690523
0,043311572
0,044406595
0,044221751
0,043419084
0,045461741
0,045658447
0,044896032
0,044439462
0,043844738
0,044386518
0,04336152
0,044333117
0,043567226
0,044500831
0,043517625
0,044500571
0,043511117
0,044664278
0,043367949
0,04396277
0,044438338
0,043625485
0,044358533
0,043640812
0,044341773
0,043694187
0,044379113
0,043525282
0,044498329
0,043529958
0,044371463
0,043684262
0,044043428
0,044357521
0,043637716
0,043926633
0,04438278
0,043658922
0,044399828
0,043547452
0,04436076
0,043680464
0,044416422
0,043554509
0,044772182
0,043215978
0,044424795
0,043977251
0,043514354
0,044883065
0,043585667
0,044085628
0,044004362
0,043593142
0,045570662
0,04283827
0,043530222
0,044477531
0,043559718
0,044383814
0,043629743
0,044346806
0,043607647
0,044320075
0,043778533
0,043955356
0,044306119
0,043681563
0,044342042
0,043617397
0,044328773
0,043758694
0,044406304
0,043467576
0,044525379
0,043522589
0,044042514
0,044403609
0,043512261
0,04412621
0,045367339
0,042642346
0,043951985
0,044714075
0,043692316
0,044699976
0,042907908
0,04426671
0,043740246
0,044387014
0,044574013
0,043097827
0,044199091
0,044061736
0,044022343
0,043611482
0,044759417
0,043554678
0,044087571
0,043680835
0,04428652
0,043773639
0,044279428
0,043482919
0,044510647
0,043543557
0,044488923
0,043550415
0,044854568
0,043169082
0,044422689
0,043636601
0,044316765
0,043585089
0,045344402
0,042643828
0,044497988
0,043563989
0,044724949
0,043307891
0,044485282
0,043565386
0,044686695
0,043258467
0,044354578
0,043727226
0,044653964
0,043272745
0,044746586
0,043305952
0,044391823
0,043535951
0,044479843
0,043509615
0,044342594
0,043653344
0,044458029
0,043694546
0,043892926
0,044739887
0,043316167
0,044367286
0,043655106
0,043976379
0,044432937
0,043547899
0,04442889
0,043608001
0,044371854
0,043510668
0,044062453
0,044052993
0,044381789
0,043665809
0,044293098
0,043600358
0,044346522
0,043944952
0,043841958
0,043962289
0,044380244
0,043649422
0,044276652
0,043584158
0,044476453
0,04350508
0,044509871
0,043558693
0,044552313
0,0434781
0,044370532
0,043659404
0,043954708
0,044433125
0,043510728
0,044421531
0,043717491
0,044239636
0,043613432
0,044429481
0,043682062
0,043889497
0,044410157
0,043673955
0,044348027
0,043763013
0,044316716
0,043546907
0,044492195
0,043444605
0,044551589
0,043488968
0,044062708
0,044045231
0,044306494
0,043721237
0,044292569
0,044054378
0,043498249
0,044454828
0,04363592
0,044078706
0,044253582
0,043743848
0,043919086
0,044007166
0,043952068
0,0440526
0,044280081
0,043788926
0,043879974
0,044427299
0,043637348
0,044336851
0,043536616
0,044118621
0,043974856
0,044051032
0,044011294
0,044005347
0,044291587
0,043693304
0,044039332
0,044417823
0,043476632
0,044049115
0,043915243
0,044029753
0,044395213
0,043773894
0,043909372
0,044299083
0,043734474
0,043996325
0,044336082
0,043719068
0,044235137
0,043628567
0,044033262
0,044349465
0,043669791
0,044022552
0,044316153
0,043524499
0,043965735
0,044501327
0,043604316
0,044418011
0,043644836
0,043937891
0,044459104
0,043701286
0,044232596
0,043678484
0,044334618
0,043659996
0,044368061
0,04366323
0,044387307
0,043541413
0,04410745
0,043905348
0,044338476
0,043648109
0,044386584
0,043761362
0,043984301
0,043888809
0,044408588
0,043582018
0,044503497
0,043604642
0,043917052
0,044265224
0,043786578
0,043863834
0,04438521
0,04378372
0,044332317
0,043470887
0,044173752
0,044305699
0,043556738
0,044459916
0,043561643
0,043987899
0,04401922
0,043989069
0,044106091
0,04397021
0,043956992
0,043982372
0,044098283
0,044067719
0,043881331
0,043942355
0,044421731
0,043558124
0,044110196
0,044049287
0,044040627
0,044282015
0,043613926
0,044302586
0,043679467
0,044334825
0,043619151
0,043980836
0,044055243
0,043968982
0,044413547
0,043531811
0,044088791
0,045007725
0,042937068
0,04446908
0,043532025
0,044542532
0,043475636
0,044399812
0,04356852
0,044403137
0,043671967
0,043994232
0,044454355
0,043553064
0,043965414
0,04399913
0,044035263
0,044414995
0,043564285
0,044028304
0,044352802
0,043629272
0,044054834
0,045455028
0,042554046
0,043922469
0,044153042
0,043875463
0,04444175
0,043491372
0,044460809
0,043511254
0,043979169
0,044540259
0,04366137
0,043897318
0,044427308
0,04354251
0,044114974
0,044071402
0,043951544
0,043960959
0,044132093
0,044211844
0,043598358
0,04406702
0,044446495
0,043569238
0,04437621
0,043668631
0,043941189
0,044342164
0,043540332
0,044094495
0,044468887
0,043510797
0,044109373
0,043965333
0,043995928
0,044008831
0,044406148
0,043476011
0,044055461
0,044047572
0,044381733
0,043557434
0,044000971
0,044368597
0,043743376
0,043857851
0,044410728
0,043733314
0,043960118
0,044821995
0,043133802
0,043965438
0,045096779
0,042996705
0,04405927
0,043934772
0,044479046
0,043475689
0,043961874
0,044039533
0,044472284
0,043645695
0,044349183
0,043595499
0,043930262
0,044030529
0,043911845
0,044023519
0,044503315
0,043455124
0,044028527
0,044431821
0,043695997
0,044371668
0,04356998
0,044132887
0,043872741
0,044397044
0,04367917
0,043944572
0,044429116
0,043507668
0,044454889
0,04361739
0,044023205
0,043884493
0,044111484
0,044033636
0,044052809
0,043985151
0,043928681
0,044071426
0,043944462
0,043924406
0,043936994
0,04404645
0,044031199
0,044000324
0,044005764
0,044042074
0,043906442
0,044458951
0,043585657
0,04396451
0,044009082
0,044094909
0,044266784
0,043781351
0,044214814
0,043594483
0,043939543
0,044409058
0,043560949
0,04408957
0,044355881
0,043641791
0,043935964
0,043978296
0,044013812
0,044059733
0,043940257
0,044005408
0,044035613
0,044015032
0,04395717
0,044006211
0,043933409
0,0440585
0,043963025
0,044395671
0,043646732
0,044333885
0,043698203
0,044347267
0,043686866
0,043935942
0,04398655
0,043984051
0,044377965
0,043672673
0,043929921
0,044032094
0,044102765
0,043931077
0,044021697
0,043939205
0,04401664
0,044094682
0,044334024
0,043610723
0,043977079
0,044337058
0,043667643
0,044071118
0,044069913
0,044312014
0,043573965
0,043904536
0,043990518
0,04417456
0,043913936
0,043987142
0,043962609
0,044013179
0,044425643
0,043569575
0,043994506
0,043936103
0,044467061
0,043540459
0,044447707
0,043561707
0,044128505
0,043919636
0,044426233
0,043498571
0,044105204
0,044327227
0,043676558
0,043994362
0,044031909
0,044322398
0,04359443
0,0439887
0,044001107
0,044075455
0,044298424
0,043713869
0,043957178
0,044363642
0,043661106
0,043957921
0,043947149
0,044090692
0,043966924
0,043990075
0,043965652
0,04406686
0,043967635
0,044451289
0,043549462
0,044464262
0,043570932
0,044414015
0,043601543
0,043922889
0,044024316
0,044428508
0,043596628
0,044051972
0,043981737
0,045407821
0,042599881
0,044004557
0,044030233
0,044009407
0,043995064
0,044031995
0,044301727
0,043623984
0,044400289
0,043546993
0,044108382
0,043914842
0,044385175
0,043612415
0,044473423
0,043509373
0,044040833
0,043994867
0,044022118
0,048054982
0,04395208
0,045519738
0,042387596
0,044522921
0,043557943
0,04438225
0,043688416
0,043944216
0,044437186
0,043564172
0,044480392
0,043503869
0,043992693
0,044468419
0,043498215
0,044409217
0,043779292
0,044298176
0,043564522
0,04426721
0,043780267
0,044309449
0,043655791
0,045509884
0,042447484
0,044432432
0,043567674
0,044440407
0,043551014
0,044439665
0,043558413
0,044369779
0,043708535
0,044344848
0,043769918
0,044270146
0,043569232
0,044585404
0,043449621
0,044410674
0,043548568
0,044116528
0,045773936
0,042084739
0,044137446
0,043886356
0,044530954
0,043472446
0,044403261
0,043647604
0,044426558
0,043586402
0,044386292
0,043628498
0,045553716
0,042461731
0,044414345
0,043587548
0,04433744
0,043611924
0,04401795
0,043944185
0,044336826
0,043770766
0,044316902
0,043647048
0,044263512
0,043664917
0,044044194
0,044432309
0,043600356
0,044338621
0,043648514
0,044354911
0,043703702
0,044394659
0,044689872
0,042955625
0,043928518
0,044360974
0,043641941
0,044293058
0,043689013
0,044373402
0,043549765
0,044504971
0,043557293
0,04399485
0,044358881
0,043680651
0,044381417
0,043698497
0,044320566
0,043510632
0,044040116
0,044814396
0,043160919
0,044366251
0,044603735
0,043514319
0,043605567
0,044372196
0,043615381
0,043984857
0,044393932
0,043570693
0,044402946
0,046350625
0,045656102
0,04369001
0,044333259
0,043651764
0,043890464
0,044392563
0,043755855
0,044361956
0,043706772
0,044191148
0,043702333
0,043955497
0,045573637
0,042470511
0,044378289
0,043571388
0,044422614
0,043597395
0,044392607
0,043608542
0,044400374
0,043565114
0,044457905
0,043554496
0,04398182
0,04430388
0,04380545
0,044278687
0,043618255
0,044427988
0,043545207
0,044448097
0,043594505
0,044080357
0,04500229
0,04332378
0,043639495
0,044376548
0,043612898
0,044340879
0,043528649
0,044411162
0,043657828
0,044381289
0,04362085
0,044031091
0,044296617
0,04362135
0,04440934
0,043568567
0,044118992
0,044323757
0,043513863
0,044430247
0,043584725
0,044122645
0,044364649
0,043705439
0,044293369
0,043589752
0,043977669
0,044517861
0,043494668
0,04444807
0,043539975
0,044412017
0,043600802
0,044004556
0,044342879
0,043652734
0,044378952
0,043524557
0,044407769
0,043669732
0,044371884
0,043572358
0,044026883
0,044436456
0,0435727
0,044095626
0,044363507
0,043565812
0,043976675
0,044056157
0,04435213
0,043624831
0,044367942
0,043520353
0,044528436
0,043655833
0,044285671
0,045375949
0,042665145
0,043600857
0,043981323
0,04441029
0,044023793
0,043589292
0,044409611
0,043546229
0,04559742
0,042430661
0,044402863
0,043603087
0,044382054
0,04366359
0,044405051
0,043547585
0,044490954
0,04350515
0,044052136
0,043983353
0,044015694
0,043974499
0,043986513
0,043969463
0,044108704
0,044275503
0,043620362
0,044073733
0,044350596
0,043619645
0,045536791
0,042370145
0,044469059
0,043590443
0,04440406
0,043531314
0,044515994
0,043547897
0,044482601
0,043614471
0,044319728
0,043622413
0,044498429
0,043514859
0,044452631
0,043962229
0,044411016
0,04321872
0,044018158
0,043908048
0,044346296
0,044380246
0,0433004
0,044013309
0,044039613
0,044035592
0,044286309
0,043629075
0,044378032
0,043686301
0,043879532
0,04489537
0,043164081
0,044370563
0,043683542
0,044384094
0,043683625
0,044250616
0,043743216
0,043891759
0,044741202
0,043325771
0,043911832
0,044074558
0,043928747
0,044776908
0,043238065
0,044738398
0,044029473
0,043228654
0,044505311
0,043559086
0,044331339
0,043549146
0,044096038
0,044978061
0,043042571
0,044068133
0,044055478
0,043921539
0,043900296
0,044114793
0,043982525
0,044615181
0,043659386
0,043652194
0,044062299
0,043959385
0,04475861
0,043258428
0,044013331
0,043847523
0,044073907
0,044009817
0,044461703
0,043487805
0,044280932
0,043846447
0,043907327
0,044399165
0,04360749
0,044073996
0,043895023
0,044068211
0,044248384
0,043698735
0,043990953
0,04398122
0,044030972
0,044037652
0,044262042
0,043674195
0,044025975
0,043973972
0,044774197
0,043604841
0,043629229
0,044045356
0,044042878
0,044288618
0,043628967
0,044374987
0,043604403
0,044741744
0,043587006
0,043698959
0,045973005
0,042325147
0,043651018
0,044044527
0,044366817
0,043633985
0,043969413
0,044026621
0,04443429
0,044352285
0,043265962
0,044349446
0,043602442
0,044353238
0,043661233
0,044325964
0,043668355
0,044309622
0,043662292
0,044756104
0,043304342
0,044363005
0,043683125
0,043911459
0,044064844
0,044353781
0,044321862
0,047297982
0,044301017
0,044069301
0,043551092
0,04408249
0,044012606
0,044331299
0,044405981
0,043215758
0,044373225
0,043684581
0,044728412
0,043200732
0,044033682
0,044353707
0,043647337
0,044324846
0,049161012
0,048317053
0,042627078
0,043694611
0,043911408
0,044381089
0,043611406
0,044089532
0,044670736
0,043209873
0,044067487
0,044021321
0,043882286
0,044320828
0,043668843
0,044027584
0,043993294
0,044400487
0,043586692
0,043985491
0,044045954
0,044022051
0,045131692
0,042788839
0,044013944
0,044037897
0,043917758
0,044037601
0,044000126
0,043997093
0,044031979
0,044002952
0,044325821
0,043648806
0,044023183
0,04397309
0,044031147
0,043953321
0,044061045
0,043901472
0,044003321
0,044098942
0,044361071
0,043571168
0,044062445
0,043965526
0,044016791
0,043988081
0,044084534
0,043958618
0,043939001
0,044004717
0,043986742
0,043997956
0,044061478
0,044382681
0,04360253
0,043935738
0,044090435
0,04402725
0,044357354
0,043613778
0,043996515
0,043990095
0,044016581
0,043958358
0,044061116
0,043946675
0,044015796
0,043990719
0,044053195
0,043990359
0,043908017
0,044102122
0,043940089
0,043922464
0,044087471
0,044009614
0,044010637
0,044016905
0,043992193
0,044447425
0,043591327
0,043936005
0,043990369
0,044071365
0,043945229
0,043990713
0,044045299
0,043977987
0,043959105
0,04399806
0,044016793
0,04405455
0,04395873
0,044005329
0,044019534
0,043878766
0,04583725
0,042364948
0,043887201
0,044099359
0,043920216
0,044034368
0,043909266
0,044081759
0,043942991
0,044045811
0,044038285
0,044233108
0,044019902
0,043720178
0,043977397
0,043937346
0,044112115
0,043900155
0,043983521
0,044069706
0,043954889
0,045096684
0,04289233
0,044435921
0,043677419
0,043961123
0,044023902
0,043975555
0,044039475
0,043878669
0,046013979
0,042005127
0,044454257
0,04355287
0,044380524
0,044403253
0,043265041
0,043949282
0,044006359
0,044016663
0,045155808
0,042885731
0,044028881
0,044044129
0,043870866
0,046164456
0,041886414
0,043961123
0,044443389
0,043587753
0,044010053
0,043912678
0,043986704
0,04405316
0,043976534
0,043989035
0,044027774
0,044023156
0,044004649
0,043988448
0,0440168
0,043935329
0,044056572
0,043950531
0,043953433
0,044079605
0,043950704
0,044007897
0,04404532
0,04391722
0,044064442
0,043952443
0,044028396
0,04396197
0,043997709
0,044039095
0,044348136
0,043607653
0,044021327
0,044009349
0,044000331
0,044042002
0,043979913
0,043922119
0,044036075
0,044024275
0,043982698
0,04438527
0,043587029
0,043988392
0,044473194
0,04355318
0,043978436
0,044050596
0,044122631
0,043935963
0,043945968
0,043941874
0,04447502
0,043598344
0,043968058
0,044067762
0,04433851
0,043642054
0,044329595
0,043594412
0,044040846
0,044778307
0,043222243
0,043982336
0,044354023
0,043668631
0,044772819
0,043151774
0,044033414
0,044106236
0,043992979
0,043961694
0,04390759
0,044067861
0,044073008
0,043901746
0,044005004
0,044407774
0,043622247
0,044070798
0,044702659
0,043203678
0,044316826
0,043769189
0,043960228
0,044304091
0,04372872
0,044278836
0,04377613
0,044269639
0,043579303
0,044021043
0,044085516
0,044004936
0,044704954
0,043276802
0,043988944
0,043966382
0,044028964
0,044045081
0,043944805
0,0439985
0,044733117
0,044416597
0,043571167
0,04361051
0,043671238
0,043982706
0,044692772
0,043283508
0,044032431
0,044783463
0,043105288
0,044099666
0,043986014
0,044095727
0,043957151
0,044404127
0,044334795
0,043261241
0,044753786
0,043651839
0,043516119
0,04405328
0,044323185
0,045796717
0,042213355
0,04444969
0,043143573
0,04448261
0,043524884
0,044105388
0,044696813
0,044068859
0,043388569
0,044533906
0,047251893
0,043964387
0,044059391
0,043986149
0,044018627
0,043988306
0,044790988
0,043180837
0,044050678
0,044379934
0,04358042
0,044047019
0,043979387
0,04399397
0,044070225
0,044053609
0,043831848
0,044002989
0,044062871
0,043980478
0,044055707
0,043934309
0,043987306
0,044064624
0,043947348
0,044822413
0,043193148
0,044332599
0,043698097
0,044302432
0,043747569
0,043952007
0,044009719
0,044796044
0,043235319
0,044017483
0,044009533
0,043918451
0,04414703
0,04383833
0,044006657
0,043987637
0,043982443
0,04401918
0,043928533
0,044129242
0,044344819
0,043588701
0,044047888
0,043968078
0,04402574
0,043949314
0,044060574
0,044750887
0,043283661
0,044023491
0,043957408
0,043988711
0,044069784
0,043956466
0,04432601
0,043964242
0,043650387
0,043992451
0,044045653
0,043942258
0,044406409
0,043623937
0,044698409
0,043272951
0,044115412
0,043951747
0,044023228
0,044004349
0,043912921
0,044003373
0,043992488
0,044019526
0,044794842
0,043230076
0,044915971
0,04316145
0,043995397
0,043997736
0,04409361
0,044619334
0,043219122
0,044103263
0,043913817
0,044715767
0,043630911
0,043698317
0,044733611
0,043220745
0,045219607
0,042779011
0,044822954
0,044528536
0,042615498
0,044049051
0,043983583
0,043966264
0,044251741
0,043787372
0,043982225
0,044778365
0,043215257
0,043960948
0,043982331
0,044050724
0,043999123
0,043940349
0,043985425
0,044389612
0,043983863
0,043622775
0,044051526
0,043967478
0,044760171
0,043144294
0,044128655
0,043958851
0,044003918
0,044021298
0,04399615
0,044319671
0,043662345
0,044010917
0,044011882
0,044022025
0,044284151
0,043702744
0,043915814
0,044750595
0,043224704
0,044113971
0,044273317
0,04439834
0,043296317
0,043990705
0,044070362
0,044312656
0,043599943
0,04432396
0,043650623
0,044046995
0,043957164
0,044059812
0,043926732
0,0447104
0,043350251
0,044014479
0,043970573
0,044797295
0,04324713
0,045022246
0,043278336
0,044772749
0,04288724
0,045078644
0,042941702
0,044760245
0,043215362
0,044425656
0,043554113
0,044071218
0,043943192
0,044748205
0,043261453
0,044136236
0,044633498
0,043235823
0,043965558
0,044459861
0,043538617
0,044394505
0,043629102
0,044068959
0,044356877
0,043991833
0,043557296
0,044396075
0,044041435
0,045005173
0,042909255
0,044455834
0,043280784
0,044690779
0,043358713
0,044279894
0,04364369
0,044337672
0,043624063
0,044463097
0,043965446
0,043572659
0,044364111
0,043649062
0,044009936
0,043989766
0,044740429
0,043242284
0,044043214
0,044001365
0,044050613
0,043866612
0,04411188
0,043903549
0,044002707
0,04406987
0,043881191
0,04440662
0,04356955
0,044382046
0,043670967
0,044354397
0,043647365
0,043997699
0,044378541
0,044025674
0,044049318
0,044300337
0,043227828
0,043988159
0,044011452
0,044394787
0,044453372
0,043199437
0,044002736
0,044007412
0,043989046
0,044048963
0,043848774
0,04479119
0,043602026
0,044048147
0,043568446
0,044440239
0,043672136
0,044725401
0,0433312
0,043883415
0,043990363
0,044284518
0,043747156
0,044321861
0,043939242
0,043668264
0,044086746
0,044796476
0,043075892
0,044047115
0,044340285
0,04368998
0,044311096
0,043648389
0,044330911
0,043750673
0,044230718
0,044062377
0,043623678
0,044018946
0,044046489
0,043981259
0,043963353
0,044067403
0,044326286
0,043971583
0,044011694
0,04361942
0,044067599
0,044008465
0,04390156
0,044054201
0,044377483
0,04362394
0,044025133
0,043999002
0,044338807
0,043690737
0,043958152
0,04396454
0,044121067
0,043926359
0,043972397
0,044019713
0,043976181
0,04480827
0,043283855
0,04400391
0,043982763
0,043961244
0,043943013
0,044423649
0,043612672
0,044393207
0,043614881
0,044016754
0,043984951
0,044424652
0,043586315
0,04435936
0,043654866
0,044042964
0,043946679
0,043944425
0,044348596
0,04371181
0,044077023
0,043888717
0,044678048
0,043413679
0,044277143
0,04366457
0,044687701
0,043302863
0,044707063
0,043388459
0,043977721
0,044257028
0,043712572
0,043984622
0,043935867
0,044315504
0,044875702
0,042843942
0,043913378
0,044345196
0,043630972
0,044448881
0,043624956
0,044748175
0,043609629
0,0436501
0,043974483
0,043949345
0,044017699
0,044085685
0,043889742
0,044029467
0,044052325
0,04394955
0,043978921
0,044034725
0,04397947
0,044010172
0,04403802
0,043925879
0,044035109
0,044052158
0,043997205
0,043960542
0,04429988
0,04361548
0,044069777
0,043955807
0,044069766
0,043970053
0,0440558
0,043949601
0,043985241
0,043946429
0,044128353
0,043836846
0,044087502
0,043980366
0,044018921
0,043975065
0,044051386
0,043952898
0,044059758
0,044020432
0,044313273
0,043609525
0,044342936
0,043675116
0,044030576
0,045669614
0,042311633
0,044016114
0,044313263
0,043659718
0,043960568
0,044029613
0,044073669
0,044007191
0,043887472
0,044121064
0,043968917
0,044004904
0,043945682
0,044002378
0,044036149
0,044439278
0,043962064
0,043567031
0,044152959
0,044143887
0,043774232
0,043968849
0,04430654
0,043607266
0,044102906
0,04425613
0,043631199
0,04402106
0,043961123
0,044509578
0,043485092
0,044088873
0,044374978
0,043596472
0,043989569
0,044320465
0,043692085
0,043994372
0,043997877
0,04403332
0,04399529
0,043985341
0,043990986
0,044028286
0,04405278
0,043991254
0,043960836
0,04432506
0,043607654
0,044400813
0,043746115
0,04425157
0,043927592
0,04365917
0,044085158
0,043947817
0,044071971
0,043908006
0,04438315
0,043648673
0,043944254
0,04403983
0,044052331
0,043945913
0,044354208
0,043623088
0,044442959
0,043979854
0,043946227
0,043646475
0,043983302
0,044033636
0,044382998
0,043639082
0,044289704
0,043686311
0,044013589
0,043916675
0,044084907
0,043982794
0,043990844
0,043972613
0,044071063
0,043987654
0,044011481
0,044326068
0,043617495
0,043968424
0,044035099
0,044103096
0,04390511
0,044072669
0,04394851
0,044047942
0,044332804
0,043609354
0,044359506
0,043952624
0,044033368
0,043664536
0,043974863
0,044359324
0,043628119
0,044005211
0,04402521
0,044020445
0,043915947
0,04411092
0,043940915
0,044015165
0,04401502
0,04394069
0,044085093
0,044289914
0,043696332
0,043998821
0,043941149
0,044396054
0,04489082
0,042735488
0,044423076
0,043649995
0,044289966
0,043653552
0,044055001
0,043939285
0,043936871
0,04398079
0,044028778
0,044007912
0,044105512
0,044431203
0,043528216
0,044351841
0,043948415
0,044057505
0,043550767
0,043991758
0,044029523
0,044030277
0,04517064
0,04278185
0,043999446
0,04397436
0,044073547
0,044331658
0,043748895
0,043944343
0,043947792
0,044368338
0,043657882
0,044043856
0,043958737
0,043921546
0,044407214
0,043680853
0,043979011
0,044080681
0,044301454
0,043626882
0,044426267
0,043963474
0,045273753
0,04235489
0,043962027
0,044075526
0,043960173
0,043927064
0,044337037
0,04371503
0,043947382
0,044001245
0,04436768
0,043603437
0,044033519
0,044073033
0,043933031
0,043987619
0,044009987
0,044024706
0,043960327
0,044399998
0,043612188
0,044046067
0,043980516
0,044435691
0,04350983
0,04401273
0,044397427
0,043967996
0,04405755
0,043902064
0,044058636
0,044100726
0,044241272
0,043336875
0,044064929
0,044294817
0,044048205
0,044256178
0,043336748
0,044329756
0,043996118
0,043997244
0,043620077
0,04442925
0,043540938
0,044079162
0,044002323
0,044007919
0,043956463
0,044012166
0,043998546
0,044029394
0,044076565
0,045573109
0,042454764
0,044242606
0,044025981
0,043956873
0,043989494
0,043639465
0,044047309
0,044038549
0,043941126
0,044454126
0,043548403
0,043977004
0,04407113
0,044059461
0,0438368
0,044114365
0,044239597
0,044065513
0,043996256
0,043959188
0,043673515
0,044072558
0,04396323
0,04423421
0,044100676
0,04769003
0,043987442
0,044050758
0,04389834
0,04408364
0,04421459
0,043801634
0,04396665
0,044050808
0,04389558
0,044083572
0,043915791
0,044833826
0,043221999
0,044247918
0,043729459
0,044004782
0,044397717
0,043471881
0,044079929
0,044058739
0,04487066
0,043090517
0,044114213
0,043871499
0,044023944
0,044059084
0,043921147
0,043949309
0,044092997
0,043991945
0,043924557
0,044064045
0,04406231
0,043936009
0,044315287
0,043690116
0,044038558
0,04393658
0,044268411
0,043814317
0,043862021
0,044059005
0,044106662
0,04390719
0,043960932
0,044418973
0,043674478
0,043931929
0,045375467
0,042669266
0,044026853
0,04399021
0,04393076
0,04400575
0,043955206
0,044130617
0,043927515
0,044341608
0,04357584
0,044349233
0,043749824
0,0439048
0,044005019
0,044114457
0,043865926
0,044093271
0,043933119
0,044424612
0,043557119
0,043978728
0,044052856
0,043986698
0,044000543
0,044044461
0,044054942
0,04430806
0,043507027
0,044210731
0,043856924
0,044048287
0,043960206
0,043953559
0,044494072
0,043926382
0,043653558
0,044356328
0,043555357
0,044094012
0,043922313
0,044005
0,044067359
0,044427825
0,043575843
0,044049114
0,043941804
0,044027693
0,043917802
0,04410879
0,043962278
0,044065614
0,043978358
0,044032896
0,043847061
0,044090275
0,044060992
0,043914489
0,044003864
0,0440427
0,044079321
0,043903465
0,043981579
0,043951456
0,043944294
0,044038469
0,043946244
0,044105308
0,044063521
0,043885919
0,044099307
0,043945103
0,043968393
0,043851478
0,044090907
0,045715613
0,042367196
0,043920779
0,043987529
0,044023253
0,04405248
0,043926883
0,044421581
0,043621867
0,044084565
0,043856535
0,044031901
0,04404133
0,04394303
0,044061953
0,044322902
0,043655746
0,044026532
0,04391251
0,043967599
0,044003256
0,044004
0,043950155
0,044096538
0,043991552
0,044108136
0,043975803
0,0439286
0,043967272
0,044055901
0,043949018
0,044003539
0,04402063
0,044079899
0,043977769
0,043865765
0,04408863
0,043940057
0,044163047
0,043935893
0,043858339
0,044094268
0,043985551
0,044194228
0,04375349
0,043990076
0,044111004
0,043919464
0,043979758
0,044019159
0,043942254
0,044080146
0,043974235
0,043943899
0,04408965
0,044034696
0,043990337
0,043953783
0,044040149
0,04398202
0,043978431
0,043988633
0,043958174
0,045356154
0,042610029
0,044035251
0,044120867
0,043904262
0,044034682
0,043938603
0,044088462
0,04390895
0,043983151
0,044018423
0,044046287
0,043906136
0,044190523
0,043947146
0,043977136
0,043941851
0,044049962
0,043958436
0,044038424
0,043966968
0,044008322
0,044024256
0,044361635
0,043621534
0,043926013
0,044087732
0,044436135
0,04347517
0,044044605
0,043928684
0,044146735
0,043855742
0,044058165
0,043964019
0,043977245
0,04409477
0,044009126
0,044140844
0,043826208
0,044009952
0,044176314
0,043772435
0,043943956
0,044083427
0,043979694
0,044006901
0,044044089
0,043939267
0,043959896
0,044117801
0,044062868
0,04400456
0,043814711
0,044080543
0,044039781
0,043836539
0,044054013
0,04406305
0,043943624
0,044107702
0,044360757
0,043525597
0,044023773
0,043946408
0,044064048
0,044012386
0,044018765
0,044133406
0,043905916
0,044303921
0,044030322
0,043589697
0,044020715
0,044093923
0,043948113
0,043874538
0,04403051
0,045407551
0,042716386
0,04387464
0,044055896
0,043999313
0,043998396
0,044055812
0,043980022
0,043917508
0,044091945
0,043940118
0,044063861
0,044026825
0,043936466
0,0440541
0,04392484
0,043970563
0,043966446
0,044076643
0,043912125
0,044044906
0,044040154
0,044019049
0,044030209
0,043789463
0,044522006
0,043572713
0,044085261
0,04398676
0,043946472
0,043962183
0,044105615
0,043909415
0,04391979
0,044142283
0,043899755
0,044121709
0,044053468
0,043930958
0,044016297
0,044008751
0,044053263
0,043967109
0,043917109
0,043966718
0,043970647
0,04399153
0,044422638
0,043930909
0,043754204
0,044025673
0,044228518
0,043632168
0,045466494
0,042505231
0,044113936
0,043849026
0,044079687
0,043971702
0,044127127
0,043968541
0,043842937
0,04451803
0,043581455
0,044103074
0,043931956
0,043955159
0,044077982
0,043891809
0,044027286
0,044062604
0,044003834
0,04405049
0,044223106
0,043635442
0,044125789
0,043923827
0,044006459
0,043965701
0,043995571
0,043927554
0,044116371
0,043973046
0,043981085
0,043860263
0,044101596
0,044159543
0,043831241
0,044429365
0,043574997
0,044396297
0,043580241
0,044009945
0,043987391
0,04403421
0,044394961
0,043630206
0,043963808
0,044029454
0,044016995
0,043903617
0,044075966
0,044392154
0,0435678
0,044311192
0,043657004
0,044023114
0,044066282
0,04395062
0,044012184
0,044016663
0,043884895
0,04405821
0,044056171
0,043921035
0,04409524
0,043998677
0,044042502
0,043850899
0,044094851
0,044094266
0,043957583
0,043925624
0,044122149
0,043781091
0,043970309
0,044094853
0,043948969
0,044306785
0,043714289
0,044084095
0,043889174
0,044098574
0,043898919
0,044054631
0,043868152
0,044199596
0,043932478
0,043896281
0,044065043
0,044033082
0,043979607
0,043940301
0,044091481
0,044063983
0,043926305
0,043918564
0,04404648
0,044292868
0,043638647
0,044074454
0,044359979
0,043578662
0,044132311
0,0439129
0,043915421
0,04446947
0,043925947
0,043608172
0,043979063
0,043987218
0,044070122
0,043992198
0,044434525
0,04363341
0,044286297
0,043578878
0,043991549
0,044038326
0,043976051
0,044047723
0,044021079
0,045728538
0,04234179
0,043888734
0,0440087
0,04395849
0,044312413
0,0436913
0,044103867
0,043947821
0,043933971
0,044072049
0,043971341
0,043967406
0,044079201
0,043932393
0,044133192
0,044260489
0,043630943
0,044322359
0,043648354
0,044048893
0,043984789
0,045994747
0,042381844
0,043654321
0,043997694
0,043985385
0,043936785
0,043920881
0,044129737
0,0443593
0,04360201
0,043998207
0,043916013
0,044063356
0,044040454
0,044091832
0,043936883
0,044312837
0,043664071
0,043992638
0,044384556
0,04354655
0,04402701
0,044414442
0,043717003
0,043962791
0,044220699
0,044186789
0,04360136
0,043897065
0,044378886
0,043731305
0,043891864
0,043945347
0,044029506
0,04406768
0,043952954
0,044355777
0,043747661
0,043932285
0,04406551
0,043866255
0,044090049
0,043882712
0,044044181
0,043983783
0,044058171
0,044041254
0,044324913
0,043647989
0,043994638
0,043951843
0,044373303
0,043585282
0,044377074
0,043676103
0,044322825
0,043631791
0,044440114
0,043602236
0,044440808
0,043576542
0,043942304
0,043942266
0,044133826
0,043911038
0,04402646
0,044073708
0,043923972
0,044382212
0,043666447
0,043948431
0,044411543
0,043559121
0,044008935
0,043997881
0,044388182
0,043990525
0,043723427
0,043854781
0,044072016
0,044347616
0,043645983
0,044405262
0,043964286
0,043700749
0,044008971
0,044001379
0,043934783
0,043972413
0,044442254
0,043523017
0,044074216
0,044009828
0,043937896
0,043985707
0,043997407
0,044097336
0,045478586
0,042490012
0,044459203
0,0435875
0,043949164
0,043930548
0,044402298
0,043655842
0,043919951
0,044100441
0,043945853
0,044046587
0,043930999
0,044022217
0,044012672
0,043953636
0,043987005
0,044039191
0,044006811
0,044005092
0,04400961
0,043941461
0,045840446
0,04217908
0,044004442
0,04401357
0,043980745
0,043980974
0,04402503
0,043999982
0,043942843
0,04397065
0,043993453
0,044149509
0,044086514
0,043835258
0,044018451
0,044039581
0,043946681
0,043975371
0,044064406
0,044033568
0,043929194
0,043931608
0,04413636
0,043923071
0,044140003
0,043844285
0,044020825
0,044120378
0,043860774
0,044068149
0,043887635
0,043979913
0,044139189
0,04392051
