0,002620961
0,001299661
0,001191483
0,043076214
0,00105039
0,001092945
0,004309081
0,001042509
0,001152337
0,001073807
0,001119519
0,001104302
0,001057515
0,00103482
0,001018483
0,001148554
0,001051554
0,00110851
0,001044763
0,001014156
0,001053486
0,001093079
0,001120034
0,001081374
0,001215229
0,001096343
0,001065815
0,001023221
0,001005151
0,001040819
0,001160539
0,001064042
0,001041206
0,00190684
0,001152163
0,001145036
0,001185841
9,98265E-4
0,001124199
0,001084055
0,001052061
8,95741E-4
0,00107396
0,00104793
0,001013011
0,001117727
0,001050286
0,001082738
9,81826E-4
9,59679E-4
0,001019353
0,00119365
0,001079248
0,00108038
0,001035234
0,001102078
0,001021625
0,001047477
0,001039812
0,001085257
0,001159817
0,001008821
0,001046756
0,001065034
0,001035118
9,76486E-4
0,00114562
9,67289E-4
0,001003046
9,89314E-4
0,001027593
9,94491E-4
0,002430902
0,001002725
0,001015792
0,00102309
0,001004324
0,001057062
0,001076815
0,001109059
0,001046917
0,001035815
9,7492E-4
0,001081418
0,001011811
9,99859E-4
9,92211E-4
0,001052241
0,001042378
0,001085772
0,001004369
0,001086204
0,001091477
9,83192E-4
0,001030585
0,001037647
0,001056855
0,001075476
0,001202077
0,001047212
0,001610427
0,001643904
0,001669077
0,001684949
0,00115274
0,001055447
0,001053095
0,001016648
0,001014305
0,001074964
9,77433E-4
0,001007784
9,83781E-4
0,001003406
0,001022386
0,001012986
0,001057222
0,001052736
0,001073672
0,001015501
9,91938E-4
0,001027867
0,002309244
0,001060145
0,001125157
0,001068164
0,001026063
0,001064468
0,001060623
0,001049494
0,001072418
0,001089676
0,001111762
9,75647E-4
0,001039647
0,001016172
0,00110368
0,001094057
0,001057398
0,001050938
0,001671577
0,001615833
0,001598288
0,001611013
0,001194693
0,001142948
0,001047335
0,001103875
9,82234E-4
0,001020323
0,001097356
0,001119003
0,001009282
0,001004256
0,001017592
0,001048089
0,001055438
0,0010045
9,81381E-4
9,943E-4
0,001020598
0,001049593
0,001049844
0,001070528
0,001021325
0,001104626
9,86852E-4
9,98511E-4
0,001010094
0,001037286
9,82482E-4
9,62563E-4
0,001033986
9,64791E-4
0,001031373
0,001017852
0,001070176
0,001041061
0,001070907
0,001105945
0,001028802
0,001046013
9,87475E-4
0,001013311
0,001069288
0,001033253
0,001041299
0,001011893
0,001008736
9,96392E-4
0,001024267
9,89937E-4
0,001031933
0,001040844
0,001123453
9,99452E-4
0,001036994
0,001028979
0,00104521
0,001042454
0,001025044
0,00102413
0,001030271
0,002207277
0,001099774
0,001066124
0,001048369
0,001046322
0,00105793
0,001003189
0,001051482
0,001041304
0,00103144
9,78788E-4
9,61488E-4
0,001088282
9,93139E-4
0,001138483
0,001026189
0,001031832
0,001195331
0,001084011
0,001038513
0,001072173
0,001009393
0,001044939
0,001026475
0,001022943
0,00111559
0,001106484
0,001154532
0,001016179
9,91152E-4
0,001045958
0,001080074
0,001031397
0,00109524
0,001014538
0,001207099
0,001020279
9,9459E-4
0,001011082
0,001026433
0,001056669
0,001077016
0,001095464
0,001051969
0,001002303
9,57975E-4
0,001013918
0,00100827
0,001110291
0,001080466
0,001081983
0,001005655
0,001103072
0,001049944
0,001022627
0,001023917
0,001048002
9,72975E-4
0,001009647
9,77883E-4
9,59814E-4
9,98343E-4
9,76144E-4
0,001026346
0,001186564
0,001115924
0,001088841
0,001091455
0,001046351
0,001060063
9,98994E-4
0,001058121
9,52558E-4
9,77702E-4
0,001023522
0,001014602
0,001055857
0,001073892
0,001086319
0,001093667
0,001024161
9,85401E-4
9,64154E-4
9,70546E-4
0,001097189
0,001072399
0,001024426
0,001159452
0,001010226
0,001014344
9,71713E-4
0,001056853
0,001063933
9,93538E-4
0,001057049
0,001096678
0,001056938
0,001104025
0,001072392
0,001080565
0,001058682
9,87326E-4
0,001045519
9,87577E-4
9,49737E-4
0,001035291
0,001060627
0,00103594
0,001139293
0,001078401
0,001090036
0,001051548
0,001087577
0,001043815
9,62963E-4
9,5889E-4
9,56053E-4
0,001122533
0,001069266
0,001100206
0,001038563
0,001082532
0,001062914
0,001044911
0,001079518
9,86627E-4
0,001054105
9,86848E-4
0,001000835
0,001025507
0,001044375
0,001014022
0,001066367
0,001011616
0,001126782
9,89967E-4
9,88231E-4
0,001047355
0,001073552
9,62109E-4
9,78668E-4
0,001023773
0,001061333
9,87152E-4
9,73437E-4
9,79957E-4
9,62674E-4
9,83178E-4
9,42113E-4
9,94809E-4
0,001095678
0,001006538
0,001013351
0,001019962
0,001127138
0,001156775
0,001011638
0,001069014
0,001985062
0,001002122
0,001126361
0,001098673
9,99651E-4
0,001021626
0,001037358
9,77204E-4
9,9777E-4
0,001034486
0,001035263
0,001039986
0,001031602
0,001069015
0,00102717
0,002361928
9,65884E-4
9,80751E-4
0,001011228
0,001117753
9,95231E-4
0,001047779
0,001123272
0,001085763
0,001058032
9,92356E-4
0,001076207
0,001014622
0,001022094
9,94445E-4
0,002212885
0,001121719
0,001137351
9,94882E-4
0,00110557
0,001013418
0,001031506
9,49701E-4
9,91842E-4
0,001004736
0,001082045
0,001094374
0,00106961
0,00106332
0,001019367
0,002010317
0,001027903
0,001093387
9,72679E-4
0,001030255
0,001165231
0,001051983
0,001038687
0,001028727
0,001026041
0,001077668
9,92272E-4
0,001155887
0,001016665
0,002162542
9,73247E-4
9,58693E-4
9,98581E-4
9,79845E-4
0,001015711
0,00100179
9,4791E-4
0,00100473
0,001049087
9,86438E-4
9,99076E-4
9,81798E-4
0,001148772
0,002214256
0,001099801
0,001107089
0,001009905
0,001044955
0,001071002
0,001115342
0,00104664
9,93578E-4
9,8502E-4
0,00101577
0,001055946
0,001071809
0,001081596
9,69827E-4
9,80996E-4
0,001040611
9,88421E-4
0,001069963
0,001075502
0,00103403
0,001073624
9,7553E-4
0,001019515
0,001002436
0,00108352
0,0010686
0,001023243
0,001077358
9,83371E-4
9,75408E-4
0,001077384
0,001064027
9,81389E-4
0,001006939
9,76579E-4
0,001063616
0,001052155
0,001053718
0,001058006
0,001020288
0,001041596
0,001005044
0,001004905
9,68805E-4
9,71E-4
0,001013593
0,001028216
0,001143199
0,001043464
9,83557E-4
9,86792E-4
9,90594E-4
9,73146E-4
0,001142787
0,001004209
9,50427E-4
9,62633E-4
0,001143557
0,001030755
9,96674E-4
0,001033616
0,001055127
9,74254E-4
0,001012648
0,001065567
0,001008186
0,001041417
0,00107027
0,001047311
0,001028258
0,001027389
9,95191E-4
0,001038282
0,001068825
9,66932E-4
9,35351E-4
9,89015E-4
9,75747E-4
9,66739E-4
0,001097591
0,001058375
0,001084994
0,001024685
0,001948932
0,001051127
0,001061747
0,001050083
0,001055616
0,001007512
0,001072287
0,001080887
9,96213E-4
0,001040974
0,001008776
0,001005076
0,001045818
0,00106339
0,001041058
9,94642E-4
9,81856E-4
9,68974E-4
0,002032537
0,001023699
0,001105865
0,001068203
0,001012007
0,001079717
0,001168626
0,001067015
0,001078513
0,001000873
0,001086408
0,001009499
0,001063756
9,5E-4
9,79645E-4
0,00100014
0,001104644
0,001015176
0,001045816
0,001136352
0,001050904
0,001026148
0,001011334
0,001049441
9,83475E-4
0,001019853
0,001028554
0,001039638
9,75115E-4
0,001027203
9,99656E-4
9,71929E-4
9,95688E-4
0,001067798
9,2285E-4
9,62054E-4
0,001131727
9,88074E-4
0,001020429
0,001001179
0,001029997
0,001021987
0,001017414
9,50276E-4
0,001005109
0,001006269
9,95997E-4
0,001040509
0,001054821
9,42739E-4
9,90901E-4
9,92773E-4
9,98496E-4
0,001008035
9,9996E-4
0,001149679
0,001036078
0,001033352
0,001108194
0,001017177
0,001002897
0,001001956
0,001012658
0,001000972
0,001004878
0,001035001
0,001148939
0,001050964
0,001071473
0,001028267
9,94038E-4
9,78887E-4
0,001072212
9,68223E-4
9,58122E-4
0,001182602
0,001004075
0,001004135
0,001112661
0,001094925
0,001053677
0,001053054
0,001111269
0,001022925
0,001031944
0,001087296
0,001029646
0,001026508
0,001043692
9,79762E-4
0,001007604
9,79554E-4
0,001098141
0,001098607
0,001064553
9,9215E-4
0,001080296
0,001014428
0,001105584
9,41066E-4
0,001049909
0,001040896
9,86641E-4
9,72918E-4
0,00122406
0,00105767
0,00110908
9,97884E-4
0,001158339
0,001048713
0,001152402
0,001019196
0,001046169
9,9788E-4
0,001034076
0,001013915
0,001010373
0,001054977
0,001145089
9,99674E-4
9,40027E-4
0,001054856
9,77314E-4
0,001082433
9,51543E-4
0,001045959
0,001113726
0,001030848
0,001030747
0,001064063
0,001019127
0,001047882
0,001094945
0,001092732
0,001056759
0,00105104
0,001133378
9,98103E-4
0,001017181
9,9424E-4
0,001056948
9,97122E-4
0,001040511
0,001029033
0,001005878
0,001015357
0,001246626
0,00109191
0,001064157
0,001023435
0,001084348
0,001060055
0,001118504
0,001042958
0,001062282
9,94819E-4
0,00100356
9,84576E-4
0,001036297
0,00102044
0,001075762
9,91641E-4
0,001045059
9,95519E-4
0,001009938
9,98654E-4
9,77034E-4
0,001019401
0,001027549
0,001002787
9,84036E-4
0,001048901
0,001030775
0,001004144
0,001052786
0,001006081
0,00107232
0,001109962
0,001088765
0,001088077
0,001028082
0,001059313
0,001040607
0,001065114
0,001066611
0,001040625
0,001133616
9,57992E-4
0,001119522
9,79571E-4
0,001060543
0,001102468
0,001113417
0,001101423
0,00109457
0,001029153
0,00100865
9,77327E-4
9,76709E-4
0,001023243
0,001052324
0,001153413
0,001142621
0,001138373
0,00110494
0,001066909
0,001064492
0,001068515
0,001055029
0,00114494
0,001080418
0,00104851
0,001033863
0,001047819
0,001017928
0,001033549
0,001083358
0,001099383
0,001111247
