6,9675E-5
7,0796E-5
7,0599E-5
7,9607E-5
7,9674E-5
7,8197E-5
6,9973E-5
7,283E-5
7,3012E-5
7,1062E-5
6,9508E-5
8,764E-5
7,1259E-5
7,756E-5
7,7981E-5
9,0037E-5
7,6965E-5
7,6946E-5
8,1468E-5
7,7498E-5
9,1359E-5
7,6167E-5
8,2544E-5
7,7381E-5
7,6248E-5
7,5923E-5
6,8999E-5
6,9879E-5
7,3357E-5
7,0758E-5
7,6305E-5
7,6046E-5
8,0941E-5
7,1823E-5
7,3101E-5
7,1128E-5
7,7486E-5
7,7397E-5
7,9118E-5
7,664E-5
7,5495E-5
7,771E-5
7,2671E-5
7,1187E-5
7,1001E-5
7,3512E-5
7,0549E-5
7,04E-5
7,0725E-5
7,1799E-5
7,1782E-5
7,4799E-5
7,4835E-5
7,0594E-5
6,9178E-5
7,1227E-5
7,1742E-5
7,023E-5
7,1751E-5
7,5051E-5
7,1885E-5
7,0916E-5
7,5365E-5
7,7296E-5
7,6254E-5
7,8418E-5
7,3885E-5
7,181E-5
7,0027E-5
6,9407E-5
6,9152E-5
7,0146E-5
7,0743E-5
7,0009E-5
7,0295E-5
7,0401E-5
7,1147E-5
7,1269E-5
7,0397E-5
7,0843E-5
7,0933E-5
7,1861E-5
7,075E-5
7,0343E-5
7,0206E-5
7,1041E-5
6,9724E-5
7,0245E-5
7,0706E-5
6,8758E-5
7,0134E-5
6,9784E-5
7,3409E-5
7,0952E-5
7,5016E-5
7,51E-5
7,9159E-5
7,8299E-5
7,5778E-5
7,5742E-5
7,7314E-5
7,7537E-5
7,6383E-5
8,405E-5
7,7762E-5
7,507E-5
7,5204E-5
7,7238E-5
7,6713E-5
7,6613E-5
7,7828E-5
7,6083E-5
7,5742E-5
7,8212E-5
7,7346E-5
7,635E-5
7,8275E-5
7,5861E-5
1,39E-4
1,32117E-4
1,35114E-4
1,39309E-4
9,4919E-5
7,5804E-5
7,7288E-5
8,679E-5
7,6162E-5
7,5358E-5
7,5633E-5
7,6243E-5
7,9112E-5
7,7616E-5
8,0977E-5
7,6424E-5
7,6528E-5
7,6966E-5
8,2004E-5
9,2493E-5
7,2362E-5
7,074E-5
7,3852E-5
7,1183E-5
7,0682E-5
7,1752E-5
7,4573E-5
7,144E-5
7,0339E-5
7,1214E-5
7,0999E-5
7,5903E-5
7,0977E-5
7,9149E-5
7,5336E-5
7,5599E-5
7,696E-5
7,5193E-5
7,8535E-5
7,4286E-5
7,4368E-5
7,5854E-5
7,8237E-5
7,2366E-5
7,1977E-5
7,5637E-5
7,5117E-5
7,5578E-5
7,7088E-5
7,5039E-5
7,0128E-5
7,6402E-5
1,34883E-4
1,51076E-4
1,34669E-4
1,42194E-4
7,6624E-5
7,7839E-5
8,109E-5
7,792E-5
8,7674E-5
7,5625E-5
7,0708E-5
7,2104E-5
7,0735E-5
7,1571E-5
7,1723E-5
7,1879E-5
7,3894E-5
7,1637E-5
8,6332E-5
8,0786E-5
7,033E-5
7,2178E-5
7,1088E-5
7,0677E-5
7,4004E-5
7,0668E-5
6,9131E-5
7,4531E-5
7,0769E-5
7,3064E-5
7,1652E-5
7,4988E-5
8,1727E-5
7,8672E-5
7,6143E-5
7,6588E-5
7,8223E-5
7,5158E-5
7,6834E-5
7,8572E-5
7,6218E-5
7,7245E-5
7,7754E-5
7,916E-5
7,6893E-5
7,1598E-5
7,4268E-5
7,2048E-5
7,3526E-5
7,1616E-5
7,6058E-5
7,6932E-5
7,5896E-5
7,4517E-5
7,06E-5
7,0423E-5
7,1771E-5
7,7875E-5
7,1577E-5
7,1237E-5
6,9118E-5
1,28915E-4
1,22491E-4
1,39664E-4
1,34607E-4
1,31984E-4
1,41738E-4
7,9706E-5
7,7617E-5
7,2725E-5
7,1616E-5
7,802E-5
7,232E-5
7,1895E-5
7,4275E-5
7,1521E-5
8,3371E-5
7,0637E-5
7,2178E-5
7,5897E-5
7,7245E-5
7,67E-5
7,9706E-5
7,6054E-5
8,1486E-5
7,5315E-5
7,6011E-5
7,8295E-5
8,0095E-5
7,5268E-5
7,1059E-5
7,7625E-5
8,0195E-5
7,7241E-5
7,6125E-5
7,6781E-5
7,1277E-5
8,0475E-5
7,5583E-5
7,6973E-5
7,1914E-5
7,8114E-5
7,9792E-5
7,7729E-5
7,6452E-5
7,7625E-5
7,1647E-5
7,224E-5
7,4817E-5
7,2803E-5
7,1559E-5
7,1966E-5
7,0225E-5
6,9733E-5
7,2943E-5
7,5602E-5
7,1039E-5
7,0642E-5
7,0006E-5
6,9915E-5
7,3583E-5
6,9901E-5
7,0462E-5
7,102E-5
7,0494E-5
7,0112E-5
7,5168E-5
7,253E-5
7,1725E-5
7,2028E-5
7,1333E-5
7,1084E-5
7,5359E-5
7,1013E-5
1,22902E-4
1,26822E-4
1,44977E-4
1,28547E-4
1,26989E-4
1,28907E-4
1,28712E-4
9,006E-5
7,0065E-5
7,8432E-5
7,8648E-5
7,1917E-5
7,0424E-5
7,0407E-5
7,0734E-5
8,5967E-5
7,4577E-5
7,0651E-5
7,4815E-5
7,5938E-5
7,506E-5
7,5539E-5
8,1213E-5
7,4843E-5
7,031E-5
7,0421E-5
7,0032E-5
7,347E-5
7,0988E-5
7,5314E-5
7,5652E-5
7,5922E-5
7,557E-5
7,734E-5
7,4884E-5
7,2294E-5
7,1435E-5
7,0863E-5
7,244E-5
7,0511E-5
8,2818E-5
7,0551E-5
8,6043E-5
6,9958E-5
7,3272E-5
7,1639E-5
7,6585E-5
9,1051E-5
8,7952E-5
7,9597E-5
7,7632E-5
7,7567E-5
7,9865E-5
7,4926E-5
7,7011E-5
7,562E-5
7,6514E-5
7,5649E-5
7,6945E-5
7,5766E-5
7,7096E-5
7,5693E-5
7,6886E-5
7,6206E-5
7,6174E-5
7,662E-5
7,5776E-5
7,5916E-5
7,5991E-5
7,6076E-5
7,547E-5
7,6739E-5
7,9007E-5
7,7228E-5
7,8574E-5
7,8077E-5
7,5869E-5
7,6108E-5
7,5783E-5
7,6146E-5
7,688E-5
7,6713E-5
7,7391E-5
7,7229E-5
8,4162E-5
7,6173E-5
7,5318E-5
7,6438E-5
8,4968E-5
7,9751E-5
7,8044E-5
9,9628E-5
8,0178E-5
7,7485E-5
7,7224E-5
7,4678E-5
7,5397E-5
7,5798E-5
7,5479E-5
9,4138E-5
8,6367E-5
7,5194E-5
7,6313E-5
7,6811E-5
7,6654E-5
7,6218E-5
7,5366E-5
7,5725E-5
7,5409E-5
7,5733E-5
7,6851E-5
7,6315E-5
7,618E-5
7,6908E-5
7,7485E-5
7,6654E-5
7,8431E-5
7,0132E-5
7,332E-5
7,2445E-5
7,12E-5
8,1822E-5
8,2542E-5
7,3738E-5
7,1532E-5
7,7242E-5
7,0667E-5
7,9114E-5
7,114E-5
7,0101E-5
7,5936E-5
7,7536E-5
7,4876E-5
7,5163E-5
7,7717E-5
7,5448E-5
7,6988E-5
8,5319E-5
7,8036E-5
7,6714E-5
7,9178E-5
7,6844E-5
7,6075E-5
9,4725E-5
7,5318E-5
7,6135E-5
7,7098E-5
7,7135E-5
7,6196E-5
7,6325E-5
7,5998E-5
7,5947E-5
7,7271E-5
7,6952E-5
7,6404E-5
7,6931E-5
7,5674E-5
7,7276E-5
7,8007E-5
7,6438E-5
7,6774E-5
7,6772E-5
7,8759E-5
7,5212E-5
7,7499E-5
7,7095E-5
9,2193E-5
7,974E-5
7,5772E-5
7,575E-5
7,6868E-5
7,5156E-5
7,5637E-5
7,0308E-5
7,3952E-5
7,0342E-5
7,6216E-5
7,514E-5
8,0152E-5
7,5911E-5
7,5227E-5
7,6739E-5
7,5126E-5
8,4182E-5
7,6006E-5
6,8888E-5
7,194E-5
7,0641E-5
7,042E-5
7,1835E-5
6,9922E-5
6,9805E-5
9,0015E-5
7,1269E-5
6,9183E-5
7,1602E-5
7,1283E-5
6,9071E-5
7,0363E-5
7,0353E-5
7,0863E-5
7,3601E-5
7,3213E-5
7,1615E-5
6,9775E-5
7,1987E-5
7,128E-5
8,1574E-5
7,8561E-5
6,9437E-5
7,2111E-5
7,5321E-5
7,4316E-5
7,5266E-5
7,4237E-5
7,7873E-5
9,2784E-5
7,6466E-5
7,637E-5
7,692E-5
7,6371E-5
7,6714E-5
7,832E-5
7,6017E-5
7,9431E-5
7,7356E-5
7,6258E-5
7,7228E-5
7,6734E-5
7,4853E-5
7,1489E-5
7,9145E-5
7,6258E-5
7,6056E-5
6,9737E-5
7,2426E-5
7,0424E-5
6,9249E-5
7,8228E-5
6,9962E-5
7,0007E-5
6,9963E-5
7,1959E-5
6,9423E-5
7,3541E-5
7,4243E-5
7,2215E-5
7,046E-5
7,3684E-5
7,0694E-5
7,1315E-5
7,0536E-5
7,4346E-5
7,712E-5
8,5124E-5
7,5587E-5
7,7422E-5
7,8623E-5
7,7392E-5
7,6932E-5
7,7565E-5
7,6556E-5
7,6637E-5
7,7903E-5
9,6488E-5
7,769E-5
7,0351E-5
7,3842E-5
7,1808E-5
7,1389E-5
7,241E-5
7,1321E-5
7,1829E-5
6,9858E-5
8,25E-5
7,7503E-5
7,9871E-5
8,0338E-5
7,7741E-5
7,8097E-5
8,6032E-5
7,7364E-5
7,7885E-5
7,9971E-5
7,662E-5
7,664E-5
7,6488E-5
7,8443E-5
7,7363E-5
7,6087E-5
7,9759E-5
7,7704E-5
8,1337E-5
7,7585E-5
7,0464E-5
7,1729E-5
9,0693E-5
7,6453E-5
7,7296E-5
8,2364E-5
7,6757E-5
7,9197E-5
7,415E-5
7,6317E-5
7,9806E-5
7,8792E-5
1,0095E-4
7,2454E-5
9,2518E-5
7,3016E-5
7,238E-5
7,3838E-5
7,2183E-5
7,5215E-5
7,3173E-5
8,0542E-5
7,2868E-5
1,16874E-4
8,7911E-5
7,3396E-5
1,07066E-4
9,7064E-5
8,61E-5
8,3084E-5
7,6415E-5
8,1147E-5
7,8803E-5
7,8183E-5
7,9789E-5
9,7976E-5
8,2325E-5
8,6101E-5
8,1793E-5
9,5539E-5
7,0897E-5
7,7999E-5
7,8749E-5
8,5287E-5
7,9676E-5
7,7962E-5
8,0714E-5
7,8613E-5
8,6149E-5
7,6726E-5
8,0207E-5
7,6521E-5
7,6247E-5
7,2798E-5
7,6593E-5
7,1069E-5
7,1053E-5
8,4063E-5
8,0455E-5
1,24547E-4
9,7127E-5
7,9831E-5
7,3999E-5
8,8014E-5
8,7431E-5
7,865E-5
7,5877E-5
1,11016E-4
7,7841E-5
7,4519E-5
7,0705E-5
1,0888E-4
9,3089E-5
8,0855E-5
7,6117E-5
7,6477E-5
7,3586E-5
7,1311E-5
6,9908E-5
7,6325E-5
6,9289E-5
7,3976E-5
6,8978E-5
7,1622E-5
8,2124E-5
7,4194E-5
7,7414E-5
7,692E-5
7,2815E-5
7,0317E-5
7,1797E-5
7,5285E-5
7,6085E-5
7,7969E-5
7,6399E-5
7,4849E-5
7,7857E-5
7,5415E-5
7,936E-5
7,8411E-5
1,01871E-4
7,6864E-5
7,3253E-5
7,0887E-5
7,2168E-5
7,6731E-5
7,0128E-5
7,5467E-5
7,6006E-5
7,3737E-5
7,4129E-5
7,4256E-5
7,4917E-5
8,185E-5
7,4469E-5
7,5706E-5
7,4711E-5
7,8088E-5
8,5107E-5
7,6429E-5
7,5644E-5
9,6783E-5
7,5686E-5
7,5431E-5
7,5039E-5
7,761E-5
8,3444E-5
8,8558E-5
7,6099E-5
7,9825E-5
7,6711E-5
7,6408E-5
8,2916E-5
8,4248E-5
7,719E-5
7,7409E-5
7,6414E-5
8,0703E-5
7,1951E-5
7,0665E-5
7,0306E-5
7,1412E-5
7,5188E-5
8,1507E-5
7,4958E-5
7,5963E-5
7,2155E-5
7,1504E-5
7,1837E-5
6,9559E-5
7,108E-5
7,6458E-5
8,1857E-5
7,0804E-5
6,9837E-5
7,6632E-5
7,0243E-5
7,1039E-5
7,6236E-5
8,2876E-5
7,5109E-5
6,9982E-5
8,0417E-5
7,0167E-5
7,1808E-5
7,1785E-5
7,2605E-5
7,093E-5
7,1595E-5
7,1312E-5
7,6231E-5
7,6087E-5
7,1855E-5
7,4293E-5
7,1051E-5
6,9905E-5
7,0947E-5
6,9568E-5
7,1278E-5
7,0153E-5
7,9446E-5
7,6223E-5
7,6484E-5
7,5205E-5
7,8407E-5
7,7044E-5
7,559E-5
7,6672E-5
7,0208E-5
7,0408E-5
7,3099E-5
7,0499E-5
7,4529E-5
7,5154E-5
7,5304E-5
8,7021E-5
7,42E-5
7,028E-5
7,0601E-5
7,1282E-5
7,3109E-5
7,1078E-5
7,0808E-5
7,0948E-5
7,7839E-5
7,1001E-5
7,485E-5
7,1054E-5
7,193E-5
7,5269E-5
7,4753E-5
7,534E-5
7,6396E-5
7,0745E-5
7,1356E-5
7,2662E-5
7,0049E-5
7,667E-5
8,0705E-5
7,6926E-5
6,9877E-5
7,037E-5
7,101E-5
7,2955E-5
7,4382E-5
6,9924E-5
6,9851E-5
7,0472E-5
6,9568E-5
7,0493E-5
7,0359E-5
7,1731E-5
7,0937E-5
7,4775E-5
7,7471E-5
7,806E-5
7,7549E-5
7,6189E-5
7,1437E-5
8,3373E-5
7,5275E-5
7,8198E-5
7,75E-5
7,0001E-5
7,9057E-5
7,5251E-5
7,1739E-5
7,6163E-5
6,9835E-5
7,0388E-5
7,1808E-5
6,9821E-5
6,9588E-5
7,0881E-5
7,1348E-5
6,9775E-5
7,203E-5
7,1494E-5
6,9358E-5
8,1463E-5
7,9069E-5
7,0861E-5
7,9203E-5
9,0623E-5
7,032E-5
7,16E-5
8,0724E-5
9,6892E-5
7,0665E-5
7,0964E-5
7,1657E-5
7,1815E-5
8,8026E-5
9,8129E-5
7,7804E-5
7,7781E-5
8,6168E-5
7,6703E-5
7,8102E-5
8,0304E-5
7,8312E-5
7,3088E-5
7,1359E-5
7,7073E-5
8,0336E-5
6,9804E-5
7,887E-5
8,0262E-5
7,8083E-5
7,7813E-5
7,0804E-5
7,1718E-5
7,2024E-5
7,0726E-5
7,3796E-5
7,0447E-5
7,2729E-5
7,9504E-5
7,4935E-5
7,587E-5
7,7701E-5
7,6343E-5
7,717E-5
7,6484E-5
7,5409E-5
7,6944E-5
7,6812E-5
7,5278E-5
7,4933E-5
7,7508E-5
7,5576E-5
9,6499E-5
7,6426E-5
7,5085E-5
7,9196E-5
7,5735E-5
7,5434E-5
8,3431E-5
7,5732E-5
7,4772E-5
7,6268E-5
7,8629E-5
7,5687E-5
7,0084E-5
7,4695E-5
7,6358E-5
8,0547E-5
7,1084E-5
7,0261E-5
7,9487E-5
7,6848E-5
7,8812E-5
7,6679E-5
7,681E-5
7,8139E-5
8,0178E-5
7,4714E-5
7,8314E-5
7,5955E-5
7,5458E-5
7,5741E-5
7,8953E-5
7,644E-5
7,5695E-5
7,8051E-5
7,7237E-5
7,7158E-5
7,6619E-5
8,0406E-5
6,9846E-5
7,0392E-5
7,2717E-5
6,9399E-5
7,1572E-5
7,1605E-5
8,0298E-5
7,0831E-5
8,8184E-5
7,2035E-5
7,0521E-5
7,6039E-5
7,4735E-5
7,1012E-5
7,0918E-5
7,2183E-5
7,3924E-5
7,1809E-5
7,6411E-5
7,6072E-5
7,6623E-5
7,1714E-5
6,8923E-5
7,1166E-5
7,0392E-5
7,0883E-5
9,5907E-5
8,3565E-5
7,132E-5
7,1132E-5
8,4871E-5
7,0772E-5
7,0548E-5
7,0276E-5
7,349E-5
7,1323E-5
7,0692E-5
7,054E-5
7,8601E-5
7,5488E-5
7,6141E-5
7,1269E-5
7,1042E-5
7,0699E-5
7,0741E-5
7,2996E-5
7,0066E-5
7,0407E-5
7,5456E-5
7,5966E-5
7,7146E-5
7,5542E-5
7,9654E-5
7,5596E-5
7,7463E-5
7,5499E-5
7,1562E-5
7,0367E-5
7,0298E-5
6,9435E-5
7,5749E-5
7,125E-5
7,0222E-5
6,8986E-5
7,5358E-5
7,0319E-5
7,115E-5
7,0675E-5
7,1224E-5
7,0268E-5
7,4359E-5
7,0036E-5
7,8471E-5
7,4536E-5
7,7272E-5
7,865E-5
7,8142E-5
7,5365E-5
7,5021E-5
7,6332E-5
8,1121E-5
7,6158E-5
7,0499E-5
7,0815E-5
6,9754E-5
7,6301E-5
8,5378E-5
7,45E-5
7,0519E-5
7,5155E-5
7,0955E-5
7,3242E-5
7,1489E-5
7,409E-5
7,0858E-5
7,3648E-5
7,0813E-5
7,5977E-5
8,0971E-5
7,7402E-5
7,8273E-5
7,2373E-5
7,1195E-5
7,0369E-5
7,8598E-5
7,9603E-5
7,357E-5
7,7933E-5
7,0514E-5
7,0332E-5
7,1007E-5
7,2487E-5
7,0584E-5
7,6002E-5
8,0053E-5
7,6959E-5
7,6533E-5
7,4344E-5
6,9629E-5
7,7515E-5
7,1141E-5
7,4726E-5
7,1617E-5
7,4152E-5
7,1119E-5
7,4207E-5
7,0496E-5
7,4224E-5
7,577E-5
7,589E-5
7,6009E-5
7,7123E-5
7,6398E-5
7,5184E-5
7,6059E-5
9,1051E-5
7,9305E-5
7,4321E-5
7,6637E-5
7,5771E-5
7,5337E-5
7,6088E-5
7,7919E-5
7,146E-5
7,3033E-5
7,4393E-5
7,489E-5
7,7143E-5
7,8092E-5
7,4142E-5
7,6464E-5
7,5832E-5
7,548E-5
7,6152E-5
7,6264E-5
7,6128E-5
7,9511E-5
7,699E-5
7,6533E-5
7,5305E-5
7,5721E-5
7,6274E-5
7,5561E-5
7,5824E-5
7,0785E-5
7,2761E-5
7,1545E-5
7,5099E-5
7,2332E-5
7,6907E-5
7,2007E-5
7,149E-5
7,4855E-5
6,9742E-5
7,7361E-5
7,6155E-5
7,6781E-5
7,6401E-5
7,5996E-5
7,599E-5
8,4168E-5
8,0299E-5
7,1885E-5
7,1397E-5
7,1157E-5
7,5699E-5
7,0588E-5
7,2395E-5
7,0115E-5
7,0585E-5
6,989E-5
7,0716E-5
7,0347E-5
7,0452E-5
7,1122E-5
7,7002E-5
7,1281E-5
7,0243E-5
7,6759E-5
7,8663E-5
7,2862E-5
7,0533E-5
7,0919E-5
7,3523E-5
7,0617E-5
7,0301E-5
7,7975E-5
7,5966E-5
7,5688E-5
7,7776E-5
7,8973E-5
7,0127E-5
7,1146E-5
6,9799E-5
6,9007E-5
7,0999E-5
8,9786E-5
7,235E-5
7,4156E-5
7,5426E-5
7,0644E-5
7,945E-5
7,5544E-5
6,9817E-5
6,9216E-5
6,9867E-5
7,0153E-5
7,2378E-5
7,0415E-5
7,0805E-5
7,0742E-5
7,3998E-5
7,2116E-5
7,4511E-5
7,0299E-5
7,0707E-5
6,9699E-5
7,5091E-5
6,9657E-5
7,5026E-5
7,11E-5
7,297E-5
7,0796E-5
6,9428E-5
7,1823E-5
7,3276E-5
7,2401E-5
7,6531E-5
7,098E-5
7,6149E-5
7,7389E-5
7,5706E-5
7,5157E-5
7,9314E-5
7,565E-5
8,2202E-5
7,5943E-5
7,6706E-5
7,623E-5
7,6491E-5
8,1985E-5
0,001327042
7,6038E-5
7,9497E-5
7,5858E-5
7,669E-5
7,5556E-5
7,5341E-5
7,6989E-5
7,4228E-5
7,0634E-5
7,0258E-5
7,2066E-5
7,2429E-5
7,4706E-5
7,2367E-5
6,9882E-5
6,9795E-5
7,1437E-5
7,0692E-5
7,0456E-5
7,1504E-5
7,7731E-5
7,1758E-5
7,1539E-5
7,089E-5
7,5362E-5
7,0135E-5
7,1934E-5
7,174E-5
7,4705E-5
7,6878E-5
7,4142E-5
7,5106E-5
7,0739E-5
7,398E-5
7,0046E-5
7,2246E-5
8,6344E-5
7,3606E-5
9,0354E-5
7,6749E-5
7,0485E-5
8,1054E-5
7,1533E-5
7,0085E-5
7,1617E-5
7,1563E-5
7,3796E-5
7,4578E-5
7,4428E-5
7,446E-5
7,5032E-5
7,465E-5
7,6561E-5
7,5502E-5
7,4713E-5
7,5179E-5
7,5672E-5
7,4555E-5
7,4756E-5
7,4612E-5
7,6416E-5
7,6356E-5
7,6264E-5
7,4525E-5
7,7844E-5
7,6272E-5
7,3258E-5
7,399E-5
7,5688E-5
7,5952E-5
7,0215E-5
6,9695E-5
7,8037E-5
7,4282E-5
7,5014E-5
7,5288E-5
7,512E-5
7,4448E-5
7,8152E-5
8,3216E-5
7,5684E-5
7,0899E-5
7,1313E-5
7,358E-5
7,7994E-5
7,7543E-5
7,6262E-5
7,8894E-5
9,4752E-5
7,6011E-5
8,3282E-5
8,5223E-5
7,5334E-5
8,5339E-5
8,8183E-5
7,2776E-5
7,071E-5
7,6953E-5
7,7148E-5
7,8148E-5
7,4464E-5
7,4206E-5
7,5328E-5
7,4093E-5
7,4223E-5
7,2038E-5
7,3348E-5
7,0852E-5
7,6608E-5
7,6171E-5
7,5763E-5
7,4534E-5
7,4183E-5
7,201E-5
7,1377E-5
7,0559E-5
6,977E-5
7,5144E-5
7,3944E-5
7,483E-5
7,6705E-5
7,0427E-5
7,0557E-5
7,3797E-5
6,9852E-5
7,7298E-5
7,7659E-5
7,6726E-5
7,5769E-5
7,1024E-5
7,199E-5
7,07E-5
7,0379E-5
7,9368E-5
7,5395E-5
8,1712E-5
7,7587E-5
7,5218E-5
7,5606E-5
7,6381E-5
7,7279E-5
7,7495E-5
7,646E-5
7,8809E-5
7,9671E-5
7,5902E-5
7,4983E-5
7,5141E-5
7,489E-5
7,6555E-5
7,8318E-5
7,8859E-5
7,716E-5
7,6451E-5
7,6261E-5
7,7455E-5
7,6477E-5
7,7018E-5
1,03725E-4
7,8017E-5
7,8742E-5
7,7598E-5
7,7094E-5
7,6939E-5
9,5263E-5
7,6439E-5
7,3005E-5
7,0098E-5
7,1923E-5
7,871E-5
7,1861E-5
7,617E-5
7,1027E-5
7,1757E-5
7,2252E-5
6,9854E-5
7,0898E-5
7,1196E-5
1,36026E-4
1,38619E-4
7,5884E-5
7,6911E-5
8,077E-5
7,8809E-5
7,6085E-5
7,6834E-5
7,7856E-5
7,5829E-5
7,7136E-5
7,8415E-5
7,5038E-5
7,6045E-5
7,4281E-5
8,5529E-5
7,9735E-5
7,5565E-5
8,5288E-5
7,6423E-5
7,5958E-5
7,784E-5
7,6048E-5
7,6199E-5
7,2118E-5
7,1766E-5
7,5956E-5
9,947E-5
7,4342E-5
7,0903E-5
7,5441E-5
7,2954E-5
7,1686E-5
7,1557E-5
7,1598E-5
7,1616E-5
7,3761E-5
7,2471E-5
7,7012E-5
8,7206E-5
7,4837E-5
7,552E-5
7,5588E-5
7,5938E-5
7,6727E-5
7,1383E-5
1,23643E-4
1,40109E-4
1,33946E-4
1,22797E-4
1,25184E-4
1,50067E-4
7,2923E-5
7,402E-5
7,165E-5
7,0319E-5
7,1615E-5
7,0168E-5
7,0176E-5
7,177E-5
7,2169E-5
7,6595E-5
7,0702E-5
7,0911E-5
7,028E-5
7,158E-5
7,1748E-5
7,0741E-5
7,0807E-5
7,0428E-5
7,0299E-5
7,5109E-5
7,1625E-5
7,1317E-5
7,1337E-5
7,1321E-5
7,845E-5
1,00317E-4
7,9022E-5
8,1753E-5
7,9758E-5
7,7045E-5
7,7463E-5
7,6916E-5
7,6757E-5
7,6838E-5
7,7946E-5
7,6157E-5
7,4804E-5
7,6436E-5
7,5444E-5
7,7279E-5
7,4982E-5
7,7331E-5
7,686E-5
7,5571E-5
7,0159E-5
7,1315E-5
7,2141E-5
7,3177E-5
7,1257E-5
7,3525E-5
7,9815E-5
8,3018E-5
7,8508E-5
7,6837E-5
7,6661E-5
8,9736E-5
7,6485E-5
7,7114E-5
7,575E-5
8,0776E-5
7,6585E-5
7,7804E-5
8,7537E-5
