0,001686049
0,001044741
9,14008E-4
9,07469E-4
0,001137274
5,05641E-4
3,8437E-4
3,40105E-4
2,76801E-4
2,72911E-4
2,79832E-4
1,47459E-4
1,17356E-4
1,16174E-4
1,17701E-4
2,80829E-4
1,15011E-4
1,14068E-4
1,14086E-4
2,52149E-4
1,13766E-4
1,68602E-4
1,08119E-4
1,15156E-4
1,25057E-4
1,17765E-4
3,40992E-4
2,46887E-4
1,12275E-4
1,13812E-4
1,13011E-4
1,45373E-4
1,1362E-4
8,8544E-5
8,2558E-5
8,2587E-5
8,1461E-5
7,9856E-5
8,0436E-5
7,8127E-5
8,4455E-5
7,8306E-5
7,7321E-5
7,7941E-5
8,0099E-5
7,6213E-5
7,5805E-5
7,7533E-5
7,9045E-5
9,4144E-5
7,904E-5
7,5876E-5
7,6786E-5
7,6451E-5
7,8379E-5
7,5918E-5
7,6672E-5
7,4595E-5
8,6105E-5
7,7175E-5
7,805E-5
7,9494E-5
7,8193E-5
8,0843E-5
1,33621E-4
1,42556E-4
1,36023E-4
1,45004E-4
1,41316E-4
1,4475E-4
1,3923E-4
1,42528E-4
1,41894E-4
1,39241E-4
1,42875E-4
7,9636E-5
8,0975E-5
8,5857E-5
7,3401E-5
7,444E-5
7,2839E-5
7,6619E-5
7,6327E-5
7,9222E-5
8,1995E-5
7,8176E-5
7,723E-5
9,8764E-5
8,1318E-5
7,5551E-5
7,8003E-5
7,5432E-5
8,0744E-5
7,517E-5
8,5678E-5
7,6278E-5
7,8038E-5
7,4975E-5
7,7026E-5
7,7985E-5
1,42326E-4
8,3963E-5
7,9527E-5
7,991E-5
7,9532E-5
8,0169E-5
7,8835E-5
1,06262E-4
7,8407E-5
7,7585E-5
8,2189E-5
7,8571E-5
7,6823E-5
7,7061E-5
7,7998E-5
7,6225E-5
8,0498E-5
7,9411E-5
8,0029E-5
8,6769E-5
8,0969E-5
8,2032E-5
7,9049E-5
8,4693E-5
8,0806E-5
1,33067E-4
1,37888E-4
1,32469E-4
1,40595E-4
1,34827E-4
1,37745E-4
1,32291E-4
1,39796E-4
1,38036E-4
1,38006E-4
1,39365E-4
1,3622E-4
1,36295E-4
1,57646E-4
1,38351E-4
1,38395E-4
1,34005E-4
1,35837E-4
1,37796E-4
1,32849E-4
1,35328E-4
1,63334E-4
1,41827E-4
1,40666E-4
1,34501E-4
1,36468E-4
7,6655E-5
7,7608E-5
7,835E-5
7,8883E-5
8,0075E-5
7,9065E-5
8,0946E-5
8,6366E-5
7,8895E-5
7,5417E-5
7,5807E-5
7,4172E-5
7,4948E-5
7,38E-5
7,499E-5
7,4508E-5
7,483E-5
7,4927E-5
9,2461E-5
8,0985E-5
7,7649E-5
8,4549E-5
8,0473E-5
7,9248E-5
7,5583E-5
7,6465E-5
7,4807E-5
7,3734E-5
7,4754E-5
7,7478E-5
7,7139E-5
8,2032E-5
8,1553E-5
7,927E-5
7,3919E-5
7,9102E-5
7,4219E-5
7,4888E-5
7,5005E-5
7,2491E-5
7,5146E-5
7,7577E-5
7,784E-5
7,7135E-5
7,4277E-5
7,6696E-5
7,7952E-5
7,5859E-5
7,7218E-5
7,743E-5
7,7272E-5
7,7773E-5
7,7083E-5
7,6987E-5
7,9994E-5
7,9187E-5
7,824E-5
7,9453E-5
7,8661E-5
8,0683E-5
7,8475E-5
7,9234E-5
7,9393E-5
7,4047E-5
7,5619E-5
8,0841E-5
7,7306E-5
7,8849E-5
7,5887E-5
7,7944E-5
7,7644E-5
7,72E-5
8,5028E-5
7,6419E-5
7,6551E-5
7,658E-5
7,8072E-5
7,7228E-5
7,3856E-5
7,5698E-5
7,4395E-5
7,4969E-5
7,3849E-5
7,3885E-5
7,4114E-5
7,9218E-5
7,4689E-5
7,4385E-5
7,3889E-5
7,3256E-5
7,3262E-5
7,471E-5
7,3408E-5
8,0037E-5
7,435E-5
7,6314E-5
7,5583E-5
9,2037E-5
7,7155E-5
7,7238E-5
8,3895E-5
1,40281E-4
1,46282E-4
1,30695E-4
1,29369E-4
1,25985E-4
1,27059E-4
1,4385E-4
1,35827E-4
1,35518E-4
1,29026E-4
1,49023E-4
1,29931E-4
1,27762E-4
1,29402E-4
1,32385E-4
1,3202E-4
1,32872E-4
1,44554E-4
1,35942E-4
1,38088E-4
1,34149E-4
1,49018E-4
1,36158E-4
1,38396E-4
1,3142E-4
1,34542E-4
1,33812E-4
1,27669E-4
1,24574E-4
1,28268E-4
1,38432E-4
1,38317E-4
1,4614E-4
1,39193E-4
1,44389E-4
1,40353E-4
1,37204E-4
1,4411E-4
1,43571E-4
1,42415E-4
1,39922E-4
1,40785E-4
1,41529E-4
1,39629E-4
1,4491E-4
1,42175E-4
1,41715E-4
1,34254E-4
1,3511E-4
1,36076E-4
1,388E-4
1,45259E-4
1,29744E-4
7,3878E-5
7,3491E-5
8,0362E-5
7,7939E-5
8,102E-5
8,0577E-5
7,8837E-5
7,9539E-5
7,8147E-5
8,0671E-5
7,9431E-5
8,0772E-5
7,5299E-5
7,2483E-5
7,8928E-5
7,3228E-5
7,3003E-5
7,3087E-5
7,2586E-5
7,4798E-5
7,4181E-5
7,3675E-5
7,5082E-5
7,4983E-5
7,4597E-5
7,396E-5
8,61E-5
8,1808E-5
7,9549E-5
7,934E-5
7,8981E-5
7,9304E-5
9,9522E-5
7,9164E-5
7,84E-5
8,0442E-5
7,9884E-5
8,6088E-5
7,988E-5
8,0016E-5
7,9007E-5
7,9371E-5
8,0476E-5
7,7644E-5
8,1032E-5
8,0467E-5
7,9947E-5
7,9799E-5
7,3756E-5
7,4198E-5
7,3846E-5
7,4339E-5
7,5215E-5
7,4701E-5
7,381E-5
7,4198E-5
7,4415E-5
7,412E-5
7,4327E-5
8,3088E-5
7,9851E-5
8,137E-5
7,9402E-5
8,0844E-5
8,3247E-5
9,621E-5
7,8693E-5
7,9413E-5
7,9148E-5
7,9622E-5
7,9478E-5
8,03E-5
8,0385E-5
8,0655E-5
7,9439E-5
8,0052E-5
7,8296E-5
7,9126E-5
7,8227E-5
8,038E-5
7,9878E-5
7,9817E-5
8,0033E-5
7,8651E-5
8,5174E-5
7,857E-5
8,1178E-5
7,9212E-5
7,8792E-5
7,9611E-5
7,9881E-5
7,9398E-5
7,894E-5
7,7435E-5
7,9771E-5
7,8208E-5
9,7774E-5
7,7981E-5
8,6004E-5
8,0649E-5
8,107E-5
7,9508E-5
7,8611E-5
8,0684E-5
7,9928E-5
7,9547E-5
7,8499E-5
7,9384E-5
7,9913E-5
7,7715E-5
8,0136E-5
7,8509E-5
7,9558E-5
7,8616E-5
7,9298E-5
7,9543E-5
7,4732E-5
7,594E-5
7,5834E-5
7,4548E-5
7,7209E-5
7,955E-5
1,01905E-4
7,5384E-5
8,2137E-5
7,592E-5
8,105E-5
7,5136E-5
7,2177E-5
7,3398E-5
7,2106E-5
7,4262E-5
7,3333E-5
7,2891E-5
7,8122E-5
8,1668E-5
8,0405E-5
8,4198E-5
8,1444E-5
8,4773E-5
8,0239E-5
7,8534E-5
8,076E-5
7,897E-5
7,947E-5
8,0442E-5
8,328E-5
8,1153E-5
7,9626E-5
7,9525E-5
7,8681E-5
7,9719E-5
8,3678E-5
7,8995E-5
7,9223E-5
7,8798E-5
7,4325E-5
7,2726E-5
7,8315E-5
7,9111E-5
7,9291E-5
8,0804E-5
7,9384E-5
7,6283E-5
7,6515E-5
7,493E-5
7,8104E-5
9,8652E-5
7,5885E-5
7,6075E-5
7,5757E-5
7,7233E-5
7,6281E-5
7,7873E-5
7,4565E-5
7,3948E-5
7,5003E-5
7,3206E-5
7,4764E-5
7,7329E-5
7,712E-5
7,4731E-5
7,4819E-5
7,4552E-5
7,4667E-5
7,3829E-5
7,2982E-5
7,381E-5
7,4868E-5
7,5813E-5
7,8673E-5
7,5091E-5
7,2476E-5
7,4707E-5
8,1024E-5
8,0043E-5
8,2422E-5
8,0893E-5
8,1493E-5
8,8413E-5
7,9745E-5
8,3308E-5
8,2534E-5
8,0295E-5
8,0697E-5
8,0998E-5
8,151E-5
8,6072E-5
8,1185E-5
8,1697E-5
8,3225E-5
8,1612E-5
7,8908E-5
8,1039E-5
7,9518E-5
8,3459E-5
8,0404E-5
7,818E-5
8,0811E-5
8,2075E-5
8,4973E-5
8,166E-5
8,261E-5
1,00883E-4
8,1254E-5
8,0494E-5
7,9723E-5
7,6423E-5
7,7646E-5
7,8879E-5
8,0609E-5
8,0578E-5
8,0734E-5
7,6498E-5
7,3204E-5
7,4288E-5
7,3387E-5
8,0178E-5
8,0347E-5
7,8814E-5
8,0113E-5
8,5939E-5
7,8935E-5
7,9274E-5
8,0239E-5
8,0231E-5
7,4579E-5
7,484E-5
7,4253E-5
7,5966E-5
7,5123E-5
7,3458E-5
7,7148E-5
7,7785E-5
7,8311E-5
7,5768E-5
8,1422E-5
7,638E-5
7,9763E-5
7,6891E-5
7,5349E-5
7,7135E-5
7,6212E-5
7,7837E-5
7,6608E-5
7,6815E-5
7,7718E-5
8,1026E-5
7,703E-5
7,6542E-5
7,7423E-5
7,7222E-5
7,6001E-5
8,1914E-5
7,5296E-5
7,7495E-5
7,5414E-5
7,7372E-5
7,849E-5
7,4533E-5
7,6845E-5
7,4732E-5
7,662E-5
7,6502E-5
7,9104E-5
7,5827E-5
7,6408E-5
7,5498E-5
1,00363E-4
7,4356E-5
7,6949E-5
7,8579E-5
7,7516E-5
7,7187E-5
7,7156E-5
7,4596E-5
7,4823E-5
7,403E-5
7,4129E-5
7,5342E-5
9,6062E-5
7,9611E-5
8,0234E-5
8,0643E-5
7,8629E-5
7,8139E-5
7,6879E-5
7,8357E-5
7,8361E-5
7,6355E-5
7,6287E-5
8,0152E-5
8,1742E-5
7,9077E-5
8,4498E-5
7,9161E-5
7,9835E-5
8,0562E-5
7,9452E-5
7,9624E-5
8,1098E-5
7,9387E-5
8,6143E-5
8,0342E-5
8,0195E-5
8,0522E-5
8,1295E-5
7,9554E-5
7,976E-5
7,9793E-5
7,9374E-5
7,6002E-5
7,9747E-5
8,0222E-5
7,9833E-5
8,0183E-5
7,7978E-5
8,0367E-5
7,9894E-5
1,15506E-4
8,0323E-5
7,8691E-5
8,1045E-5
7,867E-5
9,4495E-5
7,951E-5
7,5299E-5
7,6412E-5
7,5968E-5
7,603E-5
7,5582E-5
7,6459E-5
7,9187E-5
8,0276E-5
7,4076E-5
7,929E-5
7,4285E-5
7,4945E-5
7,3404E-5
7,5102E-5
7,4204E-5
7,4238E-5
7,2999E-5
7,5065E-5
7,5633E-5
7,505E-5
7,653E-5
8,0101E-5
7,8675E-5
7,8932E-5
8,2875E-5
7,7894E-5
8,0433E-5
7,8997E-5
8,2826E-5
7,8145E-5
9,9183E-5
7,9206E-5
7,8061E-5
7,8144E-5
7,9566E-5
7,8761E-5
7,8838E-5
7,9238E-5
7,8136E-5
7,8594E-5
7,9755E-5
7,8227E-5
7,8997E-5
7,8746E-5
7,8735E-5
7,934E-5
1,0353E-4
8,4295E-5
7,8727E-5
9,0545E-5
9,2223E-5
7,3327E-5
7,3409E-5
7,3186E-5
7,3975E-5
7,7886E-5
7,9787E-5
7,3978E-5
7,3318E-5
7,2849E-5
7,3015E-5
7,5523E-5
7,2705E-5
7,6052E-5
7,3358E-5
7,2702E-5
7,6164E-5
7,4312E-5
7,3102E-5
7,755E-5
7,4582E-5
7,2845E-5
7,4325E-5
7,9079E-5
7,8248E-5
8,0232E-5
8,0502E-5
7,8634E-5
7,7975E-5
7,876E-5
7,9393E-5
7,8753E-5
7,8846E-5
8,2118E-5
7,9835E-5
7,9844E-5
8,256E-5
7,8915E-5
7,9239E-5
9,8722E-5
8,1936E-5
7,9818E-5
7,5884E-5
7,4584E-5
7,7937E-5
7,7785E-5
7,4897E-5
7,7008E-5
7,4404E-5
7,4417E-5
7,231E-5
7,3387E-5
7,4339E-5
7,2456E-5
7,7677E-5
7,3278E-5
9,6701E-5
7,1808E-5
7,173E-5
7,3929E-5
7,2372E-5
7,9352E-5
7,8078E-5
7,8523E-5
8,0053E-5
0,00166252
7,7609E-5
7,338E-5
7,6347E-5
7,3386E-5
7,4382E-5
7,7848E-5
7,8689E-5
7,7717E-5
7,9063E-5
8,4669E-5
7,8983E-5
7,9175E-5
7,2758E-5
7,267E-5
7,4419E-5
7,2363E-5
7,2993E-5
7,2572E-5
7,3345E-5
8,0455E-5
7,4092E-5
7,354E-5
7,6101E-5
7,3313E-5
7,2529E-5
7,3019E-5
7,4546E-5
7,3171E-5
7,8133E-5
7,8471E-5
7,9919E-5
7,9672E-5
7,8539E-5
7,7522E-5
7,8862E-5
8,1761E-5
7,8797E-5
7,7875E-5
7,9735E-5
7,8711E-5
7,7445E-5
7,907E-5
7,764E-5
7,9823E-5
7,9272E-5
7,7741E-5
7,8937E-5
7,7897E-5
7,9858E-5
7,8796E-5
7,9847E-5
7,9996E-5
8,3439E-5
8,0407E-5
8,3879E-5
7,8445E-5
8,112E-5
7,353E-5
7,3439E-5
7,842E-5
7,7257E-5
7,35E-5
7,259E-5
7,4539E-5
7,4677E-5
7,3619E-5
7,5246E-5
7,3335E-5
7,2632E-5
7,5587E-5
7,8357E-5
7,9811E-5
7,9426E-5
7,9891E-5
7,8353E-5
7,978E-5
7,9641E-5
7,9316E-5
7,8587E-5
8,1942E-5
7,3816E-5
9,0006E-5
7,5456E-5
7,7115E-5
7,7974E-5
7,2433E-5
7,3494E-5
7,2039E-5
7,5984E-5
7,5698E-5
7,7015E-5
7,4951E-5
7,5565E-5
7,56E-5
7,8607E-5
7,5636E-5
7,6292E-5
7,581E-5
7,532E-5
7,6059E-5
7,5964E-5
7,3458E-5
7,7082E-5
7,6876E-5
7,6185E-5
7,788E-5
7,892E-5
8,1177E-5
7,9244E-5
8,0339E-5
8,3955E-5
8,2506E-5
7,9415E-5
7,83E-5
8,3601E-5
7,9532E-5
7,8968E-5
8,0209E-5
7,8783E-5
7,9444E-5
7,9087E-5
8,392E-5
8,1232E-5
7,9552E-5
7,9963E-5
7,9239E-5
8,0595E-5
7,7712E-5
8,0059E-5
7,9436E-5
7,9494E-5
7,8748E-5
8,1795E-5
7,813E-5
7,857E-5
7,9856E-5
7,3658E-5
7,8168E-5
7,4922E-5
7,3737E-5
7,5355E-5
7,341E-5
7,236E-5
7,5582E-5
7,3649E-5
7,2986E-5
7,8214E-5
7,9683E-5
8,3276E-5
8,0316E-5
7,9583E-5
8,3479E-5
7,9175E-5
7,9931E-5
1,37919E-4
7,9702E-5
7,9802E-5
7,9469E-5
8,1852E-5
7,8988E-5
7,6314E-5
7,6234E-5
7,6517E-5
7,6667E-5
7,7858E-5
7,6184E-5
7,4404E-5
7,5233E-5
7,6312E-5
7,6113E-5
7,3686E-5
7,4295E-5
7,5501E-5
7,5884E-5
9,782E-5
7,5358E-5
7,906E-5
7,5051E-5
7,5259E-5
7,447E-5
7,6011E-5
7,6916E-5
7,5705E-5
7,6165E-5
7,4089E-5
7,8964E-5
7,7524E-5
8,252E-5
8,0256E-5
7,886E-5
7,9732E-5
7,8856E-5
7,4231E-5
7,5512E-5
7,4067E-5
7,9624E-5
7,8346E-5
7,9065E-5
8,2696E-5
7,922E-5
8,002E-5
8,255E-5
8,382E-5
7,9029E-5
7,8676E-5
8,2446E-5
7,899E-5
7,857E-5
7,8528E-5
7,668E-5
7,9878E-5
7,8151E-5
8,0337E-5
7,7651E-5
7,7613E-5
7,8728E-5
7,9645E-5
8,1582E-5
7,8482E-5
7,9087E-5
8,3025E-5
8,1155E-5
7,9405E-5
8,1372E-5
7,9273E-5
7,8294E-5
8,2085E-5
7,9205E-5
7,8899E-5
8,1803E-5
7,9861E-5
8,0893E-5
8,0544E-5
8,1025E-5
7,9977E-5
7,8384E-5
7,941E-5
8,5233E-5
7,9845E-5
7,8914E-5
7,9616E-5
7,9978E-5
7,8914E-5
7,9023E-5
8,7207E-5
7,9422E-5
7,4567E-5
7,923E-5
7,8354E-5
7,8888E-5
7,9293E-5
8,2618E-5
7,9422E-5
8,0118E-5
8,2142E-5
7,8967E-5
7,9681E-5
8,0681E-5
7,9458E-5
7,9081E-5
7,369E-5
7,4035E-5
7,3671E-5
7,406E-5
7,5802E-5
7,7323E-5
7,2623E-5
7,3914E-5
7,4578E-5
7,8436E-5
7,4617E-5
7,4311E-5
7,3012E-5
8,9867E-5
7,5205E-5
7,6153E-5
7,3254E-5
7,4514E-5
7,3538E-5
7,4635E-5
7,8592E-5
7,5518E-5
7,551E-5
8,509E-5
7,5786E-5
7,5403E-5
7,5706E-5
7,5669E-5
7,6656E-5
7,5127E-5
7,5402E-5
7,8113E-5
7,4451E-5
7,7129E-5
7,9373E-5
7,8587E-5
7,8715E-5
7,9945E-5
7,7669E-5
7,3529E-5
7,3145E-5
7,8844E-5
8,2625E-5
7,5774E-5
7,4421E-5
7,5519E-5
7,9671E-5
7,8892E-5
8,4132E-5
7,9365E-5
7,8209E-5
7,8297E-5
7,8089E-5
7,6576E-5
7,5002E-5
7,5545E-5
7,5446E-5
7,509E-5
7,5963E-5
7,5937E-5
7,9816E-5
7,5032E-5
7,795E-5
7,5265E-5
8,3768E-5
7,741E-5
7,7332E-5
7,8003E-5
8,1061E-5
7,5404E-5
7,4821E-5
7,4082E-5
7,8265E-5
8,0938E-5
7,479E-5
7,3786E-5
8,0765E-5
7,5366E-5
7,5407E-5
7,5189E-5
7,9854E-5
7,6047E-5
7,5365E-5
7,5017E-5
8,3622E-5
7,5634E-5
7,5393E-5
7,6423E-5
8,0753E-5
7,7154E-5
7,4358E-5
7,585E-5
8,1323E-5
7,3823E-5
7,5209E-5
7,9843E-5
7,8848E-5
9,8045E-5
7,5573E-5
7,2285E-5
7,3615E-5
7,4354E-5
7,3542E-5
8,2826E-5
7,5255E-5
7,5102E-5
7,5304E-5
7,9223E-5
7,7042E-5
7,287E-5
7,2685E-5
7,3715E-5
7,6126E-5
7,3178E-5
7,2433E-5
7,2923E-5
7,17E-5
7,2974E-5
7,1822E-5
7,3161E-5
7,3661E-5
7,3084E-5
9,3946E-5
7,4056E-5
7,2716E-5
7,3573E-5
7,5002E-5
7,2724E-5
7,7725E-5
8,1914E-5
7,8076E-5
7,8722E-5
7,756E-5
7,2315E-5
7,41E-5
7,848E-5
7,8356E-5
8,0309E-5
8,4028E-5
7,8728E-5
9,6786E-5
7,9014E-5
8,2122E-5
8,2121E-5
7,7923E-5
7,8914E-5
7,7282E-5
7,8598E-5
7,8535E-5
7,8755E-5
8,0722E-5
7,9204E-5
7,9151E-5
7,8623E-5
7,9051E-5
9,8012E-5
7,9076E-5
7,8045E-5
7,777E-5
7,8378E-5
8,1023E-5
7,9993E-5
7,8544E-5
7,9144E-5
7,8335E-5
8,0482E-5
7,8681E-5
7,9874E-5
7,981E-5
7,8665E-5
1,00416E-4
7,8374E-5
7,9798E-5
8,1731E-5
8,0935E-5
8,0644E-5
7,9688E-5
7,823E-5
7,928E-5
7,9003E-5
7,8916E-5
8,3619E-5
7,9566E-5
7,8876E-5
7,803E-5
7,967E-5
7,7548E-5
8,3412E-5
7,3936E-5
7,4808E-5
7,2855E-5
7,2765E-5
8,9318E-5
7,5883E-5
7,4703E-5
7,3496E-5
7,4997E-5
7,4267E-5
7,4096E-5
7,3417E-5
8,4395E-5
7,4584E-5
7,5612E-5
7,6065E-5
7,6308E-5
7,8695E-5
7,937E-5
8,3395E-5
7,8115E-5
7,8499E-5
7,8612E-5
8,1796E-5
7,8476E-5
9,7458E-5
7,8411E-5
8,0862E-5
7,9884E-5
7,9948E-5
8,0015E-5
7,9012E-5
8,2963E-5
7,9618E-5
8,2665E-5
7,9032E-5
8,0106E-5
7,9239E-5
7,2976E-5
7,7231E-5
1,04078E-4
8,0515E-5
7,871E-5
7,8526E-5
7,9318E-5
8,048E-5
8,0371E-5
7,9844E-5
8,0146E-5
7,3623E-5
7,7496E-5
9,9457E-5
7,739E-5
7,9034E-5
9,5956E-5
7,8795E-5
7,9241E-5
7,8687E-5
8,5418E-5
7,8689E-5
7,3401E-5
7,4401E-5
8,0476E-5
7,4778E-5
7,3659E-5
7,4459E-5
7,7179E-5
7,5705E-5
7,2989E-5
7,7485E-5
7,8881E-5
8,3036E-5
7,4527E-5
7,3607E-5
7,47E-5
7,5311E-5
8,0901E-5
7,8283E-5
7,887E-5
7,8979E-5
8,0068E-5
7,9544E-5
7,9407E-5
7,5579E-5
7,6946E-5
7,6218E-5
7,7111E-5
7,4694E-5
7,571E-5
7,9178E-5
7,6383E-5
7,5517E-5
7,9216E-5
7,6685E-5
7,5779E-5
7,6079E-5
7,6539E-5
7,4681E-5
1,07217E-4
7,4411E-5
7,2953E-5
7,3438E-5
7,6358E-5
7,3564E-5
7,8702E-5
7,2748E-5
7,4823E-5
7,3866E-5
7,3571E-5
7,3123E-5
7,6314E-5
7,4499E-5
7,3319E-5
7,292E-5
7,5873E-5
7,371E-5
7,9537E-5
7,9542E-5
7,9754E-5
7,867E-5
7,8461E-5
7,9152E-5
7,8218E-5
7,9159E-5
8,3095E-5
9,5261E-5
7,967E-5
7,8532E-5
7,7936E-5
7,923E-5
8,2907E-5
8,2534E-5
7,8455E-5
7,7255E-5
7,8188E-5
7,873E-5
7,7658E-5
7,9716E-5
8,3214E-5
7,674E-5
7,5418E-5
7,6106E-5
7,4749E-5
7,4352E-5
7,7628E-5
7,6967E-5
7,5221E-5
7,477E-5
8,0096E-5
7,8134E-5
7,5435E-5
7,4588E-5
7,3967E-5
7,9826E-5
7,5875E-5
7,9699E-5
7,5932E-5
7,5067E-5
7,9263E-5
7,5506E-5
7,5433E-5
7,5398E-5
7,4967E-5
7,5557E-5
7,6697E-5
7,6508E-5
7,7345E-5
7,5362E-5
7,6475E-5
7,5614E-5
7,6891E-5
7,5451E-5
7,6262E-5
7,6915E-5
7,4571E-5
7,5582E-5
9,8002E-5
7,7076E-5
7,413E-5
7,6125E-5
7,483E-5
7,6021E-5
8,3181E-5
8,584E-5
7,8792E-5
7,9224E-5
8,0043E-5
8,9472E-5
7,3966E-5
7,883E-5
7,5094E-5
7,7686E-5
7,6694E-5
9,6016E-5
8,5261E-5
7,9518E-5
7,5618E-5
7,6724E-5
7,7804E-5
7,2818E-5
7,4808E-5
7,5309E-5
7,641E-5
7,4874E-5
7,972E-5
7,4962E-5
7,7284E-5
7,5298E-5
7,6617E-5
7,4469E-5
8,0831E-5
1,03918E-4
7,8023E-5
7,7422E-5
7,4901E-5
7,651E-5
7,5912E-5
7,5451E-5
7,6394E-5
7,8433E-5
7,586E-5
7,5869E-5
7,7074E-5
7,5696E-5
7,6959E-5
7,6596E-5
7,4964E-5
7,6269E-5
7,5179E-5
7,5959E-5
7,5323E-5
7,9512E-5
7,8756E-5
7,9101E-5
7,9237E-5
7,6823E-5
7,6825E-5
7,7118E-5
7,9629E-5
9,77E-5
8,0429E-5
7,5236E-5
7,5079E-5
8,1079E-5
7,8553E-5
7,8767E-5
7,919E-5
7,8793E-5
7,8898E-5
8,0106E-5
7,993E-5
7,9481E-5
8,366E-5
8,4188E-5
7,9341E-5
8,0168E-5
7,8604E-5
7,9898E-5
7,9243E-5
7,9366E-5
7,9269E-5
7,9163E-5
7,9197E-5
7,9733E-5
7,7703E-5
7,7082E-5
8,0096E-5
7,6668E-5
8,0253E-5
7,983E-5
8,0315E-5
8,2365E-5
7,8714E-5
7,5896E-5
7,9715E-5
7,8148E-5
