4,1075E-5
2,5161E-5
2,2889E-5
2,5114E-5
3,3579E-5
2,4398E-5
2,3165E-5
3,253E-5
2,5937E-5
2,4207E-5
2,4482E-5
2,5102E-5
2,3687E-5
2,6619E-5
3,1751E-5
3,0289E-5
3,2636E-5
2,304E-5
2,5675E-5
2,5806E-5
4,1845E-5
2,3581E-5
2,3371E-5
2,5202E-5
3,452E-5
2,14954E-4
3,2867E-5
3,2652E-5
3,1492E-5
2,31E-5
2,4536E-5
2,5751E-5
3,2916E-5
4,1921E-5
3,2618E-5
3,5745E-5
2,8888E-5
3,2748E-5
3,2381E-5
2,8558E-5
2,5232E-5
3,1898E-5
2,6885E-5
2,8022E-5
2,39E-5
2,6697E-5
3,2401E-5
2,386E-5
2,494E-5
3,8369E-5
2,2922E-5
2,8188E-5
3,4992E-5
2,4283E-5
2,6406E-5
3,2243E-5
2,4273E-5
2,7834E-5
2,4982E-5
2,2963E-5
2,355E-5
2,8969E-5
2,534E-5
2,5381E-5
2,5633E-5
2,6391E-5
2,87E-5
3,2908E-5
3,3414E-5
2,3523E-5
2,3192E-5
2,3975E-5
2,8692E-5
2,6287E-5
2,376E-5
2,3122E-5
2,5695E-5
3,4328E-5
2,4125E-5
2,2972E-5
3,1575E-5
3,2318E-5
2,9021E-5
2,5242E-5
2,4587E-5
3,2789E-5
2,4339E-5
2,4436E-5
2,4514E-5
2,5867E-5
2,5977E-5
2,8747E-5
2,4249E-5
3,4691E-5
3,3646E-5
2,4373E-5
2,2924E-5
2,6667E-5
3,2389E-5
2,8207E-5
2,9172E-5
2,5959E-5
2,6276E-5
2,6463E-5
4,0718E-5
2,9633E-5
2,4293E-5
2,4506E-5
2,7511E-5
2,4581E-5
2,5028E-5
2,5972E-5
2,7529E-5
2,7259E-5
2,6686E-5
2,6241E-5
2,678E-5
3,1438E-5
3,695E-5
3,2157E-5
3,2205E-5
2,4566E-5
3,3616E-5
3,2781E-5
3,2148E-5
3,3261E-5
3,3451E-5
3,2148E-5
2,3714E-5
3,2562E-5
3,3396E-5
2,4589E-5
2,7696E-5
2,66E-5
2,8251E-5
2,7967E-5
2,8148E-5
2,695E-5
2,607E-5
2,8403E-5
2,5465E-5
2,3819E-5
2,711E-5
2,5081E-5
2,7936E-5
2,9169E-5
2,2514E-5
2,3026E-5
3,4529E-5
2,2549E-5
2,7035E-5
2,5065E-5
2,8563E-5
2,3109E-5
2,4987E-5
2,8167E-5
3,7468E-5
2,5312E-5
2,4509E-5
2,4247E-5
3,3101E-5
2,4135E-5
2,3823E-5
2,3912E-5
2,6217E-5
2,786E-5
2,5608E-5
2,3669E-5
2,2607E-5
2,7001E-5
3,4264E-5
2,865E-5
2,9252E-5
2,2789E-5
2,4055E-5
2,2919E-5
2,2841E-5
3,5697E-5
2,5101E-5
2,3025E-5
2,423E-5
2,4523E-5
2,4174E-5
2,3094E-5
3,2531E-5
2,3428E-5
2,3153E-5
2,4082E-5
3,2531E-5
2,7348E-5
2,7378E-5
2,6169E-5
2,5353E-5
2,8763E-5
3,1079E-5
2,3101E-5
3,2309E-5
2,602E-5
2,2579E-5
2,4792E-5
2,5306E-5
2,5706E-5
2,6626E-5
2,6528E-5
2,9808E-5
2,684E-5
2,7613E-5
2,6981E-5
2,5875E-5
3,2743E-5
3,2657E-5
2,5311E-5
2,6601E-5
2,9585E-5
2,3889E-5
2,3202E-5
3,2838E-5
2,6073E-5
3,6063E-5
2,7061E-5
2,6395E-5
2,6484E-5
2,4297E-5
2,6298E-5
2,338E-5
2,278E-5
2,6172E-5
2,7882E-5
3,2992E-5
3,303E-5
3,1178E-5
2,5676E-5
4,03E-5
2,4772E-5
2,3218E-5
2,4574E-5
2,4259E-5
2,6557E-5
2,6499E-5
2,6121E-5
2,4184E-5
2,6945E-5
2,5334E-5
2,3102E-5
2,5738E-5
2,5877E-5
2,6508E-5
3,5673E-5
3,2816E-5
2,3124E-5
2,3855E-5
2,3169E-5
2,3778E-5
2,2741E-5
2,632E-5
2,6468E-5
2,5361E-5
2,5472E-5
2,4889E-5
2,576E-5
2,66E-5
2,2704E-5
3,1813E-5
3,258E-5
2,6119E-5
2,557E-5
5,5219E-5
3,3156E-5
2,3521E-5
2,8E-5
2,3592E-5
3,9768E-5
2,7522E-5
5,063E-5
2,3519E-5
2,5707E-5
2,6228E-5
2,6341E-5
2,5824E-5
2,8476E-5
2,6243E-5
2,6393E-5
2,7338E-5
2,9579E-5
2,3086E-5
3,2961E-5
3,3269E-5
2,597E-5
3,2058E-5
2,8994E-5
2,8167E-5
3,295E-5
2,6217E-5
2,3379E-5
2,344E-5
2,8124E-5
3,206E-5
2,6247E-5
2,691E-5
2,4388E-5
2,5778E-5
2,6829E-5
2,3622E-5
2,4024E-5
2,4493E-5
2,3585E-5
2,5298E-5
3,3946E-5
3,2884E-5
2,3371E-5
2,2944E-5
2,436E-5
3,2886E-5
2,3074E-5
3,2278E-5
3,909E-5
3,6297E-5
6,5403E-5
6,4337E-5
2,6415E-5
2,3409E-5
2,3509E-5
2,3098E-5
2,3557E-5
3,1705E-5
3,1757E-5
2,2873E-5
2,4263E-5
2,37E-5
2,3674E-5
3,2772E-5
3,3488E-5
2,6353E-5
2,3151E-5
3,2385E-5
2,5079E-5
2,3687E-5
3,3792E-5
2,5164E-5
2,5174E-5
3,0439E-5
2,7352E-5
2,6091E-5
3,3904E-5
2,6082E-5
2,3622E-5
2,7579E-5
3,2145E-5
3,6231E-5
2,3534E-5
2,4223E-5
4,5516E-5
4,1465E-5
4,7168E-5
4,9029E-5
4,3337E-5
5,4593E-5
4,2095E-5
4,24E-5
2,4715E-5
2,3109E-5
2,3127E-5
3,3386E-5
2,6357E-5
2,5456E-5
2,5214E-5
2,5458E-5
2,5797E-5
2,3198E-5
2,3676E-5
2,3213E-5
2,3956E-5
2,3486E-5
2,4483E-5
2,3015E-5
2,511E-5
2,3307E-5
3,2438E-5
2,4218E-5
2,4714E-5
2,3391E-5
2,3332E-5
3,3279E-5
3,253E-5
2,2673E-5
2,8564E-5
2,2781E-5
2,3053E-5
2,6988E-5
3,2626E-5
2,4861E-5
2,3402E-5
2,4618E-5
3,2481E-5
2,9793E-5
2,8543E-5
2,9207E-5
3,1851E-5
2,3291E-5
2,2889E-5
2,4376E-5
2,2631E-5
2,2817E-5
2,4089E-5
2,4171E-5
2,7493E-5
2,4324E-5
2,3725E-5
2,3368E-5
2,3433E-5
2,5971E-5
3,1956E-5
2,6409E-5
2,453E-5
2,6562E-5
2,3471E-5
2,4914E-5
2,4859E-5
2,6445E-5
2,5791E-5
2,6721E-5
3,8652E-5
3,2245E-5
3,3269E-5
3,3371E-5
2,7689E-5
2,6018E-5
2,6719E-5
2,6249E-5
2,6977E-5
2,648E-5
2,6504E-5
3,3399E-5
2,8875E-5
2,548E-5
2,9368E-5
2,7826E-5
2,4343E-5
2,8511E-5
2,7173E-5
2,3515E-5
2,9634E-5
2,2558E-5
2,7079E-5
2,6456E-5
3,2464E-5
2,4135E-5
3,2554E-5
2,3017E-5
2,5004E-5
2,319E-5
3,2377E-5
2,4951E-5
2,354E-5
2,4269E-5
2,2602E-5
3,2168E-5
3,3791E-5
2,8268E-5
2,4659E-5
2,3362E-5
2,3561E-5
2,3891E-5
2,3265E-5
2,6863E-5
2,6157E-5
3,2524E-5
2,7725E-5
5,4502E-5
4,9951E-5
6,6043E-5
3,2757E-5
2,5721E-5
3,6128E-5
2,8356E-5
3,1938E-5
2,6995E-5
2,8059E-5
2,5884E-5
3,1074E-5
2,8641E-5
2,7995E-5
2,7236E-5
2,4561E-5
3,2404E-5
3,2637E-5
2,3015E-5
2,2908E-5
2,5862E-5
2,3264E-5
2,3813E-5
2,6805E-5
2,421E-5
2,6704E-5
2,6725E-5
2,4962E-5
2,5544E-5
2,5559E-5
2,3005E-5
2,2653E-5
2,3032E-5
2,254E-5
2,3463E-5
2,3072E-5
2,3093E-5
2,734E-5
2,6636E-5
2,4231E-5
2,2905E-5
2,3586E-5
2,9092E-5
2,9344E-5
3,2641E-5
2,3705E-5
4,3456E-5
2,5387E-5
2,6001E-5
2,5739E-5
2,5515E-5
2,8495E-5
2,3161E-5
2,3485E-5
2,3114E-5
2,3121E-5
2,4161E-5
3,9815E-5
2,5857E-5
3,6357E-5
2,5857E-5
2,8001E-5
2,5929E-5
3,3559E-5
3,3682E-5
2,3739E-5
2,2747E-5
2,8276E-5
3,293E-5
3,2792E-5
2,3085E-5
2,4502E-5
2,8408E-5
2,3562E-5
2,3263E-5
2,3588E-5
3,1482E-5
3,236E-5
2,4462E-5
3,3823E-5
2,4573E-5
3,7267E-5
2,49E-5
2,5502E-5
2,3552E-5
2,2827E-5
3,3359E-5
2,5758E-5
2,5967E-5
2,3227E-5
2,4498E-5
3,8423E-5
3,1718E-5
3,3516E-5
2,3908E-5
2,6077E-5
2,4849E-5
2,4652E-5
2,4019E-5
2,4033E-5
2,5187E-5
2,7593E-5
2,6642E-5
2,3166E-5
2,3323E-5
2,6013E-5
2,6853E-5
2,6186E-5
3,4218E-5
2,8425E-5
2,9166E-5
2,7799E-5
2,7785E-5
2,3567E-5
2,392E-5
2,3431E-5
3,6553E-5
3,3953E-5
3,856E-5
2,8806E-5
3,0084E-5
3,462E-5
3,5399E-5
3,4777E-5
3,2675E-5
2,2766E-5
2,9009E-5
2,3515E-5
2,7962E-5
2,8118E-5
3,1912E-5
2,598E-5
6,9161E-5
2,8521E-5
4,0221E-5
4,4157E-5
4,3008E-5
3,9596E-5
6,5752E-5
6,0464E-5
6,1626E-5
6,0322E-5
4,2502E-5
4,1846E-5
4,1552E-5
2,4638E-5
2,3226E-5
4,4681E-5
3,2666E-5
3,2339E-5
2,4796E-5
2,3218E-5
2,3554E-5
3,1403E-5
3,2538E-5
2,4542E-5
2,9103E-5
3,3859E-5
3,2735E-5
2,8138E-5
2,6359E-5
2,3732E-5
2,4247E-5
2,4604E-5
2,6594E-5
2,8981E-5
3,2115E-5
2,4627E-5
2,6215E-5
2,8166E-5
3,1872E-5
2,5993E-5
2,5822E-5
2,8336E-5
3,2451E-5
2,4934E-5
2,6103E-5
2,8714E-5
3,2582E-5
2,433E-5
2,3876E-5
2,2984E-5
3,1153E-5
3,2328E-5
2,4111E-5
2,267E-5
2,6436E-5
3,3644E-5
2,3376E-5
2,3308E-5
2,6383E-5
3,3659E-5
2,599E-5
2,7624E-5
3,4779E-5
2,4176E-5
2,3738E-5
2,9404E-5
3,2203E-5
2,5237E-5
2,8896E-5
2,889E-5
3,324E-5
3,3458E-5
3,2821E-5
2,6403E-5
4,234E-5
2,5574E-5
2,837E-5
4,0864E-5
3,0096E-5
2,5807E-5
2,399E-5
2,3863E-5
2,5715E-5
3,5569E-5
2,4468E-5
2,5811E-5
3,3319E-5
3,2693E-5
3,2629E-5
3,3623E-5
2,5872E-5
2,574E-5
2,7238E-5
2,6364E-5
2,6604E-5
2,6692E-5
2,3356E-5
2,6617E-5
2,6429E-5
2,8361E-5
2,921E-5
2,4447E-5
2,4796E-5
2,2814E-5
4,565E-5
2,8559E-5
2,4523E-5
2,3819E-5
3,1241E-5
4,3673E-5
2,2987E-5
2,5535E-5
2,2921E-5
2,3532E-5
2,6871E-5
2,8014E-5
2,682E-5
2,6994E-5
2,7323E-5
2,7734E-5
2,4963E-5
3,5933E-5
2,3885E-5
2,3716E-5
2,7883E-5
2,5213E-5
3,2316E-5
3,535E-5
2,8181E-5
2,5517E-5
2,9519E-5
3,9249E-5
2,5848E-5
4,3561E-5
2,5428E-5
2,5841E-5
2,6565E-5
2,3559E-5
2,2786E-5
2,9634E-5
2,4769E-5
2,5513E-5
2,5315E-5
2,8579E-5
2,8621E-5
2,4491E-5
3,1487E-5
2,6517E-5
2,5924E-5
2,7624E-5
2,7285E-5
2,5431E-5
2,4966E-5
2,4011E-5
3,2802E-5
4,2449E-5
3,2752E-5
4,2628E-5
3,3056E-5
2,3848E-5
3,3088E-5
2,3619E-5
3,2899E-5
2,4129E-5
2,8223E-5
2,7583E-5
2,7574E-5
2,6636E-5
2,4431E-5
4,9715E-5
4,9561E-5
2,7043E-5
3,3308E-5
3,3822E-5
3,0596E-5
3,4023E-5
2,3705E-5
2,4219E-5
2,7719E-5
3,3753E-5
2,3758E-5
2,5954E-5
2,4247E-5
2,3319E-5
2,7225E-5
2,4227E-5
2,7384E-5
3,2791E-5
3,2533E-5
3,502E-5
2,5559E-5
2,3612E-5
3,7226E-5
2,7898E-5
4,2358E-5
2,4218E-5
3,2234E-5
2,6682E-5
4,5691E-5
3,3303E-5
2,8063E-5
2,8737E-5
4,1794E-5
3,3365E-5
2,2784E-5
3,7057E-5
5,0375E-5
2,9193E-5
3,0753E-5
2,9013E-5
3,4167E-5
2,8618E-5
3,1093E-5
3,2594E-5
3,7493E-5
4,6882E-5
2,449E-5
2,2388E-5
3,7308E-5
3,0312E-5
3,2783E-5
3,3447E-5
4,3079E-5
2,3763E-5
3,7065E-5
6,3386E-5
3,0733E-5
2,4387E-5
3,2721E-5
2,9146E-5
3,8567E-5
2,2909E-5
2,6305E-5
4,7281E-5
2,673E-5
2,8486E-5
2,8709E-5
2,5699E-5
2,3799E-5
3,2915E-5
5,3911E-5
2,8057E-5
3,5068E-5
3,6848E-5
5,7533E-5
3,0638E-5
2,9359E-5
2,3367E-5
3,3281E-5
2,3511E-5
5,1403E-5
4,6905E-5
3,865E-5
2,9096E-5
3,1303E-5
3,7662E-5
4,2897E-5
2,8526E-5
3,6882E-5
4,7773E-5
2,3025E-5
2,6845E-5
3,6519E-5
2,7873E-5
2,9213E-5
2,9986E-5
3,7704E-5
2,3318E-5
2,7674E-5
5,1378E-5
2,8E-5
5,0861E-5
2,5616E-5
3,8525E-5
2,2827E-5
2,8442E-5
4,8883E-5
2,7662E-5
2,6958E-5
2,8189E-5
2,4642E-5
2,83E-5
4,4123E-5
3,2124E-5
2,4024E-5
3,58514E-4
2,3602E-5
2,9907E-5
2,8523E-5
2,5862E-5
2,3534E-5
2,3874E-5
2,5728E-5
2,8541E-5
3,3979E-5
2,4384E-5
2,3426E-5
2,3537E-5
2,3956E-5
2,864E-5
2,6178E-5
2,5908E-5
2,6249E-5
2,6297E-5
2,5917E-5
2,3768E-5
2,8322E-5
2,7453E-5
2,5759E-5
3,1702E-5
2,3133E-5
2,3784E-5
2,4312E-5
2,6162E-5
2,5089E-5
2,2854E-5
2,4072E-5
2,3801E-5
2,2685E-5
2,271E-5
2,2324E-5
3,1882E-5
2,9288E-5
2,8642E-5
2,5457E-5
2,6257E-5
3,2609E-5
2,6067E-5
2,4291E-5
2,4772E-5
2,5353E-5
2,652E-5
2,6556E-5
3,3002E-5
3,4705E-5
2,7404E-5
2,4515E-5
2,4421E-5
3,3821E-5
2,6173E-5
2,5364E-5
2,42E-5
2,5602E-5
2,8502E-5
2,4074E-5
2,3488E-5
3,3022E-5
2,922E-5
2,7695E-5
2,943E-5
2,3289E-5
3,2008E-5
3,4236E-5
2,8495E-5
2,8194E-5
2,8649E-5
2,8799E-5
3,451E-5
3,3538E-5
3,81E-5
3,2135E-5
4,5048E-5
4,6396E-5
4,8563E-5
4,8278E-5
4,6673E-5
4,7312E-5
5,0562E-5
4,325E-5
4,0815E-5
4,206E-5
5,5758E-5
6,0071E-5
6,0821E-5
6,2359E-5
4,334E-5
4,2656E-5
4,3946E-5
4,2446E-5
4,154E-5
4,0844E-5
4,6832E-5
4,8524E-5
5,0606E-5
4,6172E-5
4,7011E-5
7,4023E-5
2,6343E-5
2,619E-5
2,6245E-5
2,7559E-5
3,3991E-5
3,4567E-5
2,3947E-5
3,2949E-5
3,1929E-5
2,9415E-5
2,743E-5
2,8871E-5
2,3026E-5
2,6237E-5
2,6593E-5
2,5126E-5
2,2785E-5
2,2924E-5
2,4496E-5
2,3424E-5
2,6105E-5
2,6848E-5
2,6607E-5
2,4069E-5
2,3276E-5
2,7193E-5
3,1928E-5
4,2713E-5
2,7769E-5
3,7701E-5
3,2749E-5
2,3036E-5
2,6041E-5
2,2892E-5
2,3396E-5
2,2962E-5
2,7798E-5
2,829E-5
2,6236E-5
2,3996E-5
2,2684E-5
2,8174E-5
2,3451E-5
3,1942E-5
2,5376E-5
2,7281E-5
4,6157E-5
2,2789E-5
2,8739E-5
2,7302E-5
2,3573E-5
4,0313E-5
2,6109E-5
2,5576E-5
2,4552E-5
3,7216E-5
2,9064E-5
2,5024E-5
2,6854E-5
2,7215E-5
2,3638E-5
2,6745E-5
3,3709E-5
3,2617E-5
3,255E-5
2,2393E-5
2,331E-5
2,3014E-5
3,1589E-5
3,1325E-5
2,8399E-5
2,7493E-5
2,4281E-5
2,9267E-5
2,6163E-5
2,8088E-5
2,3289E-5
2,4768E-5
2,7881E-5
2,2859E-5
2,6968E-5
3,4598E-5
3,2038E-5
2,3714E-5
2,7759E-5
3,1659E-5
2,3959E-5
2,3477E-5
2,2845E-5
2,6626E-5
2,5179E-5
3,2812E-5
3,2834E-5
2,5443E-5
2,3601E-5
2,7759E-5
2,8054E-5
2,6026E-5
2,3057E-5
2,6285E-5
2,7517E-5
2,6546E-5
2,2686E-5
2,6299E-5
2,8699E-5
2,5561E-5
2,3911E-5
2,6447E-5
2,792E-5
2,6222E-5
2,385E-5
2,6311E-5
4,3771E-5
2,5826E-5
2,2863E-5
2,647E-5
2,9029E-5
2,5007E-5
2,2669E-5
2,6637E-5
2,7812E-5
2,5781E-5
2,4013E-5
2,654E-5
2,7677E-5
2,6183E-5
2,3966E-5
2,6822E-5
2,7972E-5
2,5512E-5
2,4095E-5
2,6424E-5
2,8725E-5
2,5285E-5
2,2655E-5
2,6313E-5
2,8161E-5
2,5738E-5
2,2989E-5
3,1655E-5
2,8024E-5
2,612E-5
2,3979E-5
3,3062E-5
2,9122E-5
2,554E-5
2,2942E-5
3,3107E-5
2,8233E-5
2,821E-5
2,2857E-5
4,5879E-5
2,6152E-5
3,2647E-5
2,8425E-5
2,3759E-5
3,3763E-5
2,5054E-5
2,6458E-5
2,3309E-5
2,3219E-5
2,4582E-5
2,5028E-5
2,815E-5
2,8142E-5
2,6591E-5
2,5097E-5
3,2154E-5
2,4699E-5
3,2299E-5
2,3682E-5
2,6178E-5
3,3284E-5
2,65E-5
3,4773E-5
3,2204E-5
2,2763E-5
3,2635E-5
3,2872E-5
2,7559E-5
2,5236E-5
2,6294E-5
2,4594E-5
2,7039E-5
2,5211E-5
2,5223E-5
2,4572E-5
2,8332E-5
2,8106E-5
2,3399E-5
2,5304E-5
2,8947E-5
2,2913E-5
2,7941E-5
2,3721E-5
2,58E-5
2,5513E-5
2,3432E-5
2,8535E-5
2,7892E-5
2,2884E-5
3,1803E-5
3,1966E-5
3,312E-5
2,3829E-5
2,9271E-5
2,3397E-5
2,3662E-5
2,3185E-5
2,3611E-5
2,4546E-5
3,4235E-5
3,2794E-5
2,6156E-5
2,5986E-5
2,6046E-5
2,5817E-5
2,6544E-5
2,324E-5
2,4401E-5
2,9108E-5
2,6446E-5
2,8368E-5
2,4446E-5
2,7018E-5
3,1463E-5
2,3856E-5
2,6076E-5
2,6551E-5
2,5939E-5
2,3379E-5
2,4352E-5
2,2809E-5
2,3293E-5
2,2751E-5
3,8021E-5
3,2596E-5
2,8315E-5
2,6568E-5
2,5417E-5
2,3307E-5
2,8622E-5
2,5863E-5
3,3198E-5
2,3372E-5
2,8504E-5
2,5334E-5
3,2695E-5
2,3223E-5
2,8067E-5
2,6245E-5
2,4494E-5
2,2268E-5
2,8881E-5
2,5757E-5
2,5599E-5
2,2577E-5
2,824E-5
3,1556E-5
2,2705E-5
2,5858E-5
2,8109E-5
3,2487E-5
2,3612E-5
2,5093E-5
2,8394E-5
3,1999E-5
2,3601E-5
4,0201E-5
2,7574E-5
2,3921E-5
2,2701E-5
3,2584E-5
2,8208E-5
2,3966E-5
2,3084E-5
3,4061E-5
2,823E-5
2,3837E-5
2,3241E-5
2,5767E-5
3,3182E-5
2,6308E-5
2,2641E-5
2,6271E-5
3,3174E-5
2,4687E-5
2,2521E-5
2,5339E-5
3,2546E-5
2,7244E-5
2,2708E-5
2,6009E-5
3,261E-5
2,7422E-5
2,4746E-5
2,6418E-5
3,2617E-5
2,4509E-5
2,2729E-5
3,1484E-5
3,2481E-5
2,4391E-5
2,3306E-5
2,6765E-5
3,3172E-5
2,3551E-5
2,2587E-5
3,102E-5
3,2331E-5
2,3314E-5
2,3516E-5
2,6393E-5
3,2646E-5
2,6352E-5
2,3863E-5
2,2615E-5
3,2188E-5
2,4291E-5
2,286E-5
3,4255E-5
2,4681E-5
2,354E-5
2,7011E-5
2,9215E-5
2,8033E-5
2,8494E-5
2,5187E-5
2,4941E-5
2,9599E-5
2,4846E-5
2,5755E-5
2,6753E-5
2,6127E-5
2,6515E-5
2,5685E-5
2,3579E-5
2,3116E-5
2,8844E-5
3,356E-5
3,2513E-5
3,3132E-5
2,7065E-5
2,3416E-5
2,4185E-5
2,9194E-5
2,5171E-5
2,6161E-5
2,6656E-5
2,6761E-5
3,2654E-5
3,2847E-5
3,2899E-5
3,1494E-5
3,2378E-5
2,3917E-5
2,2649E-5
2,7305E-5
3,283E-5
2,2994E-5
3,3524E-5
2,5012E-5
3,7403E-5
3,4083E-5
2,6898E-5
2,823E-5
3,0562E-5
2,7324E-5
3,4392E-5
2,7658E-5
3,9498E-5
2,3881E-5
4,9081E-5
3,2732E-5
2,7119E-5
3,1679E-5
2,857E-5
3,7468E-5
3,2137E-5
3,1908E-5
2,3224E-5
2,6336E-5
2,8264E-5
2,4061E-5
3,3383E-5
3,3057E-5
2,6766E-5
2,7051E-5
2,7384E-5
2,6803E-5
2,4441E-5
2,3607E-5
3,2496E-5
2,3179E-5
3,4452E-5
3,2153E-5
2,689E-5
2,463E-5
2,4505E-5
2,6663E-5
2,5903E-5
2,6503E-5
2,625E-5
2,4215E-5
2,3829E-5
2,2923E-5
3,2096E-5
2,2709E-5
3,2997E-5
2,3162E-5
3,196E-5
3,1715E-5
2,5916E-5
2,7214E-5
2,6808E-5
2,3894E-5
2,5985E-5
2,6893E-5
2,4486E-5
2,3612E-5
2,6057E-5
3,1988E-5
3,4446E-5
2,6757E-5
2,9607E-5
2,4069E-5
2,3904E-5
2,3094E-5
3,3067E-5
3,1705E-5
2,6693E-5
2,6243E-5
4,8735E-5
5,7598E-5
4,4688E-5
6,2569E-5
4,5173E-5
4,5926E-5
4,1192E-5
5,6946E-5
3,8777E-5
4,2605E-5
4,9547E-5
6,2135E-5
5,9978E-5
4,9831E-5
4,9668E-5
4,0655E-5
5,7419E-5
5,8865E-5
5,8803E-5
5,8349E-5
5,9192E-5
6,1725E-5
6,257E-5
6,8317E-5
6,1457E-5
6,1618E-5
4,7394E-5
4,4617E-5
3,2574E-5
3,3434E-5
3,3421E-5
2,4955E-5
2,672E-5
2,2828E-5
2,5216E-5
2,6354E-5
2,781E-5
2,603E-5
2,4717E-5
2,4382E-5
2,4355E-5
2,4574E-5
2,5149E-5
2,7294E-5
2,4407E-5
2,3472E-5
2,3112E-5
3,3634E-5
3,4245E-5
2,3202E-5
2,4607E-5
3,3609E-5
3,3344E-5
2,336E-5
2,3838E-5
2,3928E-5
3,2891E-5
3,3436E-5
3,2716E-5
2,6639E-5
2,5726E-5
2,6761E-5
2,9497E-5
3,4205E-5
2,3143E-5
2,848E-5
2,7925E-5
2,3382E-5
2,4509E-5
2,6089E-5
2,6031E-5
2,7892E-5
2,7734E-5
3,2223E-5
2,456E-5
2,478E-5
3,418E-5
2,2956E-5
3,2558E-5
3,2025E-5
3,1978E-5
3,2837E-5
2,5109E-5
2,4949E-5
3,3873E-5
2,3099E-5
2,5306E-5
3,0727E-5
2,4185E-5
2,3728E-5
3,2731E-5
2,6289E-5
2,5677E-5
2,4999E-5
2,4616E-5
2,8722E-5
2,8693E-5
3,3805E-5
3,4228E-5
2,8238E-5
2,7043E-5
3,3201E-5
2,6442E-5
2,8899E-5
3,3429E-5
3,3602E-5
3,3281E-5
2,8661E-5
3,3196E-5
2,6333E-5
2,5372E-5
3,3501E-5
2,6999E-5
2,8355E-5
2,4309E-5
3,228E-5
2,3078E-5
2,9553E-5
2,5162E-5
2,4723E-5
3,454E-5
3,3013E-5
3,2595E-5
2,6716E-5
2,5792E-5
3,174E-5
2,6809E-5
2,6948E-5
3,348E-5
2,5108E-5
3,3193E-5
2,3729E-5
2,3408E-5
2,35E-5
3,4056E-5
3,4719E-5
2,3483E-5
3,3231E-5
2,6695E-5
3,2343E-5
4,4155E-5
3,7185E-5
5,0515E-5
2,7707E-5
3,5673E-5
2,8598E-5
2,85E-5
2,7584E-5
2,6157E-5
3,2787E-5
2,7269E-5
2,6984E-5
3,0353E-5
2,7859E-5
3,4269E-5
2,2989E-5
2,8515E-5
2,7423E-5
2,8348E-5
2,8396E-5
3,4574E-5
2,3671E-5
2,4318E-5
2,2721E-5
2,6139E-5
2,671E-5
2,3826E-5
2,869E-5
2,9236E-5
2,4611E-5
2,4506E-5
2,4308E-5
2,4548E-5
2,4915E-5
3,2423E-5
2,4228E-5
3,2705E-5
2,5912E-5
2,7571E-5
3,423E-5
3,2046E-5
2,3673E-5
2,3032E-5
2,4195E-5
2,4326E-5
2,44E-5
2,4748E-5
2,3969E-5
3,2802E-5
2,4738E-5
2,3212E-5
2,466E-5
2,3836E-5
2,3912E-5
2,2678E-5
2,3214E-5
2,2549E-5
2,9142E-5
2,8651E-5
2,3852E-5
2,8747E-5
2,8174E-5
2,6821E-5
2,7415E-5
2,5588E-5
3,2457E-5
2,4096E-5
2,5943E-5
2,306E-5
4,3102E-5
3,3201E-5
2,3599E-5
2,4108E-5
2,8036E-5
2,3309E-5
2,787E-5
2,4633E-5
2,3151E-5
2,6373E-5
2,5879E-5
2,5653E-5
3,2937E-5
3,2904E-5
2,3394E-5
2,5543E-5
2,5509E-5
2,3121E-5
2,9042E-5
2,644E-5
3,3596E-5
2,5868E-5
2,2735E-5
2,6002E-5
2,3621E-5
2,4363E-5
3,2865E-5
3,3448E-5
3,1471E-5
2,8459E-5
2,8448E-5
3,1211E-5
2,6583E-5
2,4175E-5
2,329E-5
2,6909E-5
2,6853E-5
3,5128E-5
2,3383E-5
2,8676E-5
3,1656E-5
3,3478E-5
2,7231E-5
2,5532E-5
3,4796E-5
2,4719E-5
3,3956E-5
3,2726E-5
2,5764E-5
3,1249E-5
2,869E-5
3,2087E-5
2,3702E-5
2,7636E-5
2,5783E-5
3,2792E-5
2,8591E-5
3,3318E-5
2,7263E-5
2,6938E-5
2,5038E-5
2,3691E-5
2,3175E-5
2,8437E-5
2,748E-5
2,708E-5
2,6868E-5
3,3923E-5
2,9756E-5
2,9332E-5
2,7656E-5
2,8141E-5
2,794E-5
2,3832E-5
3,3103E-5
3,4038E-5
3,2871E-5
2,4702E-5
2,4921E-5
2,3538E-5
2,676E-5
2,6646E-5
3,4774E-5
2,3439E-5
6,1273E-5
4,3262E-5
4,3963E-5
5,9775E-5
2,3584E-5
2,7636E-5
2,4049E-5
3,2898E-5
3,3469E-5
4,1417E-5
2,6986E-5
2,6818E-5
2,6502E-5
2,7279E-5
3,2796E-5
3,3608E-5
3,7081E-5
3,3846E-5
4,4717E-5
3,423E-5
3,1781E-5
3,2436E-5
3,2223E-5
2,8103E-5
2,4244E-5
2,3495E-5
3,2523E-5
2,4823E-5
2,7166E-5
3,3302E-5
2,8481E-5
2,593E-5
2,4227E-5
2,8504E-5
3,1174E-5
3,2729E-5
2,8524E-5
2,8034E-5
2,7104E-5
3,3775E-5
3,0114E-5
2,3172E-5
3,3246E-5
2,4788E-5
2,4231E-5
2,7251E-5
2,4054E-5
2,4254E-5
2,4356E-5
2,3788E-5
2,8354E-5
2,3845E-5
2,4239E-5
2,3292E-5
2,2841E-5
2,4451E-5
3,079E-5
2,3472E-5
2,3446E-5
2,2776E-5
2,6352E-5
2,7315E-5
2,5869E-5
2,3847E-5
2,5491E-5
2,7382E-5
2,4043E-5
2,4E-5
3,1279E-5
2,5716E-5
2,5523E-5
2,666E-5
2,6781E-5
3,0839E-5
2,7668E-5
3,3463E-5
2,7526E-5
4,9183E-5
2,3222E-5
3,4166E-5
3,1661E-5
2,9016E-5
2,4469E-5
2,7066E-5
2,3276E-5
2,5678E-5
2,4173E-5
3,3224E-5
3,1908E-5
2,82E-5
2,4234E-5
2,7173E-5
2,2808E-5
2,6996E-5
2,3141E-5
4,224E-5
3,788E-5
2,8529E-5
2,5083E-5
2,731E-5
2,3121E-5
2,553E-5
2,8543E-5
3,29E-5
3,1654E-5
2,9125E-5
2,4804E-5
3,7135E-5
2,5277E-5
2,4254E-5
3,3255E-5
4,9738E-5
3,3096E-5
2,4094E-5
2,4618E-5
2,5683E-5
2,4445E-5
2,4712E-5
2,4017E-5
2,3612E-5
2,408E-5
2,4363E-5
2,4444E-5
3,2168E-5
3,9412E-5
3,2458E-5
3,2381E-5
2,5049E-5
2,8236E-5
3,2004E-5
3,3854E-5
2,3515E-5
2,6858E-5
2,9081E-5
2,4218E-5
2,4879E-5
2,3266E-5
2,4445E-5
2,5924E-5
3,539E-5
2,395E-5
2,4633E-5
2,4633E-5
3,3792E-5
4,8804E-5
4,3685E-5
4,2773E-5
5,7717E-5
4,176E-5
4,5366E-5
4,2179E-5
5,8766E-5
4,2109E-5
5,9654E-5
4,8861E-5
3,8984E-5
4,1937E-5
4,9325E-5
4,5319E-5
4,5299E-5
4,1939E-5
6,2894E-5
5,015E-5
5,1953E-5
4,7417E-5
4,3467E-5
4,2484E-5
4,5033E-5
5,7738E-5
4,5981E-5
6,4373E-5
4,9394E-5
4,3285E-5
4,061E-5
4,1451E-5
4,318E-5
5,0233E-5
4,5933E-5
4,3612E-5
4,5024E-5
4,6056E-5
4,0478E-5
5,0257E-5
6,2211E-5
5,9242E-5
4,115E-5
4,712E-5
8,0061E-5
4,7863E-5
4,6993E-5
4,0292E-5
5,9322E-5
4,2113E-5
4,4054E-5
4,6044E-5
4,5762E-5
4,5996E-5
3,9764E-5
5,1243E-5
2,6845E-5
2,7456E-5
2,8569E-5
2,8669E-5
2,8495E-5
2,6626E-5
3,1708E-5
3,2601E-5
3,2715E-5
3,2105E-5
2,3142E-5
3,3921E-5
3,3281E-5
2,6983E-5
2,5801E-5
2,4268E-5
2,9593E-5
2,5369E-5
2,6341E-5
2,7389E-5
2,8553E-5
2,9788E-5
2,8277E-5
2,7214E-5
3,2576E-5
2,6823E-5
2,8494E-5
2,666E-5
2,7364E-5
3,1976E-5
3,2136E-5
3,2234E-5
3,2058E-5
3,3585E-5
2,3755E-5
2,3398E-5
2,3948E-5
2,986E-5
2,7489E-5
2,3475E-5
2,4663E-5
2,3535E-5
3,3721E-5
3,3029E-5
3,2423E-5
3,2577E-5
2,3787E-5
2,4136E-5
2,5759E-5
2,3989E-5
2,8722E-5
2,5922E-5
3,6486E-5
4,1321E-5
3,3249E-5
3,3016E-5
2,462E-5
3,2749E-5
3,3369E-5
3,2534E-5
2,5614E-5
2,5851E-5
2,678E-5
2,5784E-5
3,5804E-5
2,618E-5
2,6862E-5
2,399E-5
2,8242E-5
2,7613E-5
2,3425E-5
2,7518E-5
2,4218E-5
3,6489E-5
3,8016E-5
3,1151E-5
2,329E-5
2,267E-5
3,3245E-5
3,3118E-5
2,4E-5
2,3549E-5
2,33E-5
2,5124E-5
2,5108E-5
5,6771E-5
3,1244E-5
2,5802E-5
3,1868E-5
2,866E-5
2,6344E-5
2,5551E-5
2,613E-5
2,7103E-5
2,5279E-5
2,6403E-5
3,9694E-5
2,2843E-5
2,2771E-5
3,2977E-5
2,4383E-5
2,3724E-5
2,3331E-5
2,4688E-5
3,211E-5
3,1527E-5
2,8196E-5
2,3078E-5
2,3299E-5
2,6133E-5
2,6973E-5
2,535E-5
2,3056E-5
2,8634E-5
2,4003E-5
3,2606E-5
3,2404E-5
3,6729E-5
3,1688E-5
3,373E-5
3,2145E-5
2,6495E-5
2,575E-5
3,1455E-5
2,3243E-5
2,4842E-5
2,7356E-5
3,2252E-5
3,4911E-5
2,5444E-5
2,5289E-5
2,6112E-5
2,6219E-5
2,4147E-5
2,6122E-5
2,4412E-5
2,5796E-5
2,8641E-5
2,878E-5
2,853E-5
3,3503E-5
2,3664E-5
2,4601E-5
2,8104E-5
3,226E-5
3,3106E-5
2,8876E-5
2,7118E-5
2,8756E-5
2,879E-5
3,6648E-5
3,1042E-5
6,1997E-5
2,6397E-5
2,4486E-5
2,3768E-5
2,8908E-5
2,6154E-5
3,4158E-5
3,5486E-5
2,6455E-5
4,6073E-5
2,9645E-5
3,8679E-5
3,6872E-5
2,8618E-5
3,8126E-5
2,6696E-5
2,8444E-5
3,5085E-5
2,9138E-5
5,527E-5
2,5405E-5
3,4004E-5
2,4949E-5
3,1654E-5
2,4994E-5
2,428E-5
2,3625E-5
2,3335E-5
2,365E-5
2,8031E-5
3,2474E-5
2,5918E-5
2,5727E-5
2,3956E-5
2,8429E-5
2,3949E-5
2,8482E-5
2,6597E-5
2,532E-5
3,1584E-5
2,6326E-5
2,4946E-5
2,6496E-5
3,5686E-5
3,3125E-5
3,2951E-5
3,2019E-5
3,2339E-5
2,5529E-5
2,4254E-5
2,5797E-5
3,3488E-5
2,4198E-5
3,3202E-5
3,2825E-5
3,3348E-5
2,4042E-5
2,441E-5
3,1426E-5
3,3436E-5
2,3084E-5
2,2911E-5
2,2437E-5
2,6412E-5
2,644E-5
2,5985E-5
2,7402E-5
2,7005E-5
3,3112E-5
3,129E-5
2,5347E-5
2,6829E-5
2,3262E-5
3,3113E-5
3,1186E-5
3,292E-5
3,29E-5
3,1763E-5
3,0972E-5
2,2971E-5
5,762E-5
3,6502E-5
2,5484E-5
2,7905E-5
2,2944E-5
2,7841E-5
2,8721E-5
2,3696E-5
2,7282E-5
3,1966E-5
2,3291E-5
2,6416E-5
3,6724E-5
3,1894E-5
3,2614E-5
4,0283E-5
3,479E-5
3,3146E-5
3,2239E-5
3,2916E-5
3,1835E-5
3,2713E-5
3,1855E-5
2,5045E-5
2,332E-5
3,2375E-5
2,8741E-5
2,6207E-5
2,5188E-5
2,8815E-5
2,6705E-5
2,645E-5
2,6684E-5
2,889E-5
2,513E-5
2,8671E-5
2,7559E-5
2,5362E-5
2,3222E-5
2,8501E-5
2,3441E-5
3,2876E-5
3,1954E-5
3,21E-5
2,6264E-5
2,3426E-5
2,6657E-5
2,3585E-5
2,6545E-5
3,3476E-5
3,2609E-5
2,3064E-5
2,3374E-5
2,3253E-5
2,4475E-5
2,4405E-5
2,5756E-5
2,6607E-5
2,6808E-5
2,3712E-5
3,3341E-5
3,294E-5
3,2861E-5
2,4742E-5
2,4356E-5
3,2598E-5
2,4693E-5
2,9331E-5
2,5159E-5
2,5149E-5
2,4285E-5
2,7371E-5
3,3046E-5
3,7906E-5
3,2673E-5
2,4301E-5
2,8062E-5
2,3166E-5
2,489E-5
3,1557E-5
3,2385E-5
3,1878E-5
2,7521E-5
2,7585E-5
2,6693E-5
2,8541E-5
2,7772E-5
2,7168E-5
3,329E-5
2,6602E-5
2,3373E-5
2,3237E-5
2,4721E-5
2,5146E-5
2,6399E-5
2,9305E-5
2,5171E-5
3,2607E-5
2,5609E-5
2,7486E-5
2,6559E-5
2,4674E-5
2,5502E-5
2,4557E-5
2,4516E-5
2,8324E-5
2,6952E-5
2,2888E-5
2,8376E-5
2,6015E-5
3,2276E-5
2,34288E-4
2,4561E-5
2,6049E-5
3,3018E-5
3,1454E-5
3,314E-5
3,2018E-5
3,1617E-5
2,5584E-5
2,2933E-5
2,3613E-5
2,3152E-5
2,6176E-5
2,3233E-5
2,6373E-5
2,6799E-5
2,3987E-5
2,6327E-5
2,6048E-5
2,8956E-5
2,695E-5
2,6477E-5
2,4691E-5
3,3084E-5
2,4797E-5
2,6155E-5
2,6402E-5
2,627E-5
2,4787E-5
2,3652E-5
2,3966E-5
2,2627E-5
3,3133E-5
2,4191E-5
2,53E-5
2,531E-5
3,1765E-5
2,6409E-5
3,3527E-5
2,3477E-5
2,7815E-5
2,7374E-5
2,5127E-5
2,8263E-5
2,579E-5
2,5995E-5
2,9131E-5
2,4433E-5
3,322E-5
3,283E-5
2,6387E-5
3,1298E-5
2,5588E-5
2,9153E-5
2,7502E-5
3,2712E-5
2,7828E-5
2,9351E-5
2,9609E-5
2,8851E-5
2,8436E-5
3,3242E-5
2,2755E-5
2,2252E-5
2,3853E-5
2,6281E-5
3,2132E-5
2,435E-5
2,394E-5
3,4573E-5
2,5324E-5
2,8331E-5
2,8834E-5
2,7906E-5
2,5978E-5
2,5571E-5
2,5954E-5
2,651E-5
2,6837E-5
2,576E-5
3,1172E-5
3,1775E-5
3,1658E-5
3,1502E-5
2,6045E-5
2,3811E-5
3,2395E-5
2,3805E-5
2,3758E-5
3,244E-5
2,3067E-5
2,6117E-5
2,5795E-5
2,272E-5
3,1071E-5
3,2945E-5
3,1726E-5
2,2805E-5
2,7428E-5
3,4918E-5
4,5016E-5
2,447E-5
5,3179E-5
2,6684E-5
3,4796E-5
3,3406E-5
6,1317E-5
3,6897E-5
2,8743E-5
2,9694E-5
3,3319E-5
3,36E-5
3,2357E-5
3,4981E-5
4,0426E-5
3,0421E-5
2,6836E-5
4,2207E-5
7,0058E-5
5,7375E-5
3,8322E-5
2,5111E-5
2,3964E-5
4,5422E-5
5,9645E-5
4,2219E-5
4,6407E-5
4,5359E-5
6,2323E-5
5,8978E-5
4,2649E-5
6,0576E-5
6,0594E-5
4,1067E-5
4,5445E-5
4,8559E-5
4,5575E-5
4,0562E-5
5,0423E-5
6,2383E-5
4,9708E-5
6,4246E-5
5,9998E-5
4,4441E-5
6,0909E-5
4,6464E-5
4,2629E-5
5,0637E-5
4,6787E-5
4,9113E-5
5,4299E-5
5,8638E-5
4,9689E-5
5,7792E-5
4,6501E-5
5,1314E-5
3,7894E-5
3,281E-5
3,5313E-5
3,2589E-5
3,3388E-5
3,353E-5
2,6961E-5
2,5972E-5
2,6601E-5
2,3934E-5
2,4074E-5
3,3663E-5
2,6208E-5
2,3518E-5
2,3757E-5
3,4665E-5
2,5775E-5
2,8775E-5
2,7468E-5
2,3932E-5
2,4079E-5
2,4351E-5
2,8359E-5
2,7283E-5
2,3381E-5
2,3698E-5
3,0634E-5
2,3163E-5
2,255E-5
2,6834E-5
2,8596E-5
2,876E-5
2,6358E-5
3,2365E-5
2,3321E-5
2,8832E-5
5,952E-5
3,8233E-5
3,3247E-5
4,1397E-5
5,0547E-5
4,2031E-5
2,8462E-5
3,7717E-5
3,273E-5
2,4094E-5
2,7125E-5
5,4526E-5
2,4024E-5
2,8262E-5
4,4371E-5
4,1362E-5
6,0103E-5
3,7583E-5
4,0676E-5
7,3389E-5
2,6574E-5
3,1159E-5
3,4199E-5
3,8274E-5
5,2119E-5
3,6836E-5
3,7431E-5
5,0202E-5
2,3729E-5
2,8661E-5
3,3283E-5
2,694E-5
2,7116E-5
3,1595E-5
2,8006E-5
2,6471E-5
2,6672E-5
2,8647E-5
2,6414E-5
2,3842E-5
2,8418E-5
3,2964E-5
3,2343E-5
3,4155E-5
2,3017E-5
2,8637E-5
3,9914E-5
2,8698E-5
2,9604E-5
2,353E-5
3,3813E-5
3,1803E-5
2,8972E-5
2,3716E-5
2,8683E-5
3,4578E-5
3,7044E-5
4,1842E-5
4,1549E-5
3,2869E-5
6,17E-5
3,8593E-5
3,7103E-5
5,4991E-5
4,2325E-5
3,1185E-5
2,5497E-5
3,4727E-5
2,7339E-5
2,7164E-5
2,2717E-5
2,712E-5
5,03E-5
2,633E-5
2,8155E-5
2,6048E-5
3,3363E-5
2,4751E-5
2,4543E-5
2,6648E-5
2,6545E-5
2,3807E-5
2,385E-5
3,214E-5
2,4363E-5
2,6098E-5
2,7548E-5
2,5615E-5
3,3559E-5
2,404E-5
3,2792E-5
4,1601E-5
3,6954E-5
3,8708E-5
2,6931E-5
2,5842E-5
3,4622E-5
3,207E-5
2,8261E-5
2,3813E-5
2,517E-5
3,369E-5
2,4911E-5
2,7895E-5
2,368E-5
2,3413E-5
3,3126E-5
3,3566E-5
3,1952E-5
5,3715E-5
5,0841E-5
3,2875E-5
3,3666E-5
3,1847E-5
2,4332E-5
2,3516E-5
2,6201E-5
2,3916E-5
3,2574E-5
2,5528E-5
2,7044E-5
2,4583E-5
2,9383E-5
2,5023E-5
2,6743E-5
2,6354E-5
2,3203E-5
2,6638E-5
2,5724E-5
2,4764E-5
2,3635E-5
3,3823E-5
2,2678E-5
3,1944E-5
2,6962E-5
2,7565E-5
2,6928E-5
3,363E-5
2,4457E-5
4,2852E-5
2,4313E-5
2,7749E-5
2,8961E-5
3,2614E-5
3,7177E-5
3,7835E-5
2,7973E-5
2,4655E-5
2,4495E-5
4,971E-5
4,0767E-5
3,7482E-5
5,3008E-5
3,2929E-5
2,375E-5
2,6839E-5
2,5787E-5
2,3894E-5
3,238E-5
2,5691E-5
3,1625E-5
2,8401E-5
2,837E-5
2,7174E-5
2,3175E-5
3,1856E-5
2,8445E-5
2,5552E-5
2,6566E-5
2,6513E-5
2,5777E-5
2,6677E-5
2,3014E-5
2,7199E-5
2,7153E-5
2,6093E-5
2,6321E-5
3,2164E-5
2,3132E-5
5,0955E-5
3,2372E-5
2,3977E-5
2,3032E-5
2,3984E-5
2,2591E-5
2,2932E-5
2,2862E-5
2,2888E-5
2,3498E-5
2,323E-5
2,587E-5
2,3522E-5
2,7319E-5
3,202E-5
3,334E-5
2,4027E-5
2,6559E-5
2,7338E-5
2,808E-5
2,6467E-5
2,8377E-5
2,8194E-5
2,501E-5
3,2675E-5
2,6554E-5
2,7307E-5
2,7694E-5
2,3201E-5
2,4507E-5
2,7858E-5
3,3752E-5
4,2342E-5
2,7505E-5
2,6955E-5
2,6646E-5
2,5673E-5
3,4262E-5
3,4928E-5
2,5248E-5
2,358E-5
3,2813E-5
3,3586E-5
3,172E-5
3,3344E-5
3,2678E-5
2,388E-5
2,5557E-5
3,2649E-5
2,9686E-5
2,3085E-5
3,6043E-5
2,575E-5
2,6282E-5
3,1957E-5
3,1689E-5
3,2258E-5
2,6318E-5
3,827E-5
2,8239E-5
2,3244E-5
2,499E-5
2,7503E-5
2,7935E-5
2,759E-5
3,4339E-5
3,2679E-5
2,4019E-5
2,8816E-5
3,1635E-5
2,5344E-5
2,3E-5
2,6881E-5
3,3633E-5
2,4056E-5
2,3653E-5
2,868E-5
2,831E-5
2,7284E-5
2,3187E-5
3,3396E-5
3,2587E-5
2,8065E-5
2,8968E-5
2,6983E-5
2,685E-5
2,4112E-5
2,6292E-5
3,1673E-5
3,2448E-5
2,3927E-5
2,8185E-5
3,1948E-5
3,2131E-5
3,3223E-5
2,6008E-5
3,253E-5
3,6465E-5
2,6627E-5
2,2881E-5
2,632E-5
2,7077E-5
2,6535E-5
2,9529E-5
2,5174E-5
2,8515E-5
3,4706E-5
3,222E-5
2,8447E-5
4,0218E-5
3,3143E-5
2,7857E-5
2,5585E-5
3,4427E-5
2,3804E-5
2,6622E-5
2,7892E-5
2,8756E-5
3,3411E-5
2,3543E-5
2,6349E-5
2,6039E-5
3,2639E-5
2,8801E-5
3,3098E-5
2,827E-5
2,494E-5
3,1243E-5
3,2333E-5
2,384E-5
2,3414E-5
2,4338E-5
4,332E-5
2,4975E-5
2,3924E-5
2,3899E-5
3,3705E-5
2,5933E-5
3,3254E-5
2,5325E-5
3,2399E-5
2,3721E-5
2,5969E-5
2,7418E-5
2,4173E-5
2,7311E-5
2,3091E-5
2,8506E-5
2,8565E-5
3,4644E-5
2,5063E-5
2,4544E-5
2,6554E-5
3,2638E-5
2,61E-5
3,3678E-5
3,2401E-5
2,6154E-5
2,7899E-5
3,2858E-5
2,2859E-5
3,5365E-5
2,349E-5
2,8541E-5
2,62E-5
2,4337E-5
3,1881E-5
2,5128E-5
2,3896E-5
2,8115E-5
2,3163E-5
2,4279E-5
2,3138E-5
2,5903E-5
3,3908E-5
2,8496E-5
2,4884E-5
2,3472E-5
3,1912E-5
3,326E-5
2,3111E-5
2,4473E-5
3,3955E-5
3,2018E-5
3,2961E-5
2,4961E-5
2,5171E-5
2,2464E-5
3,296E-5
2,2539E-5
3,3391E-5
3,2059E-5
3,3268E-5
3,377E-5
3,0251E-5
3,2582E-5
3,6841E-5
2,8599E-5
3,0151E-5
3,2253E-5
3,3027E-5
3,2769E-5
3,3184E-5
2,8293E-5
2,8233E-5
2,8918E-5
2,8058E-5
2,779E-5
2,8861E-5
2,7725E-5
2,7598E-5
