1,56955E-4
2,35218E-4
1,18679E-4
1,01539E-4
9,5191E-5
1,7E-4
1,029E-4
2,05125E-4
9,3554E-5
1,11557E-4
1,03851E-4
8,9424E-5
2,1699E-4
9,7245E-5
8,7298E-5
8,4535E-5
8,1428E-5
8,4088E-5
9,502E-5
9,3434E-5
1,02514E-4
8,4938E-5
8,9585E-5
9,2311E-5
8,4063E-5
8,2194E-5
8,3049E-5
9,7869E-5
9,1601E-5
1,28851E-4
1,02588E-4
1,10063E-4
8,0244E-5
9,5361E-5
1,21695E-4
9,6068E-5
9,4716E-5
9,5336E-5
9,097E-5
8,5039E-5
8,8977E-5
8,7905E-5
1,17234E-4
9,4267E-5
8,9983E-5
9,2345E-5
8,5804E-5
8,5057E-5
7,9932E-5
8,4979E-5
9,7938E-5
9,3183E-5
9,0588E-5
8,5924E-5
9,262E-5
9,652E-5
9,4057E-5
8,0269E-5
8,2212E-5
9,077E-5
8,1064E-5
8,7983E-5
8,3592E-5
8,109E-5
1,00767E-4
9,4447E-5
8,4138E-5
8,3726E-5
9,3384E-5
9,4001E-5
8,8087E-5
8,4962E-5
1,05302E-4
1,03831E-4
9,553E-5
9,03E-5
8,9751E-5
8,5252E-5
8,9965E-5
7,9781E-5
8,4626E-5
8,3952E-5
8,2169E-5
7,9442E-5
7,7659E-5
8,2293E-5
9,387E-5
9,5774E-5
9,1276E-5
9,6539E-5
8,5291E-5
8,1339E-5
9,0204E-5
8,4073E-5
8,0892E-5
9,2086E-5
8,5026E-5
9,1037E-5
9,751E-5
9,4802E-5
9,2682E-5
8,1639E-5
8,3157E-5
7,7265E-5
8,3362E-5
8,9441E-5
1,14764E-4
9,1727E-5
8,4004E-5
8,3808E-5
8,3811E-5
7,7239E-5
8,9472E-5
8,0093E-5
8,9961E-5
8,8586E-5
1,0079E-4
8,0697E-5
9,1197E-5
9,1112E-5
9,4269E-5
9,1807E-5
8,0284E-5
7,8483E-5
8,8251E-5
7,6516E-5
7,5188E-5
8,0788E-5
9,1357E-5
9,4557E-5
8,6802E-5
8,5537E-5
8,9756E-5
9,1582E-5
0,001531251
8,436E-5
9,7244E-5
9,1949E-5
9,109E-5
8,7749E-5
9,4211E-5
9,1813E-5
9,3072E-5
1,05802E-4
9,2455E-5
8,2902E-5
9,2202E-5
8,5573E-5
9,4178E-5
1,40455E-4
9,6039E-5
8,1009E-5
8,1075E-5
9,6061E-5
9,0435E-5
8,8929E-5
9,1819E-5
8,449E-5
7,9324E-5
9,5685E-5
7,928E-5
1,00136E-4
9,0716E-5
9,3583E-5
1,13025E-4
8,9161E-5
8,9504E-5
9,3104E-5
8,9896E-5
8,8722E-5
8,1237E-5
1,09224E-4
8,8798E-5
8,8898E-5
1,00507E-4
9,2449E-5
9,3083E-5
8,0132E-5
9,4056E-5
8,9365E-5
8,4341E-5
9,1436E-5
9,3065E-5
8,8018E-5
8,3457E-5
9,4511E-5
9,1479E-5
1,01052E-4
9,0666E-5
8,4623E-5
8,4653E-5
9,0132E-5
1,00122E-4
8,8638E-5
9,863E-5
1,01385E-4
9,2827E-5
8,1557E-5
7,852E-5
8,3934E-5
8,6094E-5
7,9043E-5
7,7136E-5
7,8126E-5
9,5168E-5
8,2553E-5
9,6729E-5
9,5636E-5
8,1242E-5
1,04432E-4
1,04708E-4
9,1595E-5
9,9342E-5
9,0482E-5
9,3048E-5
1,05309E-4
8,647E-5
7,6428E-5
1,06273E-4
7,9271E-5
9,1257E-5
8,5939E-5
8,7974E-5
1,43833E-4
1,01417E-4
9,2713E-5
1,20366E-4
1,04394E-4
8,5051E-5
1,02139E-4
1,00493E-4
1,05685E-4
1,16459E-4
9,4169E-5
9,5075E-5
1,09776E-4
1,28607E-4
9,6818E-5
9,6803E-5
9,5226E-5
1,28139E-4
8,2233E-5
1,20943E-4
1,32634E-4
1,13002E-4
1,23406E-4
1,53742E-4
1,3848E-4
1,34725E-4
9,8481E-5
1,17421E-4
1,32283E-4
1,16395E-4
1,14238E-4
8,8108E-5
7,9418E-5
9,2279E-5
9,0043E-5
8,016E-5
7,9692E-5
7,9791E-5
1,06611E-4
8,5827E-5
9,4992E-5
9,0535E-5
8,5693E-5
8,009E-5
7,7416E-5
9,1248E-5
9,1927E-5
9,3239E-5
9,0512E-5
8,4814E-5
9,1199E-5
7,9621E-5
7,9182E-5
9,1534E-5
9,218E-5
8,4911E-5
9,1079E-5
8,8852E-5
7,9464E-5
7,7829E-5
7,7484E-5
1,4027E-4
1,11956E-4
1,20016E-4
8,4472E-5
8,5829E-5
9,1153E-5
9,2002E-5
9,3564E-5
1,04398E-4
8,9474E-5
8,3471E-5
8,6284E-5
9,1987E-5
8,278E-5
8,6146E-5
9,3338E-5
7,927E-5
8,6186E-5
8,5683E-5
8,4539E-5
8,4256E-5
8,3721E-5
9,7711E-5
8,6391E-5
8,1469E-5
9,2825E-5
1,01568E-4
8,2131E-5
7,9547E-5
9,4007E-5
8,3443E-5
9,3467E-5
9,0803E-5
7,8702E-5
9,0343E-5
7,797E-5
9,1589E-5
8,946E-5
1,36736E-4
8,441E-5
1,00603E-4
9,2633E-5
9,062E-5
9,0738E-5
9,2287E-5
9,915E-5
7,9497E-5
8,0272E-5
7,8826E-5
8,929E-5
8,4894E-5
7,8244E-5
8,8501E-5
8,1931E-5
8,974E-5
9,1378E-5
8,8104E-5
1,40869E-4
1,32264E-4
1,37506E-4
1,43117E-4
1,23425E-4
1,474E-4
1,93153E-4
1,71504E-4
9,2962E-5
8,6052E-5
9,2894E-5
7,8381E-5
1,06315E-4
1,35334E-4
1,06806E-4
1,25318E-4
8,9637E-5
8,8893E-5
8,7939E-5
8,8594E-5
9,0929E-5
8,7337E-5
9,2842E-5
9,3734E-5
8,9174E-5
7,9584E-5
7,7574E-5
9,1242E-5
8,9748E-5
8,4643E-5
8,1702E-5
8,517E-5
9,544E-5
9,0523E-5
8,9779E-5
8,8139E-5
9,264E-5
9,4023E-5
9,8028E-5
8,5816E-5
7,9965E-5
8,3096E-5
9,2596E-5
8,9197E-5
7,8736E-5
9,1084E-5
8,4994E-5
8,4031E-5
9,5328E-5
8,9646E-5
8,9795E-5
1,10413E-4
7,9005E-5
9,4229E-5
9,1894E-5
9,2321E-5
9,4475E-5
8,4034E-5
8,8205E-5
9,3599E-5
8,5281E-5
9,5048E-5
9,1478E-5
8,5712E-5
8,6549E-5
9,3452E-5
8,1138E-5
7,8113E-5
8,0023E-5
8,2592E-5
8,3432E-5
9,3128E-5
9,0741E-5
8,65E-5
8,1004E-5
9,1051E-5
9,2777E-5
8,2685E-5
9,1189E-5
8,9899E-5
9,386E-5
9,3236E-5
7,9186E-5
9,0505E-5
9,0865E-5
8,9235E-5
9,0691E-5
8,1309E-5
8,3027E-5
8,0687E-5
9,0195E-5
8,1407E-5
8,201E-5
7,8225E-5
9,2266E-5
7,92E-5
8,8323E-5
7,7895E-5
9,1161E-5
9,5495E-5
8,1783E-5
9,1006E-5
8,4947E-5
9,4171E-5
8,619E-5
7,7772E-5
8,5788E-5
8,1754E-5
8,7453E-5
1,0997E-4
8,8479E-5
9,2214E-5
8,5321E-5
9,118E-5
9,0593E-5
8,057E-5
9,418E-5
8,1245E-5
8,9894E-5
7,9199E-5
8,7955E-5
9,0709E-5
9,0397E-5
9,8754E-5
8,3684E-5
8,2381E-5
8,5237E-5
8,2154E-5
8,8535E-5
7,8574E-5
8,6089E-5
8,0334E-5
8,994E-5
7,8273E-5
8,4701E-5
8,2583E-5
8,9136E-5
9,1332E-5
9,0091E-5
8,0058E-5
9,2798E-5
9,2199E-5
9,001E-5
8,0289E-5
8,7729E-5
8,3586E-5
9,0145E-5
9,3303E-5
9,7009E-5
8,3043E-5
9,2965E-5
9,081E-5
8,5571E-5
8,52E-5
7,9297E-5
9,2696E-5
9,2527E-5
9,0123E-5
9,3656E-5
8,5746E-5
9,2451E-5
9,6489E-5
9,0314E-5
8,2952E-5
1,09012E-4
8,6298E-5
8,2894E-5
7,8981E-5
9,6364E-5
9,0442E-5
8,9837E-5
9,1815E-5
8,5572E-5
1,32684E-4
1,47677E-4
1,36008E-4
1,53549E-4
9,7983E-5
9,3196E-5
9,0287E-5
8,3359E-5
7,7815E-5
8,2376E-5
8,3509E-5
8,2127E-5
8,049E-5
7,9094E-5
7,8118E-5
8,1275E-5
8,9018E-5
9,2878E-5
7,8597E-5
7,7467E-5
9,297E-5
9,2205E-5
9,2902E-5
8,1148E-5
7,9544E-5
9,6422E-5
8,9242E-5
9,2426E-5
8,0276E-5
8,4327E-5
9,0918E-5
9,2689E-5
9,977E-5
1,08483E-4
9,7098E-5
1,06368E-4
8,7833E-5
8,0367E-5
7,615E-5
9,0907E-5
8,091E-5
9,0447E-5
8,5012E-5
8,1796E-5
8,4651E-5
8,3623E-5
9,1481E-5
8,9127E-5
8,2453E-5
8,166E-5
1,21378E-4
9,31E-5
8,2491E-5
7,9689E-5
8,0493E-5
8,7355E-5
9,1111E-5
9,0486E-5
8,966E-5
9,8696E-5
9,015E-5
1,06624E-4
9,4044E-5
7,9117E-5
9,075E-5
8,1979E-5
1,13928E-4
9,0094E-5
8,5575E-5
8,3747E-5
8,6326E-5
9,1926E-5
8,3935E-5
8,4301E-5
7,8863E-5
9,4582E-5
9,0546E-5
8,0669E-5
8,6378E-5
9,0707E-5
8,9289E-5
8,7722E-5
8,6417E-5
8,3804E-5
8,3928E-5
8,8756E-5
8,0444E-5
8,5847E-5
8,6167E-5
8,4765E-5
9,0173E-5
9,03E-5
9,1144E-5
8,0384E-5
9,6362E-5
8,8065E-5
7,9988E-5
8,8892E-5
7,8232E-5
9,0745E-5
9,2223E-5
9,1269E-5
9,1577E-5
9,1253E-5
8,226E-5
7,6293E-5
7,6289E-5
7,9115E-5
8,6434E-5
8,4429E-5
8,7343E-5
8,3187E-5
7,8586E-5
8,2706E-5
9,2198E-5
8,0017E-5
9,1274E-5
9,4679E-5
8,8628E-5
8,9734E-5
8,1868E-5
8,282E-5
8,5321E-5
8,3134E-5
8,6868E-5
9,2853E-5
1,21379E-4
1,21352E-4
1,36752E-4
1,35939E-4
1,1284E-4
1,36422E-4
9,1379E-5
9,2169E-5
9,099E-5
7,9595E-5
8,8367E-5
8,385E-5
8,2803E-5
8,4391E-5
7,8429E-5
1,33228E-4
9,4645E-5
1,41423E-4
1,39936E-4
1,46166E-4
1,36524E-4
1,24386E-4
1,20422E-4
1,4422E-4
1,35187E-4
1,4964E-4
1,01782E-4
9,5109E-5
7,9765E-5
9,344E-5
9,1914E-5
9,1287E-5
8,2967E-5
8,9814E-5
8,1727E-5
1,00751E-4
8,9504E-5
8,1572E-5
1,00818E-4
9,9687E-5
8,153E-5
1,03362E-4
8,8853E-5
9,0963E-5
9,891E-5
7,9075E-5
8,1617E-5
8,6203E-5
9,6294E-5
9,0667E-5
1,24979E-4
8,6846E-5
8,9542E-5
8,6995E-5
8,2275E-5
7,6973E-5
9,2754E-5
8,2484E-5
9,6226E-5
9,3098E-5
8,4439E-5
8,0075E-5
8,5828E-5
8,9283E-5
8,8146E-5
8,6413E-5
8,6942E-5
8,4959E-5
8,1242E-5
9,3665E-5
9,7338E-5
7,8361E-5
9,502E-5
8,5517E-5
8,913E-5
8,8688E-5
8,029E-5
9,4796E-5
9,0143E-5
9,8143E-5
9,6017E-5
9,391E-5
9,0504E-5
9,8036E-5
9,2885E-5
9,1181E-5
9,053E-5
8,298E-5
9,166E-5
9,2423E-5
9,4501E-5
8,8438E-5
8,1869E-5
9,2056E-5
8,3934E-5
8,9627E-5
9,1411E-5
9,5171E-5
8,9032E-5
7,8521E-5
9,4346E-5
9,1766E-5
8,3304E-5
7,9723E-5
9,1513E-5
9,1754E-5
7,9346E-5
9,7163E-5
8,8056E-5
8,1703E-5
9,2E-5
9,237E-5
8,3808E-5
7,8658E-5
1,14312E-4
9,5869E-5
9,495E-5
9,0909E-5
9,1188E-5
9,3856E-5
8,3864E-5
7,8761E-5
7,7042E-5
8,2167E-5
8,2597E-5
1,02023E-4
8,3684E-5
8,8311E-5
9,0322E-5
8,5493E-5
9,0586E-5
9,3841E-5
9,2192E-5
7,9831E-5
7,8529E-5
9,3231E-5
9,9157E-5
8,6147E-5
8,2514E-5
7,7768E-5
9,3622E-5
9,6852E-5
8,9181E-5
8,553E-5
8,4276E-5
8,3149E-5
1,02114E-4
8,9468E-5
9,3912E-5
9,6579E-5
9,0273E-5
9,2411E-5
9,2882E-5
9,318E-5
9,1583E-5
8,9714E-5
8,5851E-5
8,4159E-5
8,9882E-5
9,5055E-5
9,3498E-5
7,8395E-5
8,8719E-5
8,7176E-5
8,9874E-5
8,2506E-5
9,0861E-5
8,5154E-5
9,2345E-5
8,2396E-5
9,4651E-5
8,4571E-5
9,1744E-5
7,9126E-5
1,01516E-4
8,5935E-5
9,0173E-5
7,936E-5
1,0382E-4
8,4559E-5
9,0519E-5
7,8956E-5
8,905E-5
8,4705E-5
9,1993E-5
7,9967E-5
9,0124E-5
8,3757E-5
9,1199E-5
9,1295E-5
8,8812E-5
8,3998E-5
8,8281E-5
9,2018E-5
9,1301E-5
8,7142E-5
8,819E-5
7,9172E-5
9,3984E-5
8,4093E-5
9,1999E-5
7,9466E-5
9,0411E-5
8,6666E-5
9,0045E-5
8,3322E-5
9,2444E-5
8,3082E-5
9,0238E-5
8,2005E-5
7,8825E-5
8,6551E-5
9,726E-5
9,2695E-5
7,9961E-5
9,006E-5
9,2918E-5
1,04111E-4
8,4186E-5
9,0851E-5
7,9783E-5
7,8296E-5
9,2191E-5
8,5267E-5
7,9327E-5
1,19505E-4
9,0627E-5
7,9931E-5
9,3512E-5
9,3982E-5
8,8672E-5
8,6085E-5
9,2696E-5
9,0083E-5
8,7026E-5
8,2175E-5
9,2984E-5
1,02905E-4
8,6031E-5
9,4299E-5
8,5841E-5
9,0789E-5
8,065E-5
9,1782E-5
8,0829E-5
9,1176E-5
9,2675E-5
8,2748E-5
9,1501E-5
9,6356E-5
9,0259E-5
9,1169E-5
8,9193E-5
8,9931E-5
8,7007E-5
9,0208E-5
9,2265E-5
9,2824E-5
9,5646E-5
8,0836E-5
1,02622E-4
8,8737E-5
9,9748E-5
8,6855E-5
8,3241E-5
8,1165E-5
7,9597E-5
7,9546E-5
9,0373E-5
8,0362E-5
9,1153E-5
8,5496E-5
9,2648E-5
9,0231E-5
9,0186E-5
9,4343E-5
9,1476E-5
9,257E-5
8,9157E-5
8,8628E-5
9,1013E-5
8,9754E-5
9,4289E-5
8,7412E-5
8,1322E-5
1,00951E-4
1,02548E-4
9,0624E-5
7,9973E-5
8,232E-5
9,3322E-5
8,8626E-5
9,5672E-5
9,1784E-5
8,3897E-5
9,5226E-5
8,8765E-5
8,0531E-5
1,02675E-4
9,0933E-5
9,925E-5
9,3081E-5
9,2476E-5
8,5628E-5
9,0959E-5
8,8902E-5
9,3958E-5
9,2885E-5
8,1386E-5
7,8733E-5
7,7422E-5
9,2994E-5
8,2023E-5
7,9424E-5
8,9291E-5
1,22861E-4
1,43147E-4
1,32328E-4
1,47542E-4
1,45875E-4
1,24953E-4
1,31722E-4
1,22992E-4
1,44835E-4
1,42502E-4
1,44245E-4
1,51621E-4
1,44795E-4
1,30073E-4
1,28326E-4
1,29348E-4
1,47357E-4
1,52447E-4
1,40908E-4
1,41429E-4
1,42018E-4
1,47333E-4
2,36586E-4
1,86496E-4
1,30725E-4
1,43066E-4
1,22106E-4
0,001917167
1,19519E-4
8,0455E-5
1,18737E-4
1,16087E-4
9,3054E-5
9,1937E-5
9,0788E-5
8,9525E-5
9,0904E-5
8,9979E-5
8,286E-5
8,6088E-5
9,3003E-5
8,9641E-5
8,9973E-5
8,9961E-5
9,1755E-5
9,3154E-5
8,1983E-5
8,2304E-5
9,9487E-5
9,3929E-5
9,0771E-5
9,01E-5
9,8183E-5
7,9222E-5
7,9421E-5
7,6983E-5
9,1655E-5
8,7359E-5
8,8594E-5
9,2227E-5
9,7943E-5
9,3274E-5
8,4461E-5
8,0706E-5
9,3979E-5
8,5392E-5
1,38823E-4
1,39988E-4
9,0858E-5
8,0266E-5
8,0292E-5
1,13009E-4
1,16812E-4
9,7954E-5
1,28562E-4
1,14054E-4
1,29209E-4
9,6673E-5
9,0279E-5
9,9536E-5
8,2116E-5
1,03382E-4
8,4658E-5
1,01663E-4
8,9962E-5
7,983E-5
8,9486E-5
8,1719E-5
8,2385E-5
9,2011E-5
9,0937E-5
7,9598E-5
9,1798E-5
1,21328E-4
8,7372E-5
8,5579E-5
8,8863E-5
8,3089E-5
7,8665E-5
8,5282E-5
8,0851E-5
9,1943E-5
8,8433E-5
8,0204E-5
1,23643E-4
9,0879E-5
9,1952E-5
8,1077E-5
1,30174E-4
1,06468E-4
1,26751E-4
9,5661E-5
8,4828E-5
8,5334E-5
9,0597E-5
8,6442E-5
9,3387E-5
8,5466E-5
8,1173E-5
9,2378E-5
9,2522E-5
9,5056E-5
8,1445E-5
7,9395E-5
7,7433E-5
8,4976E-5
7,7193E-5
8,3101E-5
9,1631E-5
8,7075E-5
9,1866E-5
7,9654E-5
9,1476E-5
1,04369E-4
9,2799E-5
9,1561E-5
8,4815E-5
8,5033E-5
8,2783E-5
8,2434E-5
8,0267E-5
9,2777E-5
9,1379E-5
9,5123E-5
7,9319E-5
8,6434E-5
8,5699E-5
9,3277E-5
9,0173E-5
9,2044E-5
8,8597E-5
9,0703E-5
8,9089E-5
9,1736E-5
9,0484E-5
9,794E-5
7,9309E-5
8,092E-5
8,8673E-5
7,9829E-5
8,9711E-5
9,306E-5
1,42304E-4
9,3167E-5
9,1209E-5
8,7417E-5
9,4915E-5
9,6817E-5
9,1253E-5
8,3365E-5
9,5815E-5
8,9719E-5
8,1973E-5
7,9383E-5
8,7881E-5
8,9197E-5
9,1471E-5
8,0139E-5
9,4167E-5
9,6928E-5
9,1226E-5
1,04405E-4
8,3985E-5
1,0186E-4
8,0903E-5
7,7021E-5
9,6893E-5
7,9087E-5
1,13609E-4
1,38232E-4
1,33227E-4
1,2406E-4
1,04113E-4
9,1483E-5
1,03381E-4
8,0632E-5
9,2577E-5
9,9463E-5
9,3185E-5
8,9289E-5
9,5913E-5
1,04226E-4
8,7308E-5
8,7834E-5
9,1922E-5
8,5354E-5
8,0623E-5
8,4037E-5
9,2804E-5
8,5678E-5
9,8692E-5
8,372E-5
8,6153E-5
9,2327E-5
9,0106E-5
8,4371E-5
8,0693E-5
9,0844E-5
8,9383E-5
8,5337E-5
8,1142E-5
1,01907E-4
8,4756E-5
8,0415E-5
9,0888E-5
9,6647E-5
8,5081E-5
9,2236E-5
9,0095E-5
9,6634E-5
8,9236E-5
7,9712E-5
1,02939E-4
1,01325E-4
8,4413E-5
7,8573E-5
8,9905E-5
9,7252E-5
8,5329E-5
7,9027E-5
9,1309E-5
9,5652E-5
7,904E-5
9,0504E-5
9,0735E-5
9,391E-5
1,01294E-4
9,1525E-5
9,0426E-5
1,10746E-4
8,1183E-5
9,636E-5
9,4369E-5
8,6374E-5
7,8031E-5
8,6372E-5
8,8501E-5
9,3229E-5
7,9545E-5
9,0266E-5
9,0871E-5
9,678E-5
7,9074E-5
8,794E-5
9,0727E-5
1,08403E-4
9,0106E-5
8,6928E-5
9,3578E-5
7,8908E-5
9,301E-5
9,244E-5
8,8758E-5
9,0822E-5
9,2419E-5
8,6629E-5
8,9516E-5
8,6029E-5
9,8461E-5
9,0166E-5
9,3137E-5
9,2541E-5
9,081E-5
8,5991E-5
1,05509E-4
7,9781E-5
8,1523E-5
9,1873E-5
9,7282E-5
8,031E-5
9,1582E-5
9,268E-5
9,6098E-5
9,0552E-5
1,06946E-4
8,7413E-5
9,0921E-5
8,7313E-5
9,3864E-5
9,3451E-5
8,375E-5
9,2938E-5
9,0385E-5
9,0318E-5
1,03322E-4
7,9623E-5
8,2794E-5
8,1765E-5
8,2304E-5
8,5579E-5
9,5435E-5
9,1616E-5
8,8721E-5
9,6166E-5
9,6495E-5
9,1696E-5
9,0797E-5
8,9477E-5
8,8545E-5
8,2416E-5
9,3735E-5
8,8403E-5
8,7894E-5
9,0884E-5
9,1653E-5
8,2222E-5
7,7246E-5
8,5572E-5
7,8627E-5
7,6652E-5
8,0434E-5
1,09899E-4
8,4035E-5
7,9176E-5
9,3374E-5
9,4029E-5
7,9269E-5
9,1116E-5
8,9455E-5
9,9506E-5
9,4531E-5
7,739E-5
8,6765E-5
9,2494E-5
8,4663E-5
7,9118E-5
7,912E-5
8,3216E-5
9,3743E-5
8,396E-5
8,3422E-5
9,6455E-5
9,355E-5
7,9251E-5
9,0396E-5
8,7803E-5
8,451E-5
9,322E-5
8,3621E-5
8,3379E-5
7,8804E-5
8,3617E-5
9,0031E-5
9,2483E-5
9,3241E-5
7,9856E-5
7,8132E-5
8,0307E-5
8,6438E-5
8,8028E-5
8,6275E-5
9,7585E-5
8,0305E-5
1,33919E-4
9,0044E-5
9,0854E-5
9,2004E-5
8,7867E-5
9,1126E-5
8,7515E-5
7,7628E-5
7,7205E-5
8,9319E-5
8,5935E-5
9,2052E-5
9,1521E-5
8,6317E-5
1,02837E-4
7,8431E-5
7,6923E-5
9,0721E-5
8,5118E-5
9,1361E-5
9,3513E-5
8,327E-5
8,9791E-5
7,9402E-5
7,9102E-5
8,8787E-5
8,4218E-5
9,5882E-5
9,8653E-5
8,4737E-5
8,9063E-5
7,9444E-5
8,1422E-5
9,2642E-5
8,4698E-5
9,2764E-5
9,1021E-5
8,5318E-5
8,9409E-5
7,9719E-5
8,0917E-5
9,1019E-5
8,445E-5
9,2464E-5
9,2359E-5
8,7114E-5
8,8256E-5
8,3547E-5
7,7657E-5
8,9848E-5
8,3836E-5
9,1851E-5
9,3023E-5
1,01481E-4
9,7402E-5
9,3545E-5
7,8537E-5
8,272E-5
9,16E-5
8,5373E-5
9,1377E-5
9,0878E-5
8,3157E-5
7,95E-5
1,03672E-4
8,8199E-5
1,00721E-4
8,3364E-5
8,2877E-5
8,2084E-5
9,3069E-5
8,3905E-5
8,8484E-5
8,4469E-5
9,1591E-5
9,0928E-5
9,0981E-5
9,2635E-5
7,9636E-5
7,9348E-5
8,2757E-5
8,0131E-5
9,5556E-5
9,1199E-5
9,2019E-5
8,7672E-5
8,8835E-5
1,06251E-4
9,521E-5
7,9097E-5
9,3379E-5
9,4465E-5
8,3211E-5
7,7608E-5
9,035E-5
8,3308E-5
1,2519E-4
1,42941E-4
1,24602E-4
1,2176E-4
1,36577E-4
1,23136E-4
1,21733E-4
1,48896E-4
1,45248E-4
1,39112E-4
1,41228E-4
1,26548E-4
1,4495E-4
1,30091E-4
1,41559E-4
1,38822E-4
1,42127E-4
1,41599E-4
1,39744E-4
1,4497E-4
1,45432E-4
1,29038E-4
1,39842E-4
1,42574E-4
1,38284E-4
1,39678E-4
1,38383E-4
1,40296E-4
8,8781E-5
7,9068E-5
7,9365E-5
9,8876E-5
8,8595E-5
8,6729E-5
8,5145E-5
9,703E-5
8,0776E-5
9,1442E-5
9,2345E-5
9,1523E-5
8,1014E-5
9,2368E-5
9,0542E-5
8,4035E-5
9,3592E-5
8,8789E-5
9,3508E-5
9,3823E-5
9,2781E-5
9,2532E-5
8,4542E-5
7,7605E-5
9,2921E-5
9,1939E-5
8,2963E-5
9,2455E-5
9,4735E-5
9,138E-5
8,9646E-5
8,9189E-5
8,9715E-5
1,03598E-4
9,2074E-5
8,9104E-5
8,0191E-5
9,2489E-5
8,0871E-5
8,8736E-5
1,115E-4
9,4407E-5
8,5508E-5
9,066E-5
8,8924E-5
7,992E-5
8,4351E-5
8,8788E-5
9,4117E-5
9,4571E-5
8,6604E-5
8,9875E-5
9,0752E-5
9,6219E-5
8,9371E-5
7,768E-5
9,4844E-5
8,0747E-5
1,01808E-4
9,2116E-5
8,8648E-5
9,3571E-5
9,1939E-5
8,6065E-5
8,761E-5
9,2774E-5
8,5156E-5
9,5974E-5
9,7316E-5
9,3975E-5
9,1362E-5
7,9711E-5
7,7984E-5
7,7152E-5
8,1177E-5
9,2993E-5
9,8639E-5
9,0346E-5
7,9717E-5
9,1204E-5
7,9661E-5
8,8542E-5
7,8701E-5
9,1801E-5
7,9461E-5
9,0495E-5
7,9462E-5
9,2269E-5
8,0263E-5
9,0256E-5
8,0136E-5
9,1521E-5
7,8051E-5
9,0895E-5
7,9888E-5
9,2682E-5
9,3906E-5
8,9085E-5
9,4539E-5
8,9351E-5
8,001E-5
7,8226E-5
9,7701E-5
8,6563E-5
8,5802E-5
8,3734E-5
8,3809E-5
9,5295E-5
9,3358E-5
8,6376E-5
9,2257E-5
9,143E-5
1,03183E-4
9,0675E-5
9,1036E-5
7,813E-5
9,1708E-5
8,5221E-5
8,3762E-5
9,0333E-5
9,2679E-5
8,463E-5
1,11403E-4
1,03894E-4
8,8181E-5
1,45455E-4
9,3701E-5
9,1708E-5
9,2029E-5
1,05401E-4
8,0277E-5
8,5001E-5
8,4795E-5
8,4229E-5
8,4577E-5
9,4172E-5
9,7088E-5
9,0029E-5
7,976E-5
7,8009E-5
8,0194E-5
9,6667E-5
9,2257E-5
8,4286E-5
8,2031E-5
9,0728E-5
8,4704E-5
8,2028E-5
8,2529E-5
9,6781E-5
8,0398E-5
9,6758E-5
8,9495E-5
9,1032E-5
9,0071E-5
9,451E-5
9,2559E-5
9,1572E-5
8,3862E-5
7,9322E-5
8,7262E-5
8,7159E-5
7,9941E-5
8,3966E-5
7,9335E-5
1,48168E-4
1,21758E-4
8,6487E-5
1,00646E-4
9,2143E-5
8,5245E-5
7,9223E-5
7,7797E-5
9,1558E-5
9,0935E-5
1,38949E-4
9,3718E-5
9,8848E-5
1,07816E-4
1,243E-4
1,18172E-4
1,67458E-4
1,17368E-4
1,43251E-4
1,30136E-4
1,22473E-4
9,6443E-5
1,13389E-4
1,38955E-4
1,21912E-4
1,48204E-4
1,31888E-4
1,31662E-4
1,18408E-4
1,02565E-4
1,0923E-4
1,04272E-4
1,158E-4
1,23689E-4
9,7427E-5
1,42938E-4
9,444E-5
1,1863E-4
8,0488E-5
9,194E-5
9,295E-5
9,6313E-5
8,8592E-5
8,4935E-5
8,945E-5
9,1835E-5
8,6911E-5
8,8109E-5
9,1725E-5
7,9765E-5
8,8743E-5
7,7768E-5
9,1571E-5
8,4093E-5
8,5666E-5
9,682E-5
1,07027E-4
9,1921E-5
9,3613E-5
9,5505E-5
7,9271E-5
8,8784E-5
9,0889E-5
1,0162E-4
9,3387E-5
1,05889E-4
9,1819E-5
9,49E-5
9,0768E-5
9,5172E-5
9,0402E-5
7,8154E-5
8,1155E-5
8,0762E-5
8,5375E-5
7,9928E-5
7,8477E-5
9,3083E-5
9,0062E-5
9,3187E-5
9,3249E-5
8,9437E-5
8,047E-5
9,1902E-5
9,2319E-5
9,4342E-5
9,5519E-5
9,2255E-5
9,209E-5
8,9318E-5
7,9924E-5
9,4699E-5
9,6154E-5
9,7392E-5
8,1245E-5
9,4128E-5
9,1473E-5
9,1382E-5
9,4676E-5
8,3688E-5
8,6328E-5
7,9792E-5
8,3554E-5
9,144E-5
8,5741E-5
8,742E-5
7,8762E-5
9,1608E-5
8,6407E-5
8,8988E-5
9,0513E-5
8,4928E-5
8,5564E-5
9,2828E-5
9,3415E-5
8,4539E-5
8,6007E-5
8,878E-5
9,472E-5
9,4868E-5
8,5335E-5
8,9017E-5
8,9673E-5
8,4014E-5
8,4493E-5
9,0449E-5
8,918E-5
8,315E-5
8,0074E-5
9,0636E-5
9,0317E-5
8,5722E-5
7,9749E-5
9,1699E-5
9,0841E-5
8,6942E-5
8,6471E-5
8,9295E-5
9,6364E-5
8,5705E-5
8,6555E-5
8,8699E-5
9,3018E-5
8,1444E-5
8,6119E-5
8,0467E-5
8,1166E-5
8,0182E-5
8,1551E-5
8,68E-5
8,5491E-5
9,697E-5
8,2305E-5
7,95E-5
8,5752E-5
9,3131E-5
8,2315E-5
8,3965E-5
8,2187E-5
9,1232E-5
9,1375E-5
8,9628E-5
9,694E-5
9,1015E-5
7,8581E-5
8,9644E-5
8,8444E-5
8,4016E-5
8,7059E-5
7,9093E-5
8,0281E-5
1,06753E-4
8,9813E-5
7,983E-5
9,522E-5
7,9463E-5
7,9016E-5
8,3884E-5
8,59E-5
8,6716E-5
9,66E-5
8,2876E-5
9,3198E-5
9,3537E-5
9,9422E-5
9,5819E-5
9,2567E-5
8,6601E-5
8,2263E-5
1,57599E-4
9,1883E-5
9,0887E-5
9,197E-5
8,8859E-5
8,9857E-5
7,9544E-5
8,5092E-5
9,3838E-5
9,2313E-5
8,1871E-5
7,8724E-5
9,6481E-5
9,8782E-5
9,408E-5
7,9583E-5
9,6546E-5
1,02893E-4
1,05845E-4
8,9945E-5
8,4998E-5
8,4937E-5
8,1254E-5
8,8439E-5
8,1101E-5
9,174E-5
8,993E-5
8,6249E-5
1,00356E-4
8,9727E-5
8,9916E-5
9,0941E-5
9,1198E-5
9,8516E-5
9,0578E-5
8,436E-5
8,387E-5
7,8759E-5
9,2901E-5
8,8968E-5
8,8167E-5
1,01746E-4
9,1365E-5
9,2798E-5
7,9985E-5
9,4781E-5
8,0242E-5
7,9072E-5
8,1765E-5
8,4709E-5
9,8078E-5
7,8449E-5
9,175E-5
8,172E-5
1,28464E-4
1,01988E-4
8,1015E-5
9,1198E-5
1,00717E-4
9,0104E-5
1,37546E-4
1,16718E-4
1,1508E-4
1,19844E-4
8,5177E-5
1,06781E-4
9,2889E-5
1,00766E-4
1,30505E-4
1,13553E-4
1,29781E-4
1,20829E-4
9,6734E-5
8,0766E-5
9,2381E-5
9,2737E-5
8,7918E-5
8,2041E-5
9,3145E-5
9,0276E-5
1,0276E-4
8,7881E-5
9,3984E-5
3,10332E-4
9,6733E-5
1,13807E-4
9,6688E-5
9,4249E-5
8,8876E-5
8,1598E-5
8,07E-5
8,8333E-5
8,9786E-5
9,5567E-5
9,4769E-5
1,28339E-4
1,32284E-4
1,41307E-4
1,42572E-4
1,42037E-4
1,41638E-4
1,41833E-4
1,42744E-4
1,43987E-4
1,44825E-4
1,51963E-4
1,40516E-4
1,41621E-4
1,50489E-4
1,40633E-4
1,23642E-4
1,22857E-4
1,42371E-4
1,33016E-4
1,37665E-4
1,3356E-4
1,31536E-4
1,24856E-4
1,30542E-4
1,36688E-4
1,41653E-4
1,45609E-4
1,35048E-4
1,40109E-4
1,31785E-4
1,23655E-4
1,46301E-4
1,25711E-4
1,4082E-4
1,32368E-4
1,21592E-4
1,38346E-4
1,31697E-4
1,6292E-4
1,41879E-4
1,33664E-4
1,40526E-4
1,33793E-4
1,34275E-4
1,44043E-4
1,23926E-4
1,40174E-4
1,4195E-4
1,4202E-4
1,36415E-4
1,23038E-4
8,3668E-5
9,289E-5
9,184E-5
9,0535E-5
9,0949E-5
9,3814E-5
9,3182E-5
8,7605E-5
8,5678E-5
9,2199E-5
8,9304E-5
9,4027E-5
9,9124E-5
9,1495E-5
8,8952E-5
9,4357E-5
8,8295E-5
8,7827E-5
8,7883E-5
1,07292E-4
9,1954E-5
9,0523E-5
8,8194E-5
8,2906E-5
9,3112E-5
7,8832E-5
7,7818E-5
9,1913E-5
9,1183E-5
8,9241E-5
1,01926E-4
8,0091E-5
9,0797E-5
9,0559E-5
8,9302E-5
8,0551E-5
7,9137E-5
9,0122E-5
9,1006E-5
9,4993E-5
9,2402E-5
9,348E-5
8,965E-5
1,16669E-4
8,8979E-5
9,2345E-5
1,03239E-4
9,1645E-5
9,2085E-5
8,9003E-5
1,0495E-4
8,1449E-5
7,813E-5
9,1016E-5
9,1526E-5
8,8517E-5
9,9789E-5
9,2244E-5
8,9725E-5
8,7084E-5
7,7743E-5
1,00728E-4
9,4256E-5
9,053E-5
8,7844E-5
8,7746E-5
8,449E-5
7,9229E-5
8,1985E-5
8,5376E-5
8,3646E-5
8,4772E-5
9,38E-5
9,3486E-5
9,0935E-5
9,2792E-5
8,6573E-5
8,7116E-5
8,9709E-5
9,8619E-5
8,9817E-5
1,03133E-4
9,2113E-5
9,1548E-5
9,4794E-5
9,56E-5
9,1638E-5
9,3147E-5
7,7154E-5
9,2437E-5
7,9831E-5
1,02414E-4
8,045E-5
9,2768E-5
8,5231E-5
9,0138E-5
9,1025E-5
9,064E-5
7,9882E-5
7,8151E-5
8,7112E-5
9,3435E-5
8,6734E-5
8,863E-5
9,3228E-5
8,9213E-5
8,8756E-5
8,5021E-5
9,3215E-5
1,09364E-4
9,0923E-5
9,6144E-5
8,0243E-5
7,8515E-5
7,758E-5
9,229E-5
9,1887E-5
8,6611E-5
1,03211E-4
1,03855E-4
1,37584E-4
1,42044E-4
1,25353E-4
1,20264E-4
7,9007E-5
1,06012E-4
8,9969E-5
8,8834E-5
8,9445E-5
8,863E-5
1,04893E-4
9,0288E-5
8,1139E-5
9,2193E-5
8,9943E-5
9,1547E-5
9,0889E-5
8,6647E-5
9,2906E-5
8,9828E-5
8,9809E-5
8,9101E-5
9,2619E-5
8,5031E-5
8,0558E-5
8,9247E-5
8,9092E-5
9,3998E-5
9,5642E-5
9,1616E-5
8,4357E-5
8,3812E-5
8,8006E-5
8,4461E-5
9,4497E-5
8,2623E-5
1,20377E-4
1,03828E-4
1,20572E-4
9,5161E-5
1,40361E-4
1,01865E-4
9,8579E-5
9,0209E-5
9,3599E-5
8,0658E-5
8,3103E-5
8,9667E-5
8,793E-5
8,152E-5
7,6725E-5
7,8249E-5
9,25E-5
8,2744E-5
9,9789E-5
8,5941E-5
9,8033E-5
9,1985E-5
8,6734E-5
8,5735E-5
9,4475E-5
9,337E-5
8,3135E-5
9,4256E-5
9,3118E-5
8,5523E-5
8,6792E-5
9,5561E-5
9,1995E-5
8,0792E-5
8,0659E-5
7,5056E-5
8,0973E-5
7,9212E-5
9,1621E-5
1,35464E-4
1,34621E-4
1,00742E-4
1,11103E-4
9,8827E-5
9,621E-5
9,4054E-5
1,00183E-4
9,3768E-5
1,14082E-4
8,1928E-5
8,8152E-5
8,3743E-5
1,11715E-4
9,3285E-5
8,3513E-5
8,6557E-5
8,8259E-5
9,0869E-5
9,2946E-5
9,0946E-5
8,9953E-5
7,9897E-5
7,8618E-5
7,9371E-5
9,3156E-5
7,8289E-5
1,02449E-4
8,4312E-5
9,2255E-5
8,781E-5
7,9617E-5
9,3292E-5
9,2075E-5
8,9761E-5
8,7298E-5
8,9914E-5
9,1796E-5
9,1385E-5
8,9525E-5
8,4113E-5
8,1426E-5
7,8964E-5
9,064E-5
8,8404E-5
8,5763E-5
9,0535E-5
9,1643E-5
9,1989E-5
1,493E-4
1,13599E-4
1,04311E-4
8,7665E-5
9,0854E-5
9,2776E-5
1,54122E-4
1,29362E-4
1,13453E-4
1,07536E-4
9,9145E-5
9,119E-5
8,7097E-5
7,787E-5
8,8999E-5
9,422E-5
9,1542E-5
1,06139E-4
9,0899E-5
8,5842E-5
9,0414E-5
9,0879E-5
1,18437E-4
1,13104E-4
1,04826E-4
1,1204E-4
1,1142E-4
1,29203E-4
1,00175E-4
1,23494E-4
1,48844E-4
1,00703E-4
1,07786E-4
1,42272E-4
1,01732E-4
1,21096E-4
8,199E-5
8,6549E-5
8,3563E-5
8,2738E-5
9,2721E-5
9,0634E-5
7,9048E-5
9,1631E-5
8,4019E-5
8,2375E-5
7,7557E-5
9,1114E-5
8,2743E-5
8,3637E-5
9,7208E-5
8,6945E-5
8,4849E-5
8,2877E-5
8,9355E-5
9,3239E-5
7,8159E-5
7,9306E-5
7,8679E-5
7,6183E-5
9,0879E-5
9,2749E-5
7,8073E-5
7,8517E-5
9,3416E-5
9,0151E-5
7,9303E-5
9,3814E-5
8,4482E-5
9,5564E-5
9,8612E-5
9,2601E-5
8,977E-5
8,4818E-5
9,6854E-5
7,9519E-5
9,2175E-5
8,9511E-5
8,8181E-5
8,2986E-5
8,5477E-5
1,15633E-4
8,6722E-5
8,3878E-5
8,1963E-5
8,2393E-5
8,8243E-5
8,6137E-5
9,2946E-5
8,4245E-5
8,8122E-5
8,4666E-5
9,3582E-5
8,452E-5
8,7824E-5
1,02658E-4
9,3476E-5
8,6098E-5
8,935E-5
8,5577E-5
9,5787E-5
8,292E-5
8,8656E-5
9,0929E-5
9,3126E-5
8,6864E-5
9,8849E-5
8,9842E-5
9,1279E-5
8,276E-5
8,8602E-5
8,9923E-5
9,1915E-5
8,9481E-5
1,02395E-4
8,9166E-5
9,0589E-5
9,1524E-5
8,9234E-5
8,846E-5
9,2317E-5
8,2822E-5
9,2738E-5
9,0352E-5
9,6885E-5
8,4303E-5
9,342E-5
8,9848E-5
9,205E-5
8,2402E-5
8,9766E-5
9,1476E-5
8,9903E-5
1,01829E-4
8,9762E-5
9,0912E-5
7,9256E-5
9,3157E-5
8,7835E-5
9,2295E-5
8,0319E-5
8,1677E-5
9,0283E-5
9,1029E-5
7,874E-5
8,0959E-5
8,8892E-5
9,231E-5
7,8512E-5
9,1809E-5
8,5988E-5
9,4876E-5
7,9837E-5
3,62458E-4
9,696E-5
9,0287E-5
8,1408E-5
7,829E-5
9,1479E-5
9,0933E-5
8,8579E-5
8,9967E-5
9,731E-5
9,1185E-5
9,4602E-5
9,2678E-5
8,5964E-5
8,0543E-5
8,6603E-5
8,9413E-5
9,8189E-5
9,6153E-5
9,0014E-5
8,4081E-5
9,0715E-5
8,913E-5
9,1023E-5
9,1107E-5
7,8929E-5
9,3342E-5
7,7401E-5
9,2614E-5
9,0081E-5
8,8582E-5
8,9495E-5
8,8007E-5
8,4897E-5
8,1268E-5
7,709E-5
8,5638E-5
8,1844E-5
8,2276E-5
8,854E-5
9,1434E-5
7,9434E-5
9,1632E-5
8,2537E-5
7,8567E-5
9,1059E-5
8,8996E-5
8,925E-5
9,3034E-5
9,1017E-5
8,9983E-5
8,9441E-5
8,2481E-5
8,288E-5
8,5166E-5
7,8949E-5
8,105E-5
8,6825E-5
9,1357E-5
9,2001E-5
9,1766E-5
9,1345E-5
9,3295E-5
8,7958E-5
8,1032E-5
8,0316E-5
9,3084E-5
9,2495E-5
8,9048E-5
8,9669E-5
8,6026E-5
8,4686E-5
7,957E-5
8,3348E-5
8,355E-5
8,2277E-5
9,2465E-5
9,2855E-5
9,1822E-5
8,8111E-5
8,038E-5
7,9448E-5
7,7627E-5
7,7409E-5
7,8146E-5
8,1504E-5
7,8047E-5
8,9991E-5
9,2675E-5
9,2759E-5
8,4672E-5
8,0478E-5
7,9581E-5
7,8718E-5
9,9899E-5
9,2546E-5
9,2021E-5
9,3017E-5
9,1399E-5
9,1836E-5
8,9908E-5
9,1107E-5
9,2187E-5
8,9393E-5
8,9451E-5
9,1531E-5
9,1548E-5
9,06E-5
9,415E-5
8,003E-5
8,3905E-5
7,8528E-5
7,8279E-5
9,3157E-5
9,0463E-5
8,2951E-5
9,373E-5
7,9761E-5
8,905E-5
1,02105E-4
8,6323E-5
8,2162E-5
7,9696E-5
9,2319E-5
9,68E-5
1,01207E-4
9,012E-5
9,056E-5
8,0589E-5
8,4952E-5
9,0408E-5
9,1479E-5
9,9849E-5
9,0827E-5
8,9933E-5
8,7552E-5
8,8732E-5
8,482E-5
8,2951E-5
9,4786E-5
8,943E-5
9,0946E-5
8,7485E-5
8,2159E-5
8,3802E-5
8,4966E-5
9,9654E-5
9,4159E-5
9,78E-5
8,8014E-5
8,548E-5
9,0741E-5
9,0496E-5
9,8169E-5
9,2939E-5
9,4796E-5
8,0776E-5
8,9242E-5
7,8512E-5
1,20929E-4
1,41899E-4
1,45805E-4
1,28261E-4
1,39384E-4
1,24332E-4
1,6023E-4
1,32915E-4
1,26771E-4
1,26211E-4
1,71412E-4
1,63179E-4
1,40831E-4
1,24056E-4
1,30569E-4
1,60063E-4
1,45228E-4
1,33584E-4
1,49069E-4
1,43597E-4
1,4949E-4
1,38519E-4
1,28202E-4
1,23481E-4
1,243E-4
1,3E-4
1,33369E-4
1,4222E-4
1,29885E-4
1,40615E-4
1,4335E-4
1,28941E-4
1,32304E-4
1,30069E-4
1,36359E-4
1,28777E-4
1,24067E-4
1,42726E-4
1,39157E-4
1,38982E-4
1,44445E-4
1,37293E-4
1,37071E-4
1,43811E-4
1,31826E-4
1,4489E-4
1,39501E-4
1,35023E-4
1,24539E-4
1,297E-4
1,53723E-4
1,30816E-4
1,43035E-4
1,28535E-4
1,36107E-4
1,3804E-4
1,43218E-4
1,29073E-4
1,40042E-4
1,38808E-4
1,4851E-4
1,29299E-4
1,37695E-4
1,37915E-4
1,41994E-4
1,25152E-4
1,39482E-4
1,38846E-4
1,00896E-4
9,3009E-5
8,0585E-5
7,8036E-5
7,8274E-5
7,8858E-5
7,6845E-5
8,6366E-5
9,2452E-5
9,1357E-5
9,1209E-5
9,3095E-5
7,9466E-5
7,8153E-5
7,7676E-5
7,6895E-5
9,0466E-5
8,358E-5
9,1306E-5
9,1315E-5
8,3052E-5
9,3537E-5
8,063E-5
8,6959E-5
8,0098E-5
9,1063E-5
7,7872E-5
9,0514E-5
9,0959E-5
9,3273E-5
8,8692E-5
9,2218E-5
9,0393E-5
9,2708E-5
7,984E-5
7,6702E-5
9,1759E-5
7,9229E-5
8,9593E-5
8,9E-5
9,6328E-5
8,9973E-5
9,1001E-5
8,3468E-5
9,0503E-5
9,2957E-5
9,241E-5
9,2844E-5
9,1464E-5
9,0938E-5
8,0821E-5
1,00695E-4
9,3756E-5
9,2806E-5
9,0574E-5
8,1493E-5
7,7677E-5
8,4351E-5
8,2548E-5
8,6415E-5
8,4358E-5
8,3736E-5
8,5021E-5
9,183E-5
9,1377E-5
8,9771E-5
1,29836E-4
1,37254E-4
1,41969E-4
1,00809E-4
1,34771E-4
1,08135E-4
1,25741E-4
9,1552E-5
1,3815E-4
1,00123E-4
1,27155E-4
1,31637E-4
8,824E-5
9,2764E-5
8,2041E-5
9,3542E-5
1,04503E-4
9,4562E-5
9,2205E-5
8,9377E-5
9,0608E-5
8,2616E-5
8,0877E-5
8,1508E-5
8,0971E-5
8,9864E-5
8,7995E-5
8,414E-5
8,4789E-5
8,6865E-5
8,5318E-5
7,8343E-5
8,8966E-5
9,1025E-5
8,9902E-5
8,4483E-5
9,1817E-5
7,9621E-5
1,31182E-4
1,26086E-4
1,02465E-4
8,8343E-5
8,25E-5
8,2195E-5
7,858E-5
9,3599E-5
8,6232E-5
9,3996E-5
9,2841E-5
8,0885E-5
7,8194E-5
7,9159E-5
7,7245E-5
9,3067E-5
9,3833E-5
9,234E-5
9,2441E-5
9,1506E-5
9,1651E-5
9,05E-5
9,0017E-5
9,0822E-5
8,0641E-5
7,9493E-5
8,0464E-5
8,6196E-5
9,3467E-5
8,9689E-5
8,1067E-5
9,2934E-5
8,5685E-5
9,1515E-5
8,113E-5
8,5215E-5
8,9859E-5
8,4689E-5
9,324E-5
8,5475E-5
8,6044E-5
8,5793E-5
9,5606E-5
9,0882E-5
9,0838E-5
8,4965E-5
7,97E-5
7,8589E-5
8,3448E-5
7,8527E-5
9,1148E-5
8,5736E-5
8,0288E-5
8,4437E-5
1,00405E-4
9,8815E-5
8,1132E-5
7,7419E-5
8,3716E-5
9,289E-5
7,9052E-5
9,2187E-5
8,3356E-5
9,094E-5
9,3268E-5
9,1858E-5
1,07448E-4
8,6543E-5
7,9404E-5
9,233E-5
8,4551E-5
9,2476E-5
8,2399E-5
8,9336E-5
7,9474E-5
8,1628E-5
7,7437E-5
9,6383E-5
8,9371E-5
8,5198E-5
8,5007E-5
8,3838E-5
9,4474E-5
8,4923E-5
8,4903E-5
8,4099E-5
7,7919E-5
8,102E-5
8,9718E-5
8,3937E-5
8,3702E-5
9,2472E-5
7,968E-5
8,1834E-5
9,2381E-5
1,03906E-4
9,1751E-5
9,0328E-5
8,7935E-5
8,7544E-5
8,162E-5
9,376E-5
8,8462E-5
9,1266E-5
8,984E-5
7,9249E-5
8,1749E-5
9,0304E-5
8,025E-5
8,1702E-5
7,6638E-5
7,413E-5
8,1675E-5
7,692E-5
7,6849E-5
9,2154E-5
8,5912E-5
8,4231E-5
9,0994E-5
9,2029E-5
7,896E-5
9,4597E-5
8,5412E-5
8,4945E-5
8,504E-5
9,8675E-5
9,2865E-5
7,6472E-5
1,09441E-4
9,3353E-5
9,0055E-5
8,787E-5
8,4146E-5
9,5209E-5
9,5256E-5
8,0927E-5
8,8636E-5
8,4027E-5
8,335E-5
7,9167E-5
1,01791E-4
9,6998E-5
8,2901E-5
9,3977E-5
8,8539E-5
7,9944E-5
1,02206E-4
9,0376E-5
9,1236E-5
9,16E-5
7,9104E-5
9,507E-5
8,84E-5
8,4797E-5
7,9982E-5
8,9335E-5
9,5034E-5
8,6264E-5
9,6236E-5
1,10505E-4
1,04494E-4
8,1284E-5
9,6056E-5
9,527E-5
8,8769E-5
1,00759E-4
9,0456E-5
1,00169E-4
9,4285E-5
8,072E-5
1,09707E-4
8,9498E-5
9,0571E-5
8,4398E-5
9,3365E-5
9,0122E-5
8,9453E-5
8,4327E-5
8,1276E-5
9,1191E-5
9,3308E-5
8,0132E-5
9,04E-5
9,289E-5
9,3788E-5
7,8924E-5
7,7957E-5
8,6225E-5
9,0417E-5
8,5183E-5
9,7241E-5
9,0081E-5
8,9538E-5
8,485E-5
9,2503E-5
8,8288E-5
9,4954E-5
1,0018E-4
9,1843E-5
9,1369E-5
8,9498E-5
8,4828E-5
9,2063E-5
9,5623E-5
9,0416E-5
8,4854E-5
9,2792E-5
9,3864E-5
8,9574E-5
8,4383E-5
9,2399E-5
8,8783E-5
7,9525E-5
8,2674E-5
9,3017E-5
9,1754E-5
9,3054E-5
9,2508E-5
8,9356E-5
8,6756E-5
8,4895E-5
8,297E-5
8,1464E-5
9,1018E-5
9,3797E-5
8,5756E-5
8,4153E-5
8,4737E-5
9,4505E-5
7,9288E-5
7,8397E-5
7,6882E-5
7,6611E-5
9,2462E-5
8,3837E-5
8,0755E-5
7,8824E-5
9,2569E-5
7,9171E-5
9,1742E-5
9,5176E-5
9,0358E-5
9,1957E-5
9,3315E-5
8,9649E-5
9,1949E-5
9,0551E-5
8,9079E-5
7,874E-5
7,8893E-5
7,5536E-5
8,9357E-5
8,5576E-5
9,3927E-5
8,4228E-5
9,0371E-5
9,3185E-5
9,1126E-5
8,0502E-5
8,2981E-5
8,834E-5
8,0586E-5
8,8969E-5
7,9008E-5
8,8504E-5
8,8521E-5
9,5745E-5
9,2063E-5
8,2573E-5
8,2509E-5
9,05E-5
8,6261E-5
8,8391E-5
9,0214E-5
1,11103E-4
9,1648E-5
9,0812E-5
9,3588E-5
7,9677E-5
9,1968E-5
9,1635E-5
8,449E-5
8,8101E-5
7,677E-5
7,6197E-5
8,4782E-5
7,9829E-5
7,9768E-5
8,3853E-5
9,0137E-5
9,0859E-5
8,8281E-5
9,156E-5
8,7919E-5
8,4885E-5
1,01956E-4
9,0303E-5
9,438E-5
8,5109E-5
9,2705E-5
8,2497E-5
8,5397E-5
8,6337E-5
9,4526E-5
8,4624E-5
9,3003E-5
8,4824E-5
9,0234E-5
9,1325E-5
8,5227E-5
9,4091E-5
8,0044E-5
8,8898E-5
9,1131E-5
9,0089E-5
8,9006E-5
8,5025E-5
8,6893E-5
9,2851E-5
8,8136E-5
9,1781E-5
9,6031E-5
9,0527E-5
8,8205E-5
9,3637E-5
9,1594E-5
8,9742E-5
9,1709E-5
9,332E-5
8,9948E-5
9,3594E-5
9,2864E-5
8,9401E-5
8,4425E-5
8,333E-5
7,8705E-5
1,07002E-4
9,217E-5
9,5653E-5
8,5909E-5
8,5517E-5
9,0575E-5
9,3095E-5
8,9579E-5
8,4515E-5
9,3562E-5
9,4141E-5
9,0794E-5
8,5325E-5
7,7815E-5
9,0063E-5
9,0145E-5
9,0447E-5
8,5051E-5
9,3848E-5
9,4019E-5
8,0687E-5
8,57E-5
7,9933E-5
9,6452E-5
9,1956E-5
9,1623E-5
8,9987E-5
8,0825E-5
8,9855E-5
8,4208E-5
9,4497E-5
8,934E-5
7,8885E-5
9,0783E-5
9,2584E-5
8,0352E-5
8,9926E-5
8,5239E-5
9,0372E-5
8,4832E-5
7,9585E-5
8,6984E-5
8,0422E-5
8,6567E-5
9,3408E-5
9,1691E-5
8,7146E-5
8,7924E-5
8,392E-5
8,4968E-5
8,8881E-5
8,9224E-5
8,8971E-5
7,9648E-5
9,3164E-5
8,0077E-5
8,5477E-5
8,9535E-5
9,4803E-5
8,7211E-5
8,4402E-5
9,0269E-5
9,096E-5
8,6133E-5
8,4175E-5
9,2758E-5
9,397E-5
9,371E-5
9,1469E-5
8,9893E-5
8,8109E-5
1,65179E-4
9,0078E-5
8,7264E-5
8,7362E-5
8,7402E-5
8,6837E-5
