0,044768937
0,001331693
0,001626354
0,001237404
0,001442641
0,001615268
0,043916996
0,001139084
0,001534087
0,002098683
0,001243387
0,001210679
0,001051251
0,001156085
0,001214587
0,001200429
0,001358225
0,00118425
0,001091097
0,00116819
0,001622027
0,002837625
0,001149173
0,001515709
0,001251614
0,00119941
0,001043774
0,001315763
0,001185592
0,001187049
0,00117064
0,001237831
0,001262058
0,001568988
0,001348157
0,00126069
0,001104656
0,001141117
0,001251233
0,001720993
0,001252897
0,001388331
0,001713059
0,001386065
0,001323458
0,00204135
0,001431097
0,001312192
0,00161311
0,001624117
0,044575922
0,001296462
0,00183929
0,001397429
0,002007818
0,001734945
0,001727233
0,001644913
0,001538147
0,001603758
0,001363026
0,001523206
0,002650277
0,001682671
0,001640423
0,001676462
0,001663008
0,001686919
0,001494729
0,002240466
0,002006107
0,003179702
0,001692522
0,001314995
0,001321644
0,001396771
0,003954715
0,001899613
0,001509628
0,001999612
0,002487219
0,001840779
0,001962753
0,0017677
0,001856481
0,001562043
0,001764504
0,001826696
0,002153771
0,001951355
0,001693217
0,001987795
0,002178139
0,003015593
0,003667276
0,003455546
0,004645856
0,005057205
0,005029034
0,004894455
0,005332092
0,005600912
0,004920171
0,002668971
0,001643572
0,001796518
0,001641202
0,002341421
0,001707475
0,002414467
0,001841668
0,002557456
0,001731852
0,00195377
0,002413541
0,002059103
0,002222337
0,00165429
0,002331821
0,001921713
0,001561493
0,002791813
0,001648674
0,002147728
0,003048532
0,00241818
0,00142763
0,001491958
0,001624745
0,001969821
0,002816441
0,001487223
0,001701546
0,002607747
0,00168875
0,001765455
0,004545189
0,003309832
0,001538529
0,001537044
0,00210691
0,001423977
0,00262556
0,002033292
0,001857768
0,00188041
0,001822472
0,001819067
0,00186905
0,001823664
0,001743095
0,001893783
0,001880585
0,00202365
0,002608634
0,00271749
0,002359625
0,002729533
0,002130468
0,001982827
0,002209403
0,005048995
0,003077379
0,001540251
0,002411177
0,001918696
0,003181509
0,002273699
0,001631765
0,002193512
0,001944765
0,002326149
0,001700434
0,001772333
0,002627981
0,00246225
0,002284108
0,002036145
0,002376242
0,002399263
0,001672053
0,001786839
0,001852299
0,001617249
0,00239599
0,002122341
0,002399713
0,003981464
0,001945038
0,001754925
0,001840931
0,0029964
0,00190022
0,004571998
0,002400636
0,001618985
0,00186024
0,001606809
0,001786173
0,002768582
0,00205384
0,002111734
0,002305024
0,002870115
0,002675179
0,00234286
0,003040301
0,002138131
0,002875655
0,003141427
0,00320632
0,002541974
0,002659026
0,002789909
0,002646904
0,002881828
0,002905624
0,003048715
0,002336261
0,001962606
0,001764441
0,002225518
0,00182226
0,002051612
0,002636772
0,002026529
0,001828205
0,001989033
0,002173715
0,003061911
0,003063256
0,003378228
0,003350666
0,003491942
0,003808256
0,003965983
0,003789026
0,003556883
0,004113851
0,004002366
0,003795378
0,0034655
0,00351053
0,002639067
0,001297321
0,001220208
0,002764223
0,00261791
0,001832461
0,002328839
0,002295412
0,002278217
0,002689639
0,003859313
0,001493809
0,001767162
0,001756877
0,003027622
0,002541227
0,001598513
0,001695002
0,002070576
0,001800638
0,001598421
0,001742216
0,001648392
0,001527628
0,001992732
0,00141402
0,00181343
0,002385465
0,00229628
0,002409682
0,001626301
0,002228755
0,001548192
0,002223033
0,001989413
0,001991297
0,002536056
0,002081676
0,00137542
0,001291119
0,001924947
0,002301116
0,001752021
0,001745235
0,001759107
0,001665586
0,002733107
0,001779938
0,001523816
0,001773879
0,002800016
0,00171742
0,001782659
0,001903917
0,00206292
0,002542421
0,001739857
0,002544325
0,002556783
0,001843172
0,001606089
0,001631087
0,002622013
0,002515743
0,002882693
0,002882549
0,002361287
0,003089027
0,002812634
0,00351445
0,003625761
0,003549483
0,003489307
0,003643148
0,003521972
0,002615198
0,001620809
0,001285119
0,001934097
0,001382809
0,00215853
0,002382994
0,001965469
0,002666664
0,001374163
0,001241479
0,001531548
0,001789645
0,002817768
0,002205906
0,001908975
0,003002272
0,0025747
0,002243512
0,002105803
0,002697731
0,002015059
0,002316336
0,002054262
0,002725155
0,002041656
0,002952924
0,002141453
0,00218104
0,002116884
0,00218689
0,002945368
0,002158294
0,002070736
0,001888199
0,001824683
0,002142124
0,002663567
0,001720454
0,002212312
0,001624256
0,002087032
0,002490067
0,001595185
0,002414308
0,001500348
0,002007505
0,002011254
0,001538137
0,00264519
0,001963602
0,001843708
0,001767682
0,001838427
0,002790935
0,002587964
0,002125603
0,002472682
0,002565429
0,00207811
0,002325436
0,002440787
0,002728801
0,002042001
0,002010784
0,002427325
0,002011676
0,002243729
0,00147026
0,001964601
0,002380349
0,002608154
0,002942381
0,002553485
0,004051333
0,001521701
0,001852499
0,001483297
0,001522593
0,001946883
0,002056336
0,002128801
0,002738394
0,002597615
0,002584767
0,002438826
0,002402513
0,002429989
0,002526232
0,002583941
0,002564121
0,002730769
0,00259406
0,002552847
0,002521995
0,002679974
0,00270581
0,002014804
0,001364706
0,001709527
0,001979429
0,002513499
0,002599402
0,001662372
0,002305841
0,002819982
0,002065346
0,002419448
0,002175071
0,00181223
0,002633167
0,001746605
0,001861366
0,002492362
0,002270396
0,001939238
0,002405875
0,001766072
0,002375744
0,002568115
0,002405441
0,002207143
0,001573644
0,001435545
0,00185004
0,002597586
0,002195144
0,002775071
0,00215706
0,002202295
0,003057733
0,002800035
0,001590673
0,001745654
0,002202389
0,002509636
0,00289105
0,001859447
0,002339738
0,002323982
0,002430559
0,001805929
0,002422453
0,001758846
0,002027097
0,002128393
0,00248886
0,002717958
0,002895725
0,002976455
0,003669324
0,003242633
0,003608814
0,003646953
0,003802248
0,003721944
0,003851225
0,003729265
0,00382467
0,003705039
0,003715639
0,003756998
0,003807576
0,00253684
0,001483139
0,001803414
0,001830622
0,00169048
0,001667087
0,003711155
0,001275099
0,001561993
0,001419468
0,001538115
0,003739154
0,001552112
0,001959304
0,003044789
0,001938114
0,00224326
0,002809438
0,002000932
0,001813062
0,002533284
0,002585096
0,004578638
0,002579632
0,001549831
0,002171344
0,002116355
0,00203068
0,001532572
0,002205475
0,002019898
0,00231276
0,001553092
0,001791425
0,002517672
0,002362741
0,00198159
0,001712576
0,001738313
0,001801439
0,002141353
0,001498183
0,001817374
0,002480921
0,002144754
0,001792856
0,001594852
0,002551868
0,002291945
0,001802106
0,00221864
0,00286325
0,00163822
0,001301659
0,001785527
0,002910771
0,002326628
0,002395783
0,001729939
0,001422239
0,002145736
0,001981158
0,002045721
0,00230216
0,002005398
0,003146507
0,002018436
0,002773249
0,002857813
0,002209069
0,002519864
0,003923371
0,004551844
0,001279289
0,001414743
0,002069025
0,001619511
0,00175611
0,002181708
0,001749076
0,002230551
0,001671001
0,002374656
0,002465209
0,001908257
0,00239568
0,001547834
0,001740485
0,002698694
0,001801753
0,002082437
0,002375976
0,002555852
0,001774611
0,001936109
0,002642047
0,002289991
0,001833013
0,001820156
0,002662267
0,002287146
0,001701234
0,00150642
0,001860678
0,001799582
0,002115212
0,001353603
0,0020936
0,002380848
0,001668367
0,00279439
0,001738284
0,001609786
0,002096337
0,001827284
0,00195806
0,001922393
0,001674785
0,001936676
0,002262292
0,00260618
0,002665963
0,002300598
0,001645744
0,002385507
0,001763294
0,002721816
0,001730248
0,0018587
0,00170984
0,001635079
0,001978425
0,001802971
0,002351562
0,00164998
0,001636923
0,001424948
0,002519887
0,001858791
0,001566719
0,001453938
0,001972731
0,001400412
0,002043665
0,001520359
0,001576272
0,00254746
0,002198064
0,001559313
0,001915934
0,002339709
0,002329536
0,002542992
0,002638049
0,003371564
0,003241129
0,003095725
0,003339693
0,004573821
0,003353474
0,00286552
0,002739787
0,003055947
0,003009343
0,004947796
0,001203297
0,001348999
0,001508831
0,001712477
0,001617411
0,003421105
0,002135588
0,001428999
0,001566422
0,002024186
0,001505197
0,002218934
0,002094576
0,002441463
0,001655413
0,002169768
0,001571253
0,001951484
0,001800736
0,002248443
0,002770992
0,002445806
0,001828162
0,001730652
0,00257571
0,002460064
0,001767951
0,00186818
0,00233776
0,002302534
0,00272637
0,002966248
0,001546851
0,001644643
0,001506803
0,002435807
0,001497578
0,002417004
0,001791977
0,00150467
0,0031281
0,001949624
0,00134537
0,002022514
0,00199642
0,002165396
0,002484038
0,002696326
0,002639943
0,003496271
0,003119743
0,00383499
0,00362657
0,003797082
0,003931998
0,002786924
0,001771389
0,001788126
0,002159239
0,002456671
0,001887681
0,001645426
0,002723265
0,002334261
0,002672224
0,00268184
0,001734815
0,002770424
0,002178899
0,002636719
0,001734865
0,001717668
0,001853289
0,001693983
0,001589589
0,001983577
0,00163591
0,003793505
0,001330387
0,001613706
0,001632467
0,002515181
0,002018447
0,002714763
0,005431247
0,003302734
0,001812099
0,001991539
0,001661837
0,001651726
0,001996915
0,002478349
0,002584638
0,001829187
0,001846901
0,002242148
0,002442147
0,002067623
0,002051864
0,002103477
0,001920118
0,002386682
0,002332547
0,001818572
0,001878108
0,001846121
0,001981411
0,002100809
0,002642334
0,002655669
0,001883801
0,002669945
0,001771632
0,001867825
0,001864789
0,00184341
0,001850851
0,00198159
0,001840015
0,001951906
0,002835614
0,001732819
0,001748727
0,001421855
0,001774211
0,002291535
0,001769698
0,002623655
0,001760863
0,001918898
0,001624391
0,002379337
0,002601329
0,001799919
0,001930837
0,001799697
0,001929529
0,003144933
0,002438028
0,001262321
0,001514432
0,001493377
0,001274437
0,001683052
0,001983749
0,002361363
0,001838772
0,00179461
0,00174976
0,001709727
0,001833225
0,002336387
0,002317223
0,002179643
0,002309265
0,002500928
0,002780407
0,002879524
0,003160158
0,003348202
0,002560538
0,003758803
0,003440108
0,00339607
0,008389045
0,007667875
0,002070848
0,001944511
0,001906585
0,001581671
0,00195172
0,002178253
0,001867429
0,002603607
0,001845772
0,002551727
0,002620425
0,00226239
0,001977824
0,001823035
0,002011271
0,002587159
0,002073382
0,002256513
0,002205085
0,002258822
0,002688408
0,002993686
0,003019846
0,003386164
0,003543476
0,00320594
0,00218458
0,002015237
0,00230258
0,002912158
0,003711487
0,002570476
0,001782018
0,001740753
0,001648125
0,003271632
0,002162881
0,001732423
0,0015527
0,001822439
0,001975833
0,002055165
0,00188908
0,002791438
0,002466453
0,002334333
0,001794585
0,001874917
0,001463384
0,001732826
0,00187977
0,00147504
0,002351471
0,001873846
0,00204457
0,001928572
0,002042
0,001462448
0,002239505
0,001613744
0,001884945
0,002114306
0,002431654
0,002615279
0,002216141
0,002187569
0,001750078
0,002049495
0,001731308
0,002600652
0,002544905
0,004518024
0,003355676
0,001198697
0,001539927
0,003254447
0,002071528
0,001517224
0,002759377
0,002542832
0,001531559
0,001990815
0,003307701
0,001840824
0,001747859
0,001869793
0,002040081
0,002840197
0,001968438
0,001540177
0,001382252
0,001984862
0,002211874
0,002467825
0,001809771
0,001432632
0,001704701
0,002455139
0,002043732
0,002181447
0,002061563
0,00150684
0,001800558
0,002153122
0,003081516
0,002420449
0,002575642
0,00294782
0,003101082
0,002804724
0,003309781
0,002647427
0,002123582
0,002012847
0,002867939
0,001846356
0,002070019
0,002242235
0,0030414
0,002781555
0,001730945
0,002367381
0,002353831
0,002101448
0,002136471
0,002094242
0,002109305
0,001986913
0,002502025
0,002483791
0,001828538
0,002013633
0,001500068
0,001902404
0,00153826
0,001773896
0,001657733
0,002157844
0,002338607
0,00190325
0,001980612
0,002145663
0,002441253
0,001965469
0,002266877
0,002013148
0,00440766
0,004030512
0,00165858
0,001517592
0,001744614
0,001764869
0,002051941
0,001821009
0,002359109
0,004943881
0,002415589
0,002050768
0,002768575
0,003101676
0,002345398
0,001995504
0,002708998
0,002361012
0,002686519
0,002821691
0,002469307
0,002458699
0,002609054
0,002489935
0,002786901
0,001924539
0,002730871
0,002182581
0,001883551
0,002747607
0,001896243
0,002760055
0,002047085
0,001603481
0,001762347
0,001795012
0,002494645
0,001635723
0,002889188
0,002278896
0,002453168
0,001780785
0,002160357
0,002021695
0,001530997
0,00281915
0,002057994
0,001823676
0,001614965
0,001565769
0,002181213
0,001806656
0,001917099
0,001855515
0,003044419
0,001812471
0,002026754
0,002306798
0,002742065
0,002512858
0,00220732
0,002434056
0,001928125
0,00234674
0,001745299
0,002336898
0,001767591
0,001868892
0,002430027
0,004091801
0,001295906
0,001661358
0,001319118
0,00233901
0,00192459
0,001348961
0,001745957
0,002753133
0,00270046
0,002239382
0,002482161
0,001528716
0,002462353
0,002572148
0,002456177
0,002693751
0,002164
0,002393692
0,002130552
0,001548919
0,002616723
0,001658422
0,002242384
0,001821104
0,001994727
0,001645056
0,002353594
0,001809806
0,002453466
0,001884925
0,001745346
0,001564624
0,002692671
0,002585551
0,002109845
0,001925089
0,001736865
0,001668278
0,002192412
0,002833172
0,001633992
0,001544029
0,001533871
0,002925678
0,002066761
0,002851746
0,00250081
0,00186162
0,002884006
0,002478575
0,002146399
0,003137155
0,003724077
0,003857711
0,003250927
0,00387062
0,003720646
0,004089268
0,004243312
0,004213546
0,002669617
0,001746566
0,001838975
0,001644798
0,001489275
0,004830354
0,001205732
0,001558999
0,002062214
0,002641864
0,00255512
0,001981846
0,001585418
0,002234292
0,001833426
0,001673009
0,001808865
0,001773647
0,002569065
0,002340847
0,002609337
0,002438074
0,002096337
0,001945065
0,001954427
0,002913619
0,002342792
0,003512367
0,002690922
0,003051656
0,003538945
0,003251767
0,002551535
0,001861067
0,001429127
0,002073677
0,002711808
0,001771444
0,002344518
0,002203604
0,001869667
0,002191669
0,001869533
0,001654495
0,00198716
0,001950957
0,00186776
0,001737567
0,002029306
0,002253962
0,001994681
0,001498544
0,001440346
0,001779954
0,002025811
0,001619885
0,001804127
0,002574214
0,001953025
0,003612336
0,002524609
0,001418466
0,001586371
0,002869692
0,002755895
0,00201155
0,001790755
0,003663599
0,004047046
0,002116219
0,001398319
0,00183743
0,001549328
0,00189999
0,001441586
0,001759003
0,001888237
0,002315534
0,002572737
0,00152653
0,002463205
0,002180211
0,001852303
0,002404263
0,002332382
0,001690725
0,002320206
0,002030201
0,002413294
0,002180867
0,00173065
0,002516276
0,001927803
0,001719205
0,001871524
0,002363559
0,001795958
0,001685723
0,001831461
0,001575623
0,001567698
0,002360063
0,00176273
0,002753741
0,001880018
0,002011527
0,002110687
0,00233064
0,003032687
0,002305335
0,002508963
0,002989922
0,003189789
0,003244623
0,003260943
0,003515513
0,00254086
0,001415587
0,001679872
0,001630083
0,00156626
0,001451188
0,002022728
0,003302538
0,002287829
0,001289515
0,003621883
0,002636222
0,001290845
0,003890716
0,001709418
0,001646833
0,001480858
0,001780437
0,001913327
0,001763653
0,002509303
0,0016356
0,001886782
0,001999542
0,001966881
0,002473004
0,001748158
0,001747885
0,002258896
0,001395841
0,001838405
0,002334156
0,001936737
0,002223019
0,001771381
0,001581702
0,001989196
0,001459995
0,001835409
0,002123778
0,001885861
0,002247384
0,001623832
0,00182536
0,001818317
0,002377951
0,001711682
0,001933767
0,001511258
0,001816401
0,001703563
0,001849987
0,001897795
0,001690934
0,001925074
0,001856066
0,001791953
0,001984753
0,001735058
0,002763383
0,001878163
0,001823847
0,001636284
0,001799089
0,001776264
0,00190402
0,001716298
0,002363296
0,002439069
0,001851199
0,001364297
0,001746707
0,001451039
0,003854407
0,003754664
0,002152316
0,001865187
0,001639277
0,002803913
0,00216822
0,002794366
0,00211476
0,002179207
0,002147647
0,002181742
0,002534357
0,00190983
0,001816334
0,001847885
0,001873593
0,002607471
0,002777562
0,001629762
0,002350931
0,002246326
0,003092383
0,002481571
0,003327034
0,002456183
0,00193734
0,003142262
0,003030422
0,002211123
0,002247945
0,002495927
0,002125185
0,00221565
0,002727134
0,002872271
0,00244595
0,001796582
0,001563307
0,002606966
0,001457453
0,002057216
0,002639885
0,001991337
0,00176137
0,003242326
0,002084453
0,001309171
0,002089391
0,001471238
0,001887584
0,002511012
0,001722982
0,001849429
0,002472785
0,001802161
0,001442639
0,002289601
0,002437869
0,002663446
0,001464712
0,001868497
0,002143039
0,002069455
0,002408091
0,002600921
0,003280385
0,003636864
0,002982551
0,003421606
0,003449764
0,00345449
0,003537968
0,003504088
0,003520608
0,003558288
0,003536893
0,003486733
0,002300819
0,001450485
0,001482396
0,001982725
0,001983727
0,001947255
0,001626235
0,001689439
0,00223065
0,002073296
0,001980955
0,002209164
0,001552911
0,001962068
0,001641865
0,00208128
0,002466516
0,002230509
0,002564549
0,002252962
0,001437297
0,001910761
0,002076921
0,002321239
0,001936366
0,00215588
0,001684294
0,001621858
0,001803296
0,001583798
0,002208191
0,00194442
0,001795166
0,001886759
0,001994988
0,001534514
0,001746516
0,001952037
0,002340401
0,001694107
0,002830856
0,00298473
0,003421697
0,003404456
0,00310093
0,003032774
0,002363999
0,001906032
0,001912598
0,001225071
0,001762121
0,001485966
0,002041846
0,002685749
0,002232397
0,00235487
0,002575783
0,00254775
0,003053183
0,0033666
0,003138518
0,003317494
0,002581618
0,001397234
0,001644294
0,002133308
0,001832898
0,001751203
0,002095909
0,001759467
0,002376412
0,002170581
0,001823996
0,002365265
0,001724712
0,002410544
0,002855376
0,001862604
0,002018079
0,001723491
0,001836767
0,001786705
0,001955683
0,00251799
0,002797832
0,001931987
0,002322382
0,001621783
0,001769388
0,001330848
0,001973467
0,002690798
0,001826539
0,002734555
0,002463232
0,002639618
0,003584349
0,001626508
0,002299579
0,002117315
0,001340123
0,001444065
0,001939586
0,002073069
0,002792465
0,002063927
0,001956985
0,001952284
0,001883652
0,001398813
0,00266436
0,001766331
0,001668441
0,001708497
0,002389346
0,001778118
0,002502094
0,001702393
0,002720886
0,001801545
0,002280273
0,001720911
0,002428843
0,001778496
0,001994125
0,001857208
0,001786847
0,00190646
0,001768354
0,001996881
0,002477275
0,002398309
0,002038637
0,002162931
0,00187042
0,001758313
0,002502355
0,002045973
0,001887434
0,002208725
0,002126064
0,001902825
0,001946681
0,003223796
0,003198153
0,003071993
0,004329932
0,003520299
0,00431407
0,005111426
0,00531973
0,005279807
0,005596664
0,00553139
0,005584115
0,005626836
0,003291465
0,001564476
0,001648112
0,001526906
0,00173222
0,002043419
0,001493385
0,002160387
0,002397682
0,002878452
0,001492584
0,002051244
0,002572375
0,00201746
0,002362887
0,002503506
0,001544613
0,002445089
0,002639808
0,001908835
0,002334005
0,001758303
0,002562598
0,002165045
0,001910207
0,002164912
0,001229674
0,001704899
0,001818917
0,001405116
0,00196762
0,001781567
0,00204194
0,001500344
0,002152293
0,001665743
0,004228253
0,002151974
0,001999415
0,00224585
0,001740898
0,001647586
0,00205527
0,001601291
0,001939978
0,001911505
0,00281988
0,002393541
0,001470917
0,001990304
0,002015594
0,002828086
0,002627852
0,002657997
0,002871515
0,003364808
0,003134774
0,003439762
0,003474813
0,003512311
0,00341413
0,00356939
0,003562631
0,002374973
0,001428781
0,001269399
0,002123778
0,002429496
0,002039036
0,002485262
0,00262552
0,002779706
0,002015524
0,001728057
0,003000147
0,001797525
0,002263384
0,001396015
0,001710989
0,001922413
0,001529888
0,00250361
0,002713543
0,002435148
0,002558072
0,00172206
0,002579013
0,002157405
0,001762683
0,002584628
0,001949937
0,001860929
0,002703113
0,001846259
0,001482548
0,002613072
0,001727918
0,002923671
0,002439894
0,00151606
0,001972704
0,001441561
0,002085488
0,001675797
0,0021587
0,002782265
0,001906378
0,001777503
0,002511059
0,0022238
0,001818967
0,002871366
0,003287423
0,002861872
0,004200897
0,003814449
0,003962117
0,004966404
0,004904061
0,005070358
0,005406158
0,005632927
0,005662157
0,005587129
0,00556679
0,005661564
0,004417833
0,002954195
0,001598424
0,001942875
0,002048742
0,001792502
0,00298579
0,004377943
0,001627942
0,001395076
0,002190498
0,002083168
0,001933598
0,001886079
0,00173235
0,001782571
0,002095434
0,001775553
0,001548108
0,001981839
0,001570003
0,00173263
0,001614919
0,002328623
0,00174003
0,001584598
0,001985808
0,00215974
0,001702074
0,001820383
0,001989444
0,002528503
0,002060586
0,002712007
0,002394165
0,001795414
0,001657669
0,00151842
0,002607002
0,001942726
0,001749752
0,002082342
0,001653792
0,001689548
0,002064018
0,002307498
0,002109529
0,001862443
0,001449592
0,00231375
0,001508943
0,001523128
0,002424449
0,001920426
0,001840621
0,001975493
0,003099099
0,002632935
0,002524346
0,002826235
0,002232525
0,002854254
0,00275002
0,002615374
0,002805341
0,002712206
0,002818924
0,00292301
0,002772461
0,002776931
0,002725602
0,002147519
0,001713896
0,001916377
0,002333409
0,002466845
0,002638872
0,00215952
0,002129639
0,002125532
0,001808486
0,003147117
0,002257681
0,001404656
0,001570213
0,0019779
0,002423229
0,001863183
0,001795751
0,002175654
0,003794418
0,002577492
0,002167411
0,002694189
0,002133181
0,002183299
0,001844496
0,001659317
0,001960078
0,001919348
0,002423883
0,002012701
0,001762418
0,002207001
0,002158816
0,002000392
0,003289067
0,002414964
0,001285415
0,002301948
0,002424093
0,001798238
0,002503424
0,00241566
0,002019722
0,001953226
0,002190744
0,002329515
0,002053527
0,001875786
0,001789471
0,001920329
0,00229556
0,002485263
0,001841522
0,001906728
0,002595749
0,002239407
0,002652208
0,002101799
0,002321757
0,002679314
0,001876902
0,002220545
0,001471548
0,001421455
0,001890161
0,002392167
0,002827964
0,00117044
0,001576528
0,002114394
0,001995212
0,001421068
0,002660489
0,003370776
0,001735229
0,001547132
0,001826482
0,002269276
0,002715042
0,001215496
0,001727168
0,001751533
0,002395186
0,001715663
0,002173381
0,00226832
0,002543743
0,003569312
0,002125506
0,001514429
0,00194837
0,002741348
0,002470407
0,001982916
0,001593174
0,002879233
0,001801821
0,002554076
0,001823272
0,001931895
0,002401343
0,001745869
0,002085592
0,001830793
0,001809581
0,002658036
0,002254834
0,002504261
0,002664932
0,003667958
0,003005373
0,003478493
0,002521612
0,001858862
0,001413053
0,001849941
0,002036974
0,001536206
0,002080517
0,001492942
0,001776389
0,001671148
0,002543125
0,001772272
0,001911472
0,002143387
0,002731099
0,002048431
0,002678421
0,003149721
0,002348978
0,002608083
0,002044466
0,001989927
0,002887768
0,002175051
0,001536286
0,001420112
0,001278015
0,001813701
0,001968026
0,002763701
0,002588728
0,001720638
0,002359598
0,00237638
0,001950149
0,001946664
0,001498605
0,002312715
0,002691958
0,002115003
0,002939382
0,002338553
0,002807209
0,002082946
0,002570868
0,001995723
0,001944201
0,002155344
0,002619207
0,002423663
0,001657927
0,001607067
0,002626882
0,001696691
0,0014883
0,003567541
0,002496109
0,001302945
0,003608691
0,002546859
0,001736326
0,001604007
0,002547384
0,002087549
0,001723141
0,001851574
0,001580969
0,002231305
0,001802634
0,001559248
0,001721418
0,003725192
0,002119094
0,001732885
0,002214543
0,00208934
0,002218518
0,001626545
0,00194099
0,002436171
0,002473697
0,002239537
0,001590922
0,001909972
0,001792425
0,001689224
0,002061655
0,001724282
0,002456721
0,001897041
0,001927096
0,001751996
0,001979969
0,002647968
0,002485447
0,001752323
0,002485218
0,001789274
0,001812343
0,001468659
0,001872511
0,00175418
0,001791757
0,001873147
0,001779588
0,001993858
0,002492242
0,001920217
0,00149249
0,00205039
0,00239237
0,002565489
0,002427386
0,002197805
0,00277925
0,002172125
0,001297659
0,001538161
0,002477642
0,001898651
0,001753919
0,002284421
0,001973628
0,002512516
0,003349701
0,002541673
0,003574234
0,003751053
0,002601226
0,001807761
0,001628314
0,001991956
0,001813245
0,001761882
0,001667901
0,001864533
0,002095364
0,002299372
0,001854528
0,001386073
0,002008077
0,00251544
0,001812925
0,00145262
0,0017513
0,002492276
0,002776804
0,002267947
0,002534197
0,002726628
0,002863114
0,002698307
0,003507539
0,003511923
0,003555627
0,003632836
0,003701442
0,002566623
0,001548973
0,003360061
0,002333573
0,00211914
0,002017883
0,00183611
0,002019352
0,002336434
0,002620779
0,002455814
0,001936189
0,002744854
0,002975743
0,00318001
0,002834154
0,00385112
0,004042181
0,003599137
0,003328222
0,002022208
0,001516486
0,001341003
0,001401131
0,002748945
0,001589728
0,001853468
0,002070119
0,002184143
0,002378406
0,001475398
0,002189611
0,002295267
0,002458575
0,002618782
0,001779687
0,002555578
0,001531057
0,001569863
0,002312558
0,001544897
0,001824015
0,002381348
0,002440012
0,00182537
0,002457812
0,001825254
0,002285657
0,001581802
0,00275952
0,002597197
0,001830194
0,002424641
0,003050647
0,002619686
0,00157367
0,002006662
0,001979623
0,001614844
0,002503125
0,002159351
0,00164468
0,002379968
0,002138331
0,001549087
0,002394915
0,001710339
0,00167615
0,002026709
0,001828368
0,001988213
0,001612866
0,001873092
0,001772496
0,001939479
0,001750931
0,001676066
0,002077773
0,002073792
0,001809861
0,003253707
0,002823142
0,002553313
0,003360017
0,002979136
0,003200457
0,003387183
0,00332929
0,003454152
0,003312358
0,003366062
0,001895649
0,001546095
0,001633325
0,001642758
0,001956579
0,001379398
0,002353661
0,002187852
0,003827745
0,001318433
0,001220654
0,002180655
0,00167526
0,003349389
0,002034708
0,001251936
0,001956139
0,001560743
0,002413485
0,002617167
0,002975783
0,003105515
0,002837495
0,002791171
0,003789468
0,003586728
0,003831834
0,003864043
0,003803431
0,003748316
0,004108929
0,002594923
0,001380733
0,002091971
0,002221313
0,002296302
0,001664658
0,001980335
0,002626878
0,001610847
0,001941837
0,002178466
0,003048437
0,002663326
0,00205665
0,002435348
0,002889625
0,002758984
0,002024768
0,002121446
0,002130396
0,002225655
0,002628205
0,002096227
0,001877557
0,002200458
0,002113004
0,003011593
0,002422844
0,002646077
0,002743595
0,003344345
0,003000518
0,00269946
0,002929258
0,003065212
0,003167044
0,003020502
0,003126832
0,00262621
0,001725211
0,001827658
0,0031856
0,001908832
0,003124333
0,002183337
0,002461548
0,002357925
0,002992031
0,002906012
0,002655775
0,002474765
0,00249152
0,002440219
0,002967445
0,002765761
0,002588745
0,002980201
0,002909742
0,002724691
0,002903317
0,003023445
0,004208799
0,001324255
0,002542682
0,002685707
0,001963958
0,001797574
0,002095502
0,002443356
0,002535739
0,001607364
0,001796008
0,001963593
0,002797748
0,002674609
0,001972634
0,00477059
0,003837033
0,003939399
0,004625884
0,006059817
0,006433897
0,006490559
0,00651618
0,006906615
0,006292458
0,004467631
0,002716062
0,003167609
0,004268371
0,004092979
0,002006767
0,002386602
0,001902379
0,001600614
0,001831806
0,001818606
0,002133348
0,002608409
0,002439392
0,001683597
0,002221021
0,002251532
0,001549903
0,001564072
0,003410921
0,002397552
0,00128118
0,001397482
0,001984759
0,002638139
0,001811807
0,001843181
0,00381152
0,001576723
0,002030985
0,001829929
0,002383393
0,002027127
0,002175947
0,002176339
0,002226279
0,001782801
0,001959166
0,002120204
0,003127298
0,002778386
0,002427326
0,00171928
0,001969592
0,00393149
0,002399911
0,001338529
0,001252015
0,00162512
0,002620526
0,001774807
0,001490257
0,001800982
0,002772947
0,002403171
0,00192387
0,002065495
0,001605513
0,00181236
0,00200849
0,002401691
0,001966724
0,001889979
0,001889848
0,002131147
0,002700262
0,002399296
0,001790802
0,001457837
0,00181209
0,001781267
0,001699229
0,002469405
0,002429856
0,002423513
0,002534356
0,001668439
0,001685049
0,001767314
0,001858604
0,002044409
0,002204421
0,002876592
0,002230825
0,002453371
0,002366837
0,001976125
0,001448405
0,002553176
0,002492392
0,001646437
0,001867107
0,00177901
0,00215189
0,001722916
0,002179765
0,002024926
0,00216404
0,001699804
0,001989869
0,002533794
0,003635619
0,001629288
0,001439456
0,002084402
0,001491276
0,002062466
0,001782773
0,002151436
0,001878441
0,002257026
0,002761248
0,001499664
0,001755143
0,001873755
0,002122875
0,001614943
0,00155454
0,001886567
0,001955998
0,002281936
0,001588514
0,002844925
0,001804254
0,002385747
0,002174907
0,001784472
0,002652414
0,001621149
0,002693556
0,002186499
0,002281441
0,003008847
0,001830062
0,001472068
0,001712346
0,001966026
0,002212272
0,002028704
0,002310963
0,001519849
0,002619297
0,002409846
0,001863251
0,001519578
0,002147033
0,00170819
0,001637399
0,001777536
0,003235377
0,002048472
0,001475045
0,001965005
0,001603891
0,001958179
0,001629424
0,001523141
0,002338982
0,00174848
0,00192002
0,002459191
0,001570219
0,00163566
0,001688552
0,002969513
0,002145151
0,001495644
0,001729808
0,002254114
0,002253654
0,001909507
0,00213729
0,001907572
0,00165118
0,002530933
0,001352398
0,002145924
0,001979151
0,001589505
0,004095951
0,001479395
0,002247961
0,001467194
0,00160569
0,001363586
0,002079169
0,00210009
0,001737907
0,001746971
0,001535768
0,001513523
0,001858503
0,002889304
0,002821876
0,002685277
0,003083627
0,003082456
0,003205821
0,003442318
0,003252262
0,002214163
0,001288124
0,002329624
0,002076183
0,001751532
0,00245498
0,003010119
0,003485065
0,003377999
0,004476299
0,00485894
0,005024499
0,005366918
0,00544064
0,00562648
0,005695968
0,005678725
0,003311212
0,001519289
0,001252183
0,001923657
0,001534162
0,001504734
0,001662905
0,001956793
0,002227974
0,002389841
0,00172101
0,002319042
0,001503207
0,001826634
0,002115185
0,002594282
0,001772403
0,002697933
0,002398187
0,00179921
0,002074641
0,002827897
0,00199117
0,00258916
0,00226877
0,002842537
0,003722735
0,002885589
0,003269219
0,003399569
0,003746362
0,003831849
0,003827467
0,003735462
0,003693082
0,003670529
0,003784661
0,002485166
0,001669993
0,00132126
0,002034053
0,001999196
0,002392034
0,002701842
0,002672131
0,002448128
0,001645908
0,001605974
0,002350284
0,001457522
0,002142472
0,001761073
0,002337707
0,001800792
0,001903205
0,001853077
0,00252966
0,002395901
0,001687958
0,001596363
0,002614953
0,001470699
0,002426237
0,002086823
0,002703566
0,002178559
0,002568046
0,001650766
0,001837559
0,002443004
0,002602632
0,002206247
0,002584223
0,003081112
0,007681753
0,007116517
0,001521083
0,001716533
0,001459369
0,002442053
0,002692186
0,001600962
0,002105056
0,001496477
0,001815788
0,002847053
0,002562573
0,002657067
0,001781634
0,00282885
0,00244975
0,002804363
0,005733278
0,002510638
0,002474391
0,00254239
0,002695771
0,001941594
0,002168858
0,003025967
0,003699714
0,00166292
0,00186498
0,002765215
0,002908174
0,002170822
0,002145772
0,002144572
0,001639522
0,002357007
0,001911926
0,001464612
0,001893284
0,002223146
0,00259262
0,002576629
0,001802107
0,001799635
0,002006724
0,001805966
0,002518051
0,002097773
0,001816702
0,001616578
0,001417035
0,003954155
0,002407891
0,001186061
0,001589944
0,002028104
0,002069763
0,002147656
0,001859623
0,002694677
0,003038825
0,001832098
0,001602039
0,002587349
0,002977841
0,002384856
0,002015724
0,002841507
0,002143598
0,001939388
0,002125325
0,001859097
0,002601307
0,00217834
0,001896504
0,001814595
0,001856195
0,001891358
0,001905309
0,004523788
0,001777315
0,002186585
0,002394037
0,002236913
0,001587473
0,001512237
0,001688435
0,001535286
0,001958039
0,002595636
0,002483411
0,002221229
0,002357547
0,002355004
0,001964513
0,001837141
0,002766529
0,001920932
0,002539749
0,001522872
0,001783152
0,002256419
0,002101341
0,002617941
0,001813805
0,002265009
0,002231669
0,001524661
0,003755806
0,002372152
0,001337792
0,001716035
0,002119619
0,002110822
0,001791301
0,002799975
0,001815415
0,001665431
0,001763926
0,002398945
0,001798009
0,001732891
0,001970563
0,002781566
0,001695305
0,001540628
0,002049193
0,001793191
0,001698252
0,001334171
0,001465226
0,002313258
0,002236909
0,002677401
0,002337594
0,001925402
0,0017658
0,002487509
0,001826305
0,00182644
0,002708925
0,001518472
0,002574318
0,001996401
0,001705285
0,002296358
0,002182638
0,002415462
0,001533209
0,002800428
0,002445244
0,003513006
0,001719874
0,001344339
0,002322313
0,001538282
0,001390137
0,002609565
0,001818852
0,003287353
0,003658935
0,002837132
0,002676252
0,003692047
0,003901755
0,003816692
0,003978656
0,00411489
0,004064995
0,004036801
0,004096348
0,004016575
0,00408585
0,004058709
0,002584509
0,001809375
0,001609484
0,002984413
0,00215716
0,002004381
0,00187483
0,001760385
0,002426812
0,001831604
0,001855534
0,001851987
0,002002944
0,002899532
0,002378363
0,003515961
0,003192437
0,003242107
0,003466543
0,003271995
0,002458741
0,002604731
0,002268181
0,002631589
0,002657412
0,002378017
0,001752469
0,001990713
0,001884371
0,001739809
0,002176014
0,002020119
0,002093641
0,002177686
0,001777214
0,002329176
0,001486177
0,0018376
0,001977703
0,001770373
0,001986066
0,002325265
0,00256642
0,001908246
0,001899064
0,001978823
0,002630556
0,002001511
0,002259879
0,002424858
0,002486176
0,001814909
0,00174519
0,002663745
0,002436906
0,002125955
0,00182531
0,002528603
0,003027879
0,002889381
0,001632503
0,001967634
0,002178874
0,002244408
0,00183336
0,002526576
0,002615443
0,001639952
0,002361304
0,002398749
0,001586114
0,001744963
0,001507831
0,002352382
0,001797333
0,002245152
0,001600052
0,002085716
0,002484006
0,002474006
0,001688842
0,001679814
0,001844645
0,001917367
0,001904596
0,003359446
0,002958129
0,00407498
0,004353431
0,003793004
0,00507602
0,004757755
0,005476406
0,005521477
0,003239645
0,002142852
0,002174681
0,002367187
0,002083677
0,002134754
0,00158163
0,002068586
0,002333426
0,001628043
0,001986512
0,002284649
0,002353315
0,001854094
0,002122916
0,001884535
0,001780125
0,002437355
0,002728225
0,002066963
0,001509401
0,002181673
0,002552046
0,001426297
0,002356992
0,002556987
0,001539319
0,00222146
0,002232641
0,002437353
0,001635381
0,001495869
0,002056787
0,001669854
0,001958803
0,00224496
0,002149525
0,001421577
0,001555475
0,001665504
0,001457732
0,001644107
0,002409421
0,00200606
0,001907985
0,001979804
0,002009302
0,001975408
0,001770144
0,002206821
0,002188301
0,001596042
0,001795461
0,002797792
0,001850883
0,001811755
0,002054128
0,002485033
0,002263273
0,001595633
0,001940501
0,003246904
0,001648521
0,00450492
0,001614731
0,001830963
0,001689112
0,001862913
0,002502491
0,002079096
0,001765048
0,00178462
0,002510178
0,002025993
0,00180167
0,00161802
0,002369165
0,002364773
0,001574034
0,002217222
0,002042495
0,00201239
0,002033072
0,001690609
0,001550836
0,002644183
0,001672346
0,001889734
0,001466689
0,002404923
0,001829651
0,001793444
0,001809976
0,002502273
0,001497313
0,001721507
0,002975751
0,003257951
0,002977539
0,003484582
0,00459899
0,00353899
0,001896126
0,00334591
0,002548248
0,001395344
0,00160455
0,001781758
0,00212761
0,001621233
0,001965232
0,002422705
0,002943561
0,001900238
0,001811428
0,002245547
0,002092781
0,002936319
0,001817307
0,003884992
0,003543888
0,003745873
0,003596517
0,003467418
0,003474141
0,003465671
0,003431922
0,003473192
0,003472454
0,003471813
0,003379327
0,003400925
0,002550153
0,001679105
0,00140548
0,002872066
0,002086386
0,001587211
0,001746129
0,002844107
0,002372196
0,002075996
0,002018376
0,002088415
0,002249491
0,003004458
0,003725707
0,003055031
0,003237744
0,004050492
0,00377713
0,004021482
0,004053668
0,004070874
0,00401375
0,004175751
0,003036298
0,001748948
0,001580487
0,001664875
0,001772951
0,001824753
0,002688408
0,003808604
0,003908739
0,001690353
0,001517305
0,001457838
0,002588281
0,00146787
0,004133495
0,00194407
0,001811134
0,002055378
0,001514043
0,002891203
0,001931961
0,002811437
0,00241706
0,001830885
0,002188531
0,001776936
0,001617492
0,001852725
0,001626054
0,002062417
0,002042365
0,001485376
0,00190752
0,001516457
0,00225837
0,002051708
0,001715891
0,001975718
0,002373449
0,002714252
0,001585377
0,001927038
0,003159108
0,002186446
0,001960415
0,001982309
0,002613877
0,001722348
0,002488118
0,002832289
0,001969831
0,002485593
0,001689001
0,001481341
0,001785568
0,002317911
0,002156938
0,001826545
0,001884862
0,001828373
0,00164491
0,002179073
0,001882255
0,002029576
0,001818751
0,001939927
0,002280875
0,002388013
0,001649237
0,001896848
0,001920374
0,002043015
0,001780679
0,001821322
0,002952952
0,001801414
0,00185317
0,002660824
0,00250374
0,001928064
0,002361134
0,002819137
0,001802157
0,002427713
0,002164189
0,00185227
0,00161562
0,002431072
0,001813904
0,00149344
0,002384544
0,002533742
0,002330623
0,00185678
0,002378837
0,001814957
0,001440013
0,001545441
0,001555009
0,001638713
0,001430283
0,002222252
0,003147697
0,001659683
0,001551619
0,001667678
0,002079419
0,00179979
0,002609281
0,002506256
0,00187375
0,001780346
0,002361063
0,002232139
0,00202116
0,001796314
0,001829415
0,001790308
0,001603234
0,002333904
0,00146323
0,002027006
0,001968291
0,002090177
0,001712576
0,002282995
0,001751938
0,002128908
0,002030826
0,002657977
0,002095584
0,002037021
0,002410146
0,001615226
0,001449009
0,002326635
0,002278346
0,001467185
0,002300243
0,002454734
0,002145148
0,001870951
0,001838798
0,002311291
0,001754583
0,001846923
0,002709914
0,001543124
0,002999388
0,002686153
0,002645249
0,002597138
0,002420237
0,00182938
0,00214769
0,001795728
0,002788388
0,001558103
0,002514147
0,001762076
0,001940589
0,002139997
0,001931558
0,001756642
0,001734816
0,001861415
0,002368981
0,00294867
0,002605081
0,004260897
0,003537525
0,003701171
0,004106867
0,003468738
0,001838064
0,001946354
0,002468813
0,002866868
0,002370398
0,001828407
0,001825623
0,002515645
0,001662636
0,001958723
0,001854718
0,002816291
0,002327618
0,002279278
0,001553991
0,00146029
0,001921859
0,001957959
0,001998254
0,002025559
0,001798765
0,002182473
0,001823773
0,002171359
0,003986011
0,002844093
0,003061406
0,003730693
0,001672929
0,001309953
0,001484405
0,001397401
0,002398903
0,001849273
0,001577198
0,001905037
0,001835283
0,001826121
0,001983489
0,002404444
0,002442427
0,001813049
0,0022558
0,001809406
0,001601758
0,001784098
0,00188413
0,001435581
0,00190153
0,002039824
0,001764601
0,001987994
0,002197164
0,002009857
0,001608356
0,002441803
0,00160459
0,002090759
0,002320329
0,002619534
0,002166077
0,002143982
0,002375946
0,002496745
0,002013086
0,002936949
0,002450249
0,002482468
0,002675021
0,001975066
0,001409221
0,002251247
0,002658771
0,002578149
0,00150097
0,001642149
0,002230379
0,001887485
0,002051077
0,001995859
0,002080233
0,002954099
0,002260639
0,001461991
0,00166186
0,002606957
0,001943771
0,001502899
0,001834154
0,002512401
0,002203317
0,001716181
0,001815355
0,001709252
0,001626199
0,002379783
0,001808688
0,002437064
0,002532233
0,001829253
0,001860691
0,001978617
0,002670812
0,00197457
0,002689985
0,002678632
0,003570592
0,003070278
0,003169256
0,003439608
0,003581468
0,003671292
0,00359934
0,002460206
0,001593644
0,001708593
0,001615694
0,002713953
0,002029333
0,003732176
0,002500885
0,001622839
0,001237113
0,00268965
0,004497105
0,003124257
0,001283422
0,001269986
0,001254825
0,002085779
0,001944446
0,001614344
0,002242009
0,002394855
0,002272858
0,002463402
0,001873765
0,001918529
0,001908083
0,001930245
0,001753828
0,001914492
0,002964071
0,002518648
0,001629403
0,001618991
0,001439264
0,001845431
0,001576798
0,002257598
0,001996746
0,002262584
0,002003869
0,002040464
0,002414888
0,002294264
0,002239441
0,002271722
0,001817466
0,002705615
0,00178785
0,001922293
0,002494767
0,001468914
0,002341719
0,002066601
0,001829125
0,00172201
0,002772106
0,002315775
0,001985159
0,002356108
0,001842595
0,002402895
0,001886228
0,002415466
0,001938011
0,00241336
0,002110494
0,001948416
0,001838636
0,002165386
0,002682838
0,001657933
0,002705826
0,001870571
0,001828736
0,002380063
0,00153485
0,002053472
0,00183137
0,00214756
0,002667719
0,002010319
0,001385773
0,00149692
0,00203428
0,001857257
0,001791668
0,001655744
0,001714934
0,002474903
0,001772298
0,001579816
0,002413846
0,002309578
0,003922953
0,001651448
0,00174433
0,001566734
0,001629345
0,001935457
0,002692276
0,002006628
0,001862726
0,002573922
0,00257123
0,001557087
0,00176453
0,002308104
0,001752116
0,001827898
0,001993941
0,0022143
0,002028857
0,001537959
0,002292205
0,001844568
0,002265205
0,001876826
0,002048089
0,002570503
0,001728566
0,001922406
0,002413527
0,001786053
0,002609127
0,002015834
0,002036296
0,002734503
0,00184079
0,002511247
0,002684897
0,002354948
0,001809503
0,001952178
0,001773697
0,001729979
0,002333806
0,001887371
0,002299426
0,001489794
0,001804617
0,001946638
0,001871467
0,002241782
0,00179919
0,001612745
0,00254881
0,001856547
0,002676577
0,002857066
0,002406652
0,002791109
0,002544352
0,002433808
0,002626889
0,002722361
0,002730642
0,002964137
0,00293472
0,002847204
0,002631301
0,002603475
0,002087019
0,001713693
0,001447263
0,003220545
0,002330119
0,001331232
0,001413529
0,002612099
0,002540896
0,002322629
0,002364739
0,002054781
0,001586819
0,002327978
0,002261771
0,002474934
0,001815026
0,002703431
0,001998559
0,001679417
0,001976724
0,002595659
0,002865966
0,001754979
0,002409561
0,001821759
0,001998377
0,002214587
0,002255112
0,002459829
0,003131528
0,002778025
0,003107164
0,00324852
0,002601095
0,001670755
0,001333035
0,002267267
0,002129043
0,002574526
0,002967471
0,002365973
0,003073743
0,004423033
0,003411144
0,001290112
0,001286426
0,001312607
0,004081381
0,001848467
0,001375919
0,002063122
0,002281171
0,002408042
0,002314025
0,001681052
0,002131502
0,002847097
0,002199384
0,002517293
0,002747706
0,002222448
0,00242046
0,002626265
0,001815991
0,002699831
0,00212683
0,002183512
0,003212505
0,001836379
0,002223668
0,002411405
0,001700542
0,002395698
0,001759148
0,002582671
0,001904218
0,002003619
0,002382258
0,001782464
0,002035692
0,002582231
0,002443191
0,001595978
0,001584457
0,002137719
0,00224286
0,001976868
0,001861922
0,001903681
0,002688403
0,001960856
0,001982757
0,002220805
0,002404335
0,002593677
0,001827955
0,001867006
0,001627677
0,001797311
0,001518203
0,001834783
0,002206071
0,002385698
0,001882477
0,002200264
0,002407191
0,002418214
0,001702223
0,00178039
0,001879379
0,002190298
0,002157974
0,002128065
0,001851047
0,002616542
0,002390916
0,002734696
0,002342125
0,002346274
0,002323133
0,002898343
0,002441676
0,00212778
0,002442395
0,001436414
0,002492335
0,002015801
0,001532111
0,001742453
0,002392143
0,001777043
0,002095228
0,001789389
0,002940582
0,002056969
0,001780643
0,003039777
0,00226571
0,002159441
0,002835884
0,004996895
0,004887037
0,001832025
0,002062786
0,002697968
0,002971279
0,00310576
0,002125429
0,001888009
0,001710283
0,002250744
0,001810156
0,001579507
0,001926927
0,002489287
0,001925313
0,002644896
0,002184002
0,002095534
0,002082927
0,002244744
0,001848437
0,002020985
0,001602294
0,00159124
0,002060126
0,00201835
0,001908288
0,001989369
0,002165851
0,002166711
0,002640128
0,002420454
0,002327298
0,002216713
0,002399218
0,00239196
0,002407364
0,002579729
0,001705719
0,001550637
0,00244053
0,002064462
0,002033732
0,001511635
0,001677819
0,002580538
0,001666624
0,002276817
0,002152316
0,001790199
0,002454571
0,003041065
0,0017134
0,002064531
0,001870548
0,002587247
0,002349744
0,002737403
0,001975078
0,00197626
0,002234841
0,002384328
0,003406556
0,002637537
0,003080575
0,003261556
0,003480555
0,003531189
0,003704423
0,00364088
0,003628725
0,003676019
0,003676313
0,002576181
0,001708963
0,002055821
0,001510965
0,00211043
0,001725984
0,001777326
0,001701311
0,002299521
0,002163927
0,002330454
0,002108555
0,002847741
0,001837967
0,002415379
0,001748841
0,001947586
0,002102123
0,001948488
0,001498524
0,001618041
0,001908321
0,001474626
0,002407064
0,002701731
0,001635487
0,001808776
0,002426079
0,002126578
0,002026337
0,001805373
0,0016121
0,002628116
0,001734885
0,003460453
0,001502102
0,00157454
0,002557728
0,002420164
0,001821123
0,002646264
0,001710504
0,002719508
0,001742499
0,001978423
0,001993583
0,002459811
0,00205753
0,001943792
0,001746577
0,001888491
0,001878643
0,001820741
0,002654532
0,002339175
0,001992109
0,002015009
0,002020584
0,001889508
0,001633061
0,002613407
0,001872944
0,002226241
0,001859782
0,002000127
0,002117829
0,001709549
0,002781174
0,00186827
0,001868894
0,002000761
0,001740815
0,001855701
0,003488978
0,002885855
0,004187239
0,003346877
0,003089945
0,001424868
0,001456315
0,00224262
0,002127913
0,001624451
0,002778158
0,002179209
0,001778286
0,002148077
0,001623204
0,001827204
0,001878787
0,001619733
0,001707214
0,00182035
0,003012449
0,00260312
0,002566304
0,002460616
0,002678631
0,001595816
0,001846677
0,00224779
0,002514329
0,001751524
0,002444769
0,001575367
0,003387573
0,002470388
0,001270395
0,00161673
0,002407848
0,002387397
0,001535018
0,002607323
0,002049079
0,001698014
0,002577118
0,001650971
0,001831939
0,002274769
0,002271571
0,002248921
0,003690165
0,001179721
0,001973098
0,001842514
0,00207593
0,002236353
0,001685348
0,00205274
0,002006911
0,001735203
0,002282003
0,002460265
0,001806183
0,001949596
0,001792156
0,001658463
0,001594965
0,00222871
0,002022548
0,00179256
0,001932634
0,002650863
0,001916903
0,002089169
0,002248684
0,002357504
0,002590675
0,003249767
0,002413833
0,001444496
0,001849631
0,0015231
0,002180501
0,001846017
0,001707005
0,001711269
0,001846091
0,00271947
0,0022382
0,002156451
0,002425411
0,002308566
0,002392292
0,002384244
0,002372174
0,002410337
0,001931648
0,001522758
0,002531671
0,002372272
0,001591667
0,00256374
0,001934882
0,002013525
0,002328448
0,002627078
0,002026183
0,001828443
0,001773912
0,001791104
0,00248503
0,001704331
0,001623539
0,001678698
0,001590531
0,004826095
0,002498461
0,0013678
0,001798378
0,00221516
0,001573034
0,002126915
0,001939545
0,001586864
0,002721447
0,002582225
0,002660791
0,003256809
0,003527072
0,00239921
0,001438373
0,001685145
0,002187805
0,001868021
0,002103911
0,002577166
0,001797591
0,002381132
0,001727072
0,001836428
0,002622107
0,001655073
0,001808204
0,002354011
0,002245018
0,002098636
0,002899433
0,002381213
0,001839746
0,003096116
0,001618449
0,001398803
0,001489841
0,001899709
0,002144976
0,002046362
0,00183289
0,001895895
0,00163287
0,00217685
0,002235838
0,00230403
0,003224591
0,003246631
0,002354964
0,001397321
0,001707612
0,002403471
0,002599781
0,002169868
0,001610387
0,001487972
0,001923478
0,001935718
0,002672231
0,001738095
0,001869232
0,001619946
0,001966276
0,002575742
0,002381984
0,002631284
0,001697938
0,002395043
0,002207849
0,002949045
0,002585123
0,0032461
0,003451836
0,003099688
0,003747906
0,003401708
0,003559064
0,003539533
0,003565842
0,003649112
0,003547884
0,003618674
0,003572447
0,003608253
0,003620132
0,002749033
0,001862354
0,002291505
0,002786026
0,002081484
0,001551675
0,001732843
0,002742043
0,001854248
0,001966479
0,002131531
0,002814241
0,00217493
0,002637693
0,003393606
0,002190132
0,002071005
0,002517464
0,001741292
0,001903947
0,001815471
0,001432892
0,001810419
0,001918501
0,003840466
0,002737349
0,00179909
0,001766658
0,002123693
0,001518958
0,003358848
0,002343881
0,002151252
0,00148301
0,001333735
0,00232132
0,002317083
0,00176713
0,004109445
0,003698924
0,00151097
0,001674244
0,001884318
0,001531655
0,002060074
0,001977061
0,002293351
0,00255632
0,002230544
0,002133294
0,002668242
0,002083104
0,001370263
0,00196857
0,002006155
0,002081907
0,002100325
0,001731061
0,002537354
0,002455874
0,001706378
0,002584843
0,002590592
0,001690268
0,002775077
0,002222317
0,001958056
0,001526994
0,001650855
0,002148895
0,002121041
0,001711258
0,002547074
0,001718721
0,002028618
0,002422182
0,002481018
0,001671229
0,001516948
0,001775132
0,002137522
0,002006244
0,002482638
0,00238518
0,00175787
0,00146007
0,002710071
0,002067507
0,002497459
0,00226947
0,002032207
0,002600077
0,002488289
0,002614251
0,002133786
0,002359573
0,002627078
0,001694891
0,00202175
0,001780805
0,002961457
0,002392652
0,001930336
0,002218047
0,001617915
0,002697464
0,001806164
0,00258018
0,002153201
0,00176499
0,001635649
0,002071293
0,001588336
0,002377387
0,001688842
0,001989923
0,001640155
0,002953814
0,00213972
0,001802578
0,001963458
0,0016651
0,002430941
0,00212923
0,002061225
0,003288729
0,003686079
0,00173453
0,002129542
0,002515741
0,002096844
0,00180698
0,004133862
0,001403606
0,002189259
0,001769738
0,001891567
0,002120568
0,002423926
0,001551151
0,001828658
0,001574845
0,002135863
0,00242319
0,00180469
0,002824457
0,002641616
0,002911375
0,002829185
0,002300507
0,001729981
0,001724371
0,001504782
0,002226316
0,00209955
0,002605248
0,002195431
0,001590709
0,001658913
0,001950425
0,001914248
0,002770125
0,001481744
0,002369474
0,001797145
0,001725594
0,001778726
0,002508513
0,002164042
0,002601971
0,001926901
0,003153164
0,002564701
0,00201127
0,001678913
0,001649461
0,00222621
0,001455296
0,002029288
0,002053404
0,002157452
0,001967868
0,002650196
0,002566223
0,001983635
0,002610726
0,001872487
0,002068686
0,001941337
0,002441991
0,002655897
0,002202365
0,001933441
0,002581685
0,001818167
0,001988643
0,003695083
0,001549534
0,004292781
0,001666878
0,002053811
0,00161757
0,002201882
0,002687388
0,002093191
0,00280552
0,002411503
0,002314263
0,002775115
0,002494602
0,002393525
0,002565295
0,002818448
0,002712724
0,002634628
0,002597293
0,002674398
0,002600884
0,002780339
0,002714352
0,002563885
0,002752475
0,00518921
0,002093868
0,001917633
0,001810564
0,00179692
0,001610369
0,001406953
0,001758464
0,002467648
0,002320386
0,002664726
0,002478712
0,001482418
0,002394317
0,002233907
0,001610692
0,001866911
0,001786367
0,001897848
0,002556431
0,001749143
0,001767993
0,001836786
0,00182565
0,001552811
0,001890024
0,001988502
0,001924757
0,001922716
0,002222159
0,0020429
0,001988757
0,002177738
0,002027555
0,002392371
0,001798989
0,001819332
0,001897486
0,00183017
0,001965315
0,00172277
0,002682254
0,001681289
0,001584423
0,001775011
0,00253602
0,001564847
0,00250812
0,00251175
0,002346632
0,001759783
0,002730921
0,00168176
0,001470381
0,003458612
0,001537959
0,001313324
0,002257283
0,003141551
0,001754903
0,001692574
0,001779113
0,002007482
0,002005797
0,001982316
0,002699814
0,001820043
0,001841086
0,002374297
0,001553281
0,00178341
0,001915066
0,001812684
0,001890011
0,001799571
0,001404744
0,002474521
0,002251264
0,001879164
0,002794555
0,002385703
0,001596374
0,002430744
0,00326134
0,002911126
0,00209483
0,001879362
0,001462357
0,00186344
0,002930291
0,001787777
0,002554817
0,001859532
0,001660168
0,001518495
0,001830948
0,002836751
0,00188636
0,001810929
0,001651696
0,001866909
0,002077821
0,002575451
0,001948891
0,001942902
0,001780876
0,001575081
0,001690617
0,002008785
0,001959286
0,002398632
0,00299752
0,002503579
0,001771236
0,002797917
0,003628841
0,003982111
0,001329073
0,001427204
0,001440968
0,00258532
0,002452265
0,002117762
0,002521031
0,002505056
0,002449184
0,002158975
0,00367224
0,002812395
0,00375879
0,003422121
0,003747852
0,003814894
0,003930923
0,003899389
0,004100548
0,00391908
0,003926742
0,003930094
0,003915233
0,003865168
0,005596822
0,00129522
0,001578582
0,002576848
0,001612116
0,001727322
0,001767685
0,001935718
0,001748564
0,002019081
0,00182027
0,002807905
0,003175058
0,002382913
0,002135933
0,001983621
0,001925185
0,002372305
0,002567145
0,002753272
0,002552504
0,002180709
0,00289308
0,002167239
0,00306998
0,003245581
0,002704531
0,002695104
0,002644414
0,002834459
0,002865963
0,002877492
0,00312124
0,002422791
0,002227926
0,002319116
0,002622758
0,002763041
0,002040341
0,001382824
0,002046819
0,002034823
0,001565899
0,001472824
0,002617973
0,002016443
0,001484121
0,001857815
0,001768722
0,002563354
0,002578155
0,002433002
0,001882035
0,002283932
0,002245635
0,001423212
0,001954655
0,001769039
0,002859695
0,001719429
0,001950808
0,002401306
0,002960712
0,002428208
0,001458233
0,002024276
0,001586823
0,001857328
0,002102156
0,001847785
0,00219982
0,001580396
0,002443028
0,002634516
0,004877809
0,001917838
0,001688462
0,001424917
0,002242618
0,002015818
0,001497355
0,002625381
0,001831005
0,002459079
0,001835258
0,001791301
0,001608944
0,002767438
0,002578616
0,0021751
0,003468748
0,002548387
0,001547706
0,001379897
0,001941214
0,002582626
0,001841828
0,001924577
0,002018273
0,002305652
0,002403338
0,002440602
0,002152265
0,001587339
0,002592768
0,002548873
0,001785394
0,002670849
0,001942209
0,002936714
0,002854034
0,003350471
0,003624394
0,003831575
0,004033801
0,003644539
0,004182197
0,002491325
0,001832242
0,001438166
0,001759875
0,001856864
0,002017857
0,004003402
0,002562638
0,001203283
0,002153441
0,001509238
0,002108979
0,001606428
0,001969264
0,002032908
0,002670299
0,001960994
0,001854464
0,002033056
0,002421728
0,00180263
0,001852879
0,00151568
0,001797692
0,001778673
0,001938175
0,00174833
0,002273583
0,002338323
0,001665479
0,002017494
0,002302984
0,002042915
0,001600225
0,002072981
0,002550564
0,002064262
0,00236565
0,001709951
0,002961902
0,002327159
0,002200624
0,003192177
0,003211584
0,002393334
0,002519703
0,002393306
0,004854202
0,001709937
0,001643775
0,001893093
0,001899771
0,002509537
0,001938038
0,00391818
0,003515947
0,001601292
0,001513273
0,001716288
0,001648475
0,001942446
0,001946155
0,002555094
0,002093881
0,002024611
0,002466409
0,001675241
0,002208378
0,002413487
0,001924748
0,001504474
0,002061407
0,002011556
0,001905206
0,002300242
0,00262119
0,00302274
0,002676265
0,003196005
0,003390234
0,002948298
0,003527924
0,003454361
0,003611013
0,00353197
0,00353244
0,003443686
0,003417755
0,00339761
0,003426992
0,00354983
0,003049077
0,002078299
0,001328862
0,002019013
0,002358886
0,002710355
0,002216893
0,001870696
0,002388197
0,001978023
0,00227681
0,002135107
0,001752617
0,002734347
0,002487103
0,002544572
0,002145883
0,001762392
0,002952495
0,002728064
0,002465315
0,002148958
0,001770437
0,002128675
0,001807022
0,001949586
0,001681045
0,002619984
0,002013668
0,001279127
0,002181861
0,0018144
0,002005344
0,002185897
0,002063368
0,001934031
0,00183438
0,0018248
0,001827087
0,001993946
0,001784065
0,001723743
0,003254893
0,00192508
0,001509023
0,00169287
0,002714831
0,001638268
0,002200815
0,001902643
0,002489392
0,002167297
0,001880959
0,001660072
0,001619905
0,002827165
0,001877107
0,001466476
0,001691473
0,002436823
0,001875931
0,004066559
0,001982675
0,001850182
0,001446418
0,003003798
0,003306853
0,002705432
0,001973146
0,002357875
0,002226129
0,003735592
0,002967531
0,001663284
0,001641001
0,001514382
0,001796321
0,002423253
0,001929931
0,00194029
0,001807788
0,00204781
0,001819745
0,002210456
0,002414155
0,002730749
0,001785276
0,002697153
0,001939115
0,002064477
0,001913416
0,002579306
0,001837632
0,001754055
0,001969161
0,002048856
0,002668494
0,001937928
0,002172002
0,002646093
0,002803408
0,00208895
0,00143415
0,002678681
0,002241751
0,001477059
0,002228072
0,001352984
0,001864184
0,00224955
0,00159477
0,001795212
0,0026115
0,002424788
0,001672413
0,002740643
0,002143343
0,00179652
0,003134556
0,002422682
0,001283858
0,002331578
0,001423654
0,002570658
0,001430402
0,002353768
0,002905104
0,001863992
0,002797118
0,002208601
0,00206852
0,002156081
0,001948335
0,00255356
0,001613524
0,002547944
0,00148322
0,002375336
0,001691154
0,001747589
0,002460127
0,001877462
0,002375467
0,002414652
0,002193811
0,001642224
0,001442613
0,001961962
0,002325429
0,004165292
0,004345596
0,00177205
0,00184721
0,001988685
0,001763968
0,003511013
0,002686688
0,001750302
0,00158845
0,002491289
0,001627513
0,002011596
0,001755242
0,001830972
0,002181954
0,002181052
0,002151695
0,00396194
0,003564406
0,003168549
0,002408091
0,001808385
0,00278021
0,002491099
0,001879014
0,002215174
0,00218994
0,001524008
0,001944413
0,002404601
0,002217162
0,002002364
0,002837122
0,001794233
0,001650338
0,001992799
0,001595437
0,001920721
0,001928783
0,002380921
0,002666999
0,002096421
0,002158549
0,002163802
0,001653823
0,002899231
0,001770662
0,001724578
0,002341928
0,001500024
0,002531371
0,001656643
0,001797182
0,001923525
0,001848556
0,002089097
0,002604401
0,002456103
0,00187687
0,001711346
0,003360614
0,002064645
0,001356085
0,001649543
0,001649086
0,002250845
0,001399184
0,002256622
0,001845199
0,002710805
0,002232722
0,001830364
0,00219924
0,001774177
0,001421147
0,001719523
0,001805708
0,001648311
0,001830661
0,00183072
0,001713012
0,001752088
0,003988018
0,002482339
0,001694978
0,001451359
0,001957936
0,002107011
0,004386477
0,00476559
0,003202566
0,001495621
0,001700507
0,002061051
0,00229913
0,002029293
0,002071357
0,002041226
0,001760773
0,002529569
0,001749632
0,002488665
0,002138685
0,001526911
0,002006886
0,001871646
0,001837637
0,001478484
0,001805492
0,002496893
0,001943227
0,001450529
0,001862027
0,00180903
0,002163457
0,002498401
0,001722437
0,002755827
0,001633947
0,002114579
0,001728426
0,001874419
0,001877463
0,002361458
0,002465427
0,002611518
0,00193419
0,001814331
0,002566999
0,002225282
0,001651636
0,001513772
0,002551249
0,002183403
0,001866999
0,001801705
0,001809579
0,002006076
0,002223883
0,002782036
0,001584943
0,001995845
0,002108321
0,001371239
0,002392255
0,002626168
0,001975576
0,001791045
0,002015531
0,002697626
0,002117763
0,003163375
0,002516485
0,003982615
0,002979805
0,003451201
0,00345161
0,003550184
0,003526437
0,003529491
0,003589805
0,003502388
0,003511542
0,003570219
0,003575176
0,003593343
0,002636855
0,001603492
0,002011001
0,0015351
0,00173163
0,002909396
0,002512893
0,002026185
0,002433426
0,002563039
0,002240453
0,001899774
0,002492568
0,001774078
0,001874055
0,001803085
0,001919119
0,002149443
0,00186762
0,002534748
0,002122674
0,001835102
0,002303766
0,004286854
0,00147428
0,001309822
0,001640431
0,002238683
0,002244393
0,001827698
0,001627487
0,003262488
0,002204986
0,00203681
0,001850879
0,002111071
0,00271989
0,003078435
0,002890521
0,002323846
0,002743745
0,003930299
0,002741875
0,001467663
0,001399441
0,004106169
0,001577451
0,001642298
0,002170657
0,001962446
0,001954182
0,001985986
0,001474991
0,002314955
0,002947119
0,002593542
0,002881546
0,00300366
0,003237346
0,003240398
0,002636573
0,001537085
0,002104796
0,001664821
0,002012977
0,001539074
0,002638068
0,00203013
0,002461661
0,001992913
0,002622963
0,002537047
0,002393315
0,002313263
0,002551928
0,002282518
0,002789577
0,001890718
0,001676247
0,001994866
0,002492384
0,001881452
0,001773442
0,002627222
0,001931563
0,002652816
0,001753563
0,002097837
0,002018948
0,002733717
0,002823987
0,002399917
0,002349699
0,00212515
0,002026387
0,002074001
0,001993687
0,002133059
0,003638197
0,001540271
0,001826949
0,001670843
0,00171926
0,001868154
0,001902914
0,002168022
0,001526146
0,001830866
0,002091318
0,002297594
0,001715878
0,001779672
0,00203299
0,002146107
0,002149701
0,002012951
0,003229844
0,00345247
0,003490138
0,0031242
0,003372654
0,003335572
0,00353053
0,003456876
0,003410622
0,003834393
0,002447338
0,001236189
0,001637633
0,002189045
0,00255789
0,001802888
0,001764848
0,001938916
0,001943677
0,003921938
0,001845859
0,001458943
0,002328179
0,00182173
0,002499532
0,001964863
0,001654188
0,002459681
0,002414492
0,001817499
0,002315657
0,002207168
0,002401181
0,003025314
0,002686166
0,001435854
0,001571059
0,00209069
0,001776336
0,001839567
0,00181909
0,001912315
0,001515957
0,001754622
0,00173711
0,001847375
0,001831316
0,001873356
0,002635774
0,001979344
0,00205868
0,002216894
0,002739919
0,003100763
0,003915485
0,003925728
0,003712767
0,003959692
0,004246783
0,004087797
0,004327563
0,002731686
0,001705549
0,002728034
0,002661593
0,002106481
0,002072357
0,001628945
0,001816288
0,001797629
0,001671847
0,00158556
0,001828117
0,001882683
0,002574339
0,00225659
0,001956115
0,00218597
0,00322333
0,002464456
0,00380098
0,003306971
0,00492084
0,004103089
0,001743859
0,001525415
0,002456216
0,002297831
0,002285633
0,001950073
0,002050554
0,001441008
0,001759637
0,001578182
0,00250875
0,001833396
0,002079463
0,002617375
0,002548668
0,002115413
0,001963748
0,0018648
0,002450064
0,00207956
0,001454444
0,002011622
0,001744677
0,002277335
0,002218119
0,001876367
0,001829328
0,001628724
0,002146617
0,002597731
0,002512697
0,002508775
0,002505905
0,001411375
0,001854244
0,002791989
0,001588202
0,001819133
0,001947253
0,00151294
0,002146758
0,001841352
0,00222722
0,002368976
0,00260765
0,002360871
0,002170742
0,003832296
0,002966777
0,001820944
0,001638665
0,002801128
0,001971374
0,001806099
0,001769434
0,001998205
0,00199764
0,001870902
0,001749732
0,002607209
0,001778669
0,002361354
0,002019066
0,002170733
0,003351714
0,001727431
0,004567924
0,001859696
0,002513921
0,001997233
0,001568564
0,001862326
0,002564678
0,001903525
0,002651167
0,002097815
0,002111462
0,001843778
0,001623284
0,002734195
0,002387099
0,001966732
0,001841853
0,001790835
0,001477647
0,002069607
0,002003768
0,001989684
0,002321788
0,003031467
0,002128723
0,003563538
0,002299379
0,001708904
0,002289417
0,002235723
0,002494255
0,001814705
0,001841178
0,002147552
0,001791183
0,002184742
0,002083878
0,001928889
0,002498335
0,00224263
0,001494461
0,001845655
0,001934158
0,002224178
0,002589814
0,002340326
0,0038102
0,002502274
0,001251376
0,001965605
0,001552296
0,002129719
0,002348308
0,001502353
0,003526232
0,004180605
0,001378689
0,001829153
0,002012605
0,001753201
0,002579741
0,002636158
0,001954816
0,001535123
0,004033189
0,001909533
0,001493875
0,001751426
0,002440411
0,001801089
0,00205655
0,002001527
0,001546307
0,002171337
0,00223475
0,001660627
0,00252652
0,00228386
0,002070613
0,001818659
0,001867348
0,002107544
0,001666427
0,001701597
0,001679237
0,002223228
0,002344926
0,0021385
0,002006351
0,00154582
0,00180557
0,002195986
0,001368071
0,002241256
0,002461146
0,001924502
0,002043057
0,001900676
0,001752925
0,001841412
0,002220971
0,00142884
0,002309819
0,001609496
0,00235179
0,002419274
0,002235336
0,002467207
0,002284574
0,001581726
0,001733599
0,002386581
0,002011962
0,001513902
0,001488837
0,001482429
0,002129686
0,0027184
0,001659244
0,002265488
0,002259171
0,002789504
0,001728002
0,002852806
0,011730386
0,011339256
0,002058388
0,001730637
0,003006284
0,001965717
0,002688236
0,001919572
0,002042914
0,002751908
0,002169658
0,002165434
0,002341251
0,002446727
0,002307172
0,001770711
0,002555513
0,003296537
0,003043158
0,003830589
0,004626489
0,003165651
0,001757184
0,00214235
0,001864712
0,001848093
0,001686247
0,001701167
0,001911646
0,002089176
0,002137562
0,002382958
0,002814423
0,002810778
0,002885496
0,003253653
0,003222956
0,001913205
0,001148546
0,00138845
0,001912617
0,001598863
0,002562669
0,002164483
0,001797622
0,002377924
0,002459643
0,002016179
0,002157413
0,002253289
0,002170082
0,002331332
0,002329901
0,002296231
0,00168306
0,001207131
0,001859672
0,001937773
0,001630315
0,002156906
0,001914477
0,001494328
0,001395359
0,001697809
0,001514356
0,001647243
0,001479683
0,002003477
0,002576138
0,002513827
0,002503068
0,001814476
0,001176578
0,00139904
0,001888403
0,001304081
0,001474617
0,001623631
0,001821932
0,001360964
0,00143328
0,001742193
0,001614039
0,00173568
0,001799705
0,001471329
0,001525591
0,001676201
0,001309871
0,001321567
0,002115416
0,001351413
0,001808933
0,001841075
0,00180358
0,001816756
0,001581747
0,001568164
0,001424037
0,001826269
0,001376277
0,001265826
0,001425276
0,001698782
0,001648193
0,001716718
0,001894648
0,002400927
0,002913399
0,003138715
0,003586721
0,004108778
0,004133764
0,00422149
0,004181881
0,004095641
0,004115255
0,004111389
0,004162087
0,004155133
0,005185756
0,001362638
0,002016444
0,001920174
0,001815074
0,002280263
0,001321686
0,001801638
0,001625084
0,001681627
0,001614078
0,001923966
0,001418589
0,001455062
0,001612707
0,001524099
0,001496689
0,001974877
0,001735543
0,002316101
0,002441233
0,002413606
0,002590436
0,002537914
0,002583117
0,002588555
0,002547128
0,001646891
0,001344791
0,00141035
0,001275535
0,001385687
0,001764123
0,001549781
0,001786772
0,001659955
0,00163494
0,001490944
0,001609729
0,001533933
0,001434419
0,001567933
0,001362548
0,00173027
0,001854268
0,001482023
0,001413737
0,001490977
0,001347149
0,001751546
0,001927346
0,001482141
0,001682055
0,001855085
0,001745844
0,001730068
0,001492887
0,002066715
0,001759099
0,001735059
0,002093334
0,001917165
0,001833925
0,002230726
0,002018936
0,00187181
0,002257068
0,002054902
0,001919887
0,001744524
0,001430597
0,001789218
0,001351595
0,001885637
0,001756978
0,001429955
0,001721886
0,002222776
0,004074647
0,004135106
0,003646008
0,001346419
0,001769657
0,001944333
0,00243655
0,00235123
0,002492875
0,001627697
0,00121464
0,001339388
0,001883719
0,001385283
0,001930687
0,00161375
0,001508412
0,001301527
0,001739433
0,001617555
0,001795805
0,001540033
0,001478524
0,001462133
0,001401523
0,001733904
0,001675596
0,001536462
0,00141579
0,001507997
0,001600948
0,001743344
0,001371214
0,001697774
0,001443623
0,001471938
0,001720099
0,002808455
0,001701575
0,00122325
0,001419271
0,00157123
0,00175398
0,00146013
0,001426818
0,001569959
0,001398038
0,001499175
0,001479734
0,001760835
0,001460491
0,0016136
0,001878426
0,001262819
0,001323219
0,001429171
0,001638668
0,001586522
0,001465752
0,00159196
0,001666356
0,00166656
0,001507852
0,001679063
0,001807053
0,001788578
0,001815861
0,001874911
0,001756128
0,001779492
0,001669832
0,001633531
0,001345273
0,001521053
0,001419924
0,001239634
0,001703555
0,001523926
0,001592087
0,001475235
0,001775869
0,001629659
0,001702882
0,002278771
0,001271586
0,001128323
0,001555173
0,001315487
0,003089358
0,001165176
0,001473902
0,001316764
0,001545721
0,001843953
0,001447827
0,001485655
0,001686736
0,001541462
0,001776667
0,001566621
0,001444513
0,001789801
0,001464206
0,001501043
0,001524126
0,001660112
0,001806426
0,001567791
0,001765171
0,001677396
0,001643975
0,001646252
0,001503044
0,001645854
0,001589748
0,001309617
0,00155897
0,00155776
0,001488394
0,001437579
0,0013664
0,001205523
0,001691048
0,001480343
0,001568278
0,001487146
0,001627408
0,001600141
0,001488158
0,001336028
0,001629516
0,001766874
0,001863236
0,001617746
0,001350325
0,001384332
0,001504024
0,001233658
0,001700392
0,001231697
0,001544124
0,001366787
0,001731647
0,001511326
0,001187096
0,001639824
0,001326797
0,001189546
0,001264514
0,001178906
0,00137849
0,001188605
0,001543635
0,001757613
0,001923697
0,002034504
0,002105752
0,002150855
0,00209484
0,001159257
0,001079698
0,001355999
0,001223022
0,001236035
0,001141433
0,001307726
0,001142305
0,001457139
0,001267432
0,00126393
0,001166833
0,001230157
0,001104923
0,001235482
0,001265155
0,00124674
0,001248005
0,00291923
0,002900317
0,001130543
0,001144837
0,001083436
0,001099059
0,001086339
0,001463238
0,001180279
0,001286051
0,001280353
0,001246869
0,001143596
0,001279838
0,001090277
0,001176543
0,001149522
0,001144939
0,001143158
0,001279639
0,0011835
0,001155378
0,001163321
0,00109233
0,001396754
0,001496635
0,001456058
0,001444934
0,001441259
0,001395753
0,001683019
0,001483785
0,00132039
0,001099151
0,001202287
0,001292257
0,001441135
0,001394712
0,001293879
0,001146118
0,001172184
0,001242209
0,001140725
0,001319432
0,001383024
0,001386819
0,001170206
0,001145724
0,00113925
0,001357521
0,001413284
0,001248325
0,00139809
0,001440042
0,001461944
0,001383759
0,001399563
0,001440625
0,001429605
0,001325681
0,001386181
0,001435445
0,001419257
0,001116264
0,001437434
0,001477002
0,001205856
0,001102541
0,001414294
0,00132547
0,001113456
0,001114726
0,001132691
0,00109735
0,001072624
0,001233221
0,00276877
0,001099101
0,001160136
0,001196208
0,001336232
0,001190804
0,001303046
0,00111626
0,001316827
0,001596924
0,001366115
0,001359224
0,001468095
0,001434116
0,00131153
0,001246634
0,00126403
0,001312174
0,001475058
0,001354524
0,001603181
0,001520299
0,001384494
0,001293239
0,001207255
0,001196401
0,001110735
0,00111908
0,001168657
0,001148497
0,001118126
0,001117696
0,001064006
0,001123364
0,00106841
0,001046081
0,001101532
0,001164208
0,001151761
0,00110092
0,0010881
0,001242075
0,001159537
0,001311889
0,001266389
0,001346943
0,001300073
0,001370512
0,001258997
0,001352774
0,001545017
0,001337533
0,00143441
0,001336987
0,001579454
0,001842588
0,00146695
0,001411754
0,001386875
0,001395423
0,00141881
0,001348544
0,001419856
0,001357154
0,001438765
0,001306287
0,001205227
0,00114863
0,001162675
0,001183774
0,001245753
0,001173364
0,001203829
0,001091678
0,001063612
0,001152514
0,001098938
0,001076391
0,001103935
0,00111635
0,001135734
0,001131889
0,001223965
0,00117396
0,001336241
0,001459124
0,001480221
0,001390659
0,001489321
0,001440854
0,001504678
0,001468812
0,001416724
0,00148819
0,001342052
0,00145396
0,001431425
0,001204036
0,00111556
0,001205246
0,001108843
0,001152701
0,001100308
0,001065866
0,001241644
0,001321944
0,00118747
0,001142226
0,001164219
0,001202935
0,001321912
0,001280173
0,001137337
0,001208309
0,001243504
0,001157409
0,001143093
0,001088456
0,001139729
0,001191702
0,001191953
0,00212498
0,001198844
0,001182408
0,001064642
0,00107399
0,001182081
0,001333094
0,001140002
0,001128657
0,001141071
0,001169903
0,001140303
0,001143638
0,001111932
0,001138504
0,001208137
0,001137393
0,001136208
0,001068596
0,001157948
0,001238222
0,001093312
0,001181806
0,001118801
0,001366148
0,001150054
0,00114128
0,001152133
0,001156636
0,001086885
0,001208069
0,001194836
0,001154925
0,001145459
0,001113612
0,001155641
0,001205168
0,002980631
0,001420581
0,00161887
0,001350871
0,001313439
0,001444678
0,001471049
0,001337629
0,001363363
0,001332557
0,001047658
0,001092285
0,001083718
0,001189632
0,001237675
0,00110557
0,001201437
0,001160236
0,001163541
0,001094739
0,001097317
0,001085039
0,00112029
0,00118259
0,001210687
0,001109673
0,001151655
0,001153758
0,001196558
0,001253592
0,001031604
0,00105813
0,001107518
0,001166757
0,001258108
0,001500288
0,001557489
0,001395352
0,001447445
0,001545969
0,001490488
0,001470121
0,001544805
0,001541808
0,001493305
0,00153255
0,001090455
0,001036526
0,001155612
0,00118915
0,001194701
0,001338361
0,001074664
0,001199785
0,001113505
0,001102337
0,001145518
0,001325185
0,001260755
0,001240013
0,001117035
0,001218169
0,001069599
0,00124721
0,001156409
0,001108803
0,00133268
0,00109906
0,001326139
0,00115151
0,001289912
0,001224914
0,001105682
0,001207731
0,001261431
0,001211841
0,001277002
0,001272633
0,001259171
0,001144493
0,001206933
0,001180803
0,001208768
0,001214362
0,001116265
0,003021523
0,001172018
0,001201506
0,001124985
0,001093507
0,001071519
0,001134409
0,001070219
0,001091533
0,001084652
0,001171201
0,00113905
0,001085795
0,001161445
0,00108446
0,00117172
0,001253082
0,001429023
0,001190164
0,001116284
0,001197383
0,001066536
0,001058991
0,001069363
0,001097697
0,001176967
0,001063369
0,001099547
0,001098477
0,001187881
0,001074753
0,00119194
0,001088964
0,001099496
0,00123639
0,001107881
0,001122479
0,001122146
0,001289672
0,001051985
0,001183848
0,001187441
0,001071157
0,001118971
0,001087021
0,00115115
0,001145675
0,001152503
0,001118241
0,001221651
0,001122689
0,001207935
0,001114685
0,001202093
0,001172225
0,00126779
0,001178037
0,001162249
0,001473802
0,001134689
0,001182931
0,001145104
0,001114939
0,001150957
0,001175865
0,001387998
0,00117809
0,001076309
0,001173151
0,001179414
0,001152653
0,001107413
0,001097212
0,001139564
0,002821678
0,001293904
0,001275508
0,001226004
0,001104511
0,001134857
0,001219543
0,001136221
0,001284734
0,001113056
0,00120323
0,001100023
0,001199024
0,001254346
0,001254013
0,001256112
0,001036069
0,001178377
0,001147332
0,001193267
0,001033596
0,001107624
0,001051162
0,001107439
0,001082676
0,00115011
0,00107524
0,001262651
0,0010437
0,001202583
0,001209473
0,001106389
0,001086335
0,001096859
0,001145485
0,001110707
0,00125542
0,001152594
0,001181223
0,001271875
0,001168789
0,001291462
0,001184866
0,001146459
0,001088567
0,001164958
0,001228892
0,001508314
0,001309839
0,00124765
0,001348805
0,00119693
0,001458129
0,001410188
0,001394298
0,001057285
0,001115233
0,001246301
0,001093005
0,00110692
0,001057984
0,001196753
0,00122684
0,001144007
0,001207988
0,001112247
0,001218416
0,001199375
0,002996771
0,00107988
0,001103868
0,001103611
0,001144908
0,001206455
0,001100772
0,001164169
0,001107873
0,001116566
0,001217908
0,00118343
0,001110825
0,001083666
0,001106723
0,001067213
0,001162622
0,001115793
0,001268083
0,00118341
0,001109758
0,00116745
0,001098342
0,001218365
0,001330512
0,001308385
0,001210962
0,001098486
0,001145151
0,001107576
0,001196749
0,001258998
0,00104898
0,001040815
0,00104077
0,001125542
0,001187559
0,001120334
0,001072546
0,001215022
0,001278786
0,001105931
0,001222505
0,001072194
0,001101729
0,00110681
0,001039061
0,001060641
0,001155342
0,001058784
0,001085608
0,00114413
0,001028863
0,001085232
0,001068849
0,00128672
0,001100963
0,001146805
0,001087694
0,001112175
0,001092364
0,001062009
0,001070041
0,001084717
0,001073345
0,001109146
0,001213585
0,001097273
0,001078959
0,00269694
0,001132343
0,001145583
0,001086009
0,001133951
0,001118805
0,001123029
