0,001379372
0,001404553
0,001155587
0,001197482
0,001416403
0,001201763
0,001127855
0,001626822
0,001151117
0,001235504
0,001227423
0,001216617
0,043361985
0,001249878
0,001261789
0,001227584
0,001273437
0,001202979
0,001200485
0,001168689
0,001226121
0,001205896
0,00158369
0,001409144
8,42372E-4
0,001347956
0,001306066
0,001315946
0,001215125
0,001371847
0,001276735
0,001278088
0,001271518
0,001395492
0,001344491
0,001185527
0,00110722
0,001231559
0,001063701
0,002977775
0,001155586
0,001200161
0,001558974
0,001361942
0,001485287
0,003569153
0,001772937
0,001418954
0,001307177
0,001467679
0,001424524
0,001402544
0,001446904
0,001433522
0,001486469
0,001480815
0,00194583
0,001458613
0,001531334
0,001840926
0,001445489
0,001736165
0,002044845
0,002001699
0,001626706
0,001885509
0,045484913
0,002139718
0,002207989
0,001856892
0,002737318
0,00187685
0,001516738
0,002457425
0,001391299
0,001527111
0,001803436
0,003088595
0,004040354
0,005615482
0,003654194
0,00139378
0,001597594
0,001652608
0,001549285
0,001701234
0,002179388
0,001747351
0,001717118
0,002011085
0,002334934
0,001562753
0,002511827
0,001774276
0,001523344
0,001795886
0,001951339
0,002038549
0,003748149
0,001903899
0,001131795
0,001538804
0,002171554
0,001904854
0,002055142
0,002134027
0,001927596
0,001624142
0,001826305
0,001427049
0,001752155
0,002414029
0,001840364
0,002832925
0,001853346
0,001473272
0,002654492
0,002867629
0,002191888
0,003191282
0,002235338
0,001265279
0,001567202
0,002981372
0,002134896
0,001672522
0,003594166
0,002109126
0,001339784
0,001785152
0,002740626
0,001717043
0,001761448
0,004053804
0,001482949
0,001489279
0,001484382
0,001533206
0,002727758
0,002241182
0,001815676
0,002219728
0,002415751
0,002300847
0,001588179
0,002153404
0,001697837
0,001896832
0,001488184
0,002235396
0,00240254
0,001750353
0,002005173
0,001537313
0,001587271
0,001903448
0,001917997
0,001993675
0,001774637
0,004178439
0,002695316
0,001299701
0,001675067
0,00294061
0,003305992
0,002281905
0,001795519
0,001717712
0,00190559
0,001439949
0,002332997
0,001933965
0,001869703
0,001782943
0,002890685
0,002886557
0,002303959
0,002599643
0,00243311
0,002700042
0,002500848
0,002486066
0,003041279
0,00270677
0,002824026
0,001829456
0,001742179
0,001782258
0,001935749
0,002041595
0,002655409
0,002207232
0,001615427
0,002490213
0,002266914
0,001737003
0,002020459
0,003858104
0,001423223
0,00173308
0,001529484
0,002070027
0,001839039
0,002399742
0,002179885
0,001920981
0,002236746
0,002592561
0,001927766
0,004668654
0,002443435
0,001629727
0,00244935
0,002346446
0,001889199
0,001869641
0,002253078
0,001747743
0,001942133
0,002251465
0,002685808
0,00205527
0,001580527
0,001540762
0,001556203
0,002790632
0,00337015
0,002729045
0,00216899
0,002269023
0,001495231
0,002529934
0,00237481
0,00220164
0,003616092
0,002464027
0,001385039
0,001598031
0,002221273
0,00164044
0,002409317
0,001869666
0,002880087
0,001532951
0,003158421
0,001553846
0,002006391
0,001644585
0,001841329
0,001495812
0,002036029
0,001806714
0,00181205
0,002411691
0,002073948
0,001709914
0,002441264
0,001859035
0,002060043
0,00168743
0,002383498
0,002275945
0,001725394
0,00186439
0,002604423
0,002323809
0,001526361
0,001659857
0,001694616
0,002365075
0,001920007
0,001765706
0,001836153
0,001691773
0,001805123
0,001894786
0,002527051
0,001648001
0,002645121
0,003237545
0,002410846
0,001657628
0,002451411
0,002689669
0,00170483
0,002105411
0,002004843
0,001873369
0,002595667
0,001983923
0,001417815
0,001765869
0,002330565
0,001695772
0,002471183
0,00159315
0,001696643
0,001603278
0,001836619
0,002321138
0,002176896
0,001870182
0,001684062
0,00233904
0,001819769
0,001641403
0,001568312
0,002178585
0,001635882
0,001386262
0,002157299
0,002815233
0,002602162
0,002556081
0,003072559
0,003250394
0,003138044
0,003165222
0,003610187
0,003659867
0,003722996
0,003590124
0,002620839
0,001496927
0,001654623
0,001507668
0,001832496
0,001825403
0,0022915
0,002218733
0,001555905
0,002103776
0,003103156
0,001923136
0,00201181
0,001452524
0,002038225
0,002538303
0,001488546
0,002586453
0,001483177
0,001544282
0,002364549
0,002028657
0,001652164
0,002060287
0,001831383
0,001628898
0,001340765
0,001752186
0,001830748
0,001749541
0,00182232
0,001756284
0,001837861
0,001831536
0,001442439
0,001824737
0,001470027
0,001990046
0,001987078
0,002733384
0,00242138
0,001481017
0,001811599
0,002196906
0,002211685
0,002132263
0,002329044
0,002187437
0,002140922
0,002463981
0,002358347
0,002729475
0,002052723
0,002671129
0,002370676
0,002839903
0,002557696
0,00201439
0,002760496
0,001873045
0,002941515
0,002969662
0,002534573
0,002381474
0,001869292
0,002398824
0,001614312
0,001434263
0,001776404
0,00406409
0,001778741
0,001603847
0,002069848
0,002335291
0,002589579
0,002456556
0,003063695
0,00268248
0,002779419
0,002859892
0,003115205
0,002734429
0,003173711
0,002902364
0,003105119
0,002265256
0,001595698
0,002962216
0,003095921
0,00210124
0,002816052
0,002339202
0,002613386
0,002827394
0,002175786
0,003018723
0,00219815
0,002587373
0,002194742
0,002196358
0,002170278
0,002142929
0,002134509
0,002315376
0,002764875
0,001780229
0,002566151
0,002057791
0,002206042
0,001915433
0,003059051
0,00222048
0,002528174
0,00254971
0,00173983
0,001842588
0,002419833
0,002290229
0,001565496
0,002254112
0,001882031
0,002451653
0,001621951
0,001621844
0,001799192
0,002204861
0,002814988
0,002339327
0,002128513
0,001729701
0,002724029
0,001513097
0,001672878
0,00228637
0,002471384
0,002212604
0,002473535
0,003241147
0,003262087
0,002509055
0,002739585
0,003198958
0,003368682
0,003410183
0,003386866
0,003545975
0,003581131
0,003585584
0,003559973
0,003487367
0,003585964
0,003550278
0,003528331
0,002653667
0,001459355
0,001782117
0,002890295
0,002274259
0,001648139
0,003312272
0,001592858
0,001511377
0,00140453
0,002041243
0,002099092
0,002209253
0,002650319
0,003907204
0,003157662
0,003942953
0,004270612
0,003680724
0,004812787
0,003243686
0,001444568
0,001571488
0,001901922
0,002639706
0,001710533
0,001803163
0,001764369
0,001791673
0,001778231
0,002057055
0,002801692
0,002250921
0,002653411
0,003065791
0,004097684
0,003751251
0,003887694
0,004993002
0,004620003
0,005088742
0,005452022
0,005617631
0,005612234
0,00565158
0,005640862
0,005622976
0,005597585
0,005627638
0,00565246
0,003527148
0,001909082
0,001251687
0,002043692
0,00159136
0,00168707
0,001573167
0,002563772
0,002400703
0,001648255
0,002373294
0,00177632
0,002144965
0,002185784
0,001434621
0,001936054
0,00235164
0,002207484
0,002006248
0,002215738
0,001966935
0,001650519
0,002252242
0,002387093
0,001949935
0,002385658
0,001787384
0,00241242
0,001666997
0,003218944
0,00231214
0,00114329
0,002387328
0,001393101
0,0014691
0,001718449
0,001975628
0,002114743
0,00214925
0,001949006
0,002639634
0,003132321
0,002150322
0,001667092
0,002030265
0,001982891
0,001972663
0,002256351
0,002244513
0,001563323
0,003794202
0,004825369
0,001623306
0,001398182
0,001847947
0,002085638
0,002159533
0,001784951
0,001869149
0,0015645
0,001719695
0,001990556
0,002471504
0,00270158
0,002522237
0,001995835
0,001920898
0,001746869
0,002412632
0,001876113
0,001803175
0,002387179
0,002248927
0,001736377
0,001990874
0,001918044
0,001601894
0,002440094
0,002203868
0,00330751
0,002061855
0,001719912
0,002778459
0,001760475
0,003206799
0,002022456
0,001410752
0,001985698
0,002200064
0,001838446
0,002752336
0,001580184
0,001712305
0,001796916
0,001367791
0,00226537
0,001831378
0,002696023
0,002288965
0,001852047
0,001763017
0,002612322
0,001515738
0,001798504
0,001680553
0,002060001
0,001735898
0,001696822
0,0015652
0,001783747
0,00207664
0,00172567
0,002084583
0,002225577
0,002435898
0,002124463
0,002278704
0,001959776
0,001925297
0,001772095
0,001670682
0,001883897
0,002075103
0,002082465
0,003220414
0,003096544
0,003497689
0,003226554
0,003794031
0,003179218
0,002838842
0,003261589
0,004538946
0,003257918
0,003510008
0,002757716
0,002971017
0,002900841
0,003032083
0,003188111
0,002728011
0,004183576
0,001323891
0,001406092
0,001595043
0,002718413
0,002187044
0,001437928
0,001762235
0,002743005
0,001502071
0,00167733
0,002788761
0,002426424
0,002044483
0,002010305
0,001455343
0,001999306
0,001867176
0,002562991
0,001990956
0,002246501
0,001838804
0,001648766
0,001975892
0,002184386
0,001983417
0,001599778
0,001826044
0,001520054
0,00183205
0,001828877
0,002319765
0,001662597
0,001843754
0,002071665
0,001833787
0,001939021
0,001932033
0,003146154
0,001875098
0,001682513
0,001693329
0,001777984
0,001493788
0,002382321
0,002566374
0,00369932
0,002204975
0,00124091
0,001655216
0,002210586
0,002146363
0,003272669
0,002469165
0,001840758
0,001459047
0,00233767
0,00188544
0,001841396
0,00171742
0,002625618
0,002217813
0,001589344
0,002132247
0,002001085
0,001908682
0,001832378
0,001974874
0,001767598
0,001846765
0,001976011
0,001975269
0,002296939
0,001948487
0,001920193
0,002068365
0,003776416
0,001480947
0,001687298
0,001561641
0,001661803
0,001893557
0,002167704
0,002627744
0,001778701
0,002014314
0,002622087
0,002795937
0,003633146
0,00392887
0,003665103
0,005099234
0,00486925
0,004807725
0,004661304
0,002606442
0,001962425
0,001854435
0,002200197
0,002133157
0,002863183
0,00184741
0,002639196
0,001652641
0,002110296
0,001440622
0,00258083
0,00226422
0,002073459
0,001793514
0,001788374
0,001877135
0,002343577
0,002754252
0,001725014
0,001771611
0,002424838
0,001831655
0,002227609
0,002117449
0,002514636
0,00183855
0,002428883
0,002654239
0,001769698
0,00182145
0,001519387
0,001805263
0,002364265
0,001921243
0,002311737
0,001770248
0,001562993
0,002377443
0,002355874
0,001978789
0,002556768
0,001809864
0,002318949
0,001657924
0,002035154
0,002088744
0,003520705
0,001699011
0,001948066
0,002524438
0,00369816
0,003587691
0,002527625
0,001888345
0,002243744
0,001940598
0,002286637
0,002077232
0,003123787
0,002334792
0,002761271
0,002858145
0,002582046
0,002141607
0,002346515
0,002089783
0,002080714
0,008442567
0,001639634
0,001736003
0,001481526
0,00234056
0,002327743
0,002219817
0,001790721
0,001864723
0,001526944
0,002170834
0,001837524
0,002005288
0,001801673
0,002071207
0,001526654
0,002599805
0,001647175
0,001838463
0,002463093
0,001925667
0,001732746
0,002808814
0,001936875
0,002091521
0,001889697
0,002620777
0,001396667
0,003491833
0,002454408
0,001507772
0,0015287
0,001620889
0,002154606
0,002087054
0,001865334
0,002223076
0,002398015
0,002218206
0,003600945
0,003571933
0,002647529
0,003199334
0,003651639
0,003757098
0,003780713
0,003694788
0,003053687
0,001906058
0,001732128
0,002555966
0,00202428
0,001296666
0,002072986
0,002107861
0,002164389
0,002671648
0,002279713
0,002428279
0,002915573
0,002639
0,002178584
0,002153973
0,00237143
0,002761219
0,002547732
0,002042164
0,002776137
0,001741329
0,002370067
0,002015851
0,001970201
0,002119983
0,00184987
0,001751802
0,002519541
0,00225267
0,002148105
0,001885085
0,002036317
0,002497928
0,003516228
0,00299824
0,004025314
0,00388033
0,003975392
0,003943115
0,004111155
0,004120694
0,004251274
0,004056514
0,004200405
0,003953108
0,005379437
0,004757516
0,002097574
0,001842677
0,00213826
0,001981425
0,002362097
0,002085241
0,002530117
0,002436717
0,001655142
0,001694464
0,002403151
0,002268756
0,003112523
0,002714803
0,001399368
0,001587378
0,001804894
0,001690948
0,003137557
0,001958488
0,001575562
0,00176044
0,002562463
0,002259253
0,002405214
0,001585802
0,001857102
0,002566563
0,002191217
0,002419513
0,003243894
0,00252329
0,002114789
0,001784989
0,001325359
0,002400281
0,002261532
0,001692557
0,002387686
0,001797516
0,001594563
0,002407275
0,002009788
0,002059212
0,002113137
0,002944002
0,002472759
0,002405637
0,002396912
0,002324598
0,002512278
0,002482213
0,002913422
0,002230389
0,001467085
0,002161327
0,001791783
0,002443619
0,00223237
0,002534915
0,001421899
0,001820454
0,002000608
0,001995926
0,002630428
0,002564212
0,00219982
0,002075864
0,002658017
0,00272667
0,001921089
0,002340962
0,001671088
0,001997203
0,002154135
0,002177766
0,002462717
0,001724217
0,003733503
0,003292615
0,004058396
0,001435372
0,001908676
0,001762615
0,002124524
0,001980876
0,001525101
0,001715229
0,005620103
0,003871469
0,001555944
0,001525309
0,001484177
0,002130223
0,002345724
0,00178026
0,001835533
0,002540177
0,001587402
0,002343363
0,002625802
0,002448091
0,001880978
0,002063916
0,00273454
0,00219323
0,002402613
0,00275089
0,002337213
0,002661342
0,002352011
0,001979104
0,003455951
0,002053446
0,001729876
0,00190933
0,002118631
0,002563495
0,002583586
0,001408808
0,001467626
0,001571693
0,002176809
0,001878109
0,001392779
0,001496971
0,001578859
0,001675479
0,002163214
0,001874149
0,002016474
0,002000288
0,002157414
0,002436683
0,002639456
0,002396148
0,001814602
0,001853757
0,003263898
0,002482028
0,001811915
0,001794092
0,001995228
0,002161316
0,002164265
0,002145913
0,002211181
0,002193622
0,002272117
0,002260919
0,002098367
0,002722713
0,002759454
0,003680534
0,001544745
0,003358983
0,002641851
0,001229975
0,001544279
0,002866438
0,00271645
0,002114475
0,00207856
0,002280712
0,002382675
0,001651871
0,002884231
0,001702483
0,001773427
0,001825808
0,002880335
0,002342012
0,002206019
0,002552535
0,001826758
0,002348606
0,002147327
0,001809063
0,001940402
0,001812837
0,002558357
0,001940912
0,002297542
0,001825476
0,001518779
0,002937347
0,003281052
0,00258547
0,002112903
0,001377371
0,002598523
0,001791479
0,002265007
0,00170954
0,002585219
0,001487439
0,002752922
0,002866551
0,001330125
0,001521758
0,001974528
0,002078011
0,00198029
0,001571553
0,002335699
0,004075044
0,00137036
0,001476995
0,001627067
0,001542248
0,002423298
0,001656222
0,002368917
0,002351656
0,001786717
0,002555768
0,001677948
0,001742871
0,002703173
0,001892786
0,001230936
0,002434414
0,002368074
0,001589337
0,001865398
0,001774421
0,002420268
0,001869268
0,002650202
0,002280134
0,002776164
0,002381909
0,001778444
0,002347051
0,001571656
0,001827717
0,002215506
0,001508515
0,002593657
0,001652848
0,002521826
0,002525207
0,001741147
0,002442863
0,002766811
0,002751456
0,002056821
0,002394618
0,003530677
0,002707036
0,003706083
0,00352099
0,003668023
0,003621647
0,004145453
0,004053367
0,003797833
0,00367658
0,003654185
0,004174704
0,005617997
0,001271668
0,001830527
0,001494752
0,002440265
0,002339373
0,002117359
0,002133377
0,002288994
0,002020906
0,002478567
0,002268299
0,002700718
0,002444031
0,002578669
0,002449048
0,002799999
0,002726791
0,00259779
0,002886276
0,003200893
0,002641863
0,00181701
0,001401572
0,003786048
0,004423196
0,001636947
0,002114859
0,002060789
0,001251457
0,001672493
0,00191675
0,001918712
0,001777318
0,001576994
0,002167624
0,002362034
0,001609499
0,001754264
0,00166404
0,00222514
0,00177753
0,001776967
0,002416372
0,002676168
0,001628109
0,001887288
0,002562592
0,002365643
0,00185104
0,001672808
0,001617756
0,002389096
0,001618279
0,002472058
0,002378758
0,001712597
0,001878507
0,001436964
0,001784406
0,001877554
0,001818612
0,001948275
0,002205216
0,002438973
0,002049223
0,002081921
0,001526873
0,002151795
0,002107404
0,002726601
0,002676109
0,00354714
0,002981308
0,003449573
0,003572069
0,002712813
0,00153757
0,002213861
0,002027558
0,002016154
0,002018223
0,002493214
0,002730466
0,002524126
0,002836439
0,003191074
0,003559304
0,003369488
0,003469451
0,00344859
0,003468828
0,003493243
0,003494827
0,002728368
0,001999745
0,001737847
0,002538675
0,001380387
0,00204664
0,001487076
0,003034282
0,001890153
0,001369843
0,002026077
0,001873653
0,002235283
0,002269934
0,00169337
0,001748208
0,002451119
0,002412417
0,001897383
0,0015236
0,001908004
0,001627841
0,002584254
0,002154348
0,002391425
0,001640482
0,001595354
0,002334596
0,00183476
0,002628857
0,002331574
0,001854394
0,001878568
0,002595272
0,002035327
0,002309306
0,001655189
0,002232982
0,001425865
0,002498852
0,001942202
0,001703743
0,002266191
0,001766054
0,002291004
0,002027397
0,001445437
0,002546316
0,002257191
0,001613329
0,002501395
0,001754907
0,001888587
0,001866593
0,002591623
0,002466288
0,001485883
0,002402948
0,001755333
0,002276779
0,001760342
0,001766999
0,00168348
0,002992062
0,00160203
0,001852299
0,002584612
0,002926582
0,002008917
0,002291623
0,001658923
0,001768635
0,001879774
0,001930603
0,002349572
0,002750436
0,003617023
0,002302852
0,002208985
0,001673661
0,001600708
0,001899344
0,001984467
0,002257254
0,002394134
0,001732752
0,00183262
0,002072316
0,002314536
0,002452146
0,001977809
0,00187795
0,002087923
0,002283943
0,001755557
0,00196217
0,002462378
0,002636773
0,002062455
0,001946355
0,002636961
0,001893139
0,001302135
0,002009252
0,002799145
0,001920964
0,001519538
0,002672062
0,001997212
0,002254745
0,00218545
0,001775518
0,001708175
0,00273735
0,001799941
0,003033506
0,001845112
0,001484383
0,001958825
0,00164343
0,001620712
0,001805045
0,001657862
0,002301635
0,002171687
0,00195681
0,002401791
0,001626025
0,002241056
0,001736297
0,001722253
0,002389615
0,001966146
0,002493422
0,002643537
0,002685836
0,001567578
0,001824791
0,002330179
0,001806638
0,002547905
0,00190634
0,001777984
0,001682785
0,001840511
0,002644139
0,002474013
0,001807399
0,00169346
0,00199591
0,001988078
0,001880919
0,002207957
0,002384314
0,002539428
0,001428823
0,001691834
0,001805232
0,00175582
0,003186812
0,002007045
0,001462221
0,001624311
0,001997667
0,001761002
0,002133152
0,001976948
0,002025911
0,001952534
0,002113392
0,002030071
0,001996955
0,002659261
0,001940523
0,002388683
0,002649784
0,00180322
0,002548035
0,001983701
0,001849281
0,001871753
0,002054858
0,002453845
0,001852153
0,002347361
0,001483626
0,001808269
0,001810188
0,001573771
0,001785004
0,001826464
0,001883885
0,002871734
0,001607262
0,002129489
0,001813079
0,002664377
0,002659644
0,001564553
0,001931867
0,002319248
0,001886185
0,001952357
0,003837188
0,001615599
0,001979889
0,002187856
0,002077706
0,001673508
0,003017427
0,001723956
0,001277204
0,001698215
0,002420749
0,002297913
0,002925456
0,003002362
0,002784839
0,002471874
0,001967537
0,002762093
0,002376459
0,003120397
0,002977674
0,003587509
0,003379045
0,002314298
0,001611863
0,001933264
0,0026858
0,002314405
0,002400755
0,00158227
0,002056926
0,002255326
0,002734979
0,002555574
0,002044723
0,002708206
0,002642119
0,002381768
0,002464221
0,002453282
0,00191558
0,001747784
0,002640088
0,001845004
0,004253759
0,002332308
0,001823784
0,001549083
0,001549609
0,002318305
0,001961732
0,002541518
0,001888682
0,002154481
0,001918472
0,001662444
0,00256744
0,002275593
0,00181499
0,002061541
0,001850404
0,001667612
0,002296577
0,001499427
0,001568097
0,001472917
0,001698578
0,002024602
0,001826314
0,002622773
0,001452495
0,001986828
0,0023605
0,00181351
0,001704345
0,001583292
0,002054765
0,001821259
0,002404891
0,001755062
0,001648829
0,002982607
0,001705148
0,001221722
0,001641506
0,001686089
0,002128808
0,001980058
0,00245195
0,002509133
0,001774605
0,001969922
0,00178895
0,002074196
0,00177621
0,002474782
0,002958956
0,002622491
0,003404241
0,003022093
0,003365001
0,003450176
0,003506655
0,003511492
0,003543925
0,003613919
0,003631282
0,002286238
0,00261253
0,001717603
0,00176799
0,002358822
0,001770129
0,002514894
0,001897571
0,001679237
0,001778512
0,003040884
0,002117223
0,002750116
0,001604964
0,001732984
0,001670338
0,001987664
0,001844481
0,002705225
0,001897134
0,001408329
0,001766346
0,001963805
0,002455245
0,001933576
0,001512076
0,001823083
0,0021637
0,002632165
0,002516518
0,001974939
0,00267768
0,00180713
0,001840696
0,002716915
0,002883526
0,003363475
0,002377143
0,002533565
0,00326749
0,002354353
0,001516939
0,002141712
0,002431636
0,002206285
0,002398272
0,002285446
0,002485896
0,001861723
0,001475666
0,00158534
0,001785264
0,00172043
0,0025086
0,001499064
0,004185926
0,001966337
0,00152602
0,001844992
0,002230571
0,00177649
0,001696764
0,004127647
0,003781924
0,001304641
0,001918383
0,001495419
0,001856791
0,002030549
0,001855197
0,002324118
0,00173795
0,002152827
0,001735865
0,002318682
0,001982334
0,001876112
0,00159501
0,002295522
0,001681576
0,00141813
0,002473336
0,002223283
0,001801983
0,001771989
0,00272029
0,001755469
0,002350292
0,001527794
0,002776059
0,001587322
0,002706431
0,002548782
0,00254365
0,001852753
0,002727004
0,002185576
0,002117694
0,002383443
0,002723948
0,002208563
0,001734376
0,001612454
0,001745345
0,001674005
0,001667731
0,002102589
0,00217852
0,002188879
0,002034282
0,002329527
0,00232228
0,00203596
0,001610297
0,002638288
0,0019891
0,001196109
0,001677081
0,001659199
0,001747452
0,002192105
0,001967538
0,00200297
0,0016518
0,001612684
0,00245975
0,002617766
0,002534018
0,002602316
0,002318253
0,003272554
0,003264646
0,001820769
0,001831108
0,002241562
0,001850735
0,001999891
0,001641699
0,003441184
0,003782077
0,001346516
0,001681945
0,001578369
0,001672064
0,00200366
0,001908516
0,001645808
0,001948734
0,00225971
0,002483338
0,002604576
0,002607619
0,00243513
0,001943306
0,002937286
0,002437104
0,001690644
0,001469922
0,002609484
0,001697944
0,001878707
0,001919747
0,002383587
0,002279652
0,001879498
0,002253384
0,002071722
0,001610206
0,001861423
0,001638111
0,001375583
0,001773302
0,001771707
0,001730031
0,001865376
0,002648868
0,002722894
0,003095539
0,00321986
0,00350855
0,003783442
0,002281253
0,001512569
0,001734712
0,001505049
0,001531133
0,001987808
0,002203369
0,001693156
0,001948856
0,002062665
0,001831476
0,00179884
0,002116278
0,001879623
0,001832964
0,001768568
0,001463338
0,001750749
0,001414485
0,001742025
0,001813627
0,00182917
0,001491802
0,00173549
0,001810606
0,002296729
0,002404663
0,0017472
0,002072228
0,001916348
0,001626244
0,001729576
0,001754622
0,001854061
0,001747889
0,00197283
0,002022153
0,002005919
0,002133235
0,002391844
0,003116302
0,002838735
0,002957902
0,00325963
0,003224136
0,003487792
0,003535293
0,003564048
0,003533774
0,00352935
0,003439539
0,002299729
0,001448456
0,001775337
0,001938322
0,001665782
0,001639476
0,004014224
0,002556019
0,001982303
0,001463202
0,001815543
0,001897848
0,002121076
0,002411869
0,001508407
0,001614832
0,001925112
0,001444047
0,001764105
0,001425672
0,001755329
0,003998171
0,002470624
0,001521915
0,002044609
0,001711296
0,00192743
0,001756221
0,002307677
0,001930007
0,001831376
0,001495096
0,002557666
0,002621134
0,001879273
0,001816476
0,002076251
0,001838493
0,00341695
0,002479151
0,00127951
0,001485642
0,00248924
0,002608877
0,002141395
0,002095007
0,001688831
0,002339453
0,001691807
0,002577076
0,001769378
0,002561592
0,002187136
0,001480014
0,001970244
0,002528679
0,002017538
0,002542907
0,001917101
0,001672111
0,001487874
0,002300018
0,001480707
0,001763439
0,001835208
0,001955366
0,001824405
0,003449859
0,001871716
0,001971756
0,001947867
0,001670553
0,00173604
0,00229319
0,001580904
0,001778685
0,002508893
0,001890467
0,001744672
0,001621294
0,002227388
0,00190262
0,001830108
0,00246237
0,002414742
0,001529971
0,002729902
0,001519997
0,002420613
0,001486091
0,002425928
0,002176612
0,00203115
0,002820861
0,001551195
0,001781811
0,0022972
0,002389176
0,001491009
0,002629719
0,001772881
0,002661871
0,002560873
0,002937528
0,002192353
0,001823079
0,002133307
0,003715798
0,003990006
0,004180106
0,003179056
0,00177978
0,001990445
0,00264588
0,002244701
0,001754415
0,00212828
0,002537458
0,001728538
0,002592206
0,00190997
0,002345884
0,003377388
0,0038533
0,001438194
0,002237689
0,001843283
0,001953791
0,002206786
0,001892531
0,001332621
0,002236514
0,001999414
0,002088655
0,002000289
0,001545532
0,002914772
0,001991026
0,001948551
0,002684772
0,001621183
0,002479955
0,001838747
0,002070975
0,002341712
0,00238894
0,002559214
0,001742743
0,001798882
0,002067958
0,002370182
0,00253088
0,001951795
0,001784627
0,001617008
0,001650784
0,001760158
0,002269515
0,001993896
0,001687478
0,002415084
0,001901355
0,001806831
0,001854039
0,001959377
0,00280936
0,002239182
0,003537869
0,002550286
0,003379597
0,002613031
0,001383105
0,002255365
0,001705483
0,002175124
0,002174165
0,00374167
0,002728759
0,003221176
0,002470595
0,001826567
0,002824158
0,002194767
0,001474602
0,001957006
0,00215229
0,001754779
0,00221493
0,001763212
0,001953937
0,00172469
0,001820509
0,00182914
0,001837684
0,001777205
0,001788037
0,002756696
0,001788177
0,003630635
0,002136528
0,003469716
0,004068345
0,001129798
0,001814006
0,001984659
0,002025826
0,00231546
0,00238393
0,002379139
0,002276357
0,002372994
0,002549818
0,002437196
0,002079229
0,002212853
0,002312814
0,002034211
0,002134824
0,002378727
0,002549158
0,001779178
0,001995084
0,003440309
0,001946033
0,001328113
0,001435755
0,003162092
0,002503709
0,002192187
0,002003412
0,002048935
0,001756702
0,002811962
0,001995936
0,001687449
0,002025483
0,002511704
0,002439059
0,001729991
0,002460581
0,002612308
0,002139608
0,002322433
0,001872307
0,00190114
0,001845056
0,001620118
0,001760255
0,002028543
0,001592325
0,002205301
0,001839241
0,001859323
0,001871416
0,002106614
0,001536689
0,001794583
0,002191367
0,001504207
0,001861743
0,001616105
0,002723047
0,002874465
0,001690234
0,001796558
0,002056262
0,002758055
0,002226426
0,003329738
0,002349094
0,002130571
0,001630419
0,002839834
0,002559363
0,002287785
0,002032661
0,001912911
0,002594979
0,002267718
0,002134955
0,002776212
0,001998191
0,001909517
0,002755323
0,002460705
0,002237056
0,001769577
0,003719822
0,002256645
0,001603893
0,001777702
0,001531211
0,0022485
0,001837758
0,002026505
0,004496973
0,001833261
0,001379561
0,002022003
0,002273758
0,001796742
0,001857397
0,002134268
0,001956267
0,002620357
0,002008605
0,002617582
0,003438064
0,002783536
0,002883117
0,003133231
0,00323475
0,00337463
0,003431904
0,003299739
0,002286908
0,001596929
0,001508015
0,002495065
0,001888954
0,002464877
0,002408587
0,004118932
0,003281095
0,003495597
0,004071202
0,004050355
0,004228761
0,003997092
0,002854344
0,001722893
0,002388208
0,002175061
0,001980055
0,00293061
0,002146691
0,0021958
0,002610291
0,001989162
0,002171244
0,002176237
0,001571885
0,001626271
0,001748828
0,002505167
0,002152288
0,001703429
0,002313586
0,002746569
0,002266125
0,001727304
0,001688104
0,002578674
0,002419293
0,002425007
0,001580847
0,001817
0,002340935
0,001888969
0,002734351
0,002419529
0,001938473
0,002172681
0,002052454
0,002081177
0,002919844
0,00206971
0,002914837
0,002314312
0,003065331
0,002638859
0,00257526
0,002828046
0,002958107
0,002758777
0,002745694
0,002753637
0,002780709
0,002029107
0,001725003
0,001228594
0,002475214
0,001986068
0,001444468
0,001649939
0,001534153
0,00238404
0,001469026
0,002552992
0,001972642
0,001462875
0,002532249
0,001514248
0,001765284
0,00197906
0,001822051
0,002520924
0,002118816
0,001544039
0,001740725
0,006949261
0,004980968
0,003311496
0,003009224
0,003463371
0,003909471
0,002509661
0,00206217
0,003069738
0,0030886
0,002664064
0,00284723
0,002601758
0,002811979
0,002437112
0,002440759
0,003105254
0,002238725
0,001861073
0,002230976
0,001987161
0,005553952
0,003343337
0,001333673
0,001182562
0,001734065
0,001409069
0,002197613
0,001800894
0,001777305
0,001814689
0,002183102
0,001786242
0,001836331
0,002124248
0,001637966
0,003520326
0,002042853
0,00165654
0,001865229
0,001836
0,001555407
0,001839118
0,001569989
0,002236854
0,002123714
0,002825055
0,002795523
0,002296858
0,003000514
0,002377517
0,002457157
0,00252169
0,002021292
0,002113782
0,001804361
0,002506323
0,001850991
0,002531799
0,001510827
0,002210501
0,002538238
0,002195802
0,002108117
0,002756836
0,002074143
0,003216416
0,003192831
0,002037523
0,00130302
0,001419328
0,002024488
0,002345826
0,002600297
0,002252452
0,00235699
0,002554288
0,001735864
0,002442774
0,001701813
0,002350198
0,002263071
0,004245075
0,004251184
0,002208356
0,001516359
0,002098871
0,001616036
0,001921111
0,001769223
0,001986509
0,001699235
0,003460782
0,002118209
0,001561301
0,001946888
0,001827854
0,002373239
0,002060772
0,002159882
0,001720274
0,002583927
0,002565338
0,001850562
0,002570607
0,002140443
0,001504384
0,001774341
0,002099243
0,002357996
0,002503613
0,003289103
0,00182925
0,001624435
0,001980669
0,001491444
0,002141809
0,002032793
0,002326676
0,002226508
0,001869099
0,002580135
0,002628183
0,001756236
0,002362682
0,002114965
0,001889769
0,003845568
0,002716078
0,001799551
0,001786278
0,001723057
0,002552158
0,001509954
0,002069145
0,002320789
0,001738439
0,002462823
0,002737075
0,002073519
0,001796773
0,002610422
0,0019479
0,001936021
0,002924392
0,0016853
0,001750481
0,001616228
0,001426225
0,002102241
0,001931723
0,002015294
0,001774093
0,002637022
0,001829028
0,002510241
0,002132449
0,001822591
0,001541735
0,001725754
0,002807412
0,00170112
0,002607057
0,001583618
0,00189422
0,003833469
0,002304269
0,00136066
0,002262592
0,002225532
0,001334832
0,001668044
0,003319479
0,002555096
0,001555936
0,001540613
0,002471535
0,0050813
0,002697992
0,001624212
0,001601767
0,002465339
0,002752137
0,002459029
0,002430904
0,001726194
0,002545162
0,002564102
0,001846856
0,001450789
0,002139809
0,001907765
0,002298305
0,001857067
0,00187267
0,001776837
0,002275301
0,001893193
0,002078572
0,00236901
0,001903877
0,001885978
0,001883571
0,002523791
0,001687748
0,002085947
0,001932335
0,00257141
0,002554568
0,002266243
0,002858733
0,00354768
0,003304954
0,003414176
0,003644057
0,003689942
0,003700785
0,003674557
0,003590419
0,003576023
0,003611904
0,002611076
0,001526325
0,001411259
0,001509654
0,002838413
0,002380702
0,002360136
0,002202307
0,002003801
0,001816003
0,001665865
0,002191218
0,001765413
0,001770692
0,001897733
0,002713321
0,002194295
0,001742517
0,001808035
0,002339308
0,002608808
0,002568221
0,00218434
0,001612504
0,001951591
0,002168885
0,00202469
0,002610453
0,001710316
0,002407626
0,002236249
0,00179106
0,0018354
0,001745929
0,001644655
0,001765148
0,00150295
0,002159294
0,002167143
0,002360477
0,002574842
0,003638309
0,003072015
0,002473985
0,007137269
0,006847298
0,001876135
0,001520978
0,001418632
0,003254033
0,002034471
0,001985049
0,002593786
0,002046129
0,002664022
0,002528984
0,002186448
0,002154091
0,001824753
0,001824829
0,001942574
0,002311338
0,00183972
0,002592493
0,002622902
0,001505677
0,001842906
0,00193046
0,003091158
0,002530462
0,001843354
0,002526286
0,002420285
0,00156669
0,001837002
0,002455214
0,002218321
0,002175321
0,002486716
0,002340947
0,002485259
0,002542434
0,002675924
0,002199576
0,00253809
0,001835018
0,002135684
0,002140506
0,002125836
0,002944217
0,002078515
0,002041904
0,004970502
0,002406256
0,001855309
0,001895938
0,002199139
0,001851451
0,003157791
0,002243909
0,002883556
0,003194181
0,002200596
0,002200878
0,002086298
0,002041565
0,002116268
0,002904432
0,002117863
0,002239398
0,001833232
0,001710126
0,002805316
0,001768417
0,002249506
0,001786703
0,001926508
0,001811867
0,003595761
0,003447194
0,001994911
0,001515492
0,002028768
0,00233377
0,002793395
0,00183918
0,001963975
0,001770617
0,002704772
0,001494361
0,002272907
0,002014014
0,002010389
0,001887783
0,00235622
0,001383453
0,001820423
0,002720801
0,001701249
0,001978787
0,002394073
0,002026922
0,002410457
0,001939461
0,002321703
0,001711045
0,001669908
0,002042469
0,001990554
0,002398834
0,002363136
0,003222163
0,002337603
0,001575059
0,001992693
0,001849372
0,00177635
0,001542862
0,002410744
0,001641859
0,001859221
0,002701982
0,001932091
0,001802856
0,001753549
0,001687703
0,0018538
0,002960695
0,002137325
0,001547107
0,002143666
0,001781176
0,001535781
0,001966213
0,002446548
0,002140036
0,002377107
0,002531129
0,002388733
0,001965446
0,002549396
0,001820331
0,002969361
0,001972603
0,001749565
0,001642583
0,001846996
0,00198436
0,001807912
0,001781292
0,002570655
0,002246768
0,001527555
0,001814509
0,003759913
0,001865296
0,001965351
0,001665478
0,00245187
0,003275923
0,001741865
0,002043889
0,002143965
0,002696864
0,003233698
0,003984619
0,003616402
0,003423273
0,003859907
0,003997186
0,00427927
0,003660836
0,003972331
0,004158698
0,003441316
0,001785223
0,001827771
0,002504138
0,001940635
0,002331419
0,001934866
0,00216959
0,003071192
0,002098466
0,00227963
0,0020628
0,003053137
0,002536315
0,003200944
0,004117787
0,003904309
0,003783655
0,003544024
0,002291032
0,001855051
0,002672271
0,001930367
0,002238552
0,002554943
0,002578415
0,001970182
0,00175771
0,002275031
0,002264059
0,00256251
0,002185975
0,002196088
0,00218852
0,001576626
0,002010639
0,001642404
0,001731564
0,001459751
0,002015624
0,001700008
0,001705112
0,001719463
0,002305981
0,001999262
0,001481804
0,001861742
0,001795769
0,00194527
0,002400214
0,002767957
0,002218937
0,001797226
0,003443153
0,003685368
0,001803393
0,001366713
0,002003013
0,001878113
0,0022295
0,001990549
0,001852378
0,002452806
0,002594892
0,004835453
0,001343003
0,001430928
0,002308516
0,002342798
0,002044965
0,002166622
0,002261895
0,002818098
0,001652271
0,001668299
0,001916921
0,002487459
0,001489746
0,001664193
0,00283546
0,001656261
0,002288166
0,001779729
0,001862858
0,001536905
0,001740878
0,002783777
0,001845165
0,00227591
0,001778215
0,001652988
0,002244173
0,002667674
0,001979594
0,001981247
0,001621142
0,001674764
0,002410939
0,001835018
0,001521006
0,002745168
0,002161035
0,002141649
0,001667284
0,001667682
0,002391215
0,002485209
0,002700062
0,002633169
0,002332014
0,002624945
0,002222892
0,002287234
0,002174108
0,002404689
0,00227013
0,002947792
0,002515087
0,001891903
0,002326915
0,002797343
0,002828945
0,003020636
0,002701374
0,002509398
0,001653365
0,003721469
0,001399045
0,001440531
0,001395311
0,001759326
0,001571458
0,002092748
0,001958959
0,002197094
0,002042684
0,002480329
0,002052303
0,002202083
0,001884241
0,001778276
0,002053924
0,003135208
0,002127584
0,002680425
0,002202055
0,002262698
0,002778954
0,002500337
0,002532399
0,002512758
0,00246747
0,002409635
0,002663649
0,002660096
0,002696186
0,002502386
0,002698125
0,001995894
0,001626115
0,001431489
0,001964259
0,001594389
0,002178152
0,002586955
0,002696759
0,002443923
0,001786373
0,002433259
0,002433609
0,002793546
0,00156089
0,002249352
0,002451881
0,001701151
0,001900301
0,001955314
0,001842009
0,001529581
0,001690579
0,003951551
0,003165446
0,001300151
0,003997956
0,002602035
0,001793436
0,001789359
0,001800508
0,0020412
0,001877051
0,003034016
0,0020473
0,001580893
0,003378253
0,002464979
0,001363596
0,001618955
0,001746007
0,001819641
0,001885504
0,001787687
0,001766528
0,00233968
0,002699267
0,001468743
0,002143661
0,001812965
0,00424856
0,0014848
0,001725314
0,001367027
0,001788695
0,005495701
0,003273631
0,001257463
0,00162243
0,001949573
0,002804381
0,00237559
0,002570037
0,001494205
0,001544819
0,001817881
0,001763852
0,002377643
0,002203683
0,002734924
0,001879246
0,001824494
0,002264747
0,002044
0,001615573
0,001538564
0,001350436
0,002107937
0,00260563
0,001756347
0,002351581
0,002637895
0,002464123
0,002128963
0,001932225
0,001947778
0,00161109
0,002627147
0,001789423
0,001905872
0,00156762
0,002534925
0,002604455
0,001962958
0,00203763
0,002621041
0,002351595
0,002850974
0,002222776
0,002635061
0,001816761
0,001951424
0,001790097
0,002926518
0,002169732
0,001706161
0,00185329
0,001732726
0,001798494
0,001992997
0,002298983
0,002173174
0,001792295
0,001655962
0,001934795
0,001659883
0,001588514
0,001861818
0,00270167
0,001702828
0,002344138
0,001841907
0,00178521
0,001608973
0,001858304
0,00210239
0,002917856
0,002527048
0,002003321
0,001888074
0,002618294
0,001694584
0,002208798
0,001670314
0,00189221
0,002022708
0,002005404
0,00258662
0,002139013
0,001697783
0,002194408
0,001827329
0,002055595
0,002323538
0,003940873
0,001781533
0,001473977
0,00209357
0,002222541
0,001878623
0,002374963
0,002462694
0,001866642
0,001811185
0,001464029
0,00189137
0,001787858
0,002718766
0,002325958
0,001600599
0,001773295
0,001908564
0,001807036
0,002866888
0,002115933
0,001833758
0,001480873
0,002264072
0,002030761
0,002201012
0,002037603
0,0023072
0,001505775
0,002810385
0,00177113
0,002014418
0,001538756
0,002599264
0,00178503
0,001612648
0,002394707
0,002029317
0,00246326
0,002418156
0,001927885
0,002160343
0,002334923
0,002125912
0,002512365
0,002068196
0,002059801
0,001896823
0,002610432
0,001780721
0,001643147
0,00204428
0,003144168
0,002155623
0,001803302
0,00207501
0,002199364
0,001850236
0,00209676
0,001887951
0,002357783
0,001792321
0,001681337
0,002362201
0,001543069
0,002290991
0,001938802
0,001996889
0,002377845
0,00263259
0,004062545
0,00299508
0,003792212
0,003921462
0,003787037
0,00389095
0,002618453
0,001851155
0,001208582
0,001575973
0,001849233
0,001688391
0,002071002
0,002433523
0,002931622
0,002363938
0,002269666
0,002750889
0,001807737
0,002600339
0,002564012
0,002585502
0,00262673
0,001689853
0,002358102
0,002829795
0,002110164
0,002043149
0,002549974
0,002341811
0,001453721
0,001828491
0,001639023
0,001857453
0,003748004
0,001930646
0,001924777
0,001759958
0,002031928
0,00214853
0,001569357
0,001529733
0,002146315
0,001761589
0,001471078
0,001740491
0,002220317
0,002213325
0,002159637
0,002187079
0,002109537
0,002351588
0,002166902
0,002121262
0,002706906
0,001768714
0,001751458
0,002756685
0,001808801
0,002301541
0,00240768
0,001542247
0,001510665
0,002601516
0,001937852
0,002296242
0,002081643
0,002016116
0,001600419
0,001708429
0,001847133
0,002509908
0,002308781
0,001685159
0,002048971
0,002026677
0,001969492
0,001605369
0,001991136
0,00269255
0,002002973
0,001822502
0,002898006
0,002206515
0,002386667
0,001886454
0,001917525
0,001778662
0,001899746
0,002568211
0,001696279
0,001966615
0,001838275
0,002282179
0,001948256
0,001814332
0,002303472
0,002017536
0,002671491
0,002353733
0,001695508
0,001428776
0,002200342
0,002021487
0,002596441
0,001999455
0,001635274
0,002158372
0,002495604
0,002084733
0,002429707
0,003120605
0,00328436
0,002914613
0,003280054
0,003505162
0,003311383
0,003391975
0,003469156
0,003490487
0,002269527
0,001501741
0,001701707
0,001654067
0,002508
0,002377829
0,001929981
0,003074509
0,002524095
0,003592297
0,003968194
0,003532462
0,0033422
0,00338547
0,003894701
0,004026046
0,002909299
0,001769946
0,001248784
0,001613715
0,004512054
0,001556373
0,001660493
0,001548876
0,002036432
0,002157892
0,001679392
0,001356731
0,001690675
0,001748104
0,002510077
0,001648577
0,002710236
0,003344617
0,002000595
0,001332188
0,002220734
0,002014928
0,002162599
0,002221497
0,0016399
0,001925524
0,002532147
0,001764297
0,002459223
0,002219094
0,001514066
0,002665394
0,001356916
0,00227088
0,002036603
0,001946493
0,002681911
0,002386307
0,00183149
0,002345457
0,002537899
0,001972836
0,002018853
0,001793587
0,001932372
0,001399954
0,001792021
0,00206717
0,001561228
0,002193282
0,002367088
0,001643164
0,002011876
0,001857766
0,002153174
0,002783819
0,002146276
0,002902979
0,002282911
0,002771378
0,002433917
0,002050277
0,002779272
0,002944736
0,001989912
0,002558083
0,002167905
0,00272794
0,002787804
0,002604104
0,002835596
0,002899477
0,003032995
0,003107447
0,002268561
0,001907673
0,002128781
0,00285698
0,001761971
0,002332241
0,002802928
0,001840506
0,002123022
0,002997561
0,00205404
0,002293949
0,002174793
0,002649615
0,001521899
0,001860909
0,002127865
0,004504336
0,002281827
0,002033445
0,002599703
0,002185095
0,002791887
0,002270304
0,002605763
0,002549983
0,001746407
0,002445533
0,001707725
0,002298544
0,002577984
0,001599136
0,002067112
0,001880638
0,002363988
0,001585478
0,002317723
0,001947167
0,002766929
0,001800663
0,002088457
0,001767412
0,00265019
0,002506144
0,001914231
0,001811216
0,002304369
0,001921147
0,002414507
0,00258358
0,001690583
0,002117506
0,001649898
0,001831002
0,00246243
0,001848716
0,001755863
0,00227361
0,001870146
0,002470547
0,001903103
0,001953715
0,002724065
0,001812507
0,002477422
0,00251928
0,00211136
0,00152354
0,001793795
0,002106252
0,002207715
0,001612381
0,00132139
0,001847924
0,00232676
0,002687882
0,002271404
0,003084674
0,002691218
0,003661629
0,00344132
0,003326816
0,003599578
0,003654864
0,003593064
0,003578979
0,00359206
0,003577451
0,003610421
0,005135019
0,002051627
0,00177475
0,001776448
0,001974935
0,002875315
0,001965797
0,002018806
0,001943022
0,001635769
0,002199457
0,002445114
0,001953304
0,002369306
0,001772943
0,002563399
0,002274866
0,00181743
0,002683249
0,001892042
0,002273856
0,001783568
0,002856754
0,002863349
0,003206999
0,003218087
0,002603777
0,003602068
0,002910467
0,004072217
0,00265087
0,001718862
0,001384973
0,001876128
0,001602578
0,002603242
0,001573816
0,002567822
0,003638692
0,002705314
0,002936328
0,00416258
0,001442397
0,001634448
0,001808263
0,003524193
0,00172914
0,001756743
0,001829515
0,0018103
0,002354029
0,001999881
0,002689182
0,001751186
0,001710757
0,002033307
0,001829161
0,002024694
0,001980093
0,001850455
0,001770357
0,00226492
0,002034481
0,002378177
0,002762319
0,001654611
0,002400298
0,001898774
0,002222837
0,001474068
0,002183644
0,001981009
0,002139558
0,001961128
0,001643349
0,002211385
0,002431086
0,00223456
0,001598347
0,002546766
0,00237981
0,001804993
0,001813444
0,002751831
0,001845223
0,002013572
0,001771041
0,002309806
0,001634266
0,001879437
0,002699461
0,002337343
0,002653276
0,001481575
0,002327628
0,002337469
0,001944935
0,002201692
0,002378138
0,001816353
0,001751977
0,002016139
0,00171326
0,001820954
0,001854409
0,002578138
0,001897912
0,001683751
0,00188755
0,002594966
0,001789241
0,002286328
0,002216296
0,002179025
0,002674774
0,002347829
0,001834315
0,001758406
0,002412587
0,00262525
0,002262034
0,001831661
0,001808393
0,002508184
0,001760706
0,002059305
0,001263315
0,002180649
0,001862515
0,001588302
0,001954231
0,002443999
0,002621158
0,002461561
0,001760369
0,001769513
0,001630801
0,002542865
0,002382899
0,002671572
0,002615307
0,002766828
0,004006973
0,001586192
0,001648783
0,002019314
0,002421678
0,001653267
0,002102678
0,002244197
0,001686544
0,001735427
0,002445322
0,001929289
0,002523929
0,001838943
0,002028161
0,002212836
0,001999343
0,001927923
0,001565908
0,001507126
0,002049804
0,001710069
0,002338695
0,001858931
0,001850867
0,002437977
0,001901444
0,001424695
0,002139971
0,001952214
0,001368624
0,002335404
0,00201213
0,001843899
0,002704802
0,002279862
0,001805637
0,001961713
0,001551712
0,001562203
0,0015667
0,002430895
0,001568564
0,001929727
0,002006582
0,003183217
0,003519542
0,001755444
0,002076881
0,002245978
0,00197763
0,0017491
0,001492605
0,001658882
0,001568219
0,002606464
0,002502559
0,001949432
0,002122866
0,002188214
0,001821717
0,00210966
0,002406975
0,002253577
0,001535185
0,001767569
0,001751391
0,001810644
0,00153897
0,002265216
0,001898562
0,002362426
0,002342078
0,001998923
0,001961199
0,002195483
0,002206222
0,003277033
0,003158436
0,00218837
0,001584649
0,001989936
0,002152541
0,001557747
0,003413854
0,00387338
0,0011645
0,001185509
0,001417962
0,001841927
0,001754894
0,002145978
0,001553438
0,002016159
0,002267372
0,002530221
0,001656556
0,002508952
0,001935813
0,002540704
0,002125651
0,002209189
0,002176033
0,002594012
0,002157353
0,001858604
0,002006118
0,001700319
0,001781679
0,001842428
0,001854731
0,002009925
0,00215036
0,002655689
0,002861434
0,002017096
0,003843776
0,002558897
0,001368164
0,002567043
0,002572167
0,002351798
0,002518287
0,001516215
0,001583285
0,002598784
0,002463047
0,002199091
0,002567597
0,001991228
0,002449888
0,001894007
0,001532195
0,001945253
0,002697499
0,00234947
0,002401474
0,001795136
0,002007806
0,002685316
0,001981322
0,002212835
0,004056867
0,003008111
0,001783443
0,001372131
0,001500585
0,002217477
0,002167404
0,001672084
0,002117957
0,001725044
0,002201198
0,00200128
0,002381086
0,001447674
0,003376628
0,001692212
0,001939509
0,001537101
0,002132627
0,002424784
0,002230066
0,001901747
0,002460946
0,002402489
0,001819555
0,002136265
0,002285961
0,002718944
0,001959421
0,002743176
0,002277882
0,001610084
0,001777199
0,002802741
0,001806015
0,001444242
0,002435723
0,002884538
0,002772883
0,002051767
0,001845647
0,002244914
0,002414968
0,002465255
0,002380304
0,001894744
0,001753996
0,002755378
0,002131936
0,002112701
0,001929615
0,00182151
0,00250571
0,002139087
0,002769108
0,00237675
0,001539491
0,001883464
0,00151017
0,001410346
0,003061375
0,002694037
0,002965042
0,00376732
0,003289406
0,004832997
0,004558928
0,005157703
0,005275655
0,005432124
0,005687935
0,005684274
0,003440091
0,001430566
0,002201507
0,00198235
0,00243366
0,00167751
0,001988928
0,001898432
0,001870457
0,002152678
0,002363827
0,002261117
0,003762286
0,002898256
0,002321297
0,001532429
0,001662856
0,002058337
0,001921863
0,001817362
0,002778652
0,001838506
0,002114621
0,002364755
0,001991339
0,002004324
0,001801583
0,001754014
0,002394417
0,001661983
0,001822605
0,002233924
0,002750429
0,0024512
0,004387727
0,003633701
0,001306947
0,00252558
0,002334015
0,002541876
0,002569228
0,001444797
0,001768224
0,001994831
0,001604659
0,00256862
0,001762319
0,001430919
0,001403838
0,002265655
0,002784695
0,002066941
0,002648834
0,001735661
0,001646149
0,002039365
0,00204913
0,002215387
0,00384035
0,002706041
0,001745032
0,001498065
0,00170341
0,001753042
0,001422014
0,001714352
0,00183402
0,001500599
0,002443995
0,002156205
0,001831859
0,00195965
0,001456126
0,001682702
0,001777869
0,002160907
0,001612528
0,002713812
0,00160824
0,002382889
0,001581653
0,001632062
0,002934422
0,001928435
0,001240423
0,002217356
0,00186192
0,002172818
0,002862167
0,001995735
0,001447803
0,001276362
0,002088121
0,001964487
0,002336285
0,001882291
0,005424925
0,001980507
0,002305864
0,001611881
0,001856601
0,001421358
0,001377106
0,002544996
0,002309054
0,001384864
0,00239086
0,001867081
0,001924507
0,00175213
0,002137055
0,001969132
0,002750586
0,002571463
0,00212432
0,001845218
0,002006635
0,002384784
0,001984252
0,002073409
0,002607959
0,002448449
0,002431313
0,001901435
0,002123287
0,001893031
0,001627846
0,001938344
0,002478771
0,001717304
0,001421293
0,002171701
0,001709394
0,001964131
0,002454399
0,001718752
0,00151096
0,002096157
0,00185202
0,001709167
0,002240304
0,002167269
0,002163967
0,002107945
0,001866223
0,002487264
0,00318111
0,00342704
0,003545566
0,002955871
0,001754554
0,00178462
0,002190163
0,001888692
0,002808493
0,001798661
0,00373491
0,003895228
0,001803461
0,001615926
0,001649064
0,001754106
0,001675121
0,001796403
0,001844408
0,001449188
0,001649525
0,001546999
0,002194953
0,002288538
0,001916708
0,001784874
0,002124772
0,001835959
0,002324091
0,002795001
0,00219884
0,001404003
0,002933868
0,002930355
0,002277704
0,001894947
0,00172746
0,001776888
0,001948516
0,002354724
0,00286745
0,00270271
0,002346513
0,00268816
0,002391319
0,002850037
0,002903371
0,002869041
0,002603786
0,00298361
0,002861222
0,002878411
0,002591644
0,001806325
0,002030809
0,001969185
0,001786131
0,002165132
0,001682399
0,001500465
0,00192546
0,001767803
0,002417984
0,002759184
0,00195033
0,001647574
0,003228745
0,002588339
0,001718257
0,001647029
0,002015327
0,002018445
0,002483939
0,002495494
0,00151938
0,00275173
0,002180588
0,00209189
0,00262064
0,002269118
0,00275178
0,00203128
0,00225292
0,002037447
0,002003116
0,002354396
0,002359537
0,001658355
0,002836061
0,002230666
0,002149467
0,002137666
0,001921287
0,002138156
0,002409165
0,003474789
0,004014331
0,001280435
0,002050366
0,001951692
0,001651458
0,002521785
0,003023108
0,002509182
0,002208844
0,002289547
0,002566349
0,002523242
0,002423174
0,002545014
0,0024691
0,002570871
0,002596217
0,002561891
0,002600654
0,00255936
0,00271129
0,002700603
0,002684871
0,00261734
0,002680569
0,00199211
0,001375956
0,001457636
0,002867256
0,001618037
0,001893004
0,002233204
0,001948013
0,002701784
0,001625589
0,002102022
0,001749209
0,001929422
0,002763347
0,002508894
0,001695473
0,001807351
0,002365676
0,001876876
0,002195535
0,001672229
0,0020118
0,001520982
0,001517744
0,002528772
0,00172882
0,002024608
0,001877395
0,002724481
0,00299057
0,001787448
0,002164384
0,001668769
0,001930586
0,002712365
0,002557457
0,002200105
0,001779736
0,00199973
0,002326669
0,001909889
0,002604982
0,002787822
0,00244547
0,001839765
0,002263362
0,001916193
0,001776104
0,001893057
0,001433855
0,001414547
0,00235608
0,001806513
0,002691247
0,002197181
0,002148209
0,002100612
0,002073816
0,004160871
0,003593923
0,0017364
0,002313569
0,001853872
0,001448066
0,001688239
0,002124796
0,001889405
0,001847014
0,002149105
0,00226016
0,002641835
0,003028241
0,003151725
0,003266039
0,003862749
0,003637914
0,004081367
0,004178027
0,00375533
0,003561728
0,002470106
0,001576088
0,001468586
0,001804461
0,002211915
0,001796442
0,002746377
0,002142422
0,00177289
0,00161181
0,002782343
0,002732331
0,00239619
0,00192002
0,001776924
0,001629394
0,002007404
0,002201089
0,001617586
0,001793888
0,001844969
0,002072421
0,002004982
0,002599262
0,002386141
0,002175571
0,002341244
0,003391297
0,00199264
0,001859124
0,001634091
0,002655537
0,002389714
0,00248666
0,002000611
0,001744311
0,001783512
0,001695419
0,002052963
0,002677663
0,002677535
0,001967484
0,002390216
0,002113987
0,002637552
0,002497025
0,002102243
0,001571546
0,002154549
0,001946917
0,001482124
0,002241931
0,002618014
0,002217929
0,002138407
0,002132561
0,001821562
0,002520778
0,00277803
0,002026456
0,001862063
0,002059272
0,002900164
0,002704976
0,00265986
0,002493043
0,002771723
0,002605202
0,00285451
0,002614652
0,002640174
0,002330165
0,002790058
0,002954139
0,002517423
0,002751888
0,002850661
0,001715934
0,001277307
0,001774428
0,001738611
0,002460376
0,002171594
0,00209985
0,002038735
0,00213928
0,002134375
0,002442738
0,002169656
0,003698493
0,001557608
0,001206271
0,00188489
0,001954908
0,001627798
0,003577689
0,002369373
0,001742035
0,001807591
0,002239399
0,00192372
0,001817214
0,001925777
0,001783752
0,001766242
0,003281966
0,002488405
0,00226738
0,001872352
0,002205912
0,00333717
0,001879673
0,002077474
0,00247851
0,001708793
0,002205182
0,002098767
0,001996697
0,001858998
0,001785435
0,002193165
0,002732622
0,002317562
0,002551282
0,00234931
0,002604506
0,002977977
0,002443041
0,00279075
0,00273372
0,002786796
0,002260668
0,001651808
0,001429912
0,002030087
0,001586458
0,001807539
0,001355903
0,001808253
0,002209851
0,002886499
0,001968539
0,003075116
0,002279333
0,002344037
0,002840837
0,002314353
0,002499009
0,00252171
0,002544698
0,002381807
0,00236413
0,002739884
0,002648696
0,001829632
0,001337987
0,00165112
0,002614747
0,002222843
0,001656523
0,002406121
0,002390629
0,001785475
0,001985484
0,00197353
0,00150563
0,002259248
0,001834103
0,001840646
0,001652543
0,001871235
0,001786939
0,001899358
0,002029109
0,00216799
0,002222641
0,001944184
0,001911246
0,002853558
0,003151139
0,002064947
0,002718063
0,001456859
0,002417905
0,00199103
0,0019298
0,002552163
0,002784355
0,003196946
0,005477383
0,004428182
0,001215086
0,00166936
0,001470663
0,001892502
0,0019004
0,001770178
0,001709531
0,001869709
0,001810593
0,002214344
0,002264329
0,002444764
0,002546841
0,003242832
0,002061119
0,002173235
0,002301822
0,002515192
0,001749364
0,001310048
0,001799683
0,002960603
0,002785785
0,002025634
0,001523721
0,001905323
0,001882954
0,002346076
0,003076454
0,001885408
0,001933858
0,002741408
0,002308498
0,002485556
0,002956764
0,002988585
0,003118
0,003088171
0,003795181
0,003800629
0,003956209
0,004127315
0,003454513
0,001669185
0,002344224
0,001976429
0,001828767
0,002000993
0,002229785
0,002664381
0,003037578
0,003663486
0,003161749
0,003844792
0,003994286
0,00419288
0,004179683
0,004085442
0,004022018
0,004171528
0,003915551
0,003963658
0,003837723
0,006265816
0,001351504
0,003011502
0,001867044
0,00245454
0,002315673
0,002630735
0,002143804
0,002570449
0,001940402
0,002721553
0,002185327
0,001653191
0,002555331
0,00231909
0,002078356
0,002191685
0,001512392
0,00184974
0,002000837
0,001867964
0,002080538
0,002295555
0,002241542
0,002601356
0,001573069
0,0017167
0,00199258
0,002827357
0,002473831
0,00316265
0,00350419
0,002911509
0,002452295
0,001487448
0,001726915
0,002348247
0,001821172
0,001810656
0,001889011
0,002425316
0,001593448
0,002104147
0,002376373
0,001773908
0,002063607
0,001982096
0,002344989
0,001473258
0,001835816
0,002646302
0,002081928
0,001971065
0,002756388
0,003367266
0,001581937
0,002699092
0,002644878
0,001817933
0,002041527
0,002103129
0,001954162
0,001693857
0,002299192
0,002084521
0,002087835
0,001545882
0,002044253
0,002217251
0,002389889
0,001934594
0,00213902
0,00188175
0,002796189
0,001839206
0,001297512
0,001566937
0,00151782
0,002056346
0,00158824
0,001765768
0,002213183
0,001840075
0,002508696
0,002177869
0,00260327
0,002713584
0,002500525
0,002026879
0,00216994
0,0019383
0,001759102
0,001845078
0,00188764
0,001812177
0,001637257
0,002452913
0,001938205
0,001731826
0,001787265
0,001716191
0,00259336
0,002187187
0,001503846
0,00178079
0,002466704
0,001963317
0,002496051
0,002175165
0,001989711
0,002316613
0,002699219
0,002528148
0,002178947
0,002565587
0,002237587
0,002365651
0,002622754
0,002931465
0,002490265
0,002656984
0,002459295
0,002100269
0,001753157
0,002302326
0,001513751
0,001651999
0,001905604
0,002597203
0,001769863
0,001793486
0,002023588
0,00190991
0,001831048
0,001976837
0,002258708
0,001770879
0,001607483
0,002849488
0,001743145
0,002235397
0,001642482
0,001922937
0,001707368
0,002382347
0,002149391
0,001804482
0,001842643
0,00234909
0,001907271
0,001898898
0,001751755
0,003783377
0,00382136
0,001520083
0,002011678
0,002271933
0,001942535
0,001284316
0,002882274
0,00185954
0,001800863
0,001676748
0,002197171
0,002180098
0,003324593
0,00212001
0,001196053
0,001709681
0,002188759
0,002670115
0,002028312
0,003018422
0,002624906
0,002052968
0,001651915
0,00162686
0,00169268
0,002521118
0,001680838
0,001672971
0,001813742
0,002441113
0,001915605
0,002123405
0,002799709
0,001971687
0,002203104
0,002699274
0,002050868
0,002282939
0,00166304
0,001624638
0,002842191
0,00252268
0,002599912
0,002162324
0,001838489
0,001854461
0,001934548
0,002628959
0,002200297
0,002447898
0,001953874
0,001770126
0,002117861
0,002113654
0,00169824
0,001796236
0,001992533
0,002520062
0,001704033
0,002021928
0,002195522
0,002248309
0,002585843
0,002815371
0,003472481
0,003156708
0,003045741
0,002264202
0,00160793
0,001469989
0,002210705
0,002177068
0,002159943
0,002149739
0,002029111
0,002456199
0,002059401
0,003227926
0,00199741
0,001832881
0,001903801
0,002142412
0,003248027
0,003296775
0,0028406
0,001918072
0,002112675
0,002681249
0,001987818
0,001662536
0,002018074
0,001661846
0,001621763
0,001820197
0,00201789
0,002214448
0,001783373
0,002237217
0,004171304
0,0019002
0,00207235
0,002281093
0,001528101
0,002885315
0,003574769
0,002319934
0,001819592
0,002226748
0,002467489
0,00196862
0,002193053
0,002432427
0,002579236
0,003223599
0,003798953
0,00331141
0,002533088
0,001647813
0,002384704
0,002356375
0,002891152
0,002725116
0,003066277
0,00240325
0,001499145
0,001808886
0,002163264
0,001827816
0,001722515
0,00145388
0,00189107
0,002484482
0,001471996
0,002492515
0,002345077
0,002730135
0,001647325
0,002117641
0,002685545
0,002601282
0,003296724
0,001991286
0,001736801
0,00254332
0,001625622
0,00267176
0,002348769
0,001774727
0,001789133
0,001861034
0,002276687
0,00176373
0,002506177
0,002728306
0,00182052
0,001806986
0,002738586
0,001923384
0,001985501
0,002276488
0,001341402
0,002379735
0,001698395
0,002814587
0,002251363
0,003047996
0,002287604
0,00259354
0,00328761
0,003175369
0,00341957
0,003432715
0,003528782
0,002896408
0,0022632
0,001543986
0,001930523
0,002312874
0,001859268
0,001777192
0,001744222
0,001648227
0,002749467
0,002140144
0,002578902
0,001645158
0,001694943
0,002314163
0,001759631
0,002516586
0,001786634
0,003148764
0,001853063
0,001431589
0,001846424
0,003904061
0,003631178
0,001685098
0,003996187
0,002288517
0,00149686
0,001795905
0,002094646
0,001834102
0,00206286
0,00223336
0,001991971
0,002506778
0,00185478
0,001760411
0,002342927
0,001679875
0,001925508
0,001516251
0,00166892
0,001749005
0,001509075
0,002251662
0,001886956
0,001516001
0,00158289
0,001805772
0,001863217
0,001858423
0,001759861
0,002560891
0,001827308
0,001723353
0,002139477
0,001816175
0,001794726
0,002533772
0,00173743
0,002046485
0,002676632
0,001765761
0,001783864
0,00144274
0,001857139
0,002699564
0,002167958
0,001793657
0,001838346
0,002148525
0,001408915
0,002623931
0,001820479
0,002226194
0,001791298
0,001661189
0,001647274
0,001759965
0,001878293
0,001473738
0,002149957
0,001478375
0,002209965
0,002157383
0,00243999
0,001398964
0,00142239
0,001832357
0,001744653
0,001895815
0,002622869
0,002109787
0,002044862
0,001764494
0,002398041
0,001759774
0,001914421
0,002384435
0,00161965
0,002467309
0,001907921
0,001684816
0,003730092
0,003505556
0,001463459
0,001547469
0,002066945
0,001809031
0,001443758
0,001675737
0,002892806
0,001844068
0,002374857
0,001999826
0,001919
0,001987164
0,001954822
0,001976237
0,001821722
0,002340487
0,001665058
0,002946671
0,003771863
0,002205534
0,00109772
0,005061451
0,002810332
0,001293977
0,001680351
0,002199677
0,001950499
0,002892162
0,003220258
0,002186391
0,00295755
0,001781893
0,00204039
0,002420591
0,002663298
0,002516559
0,002067419
0,001684713
0,002030018
0,002711708
0,001932136
0,002154332
0,002329063
0,002619465
0,002161908
0,002365409
0,002418585
0,001972559
0,001633564
0,00158947
0,001695
0,001431603
0,002697188
0,002206649
0,002713839
0,002190134
0,001432331
0,001796842
0,003333292
0,001879918
0,001337479
0,001762997
0,002166444
0,001530954
0,001853833
0,00210104
0,001513057
0,002760835
0,001713463
0,002235033
0,001896175
0,002379229
0,003602716
0,004061397
0,001921282
0,002305062
0,001606429
0,002046398
0,002713487
0,001691638
0,001720051
0,002399428
0,001601923
0,002345994
0,00149336
0,003477723
0,001976714
0,001314931
0,001508224
0,00258224
0,002146718
0,002360295
0,0021591
0,002002142
0,002294963
0,001415523
0,001800428
0,002252548
0,001882825
0,002593789
0,002248931
0,002394277
0,00222868
0,00176498
0,001854461
0,002065
0,002171688
0,002213263
0,002663919
0,001952342
0,001986332
0,002783571
0,002539912
0,002128093
0,002811282
0,002494848
0,001846078
0,001786638
0,002767653
0,001084161
0,001307918
0,002378086
0,001519596
0,001790569
0,001911918
0,002681029
0,001863136
0,00431745
0,003685482
0,00156901
0,001387591
0,00204467
0,001626772
0,001775758
0,002207403
0,001881856
0,002161647
0,002271988
0,001738299
0,002019954
0,002275489
0,001759681
0,001491457
0,001868282
0,001825353
0,001729874
0,002076482
0,001784391
0,002271963
0,001814619
0,00149914
0,002357808
0,002184398
0,002045272
0,001835383
0,002447647
0,002171963
0,001822392
0,002515168
0,002150433
0,002359488
0,001716517
0,002024233
0,002017664
0,002190032
0,002500546
0,002087279
0,002111076
0,002087307
0,002128287
0,002307086
0,002552991
0,001974217
0,001621201
0,001823089
0,001603129
0,002524928
0,001897875
0,001789275
0,002317669
0,002096849
0,001599343
0,002233142
0,001659268
0,002629458
0,001495775
0,001925152
0,001370889
0,001798127
0,001965311
0,002939968
0,003247903
0,003164199
0,003506913
0,003193826
0,003341376
0,002729594
0,00124471
0,001622349
0,001832049
0,002503548
0,002920368
0,00215787
0,002124756
0,002095652
0,002226455
0,002120395
0,001737381
0,001782071
0,003800484
0,004131197
0,001653045
0,001721483
0,001439889
0,001990222
0,001382031
0,001848233
0,002191816
0,002411338
0,00186943
0,001389778
0,002011441
0,001852721
0,002182625
0,001995589
0,001987834
0,001868012
0,001529437
0,001664475
0,002551358
0,002750929
0,00257133
0,001799782
0,001914438
0,002978561
0,002052067
0,00177261
0,001697186
0,001823763
0,002343454
0,001780034
0,002726802
0,001990505
0,001271759
0,002029765
0,002201948
0,001445488
0,002473103
0,001756207
0,001591146
0,002173623
0,00221124
0,001477592
0,002390175
0,001586336
0,001997399
0,002299051
0,001727677
0,002163724
0,001659211
0,001589065
0,001665669
0,002618414
0,002664829
0,001638851
0,001801082
0,003481508
0,002090811
0,001575383
0,002314957
0,001424658
0,001672486
0,00300196
0,002090695
0,00332377
0,003852509
0,001435074
0,001856034
0,00140335
0,002543889
0,00191912
0,002143636
0,001852165
0,001883721
0,002721551
0,00290823
0,002281135
0,002486345
0,002781909
0,002751853
0,002414765
0,002668602
0,002454232
0,002514301
0,002628591
0,002014702
0,001737041
0,004780905
0,002728714
0,001695735
0,001678864
0,001534894
0,001720329
0,001567881
0,002109746
0,002040487
0,001483505
0,001362087
0,001956443
0,00156345
0,002138931
0,002055314
0,001837027
0,00166485
0,00213805
0,001583556
0,002463148
0,002071042
0,001821268
0,002689008
0,002794526
0,002392293
0,003022688
0,002596773
0,002487764
0,001872242
0,001955474
0,001953874
0,002514907
0,002093972
0,002538044
0,002213048
0,002625264
0,002387369
0,002064903
0,002049677
0,003305492
0,001561289
0,001976089
0,001929192
0,001757868
0,001777712
0,001688904
0,001460977
0,002203841
0,001900928
0,002189785
0,001646927
0,002065769
0,001689422
0,002387641
0,001726653
0,001257663
0,002213392
0,001749052
0,002218462
0,001485282
0,001849097
0,001680267
0,001560663
0,012137243
0,001522877
0,001494375
0,001295559
0,002453727
0,002400836
0,001414307
0,001656158
0,002449406
0,001995473
0,001482471
0,001468945
0,002123567
0,001893745
0,003539971
0,001293476
0,001618065
0,001933189
0,0013504
0,0029843
0,002136017
0,001315719
0,001454614
0,001911322
0,002144058
0,001563286
0,002088511
0,002176892
0,002065537
0,002143386
0,002086702
0,002059201
0,002166044
0,002080512
0,002066643
0,002381137
0,002185253
0,001871978
0,001706307
0,001928992
0,001604662
0,001634524
0,001996401
0,001610117
0,00187467
0,001864984
0,00192007
0,001671547
0,001803998
0,002604738
0,002292689
0,002675825
0,00281273
0,00225286
0,00132385
0,001777765
0,001830143
0,001553461
0,001404872
0,001811895
0,001853399
0,00186082
0,001541547
0,001502324
0,001495616
0,001810924
0,001617458
0,001487989
0,001485183
0,001851733
0,001332741
0,001537467
0,001406594
0,001766179
0,001881508
0,001705739
0,001909387
0,001685197
0,001927564
0,001372016
0,001467146
0,001434226
0,001511669
0,001417053
0,001549135
0,002141824
0,002758891
0,003304608
0,001768592
0,001357759
0,001623589
0,001816334
0,001684366
0,002973993
0,001265529
0,001508347
0,001436753
0,001695672
0,001715524
0,001365918
0,001733827
0,001468106
0,00136899
0,00155774
0,001601784
0,001563759
0,001620265
0,001323538
0,001596724
0,001850911
0,001929241
0,002391685
0,002416656
0,002423137
0,002580045
0,002657312
0,00267753
0,002590856
0,002569354
0,002181086
0,001160375
0,001363394
0,001635785
0,001507483
0,001808545
0,001928609
0,001975049
0,00243869
0,002359987
0,00254204
0,002689793
0,002719822
0,002691819
0,002577416
0,002518399
0,002732701
0,001783956
0,001495084
0,001290762
0,001943486
0,001889561
0,001886436
0,001964264
0,001883451
0,002064239
0,001889506
0,002063227
0,002117883
0,001977128
0,001352338
0,001438131
0,001649955
0,00148202
0,002003219
0,001876003
0,001945183
0,00160778
0,001557301
0,001533147
0,001982884
0,001976464
0,002184222
0,002088727
0,00234853
0,002116476
0,002348594
0,002049076
0,002479494
0,002232786
0,002461244
0,001875874
0,001543596
0,002065472
0,001922215
0,001780732
0,002086225
0,004386647
0,00422823
0,001634477
0,001882752
0,002027377
0,002515723
0,002762102
0,00211606
0,00280735
0,001884719
0,001655756
0,001973394
0,001633463
0,002299497
0,002576355
0,001502441
0,001890143
0,001655959
0,002048116
0,002031111
0,00206281
0,001652939
0,001799042
0,001642666
0,001976793
0,001869712
0,001858987
0,001832741
0,002063654
0,002159918
0,002036989
0,001833676
0,001734308
0,002025387
0,001705717
0,002066647
0,002326191
0,002363086
0,002902655
0,002809001
0,003128647
0,003273475
0,003368485
0,003063289
0,001830486
0,001664844
0,001642328
0,001558599
0,001455764
0,001784175
0,001675874
0,001919955
0,001935077
0,00184765
0,001942829
0,001677314
0,001798454
0,001945903
0,001885133
0,001358413
0,001912214
0,002134746
0,001708734
0,001834073
0,001823858
0,00180846
0,001589454
0,001882964
0,001669899
0,001489211
0,001943566
0,001912884
0,001727101
0,001916279
0,001628299
0,001487195
0,001597774
0,001294495
0,001438411
0,001409505
0,001832491
0,001825879
0,001725981
0,001791411
0,001606508
0,001831637
0,001628777
0,001653622
0,001638911
0,0015009
0,001527305
0,001702943
0,001537299
0,001481671
0,001554237
0,001312105
0,001698013
0,001308076
0,003409799
0,001198658
0,001464199
0,001505911
0,001787568
0,001541012
0,001816281
0,001569717
0,001601167
0,001791997
0,001405508
0,001639651
0,001841171
0,001885113
0,00137871
0,001494612
0,001809488
0,001504319
0,001655481
0,001617237
0,001711853
0,001989312
0,001330084
0,001428185
0,001653793
0,001355851
0,001381068
0,001348675
0,001329392
0,001239012
0,001441835
0,001287129
0,001794265
0,001359069
0,001516522
0,001464443
0,001320158
0,001300289
0,001399275
0,001351404
0,001391306
0,001413113
0,001740948
0,001459468
0,00138303
0,001350293
0,001524465
0,001837681
0,001419878
0,001483312
0,001557565
0,001488799
0,001457729
0,001646245
0,001454547
0,001528648
0,001541699
0,001324416
0,001666227
0,001242608
0,001382222
0,001367214
0,001369204
0,001525384
0,001163901
0,001230536
0,001340116
0,001166453
0,001431288
0,001349592
0,001695872
0,00115065
0,001378804
0,001104928
0,001345772
0,001233975
0,001504845
0,001342321
0,001470402
0,001299679
0,001245281
0,001216413
0,001334685
0,00128462
0,001190123
0,001291658
0,001344027
0,001194961
0,001247565
0,001132389
0,002750952
0,001286921
0,00148387
0,001223896
0,001163139
0,001130975
0,001193315
0,001282176
0,001256871
0,001133267
0,0011583
0,001314274
0,001077073
0,001132691
0,001083376
0,001232741
0,001087815
0,001131661
0,001211505
0,001151651
0,001329769
0,001191686
0,001226704
0,001122359
0,001215809
0,001128544
0,001170877
0,001130584
0,001151884
0,001113464
0,001100271
0,001075656
0,001300154
0,001161347
0,00113978
0,001122303
0,001181056
0,001159643
0,001106273
0,001122003
0,001248476
0,001091362
0,001075389
0,001063089
0,001110058
0,001101018
0,001199149
0,001112601
0,001127596
0,001141203
0,001253722
0,001157973
0,001225263
0,00110602
0,001164808
0,001221516
0,001251265
0,001144244
0,001300513
0,001413477
0,001079679
0,001312455
0,001296251
0,001365536
0,001376642
0,001317697
0,001371214
0,001109181
0,001219565
0,001232277
0,002725982
0,00117434
0,001088104
0,001091921
0,00109522
0,001122955
0,001111802
0,001267349
0,001103958
0,001196107
0,001357688
0,00118155
0,001142168
0,0010799
0,001182266
0,001243275
0,001531387
0,001306405
0,001273752
0,001403884
0,00138036
0,001357553
0,001337097
0,001304554
0,001332768
0,001311984
0,001337414
0,001296435
0,001318565
0,001293424
0,001248574
0,001137406
0,001222548
0,001238233
0,00135208
0,001153606
0,001270036
0,00122083
0,001157482
0,001231785
0,00113624
0,001092552
0,001140867
0,00115107
0,001164672
0,001186306
0,001213659
0,001171336
0,001140297
0,001103613
0,001124649
0,001208958
0,00112786
0,001064353
0,001173575
0,001208489
0,001164904
0,001380367
0,001337369
0,001076786
0,001199379
0,001207467
0,001050764
0,001237868
0,001142364
0,001246246
0,001123557
0,00110672
0,001096425
0,00110931
0,001393317
0,001517914
0,001708119
0,001523238
0,001848636
0,001782971
0,001152033
0,001114731
0,001054616
0,00115654
0,00107135
0,001124776
0,001131833
0,001235883
0,001086909
0,001168321
0,001353711
0,001381893
0,001384104
0,001402846
0,001423913
0,001308261
0,001785736
0,001327555
0,002894823
0,00271242
0,001128724
0,001191583
0,001086153
0,001138117
0,001116636
0,00116322
0,001137383
0,001119081
0,001180974
0,001131074
0,001115605
0,001268502
0,001157459
0,001216329
0,001146524
0,001137284
0,001209008
0,001113551
0,001290571
0,001064364
0,001150185
0,001211298
0,001542769
0,001583652
0,001343228
0,001108117
0,001196814
0,001133032
0,001193581
0,001389484
0,001238155
0,001305883
0,001268893
0,001245556
0,001196687
0,001266779
0,001247223
0,001277011
0,001268184
0,001291048
0,00129703
0,001258706
0,001321586
0,001241384
0,001321137
0,001353777
0,001201896
0,001135137
0,001127881
0,001066225
0,001095982
0,001058031
0,001507984
0,001388057
0,00132388
0,001296277
0,00122229
0,001128278
0,001109379
0,001248445
0,001423135
0,001337491
0,00149871
0,001385574
0,001428508
0,001445207
0,001338466
0,001255367
0,001496019
0,001142525
0,001423851
0,001386497
0,001330087
0,001390018
0,00312264
0,001166429
0,001107564
0,001203958
0,001188868
0,001127735
0,001160775
0,001298959
0,001501648
0,001341592
0,001410789
0,001365233
0,001309343
0,001608859
0,00141883
0,001515248
0,001288753
0,001100231
0,001100006
0,001157567
0,001186674
0,00117556
0,001338177
0,001097814
0,001068356
0,001110878
0,001319747
0,001312226
0,001070746
0,001037445
0,001220506
0,00110167
0,001249353
0,001139618
0,001078495
0,001116628
0,001122702
0,001111488
0,001093574
0,001062517
0,001130489
0,001157924
0,001111748
0,001141127
0,001415138
0,001170238
0,001151558
0,0012084
0,001153153
0,001137846
0,001267359
0,001366968
0,001255664
0,00113316
0,001475881
0,001247835
0,00117891
0,001320979
0,00122371
0,001326166
0,001255924
0,001218782
0,00111695
0,00109055
0,001073728
0,001108921
0,001144728
0,001157628
0,001220148
0,002776833
0,001109722
0,001091664
0,001108954
0,001128576
0,001154295
0,001486078
0,001268178
0,001297077
0,001333208
0,001300607
0,001309451
0,00131799
0,001365368
0,001296607
0,001287197
0,001317976
0,001258879
0,001308301
0,001136272
0,001124177
0,00118701
0,00113214
0,001170544
0,00109116
0,001142793
0,00118255
0,001270583
0,001169194
0,001347479
0,001184637
0,001286252
0,001143809
0,001084782
0,00120314
0,001285402
0,001155199
0,001105693
0,001109085
0,001097775
0,001106417
0,001211935
0,001096915
0,001233424
0,001144977
0,001110816
0,001132353
0,001132575
0,001081745
0,001173623
0,001122187
0,001093675
0,001077679
0,001121066
0,001277006
0,00126094
0,001147672
0,001103575
0,001050496
0,001177396
0,001152289
0,001162667
0,001090464
0,001254578
0,001353552
0,001133818
0,001138015
0,001212882
0,001197335
0,001160859
0,0011729
0,001095335
0,001236
0,001152246
0,001219491
0,0015158
0,001426359
0,00112559
0,001144362
0,001079032
0,001240678
0,00276042
0,001116441
0,001149688
0,001245414
0,001252257
0,001161097
0,001225577
0,001298829
0,001109571
0,00118269
0,00111582
0,001185121
0,00126205
0,001084293
0,001104823
0,001168494
0,001151386
0,001363818
0,001190022
0,001215766
0,001063247
0,001232688
0,001355765
0,0016436
0,001120841
0,001128391
0,001245793
0,001408028
0,001242003
0,00115579
0,001074966
0,001184234
0,001117119
0,001103271
0,001248573
0,001226208
0,001221481
0,00120094
0,001099284
0,001186621
0,00124791
0,001187877
0,001100774
0,001137754
0,001188313
0,001126606
0,001125717
0,001104916
0,001202656
0,00111749
0,001220974
0,001265634
0,00117723
0,001101994
0,001159192
0,001254621
0,001211645
0,001137913
0,001143146
0,001236383
0,001106815
0,001182837
0,00298366
0,001069734
0,0010774
0,001161875
0,001070457
0,00127612
0,001146082
0,001169825
0,001229826
0,00111034
0,001269536
0,001199753
0,001232932
0,001084832
0,001173151
0,001257363
0,001108848
0,001105258
0,001262604
0,001265379
0,001239796
0,001092105
0,001225729
0,001173648
0,001094368
0,001227692
0,001149064
0,001085645
0,001111561
0,001133196
0,001159523
0,001137569
0,001125467
0,001057528
0,001206688
0,001051026
0,001102055
0,001161985
0,001124808
0,00119066
0,00109677
0,001198565
0,001176773
0,001115196
0,001282828
0,00112314
0,001064782
0,001143587
0,00111029
0,001064844
0,001044702
0,001195622
0,001084737
0,001105627
0,001142649
0,00107517
0,001103697
0,001096815
0,001065299
0,001083257
0,001170821
0,001190764
0,001088946
0,001184303
0,001079576
0,001211903
0,001067603
0,001095016
0,001163594
0,001190559
0,001086543
0,001139688
0,001113387
0,001089801
