8,4594E-5
8,0133E-5
7,8358E-5
7,8441E-5
7,8591E-5
8,0204E-5
8,023E-5
7,8764E-5
8,4167E-5
7,5501E-5
7,7687E-5
8,3112E-5
7,9408E-5
8,0125E-5
7,9424E-5
8,0727E-5
8,1253E-5
7,9376E-5
8,0512E-5
8,057E-5
8,0907E-5
7,7608E-5
8,0869E-5
7,9624E-5
8,0574E-5
8,0168E-5
7,8046E-5
8,0863E-5
8,1475E-5
8,0566E-5
7,9556E-5
7,7891E-5
8,2845E-5
7,8834E-5
7,6714E-5
7,9072E-5
7,7123E-5
7,9587E-5
8,1004E-5
7,981E-5
7,9219E-5
8,0236E-5
7,9581E-5
1,31949E-4
7,715E-5
8,0855E-5
8,3095E-5
8,4E-5
8,0279E-5
7,8602E-5
8,0862E-5
8,4624E-5
7,9754E-5
8,2659E-5
7,7722E-5
7,9262E-5
8,0765E-5
8,4626E-5
8,2507E-5
8,0914E-5
7,97E-5
8,7981E-5
7,8781E-5
7,9401E-5
8,4051E-5
8,2001E-5
7,782E-5
8,4746E-5
9,3726E-5
8,6936E-5
8,2944E-5
7,9133E-5
7,9156E-5
7,5903E-5
7,7795E-5
7,914E-5
8,039E-5
7,6733E-5
7,7679E-5
7,9939E-5
8,1984E-5
8,0019E-5
7,8301E-5
7,899E-5
7,9858E-5
8,1943E-5
7,8116E-5
7,8127E-5
7,6382E-5
8,0682E-5
7,8064E-5
8,07E-5
7,9675E-5
1,36418E-4
1,47516E-4
1,23284E-4
1,55287E-4
1,35304E-4
9,4399E-5
1,19469E-4
1,2885E-4
9,7941E-5
8,0891E-5
8,166E-5
8,0943E-5
7,9565E-5
8,5764E-5
8,1753E-5
8,0514E-5
8,3292E-5
7,8085E-5
8,0889E-5
7,7807E-5
8,0654E-5
8,0102E-5
8,0015E-5
7,8656E-5
7,6798E-5
8,3199E-5
8,4173E-5
7,7036E-5
7,7024E-5
7,7342E-5
9,6679E-5
7,8272E-5
7,8523E-5
7,7012E-5
7,6975E-5
7,8906E-5
8,4561E-5
8,0638E-5
7,8172E-5
7,911E-5
8,0286E-5
7,6554E-5
8,2202E-5
7,8099E-5
0,001875584
8,4105E-5
7,9944E-5
7,809E-5
8,0452E-5
7,9256E-5
7,88E-5
7,9503E-5
7,7618E-5
1,25543E-4
1,07989E-4
1,05052E-4
1,01011E-4
1,15128E-4
1,17434E-4
1,03579E-4
9,6904E-5
1,23419E-4
8,0392E-5
7,7482E-5
1,39627E-4
8,2396E-5
7,9289E-5
7,8058E-5
7,8428E-5
7,8415E-5
8,4751E-5
8,104E-5
8,2796E-5
8,0927E-5
8,0203E-5
8,4042E-5
8,214E-5
8,4388E-5
1,02398E-4
1,1865E-4
8,0958E-5
7,7898E-5
7,7932E-5
8,1911E-5
7,9248E-5
8,0196E-5
8,2912E-5
8,0458E-5
8,172E-5
8,1035E-5
9,3056E-5
7,7144E-5
8,7624E-5
8,0441E-5
8,1133E-5
7,9882E-5
8,2756E-5
8,1674E-5
8,0702E-5
8,1739E-5
7,9541E-5
8,6136E-5
8,0298E-5
8,1289E-5
8,3296E-5
8,2602E-5
9,8583E-5
7,8421E-5
8,0781E-5
7,8772E-5
8,4586E-5
8,2429E-5
7,9247E-5
8,3054E-5
7,9938E-5
7,9541E-5
7,8704E-5
8,1752E-5
8,0656E-5
8,103E-5
9,1634E-5
9,2077E-5
8,5974E-5
8,0281E-5
7,8112E-5
8,5387E-5
8,664E-5
8,1527E-5
8,313E-5
7,7109E-5
1,0591E-4
7,7995E-5
7,9379E-5
8,1044E-5
8,8219E-5
8,2245E-5
8,0594E-5
7,8461E-5
7,7096E-5
8,1335E-5
7,857E-5
8,3028E-5
8,189E-5
8,2212E-5
8,268E-5
9,9792E-5
8,2533E-5
7,978E-5
7,7757E-5
7,9392E-5
7,9204E-5
8,2029E-5
7,9294E-5
8,9313E-5
8,0876E-5
7,9445E-5
7,9045E-5
8,1032E-5
8,2171E-5
7,9085E-5
7,8711E-5
9,7006E-5
7,9675E-5
7,8054E-5
8,0228E-5
8,4933E-5
7,9926E-5
7,7507E-5
7,7499E-5
9,6316E-5
7,8071E-5
8,0262E-5
8,0217E-5
8,2377E-5
8,0914E-5
7,9461E-5
8,0247E-5
8,3864E-5
7,9551E-5
7,8848E-5
8,0349E-5
8,3303E-5
7,9414E-5
8,0212E-5
8,0136E-5
8,0111E-5
7,9435E-5
8,2161E-5
8,0174E-5
7,8333E-5
8,1822E-5
1,03242E-4
7,9592E-5
8,0636E-5
7,9835E-5
8,0571E-5
7,6481E-5
7,7134E-5
7,8371E-5
7,8292E-5
7,9088E-5
8,0998E-5
8,0593E-5
8,3426E-5
8,093E-5
8,122E-5
8,0642E-5
7,8246E-5
7,9093E-5
7,9616E-5
7,8154E-5
8,011E-5
8,4469E-5
8,072E-5
7,9989E-5
8,7784E-5
7,8553E-5
7,8685E-5
8,1898E-5
8,1515E-5
8,0509E-5
8,0559E-5
8,7746E-5
1,35509E-4
1,21355E-4
1,27118E-4
8,3058E-5
7,8819E-5
7,9865E-5
8,1048E-5
7,9424E-5
7,9967E-5
7,9392E-5
7,6944E-5
8,0136E-5
7,8028E-5
8,0039E-5
7,7975E-5
7,8753E-5
8,0935E-5
7,9644E-5
8,2405E-5
7,9109E-5
8,471E-5
8,0193E-5
8,6785E-5
8,0867E-5
8,7008E-5
8,2142E-5
8,284E-5
8,0091E-5
8,0708E-5
7,8243E-5
8,1425E-5
8,6191E-5
9,1169E-5
8,0682E-5
7,7312E-5
7,7094E-5
8,3884E-5
8,0864E-5
8,1889E-5
8,1405E-5
7,8175E-5
7,8096E-5
7,9943E-5
8,1156E-5
8,4743E-5
7,9943E-5
7,9804E-5
7,9704E-5
7,9594E-5
7,6034E-5
7,9112E-5
7,8678E-5
7,9272E-5
8,8935E-5
7,8925E-5
7,5363E-5
8,7815E-5
8,0242E-5
8,0319E-5
1,01366E-4
8,3867E-5
8,1853E-5
8,4566E-5
7,9249E-5
7,8889E-5
8,3895E-5
8,0063E-5
7,7754E-5
7,8703E-5
7,979E-5
7,9133E-5
7,9166E-5
7,771E-5
8,1538E-5
9,6778E-5
8,2925E-5
7,9794E-5
7,874E-5
7,8701E-5
7,9469E-5
7,7942E-5
8,304E-5
8,0412E-5
7,6299E-5
7,8951E-5
7,6063E-5
7,8448E-5
7,7967E-5
7,8608E-5
8,185E-5
7,7062E-5
7,8389E-5
7,8E-5
8,1463E-5
7,9757E-5
7,8715E-5
7,8929E-5
8,0622E-5
1,42077E-4
8,7394E-5
7,8128E-5
7,7351E-5
9,0218E-5
8,2127E-5
1,00584E-4
7,7924E-5
7,9421E-5
8,0523E-5
8,5739E-5
1,31556E-4
1,14476E-4
1,0512E-4
1,2003E-4
8,0307E-5
7,8981E-5
8,0409E-5
7,7489E-5
8,2401E-5
1,15915E-4
1,16928E-4
1,34261E-4
7,5617E-5
7,8013E-5
8,2432E-5
7,8908E-5
7,7583E-5
1,15036E-4
1,49403E-4
1,3032E-4
1,01524E-4
1,22538E-4
1,37374E-4
1,65161E-4
8,6084E-5
8,5106E-5
8,1151E-5
8,1269E-5
7,9396E-5
7,987E-5
7,9757E-5
8,0914E-5
8,2898E-5
7,9037E-5
7,9526E-5
8,1429E-5
7,7573E-5
7,9753E-5
7,8229E-5
8,8921E-5
7,9872E-5
7,8897E-5
7,8113E-5
8,1606E-5
8,1917E-5
8,3546E-5
8,1066E-5
7,8087E-5
8,3137E-5
7,7476E-5
8,0123E-5
8,5787E-5
8,7688E-5
8,4119E-5
8,1801E-5
7,7411E-5
7,7962E-5
7,6791E-5
8,1559E-5
7,7769E-5
8,0373E-5
8,6342E-5
7,979E-5
7,96E-5
8,0222E-5
8,3241E-5
7,7265E-5
7,9688E-5
8,0295E-5
8,2618E-5
7,6411E-5
8,2266E-5
8,2198E-5
8,6816E-5
7,8887E-5
8,0788E-5
7,7488E-5
8,387E-5
7,9586E-5
7,9377E-5
7,8083E-5
7,7742E-5
8,119E-5
7,8607E-5
1,39642E-4
8,0763E-5
7,6752E-5
8,186E-5
8,2302E-5
8,0982E-5
7,8093E-5
8,0968E-5
7,9951E-5
8,006E-5
7,8196E-5
7,821E-5
7,8884E-5
8,3997E-5
7,9427E-5
7,6241E-5
7,8672E-5
8,064E-5
8,3616E-5
8,0062E-5
8,1115E-5
7,867E-5
7,6913E-5
8,9476E-5
8,7843E-5
9,4041E-5
8,011E-5
8,27E-5
8,079E-5
7,782E-5
8,9201E-5
1,01228E-4
8,1028E-5
7,8158E-5
8,1769E-5
8,0451E-5
8,0879E-5
7,8723E-5
7,6942E-5
8,2276E-5
8,6196E-5
7,7202E-5
7,6333E-5
8,0542E-5
8,3762E-5
7,6895E-5
8,0393E-5
7,9412E-5
8,0105E-5
7,8042E-5
7,8699E-5
7,7926E-5
7,5179E-5
7,9284E-5
8,34E-5
8,0107E-5
7,7129E-5
7,827E-5
7,8753E-5
7,9677E-5
7,8818E-5
9,8208E-5
9,0025E-5
7,952E-5
8,1665E-5
8,1248E-5
7,7491E-5
7,861E-5
7,8189E-5
8,0497E-5
7,9687E-5
1,01283E-4
7,9568E-5
7,7233E-5
9,5203E-5
8,1443E-5
1,40698E-4
1,38116E-4
1,39697E-4
1,45104E-4
1,50506E-4
1,50661E-4
1,45841E-4
1,41958E-4
1,39794E-4
1,49017E-4
1,4444E-4
8,0129E-5
8,0504E-5
7,8794E-5
9,9443E-5
8,6119E-5
7,741E-5
8,0263E-5
8,0558E-5
8,8903E-5
8,5025E-5
7,8654E-5
9,0192E-5
8,0865E-5
9,2107E-5
7,873E-5
8,2607E-5
8,0412E-5
7,6575E-5
7,6557E-5
8,1369E-5
8,5854E-5
8,2208E-5
8,3561E-5
7,8283E-5
7,8492E-5
7,8928E-5
8,1182E-5
7,8753E-5
1,00707E-4
7,7731E-5
8,1728E-5
7,872E-5
7,7749E-5
8,0047E-5
8,161E-5
7,9512E-5
7,8935E-5
7,7079E-5
8,1728E-5
7,968E-5
8,2986E-5
7,8341E-5
7,9226E-5
7,8179E-5
8,1628E-5
7,8646E-5
7,9905E-5
7,5404E-5
8,0682E-5
8,0678E-5
8,4143E-5
8,2337E-5
8,2939E-5
8,014E-5
7,8914E-5
7,7987E-5
8,1915E-5
8,0253E-5
7,8596E-5
7,8051E-5
7,8845E-5
7,9789E-5
7,7251E-5
7,7499E-5
7,9212E-5
7,8935E-5
7,905E-5
7,9903E-5
8,2082E-5
8,2653E-5
8,3951E-5
7,7034E-5
7,874E-5
8,733E-5
8,8968E-5
9,0399E-5
8,0214E-5
7,9476E-5
7,8864E-5
8,2224E-5
9,0501E-5
9,2628E-5
7,5368E-5
7,6598E-5
7,7768E-5
7,7066E-5
8,1157E-5
7,8542E-5
7,6931E-5
8,1149E-5
7,8676E-5
8,0869E-5
8,1705E-5
8,0971E-5
7,9221E-5
7,9284E-5
8,0262E-5
7,8335E-5
7,7964E-5
7,9999E-5
8,145E-5
8,048E-5
8,119E-5
8,4134E-5
9,5117E-5
9,8201E-5
8,7442E-5
8,8991E-5
8,255E-5
9,0196E-5
8,64E-5
7,9114E-5
9,0078E-5
8,0082E-5
1,02084E-4
7,902E-5
7,9154E-5
7,7381E-5
8,2772E-5
8,0249E-5
7,7389E-5
1,06968E-4
8,1005E-5
7,7481E-5
7,9234E-5
7,5949E-5
7,9335E-5
7,9238E-5
7,9193E-5
7,9886E-5
7,8914E-5
8,0032E-5
8,0502E-5
8,1612E-5
8,0367E-5
7,7214E-5
7,7388E-5
7,9858E-5
8,0695E-5
9,9673E-5
7,7905E-5
7,8005E-5
9,0953E-5
1,12088E-4
7,8412E-5
7,8225E-5
9,1967E-5
7,7412E-5
8,2652E-5
7,8383E-5
7,8504E-5
8,204E-5
8,0299E-5
8,6432E-5
9,3646E-5
8,0938E-5
9,3549E-5
8,232E-5
8,1718E-5
7,9731E-5
9,9685E-5
8,0426E-5
8,1196E-5
1,40551E-4
8,0242E-5
7,6332E-5
7,578E-5
8,121E-5
7,77E-5
7,9957E-5
8,0526E-5
8,2212E-5
9,8159E-5
8,1812E-5
8,5223E-5
7,8643E-5
8,7184E-5
7,9359E-5
8,9152E-5
8,8241E-5
9,082E-5
7,6075E-5
8,0186E-5
7,8765E-5
7,8391E-5
7,7154E-5
7,7265E-5
7,7899E-5
8,5367E-5
7,8735E-5
8,3752E-5
7,9977E-5
7,9069E-5
1,06825E-4
1,02116E-4
1,27745E-4
8,1998E-5
7,6076E-5
8,0513E-5
1,01117E-4
8,3847E-5
1,23643E-4
1,08812E-4
7,8723E-5
8,252E-5
8,1235E-5
7,8383E-5
8,13E-5
7,7506E-5
8,1998E-5
7,6213E-5
8,1956E-5
7,9628E-5
9,7485E-5
7,8141E-5
7,9978E-5
8,0964E-5
7,9111E-5
7,6861E-5
8,0803E-5
8,3718E-5
7,8786E-5
8,0914E-5
7,6647E-5
9,6396E-5
7,6539E-5
7,956E-5
7,8732E-5
7,7989E-5
7,7637E-5
7,4903E-5
7,768E-5
8,1951E-5
7,7412E-5
8,1025E-5
7,9409E-5
8,3914E-5
7,9379E-5
8,0558E-5
8,0668E-5
8,1878E-5
7,856E-5
7,6878E-5
7,9399E-5
8,155E-5
8,3152E-5
7,7737E-5
8,1783E-5
8,7896E-5
7,8221E-5
7,9199E-5
7,7706E-5
8,0772E-5
8,0843E-5
9,9564E-5
7,5468E-5
7,9307E-5
8,2972E-5
7,7101E-5
8,1813E-5
9,3666E-5
8,0054E-5
8,1721E-5
7,9388E-5
7,835E-5
7,6652E-5
8,1719E-5
8,1633E-5
8,2066E-5
7,7173E-5
7,6881E-5
8,2404E-5
7,7618E-5
7,9947E-5
7,8767E-5
7,7424E-5
8,1379E-5
7,9396E-5
8,0144E-5
7,8418E-5
8,0431E-5
8,1379E-5
7,9555E-5
8,2023E-5
7,9914E-5
7,8981E-5
7,8885E-5
8,2116E-5
8,1733E-5
7,9801E-5
7,7811E-5
7,9402E-5
7,6671E-5
8,3478E-5
7,8962E-5
8,0291E-5
8,4951E-5
8,0085E-5
7,8199E-5
8,3169E-5
8,0902E-5
8,1101E-5
8,0663E-5
1,05112E-4
1,33573E-4
1,28192E-4
1,25835E-4
1,15205E-4
7,9507E-5
7,9918E-5
8,0634E-5
7,7644E-5
7,8633E-5
8,5013E-5
8,3025E-5
8,1237E-5
7,7256E-5
8,3581E-5
7,7602E-5
7,8153E-5
7,8539E-5
8,1283E-5
7,8954E-5
7,7234E-5
7,7692E-5
8,1194E-5
8,4761E-5
7,9821E-5
7,9156E-5
8,4338E-5
7,9939E-5
7,8704E-5
8,1728E-5
7,7881E-5
8,1705E-5
9,5357E-5
7,8272E-5
8,3095E-5
8,2828E-5
7,7289E-5
8,3429E-5
7,7691E-5
8,314E-5
8,1244E-5
8,4301E-5
8,5344E-5
8,0348E-5
7,977E-5
7,8853E-5
8,5635E-5
7,8849E-5
7,9372E-5
7,7518E-5
8,8332E-5
7,8923E-5
7,7789E-5
7,9262E-5
7,8657E-5
7,9644E-5
8,0607E-5
8,0004E-5
8,3696E-5
7,5741E-5
7,5667E-5
8,1124E-5
7,9703E-5
7,9049E-5
8,1292E-5
8,1319E-5
8,0462E-5
8,1515E-5
8,0433E-5
8,1029E-5
8,1129E-5
8,1501E-5
8,1063E-5
8,2347E-5
8,2135E-5
8,1988E-5
8,0437E-5
7,7627E-5
8,3019E-5
7,9941E-5
8,0211E-5
8,1783E-5
7,8377E-5
8,8021E-5
9,497E-5
8,3815E-5
7,8225E-5
8,2647E-5
8,0009E-5
8,0483E-5
8,0976E-5
8,7193E-5
1,00378E-4
8,051E-5
8,0029E-5
8,6984E-5
7,9284E-5
8,5233E-5
7,9907E-5
1,0223E-4
7,8724E-5
8,0552E-5
8,2277E-5
8,1661E-5
8,0385E-5
7,8415E-5
7,7448E-5
7,9075E-5
7,9277E-5
7,9726E-5
7,9794E-5
8,1504E-5
7,8322E-5
7,8127E-5
7,6866E-5
7,9899E-5
8,1968E-5
8,6076E-5
8,0338E-5
8,4838E-5
9,975E-5
7,8602E-5
8,5959E-5
7,8476E-5
8,6441E-5
7,9848E-5
8,0312E-5
7,9814E-5
7,784E-5
7,9675E-5
8,0504E-5
7,8563E-5
8,0419E-5
7,737E-5
7,9077E-5
8,3572E-5
7,5165E-5
8,1361E-5
1,45235E-4
1,30056E-4
8,1641E-5
8,2766E-5
1,13996E-4
1,14766E-4
1,0053E-4
1,62432E-4
1,31704E-4
1,24197E-4
1,17732E-4
1,17635E-4
1,53633E-4
1,13385E-4
1,38714E-4
1,13918E-4
1,3609E-4
1,18168E-4
1,18297E-4
1,32966E-4
1,36422E-4
1,42314E-4
7,7777E-5
7,8132E-5
8,2799E-5
7,9616E-5
8,5288E-5
7,8058E-5
8,0488E-5
7,9528E-5
8,1213E-5
7,9227E-5
7,7196E-5
8,4274E-5
9,4258E-5
8,0921E-5
8,1592E-5
8,3551E-5
8,7425E-5
9,2693E-5
7,8876E-5
8,0968E-5
7,6138E-5
8,3364E-5
7,9984E-5
7,821E-5
8,2423E-5
8,1435E-5
8,2587E-5
7,8337E-5
7,8123E-5
7,9158E-5
7,8098E-5
7,6617E-5
7,5728E-5
7,6764E-5
8,3854E-5
7,9162E-5
8,0624E-5
7,9304E-5
7,7953E-5
8,0476E-5
7,9949E-5
8,0567E-5
8,004E-5
8,4713E-5
8,0278E-5
7,7104E-5
7,9867E-5
7,9602E-5
8,4526E-5
7,9724E-5
8,1096E-5
8,2695E-5
8,0965E-5
7,7675E-5
7,86E-5
7,9326E-5
8,2924E-5
8,2065E-5
7,6506E-5
8,0094E-5
8,0702E-5
7,7552E-5
8,0442E-5
7,7741E-5
7,9149E-5
7,7361E-5
8,2984E-5
7,9415E-5
8,203E-5
7,996E-5
8,3025E-5
7,9517E-5
8,0242E-5
8,5342E-5
8,0737E-5
7,7914E-5
7,6464E-5
7,771E-5
8,5497E-5
7,8985E-5
8,1493E-5
7,8639E-5
7,814E-5
9,0195E-5
7,9879E-5
8,0907E-5
7,8904E-5
7,6612E-5
7,9861E-5
7,954E-5
7,9777E-5
8,78E-5
7,7432E-5
7,9788E-5
8,0751E-5
7,6644E-5
7,8949E-5
7,9801E-5
7,6531E-5
7,9328E-5
8,5458E-5
8,6516E-5
7,8741E-5
7,8779E-5
8,0893E-5
7,7838E-5
8,3717E-5
8,3871E-5
8,1461E-5
8,2551E-5
7,9336E-5
7,9028E-5
8,7085E-5
7,889E-5
7,9004E-5
8,7499E-5
7,8441E-5
7,8281E-5
8,0958E-5
7,8805E-5
7,8755E-5
8,3341E-5
7,9646E-5
0,00161401
8,1536E-5
8,3105E-5
7,9278E-5
7,9464E-5
9,832E-5
8,2351E-5
7,8057E-5
7,6442E-5
8,1146E-5
7,9622E-5
8,0138E-5
8,6285E-5
7,5822E-5
8,3542E-5
7,8087E-5
8,7162E-5
8,1278E-5
7,9202E-5
8,125E-5
7,9045E-5
7,987E-5
7,9199E-5
8,1271E-5
8,3443E-5
7,8979E-5
8,1885E-5
8,0461E-5
7,7959E-5
7,9388E-5
7,9694E-5
7,8942E-5
8,1286E-5
7,9003E-5
8,0295E-5
8,1957E-5
8,0141E-5
7,8671E-5
8,1178E-5
7,9316E-5
8,2267E-5
9,9897E-5
7,9661E-5
8,0956E-5
8,2993E-5
7,866E-5
8,5101E-5
7,9739E-5
7,6329E-5
7,6711E-5
7,8335E-5
7,7389E-5
7,6693E-5
7,8511E-5
7,9251E-5
7,7486E-5
1,00625E-4
8,2756E-5
1,00122E-4
7,9077E-5
7,8024E-5
8,1551E-5
8,0491E-5
7,9462E-5
7,9005E-5
8,162E-5
7,9584E-5
9,1269E-5
8,421E-5
7,9008E-5
7,929E-5
8,0251E-5
7,9949E-5
9,8364E-5
8,1148E-5
9,2161E-5
8,2725E-5
7,8887E-5
9,4151E-5
7,7765E-5
7,7433E-5
8,2616E-5
7,9518E-5
7,7E-5
7,9434E-5
8,4548E-5
7,8646E-5
7,7263E-5
7,9728E-5
7,7887E-5
8,4278E-5
7,9322E-5
8,2968E-5
8,3642E-5
7,752E-5
7,9091E-5
7,8587E-5
8,0803E-5
7,6196E-5
8,1181E-5
7,9529E-5
7,913E-5
8,4895E-5
8,2633E-5
7,8594E-5
7,6295E-5
8,3741E-5
7,8851E-5
8,8768E-5
7,8559E-5
8,0286E-5
8,6661E-5
7,9972E-5
8,0242E-5
8,1229E-5
7,7014E-5
8,0668E-5
7,788E-5
7,8311E-5
8,4023E-5
8,7395E-5
8,1698E-5
8,1453E-5
8,6935E-5
7,5422E-5
7,9104E-5
8,0082E-5
8,1909E-5
8,1165E-5
9,6688E-5
9,8459E-5
7,5875E-5
8,0657E-5
7,707E-5
7,7178E-5
7,8229E-5
8,2561E-5
8,1498E-5
8,0333E-5
7,7571E-5
7,8148E-5
8,0939E-5
7,6198E-5
8,377E-5
8,7166E-5
7,8007E-5
7,8457E-5
7,8833E-5
7,9698E-5
8,4842E-5
8,0657E-5
8,0806E-5
7,9975E-5
8,0203E-5
8,0461E-5
7,9597E-5
8,0245E-5
7,6931E-5
7,8131E-5
8,0483E-5
7,6908E-5
8,5481E-5
8,0009E-5
8,2182E-5
8,2042E-5
7,8833E-5
8,1801E-5
8,0208E-5
8,1284E-5
8,0668E-5
8,1289E-5
8,2993E-5
7,7055E-5
7,8227E-5
8,1266E-5
7,7294E-5
7,5804E-5
8,0681E-5
8,0637E-5
7,9677E-5
8,1736E-5
8,1445E-5
8,4276E-5
7,7796E-5
7,7891E-5
7,8961E-5
8,2259E-5
7,7542E-5
8,0268E-5
8,1427E-5
8,1616E-5
7,8503E-5
7,8114E-5
8,7221E-5
7,9329E-5
7,5574E-5
8,083E-5
8,0857E-5
8,2559E-5
7,9759E-5
7,9255E-5
8,0291E-5
8,8892E-5
8,1524E-5
9,0268E-5
7,6453E-5
7,8155E-5
8,028E-5
8,0491E-5
8,9926E-5
7,8452E-5
7,7795E-5
8,4312E-5
7,6455E-5
7,9022E-5
7,9108E-5
7,9756E-5
8,1897E-5
8,1031E-5
7,9351E-5
8,3312E-5
7,7636E-5
9,1247E-5
7,7786E-5
8,0303E-5
8,1778E-5
7,8339E-5
7,6988E-5
7,8294E-5
7,8744E-5
7,8963E-5
7,8874E-5
8,1137E-5
8,1493E-5
8,0724E-5
8,0546E-5
8,7102E-5
8,0873E-5
8,2621E-5
7,8992E-5
7,7729E-5
7,8778E-5
7,6611E-5
7,8916E-5
7,7775E-5
7,8967E-5
7,8803E-5
7,8952E-5
8,0907E-5
8,116E-5
7,9111E-5
8,1673E-5
7,9831E-5
7,8155E-5
7,7672E-5
7,9094E-5
7,8489E-5
7,8433E-5
7,8638E-5
8,3967E-5
8,0429E-5
7,7019E-5
7,8991E-5
9,3113E-5
7,8857E-5
7,9374E-5
7,8261E-5
8,011E-5
8,1448E-5
8,7031E-5
7,9305E-5
7,654E-5
7,9669E-5
8,1986E-5
7,7368E-5
8,6158E-5
7,6398E-5
7,8602E-5
7,9292E-5
7,9622E-5
7,7319E-5
7,9627E-5
8,5312E-5
7,7007E-5
8,9801E-5
8,3966E-5
8,0418E-5
8,1153E-5
8,2957E-5
7,8991E-5
7,815E-5
8,2049E-5
7,9335E-5
7,8573E-5
7,9981E-5
8,3135E-5
8,1531E-5
7,733E-5
8,053E-5
9,7945E-5
7,6131E-5
7,6132E-5
8,2771E-5
7,6255E-5
8,3241E-5
8,0196E-5
8,0116E-5
8,2551E-5
8,5637E-5
8,0167E-5
8,5906E-5
7,7592E-5
7,8174E-5
8,1541E-5
9,7353E-5
8,0839E-5
7,8818E-5
7,7457E-5
9,3188E-5
8,0093E-5
7,902E-5
8,0769E-5
7,7896E-5
7,9022E-5
7,918E-5
8,5697E-5
8,0808E-5
9,0839E-5
7,9046E-5
7,9723E-5
7,9891E-5
7,9712E-5
7,6834E-5
8,0674E-5
7,6756E-5
7,8586E-5
7,7369E-5
7,9326E-5
7,6125E-5
8,1935E-5
8,2538E-5
7,6842E-5
7,8987E-5
7,9721E-5
8,0761E-5
8,0315E-5
8,1965E-5
7,8162E-5
8,0505E-5
7,8855E-5
8,1133E-5
8,0633E-5
8,0933E-5
8,1208E-5
8,0031E-5
8,4696E-5
8,2883E-5
8,12E-5
8,2933E-5
8,1156E-5
8,3463E-5
7,8676E-5
8,2232E-5
8,2673E-5
7,8457E-5
8,2676E-5
7,7178E-5
8,1953E-5
7,9175E-5
7,9634E-5
7,9982E-5
7,7941E-5
8,0204E-5
8,0398E-5
7,938E-5
7,9286E-5
7,9327E-5
7,7848E-5
7,7751E-5
7,6567E-5
7,6762E-5
8,7158E-5
8,1668E-5
8,0068E-5
8,2736E-5
7,5456E-5
8,0228E-5
7,9817E-5
8,1916E-5
8,1872E-5
8,2076E-5
9,5084E-5
7,9405E-5
7,8002E-5
8,4649E-5
7,8248E-5
7,9003E-5
8,1386E-5
7,9487E-5
8,0101E-5
7,6989E-5
8,058E-5
7,7677E-5
8,2896E-5
7,9631E-5
7,6656E-5
7,9416E-5
8,0147E-5
8,0071E-5
9,7126E-5
8,0727E-5
8,2383E-5
7,9298E-5
7,876E-5
8,3269E-5
8,4314E-5
8,5548E-5
7,8487E-5
8,0725E-5
7,9922E-5
7,9854E-5
8,0452E-5
8,4048E-5
7,9869E-5
7,9745E-5
8,1292E-5
7,6905E-5
7,9099E-5
8,3497E-5
8,128E-5
7,9864E-5
8,3146E-5
8,0138E-5
8,4661E-5
8,037E-5
9,0488E-5
9,0299E-5
8,1217E-5
7,6058E-5
8,2565E-5
7,7686E-5
8,1476E-5
7,8547E-5
1,108E-4
9,5477E-5
7,9264E-5
7,8862E-5
7,7404E-5
7,6593E-5
8,3049E-5
7,8041E-5
7,7867E-5
7,9429E-5
7,9093E-5
7,8755E-5
7,9052E-5
8,55E-5
8,2294E-5
8,5407E-5
7,8956E-5
7,7969E-5
7,653E-5
7,9798E-5
8,3539E-5
7,6808E-5
7,8682E-5
8,2607E-5
8,323E-5
8,211E-5
8,611E-5
8,6321E-5
8,2795E-5
7,9932E-5
8,8467E-5
7,777E-5
7,8156E-5
7,8197E-5
8,2734E-5
9,4954E-5
7,8611E-5
7,8402E-5
7,9656E-5
7,9064E-5
7,6615E-5
8,0716E-5
8,2606E-5
8,2424E-5
7,5459E-5
8,0464E-5
8,3824E-5
8,2251E-5
8,0471E-5
8,0241E-5
7,9128E-5
7,751E-5
7,9997E-5
7,6629E-5
7,8571E-5
7,8159E-5
7,8487E-5
8,2125E-5
8,8806E-5
8,1104E-5
8,415E-5
8,6279E-5
7,8965E-5
7,8436E-5
8,1634E-5
8,2476E-5
7,8151E-5
7,9266E-5
7,7047E-5
8,0261E-5
7,8761E-5
8,6376E-5
7,7764E-5
1,14597E-4
1,35773E-4
9,2838E-5
1,08423E-4
8,3009E-5
8,0935E-5
7,9187E-5
8,0633E-5
7,6562E-5
1,02182E-4
8,0097E-5
8,3671E-5
7,8771E-5
8,2526E-5
7,8714E-5
7,9027E-5
7,8277E-5
8,1285E-5
7,7527E-5
1,24138E-4
1,40312E-4
1,25366E-4
1,37064E-4
1,1562E-4
1,20647E-4
1,02919E-4
1,08796E-4
1,06434E-4
8,171E-5
8,0779E-5
8,1959E-5
7,958E-5
7,854E-5
8,1597E-5
8,1484E-5
7,9811E-5
8,172E-5
7,9451E-5
8,084E-5
8,2099E-5
8,1739E-5
1,32808E-4
1,19244E-4
1,34562E-4
7,8048E-5
8,0159E-5
7,8367E-5
1,3488E-4
1,10633E-4
7,9884E-5
7,7979E-5
7,5886E-5
7,7169E-5
7,7054E-5
8,161E-5
7,9875E-5
7,6024E-5
7,932E-5
8,1487E-5
7,8129E-5
7,6154E-5
7,6558E-5
8,1474E-5
8,2617E-5
7,9227E-5
7,791E-5
8,5837E-5
7,9646E-5
7,7592E-5
8,0389E-5
7,657E-5
7,8152E-5
8,0998E-5
7,6516E-5
7,9474E-5
8,0475E-5
8,0542E-5
8,3641E-5
8,3462E-5
8,034E-5
8,4156E-5
7,9995E-5
7,8673E-5
7,8489E-5
8,3114E-5
7,9284E-5
7,6998E-5
8,049E-5
8,2854E-5
7,6973E-5
7,7638E-5
8,039E-5
1,45772E-4
1,2799E-4
1,29879E-4
1,28494E-4
1,31655E-4
8,2444E-5
7,8916E-5
8,2851E-5
7,8408E-5
7,8135E-5
8,047E-5
1,3179E-4
7,9338E-5
7,9697E-5
8,3931E-5
8,3753E-5
1,13783E-4
8,5018E-5
8,6111E-5
8,0821E-5
8,1867E-5
1,3906E-4
1,05218E-4
1,31197E-4
1,1519E-4
1,14195E-4
7,8753E-5
7,7647E-5
7,9593E-5
7,572E-5
7,7408E-5
7,8345E-5
8,1229E-5
7,6792E-5
7,8906E-5
7,7274E-5
7,8477E-5
8,0976E-5
8,0605E-5
8,216E-5
7,9719E-5
7,8982E-5
7,7172E-5
7,786E-5
8,2121E-5
8,506E-5
1,12963E-4
1,24713E-4
7,8113E-5
7,829E-5
8,142E-5
7,6127E-5
8,0469E-5
7,8935E-5
8,3394E-5
8,1787E-5
7,9881E-5
8,0855E-5
8,141E-5
7,9105E-5
7,7173E-5
8,3755E-5
8,0861E-5
1,33264E-4
1,10502E-4
1,42061E-4
1,09318E-4
1,19392E-4
1,35982E-4
8,0306E-5
8,191E-5
8,1037E-5
8,0261E-5
8,0599E-5
8,0832E-5
8,0672E-5
1,39818E-4
7,7784E-5
7,6681E-5
8,0708E-5
7,6886E-5
8,176E-5
8,2089E-5
7,9877E-5
8,2014E-5
7,8727E-5
8,2904E-5
8,5021E-5
7,9985E-5
8,1053E-5
8,666E-5
7,9158E-5
7,9695E-5
8,0785E-5
8,0037E-5
8,4997E-5
8,099E-5
7,8942E-5
7,9548E-5
7,9618E-5
8,4784E-5
8,1047E-5
1,01835E-4
8,1495E-5
7,8372E-5
8,0635E-5
8,0778E-5
7,8184E-5
8,054E-5
7,9156E-5
8,0209E-5
8,0457E-5
8,1659E-5
8,1703E-5
7,9234E-5
7,7973E-5
7,7803E-5
8,0134E-5
9,9326E-5
7,6802E-5
7,9093E-5
7,9584E-5
8,562E-5
8,0074E-5
8,0205E-5
7,7666E-5
8,0812E-5
8,5866E-5
7,8617E-5
8,7177E-5
7,8784E-5
7,995E-5
8,2127E-5
7,7366E-5
7,6685E-5
8,7971E-5
8,0587E-5
7,8839E-5
7,9842E-5
7,938E-5
8,0045E-5
8,2922E-5
8,0127E-5
8,3106E-5
7,9102E-5
8,0739E-5
7,9484E-5
7,9184E-5
7,9457E-5
7,9143E-5
8,2918E-5
7,923E-5
8,7385E-5
8,253E-5
8,3231E-5
7,8848E-5
8,4431E-5
7,9357E-5
8,3503E-5
7,9632E-5
8,3526E-5
8,2485E-5
7,998E-5
8,1573E-5
8,2383E-5
8,3614E-5
8,188E-5
8,032E-5
7,6632E-5
7,9306E-5
8,1452E-5
7,7768E-5
8,1238E-5
8,6013E-5
7,8035E-5
8,0319E-5
7,6921E-5
7,7068E-5
7,8377E-5
7,7911E-5
7,9278E-5
8,2261E-5
8,5356E-5
8,2288E-5
8,4245E-5
8,8891E-5
9,0893E-5
7,8129E-5
7,6313E-5
7,9126E-5
8,7545E-5
8,6208E-5
8,0069E-5
7,6831E-5
8,0583E-5
8,0317E-5
8,9926E-5
8,015E-5
7,9551E-5
8,8192E-5
8,6336E-5
8,0833E-5
8,3123E-5
8,6382E-5
8,1349E-5
8,4671E-5
7,7797E-5
9,7705E-5
1,22277E-4
1,00534E-4
1,14359E-4
1,27596E-4
1,16159E-4
1,4314E-4
8,1848E-5
8,2756E-5
8,1841E-5
7,8142E-5
8,1467E-5
8,3471E-5
7,8757E-5
7,6658E-5
7,6578E-5
7,9857E-5
8,0701E-5
8,2821E-5
8,6927E-5
7,8089E-5
7,7621E-5
8,283E-5
7,7177E-5
7,8922E-5
1,00958E-4
8,3044E-5
7,7766E-5
7,8133E-5
8,0035E-5
7,9462E-5
8,0222E-5
7,9887E-5
7,9211E-5
7,7382E-5
7,8334E-5
8,1315E-5
8,3325E-5
8,2339E-5
7,8818E-5
7,8686E-5
7,9606E-5
8,1108E-5
7,804E-5
8,3684E-5
8,2675E-5
8,2749E-5
8,3069E-5
8,0755E-5
8,1145E-5
7,9398E-5
8,432E-5
7,9978E-5
8,0466E-5
7,9412E-5
7,7182E-5
8,2779E-5
7,5691E-5
7,6527E-5
9,3777E-5
7,7073E-5
7,7622E-5
7,7778E-5
8,0226E-5
7,6133E-5
8,0427E-5
7,8399E-5
7,8645E-5
8,1136E-5
7,9981E-5
8,2126E-5
7,7126E-5
7,9786E-5
7,7619E-5
7,587E-5
7,7231E-5
7,7258E-5
7,8044E-5
8,2255E-5
8,264E-5
7,8005E-5
7,9497E-5
7,9472E-5
7,8114E-5
9,2508E-5
8,031E-5
7,958E-5
7,8852E-5
7,8207E-5
7,7314E-5
8,345E-5
8,0809E-5
7,9999E-5
7,7499E-5
7,6704E-5
7,7802E-5
7,6526E-5
1,35272E-4
9,0437E-5
8,3199E-5
8,3404E-5
7,892E-5
8,7108E-5
7,829E-5
8,6589E-5
7,9943E-5
8,1103E-5
8,0516E-5
7,8987E-5
7,9295E-5
8,0711E-5
7,8263E-5
7,7352E-5
7,9936E-5
7,7837E-5
8,626E-5
7,9585E-5
7,7445E-5
8,0576E-5
7,9908E-5
8,0792E-5
7,9502E-5
8,3577E-5
7,7152E-5
8,1311E-5
8,1057E-5
8,8444E-5
1,03625E-4
8,0687E-5
8,5026E-5
7,6808E-5
7,931E-5
8,193E-5
8,1757E-5
8,661E-5
1,00646E-4
1,23327E-4
7,9825E-5
7,9285E-5
8,1971E-5
8,0314E-5
8,0001E-5
8,1047E-5
7,9861E-5
7,9573E-5
8,2217E-5
7,6692E-5
8,0507E-5
1,45455E-4
1,47841E-4
1,39955E-4
1,35644E-4
7,8758E-5
8,4787E-5
7,6255E-5
7,957E-5
7,9636E-5
7,9994E-5
8,3577E-5
8,1528E-5
7,9735E-5
7,8986E-5
8,1799E-5
7,8368E-5
8,0914E-5
7,6792E-5
8,9441E-5
1,20184E-4
1,22676E-4
1,45204E-4
8,1848E-5
7,7299E-5
7,8337E-5
8,1736E-5
8,0004E-5
8,3201E-5
7,8302E-5
8,0232E-5
7,6422E-5
8,5272E-5
7,9184E-5
8,1363E-5
8,3781E-5
7,9237E-5
8,2261E-5
8,0735E-5
8,0492E-5
7,985E-5
7,8037E-5
8,0074E-5
8,0797E-5
8,0521E-5
8,0613E-5
8,0013E-5
7,6594E-5
8,0722E-5
8,0464E-5
7,7706E-5
8,1291E-5
8,2456E-5
8,1381E-5
7,8319E-5
7,8784E-5
7,9618E-5
8,0247E-5
8,1071E-5
8,3441E-5
7,8603E-5
8,0384E-5
8,0978E-5
8,7479E-5
7,9695E-5
8,074E-5
8,3259E-5
7,8658E-5
8,5771E-5
7,8954E-5
8,0418E-5
8,0074E-5
7,9756E-5
8,0286E-5
8,2491E-5
7,9312E-5
7,7125E-5
7,8555E-5
7,8859E-5
7,7123E-5
8,1802E-5
8,4452E-5
8,1196E-5
7,7141E-5
9,015E-5
7,7249E-5
8,1349E-5
7,853E-5
7,7101E-5
8,4708E-5
7,9645E-5
8,2174E-5
8,1288E-5
8,1116E-5
8,2102E-5
7,7738E-5
7,9749E-5
7,8913E-5
7,9907E-5
7,7199E-5
8,1012E-5
1,00117E-4
8,0849E-5
7,976E-5
7,9543E-5
7,9224E-5
7,9785E-5
8,1823E-5
8,0937E-5
7,84E-5
1,02743E-4
8,0882E-5
8,1279E-5
7,9884E-5
7,7638E-5
7,8432E-5
7,8274E-5
8,0855E-5
7,6998E-5
8,0218E-5
7,8816E-5
7,8152E-5
8,3572E-5
8,262E-5
7,9618E-5
7,9781E-5
7,8797E-5
8,0584E-5
7,7848E-5
7,5875E-5
9,6005E-5
7,6245E-5
8,102E-5
8,1629E-5
7,9495E-5
7,967E-5
8,1128E-5
8,1127E-5
8,1172E-5
8,0838E-5
7,7302E-5
7,9656E-5
7,9926E-5
8,1692E-5
7,759E-5
7,9999E-5
7,985E-5
7,7937E-5
8,1065E-5
7,8881E-5
8,9032E-5
7,8395E-5
7,9285E-5
7,9751E-5
8,8986E-5
7,8216E-5
1,3347E-4
1,13769E-4
1,16433E-4
1,14927E-4
1,06319E-4
1,09966E-4
1,09756E-4
1,34651E-4
1,47804E-4
1,49608E-4
7,8012E-5
7,7852E-5
7,8813E-5
7,9417E-5
8,1862E-5
8,1356E-5
8,0313E-5
8,017E-5
8,0265E-5
8,2514E-5
9,0393E-5
9,1162E-5
8,1457E-5
8,2169E-5
8,1182E-5
8,4161E-5
8,1262E-5
7,863E-5
7,9506E-5
7,898E-5
7,7359E-5
7,8437E-5
8,0637E-5
8,1388E-5
9,1033E-5
7,6165E-5
7,856E-5
8,1746E-5
7,8915E-5
7,813E-5
7,9279E-5
7,7587E-5
7,5795E-5
7,9453E-5
7,8695E-5
8,7392E-5
9,899E-5
7,8538E-5
7,8707E-5
1,36789E-4
1,1069E-4
1,20987E-4
1,34407E-4
1,63376E-4
1,25539E-4
1,47293E-4
7,8214E-5
1,03073E-4
8,0651E-5
7,9458E-5
7,9567E-5
7,9695E-5
8,0055E-5
8,3479E-5
1,1013E-4
1,39572E-4
1,28462E-4
1,13814E-4
1,43271E-4
1,28211E-4
1,1799E-4
1,0825E-4
1,11925E-4
9,65E-5
7,9522E-5
1,02034E-4
7,6473E-5
7,7362E-5
8,0735E-5
7,9317E-5
8,3296E-5
7,9044E-5
8,3425E-5
7,6582E-5
8,3206E-5
7,8547E-5
8,1623E-5
7,8266E-5
7,8885E-5
9,122E-5
7,9484E-5
7,7221E-5
7,8506E-5
8,232E-5
8,1248E-5
7,7565E-5
8,6358E-5
7,8469E-5
8,1601E-5
8,2458E-5
7,8378E-5
8,0017E-5
7,7366E-5
8,2762E-5
7,8591E-5
8,0404E-5
7,8249E-5
7,9337E-5
7,7635E-5
8,1388E-5
8,1235E-5
7,9555E-5
7,5204E-5
8,1516E-5
7,8955E-5
7,6466E-5
7,9034E-5
7,9833E-5
8,2593E-5
7,5941E-5
8,7565E-5
8,162E-5
8,0984E-5
8,1981E-5
7,8017E-5
8,0133E-5
8,0251E-5
8,7224E-5
7,7276E-5
8,0858E-5
7,954E-5
8,4511E-5
7,851E-5
8,101E-5
8,14E-5
7,9354E-5
8,0301E-5
8,5242E-5
8,4751E-5
7,9421E-5
9,4401E-5
7,8602E-5
8,1606E-5
7,875E-5
8,7265E-5
8,065E-5
8,9579E-5
8,2639E-5
8,25E-5
7,9838E-5
7,8944E-5
7,8708E-5
8,0304E-5
8,274E-5
7,7535E-5
8,1725E-5
8,0821E-5
7,9982E-5
8,0377E-5
8,1063E-5
7,8498E-5
7,7518E-5
9,4144E-5
7,9313E-5
8,0189E-5
7,9903E-5
7,9226E-5
8,0861E-5
7,8923E-5
7,812E-5
8,1129E-5
7,7981E-5
9,8846E-5
7,8279E-5
7,648E-5
7,8421E-5
7,918E-5
7,5089E-5
7,6914E-5
7,5455E-5
7,8623E-5
7,7856E-5
7,8744E-5
8,3997E-5
7,9095E-5
7,6957E-5
1,22772E-4
1,36256E-4
7,8494E-5
7,6959E-5
1,05982E-4
1,24535E-4
1,29695E-4
1,16215E-4
1,20228E-4
1,09735E-4
1,1643E-4
1,30983E-4
1,20227E-4
8,0373E-5
8,1697E-5
7,908E-5
8,0572E-5
7,9891E-5
7,7482E-5
8,164E-5
7,9943E-5
7,6048E-5
8,029E-5
7,7461E-5
7,8425E-5
8,1419E-5
7,9421E-5
8,1989E-5
8,2344E-5
8,0346E-5
7,7992E-5
7,8676E-5
8,1758E-5
7,7857E-5
7,9886E-5
8,1068E-5
7,9145E-5
7,9402E-5
7,8767E-5
7,8235E-5
8,3356E-5
8,1718E-5
8,3724E-5
7,9587E-5
7,7974E-5
7,557E-5
7,8859E-5
7,966E-5
8,2529E-5
7,6991E-5
8,0834E-5
7,768E-5
7,9721E-5
7,8777E-5
7,9779E-5
7,8149E-5
7,7395E-5
7,905E-5
7,9985E-5
8,0721E-5
8,0708E-5
8,1137E-5
7,8249E-5
7,9489E-5
8,1104E-5
8,4933E-5
8,2224E-5
7,9186E-5
7,7885E-5
8,3022E-5
7,9123E-5
8,0215E-5
7,9381E-5
8,1085E-5
7,9454E-5
8,1506E-5
8,0111E-5
8,1753E-5
8,2343E-5
7,7237E-5
7,9788E-5
7,8093E-5
8,3932E-5
8,1049E-5
7,7282E-5
7,6661E-5
7,9082E-5
7,8117E-5
7,775E-5
9,6225E-5
8,6049E-5
8,147E-5
7,9415E-5
7,8414E-5
8,6756E-5
7,6909E-5
8,2581E-5
7,8833E-5
7,6003E-5
8,1329E-5
7,9155E-5
7,8557E-5
8,0516E-5
7,7892E-5
7,8759E-5
7,5852E-5
1,24435E-4
7,975E-5
7,5631E-5
8,2482E-5
8,0192E-5
7,7126E-5
9,7182E-5
7,6626E-5
7,6458E-5
7,8834E-5
7,724E-5
7,8947E-5
7,7849E-5
7,8878E-5
7,5904E-5
8,4786E-5
7,5123E-5
8,1313E-5
8,1833E-5
8,1517E-5
7,8623E-5
8,0124E-5
7,883E-5
8,3329E-5
7,9935E-5
7,9146E-5
9,8912E-5
7,6757E-5
8,5822E-5
8,0317E-5
8,0009E-5
7,6641E-5
8,162E-5
9,4182E-5
7,9117E-5
8,5205E-5
9,5635E-5
8,0625E-5
7,5994E-5
8,0648E-5
7,6425E-5
7,6371E-5
9,6857E-5
7,7461E-5
7,9294E-5
7,8382E-5
7,8088E-5
7,7203E-5
9,9137E-5
8,3826E-5
8,4681E-5
8,0197E-5
8,0674E-5
8,4934E-5
8,0317E-5
7,7934E-5
8,0774E-5
8,0132E-5
7,856E-5
7,7492E-5
7,7871E-5
8,1449E-5
8,3483E-5
8,0152E-5
7,6331E-5
8,0696E-5
8,0533E-5
8,4099E-5
8,3717E-5
8,0751E-5
8,2218E-5
7,7542E-5
8,6412E-5
1,23834E-4
1,15598E-4
1,00871E-4
1,31091E-4
1,11041E-4
1,40777E-4
9,8527E-5
1,42716E-4
1,24104E-4
9,2453E-5
1,48176E-4
1,154E-4
1,48303E-4
9,986E-5
1,19135E-4
1,3647E-4
1,04487E-4
1,43724E-4
9,2184E-5
9,9339E-5
1,37906E-4
1,40328E-4
7,9173E-5
7,9384E-5
7,9452E-5
8,9476E-5
8,4674E-5
1,30519E-4
8,1394E-5
9,4834E-5
7,8628E-5
8,1316E-5
7,9209E-5
7,5628E-5
1,09509E-4
1,45992E-4
8,747E-5
8,6206E-5
8,0234E-5
7,6209E-5
8,6711E-5
8,5153E-5
8,5006E-5
7,9069E-5
8,9875E-5
7,754E-5
7,8316E-5
7,9617E-5
7,5246E-5
9,081E-5
8,974E-5
7,8169E-5
8,5223E-5
7,9091E-5
8,1349E-5
7,8667E-5
7,9054E-5
7,8796E-5
7,7008E-5
8,1307E-5
7,9989E-5
9,4025E-5
7,9464E-5
9,7807E-5
8,7629E-5
7,9144E-5
8,9348E-5
8,1962E-5
7,9687E-5
8,6441E-5
8,2013E-5
7,7281E-5
7,9282E-5
7,6738E-5
7,978E-5
7,5884E-5
7,745E-5
8,2518E-5
7,583E-5
8,8033E-5
7,8022E-5
8,9469E-5
7,9516E-5
7,7247E-5
7,6419E-5
8,0416E-5
7,7786E-5
7,7195E-5
7,6831E-5
7,6547E-5
7,9795E-5
7,9679E-5
8,3598E-5
1,17467E-4
1,5854E-4
7,6081E-5
1,28045E-4
1,10691E-4
9,9566E-5
8,1821E-5
7,6963E-5
8,0386E-5
8,6192E-5
7,9346E-5
7,8462E-5
7,9618E-5
1,28658E-4
7,6541E-5
7,9927E-5
8,0454E-5
7,7323E-5
7,855E-5
7,4124E-5
7,6894E-5
8,5368E-5
8,0516E-5
7,9008E-5
8,2942E-5
7,6158E-5
7,7861E-5
8,624E-5
7,9666E-5
8,1331E-5
8,0652E-5
7,5441E-5
7,6839E-5
8,1069E-5
7,7237E-5
8,0383E-5
8,3811E-5
7,9983E-5
7,6772E-5
7,9888E-5
7,6589E-5
1,15002E-4
1,05787E-4
8,3452E-5
8,0905E-5
7,9235E-5
7,7975E-5
7,7511E-5
7,6076E-5
7,7525E-5
7,7093E-5
7,8828E-5
7,9986E-5
8,2118E-5
9,6046E-5
8,3382E-5
7,9244E-5
7,7316E-5
7,5282E-5
7,9893E-5
7,9892E-5
7,812E-5
7,6372E-5
7,9073E-5
8,7653E-5
7,7088E-5
9,0092E-5
7,7829E-5
7,8702E-5
8,053E-5
8,231E-5
9,2663E-5
8,067E-5
8,0109E-5
7,6245E-5
7,8194E-5
7,6882E-5
8,7802E-5
1,13594E-4
1,22153E-4
1,18037E-4
1,16217E-4
1,4281E-4
8,4759E-5
7,8735E-5
7,9203E-5
7,7945E-5
7,9641E-5
7,7877E-5
7,8562E-5
9,2617E-5
7,9116E-5
7,8142E-5
7,8487E-5
8,073E-5
9,167E-5
7,9546E-5
7,8554E-5
7,8118E-5
8,7517E-5
7,8109E-5
8,8146E-5
9,0396E-5
8,0527E-5
8,3407E-5
7,8987E-5
1,11355E-4
7,9394E-5
7,7905E-5
8,0976E-5
8,1786E-5
8,4197E-5
7,6467E-5
7,8675E-5
8,1999E-5
7,6655E-5
1,03534E-4
7,9717E-5
7,7775E-5
7,6477E-5
8,9369E-5
1,0638E-4
8,252E-5
8,3055E-5
7,6119E-5
8,393E-5
8,0463E-5
7,6366E-5
7,5165E-5
7,9875E-5
7,8948E-5
7,6743E-5
7,5006E-5
7,9363E-5
7,8252E-5
7,6801E-5
7,7269E-5
7,8498E-5
8,1291E-5
7,9822E-5
7,7816E-5
7,8924E-5
7,8419E-5
7,724E-5
7,7439E-5
7,9896E-5
7,7897E-5
8,0726E-5
7,7127E-5
8,0115E-5
8,0866E-5
8,1222E-5
7,928E-5
7,8739E-5
7,7115E-5
7,8767E-5
8,781E-5
7,6482E-5
8,3564E-5
7,9101E-5
7,5717E-5
8,0725E-5
1,27342E-4
7,7238E-5
7,8794E-5
7,952E-5
7,6218E-5
8,0122E-5
7,9068E-5
8,0044E-5
8,6899E-5
7,7814E-5
9,9002E-5
8,2043E-5
7,6524E-5
8,3176E-5
7,6305E-5
7,6555E-5
8,0673E-5
8,9689E-5
7,6469E-5
7,9858E-5
1,08536E-4
7,9851E-5
8,091E-5
8,4395E-5
8,0528E-5
8,0283E-5
8,3873E-5
8,0385E-5
8,2798E-5
8,0567E-5
7,9893E-5
8,2269E-5
8,2225E-5
7,7003E-5
8,0154E-5
8,0823E-5
7,9277E-5
7,6224E-5
7,9989E-5
7,6146E-5
7,8734E-5
8,2822E-5
7,7852E-5
7,9446E-5
7,5871E-5
8,0144E-5
7,9734E-5
8,3293E-5
7,7884E-5
7,9098E-5
8,2119E-5
7,8917E-5
8,0396E-5
8,0314E-5
8,2084E-5
7,9549E-5
7,589E-5
7,958E-5
7,8164E-5
7,9427E-5
1,28239E-4
1,46688E-4
1,14782E-4
1,22273E-4
1,26151E-4
1,28514E-4
1,35952E-4
1,45552E-4
1,28524E-4
1,36576E-4
1,25464E-4
1,19704E-4
1,45559E-4
1,25723E-4
1,53233E-4
1,31304E-4
1,4373E-4
1,64118E-4
1,15493E-4
1,25791E-4
1,33598E-4
1,08112E-4
1,24242E-4
8,0265E-5
7,8109E-5
7,7414E-5
7,8724E-5
7,9603E-5
7,8386E-5
7,8414E-5
7,9477E-5
7,6943E-5
7,4815E-5
7,8127E-5
7,8425E-5
7,9256E-5
7,9795E-5
8,2794E-5
7,7116E-5
9,2965E-5
7,5293E-5
8,1262E-5
9,4753E-5
7,8369E-5
8,363E-5
8,5867E-5
7,7279E-5
8,222E-5
7,7407E-5
7,7418E-5
7,6572E-5
7,9543E-5
7,9332E-5
7,9545E-5
7,7074E-5
7,6692E-5
7,5418E-5
7,8211E-5
7,7272E-5
8,1613E-5
7,7557E-5
7,7797E-5
8,2355E-5
7,694E-5
7,8632E-5
8,0374E-5
7,9135E-5
1,42426E-4
7,9354E-5
7,8658E-5
7,6073E-5
8,3761E-5
7,8195E-5
7,9168E-5
8,2797E-5
1,18543E-4
1,32973E-4
1,01915E-4
1,25099E-4
7,947E-5
1,3261E-4
1,14119E-4
7,8691E-5
7,8681E-5
7,8374E-5
7,7003E-5
8,1581E-5
7,5179E-5
8,1939E-5
7,9611E-5
9,6433E-5
7,8709E-5
8,1534E-5
7,7945E-5
7,6394E-5
7,7988E-5
7,9903E-5
7,8826E-5
8,2965E-5
8,1664E-5
8,0716E-5
8,0313E-5
8,0761E-5
8,0135E-5
7,9535E-5
7,668E-5
8,2133E-5
7,9522E-5
7,6737E-5
7,7404E-5
7,7364E-5
7,6899E-5
8,3933E-5
8,0708E-5
7,5558E-5
7,9132E-5
7,7104E-5
7,5533E-5
7,871E-5
7,6666E-5
9,3148E-5
7,975E-5
8,1139E-5
7,6365E-5
9,1121E-5
8,2099E-5
7,9666E-5
7,792E-5
8,0158E-5
8,0426E-5
8,686E-5
7,611E-5
1,00734E-4
7,6783E-5
7,7886E-5
7,7279E-5
8,3721E-5
7,8988E-5
1,03088E-4
7,9119E-5
7,7144E-5
7,6447E-5
8,0513E-5
8,2784E-5
8,2037E-5
7,5552E-5
7,9115E-5
8,6213E-5
8,0853E-5
8,911E-5
7,8343E-5
8,8956E-5
8,7447E-5
8,4673E-5
7,8668E-5
7,8844E-5
7,6309E-5
7,8992E-5
7,8381E-5
8,0027E-5
8,0011E-5
8,0479E-5
8,0799E-5
7,5948E-5
8,5046E-5
7,6081E-5
9,9977E-5
7,7561E-5
7,9677E-5
7,7916E-5
7,7058E-5
7,6535E-5
7,5386E-5
7,846E-5
9,9158E-5
8,9677E-5
7,788E-5
8,0044E-5
7,9874E-5
7,6123E-5
8,6592E-5
8,0759E-5
8,2708E-5
7,9688E-5
9,6329E-5
7,9455E-5
8,0954E-5
7,6929E-5
7,5602E-5
8,381E-5
7,8438E-5
8,628E-5
8,2985E-5
8,3091E-5
1,31365E-4
1,24311E-4
1,13595E-4
1,4182E-4
8,7164E-5
8,5012E-5
7,9148E-5
7,8858E-5
7,8875E-5
8,2102E-5
7,747E-5
7,9278E-5
7,7287E-5
8,0983E-5
8,6879E-5
8,5646E-5
7,7011E-5
8,2402E-5
7,6139E-5
7,47E-5
8,1004E-5
7,6679E-5
7,8151E-5
7,9696E-5
7,7942E-5
8,2767E-5
7,9259E-5
8,0376E-5
9,6172E-5
7,8489E-5
8,1144E-5
8,3832E-5
8,1576E-5
7,8991E-5
8,6164E-5
7,804E-5
8,1154E-5
8,5717E-5
8,1724E-5
7,665E-5
7,7959E-5
8,0826E-5
7,88E-5
8,093E-5
7,9993E-5
8,2365E-5
7,8058E-5
8,2906E-5
7,7406E-5
8,2535E-5
7,8559E-5
7,7519E-5
7,9235E-5
7,7381E-5
7,9814E-5
7,8876E-5
8,2908E-5
7,5564E-5
7,8193E-5
7,9921E-5
8,1497E-5
7,7172E-5
7,6402E-5
7,6586E-5
7,8535E-5
8,1208E-5
8,1669E-5
8,7138E-5
7,8151E-5
8,1828E-5
1,48449E-4
7,8062E-5
1,41642E-4
1,60352E-4
1,4992E-4
1,35421E-4
8,2165E-5
7,9833E-5
8,2042E-5
7,7744E-5
8,8334E-5
7,6796E-5
8,1892E-5
1,25952E-4
8,7719E-5
7,8924E-5
7,6812E-5
7,8391E-5
7,9569E-5
8,1175E-5
8,0335E-5
7,8854E-5
8,0334E-5
8,0143E-5
8,1715E-5
7,7279E-5
7,592E-5
7,682E-5
7,669E-5
7,7178E-5
7,9562E-5
9,0281E-5
7,7407E-5
8,0188E-5
7,6128E-5
8,3705E-5
7,9678E-5
7,9673E-5
7,9141E-5
7,8402E-5
8,2465E-5
7,6552E-5
7,7711E-5
7,6734E-5
8,1712E-5
7,7985E-5
8,048E-5
7,7779E-5
7,6261E-5
7,7036E-5
7,8253E-5
7,8294E-5
7,8848E-5
9,9735E-5
7,576E-5
9,7852E-5
8,0488E-5
7,9677E-5
7,938E-5
7,6235E-5
7,782E-5
7,6359E-5
7,9172E-5
8,4163E-5
8,0943E-5
8,679E-5
7,8223E-5
8,412E-5
7,6622E-5
8,0456E-5
7,9576E-5
7,7711E-5
9,6572E-5
7,8548E-5
7,58E-5
7,971E-5
7,6836E-5
7,7199E-5
7,6666E-5
7,8704E-5
7,5885E-5
8,0631E-5
8,6684E-5
8,3957E-5
8,0892E-5
8,2625E-5
9,0662E-5
9,4852E-5
9,4601E-5
1,06214E-4
1,20005E-4
1,13781E-4
1,07521E-4
1,0522E-4
8,4131E-5
8,9997E-5
7,9313E-5
8,3542E-5
7,7708E-5
7,8304E-5
7,7035E-5
8,0889E-5
8,4002E-5
7,6957E-5
8,2363E-5
8,0764E-5
8,7579E-5
7,8512E-5
8,1056E-5
7,9652E-5
7,9882E-5
7,6525E-5
8,0475E-5
8,0063E-5
7,6317E-5
1,24185E-4
9,375E-5
8,0037E-5
7,8128E-5
8,0144E-5
7,8589E-5
1,62653E-4
1,2656E-4
1,1177E-4
1,19464E-4
9,8518E-5
1,32726E-4
7,9839E-5
8,5104E-5
7,6676E-5
8,0717E-5
7,8917E-5
7,8327E-5
7,8267E-5
7,9748E-5
8,3533E-5
8,1166E-5
7,7954E-5
8,2026E-5
7,8359E-5
7,8304E-5
1,0891E-4
7,7028E-5
8,3353E-5
7,9363E-5
8,3113E-5
7,9911E-5
7,7069E-5
7,7458E-5
7,6342E-5
7,6892E-5
7,7806E-5
7,9672E-5
8,8131E-5
7,8096E-5
7,7535E-5
7,5316E-5
1,35304E-4
1,24483E-4
1,28622E-4
8,6304E-5
9,1407E-5
7,8713E-5
8,0307E-5
7,65E-5
7,9154E-5
7,6575E-5
7,8553E-5
7,5081E-5
7,9256E-5
7,9516E-5
8,5764E-5
7,9285E-5
9,0187E-5
7,7885E-5
8,3701E-5
8,3631E-5
7,8878E-5
1,0546E-4
7,9891E-5
9,7208E-5
7,7822E-5
8,5274E-5
8,65E-5
7,9111E-5
9,2132E-5
7,7817E-5
8,163E-5
8,3834E-5
8,1761E-5
7,985E-5
8,3034E-5
7,9145E-5
8,0666E-5
7,8907E-5
8,0691E-5
7,9242E-5
7,9318E-5
7,7558E-5
7,5701E-5
7,9455E-5
7,6409E-5
7,7892E-5
7,6906E-5
7,9854E-5
7,791E-5
7,9144E-5
7,8373E-5
9,6673E-5
7,5814E-5
7,7058E-5
7,9019E-5
8,6644E-5
7,8468E-5
8,1505E-5
7,6006E-5
7,7066E-5
7,8187E-5
9,5024E-5
7,8511E-5
8,0651E-5
7,6274E-5
8,0498E-5
7,7296E-5
7,9427E-5
8,2411E-5
8,4382E-5
8,6071E-5
7,9577E-5
8,0624E-5
8,4876E-5
7,7858E-5
8,2781E-5
7,9098E-5
8,1353E-5
7,9391E-5
8,0282E-5
7,6995E-5
7,8608E-5
7,8577E-5
8,0959E-5
8,0548E-5
7,7916E-5
7,7221E-5
7,6389E-5
8,576E-5
7,6514E-5
7,8608E-5
8,0786E-5
7,8375E-5
7,7892E-5
7,9689E-5
8,0273E-5
8,0795E-5
7,9144E-5
8,1905E-5
7,7984E-5
7,9706E-5
7,6161E-5
7,6538E-5
7,6464E-5
7,63E-5
8,3811E-5
7,8555E-5
7,7099E-5
7,719E-5
8,3024E-5
7,8806E-5
7,6544E-5
8,2459E-5
7,5517E-5
7,879E-5
7,7239E-5
7,8084E-5
7,8574E-5
8,606E-5
7,9849E-5
8,191E-5
7,8626E-5
7,6761E-5
7,6213E-5
7,7575E-5
8,0849E-5
8,0903E-5
8,2268E-5
7,7443E-5
7,8397E-5
7,6891E-5
7,9327E-5
7,8641E-5
8,1555E-5
8,0894E-5
8,1071E-5
7,7364E-5
7,8212E-5
7,8326E-5
7,8306E-5
7,6991E-5
7,931E-5
8,0336E-5
7,8617E-5
8,564E-5
7,9653E-5
7,8615E-5
8,2129E-5
7,5194E-5
8,059E-5
7,9201E-5
7,5912E-5
8,0478E-5
8,0161E-5
7,8005E-5
7,8842E-5
7,6766E-5
7,9231E-5
7,6695E-5
7,8348E-5
7,9355E-5
7,7023E-5
7,8852E-5
8,0824E-5
7,9996E-5
7,6829E-5
7,9597E-5
7,7708E-5
7,7333E-5
7,8495E-5
7,7284E-5
8,0734E-5
9,1349E-5
7,8902E-5
8,0325E-5
7,7914E-5
7,7961E-5
9,0484E-5
1,32634E-4
1,37163E-4
1,18734E-4
1,26482E-4
1,45641E-4
1,19347E-4
1,01505E-4
9,8638E-5
8,9361E-5
7,7691E-5
8,036E-5
1,24068E-4
8,5381E-5
8,6652E-5
8,229E-5
7,6451E-5
9,0321E-5
7,7632E-5
8,1638E-5
7,5859E-5
7,6604E-5
7,9099E-5
8,3964E-5
7,9163E-5
8,1394E-5
7,8426E-5
7,8957E-5
7,6927E-5
8,1901E-5
7,5595E-5
7,6365E-5
7,8807E-5
7,9876E-5
8,0411E-5
7,8824E-5
9,029E-5
1,15014E-4
7,9938E-5
7,8727E-5
7,9549E-5
7,7179E-5
7,9914E-5
8,044E-5
7,6567E-5
8,5021E-5
7,6646E-5
1,26376E-4
8,9149E-5
7,7167E-5
8,106E-5
8,2471E-5
8,353E-5
9,7772E-5
7,9975E-5
7,889E-5
7,7131E-5
7,7279E-5
7,709E-5
7,8229E-5
7,6895E-5
7,8146E-5
7,7612E-5
8,1306E-5
1,04974E-4
7,9338E-5
8,1221E-5
7,7262E-5
7,7925E-5
7,7718E-5
7,7956E-5
7,5929E-5
8,0588E-5
7,6841E-5
7,6438E-5
8,0071E-5
7,5292E-5
7,9198E-5
8,8411E-5
8,1295E-5
9,1383E-5
8,61E-5
8,072E-5
7,9964E-5
8,9316E-5
9,0776E-5
9,1222E-5
8,2273E-5
7,9717E-5
8,16E-5
8,063E-5
8,5805E-5
7,707E-5
7,6898E-5
7,7453E-5
7,7834E-5
7,907E-5
7,8019E-5
7,7807E-5
8,0841E-5
8,3189E-5
7,942E-5
8,4033E-5
7,9087E-5
7,7478E-5
7,7054E-5
8,3753E-5
8,1885E-5
8,9128E-5
7,9855E-5
7,9262E-5
8,0168E-5
7,7044E-5
7,9156E-5
7,9675E-5
7,8674E-5
7,6828E-5
9,4897E-5
7,976E-5
7,8746E-5
7,8242E-5
7,8736E-5
8,0905E-5
7,7025E-5
7,8923E-5
7,8085E-5
7,9039E-5
7,7599E-5
9,0433E-5
8,9941E-5
7,868E-5
7,6209E-5
9,0037E-5
7,9987E-5
8,2553E-5
8,0173E-5
7,8596E-5
9,2228E-5
8,2096E-5
1,29817E-4
1,26397E-4
1,06492E-4
1,11555E-4
1,04379E-4
1,33092E-4
1,19501E-4
1,21294E-4
1,31809E-4
1,09236E-4
9,5634E-5
1,33537E-4
7,9943E-5
1,10842E-4
9,9902E-5
1,35968E-4
1,00819E-4
9,5476E-5
1,167E-4
9,9641E-5
1,3745E-4
1,17896E-4
1,02466E-4
9,5783E-5
1,22135E-4
8,1938E-5
7,9359E-5
7,7959E-5
8,0729E-5
9,8577E-5
7,7284E-5
8,1611E-5
8,115E-5
8,2469E-5
9,1729E-5
7,8927E-5
7,6982E-5
7,9464E-5
7,8952E-5
8,0939E-5
7,6335E-5
7,8393E-5
8,1993E-5
7,8543E-5
8,0456E-5
8,954E-5
7,7807E-5
7,7343E-5
7,5084E-5
7,8036E-5
9,7747E-5
8,2035E-5
7,6579E-5
8,3131E-5
7,7275E-5
7,6975E-5
8,1221E-5
8,8579E-5
8,6464E-5
8,3722E-5
7,911E-5
7,7516E-5
7,5786E-5
9,7304E-5
7,8767E-5
8,2304E-5
9,8042E-5
8,7155E-5
1,02623E-4
7,8244E-5
7,618E-5
7,8177E-5
8,8934E-5
7,6952E-5
7,5435E-5
8,8294E-5
8,5913E-5
8,2092E-5
7,8879E-5
7,885E-5
7,8784E-5
8,2866E-5
7,6912E-5
7,6216E-5
7,5472E-5
8,1188E-5
7,7329E-5
7,6015E-5
8,1099E-5
8,5541E-5
7,5487E-5
7,7702E-5
7,9526E-5
7,9847E-5
7,9755E-5
8,9117E-5
7,9549E-5
8,0342E-5
7,9415E-5
7,9871E-5
8,3985E-5
8,0369E-5
8,8703E-5
8,3584E-5
8,086E-5
8,2027E-5
7,6492E-5
9,6238E-5
7,8678E-5
8,6165E-5
7,648E-5
7,8117E-5
7,596E-5
7,9252E-5
7,7609E-5
7,7832E-5
7,7301E-5
8,1766E-5
7,5671E-5
1,00365E-4
7,7939E-5
8,1757E-5
8,2433E-5
7,9106E-5
7,9279E-5
7,6031E-5
8,0213E-5
8,14E-5
7,6976E-5
7,7063E-5
1,06318E-4
1,28737E-4
7,9976E-5
7,9258E-5
8,2868E-5
7,8958E-5
8,2966E-5
8,803E-5
8,15E-5
8,9162E-5
7,9758E-5
8,9101E-5
7,9571E-5
8,0718E-5
7,9028E-5
7,9443E-5
8,0169E-5
7,646E-5
7,8977E-5
1,00398E-4
7,8791E-5
7,9565E-5
7,7766E-5
7,9264E-5
7,5876E-5
7,7677E-5
1,15721E-4
1,14326E-4
1,03913E-4
1,26365E-4
1,11745E-4
1,03663E-4
1,45052E-4
8,1138E-5
7,9667E-5
7,8879E-5
9,4018E-5
7,8366E-5
8,1151E-5
7,9196E-5
8,1883E-5
8,3578E-5
1,38309E-4
1,31266E-4
1,28469E-4
7,8102E-5
8,1929E-5
7,6931E-5
7,7381E-5
7,7523E-5
8,8004E-5
7,7109E-5
8,3996E-5
8,0112E-5
8,146E-5
7,8461E-5
7,9615E-5
8,0787E-5
8,5921E-5
7,6945E-5
7,7484E-5
7,8065E-5
7,9733E-5
7,7312E-5
7,754E-5
7,5506E-5
8,374E-5
7,6744E-5
7,9301E-5
8,1427E-5
8,1232E-5
7,6475E-5
8,2783E-5
7,6269E-5
7,8556E-5
8,1878E-5
7,9316E-5
7,9771E-5
8,8385E-5
7,8381E-5
8,1539E-5
8,0585E-5
8,8363E-5
7,9314E-5
7,7956E-5
8,1824E-5
8,5684E-5
7,8924E-5
8,2504E-5
8,0753E-5
8,1332E-5
7,5492E-5
8,1461E-5
0,001868294
9,6683E-5
8,1073E-5
7,9674E-5
7,8288E-5
9,5546E-5
8,4752E-5
7,9254E-5
8,0446E-5
7,8582E-5
1,14793E-4
1,01999E-4
1,26413E-4
1,25512E-4
1,08816E-4
1,41259E-4
9,7783E-5
9,612E-5
1,45126E-4
1,40554E-4
1,03901E-4
1,14319E-4
1,06414E-4
1,15115E-4
1,24094E-4
1,34747E-4
1,30445E-4
1,13359E-4
1,24655E-4
1,36229E-4
1,22571E-4
1,28272E-4
1,20027E-4
7,8722E-5
7,7328E-5
7,7814E-5
8,208E-5
7,726E-5
8,1629E-5
8,0786E-5
8,1596E-5
8,4812E-5
7,9341E-5
7,7478E-5
8,0388E-5
7,9831E-5
7,7786E-5
7,7316E-5
7,791E-5
7,7589E-5
8,7815E-5
8,2479E-5
8,0817E-5
7,7031E-5
7,9933E-5
7,8039E-5
7,9649E-5
7,7198E-5
7,5952E-5
7,9533E-5
8,2863E-5
7,7165E-5
8,4157E-5
8,525E-5
7,714E-5
7,6143E-5
7,8601E-5
7,8581E-5
8,073E-5
8,1559E-5
7,8645E-5
7,5002E-5
8,66553E-4
7,8567E-5
8,1547E-5
8,3877E-5
8,1207E-5
7,9308E-5
8,5854E-5
7,9293E-5
7,9972E-5
8,3929E-5
8,3654E-5
7,9328E-5
8,0166E-5
7,9566E-5
8,0765E-5
7,7539E-5
7,8252E-5
7,9253E-5
8,2141E-5
7,9985E-5
7,9369E-5
7,8598E-5
8,0551E-5
7,9438E-5
7,7868E-5
7,9913E-5
1,018E-4
8,0112E-5
7,6834E-5
7,9502E-5
7,8421E-5
8,3319E-5
7,7255E-5
7,9136E-5
8,234E-5
7,8141E-5
7,8684E-5
7,9239E-5
8,0735E-5
8,7244E-5
8,1199E-5
8,4521E-5
7,7797E-5
8,3302E-5
7,8089E-5
9,3803E-5
7,5473E-5
7,9395E-5
7,7043E-5
7,9128E-5
8,906E-5
7,7995E-5
7,7543E-5
8,1898E-5
7,7906E-5
7,8983E-5
7,9274E-5
8,2751E-5
7,8298E-5
7,5868E-5
8,05E-5
7,7718E-5
7,9816E-5
8,4905E-5
7,634E-5
7,8157E-5
7,9201E-5
7,4167E-5
7,6947E-5
7,7389E-5
7,7471E-5
7,8273E-5
7,9456E-5
7,5488E-5
7,8054E-5
7,6132E-5
7,8743E-5
1,00182E-4
8,3306E-5
8,4059E-5
9,0662E-5
7,936E-5
8,2855E-5
7,9572E-5
7,7104E-5
7,9655E-5
7,8209E-5
8,2608E-5
7,724E-5
1,14035E-4
8,0997E-5
8,2877E-5
8,0857E-5
7,8602E-5
8,1433E-5
7,7772E-5
7,7277E-5
7,9162E-5
7,9481E-5
7,8456E-5
8,0271E-5
7,8696E-5
8,0119E-5
7,6532E-5
7,8774E-5
8,154E-5
8,329E-5
8,0556E-5
9,1262E-5
7,8793E-5
8,3112E-5
8,1601E-5
8,717E-5
8,1468E-5
7,6804E-5
7,9139E-5
7,8723E-5
8,143E-5
8,0434E-5
7,7405E-5
7,5934E-5
9,7638E-5
7,7983E-5
7,9552E-5
7,945E-5
8,1198E-5
8,0249E-5
8,1365E-5
7,9811E-5
7,9794E-5
7,6264E-5
8,0131E-5
8,5358E-5
9,7826E-5
7,7335E-5
7,7873E-5
7,8468E-5
7,9053E-5
7,5568E-5
8,0654E-5
7,7777E-5
7,9405E-5
7,612E-5
8,4611E-5
8,1237E-5
7,6315E-5
7,7631E-5
7,8198E-5
8,4701E-5
8,4571E-5
8,0847E-5
8,3551E-5
8,0335E-5
7,9214E-5
7,8724E-5
8,0452E-5
7,8207E-5
7,8453E-5
8,301E-5
8,1209E-5
7,7986E-5
7,765E-5
7,6935E-5
1,03818E-4
7,6749E-5
7,9975E-5
8,5491E-5
8,4296E-5
7,7276E-5
8,2201E-5
7,9167E-5
8,6378E-5
7,8329E-5
8,3135E-5
7,9533E-5
7,6782E-5
7,7805E-5
7,7196E-5
9,126E-5
7,9658E-5
9,8311E-5
8,0766E-5
1,00744E-4
7,8185E-5
7,5915E-5
8,337E-5
7,7641E-5
7,7704E-5
8,3165E-5
8,118E-5
7,7611E-5
7,9752E-5
8,3075E-5
9,9798E-5
8,3039E-5
7,6114E-5
7,8909E-5
7,9469E-5
7,7084E-5
8,1296E-5
7,7335E-5
7,6116E-5
7,9111E-5
8,949E-5
8,0167E-5
8,9572E-5
7,8893E-5
7,8656E-5
7,8789E-5
8,0602E-5
7,8112E-5
8,0916E-5
7,625E-5
8,2902E-5
7,8047E-5
7,789E-5
8,4801E-5
8,209E-5
8,2809E-5
7,7047E-5
8,0442E-5
7,698E-5
8,7556E-5
7,8829E-5
8,0044E-5
7,9281E-5
8,227E-5
8,2419E-5
7,9573E-5
7,6834E-5
8,1613E-5
7,8858E-5
8,0055E-5
8,2908E-5
8,1596E-5
8,268E-5
7,755E-5
7,5354E-5
7,6557E-5
7,6694E-5
8,0577E-5
7,9202E-5
7,871E-5
7,6533E-5
7,6822E-5
7,8427E-5
7,9037E-5
8,0928E-5
8,0153E-5
7,6248E-5
8,0115E-5
8,8148E-5
7,9505E-5
9,8868E-5
8,1066E-5
7,7799E-5
7,7686E-5
7,8176E-5
8,0082E-5
9,1957E-5
8,2967E-5
8,9671E-5
8,1274E-5
8,617E-5
7,967E-5
7,6917E-5
7,8614E-5
8,1016E-5
7,9497E-5
9,4882E-5
1,39768E-4
1,20534E-4
7,6614E-5
9,9012E-5
8,0292E-5
7,9306E-5
7,7922E-5
7,9771E-5
7,7091E-5
8,1397E-5
7,8169E-5
8,031E-5
7,7865E-5
7,7135E-5
8,1423E-5
7,5919E-5
7,7981E-5
7,8714E-5
8,5684E-5
9,2796E-5
8,0775E-5
7,9722E-5
7,8006E-5
7,788E-5
8,2251E-5
7,9829E-5
8,9154E-5
7,9795E-5
9,2457E-5
7,9422E-5
8,8153E-5
7,9027E-5
8,6737E-5
9,0996E-5
7,6321E-5
9,9566E-5
9,1052E-5
9,0577E-5
8,1213E-5
7,5635E-5
8,024E-5
9,9365E-5
8,0946E-5
7,8719E-5
7,7271E-5
8,4132E-5
7,8047E-5
7,5933E-5
7,6849E-5
7,9178E-5
8,007E-5
7,656E-5
8,2404E-5
7,8556E-5
8,3676E-5
7,8329E-5
7,8907E-5
8,1383E-5
8,3265E-5
8,1851E-5
8,0451E-5
8,6491E-5
8,2901E-5
7,7857E-5
7,7709E-5
7,841E-5
7,918E-5
7,9874E-5
8,2126E-5
7,898E-5
8,2318E-5
8,2241E-5
7,8301E-5
8,0692E-5
7,9325E-5
7,9479E-5
8,1329E-5
1,28515E-4
8,3708E-5
7,8697E-5
9,3361E-5
7,7505E-5
7,7636E-5
7,7098E-5
7,8797E-5
7,8786E-5
7,9526E-5
7,8061E-5
7,8988E-5
7,6443E-5
1,06812E-4
1,30378E-4
8,1952E-5
7,5804E-5
8,0514E-5
7,732E-5
7,8509E-5
1,36548E-4
1,27017E-4
7,7912E-5
7,7496E-5
7,92E-5
7,9042E-5
9,1596E-5
7,7074E-5
8,1357E-5
7,6982E-5
8,6109E-5
9,0631E-5
8,6018E-5
8,0526E-5
8,0626E-5
7,8345E-5
8,9968E-5
8,0274E-5
8,3046E-5
8,4011E-5
7,7367E-5
8,2193E-5
8,4414E-5
7,8231E-5
7,9281E-5
8,1138E-5
7,9641E-5
8,1469E-5
8,3068E-5
7,7068E-5
7,9064E-5
7,5094E-5
8,0632E-5
8,0437E-5
7,7733E-5
8,5143E-5
7,9158E-5
7,9893E-5
7,9312E-5
7,817E-5
8,1725E-5
7,9923E-5
8,0956E-5
9,4899E-5
7,916E-5
7,8666E-5
8,2721E-5
7,7357E-5
7,7197E-5
7,896E-5
7,7691E-5
7,8884E-5
8,193E-5
8,4257E-5
8,0596E-5
8,208E-5
8,2549E-5
8,1401E-5
8,0551E-5
7,7769E-5
7,963E-5
9,3755E-5
7,8327E-5
7,7406E-5
7,7429E-5
8,0036E-5
7,7342E-5
7,8343E-5
7,8546E-5
7,9995E-5
8,3898E-5
7,6274E-5
8,0546E-5
8,467E-5
7,8457E-5
7,6099E-5
7,8534E-5
7,8599E-5
7,8241E-5
7,9748E-5
7,8957E-5
7,7199E-5
7,4681E-5
7,7312E-5
7,719E-5
7,4318E-5
7,6458E-5
7,6116E-5
7,8924E-5
8,0825E-5
7,7311E-5
7,8783E-5
7,6758E-5
7,9419E-5
8,0146E-5
8,0124E-5
7,742E-5
8,0579E-5
7,9462E-5
8,1707E-5
7,8329E-5
7,9614E-5
8,212E-5
8,0551E-5
7,9547E-5
7,9892E-5
7,8743E-5
7,845E-5
9,6621E-5
8,8956E-5
8,0005E-5
0,001935507
7,8395E-5
7,6943E-5
7,8984E-5
7,9801E-5
8,3341E-5
8,2143E-5
7,8422E-5
7,8486E-5
7,9652E-5
7,6034E-5
7,7616E-5
7,6345E-5
9,5633E-5
7,7299E-5
8,579E-5
7,6794E-5
8,1662E-5
7,9367E-5
7,7956E-5
7,5494E-5
7,8124E-5
8,1007E-5
7,8364E-5
7,9683E-5
7,8877E-5
9,0392E-5
8,1341E-5
8,0477E-5
7,9584E-5
8,2018E-5
7,5405E-5
7,8478E-5
8,0365E-5
7,7257E-5
7,9827E-5
8,0132E-5
8,6971E-5
7,8049E-5
7,5306E-5
7,8191E-5
7,6684E-5
7,7066E-5
8,5105E-5
7,756E-5
7,8616E-5
8,5296E-5
8,7113E-5
7,6598E-5
8,117E-5
7,6721E-5
7,8449E-5
8,1952E-5
8,0077E-5
7,975E-5
7,8066E-5
9,1115E-5
7,8966E-5
8,1977E-5
8,7249E-5
7,6991E-5
8,7489E-5
7,8075E-5
7,6791E-5
8,1352E-5
8,1837E-5
7,8778E-5
8,036E-5
8,3218E-5
7,6404E-5
8,1947E-5
7,816E-5
8,2807E-5
8,2177E-5
7,9095E-5
8,1157E-5
8,0197E-5
7,6618E-5
7,6714E-5
7,9477E-5
7,7739E-5
8,0908E-5
7,6376E-5
8,0007E-5
7,9152E-5
8,2625E-5
7,8119E-5
7,6304E-5
7,9568E-5
7,9913E-5
7,7771E-5
7,6216E-5
8,3026E-5
8,0282E-5
7,9794E-5
7,9865E-5
7,8689E-5
7,8961E-5
7,7131E-5
7,8429E-5
7,7594E-5
7,9103E-5
7,8509E-5
7,7073E-5
7,6516E-5
7,897E-5
1,06059E-4
7,9606E-5
8,499E-5
7,7406E-5
7,7274E-5
7,828E-5
7,9818E-5
8,2476E-5
7,9301E-5
8,3286E-5
8,1824E-5
8,222E-5
8,09E-5
8,0933E-5
7,8495E-5
8,1235E-5
7,7176E-5
7,5071E-5
7,9989E-5
8,3042E-5
8,0557E-5
8,0366E-5
8,4917E-5
1,12089E-4
1,08938E-4
1,4473E-4
1,27527E-4
1,26405E-4
7,7731E-5
8,3232E-5
8,0748E-5
8,1815E-5
8,1215E-5
1,31748E-4
1,07873E-4
1,48889E-4
1,20252E-4
1,05736E-4
8,098E-5
8,7419E-5
7,708E-5
7,9014E-5
7,8794E-5
8,3522E-5
8,0439E-5
7,7253E-5
7,8518E-5
7,9806E-5
7,5988E-5
8,1599E-5
7,7263E-5
8,238E-5
7,6957E-5
7,9127E-5
8,1235E-5
8,2297E-5
7,9373E-5
8,0797E-5
7,9068E-5
8,3811E-5
7,9025E-5
7,9234E-5
8,1901E-5
7,9422E-5
7,8969E-5
8,0207E-5
8,1122E-5
8,2267E-5
8,2029E-5
7,8933E-5
7,7221E-5
8,0478E-5
8,4159E-5
7,7487E-5
7,6118E-5
7,6996E-5
8,0345E-5
9,4129E-5
7,8797E-5
8,0708E-5
8,1715E-5
9,1228E-5
8,045E-5
7,8904E-5
8,5362E-5
7,8342E-5
8,1456E-5
7,6921E-5
8,3893E-5
7,8761E-5
7,6705E-5
7,9387E-5
8,542E-5
7,7271E-5
7,9961E-5
7,7378E-5
7,9575E-5
7,7632E-5
7,7804E-5
7,8835E-5
7,5006E-5
7,9715E-5
7,8261E-5
9,5265E-5
8,4231E-5
7,9896E-5
8,3877E-5
7,7191E-5
1,30479E-4
1,34972E-4
1,32765E-4
8,5793E-5
7,9395E-5
7,6241E-5
7,9201E-5
7,9959E-5
7,8248E-5
8,1229E-5
7,8814E-5
8,0051E-5
7,9537E-5
7,9336E-5
7,9603E-5
8,0071E-5
8,1108E-5
7,6879E-5
7,7266E-5
8,1351E-5
7,7236E-5
7,8811E-5
8,0858E-5
8,9723E-5
7,9987E-5
7,9754E-5
7,9172E-5
7,6282E-5
7,7355E-5
8,0153E-5
9,9708E-5
7,8761E-5
7,7356E-5
9,021E-5
8,19E-5
7,9715E-5
7,6449E-5
8,1953E-5
7,571E-5
7,8407E-5
9,7446E-5
9,5102E-5
7,923E-5
8,707E-5
7,8898E-5
7,8518E-5
7,6135E-5
7,5373E-5
8,2317E-5
1,16043E-4
1,16226E-4
1,25758E-4
9,878E-5
1,17203E-4
1,27165E-4
1,2254E-4
8,2388E-5
8,5864E-5
9,9186E-5
1,47302E-4
1,23576E-4
1,21828E-4
7,9614E-5
8,2858E-5
8,8318E-5
7,9396E-5
8,0726E-5
8,2133E-5
7,6546E-5
7,8752E-5
7,938E-5
8,5061E-5
7,8519E-5
7,9399E-5
8,0124E-5
7,8904E-5
7,7793E-5
7,8192E-5
7,9384E-5
7,9944E-5
8,3133E-5
9,5713E-5
7,9732E-5
8,5359E-5
7,9133E-5
8,6563E-5
8,2532E-5
7,4608E-5
8,0889E-5
9,181E-5
8,4915E-5
7,9086E-5
7,6807E-5
7,7094E-5
7,8325E-5
7,4862E-5
8,0432E-5
7,9674E-5
8,047E-5
7,7385E-5
8,0889E-5
8,1356E-5
7,7445E-5
8,0164E-5
8,1936E-5
8,0522E-5
8,0178E-5
7,9104E-5
7,6182E-5
7,9267E-5
7,7205E-5
7,8528E-5
9,9179E-5
7,7648E-5
7,6292E-5
8,554E-5
7,7188E-5
7,9336E-5
8,1275E-5
8,0432E-5
7,8003E-5
7,8332E-5
8,1915E-5
7,9356E-5
7,6428E-5
8,5034E-5
8,6465E-5
7,9887E-5
7,9783E-5
7,8971E-5
8,2784E-5
8,119E-5
7,8556E-5
9,1962E-5
7,7713E-5
8,1758E-5
7,8069E-5
8,3348E-5
7,7624E-5
7,8866E-5
7,8356E-5
8,4892E-5
7,5804E-5
7,804E-5
7,7757E-5
7,7675E-5
7,5455E-5
8,0738E-5
9,4599E-5
7,5249E-5
7,7183E-5
7,6592E-5
7,801E-5
7,6426E-5
7,9204E-5
9,3729E-5
7,7425E-5
7,8682E-5
7,6281E-5
8,101E-5
8,5373E-5
7,9631E-5
8,6413E-5
1,03095E-4
8,1579E-5
1,45692E-4
1,17284E-4
8,2075E-5
8,8788E-5
7,8782E-5
7,9825E-5
1,06719E-4
8,7377E-5
8,1156E-5
7,7729E-5
7,6459E-5
8,1135E-5
7,7848E-5
7,9733E-5
7,9574E-5
7,8958E-5
8,0031E-5
8,1334E-5
7,5441E-5
8,2011E-5
7,8933E-5
7,7687E-5
8,5046E-5
8,0565E-5
8,6683E-5
7,9789E-5
8,1555E-5
7,9312E-5
8,3546E-5
1,28019E-4
7,6788E-5
8,1356E-5
8,1294E-5
8,4266E-5
7,9175E-5
7,703E-5
8,0686E-5
8,2361E-5
7,9066E-5
8,9061E-5
7,8699E-5
9,7425E-5
7,9721E-5
7,9675E-5
7,7781E-5
7,9532E-5
8,0972E-5
7,619E-5
8,004E-5
7,9568E-5
7,9453E-5
7,7145E-5
8,1682E-5
7,917E-5
7,8582E-5
8,0397E-5
8,3273E-5
8,0097E-5
8,027E-5
7,9078E-5
8,2476E-5
7,6836E-5
7,5997E-5
7,7346E-5
8,2337E-5
7,5454E-5
7,762E-5
7,5846E-5
7,5797E-5
7,7652E-5
7,8987E-5
7,9092E-5
7,6709E-5
8,3189E-5
7,642E-5
7,948E-5
7,756E-5
7,5071E-5
7,6522E-5
8,2802E-5
7,6882E-5
8,3355E-5
7,9946E-5
1,35292E-4
1,11327E-4
1,02932E-4
8,0793E-5
7,7298E-5
7,7917E-5
8,9367E-5
9,4592E-5
8,9352E-5
7,709E-5
7,6286E-5
8,8631E-5
8,0032E-5
7,8643E-5
7,9572E-5
7,9365E-5
7,7206E-5
8,1312E-5
7,813E-5
8,5845E-5
7,8346E-5
8,3648E-5
1,14296E-4
1,20316E-4
1,10668E-4
1,22474E-4
1,05596E-4
1,13963E-4
1,25177E-4
1,41941E-4
8,0034E-5
7,9411E-5
1,01294E-4
7,778E-5
8,0964E-5
7,9661E-5
7,5189E-5
8,159E-5
8,4608E-5
9,0033E-5
7,6429E-5
8,368E-5
7,6775E-5
8,9082E-5
7,7886E-5
7,8952E-5
8,8863E-5
8,2083E-5
7,9486E-5
7,6576E-5
7,8293E-5
7,8688E-5
7,8843E-5
8,0548E-5
7,7544E-5
7,8154E-5
7,841E-5
8,1036E-5
7,9425E-5
7,9568E-5
7,8907E-5
7,8772E-5
8,5652E-5
7,8139E-5
7,8178E-5
8,0673E-5
8,1769E-5
8,016E-5
7,7946E-5
8,9369E-5
8,7218E-5
8,054E-5
7,8687E-5
7,8917E-5
8,0328E-5
8,1772E-5
7,9041E-5
7,7013E-5
8,003E-5
8,0931E-5
9,5896E-5
8,5501E-5
8,2202E-5
8,3863E-5
8,7228E-5
8,6829E-5
1,1627E-4
7,9537E-5
7,671E-5
8,1564E-5
7,6868E-5
7,755E-5
7,727E-5
8,6199E-5
8,4647E-5
8,033E-5
7,8737E-5
7,6344E-5
7,8208E-5
7,9253E-5
7,9554E-5
8,2191E-5
8,1205E-5
7,9656E-5
7,7061E-5
8,2709E-5
9,0243E-5
9,0709E-5
7,624E-5
8,4524E-5
7,5992E-5
7,7496E-5
8,1764E-5
8,0799E-5
7,7266E-5
7,8771E-5
7,6576E-5
7,8017E-5
8,5503E-5
7,7336E-5
7,9257E-5
8,1396E-5
1,02283E-4
7,8346E-5
7,8597E-5
7,6905E-5
7,9998E-5
7,8343E-5
8,8815E-5
8,0224E-5
7,5528E-5
7,9616E-5
8,8693E-5
7,6087E-5
8,0245E-5
7,6921E-5
7,6488E-5
7,795E-5
7,7549E-5
7,5552E-5
7,7743E-5
8,152E-5
7,7284E-5
7,842E-5
7,5604E-5
7,7045E-5
7,9753E-5
7,7323E-5
1,00815E-4
7,8073E-5
7,7094E-5
7,9109E-5
7,7905E-5
8,2722E-5
7,8733E-5
7,65E-5
7,4927E-5
7,6329E-5
7,8756E-5
7,9617E-5
7,9645E-5
7,6706E-5
7,8799E-5
7,9358E-5
8,5879E-5
8,0723E-5
8,1826E-5
7,6753E-5
8,0696E-5
8,9148E-5
7,9958E-5
8,1969E-5
7,9243E-5
7,609E-5
8,2186E-5
7,9254E-5
7,9E-5
7,6645E-5
8,9805E-5
7,9678E-5
7,9113E-5
7,9489E-5
7,941E-5
8,7363E-5
7,7665E-5
8,6331E-5
7,9165E-5
8,0121E-5
8,1647E-5
7,7514E-5
7,7787E-5
8,0812E-5
8,071E-5
8,2025E-5
8,0663E-5
7,8479E-5
8,2869E-5
8,0079E-5
7,8665E-5
8,1559E-5
8,1731E-5
7,7834E-5
7,8732E-5
7,9524E-5
1,12347E-4
1,29124E-4
1,35698E-4
1,05037E-4
1,13508E-4
1,08408E-4
1,16214E-4
1,55061E-4
1,14059E-4
1,25414E-4
1,06977E-4
1,30734E-4
8,1591E-5
8,1509E-5
7,9461E-5
7,762E-5
7,692E-5
7,7704E-5
7,8622E-5
7,8769E-5
7,9705E-5
8,2321E-5
8,039E-5
8,0676E-5
8,0559E-5
7,8581E-5
8,2366E-5
8,4331E-5
7,9074E-5
7,9955E-5
8,1839E-5
7,8215E-5
7,8215E-5
9,6068E-5
7,9958E-5
8,2259E-5
8,1515E-5
7,9655E-5
7,7543E-5
8,2193E-5
1,04826E-4
7,9366E-5
8,48E-5
7,7521E-5
8,0799E-5
8,0053E-5
7,8683E-5
7,608E-5
8,1973E-5
7,8859E-5
7,8598E-5
7,7794E-5
7,6927E-5
7,807E-5
8,0999E-5
7,5921E-5
7,6523E-5
7,777E-5
7,7584E-5
7,9832E-5
8,1317E-5
8,1729E-5
7,6418E-5
8,3208E-5
7,6841E-5
8,1892E-5
7,5122E-5
8,245E-5
7,9797E-5
7,5346E-5
7,7507E-5
7,8551E-5
8,2954E-5
8,0693E-5
7,9514E-5
8,7567E-5
7,9402E-5
7,9627E-5
9,2949E-5
7,6902E-5
7,4976E-5
7,9057E-5
7,5689E-5
7,6653E-5
7,9354E-5
7,9165E-5
7,7602E-5
8,0722E-5
7,912E-5
8,5179E-5
7,6302E-5
8,2086E-5
7,8955E-5
7,9842E-5
8,0781E-5
7,9463E-5
7,8735E-5
8,2462E-5
7,903E-5
8,439E-5
7,9546E-5
8,2356E-5
7,6144E-5
7,8334E-5
8,5527E-5
7,6532E-5
8,1569E-5
8,0668E-5
7,666E-5
7,9277E-5
7,8823E-5
8,1738E-5
8,7316E-5
8,1714E-5
8,4034E-5
8,1764E-5
9,6577E-5
7,8833E-5
8,3493E-5
7,8399E-5
7,7194E-5
8,2399E-5
7,7776E-5
7,8111E-5
7,8079E-5
7,7769E-5
8,0951E-5
7,8415E-5
7,8897E-5
8,1372E-5
8,0196E-5
7,7911E-5
7,7909E-5
7,7501E-5
7,9557E-5
8,5662E-5
9,7719E-5
8,1834E-5
7,7471E-5
7,8711E-5
7,9172E-5
7,6283E-5
8,5139E-5
8,4294E-5
7,6301E-5
7,7818E-5
7,7774E-5
7,7126E-5
7,9431E-5
7,9517E-5
9,3206E-5
7,9007E-5
7,6625E-5
8,0535E-5
7,7765E-5
1,09017E-4
8,0395E-5
7,806E-5
7,8821E-5
8,0396E-5
9,0404E-5
8,0831E-5
8,2434E-5
7,9489E-5
8,0192E-5
8,0795E-5
7,895E-5
8,4537E-5
8,5819E-5
7,6937E-5
7,8468E-5
7,8692E-5
7,8117E-5
7,7472E-5
7,8437E-5
8,861E-5
1,1053E-4
7,8079E-5
1,18133E-4
9,8414E-5
1,20932E-4
1,10398E-4
7,6381E-5
7,8206E-5
7,835E-5
8,034E-5
7,7681E-5
7,8091E-5
7,7782E-5
1,06922E-4
8,2516E-5
7,7517E-5
7,8847E-5
8,0519E-5
8,3302E-5
7,9687E-5
8,4916E-5
7,9732E-5
1,02074E-4
7,7198E-5
7,9276E-5
7,9354E-5
7,9677E-5
8,0405E-5
7,9187E-5
8,6499E-5
7,6995E-5
7,7595E-5
7,781E-5
1,00767E-4
7,7828E-5
7,7242E-5
7,9628E-5
8,3171E-5
8,6886E-5
8,0737E-5
9,5356E-5
7,9514E-5
7,7651E-5
7,9505E-5
8,0421E-5
7,8746E-5
8,04E-5
9,6082E-5
7,6841E-5
7,6646E-5
8,1974E-5
9,7137E-5
7,9492E-5
7,744E-5
7,8255E-5
7,6195E-5
8,4816E-5
1,10322E-4
1,1371E-4
7,8959E-5
8,0784E-5
7,8508E-5
7,7611E-5
7,995E-5
9,1986E-5
7,9804E-5
8,0578E-5
7,8418E-5
8,0833E-5
7,9424E-5
7,8978E-5
9,0084E-5
7,6426E-5
8,9287E-5
7,5836E-5
7,9961E-5
7,62E-5
8,3583E-5
7,9851E-5
7,9992E-5
7,8325E-5
7,6186E-5
8,4235E-5
7,7225E-5
7,7174E-5
7,6729E-5
7,7051E-5
7,6784E-5
8,1296E-5
7,9134E-5
7,9994E-5
7,441E-5
8,1517E-5
7,9335E-5
7,8411E-5
7,7488E-5
9,0538E-5
7,8728E-5
7,9389E-5
7,9608E-5
7,6725E-5
7,6276E-5
8,0327E-5
7,7539E-5
7,8929E-5
8,0837E-5
7,8882E-5
7,8099E-5
8,3306E-5
7,7886E-5
8,1374E-5
7,7497E-5
8,8222E-5
7,9829E-5
7,8285E-5
7,9936E-5
7,948E-5
7,7143E-5
8,3409E-5
7,7158E-5
8,028E-5
7,7743E-5
7,8919E-5
7,8559E-5
8,3626E-5
7,5646E-5
7,7191E-5
7,9762E-5
7,9005E-5
7,901E-5
7,885E-5
7,5601E-5
8,2769E-5
8,0729E-5
7,839E-5
8,0924E-5
8,9236E-5
8,5756E-5
7,7539E-5
9,5014E-5
7,9229E-5
7,946E-5
7,7886E-5
7,8911E-5
7,9543E-5
8,2688E-5
7,9055E-5
7,7493E-5
7,7384E-5
8,0927E-5
7,7749E-5
7,8025E-5
7,408E-5
7,978E-5
8,2063E-5
7,958E-5
7,8915E-5
8,0E-5
8,0441E-5
7,8387E-5
7,715E-5
7,9338E-5
7,6522E-5
8,4083E-5
7,747E-5
7,8589E-5
7,6425E-5
7,9791E-5
7,8707E-5
7,7214E-5
7,9155E-5
7,6533E-5
7,8149E-5
7,9987E-5
7,7454E-5
8,3355E-5
7,613E-5
8,3495E-5
7,8466E-5
7,9602E-5
8,0147E-5
8,0894E-5
7,8454E-5
9,2877E-5
8,7456E-5
7,8232E-5
7,6995E-5
7,8668E-5
7,6597E-5
9,7247E-5
8,0371E-5
7,4868E-5
8,0484E-5
7,6559E-5
7,828E-5
7,7102E-5
7,8579E-5
8,0116E-5
7,6017E-5
7,8885E-5
8,0957E-5
8,0084E-5
7,6614E-5
1,01965E-4
8,4217E-5
1,21684E-4
1,20221E-4
9,2786E-5
9,6415E-5
8,9229E-5
8,089E-5
1,13845E-4
7,8705E-5
7,9959E-5
8,1976E-5
9,2295E-5
8,1848E-5
9,8493E-5
7,589E-5
7,7317E-5
7,9478E-5
8,0523E-5
8,0368E-5
7,9268E-5
8,3936E-5
7,7589E-5
7,6475E-5
7,9352E-5
9,8203E-5
8,2457E-5
7,7744E-5
8,0869E-5
8,6458E-5
8,4185E-5
8,0193E-5
8,1764E-5
7,8706E-5
8,6619E-5
8,8058E-5
8,0218E-5
7,7E-5
7,7206E-5
7,9345E-5
8,2016E-5
8,2869E-5
9,0953E-5
7,9705E-5
7,8151E-5
7,6397E-5
7,7997E-5
7,7777E-5
7,7456E-5
7,837E-5
7,8717E-5
8,3194E-5
7,793E-5
7,9873E-5
7,723E-5
8,1781E-5
8,0518E-5
7,8146E-5
7,7879E-5
7,9436E-5
7,9704E-5
7,988E-5
8,1679E-5
7,736E-5
7,7265E-5
7,8173E-5
7,933E-5
7,9136E-5
7,6751E-5
7,62E-5
7,6907E-5
7,6559E-5
7,7876E-5
7,9989E-5
8,2753E-5
7,7871E-5
8,7541E-5
8,0278E-5
9,0427E-5
9,6913E-5
7,7213E-5
7,9852E-5
8,1009E-5
9,6983E-5
8,028E-5
8,3583E-5
7,8895E-5
8,1333E-5
8,367E-5
7,7667E-5
7,8613E-5
8,4183E-5
7,8631E-5
7,8976E-5
8,651E-5
7,765E-5
8,1734E-5
7,9748E-5
8,1362E-5
7,661E-5
7,9884E-5
7,8434E-5
7,7665E-5
7,9837E-5
8,2151E-5
9,177E-5
8,0623E-5
7,9027E-5
7,9726E-5
9,4877E-5
8,0309E-5
7,9413E-5
7,6574E-5
7,8755E-5
8,039E-5
7,6226E-5
8,9052E-5
7,8651E-5
7,7904E-5
7,6851E-5
9,8057E-5
8,4585E-5
7,8736E-5
7,9342E-5
7,7469E-5
8,7403E-5
8,0341E-5
7,6354E-5
7,8401E-5
8,1897E-5
8,4345E-5
7,6255E-5
7,955E-5
8,0468E-5
8,0245E-5
7,8552E-5
8,5494E-5
7,6755E-5
8,6669E-5
8,1133E-5
7,5399E-5
7,9269E-5
7,8299E-5
8,5238E-5
8,7678E-5
1,24674E-4
1,2619E-4
1,16008E-4
8,5544E-5
8,8423E-5
1,13628E-4
8,2427E-5
8,8949E-5
1,27569E-4
8,3098E-5
1,07996E-4
1,4307E-4
1,10565E-4
1,30288E-4
1,21288E-4
9,0522E-5
8,9239E-5
9,573E-5
7,7979E-5
9,1564E-5
1,00822E-4
8,4232E-5
1,24253E-4
1,18752E-4
7,7916E-5
8,4155E-5
7,6378E-5
1,30559E-4
7,9305E-5
8,9479E-5
7,7851E-5
8,1818E-5
8,6028E-5
8,2275E-5
7,8547E-5
7,917E-5
8,0079E-5
8,1792E-5
7,7176E-5
7,8861E-5
8,0026E-5
8,0896E-5
8,1912E-5
7,9975E-5
7,9128E-5
1,02203E-4
7,7895E-5
8,1987E-5
8,0226E-5
8,0296E-5
7,7096E-5
7,6454E-5
7,7271E-5
8,2284E-5
7,8044E-5
7,8991E-5
7,7675E-5
7,755E-5
7,6787E-5
7,7022E-5
7,8645E-5
7,6555E-5
8,6715E-5
8,7044E-5
9,0257E-5
7,8721E-5
7,8915E-5
8,1617E-5
7,9164E-5
7,8703E-5
8,4509E-5
7,9963E-5
7,5859E-5
7,8478E-5
7,5836E-5
7,9229E-5
7,7476E-5
8,1985E-5
7,7736E-5
7,7064E-5
7,8937E-5
7,8134E-5
8,3346E-5
7,6311E-5
8,2266E-5
7,7313E-5
8,8744E-5
7,895E-5
7,7356E-5
7,6389E-5
8,3646E-5
1,06606E-4
7,9735E-5
8,5646E-5
7,8175E-5
7,9691E-5
7,8628E-5
7,6538E-5
7,7113E-5
7,8805E-5
7,6811E-5
7,9138E-5
7,638E-5
8,0623E-5
7,9268E-5
7,9444E-5
8,0143E-5
8,7614E-5
8,0752E-5
7,8612E-5
8,1317E-5
8,3513E-5
7,8703E-5
7,8524E-5
7,6498E-5
7,9981E-5
8,0487E-5
7,8198E-5
7,7939E-5
8,3768E-5
1,26745E-4
7,6493E-5
7,5926E-5
9,9656E-5
8,0368E-5
7,7001E-5
1,02148E-4
9,8078E-5
7,9848E-5
1,29014E-4
7,9245E-5
1,0683E-4
7,9987E-5
7,8042E-5
8,0855E-5
1,20114E-4
8,0787E-5
9,9666E-5
7,8651E-5
7,7693E-5
1,16584E-4
7,7493E-5
7,8333E-5
7,5872E-5
7,7122E-5
7,6782E-5
7,8764E-5
7,903E-5
7,8627E-5
7,8202E-5
7,9621E-5
7,8761E-5
7,8624E-5
9,95E-5
8,193E-5
7,894E-5
8,7728E-5
7,6927E-5
8,2637E-5
7,4285E-5
