0,004121413
0,003360108
0,043335051
0,002260533
0,002177729
0,001913243
0,001854009
0,001813404
0,001919017
0,001997934
0,002067443
0,002082397
0,002000649
0,001899647
0,001892411
0,001638175
0,001722655
0,001798993
0,001827151
0,001685783
0,001653776
0,001751383
0,001796831
0,002500896
0,001775766
0,001510884
0,001602714
0,00168483
0,001588773
0,001518622
0,001555516
0,001506892
0,001561484
0,001508885
0,001513381
0,005514871
0,003299401
0,001534094
0,00151037
0,001483608
0,001494995
0,00151855
0,001601097
0,001533382
0,001482517
0,001560464
0,001553046
0,001477941
0,001450818
0,001486225
0,001447843
0,001536154
0,001505968
0,001382854
0,00149752
0,001472089
0,001475542
0,001455249
0,001417858
0,001435644
0,001563883
0,00151053
0,001559155
0,00144812
0,001498038
0,001485686
0,001434594
0,001461587
0,001547306
0,001461356
0,002620218
0,001552971
0,001454273
0,001508863
0,001486704
0,001482949
0,001432057
0,001442678
0,001555787
0,001562524
0,001499031
0,001476948
0,001460033
0,001467442
0,001524777
0,001470155
0,00153477
0,00146678
0,001482348
0,001590732
0,001483884
0,001489194
0,001531535
0,001471444
0,001644808
0,001546425
0,001523294
0,001543585
0,001483816
0,001524811
0,0015531
0,001545776
0,001568749
0,001664954
0,002458992
0,001513416
0,001549077
0,001569537
0,001519127
0,001579365
0,001558773
0,001602337
0,001499652
0,001489379
0,001522864
0,001650153
0,001495296
0,001474978
0,001496025
0,001608858
0,00154257
0,001602046
0,001506333
0,00157651
0,001488488
0,001513986
0,001535166
0,001482903
0,001417645
0,001482556
0,001432664
0,001476045
0,001449482
0,001432773
0,001485703
0,001441911
0,001424303
0,001446876
0,002297409
0,001531069
0,001478267
0,001434862
0,001532155
0,001523085
0,001383158
0,001431623
0,001536538
0,00148056
0,001491538
0,001382324
0,001603049
0,001515934
0,001551646
0,001493089
0,001540834
0,001433472
0,001476956
0,001439747
0,001477206
0,001532085
0,001504983
0,001458706
0,001492389
0,001435926
0,001473578
0,001505214
0,001416635
0,001487627
0,001388662
0,001505504
0,001481646
0,001478715
0,001518556
0,001545123
0,001480243
0,001692546
0,001672943
0,001446735
0,001461324
0,001494067
0,002859132
0,001407889
0,001507645
0,00149077
0,001496068
0,001470095
0,001480773
0,001459031
0,001487939
0,001456166
0,001413633
0,001409143
0,001498459
0,001497416
0,001487754
0,001498931
0,001493784
0,001481119
0,001470124
0,001623559
0,001597848
0,001413547
0,001503112
0,001537803
0,001498852
0,001558604
0,001509643
0,001470825
0,001417421
0,001547889
0,001473699
0,001556186
0,001472363
0,001477747
0,001482243
0,001549597
0,001462417
0,00142721
0,001494801
0,001462255
0,001523757
0,001482982
0,001465779
0,00151395
0,001470585
0,001515
0,00154018
0,001500615
0,001411311
0,001485013
0,001463588
0,003214466
0,001500704
0,001548249
0,001485357
0,001551436
0,00151527
0,001610589
0,00142771
0,001545251
0,001498953
0,001477602
0,001458604
0,001488252
0,001412195
0,001388484
0,001427216
0,001464034
0,001507312
0,001459224
0,001444599
0,00155928
0,001456497
0,001487814
0,001492377
0,001551127
0,00146769
0,001541485
0,001559066
0,001469056
0,001423397
0,001508923
0,001441997
0,001418765
0,001466572
0,001478166
0,001417548
0,001439524
0,001454282
0,001478866
0,001492306
0,001514373
0,001504218
0,001530383
0,001451628
0,001453907
0,001465067
0,00146583
0,001449843
0,0014763
0,001476311
0,001519802
0,001436459
0,001474682
0,001516641
0,002509381
0,001488118
0,001443087
0,001395743
0,001390511
0,001485018
0,001441138
0,001505212
0,001433692
0,001423628
0,00151184
0,001507971
0,001427503
0,001491101
0,001429845
0,001502662
0,001487165
0,001564039
0,001511813
0,001475478
0,001461219
0,001539014
0,001465238
0,001461744
0,001493825
0,001467405
0,001537532
0,001483967
0,001447753
0,001495406
0,00146998
0,001462977
0,001481985
0,001544313
0,001575404
0,001437486
0,001420312
0,001438738
0,001407983
0,001466362
0,001540234
0,001457587
0,001573914
0,001495329
0,001489652
0,001466087
0,00140248
0,001453227
0,001521611
0,00144575
0,001404366
0,001438207
0,001569622
0,002628359
0,001527447
0,001426049
0,001482764
0,001545585
0,001562849
0,001567289
0,001492754
0,001475683
0,001440402
0,001507982
0,001490558
0,001443378
0,001516028
0,001413873
0,001481235
0,001474619
0,001478798
0,001489938
0,001529607
0,001497899
0,001585599
0,001486723
0,001436409
0,001442503
0,001501109
0,001575587
0,001421409
0,001447138
0,001518735
0,001483821
0,00146882
0,001450477
0,001456683
0,001503032
0,001566268
0,001497032
0,001585267
0,001411759
0,001529758
0,001473423
0,001546705
0,001564821
0,00148644
0,001589074
0,001670094
0,001475775
0,00148355
0,001505556
0,001496637
0,00145126
0,001411093
0,001741955
0,00203984
0,001962318
0,002085179
0,002111621
0,002105161
0,002079623
0,002073392
0,002067547
0,002092609
0,002080381
0,002101407
0,002244493
0,002193207
0,002917836
0,001431005
0,001504519
0,001540983
0,001484328
0,00150547
0,001451976
0,001493945
0,001439084
0,001567871
0,001466449
0,001536325
0,001444532
0,001432785
0,001480344
0,001396164
0,001485497
0,001451308
0,001378768
0,001449472
0,001440078
0,00148699
0,001487568
0,001552569
0,001451017
0,001398544
0,001504555
0,001527808
0,001549788
0,001465288
0,0014038
0,001502229
0,00150072
0,001470066
0,001593228
0,001457714
0,001407748
0,001463273
0,001461724
0,001440203
0,001548329
0,001460245
0,001449203
0,001526277
0,001428239
0,001421338
0,001465874
0,001418687
0,001435317
0,001425154
0,001465311
0,001554676
0,001448646
0,001460772
0,001494375
0,001645488
0,00144059
0,001391841
0,001497593
0,001452842
0,001451308
0,001396945
0,001443235
0,001631935
0,001569394
0,001546415
0,002728477
0,001462795
0,00139667
0,001392481
0,001404619
0,001415234
0,001464727
0,001421932
0,001477589
0,001413944
0,001389587
0,001382246
0,001441496
0,001420978
0,001468167
0,001462308
0,001437417
0,001537461
0,001498883
0,001497704
0,001490297
0,00163083
0,001526643
0,001386642
0,001418128
0,001439991
0,001439907
0,00139466
0,00140409
0,001384039
0,001401409
0,001498235
0,001419011
0,001392742
0,001390484
0,001454454
0,001455542
0,001396781
0,001430964
0,001470345
0,001476638
0,001459594
0,001416194
0,001453288
0,001470004
0,001519299
0,001514058
0,001448355
0,001468734
0,001478959
0,001462034
0,001578234
0,001508095
0,001469591
0,001461456
0,00148142
0,001460695
0,001454775
0,001426015
0,001536513
0,001407561
0,001397367
0,001431547
0,001551954
0,001519829
0,001532246
0,00173324
0,001990885
0,002066381
0,002036215
0,002098914
0,002040338
0,002069478
0,002212168
0,002100834
0,002079854
0,002025838
0,002087099
0,002096836
0,0021776
0,002091313
0,002112883
0,002112414
0,003081716
0,001636906
0,001604527
0,001495779
0,001466373
0,001487746
0,001445845
0,001488715
0,001442848
0,001426362
0,001460645
0,001472031
0,001490043
0,001497011
0,001497877
0,001444316
0,001454154
0,001479645
0,00144403
0,001546046
0,001520499
0,001443166
0,001489202
0,001425939
0,001484084
0,001465418
0,001452715
0,00143888
0,001535564
0,001541719
0,001437853
0,001546857
0,001518294
0,001509254
0,001672315
0,001553199
0,001500193
0,001635838
0,001531794
0,001478593
0,001519217
0,001417866
0,001504884
0,001504451
0,001516674
0,001453928
0,001473468
0,001461322
0,001474702
0,001501372
0,001588493
0,00147725
0,001458895
0,001411865
0,001502804
0,00139965
0,001415452
0,001421527
0,001458325
0,001434231
0,001533025
0,001447918
0,00159145
0,001483979
0,00167283
0,00156806
0,001521393
0,001441561
0,001476039
0,00145487
0,001451973
0,001429709
0,001427035
0,001524181
0,00148212
0,001468802
0,001467515
0,001401721
0,001447623
0,001440588
0,001625178
0,002924093
0,001454513
0,001454111
0,00159844
0,00156733
0,001500026
0,001543638
0,001451908
0,001554902
0,001483425
0,00163319
0,001453099
0,001422935
0,00149139
0,001470242
0,001458501
0,001470888
0,001456809
0,001446551
0,001593005
0,001445576
0,001411643
0,001434867
0,00147366
0,001439142
0,001468334
0,00140762
0,001457701
0,001398269
0,001387423
0,001455134
0,001449196
0,0014556
0,001498533
0,001579153
0,00148367
0,001604203
0,001568601
0,001489352
0,001463379
0,001493719
0,001516256
0,001431509
0,001474177
0,001445386
0,001428374
0,001593412
0,001462827
0,001444835
0,001463457
0,001482142
0,001495245
0,001410816
0,001416996
0,001466446
0,001458045
0,00142312
0,001481673
0,00145873
0,001530869
0,001404969
0,001434555
0,001471752
0,001525897
0,001444799
0,001433857
0,001495833
0,001448828
0,001428968
0,001420232
0,001463907
0,001409061
0,001417341
0,001426004
0,001450974
0,001496158
0,001479562
0,001508752
0,00260202
0,001471884
0,001399917
0,001435111
0,00142672
0,001427766
0,001449647
0,001500644
0,00148451
0,001545549
0,001410209
0,00144878
0,001404997
0,001513184
0,001470585
0,001424562
0,001467921
0,001509176
0,001427782
0,001527048
0,001502861
0,001386694
0,001418287
0,00150156
0,00148485
0,001480863
0,001395787
0,001553076
0,00149533
0,00144483
0,001542351
0,001639821
0,001532074
0,00148211
0,001560339
0,00158065
0,001511816
0,001497694
0,001516304
0,001600441
0,001565382
0,001478091
0,001494206
0,001472233
0,00152197
0,001452617
0,00152395
0,001646259
0,001513462
0,001439361
0,001462227
0,00153768
0,001567099
0,001448332
0,001530381
0,00168264
0,001475057
0,001563289
0,001547376
0,001584966
0,001421137
0,001437414
0,001420054
0,001511846
0,001432107
0,001435138
0,001435598
0,001465106
0,001467306
0,001448885
0,001462599
0,001570125
0,001423823
0,001489872
0,001489405
0,001485791
0,001439614
0,001439036
0,002202302
0,00146082
0,001487887
0,001518175
0,001476562
0,00141088
0,001458079
0,001444902
0,001471852
0,001539709
0,001463821
0,001535988
0,001474681
0,001505154
0,001487005
0,001514565
0,001471774
0,001403668
0,001486357
0,001468559
0,0014454
0,001543325
0,001467271
0,001482836
0,001468666
0,001429703
0,001438462
0,001433055
0,001421587
0,001407638
0,001413945
0,001536779
0,001521401
0,001444524
0,001460916
0,001410632
0,001479624
0,001478713
0,001410285
0,00142442
0,001450594
0,001455725
0,001470251
0,001501621
0,001477633
0,001545762
0,001496908
0,001532755
0,00153352
0,001520062
0,001543738
0,001500834
0,001512628
0,001560297
0,001502934
0,001538271
0,001531357
0,00148101
0,001634665
0,001426823
0,001394124
0,001428513
0,001433793
0,001535669
0,001434855
0,001403194
0,001464214
0,001513404
0,001404167
0,001427549
0,001444029
0,001511688
0,001447069
0,001395486
0,001526599
0,002695045
0,001463886
0,001424738
0,00141022
0,001404288
0,00144365
0,001529518
0,001472438
0,001432936
0,001380791
0,001396728
0,001403103
0,001420153
0,001425577
0,001377632
0,001429046
0,001403292
0,00141959
0,001445855
0,001442066
0,001418724
0,00144508
0,001466046
0,001467108
0,001409528
0,001536071
0,001478038
0,001546963
0,001431667
0,00145514
0,001466242
0,001584557
0,001547199
0,001480455
0,001474445
0,001535661
0,001453676
0,00144038
0,001460987
0,00150095
0,001423928
0,001471926
0,001425544
0,001449961
0,001516502
0,001447309
0,001447693
0,001541199
0,001490078
0,001605115
0,0015013
0,001601357
0,001583505
0,001561626
0,001483071
0,001441691
0,001447708
0,001487086
0,001451692
0,00148632
0,001498787
0,001563635
0,001543416
0,001474311
0,001425999
0,001476353
0,001550236
0,001523858
0,001465083
0,00151401
0,001477688
0,001552647
0,001471201
0,002412609
0,001487517
0,001453554
0,001501413
0,00146099
0,001482792
0,001555374
0,001537413
0,001522487
0,001473187
0,001485955
0,001517052
0,001559869
0,001497069
0,00147474
0,001565583
0,001472933
0,001485081
0,001444661
0,001501408
0,001446131
0,001443156
0,001511454
0,001469705
0,001493232
0,001425103
0,001422267
0,001478307
0,001394837
0,001396822
0,001433434
0,001460375
0,001423689
0,001490425
0,001520108
0,001476386
0,001405106
0,001408571
0,001480325
0,001504936
0,0015471
0,001533193
0,001481461
0,001448591
0,001466892
0,0014745
0,001580018
0,001472116
0,001453054
0,001447966
0,001433587
0,001441324
0,001409337
0,001495263
0,001457099
0,001428826
0,001513001
0,001485484
0,00146741
0,001456964
0,001466605
0,001464874
0,001463977
0,001496369
0,001457987
0,00146326
0,001480795
0,001452957
0,00151
0,001433547
0,002683185
0,001455727
0,001426694
0,001467105
0,001446647
0,001437929
0,001409401
0,001460401
0,001526847
0,001481527
0,001498327
0,001404884
0,001470167
0,001426058
0,00147403
0,001438318
0,001412803
0,001403706
0,001487331
0,001453332
0,001503033
0,001443177
0,001461254
0,001444627
0,001435695
0,00146432
0,001551716
0,001427139
0,001592235
0,001451205
0,001564494
0,00160982
0,00149129
0,001513402
0,001473322
0,001431109
0,001552234
0,001588883
0,001468435
0,001463188
0,001449373
0,001388958
0,001524928
0,001601528
0,001578034
0,001481615
0,001550334
0,001561399
0,001539841
0,001558545
0,001427906
0,001458684
0,00144485
0,001545913
0,00150207
0,001446337
0,001503373
0,001485296
0,001640958
0,001461286
0,001434503
0,001464059
0,001457971
0,001466828
0,001498748
0,001469812
0,001421873
0,001420042
0,001464894
0,002601296
0,001451679
0,001457041
0,001406827
0,001481555
0,001449586
0,001546447
0,001510086
0,001457598
0,001491072
0,001490159
0,001576042
0,001444241
0,001447943
0,001477578
0,001527497
0,00140208
0,001447313
0,001462264
0,001521319
0,001441152
0,001461675
0,001428441
0,001477144
0,001418004
0,001508985
0,001439072
0,001410331
0,001462851
0,001463621
0,001506687
0,001529679
0,001471159
0,001454372
0,001480483
0,001473248
0,001449273
0,001395453
0,001378901
0,001484407
0,001435132
0,001470761
0,001449704
0,001500659
0,001533709
0,001461676
0,001442303
0,001489628
0,001413886
0,001393965
0,001414634
0,001458756
0,001387175
0,001432676
0,001441026
0,001426251
0,001456511
0,001510941
0,001454814
0,00151751
0,001408087
0,001425177
0,001466574
0,00144644
0,001455738
0,001512562
0,001472921
0,002568303
0,00141706
0,001446945
0,001433956
0,001394672
0,001474554
0,001468556
0,001477737
0,001485721
0,001449154
0,001443592
0,001493281
0,001455
0,001460609
0,00142638
0,001455374
0,001429006
0,001465404
0,001473764
0,001430978
0,00146298
0,00148082
0,001427626
0,001458743
0,001500956
0,001463227
0,001464252
0,001459388
0,001607764
0,001657908
0,001469468
0,001442962
0,001496003
0,001415539
0,001481371
0,001455939
0,001473671
0,001491134
0,001439487
0,001471087
0,001443439
0,001416734
0,001489605
0,001460817
0,001398111
0,0014939
0,001425277
0,001447377
0,001464696
0,001464473
0,001515199
0,001507507
0,001478074
0,001477925
0,001516348
0,001462151
0,001536764
0,001507044
0,001536651
0,001457373
0,001460458
0,001433274
0,001456805
0,001422286
0,001490479
0,002587654
0,001416434
0,001478187
0,001459256
0,001482078
0,00148851
0,001434454
0,001492913
0,001423943
0,001554022
0,001411591
0,001416069
0,001431431
0,001467889
0,00146612
0,001464577
0,001428541
0,001427894
0,001449922
0,001391872
0,001441507
0,001452002
0,001422205
0,001496582
0,001418879
0,001457405
0,001425837
0,001552309
0,001495727
0,001453396
0,001413271
0,001467492
0,00146705
0,001581996
0,001547394
0,00152286
0,001524867
0,00154054
0,00144702
0,001455502
0,00139517
0,001452797
0,001448265
0,001419124
0,001412201
0,001397147
0,001430207
0,001484211
0,001427322
0,001376449
0,001414998
0,001420873
0,001439314
0,001472364
0,001417784
0,001526697
0,001456873
0,001388808
0,00139288
0,001440566
0,001387492
0,001443235
0,001399116
0,001381028
0,002865482
0,001405475
0,001380356
0,001346175
0,001428668
0,00138837
0,001414102
0,001455725
0,001396168
0,001417097
0,001416989
0,001543654
0,001389732
0,001428778
0,001461684
0,001474016
0,001413034
0,001414229
0,001451984
0,001435861
0,001560538
0,001632178
0,001586182
0,001528169
0,001496092
0,001477727
0,001556023
0,001547874
0,0014414
0,001438207
0,001504087
0,001463607
0,001469364
0,001466966
0,001443937
0,001436291
0,001407645
0,001436269
0,001401751
0,001472939
0,001467352
0,00142742
0,001425584
0,001406179
0,001436258
0,001461472
0,00138909
0,001429539
0,001441807
0,001440894
0,001411612
0,001432755
0,001433239
0,001406991
0,001421014
0,001410569
0,001435632
0,001410061
0,00148033
0,001384918
0,001397228
0,001410135
0,00144946
0,002619971
0,001380594
0,001390342
0,001393854
0,001406236
0,001477732
0,001495098
0,001394533
0,001463856
0,001369377
0,001409009
0,001434599
0,001415182
0,001446521
0,001429174
0,001404069
0,001404784
0,001456636
0,001523785
0,001457752
0,001524562
0,001420028
0,001500355
0,001405569
0,001493625
0,001485657
0,001558581
0,001439253
0,001512476
0,001434228
0,001468908
0,001492512
0,001442656
0,001535867
0,001539071
0,001427353
0,001450477
0,001513836
0,001531627
0,001431561
0,001446797
0,001474634
0,001565376
0,00148608
0,001494579
0,001465634
0,001486681
0,001527554
0,001456183
0,001385157
0,001436831
0,001549573
0,001513998
0,001448966
0,00153628
0,00153999
0,001452066
0,001476785
0,001430303
0,001375935
0,001402851
0,001540027
0,002376855
0,001391519
0,00140341
0,001534517
0,001441006
0,001406416
0,001405152
0,001419636
0,00147314
0,001405568
0,001425531
0,001460689
0,001540657
0,001503956
0,001435198
0,001448693
0,001385033
0,001423058
0,001428903
0,001467659
0,001437434
0,001470066
0,001438179
0,001485943
0,001462342
0,001484571
0,001586406
0,001581256
0,001441302
0,001427321
0,001467354
0,001413683
0,001435572
0,001416901
0,001432767
0,001394132
0,001402099
0,00145842
0,001454075
0,001407264
0,001478155
0,001463281
0,001433333
0,001471998
0,001435363
0,001462366
0,001439499
0,001421026
0,001374056
0,001544042
0,00145338
0,001481537
0,001433515
0,001503902
0,00139542
0,001406416
0,001470001
0,00141925
0,001440288
0,002806954
0,001425029
0,001506352
0,00139745
0,001402211
0,001449121
0,001489096
0,001506725
0,001471821
0,001435823
0,001532675
0,001445335
0,001474217
0,001539274
0,001524674
0,001449662
0,001516861
0,001408079
0,001490965
0,001454466
0,001428299
0,001427117
0,001519088
0,00149035
0,001491774
0,001424326
0,001406552
0,001527304
0,001570402
0,00141085
0,00146141
0,00146323
0,001516905
0,001513249
0,001538539
0,00148769
0,001550425
0,001597338
0,001503745
0,001482929
0,001459388
0,001471673
0,001429841
0,001520421
0,001455356
0,001440691
0,00142724
0,001400735
0,001452358
0,001455428
0,001417996
0,001464581
0,001496389
0,001459856
0,001494329
0,001433255
0,001448354
0,001467647
0,001542727
0,002514742
0,001559939
0,001402465
0,001512162
0,001492968
0,001561217
0,001525303
0,001562191
0,00150067
0,001380644
0,001405916
0,001411952
0,001390518
0,001380738
0,001498045
0,00148632
0,001486284
0,001398307
0,001401415
0,001382445
0,001383586
0,001352378
0,001413511
0,001440876
0,001439964
0,001426407
0,001422674
0,0014617
0,001482616
0,001559143
0,001523978
0,001447492
0,001389136
0,001402095
0,001439333
0,001455162
0,00145583
0,001505287
0,001522693
0,001457251
0,001473095
0,001441945
0,001440968
0,001513054
0,001483665
0,001450742
0,001481893
0,001488323
0,001524939
0,001510307
0,001504731
0,001516458
0,001522509
0,001440469
0,001432261
0,001548696
0,002598047
0,001508072
0,001439659
0,001402904
0,00141894
0,001597307
0,001487299
0,001616921
0,001496252
0,001460251
0,001483824
0,001494069
0,001473924
0,001504075
0,001551138
0,001410572
0,0014515
0,001468773
0,001465573
0,001536108
0,001464167
0,00142766
0,001407966
0,001487137
0,001403072
0,001422766
0,001430067
0,00142407
0,001455011
0,0014052
0,00143772
0,001458261
0,001449145
0,001422737
0,001454207
0,001435706
0,001481714
0,001520599
0,001398348
0,001401703
0,00140714
0,001423282
0,001439555
0,001439699
0,001432043
0,001379773
0,001419381
0,00147735
0,001400479
0,001411247
0,001390818
0,001414823
0,001362381
0,001412121
0,00134773
0,002529035
0,001372132
0,001456121
0,001552311
0,001474615
0,001464299
0,001444591
0,001429634
0,001501398
0,001403188
0,001411148
0,001428258
0,001404332
0,001383093
0,001430887
0,001479458
0,001518554
0,001399771
0,00141966
0,00144934
0,001499162
0,00147299
0,00149132
0,00141016
0,001446067
0,00143213
0,00145837
0,001620739
0,001462739
0,001478142
0,001475952
0,001515146
0,001541465
0,001494519
0,001439141
0,00153465
0,001625499
0,001563662
0,00147481
0,001452562
0,001506827
0,001436843
0,001442011
0,001521857
0,001408602
0,001420072
0,00151171
0,001498718
0,001471313
0,001589553
0,001553536
0,00147699
0,001492969
0,001478491
0,001438462
0,002647859
0,001447637
0,001585931
0,001449109
0,001628679
0,001450712
0,001599818
0,001537974
0,001505264
0,001694163
0,001490662
0,001479311
0,001427316
0,001557144
0,001459763
0,001411272
0,001664487
0,001576393
0,001587045
0,001566528
0,00157535
0,001486247
0,001468118
0,001421082
0,001552227
0,001499715
0,001593573
0,001502629
0,001455255
0,001527547
0,001519912
0,001723762
0,001389091
0,001434804
0,001415414
0,001414813
0,001389738
0,001417932
0,001434198
0,001486199
0,001577915
0,001507617
0,001510977
0,001452805
0,001464754
0,001474835
0,001425603
0,001424905
0,00142509
0,001496251
0,001518558
0,001502729
0,00142865
0,001409744
0,002514797
0,001401628
0,001496769
0,001423582
0,001470787
0,001499198
0,001469482
0,001390639
0,001347159
0,001444663
0,001389961
0,001377042
0,001364058
0,001521212
0,001415358
0,001467317
0,001432715
0,001373105
0,001429282
0,001384581
0,001411715
0,001394911
0,001415534
0,001482348
0,001435421
0,00143252
0,001517222
0,001490011
0,001562134
0,00154782
0,001504666
0,001411582
0,001430579
0,001389993
0,001378225
0,001390122
0,001413777
0,00147543
0,001406136
0,001428151
0,001427893
0,001445266
0,001446178
0,001420001
0,001388191
0,001452566
0,001433286
0,001458565
0,001453403
0,001376043
0,001386538
0,0013559
0,001425237
0,001494737
0,001399614
0,001458722
0,001540668
0,001463968
0,001414594
0,001418401
0,001421546
0,001586693
0,001404245
0,001396095
0,002594474
0,001401028
0,001455472
0,001416539
0,001464416
0,001540594
0,00149809
0,001469156
0,001464636
0,001418757
0,001516415
0,001408938
0,001405559
0,001535192
0,001486055
0,001499413
0,001479382
0,001478622
0,001449146
0,001390741
0,00145906
0,001580325
0,001437303
0,001453126
0,001496618
0,001591377
0,001449393
0,001424291
0,00147855
0,001548714
0,001572122
0,001569563
0,001447343
0,00146241
0,001428653
0,001518805
0,001474834
0,001574661
0,001461183
0,001442857
0,001434307
0,001481632
0,001500063
0,001464091
0,001485777
0,001609025
0,001423314
0,001514964
0,001414648
0,001431356
0,001414849
0,001436736
0,001487548
0,001547044
0,001430864
0,001437819
0,001449633
0,001401609
0,001469279
0,001436997
0,001445454
0,001577582
0,001432021
0,001478625
0,001461792
0,001487754
0,00146259
0,001517997
0,00144009
0,001485665
0,001472676
0,001572427
0,001555939
0,001476204
0,001464841
0,00146402
0,002470411
0,001494086
0,001473861
0,001426545
0,00137444
0,001397268
0,001415692
0,001393705
0,001414686
0,001486547
0,001422531
0,001444563
0,00148835
0,001484834
0,00143789
0,001478316
0,001509304
0,001494401
0,001515736
0,001374154
0,001409169
0,001469841
0,001402287
0,001432259
0,001411922
0,001402102
0,001381098
0,001374799
0,001393418
0,001462498
0,00148364
0,001426125
0,001457922
0,001562196
0,001462358
0,001454981
0,001522397
0,001531508
0,001504472
0,001390571
0,001424649
0,001380569
0,001429783
0,001418647
0,00140047
0,001375199
0,00137637
0,001347057
0,00138227
0,00139107
0,001429472
0,001445772
0,001398927
0,001402069
0,001474842
0,001493544
0,001517986
0,001580731
0,001553279
0,001453066
0,001421718
0,001480327
0,001436228
0,001518226
0,001492212
0,001575516
0,001541752
0,001559586
0,001457178
0,001425056
0,001462966
0,00141449
0,00145705
0,00150156
0,002561685
0,001417868
0,001439588
0,001402048
0,001376772
0,001408119
0,00145969
0,001472988
0,001393906
0,001513495
0,001503208
0,001458449
0,001441479
0,00147818
0,001431129
0,001492967
0,001424503
0,001525489
0,001421634
0,001423396
0,001479796
0,001413707
0,001447442
0,00147866
0,001438948
0,001494923
0,001456532
0,001579624
0,001581315
0,001431473
0,001556662
0,001555581
0,001532678
0,001417065
0,001464552
0,001482276
0,001468588
0,001441737
0,001476581
0,001404568
0,001397305
0,00143902
0,001416024
0,001393879
0,001442715
0,001498518
0,001447725
0,001544866
0,001476866
0,001448812
0,001496687
0,00145486
0,001470655
0,001560819
0,001500713
0,001553525
0,001592381
0,001449496
0,001467937
0,001431198
0,001471315
0,001469003
0,001545978
0,001539715
0,001440018
0,001433373
0,001520628
0,001397937
0,001539077
0,00151127
0,001449804
0,001601486
0,002781576
0,001571275
0,001452657
0,001568567
0,001453132
0,001420964
0,001436335
0,001451234
0,00143701
0,001476806
0,001431513
0,001457043
0,001486393
0,001456992
0,001494741
0,001557665
0,001439818
0,00146887
0,001412358
0,001418831
0,001425233
0,001417977
0,001475273
0,001383446
0,001464247
0,001530173
0,001399147
0,001399308
0,001416986
0,00138927
0,001383518
0,001431747
0,001406689
0,001445443
0,001439319
0,001433779
0,00141934
0,00143243
0,001449254
0,00141134
0,001436161
0,001402845
0,001435185
0,001370514
0,001415393
0,001448093
0,001448875
0,001569301
0,001455651
0,001459182
0,001483747
0,001428959
0,00142736
0,001391361
0,001423853
0,001469483
0,001452049
0,001487666
0,001587306
0,001494385
0,001426813
0,001520707
0,001429192
0,001394905
0,001402897
0,001461112
0,001395971
0,001437825
0,001417308
0,001400908
0,001471278
0,002796699
0,001451264
0,001429065
0,001481689
0,001481653
0,001437874
0,001566875
0,001559017
0,001442219
0,001434175
0,001454519
0,001487709
0,001455506
0,00143057
0,001501998
0,001458364
0,001430583
0,001418098
0,001437805
0,001410753
0,001455383
0,001403541
0,001460088
0,001432239
0,001572237
0,001478711
0,001433329
0,001486818
0,001534075
0,001494103
0,001569879
0,001512998
0,001498856
0,001582761
0,001454955
0,001403089
0,00144418
0,001431602
0,001472588
0,001453142
0,00152179
0,001439903
0,001443094
0,001437001
0,001454938
0,001537636
0,001516203
0,001500322
0,001448571
0,001448003
0,001411939
0,001461931
0,001401092
0,001423579
0,001430378
0,001437359
0,001472209
0,001416532
0,001502619
0,001452415
0,001494532
0,001397882
0,001462191
0,001429232
0,001507727
0,001431197
0,001435358
0,001423173
0,001552601
0,002874659
0,001497794
0,001434064
0,001509834
0,001491756
0,001435981
0,001495266
0,001469051
0,001383428
0,001422452
0,001427509
0,001428629
0,00141581
0,001400449
0,001427403
0,001451919
0,001446958
0,001428403
0,001419569
0,001457119
0,001414163
0,001447268
0,001422048
0,001454713
0,001485155
0,001429758
0,001403115
0,001441788
0,00141663
0,00144948
0,001469959
0,00142726
0,001516315
0,001510866
0,001564349
0,001525739
0,001446891
0,001484925
0,001488673
0,001505646
0,001513269
0,001450475
0,001551018
0,001470847
0,001428409
0,001452051
0,001392754
0,00143191
0,001465326
0,001380505
0,001414774
0,00155131
0,001491963
0,001424358
0,001513672
0,001492957
0,001490777
0,001553729
0,001433854
0,001440864
0,001399121
0,001422032
0,001444782
0,001428827
0,001456162
0,001448484
0,001480902
0,002708679
0,001375646
0,001422175
0,001403975
0,001356911
0,001413878
0,001459262
0,001425511
0,001533699
0,001588943
0,001395869
0,001393315
0,001398685
0,001412176
0,001467284
0,001420884
0,001441176
0,001374066
0,001391274
0,001444666
0,001384636
0,001403476
0,001474241
0,001531218
0,001446628
0,001459123
0,001439018
0,001442441
0,001457509
0,001473318
0,001483946
0,001473341
0,001559651
0,001498609
0,001468299
0,001471604
0,00155871
0,001382907
0,001405122
0,00143482
0,00145686
0,00149347
0,001366039
0,001402982
0,001398897
0,001447846
0,001534469
0,001475965
0,00149651
0,001478236
0,001446053
0,001416284
0,001404331
0,001522591
0,001454678
0,001476327
0,00151883
0,001470312
0,001480172
0,001442343
0,001431229
0,00144527
0,001499543
0,001475913
0,001584401
0,001474543
0,002621248
0,001421483
0,001410207
0,001494448
0,001586932
0,001589214
0,001492976
0,00138844
0,001410259
0,001423085
0,001510879
0,001525424
0,001454481
0,001425001
0,001462417
0,001441887
0,001476473
0,001444529
0,001497831
0,00143869
0,001478788
0,001481964
0,001462322
0,001546399
0,001512606
0,001465761
0,001478257
0,001525319
0,001505348
0,001528553
0,001455209
0,001430887
0,001388145
0,001405691
0,001448165
0,001461864
0,001598556
0,001459571
0,001469211
0,001450013
0,001461061
0,0014611
0,001442214
0,001422631
0,001470921
0,001461736
0,001520076
0,001538157
0,001484846
0,001472873
0,001416557
0,001420361
0,001438813
0,001407008
0,001547044
0,001439429
0,001393691
0,001528914
0,001472557
0,001413525
0,001444233
0,001480793
0,001463709
0,001555992
0,002380593
0,001525431
0,001459971
0,001395399
0,001480516
0,001409674
0,001372019
0,001388849
0,001410163
0,001412372
0,001390362
0,001389979
0,001388789
0,001363781
0,001423462
0,00144945
0,001469823
0,001424571
0,001433085
0,001479507
0,001483656
0,001468033
0,001378722
0,00148509
0,001436325
0,001414114
0,001404199
0,001509629
0,001452039
0,001462247
0,001503077
0,001484657
0,00143073
0,001468723
0,001430091
0,001442329
0,001431184
0,001483555
0,001496685
0,001566782
0,001484278
0,00152615
0,001468898
0,001515136
0,001479134
0,001445245
0,001556396
0,001465602
0,001537407
0,001483685
0,001503572
0,001565956
0,001410038
0,001415962
0,001458493
0,001460352
0,001439234
0,001454338
0,001416722
0,001390167
0,001406318
0,001407635
0,0025271
0,001422775
0,001411791
0,001418639
0,001455432
0,001419786
0,00147036
0,001494804
0,001452845
0,00148473
0,001435736
0,001436835
0,001509876
0,001412607
0,001410737
0,001488056
0,001388178
0,001497611
0,001462064
0,001459548
0,001418487
0,001402279
0,001403144
0,001383702
0,001380903
0,00144819
0,001456289
0,001421177
0,001435071
0,001437847
0,001434528
0,001410686
0,001401235
0,001559241
0,001455956
0,001511718
0,001502436
0,001588056
0,001483801
0,0014196
0,00136292
0,001481484
0,001413481
0,001371336
0,001389524
0,001384908
0,001415618
0,001544833
0,001390957
0,001498564
0,001459441
0,001444353
0,001426844
0,001421606
0,001443845
0,001489374
0,001393339
0,001494875
0,00149533
0,001626814
0,001409412
0,002543949
0,001415667
0,001404147
0,001457917
0,001556014
0,001471441
0,001389184
0,001447794
0,001431177
0,001446842
0,001473275
0,001456472
0,001532766
0,001444455
0,001456975
0,001418322
0,001540606
0,001506174
0,001551485
0,001459176
0,001638915
0,001399258
0,001463365
0,001470476
0,001444815
0,001520653
0,001469558
0,001363902
0,001446018
0,001437979
0,001368996
0,001453677
0,001388194
0,001381279
0,001412553
0,001438483
0,001512797
0,001530989
0,001438431
0,001477984
0,001510474
0,001416704
0,001457418
0,001474324
0,001542059
0,001464093
0,001424456
0,00145297
0,001509199
0,001470892
0,001461222
0,001414043
0,00147071
0,001449823
0,001425863
0,00144507
0,00156598
0,001455435
0,001450825
0,002718036
0,001620049
0,001471777
0,001462825
0,001443011
0,001468666
0,00142146
0,001431053
0,001417507
0,001493479
0,001497522
0,001450457
0,001488968
0,001402774
0,001504353
0,001417899
0,001465389
0,001493788
0,001508131
0,001478573
0,001555519
0,001534651
0,00141891
0,001451788
0,001500706
0,001465434
0,001434766
0,001402909
0,001392969
0,001439498
0,00142636
0,0014591
0,001444065
0,001470806
0,001471257
0,00149513
0,001436024
0,001465227
0,001467636
0,001475999
0,001474787
0,001424625
0,001518989
0,001420665
0,001408117
0,001546151
0,001384995
0,00139967
0,001431334
0,001466113
0,001423373
0,001488382
0,001515662
0,001622579
0,001502627
0,001438371
0,001395276
0,001476453
0,002642276
0,001468097
0,001365078
0,001491649
0,00140748
0,001446388
0,001435251
0,001549047
0,001454637
0,00147149
0,001497292
0,001436203
0,001459683
0,00145739
0,001538798
0,001510141
0,001447411
0,001512533
0,001550371
0,00155673
0,001511548
0,001494796
0,001498867
0,001561486
0,001563115
0,00156121
0,001517742
0,001504403
0,001426441
0,001587155
0,001622201
0,001545154
0,001543634
0,001558899
0,001492257
0,001478002
0,001556102
0,001526524
0,001682245
0,001491261
0,001495855
0,001423194
0,001471233
0,001530308
0,001425048
0,001466931
0,001418299
0,001406138
0,001469855
0,001444928
0,00148568
0,001463065
0,001441856
0,001455031
0,00150495
0,001439039
0,001421691
0,002722452
0,001432862
0,001484691
0,001429954
0,001467533
0,001413795
0,001446461
0,001438237
0,001449495
0,001466656
0,001452131
0,001414002
0,00143943
0,00151285
0,001500957
0,001633547
0,001441099
0,001589272
0,001508792
0,00150119
0,001449775
0,001430113
0,001399844
0,00147379
0,00152144
0,00149507
0,001442313
0,001424905
0,001484435
0,001487211
0,001412577
0,001512779
0,001487364
0,001615294
0,001525317
0,001507995
0,001534215
0,001495495
0,001502393
0,001583174
0,001482126
0,00146841
0,001491714
0,001520371
0,001513772
0,00157928
0,001456901
0,001581762
0,001627978
0,001566334
0,00142468
0,001451591
0,001408844
0,001410024
0,001455917
0,001502162
0,002588912
0,001443443
0,001413848
0,001459452
0,001501837
0,001478976
0,001443618
0,001487387
0,001448339
0,001479834
0,001462103
0,001549822
0,001464315
0,001439013
0,001430803
0,001419939
0,001420411
0,001484617
0,001497878
0,001565458
0,001644268
0,001600612
0,001422386
0,001482835
0,001453424
0,001424282
0,001564762
0,00144447
0,00151901
0,001505347
0,001526975
0,001550477
0,001433384
0,001486937
0,00141436
0,001453339
0,001453527
0,001469549
0,001446125
0,001564725
0,001480252
0,001444477
0,00148299
0,001484073
0,001533386
0,001505535
0,001568979
0,001545237
0,001631818
0,001541865
0,001497009
0,001503709
0,001615175
0,001503371
0,002673225
0,001557741
0,001450138
0,001472014
0,001489066
0,001556794
0,001453542
0,001519499
0,00152484
0,001527981
0,001431572
0,001481466
0,001416056
0,001453008
0,001400934
0,001498815
0,001503184
0,001522298
0,001468834
0,001436898
0,001462817
0,001412858
0,001502567
0,001525536
0,00144382
0,001456926
0,001509714
0,001549893
0,001525535
0,00163803
0,001511921
0,001485818
0,001480286
0,001624383
0,00148501
0,001461635
0,001450132
0,001461586
0,001453653
0,001440099
0,00156303
0,001536855
0,001462369
0,001444261
0,001486643
0,001434855
0,001442743
0,001433219
0,001504737
0,001424353
0,001463381
0,001435378
0,001461648
0,002325109
0,001421548
0,001404489
0,001422202
0,001431783
0,001424907
0,00146384
0,001432453
0,001439003
0,001462194
0,001445393
0,001487421
0,00147559
0,001501911
0,001549356
0,001538055
0,001471211
0,00141613
0,001449779
0,001501779
0,001438212
0,001482159
0,001488389
0,001449894
0,001430399
0,001417818
0,001450978
0,001446031
0,001497294
0,001442874
0,001521091
0,00144261
0,001505075
0,0014177
0,001544075
0,001510683
0,001536373
0,001590409
0,001420341
0,001431843
0,001494279
0,001448287
0,00144473
0,001419779
0,001447135
0,001395359
0,001405781
0,001440766
0,001437291
0,001467026
0,001470341
0,002598704
0,001396508
0,001433477
0,001495273
0,001452251
0,001486734
0,001462736
0,001445274
0,001440301
0,001414257
0,001417625
0,001458136
0,001460903
0,001415279
0,001450029
0,00144143
0,001390213
0,001456123
0,001560861
0,001419864
0,001504379
0,00151156
0,001529457
0,001522719
0,001532742
0,001495096
0,001475305
0,001502166
0,001495905
0,001567691
0,00148118
0,001467774
0,001553656
0,001498371
0,00146486
0,001473815
0,001508803
0,001454496
0,001597092
0,001480064
0,001461347
0,001480479
0,001429609
0,001438152
0,001466386
0,001508552
0,001488505
0,001459835
0,001453303
0,001530654
0,001455938
0,002703289
0,001475005
0,001492385
0,001480393
0,001505113
0,00156897
0,001505977
0,001453917
0,001496523
0,001444799
0,001444215
0,001460332
0,001566499
0,001561462
0,001603188
0,001467686
0,001477935
0,001502959
0,001498534
0,001486831
0,001514015
0,001526944
0,001652407
0,001461919
0,001534932
0,001507654
0,00144691
0,001416907
0,001486202
0,001477661
0,001454654
0,001445131
0,001501164
0,001498735
0,001460441
0,001470793
0,001475129
0,00151624
0,001472013
0,001478261
0,001751764
0,001471396
0,001456578
0,001668862
0,001452845
0,00168925
0,001496763
0,001589666
0,00151729
0,001514347
0,001482714
0,001516624
0,001424117
0,001437925
0,001506574
0,001486105
0,001534019
0,001544034
0,001487043
0,001504048
0,001567947
0,001496868
0,001642936
0,001546547
0,001552834
0,001649917
0,001573159
0,001523378
0,00160558
0,001601756
0,001701336
0,001457942
0,001561652
0,001591004
0,001577649
0,001563738
0,001506432
0,001486389
0,001486443
