3,0042002E-5
3,53E-5
4,0712333E-5
4,4970668E-5
4,8253667E-5
5,1057665E-5
5,3480337E-5
5,5590663E-5
5,7494664E-5
5,9354003E-5
6,1015002E-5
6,257033E-5
6,405233E-5
6,543233E-5
6,677967E-5
6,8055E-5
6,9292335E-5
7,049033E-5
7,166566E-5
7,275634E-5
7,383767E-5
7,490367E-5
7,593267E-5
7,694367E-5
7,7914E-5
7,889533E-5
7,9880665E-5
8,0824335E-5
8,174133E-5
8,263534E-5
8,3539664E-5
8,4425665E-5
8,532333E-5
8,6193E-5
8,706766E-5
8,7924E-5
8,877833E-5
8,963733E-5
9,048834E-5
9,132266E-5
9,2147326E-5
9,299134E-5
9,382566E-5
9,466434E-5
9,5514E-5
9,634E-5
9,7183336E-5
9,8026336E-5
9,8859666E-5
9,970833E-5
1,0055566E-4
1,0139533E-4
1,02267666E-4
1,0311933E-4
1,04012994E-4
1,0488866E-4
1,05768E-4
1,06661E-4
1,07541004E-4
1,0843633E-4
1,0936E-4
1,1028701E-4
1,1123933E-4
1,12173664E-4
1,1313633E-4
1,1411067E-4
1,15098665E-4
1,16118E-4
1,1715E-4
1,18223E-4
1,19287666E-4
1,2041667E-4
1,2156132E-4
1,22713E-4
1,23879E-4
1,25109E-4
1,2639433E-4
1,27672E-4
1,2906066E-4
1,30492E-4
1,31969E-4
1,3353267E-4
1,3513367E-4
1,3686433E-4
1,3872232E-4
1,4067933E-4
1,4284633E-4
1,45124E-4
1,4771434E-4
1,5066534E-4
1,53927E-4
1,5771034E-4
1,6235566E-4
1,6819133E-4
1,7630833E-4
1,8976901E-4
2,2268633E-4
2,9662033E-4
3,8523236E-4
0,007685723
