0,069346614	0,0
0,04180975	0,0
0,03449195	0,0
0,028042307	0,0
0,019594122	0,0
0,06716049	0,0
0,0247582	0,0
0,019284401	0,0
0,020128502	0,0
0,021904012	0,0
0,028184792	0,0
0,02974751	0,0
0,024104841	0,0
0,015257439	0,0
0,021457665	0,0
0,021159545	0,0
0,026605463	0,0
0,019166205	0,0
0,023081124	0,0
0,019643169	0,0
0,023671616	0,0
0,03208667	0,0
0,026749682	0,0
0,027887808	0,0
0,029076822	0,0
0,019086555	0,0
0,017074758	0,0
0,02417111	0,0
0,021626443	0,0
0,021191703	0,0
0,021714102	0,0
0,01947805	0,0
0,021454453	0,0
0,02503036	0,0
0,022311846	0,0
0,024194958	0,0
0,017107703	0,0
0,023706988	0,0
0,021400683	0,0
0,021149362	0,0
0,021858558	0,0
0,026139898	0,0
0,03216166	0,0
0,028984504	0,0
0,027122427	0,0
0,027370755	0,0
0,027330166	0,0
0,013503156	0,0
0,020544901	0,0
0,020210858	0,0
0,022742977	0,0
0,021366859	0,0
0,020502325	0,0
0,021387177	0,0
0,023774462	0,0
0,021104552	0,0
0,02161794	0,0
0,021384262	0,0
0,021294102	0,0
0,023656983	0,0
0,019115748	0,0
0,01932455	0,0
0,023985319	0,0
0,023767179	0,0
0,018685866	0,0
0,019705577	0,0
0,0236524	0,0
0,022435443	0,0
0,022674542	0,0
0,019362168	0,0
0,021540493	0,0
0,021366367	0,0
0,027711691	0,0
0,027648661	0,0
0,028614882	0,0
0,026532987	0,0
0,026498258	0,0
0,02657901	0,0
0,02662796	0,0
0,026497966	0,0
0,026472652	0,0
0,020998191	0,0
0,017214442	0,0
0,021235112	0,0
0,025331618	0,0
0,022311613	0,0
0,020757254	0,0
0,020402825	0,0
0,02095052	0,0
0,023903942	0,0
0,020418297	0,0
0,021905664	0,0
0,021887776	0,0
0,021503562	0,0
0,02120102	0,0
0,023412483	0,0
0,023761036	0,0
0,02188122	0,0
0,022717368	0,0
0,021229064	0,0
0,01909956	0,0
0,024781952	0,0
0,018920604	0,0
0,023183746	0,0
0,020404445	0,0
0,018881444	0,0
0,026954262	0,0
0,019745378	0,0
0,021837585	0,0
0,02226711	0,0
0,019821487	0,0
0,02148988	0,0
0,021709751	0,0
0,023609342	0,0
0,019078711	0,0
0,022182072	0,0
0,016511928	0,0
0,02334169	0,0
0,021579333	0,0
0,022288874	0,0
0,022856964	0,0
0,021829965	0,0
0,018092567	0,0
0,01886831	0,0
0,021483796	0,0
0,023207724	0,0
0,017455192	0,0
0,02355437	0,0
0,016876413	0,0
0,021519506	0,0
0,02287287	0,0
0,022977438	0,0
0,020927928	0,0
0,020052195	0,0
0,023115192	0,0
0,021506077	0,0
0,023665616	0,0
0,021425493	0,0
0,021375762	0,0
0,019232132	0,0
0,022805875	0,0
0,017820183	0,0
0,021439996	0,0
0,026577193	0,0
0,021191189	0,0
0,020103103	0,0
0,022982018	0,0
0,023834776	0,0
0,01921786	0,0
0,021966834	0,0
0,018907374	0,0
0,021439724	0,0
0,021601647	0,0
0,023315571	0,0
0,023994876	0,0
0,021353092	0,0
0,019281475	0,0
0,021619078	0,0
0,024347628	0,0
0,01696005	0,0
0,02312234	0,0
0,024051325	0,0
0,022646222	0,0
0,024797276	0,0
0,018221967	0,0
0,022581905	0,0
0,021430248	0,0
0,0215057	0,0
0,02042931	0,0
0,019343967	0,0
0,021388458	0,0
0,022306407	0,0
0,020636838	0,0
0,02298012	0,0
0,019096311	0,0
0,025386484	0,0
0,021951238	0,0
0,01842821	0,0
0,022580327	0,0
0,023395749	0,0
0,021111805	0,0
0,019947484	0,0
0,021448351	0,0
0,021459207	0,0
0,019576464	0,0
0,022638654	0,0
0,025898483	0,0
0,022583472	0,0
0,018931862	0,0
0,022101322	0,0
0,02121741	0,0
0,02266588	0,0
0,018140167	0,0
0,02131031	0,0
0,023263087	0,0
0,024242776	0,0
0,01899757	0,0
0,0213937	0,0
0,022221165	0,0
0,021090401	0,0
0,018970044	0,0
0,021744434	0,0
0,02138337	0,0
0,021468645	0,0
0,019044135	0,0
0,02405255	0,0
0,021348843	0,0
0,023965046	0,0
0,021399612	0,0
0,019204717	0,0
0,022215325	0,0
0,025344849	0,0
0,021499543	0,0
0,016800975	0,0
0,022637872	0,0
0,02384415	0,0
0,020208174	0,0
0,021524383	0,0
0,022430716	0,0
0,024155773	0,0
0,02213751	0,0
0,019203462	0,0
0,020334693	0,0
0,022805944	0,0
0,021449007	0,0
0,02133362	0,0
0,021854647	0,0
0,0215126	0,0
0,021081561	0,0
0,021474954	0,0
0,021483555	0,0
0,021415943	0,0
0,021547738	0,0
0,021422455	0,0
0,021571007	0,0
0,021357922	0,0
0,020551812	0,0
0,022660501	0,0
0,019335482	0,0
0,023684802	0,0
0,019266382	0,0
0,0214243	0,0
0,021784108	0,0
0,02090702	0,0
0,021575231	0,0
0,021676624	0,0
0,021304106	0,0
0,021477133	0,0
0,021414518	0,0
0,024253279	0,0
0,017279925	0,0
0,023975868	0,0
0,02038986	0,0
0,023534343	0,0
0,01915365	0,0
0,019483836	0,0
0,023442563	0,0
0,021995073	0,0
0,023231184	0,0
0,0196827	0,0
0,017379923	0,0
0,026870746	0,0
0,023077559	0,0
0,020889718	0,0
0,019879928	0,0
0,022533521	0,0
0,020748122	0,0
0,021076703	0,0
0,022785129	0,0
0,02141787	0,0
0,022648335	0,0
0,022688739	0,0
0,019802017	0,0
0,021262692	0,0
0,024516283	0,0
0,017441642	0,0
0,022473197	0,0
0,01913398	0,0
0,021553824	0,0
0,021114495	0,0
0,02180691	0,0
0,016908381	0,0
0,02395667	0,0
0,021327514	0,0
0,027098017	0,0
0,017071472	0,0
0,022125334	0,0
0,022585161	0,0
0,017398577	0,0
0,023355067	0,0
0,023336818	0,0
0,019194573	0,0
0,021451743	0,0
0,021504376	0,0
0,020651823	0,0
0,022434762	0,0
0,019516224	0,0
0,023946254	0,0
0,021372914	0,0
0,021503467	0,0
0,021318464	0,0
0,027443059	0,0
0,0196508	0,0
0,020229276	0,0
0,026144877	0,0
0,0194522	0,0
0,022553874	0,0
0,02010751	0,0
0,019549979	0,0
0,0238219	0,0
0,018712807	0,0
0,019339751	0,0
0,021697251	0,0
0,021423725	0,0
0,021592379	0,0
0,02372591	0,0
0,023761945	0,0
0,01923228	0,0
0,023975698	0,0
0,02134503	0,0
0,018910447	0,0
0,019502366	0,0
0,023611039	0,0
0,021699782	0,0
0,021281512	0,0
0,01945909	0,0
0,021514347	0,0
0,023755241	0,0
0,021289669	0,0
0,021827055	0,0
0,021465773	0,0
0,021257091	0,0
0,020170216	0,0
0,023079272	0,0
0,02124041	0,0
0,021452002	0,0
0,020735692	0,0
0,023351192	0,0
0,022321966	0,0
0,019324511	0,0
0,020236708	0,0
0,023466783	0,0
0,025494315	0,0
0,021361705	0,0
0,021681534	0,0
0,021152096	0,0
0,019419048	0,0
0,020546513	0,0
0,022692716	0,0
0,021281831	0,0
0,019817322	0,0
0,02385266	0,0
0,022446232	0,0
0,020241098	0,0
0,021542203	0,0
0,021419348	0,0
0,021421686	0,0
0,021562124	0,0
0,02155631	0,0
0,021354387	0,0
0,021714287	0,0
0,021641083	0,0
0,0236325	0,0
0,021603541	0,0
0,017332833	0,0
0,024302224	0,0
0,020645548	0,0
0,021861821	0,0
0,02255366	0,0
0,022346828	0,0
0,019237345	0,0
0,023822404	0,0
0,023949768	0,0
0,021660022	0,0
0,019410979	0,0
0,02167038	0,0
0,02432221	0,0
0,021507489	0,0
0,021598006	0,0
0,018903164	0,0
0,024511572	0,0
0,021743348	0,0
0,022466049	0,0
0,021596417	0,0
0,021502657	0,0
0,022524852	0,0
0,020333027	0,0
0,020109257	0,0
0,022032637	0,0
0,022247965	0,0
0,021715758	0,0
0,02113003	0,0
0,02354123	0,0
0,019589756	0,0
0,021103375	0,0
0,021369508	0,0
0,021571351	0,0
0,02320582	0,0
0,017416168	0,0
0,021436911	0,0
0,025212038	0,0
0,021494878	0,0
0,019992504	0,0
0,023139246	0,0
0,017874047	0,0
0,023542972	0,0
0,02393053	0,0
0,019020693	0,0
0,021466969	0,0
0,024231032	0,0
0,018862393	0,0
0,021637358	0,0
0,021701686	0,0
0,02163237	0,0
0,018895347	0,0
0,022978608	0,0
0,022097165	0,0
0,019447675	0,0
0,023574531	0,0
0,024188515	0,0
0,021646887	0,0
0,021064982	0,0
0,023337224	0,0
0,024534905	0,0
0,021413395	0,0
0,017996484	0,0
0,022633834	0,0
0,020239944	0,0
0,023065897	0,0
0,021052342	0,0
0,020918036	0,0
0,017473534	0,0
0,023637375	0,0
0,02297723	0,0
0,019886486	0,0
0,021490756	0,0
0,025524337	0,0
0,017024538	0,0
0,018847011	0,0
0,024785008	0,0
0,021720426	0,0
0,021315098	0,0
0,02072842	0,0
0,023056328	0,0
0,020686943	0,0
0,022252817	0,0
0,024755135	0,0
0,017448284	0,0
0,02237185	0,0
0,022996826	0,0
0,019240014	0,0
0,017112048	0,0
0,020177675	0,0
0,023869332	0,0
0,019975811	0,0
0,020848734	0,0
0,017997732	0,0
0,026899027	0,0
0,020434808	0,0
0,018933235	0,0
0,021863857	0,0
0,024117123	0,0
0,022302767	0,0
0,01815693	0,0
0,023767479	0,0
0,019280517	0,0
0,023619998	0,0
0,023884127	0,0
0,019079562	0,0
0,02143311	0,0
0,02181992	0,0
0,025907407	0,0
0,02170372	0,0
0,021333806	0,0
0,021655388	0,0
0,019059332	0,0
0,0218544	0,0
0,025846884	0,0
0,02176282	0,0
0,02116975	0,0
0,01907793	0,0
0,026256798	0,0
0,016482083	0,0
0,021740405	0,0
0,024349526	0,0
0,020926652	0,0
0,02138609	0,0
0,021772496	0,0
0,022025539	0,0
0,02914156	0,0
0,017325532	0,0
0,015742902	0,0
0,021649215	0,0
0,02221351	0,0
0,019986019	0,0
0,019673115	0,0
0,021472275	0,0
0,025211034	0,0
0,02186033	0,0
0,022983503	0,0
0,020820517	0,0
0,020333571	0,0
0,022730011	0,0
0,01931843	0,0
0,019014392	0,0
0,019599784	0,0
0,020754565	0,0
0,021520933	0,0
0,020999039	0,0
0,02262566	0,0
0,01547269	0,0
0,027228748	0,0
0,027644265	0,0
0,019046959	0,0
0,019037055	0,0
0,022887593	0,0
0,02013979	0,0
0,023021013	0,0
0,02226913	0,0
0,021481065	0,0
0,020314159	0,0
0,024236843	0,0
0,022449322	0,0
0,021566	0,0
0,023332829	0,0
0,018882664	0,0
0,020862266	0,0
0,022632187	0,0
0,019194268	0,0
0,020662412	0,0
0,019889869	0,0
0,019207044	0,0
0,02394423	0,0
0,023558503	0,0
0,021460922	0,0
0,018905949	0,0
0,021925053	0,0
0,021572694	0,0
0,020377932	0,0
0,020209905	0,0
0,021081181	0,0
0,023772184	0,0
0,019848792	0,0
0,019095253	0,0
0,021611799	0,0
0,025124513	0,0
0,018051969	0,0
0,02337445	0,0
0,021630771	0,0
0,022009257	0,0
0,020517765	0,0
0,022329586	0,0
0,022556515	0,0
0,019350318	0,0
0,021836938	0,0
0,02180836	0,0
0,01927624	0,0
0,022484487	0,0
0,022751592	0,0
0,02138804	0,0
0,025421675	0,0
0,021904642	0,0
0,020651719	0,0
0,0197666	0,0
0,020505454	0,0
0,021323659	0,0
0,024296777	0,0
0,022178845	0,0
0,020188289	0,0
0,023029525	0,0
0,019828588	0,0
0,020683942	0,0
0,022455461	0,0
0,02171468	0,0
0,021342792	0,0
0,0216134	0,0
0,021353409	0,0
0,021575628	0,0
0,021871675	0,0
0,021316586	0,0
0,021317253	0,0
0,023892984	0,0
0,021395119	0,0
0,021170411	0,0
0,018389132	0,0
0,022438599	0,0
0,021687854	0,0
0,02024475	0,0
0,023042874	0,0
0,023255901	0,0
0,019518232	0,0
0,019112429	0,0
0,023801036	0,0
0,0218474	0,0
0,023220982	0,0
0,017046742	0,0
0,023720805	0,0
0,0216626	0,0
0,02361854	0,0
0,019161964	0,0
0,023054894	0,0
0,019894699	0,0
0,021503376	0,0
0,021796443	0,0
0,019329514	0,0
0,022771755	0,0
0,023932962	0,0
0,022069244	0,0
0,018329894	0,0
0,022422833	0,0
0,021851368	0,0
0,02207618	0,0
0,021063557	0,0
0,028559858	0,0
0,015265505	0,0
0,02111459	0,0
0,022030652	0,0
0,021492623	0,0
0,021379674	0,0
0,018982453	0,0
0,022532158	0,0
0,024570247	0,0
0,019683277	0,0
0,021893216	0,0
0,019149205	0,0
0,019952921	0,0
0,02690281	0,0
0,018746195	0,0
0,02135302	0,0
0,022593161	0,0
0,017970787	0,0
0,028458182	0,0
0,019978695	0,0
0,019750355	0,0
0,019534208	0,0
0,021647885	0,0
0,021432543	0,0
0,021372756	0,0
0,01977108	0,0
0,021847919	0,0
0,022628233	0,0
0,02385363	0,0
0,019174218	0,0
0,022818657	0,0
0,022525715	0,0
0,018941076	0,0
0,021722855	0,0
0,022577278	0,0
0,02164595	0,0
0,02007973	0,0
0,021494847	0,0
0,021667771	0,0
0,021421693	0,0
0,021631546	0,0
0,021557748	0,0
0,022610718	0,0
0,020474564	0,0
0,021142345	0,0
0,021604398	0,0
0,01948714	0,0
0,025251552	0,0
0,017193379	0,0
0,02537276	0,0
0,02222829	0,0
0,017558249	0,0
0,023157831	0,0
0,021663606	0,0
0,02135203	0,0
0,021521162	0,0
0,021448933	0,0
0,020777743	0,0
0,025391035	0,0
0,023531036	0,0
0,018981105	0,0
0,021412825	0,0
0,02147762	0,0
0,023862995	0,0
0,01933983	0,0
0,02222773	0,0
0,023078011	0,0
0,022969259	0,0
0,02153193	0,0
0,023536216	0,0
0,020180974	0,0
0,021398803	0,0
0,022289649	0,0
0,016725788	0,0
0,022926407	0,0
0,022369046	0,0
0,021223925	0,0
0,021893661	0,0
0,020001978	0,0
0,022616778	0,0
0,023692725	0,0
0,01741587	0,0
0,02263131	0,0
0,019924032	0,0
0,022479951	0,0
0,02280444	0,0
0,022018235	0,0
0,022201717	0,0
0,020292578	0,0
0,01937665	0,0
0,02177338	0,0
0,021423655	0,0
0,021427087	0,0
0,02171369	0,0
0,021556014	0,0
0,024407826	0,0
0,02304339	0,0
0,023149349	0,0
0,020337138	0,0
0,025462115	0,0
0,020842269	0,0
0,019020554	0,0
0,022265889	0,0
0,020517377	0,0
0,020137023	0,0
0,023797354	0,0
0,02161972	0,0
0,023113173	0,0
0,019976992	0,0
0,022823136	0,0
0,020279042	0,0
0,017088953	0,0
0,023808379	0,0
0,021967618	0,0
0,021448875	0,0
0,021085951	0,0
0,02146547	0,0
0,019525351	0,0
0,022522233	0,0
0,01995871	0,0
0,022688285	0,0
0,025003618	0,0
0,019049674	0,0
0,021549324	0,0
0,021504095	0,0
0,02138052	0,0
0,020187253	0,0
0,022805413	0,0
0,022112943	0,0
0,02339064	0,0
0,019439103	0,0
0,02119782	0,0
0,024080982	0,0
0,019057672	0,0
0,021354811	0,0
0,021646418	0,0
0,021273911	0,0
0,020987077	0,0
0,02026949	0,0
0,026491312	0,0
0,017195158	0,0
0,02137009	0,0
0,022646619	0,0
0,021009674	0,0
0,022292964	0,0
0,023623198	0,0
0,017731242	0,0
0,023585236	0,0
0,02332912	0,0
0,022968335	0,0
0,017844873	0,0
0,019078394	0,0
0,021776868	0,0
0,025036717	0,0
0,02146548	0,0
0,020083427	0,0
0,02052543	0,0
0,025048565	0,0
0,020996753	0,0
0,021921266	0,0
0,02124025	0,0
0,022005638	0,0
0,02405867	0,0
0,020224538	0,0
0,025971318	0,0
0,021596044	0,0
0,020096919	0,0
0,021241086	0,0
0,025542801	0,0
0,021306684	0,0
0,020226644	0,0
0,022166274	0,0
0,025431288	0,0
0,021585114	0,0
0,022994027	0,0
0,020391533	0,0
0,019032098	0,0
0,023314767	0,0
0,024396641	0,0
0,021233222	0,0
0,019397307	0,0
0,02212939	0,0
0,020370927	0,0
0,021813164	0,0
0,0217832	0,0
0,021587389	0,0
0,021308027	0,0
0,021784881	0,0
0,01899898	0,0
0,021405905	0,0
0,022207472	0,0
0,025554134	0,0
0,021618225	0,0
0,02088946	0,0
0,021521933	0,0
0,021502778	0,0
0,019335894	0,0
0,021493556	0,0
0,023473224	0,0
0,021593673	0,0
0,020049855	0,0
0,025048222	0,0
0,01925201	0,0
0,020535432	0,0
0,022706196	0,0
0,021500455	0,0
0,021653894	0,0
0,021279182	0,0
0,021709254	0,0
0,023612214	0,0
0,018776769	0,0
0,023127848	0,0
0,02045901	0,0
0,021151626	0,0
0,021738723	0,0
0,021663388	0,0
0,02278289	0,0
0,020046517	0,0
0,01916398	0,0
0,021965746	0,0
0,02344499	0,0
0,0215629	0,0
0,021377418	0,0
0,023113701	0,0
0,02159837	0,0
0,020046402	0,0
0,02149557	0,0
0,021645674	0,0
0,022182295	0,0
0,020785175	0,0
0,0214886	0,0
0,02349513	0,0
0,02093102	0,0
0,023075918	0,0
0,021408707	0,0
0,02142818	0,0
0,021554016	0,0
0,021493334	0,0
0,024502197	0,0
0,016197903	0,0
0,022283288	0,0
0,02349296	0,0
0,021162674	0,0
0,019601185	0,0
0,02388236	0,0
0,02889087	0,0
0,01713013	0,0
0,022253402	0,0
0,02017433	0,0
0,021577703	0,0
0,019178355	0,0
0,025606597	0,0
0,019615816	0,0
0,021471687	0,0
0,02153454	0,0
0,021563454	0,0
0,021472769	0,0
0,02155028	0,0
0,021354893	0,0
0,021950282	0,0
0,021144178	0,0
0,021718163	0,0
0,021386424	0,0
0,0238413	0,0
0,019291362	0,0
0,021566864	0,0
0,021443225	0,0
0,019609496	0,0
0,021291565	0,0
0,023518855	0,0
0,014965458	0,0
0,025176264	0,0
0,022194456	0,0
0,02327459	0,0
0,02210229	0,0
0,02379741	0,0
0,019349542	0,0
0,023418821	0,0
0,019259458	0,0
0,021622084	0,0
0,021469543	0,0
0,021575185	0,0
0,021448974	0,0
0,021716755	0,0
0,021368958	0,0
0,021306455	0,0
0,028272128	0,0
0,018099885	0,0
0,021586183	0,0
0,021245271	0,0
0,01995094	0,0
0,021334715	0,0
0,02173999	0,0
0,025548281	0,0
0,018218014	0,0
0,023997677	0,0
0,022366863	0,0
0,019231454	0,0
0,02173117	0,0
0,021491623	0,0
0,021350311	0,0
0,021547299	0,0
0,02153917	0,0
0,024554051	0,0
0,018488145	0,0
0,020420115	0,0
0,022763178	0,0
0,02136899	0,0
0,021518746	0,0
0,022977525	0,0
0,020078693	0,0
0,023884408	0,0
0,02080327	0,0
0,022157637	0,0
0,01913148	0,0
0,019281833	0,0
0,02180349	0,0
0,021725198	0,0
0,02132531	0,0
0,023528669	0,0
0,023510361	0,0
0,019514106	0,0
0,021448096	0,0
0,02157742	0,0
0,02143684	0,0
0,021533418	0,0
0,021525063	0,0
0,021426288	0,0
0,02353055	0,0
0,019481925	0,0
0,021723809	0,0
0,023749452	0,0
0,01913283	0,0
0,021494487	0,0
0,02142972	0,0
0,021580502	0,0
0,022650931	0,0
0,018068692	0,0
0,02172648	0,0
0,023822015	0,0
0,023756372	0,0
0,019180942	0,0
0,021607446	0,0
0,02133668	0,0
0,020472798	0,0
0,022736045	0,0
0,02146294	0,0
0,019225072	0,0
0,02265445	0,0
0,02487678	0,0
0,021521436	0,0
0,019152375	0,0
0,026207643	0,0
0,015736075	0,0
0,02369646	0,0
0,020561969	0,0
0,02023371	0,0
0,023089606	0,0
0,023403332	0,0
0,017523987	0,0
0,023279786	0,0
0,021320013	0,0
0,023743829	0,0
0,021473395	0,0
0,021754818	0,0
0,019308232	0,0
0,021570642	0,0
0,02144398	0,0
0,021549856	0,0
0,02151136	0,0
0,021638315	0,0
0,021431763	0,0
0,021453427	0,0
0,021674057	0,0
0,021358907	0,0
0,02157635	0,0
0,022120073	0,0
0,023047546	0,0
0,019154277	0,0
0,021627229	0,0
0,01947939	0,0
0,023687601	0,0
0,021641292	0,0
0,021355515	0,0
0,021531332	0,0
0,019538764	0,0
0,023493716	0,0
0,021563256	0,0
0,023749145	0,0
0,01899373	0,0
0,0215206	0,0
0,023164049	0,0
0,01982111	0,0
0,02152358	0,0
0,021721782	0,0
0,02150364	0,0
0,021453064	0,0
0,019199645	0,0
0,021625929	0,0
0,021427378	0,0
0,021717746	0,0
0,021450736	0,0
0,021558164	0,0
0,02157184	0,0
0,025890715	0,0
0,021438153	0,0
0,021507364	0,0
0,02154138	0,0
0,021400904	0,0
0,019192532	0,0
0,021805104	0,0
0,021133784	0,0
0,021857532	0,0
0,020957097	0,0
0,021502841	0,0
0,021955142	0,0
0,0226763	0,0
0,019962344	0,0
0,021555347	0,0
0,021675466	0,0
0,023985393	0,0
0,020662356	0,0
0,017869769	0,0
0,02167719	0,0
0,025429936	0,0
0,020134034	0,0
0,023492245	0,0
0,019096106	0,0
0,021609427	0,0
0,021506492	0,0
0,023205038	0,0
0,01986109	0,0
0,02158255	0,0
0,024360413	0,0
0,021005025	0,0
0,023871692	0,0
0,01694234	0,0
0,023368297	0,0
0,024146097	0,0
0,02142091	0,0
0,019183218	0,0
0,021313593	0,0
0,021567715	0,0
0,021614663	0,0
0,021113293	0,0
0,021780225	0,0
0,024181578	0,0
0,017811816	0,0
0,018082092	0,0
0,02092643	0,0
0,021282077	0,0
0,021445038	0,0
0,020089516	0,0
0,022725942	0,0
0,021373628	0,0
0,02192198	0,0
0,019343114	0,0
0,021449331	0,0
0,023139415	0,0
0,020060433	0,0
0,022168593	0,0
0,021121558	0,0
0,026421051	0,0
0,023411214	0,0
0,02146033	0,0
0,018958833	0,0
0,020304633	0,0
0,026050828	0,0
0,02115979	0,0
0,021247322	0,0
0,020241247	0,0
0,022936588	0,0
0,021339692	0,0
0,019903837	0,0
0,023608696	0,0
0,021823626	0,0
0,022868654	0,0
0,019207133	0,0
0,021476867	0,0
0,022048393	0,0
0,021600708	0,0
0,021455538	0,0
0,024332343	0,0
0,022937242	0,0
0,021972205	0,0
0,021361403	0,0
0,019246463	0,0
0,021474078	0,0
0,021588072	0,0
0,023994474	0,0
0,023349855	0,0
0,02370855	0,0
0,017215692	0,0
0,021191062	0,0
0,024545267	0,0
0,021731097	0,0
0,019819748	0,0
0,026061755	0,0
0,020735523	0,0
0,020643337	0,0
0,024837352	0,0
0,019651322	0,0
0,023389056	0,0
0,021045066	0,0
0,02056195	0,0
0,023921125	0,0
0,023980277	0,0
0,019788072	0,0
0,021295998	0,0
0,021804426	0,0
0,022546612	0,0
0,020538835	0,0
0,017364614	0,0
0,025353894	0,0
0,021893416	0,0
0,019127766	0,0
0,019726574	0,0
0,019851461	0,0
0,018229915	0,0
0,023174172	0,0
0,018828902	0,0
0,019694861	0,0
0,022924343	0,0
0,021023232	0,0
0,020543616	0,0
0,019701632	0,0
0,02529138	0,0
0,022251315	0,0
0,021705234	0,0
0,018790497	0,0
0,01954589	0,0
0,023717849	0,0
0,01907201	0,0
0,020897891	0,0
0,018949293	0,0
0,022236826	0,0
0,021579085	0,0
0,021850592	0,0
0,021066232	0,0
0,02163082	0,0
0,019383864	0,0
0,021648444	0,0
0,024708578	0,0
0,01980094	0,0
0,022384167	0,0
0,021899292	0,0
0,020493552	0,0
0,019625153	0,0
0,023841193	0,0
0,02103779	0,0
0,019726582	0,0
0,021097992	0,0
0,023012029	0,0
0,019030174	0,0
0,02287148	0,0
0,02320321	0,0
0,021046596	0,0
0,017829709	0,0
0,02724335	0,0
0,02070327	0,0
0,024086474	0,0
0,021254582	0,0
0,02134262	0,0
0,023353817	0,0
0,019638576	0,0
0,02156194	0,0
0,021525169	0,0
0,023693416	0,0
0,015170805	0,0
0,020039173	0,0
0,024892623	0,0
0,021808958	0,0
0,023324234	0,0
0,023666812	0,0
0,019480962	0,0
0,019294737	0,0
0,024265833	0,0
0,023038592	0,0
0,02469587	0,0
0,021310331	0,0
0,021283913	0,0
0,024125023	0,0
0,019052554	0,0
0,019100439	0,0
0,021794	0,0
0,02167669	0,0
0,02344029	0,0
0,024175461	0,0
0,018443482	0,0
0,022558521	0,0
0,02082879	0,0
0,02174368	0,0
0,023021001	0,0
0,021475118	0,0
0,023321087	0,0
0,020843403	0,0
0,02313237	0,0
0,02171006	0,0
0,017977245	0,0
0,02260858	0,0
0,021952892	0,0
0,0214303	0,0
0,020313285	0,0
0,024316818	0,0
0,020103168	0,0
0,021336053	0,0
0,021366363	0,0
0,01705775	0,0
0,024783572	0,0
0,018268013	0,0
0,023672806	0,0
0,023871806	0,0
0,01940262	0,0
0,01965558	0,0
0,02338565	0,0
0,021580547	0,0
0,025160817	0,0
0,01598221	0,0
0,024634002	0,0
0,022414485	0,0
0,017406292	0,0
0,02202345	0,0
0,0227305	0,0
0,023939757	0,0
0,02242272	0,0
0,020574694	0,0
0,018318493	0,0
0,021558248	0,0
0,022627672	0,0
0,021327164	0,0
0,021493072	0,0
0,02303935	0,0
0,019968718	0,0
0,02282139	0,0
0,020577785	0,0
0,021038884	0,0
0,01971965	0,0
0,024074359	0,0
0,02299692	0,0
0,017269323	0,0
0,02187017	0,0
0,023287501	0,0
0,023942161	0,0
0,021579064	0,0
0,019122025	0,0
0,025493087	0,0
0,020262267	0,0
0,023515644	0,0
0,017365117	0,0
0,023268342	0,0
0,021673366	0,0
0,02658247	0,0
0,015642527	0,0
0,023711992	0,0
0,022550939	0,0
0,01921937	0,0
0,021629764	0,0
0,021518186	0,0
0,021284612	0,0
0,02372327	0,0
0,01896874	0,0
0,021973409	0,0
0,023741117	0,0
0,019048302	0,0
0,021517977	0,0
0,021704042	0,0
0,021413963	0,0
0,021699868	0,0
0,022866033	0,0
0,020729057	0,0
0,020879718	0,0
0,021510614	0,0
0,021963492	0,0
0,021035435	0,0
0,021686234	0,0
0,023736011	0,0
0,019187577	0,0
0,02049697	0,0
0,02258356	0,0
0,021461817	0,0
0,021637367	0,0
0,02204404	0,0
0,021613928	0,0
0,018887825	0,0
0,021442277	0,0
0,018741414	0,0
0,02157747	0,0
0,019775977	0,0
0,023208547	0,0
0,021362843	0,0
0,017035957	0,0
0,023043834	0,0
0,020152643	0,0
0,021190206	0,0
0,02138696	0,0
0,019695273	0,0
0,021557739	0,0
0,023241544	0,0
0,020053659	0,0
0,02499624	0,0
0,021674752	0,0
0,021614272	0,0
0,016902369	0,0
0,023267606	0,0
0,023574594	0,0
0,018751593	0,0
0,022894716	0,0
0,017327944	0,0
0,021540565	0,0
0,024182592	0,0
0,01882177	0,0
0,022497147	0,0
0,023496618	0,0
0,02061513	0,0
0,02139121	0,0
0,020103423	0,0
0,025287112	0,0
0,021532105	0,0
0,021532465	0,0
0,023462508	0,0
0,01516319	0,0
0,021999575	0,0
0,021206886	0,0
0,021053392	0,0
0,023773914	0,0
0,019040357	0,0
0,021525862	0,0
0,02193337	0,0
0,021476183	0,0
0,021210587	0,0
0,019815715	0,0
0,022495398	0,0
0,022592472	0,0
0,022721734	0,0
0,02013746	0,0
0,02105963	0,0
0,024247278	0,0
0,021477869	0,0
0,019187672	0,0
0,021526894	0,0
0,021444695	0,0
0,021704122	0,0
0,023799352	0,0
0,021437299	0,0
0,019286387	0,0
0,01945378	0,0
0,023755414	0,0
0,021589966	0,0
0,02283148	0,0
0,022338562	0,0
0,017365051	0,0
0,023172067	0,0
0,020887151	0,0
0,019885266	0,0
0,0237937	0,0
0,02322189	0,0
0,019729994	0,0
0,025351832	0,0
0,02003739	0,0
0,021828627	0,0
0,023662787	0,0
0,023733174	0,0
0,017308105	0,0
0,021432118	0,0
0,023765685	0,0
0,021122865	0,0
0,022991171	0,0
0,02595345	0,0
0,018402787	0,0
0,02135333	0,0
0,021697748	0,0
0,021456841	0,0
0,021384237	0,0
0,023908658	0,0
0,019218616	0,0
0,02141247	0,0
0,02192085	0,0
0,023541356	0,0
0,019139333	0,0
0,021673208	0,0
0,025290688	0,0
0,017779728	0,0
0,019357426	0,0
0,023512593	0,0
0,024051277	0,0
0,021365633	0,0
0,022002297	0,0
0,02010865	0,0
0,022778034	0,0
0,021527398	0,0
0,02357569	0,0
0,020101836	0,0
0,017879447	0,0
0,0245007	0,0
0,018926546	0,0
0,024233706	0,0
0,023439186	0,0
0,019316455	0,0
0,021473782	0,0
0,021756815	0,0
0,020168632	0,0
0,023076486	0,0
0,018886546	0,0
0,022399405	0,0
0,023171676	0,0
0,021865273	0,0
0,02165229	0,0
0,021325216	0,0
0,023400504	0,0
0,021522293	0,0
0,024025926	0,0
0,019046433	0,0
0,020332433	0,0
0,022957858	0,0
0,021629417	0,0
0,021985102	0,0
0,021531917	0,0
0,022176513	0,0
0,021311536	0,0
0,01906617	0,0
0,026448386	0,0
0,018500213	0,0
0,021458702	0,0
0,02215591	0,0
0,021636322	0,0
0,02563915	0,0
0,021382969	0,0
0,01913028	0,0
0,021618387	0,0
0,02148095	0,0
0,021543264	0,0
0,019462287	0,0
0,023152392	0,0
0,027600542	0,0
0,01592985	0,0
0,023971727	0,0
0,023757208	0,0
0,01679658	0,0
0,02178858	0,0
0,021969208	0,0
0,02065824	0,0
0,021590551	0,0
0,022808975	0,0
0,022156969	0,0
0,019604659	0,0
0,01977508	0,0
0,024503155	0,0
0,020260276	0,0
0,021647777	0,0
0,023790581	0,0
0,020647878	0,0
0,02290115	0,0
0,021609565	0,0
0,024169713	0,0
0,022738285	0,0
0,020176206	0,0
0,02367704	0,0
0,020341871	0,0
0,020743988	0,0
0,02372541	0,0
0,020386536	0,0
0,01853873	0,0
0,021888237	0,0
0,024507644	0,0
0,019439705	0,0
0,017197553	0,0
0,0236962	0,0
0,02327026	0,0
0,021738924	0,0
0,022023218	0,0
0,017392758	0,0
0,022312785	0,0
0,022651272	0,0
0,023796352	0,0
0,01941141	0,0
0,022130663	0,0
0,020821849	0,0
0,022467945	0,0
0,018587774	0,0
0,023487989	0,0
0,021407846	0,0
0,021957487	0,0
0,021236684	0,0
0,025333988	0,0
0,022372553	0,0
0,023759073	0,0
0,025241354	0,0
0,019991428	0,0
0,017262615	0,0
0,024348373	0,0
0,022411615	0,0
0,019681377	0,0
0,01944404	0,0
0,020295788	0,0
0,01987438	0,0
0,022670686	0,0
0,020660158	0,0
0,020087037	0,0
0,02072807	0,0
0,019502535	0,0
0,02444582	0,0
0,023757614	0,0
0,01873502	0,0
0,023908297	0,0
0,02131083	0,0
0,023287367	0,0
0,02163108	0,0
0,021353025	0,0
0,021585673	0,0
0,021449227	0,0
0,023972655	0,0
0,021484751	0,0
0,025016062	0,0
0,019186523	0,0
0,021810701	0,0
0,02396927	0,0
0,022608044	0,0
0,019164525	0,0
0,021438863	0,0
0,021937147	0,0
0,024868224	0,0
0,020933859	0,0
0,021726858	0,0
0,020468123	0,0
0,020461129	0,0
0,0249735	0,0
0,019615294	0,0
0,023396842	0,0
0,01721187	0,0
0,022071047	0,0
0,022604458	0,0
0,021484582	0,0
0,021489022	0,0
0,021497667	0,0
0,02126177	0,0
0,02029255	0,0
0,022658048	0,0
0,0214116	0,0
0,021652715	0,0
0,021394897	0,0
0,021571748	0,0
0,021474788	0,0
0,021556443	0,0
0,02207465	0,0
0,021482665	0,0
0,023214867	0,0
0,01917168	0,0
0,021578953	0,0
0,02155567	0,0
0,021479731	0,0
0,02169692	0,0
0,020464618	0,0
0,02246411	0,0
0,021767	0,0
0,019401941	0,0
0,023878703	0,0
0,023376223	0,0
0,019433783	0,0
0,024435896	0,0
0,016218677	0,0
0,024015436	0,0
0,023879472	0,0
0,021448523	0,0
0,019143075	0,0
0,021571092	0,0
0,021477621	0,0
0,021606196	0,0
0,02150882	0,0
0,019763255	0,0
0,023544574	0,0
0,02131748	0,0
0,023696208	0,0
0,018442163	0,0
0,022535477	0,0
0,023467964	0,0
0,021464383	0,0
0,023320034	0,0
0,01988612	0,0
0,019811356	0,0
0,02356647	0,0
0,021465754	0,0
0,021487663	0,0
0,021295847	0,0
0,019518444	0,0
0,025610182	0,0
0,017515508	0,0
0,023719428	0,0
0,023750352	0,0
0,018984087	0,0
0,019860638	0,0
0,023332007	0,0
0,021689475	0,0
0,025217654	0,0
0,015426481	0,0
0,023573099	0,0
0,02432036	0,0
0,021058427	0,0
0,017320339	0,0
0,02519173	0,0
0,022207202	0,0
0,019605257	0,0
0,022633199	0,0
0,02167087	0,0
0,019775933	0,0
0,021746045	0,0
0,023945227	0,0
0,023913454	0,0
0,021373928	0,0
0,021420777	0,0
0,019370232	0,0
0,021320073	0,0
0,021683648	0,0
0,021403393	0,0
0,021900062	0,0
0,023780089	0,0
0,019195762	0,0
0,019535296	0,0
0,02219191	0,0
0,021892594	0,0
0,023786599	0,0
0,023742002	0,0
0,020787666	0,0
0,022540014	0,0
0,021723066	0,0
0,018009407	0,0
0,021830056	0,0
0,022594403	0,0
0,02239254	0,0
0,020658284	0,0
0,019608285	0,0
0,023479875	0,0
0,02238911	0,0
0,02055526	0,0
0,022846097	0,0
0,01745988	0,0
0,02179704	0,0
0,024627918	0,0
0,021667715	0,0
0,02124855	0,0
0,023166003	0,0
0,02321984	0,0
0,019640194	0,0
0,017875353	0,0
0,019715466	0,0
0,024872297	0,0
0,020061633	0,0
0,021034352	0,0
0,026280923	0,0
0,019533208	0,0
0,023200396	0,0
0,023590963	0,0
0,019754767	0,0
0,021388534	0,0
0,021843847	0,0
0,02086132	0,0
0,02217229	0,0
0,019358175	0,0
0,020573493	0,0
0,024074713	0,0
0,021382306	0,0
0,017891504	0,0
0,024065688	0,0
0,023217302	0,0
0,02180365	0,0
0,021257589	0,0
0,020739812	0,0
0,01991057	0,0
0,021070719	0,0
0,021997891	0,0
0,021063041	0,0
0,022283502	0,0
0,022007907	0,0
0,0247638	0,0
0,020068504	0,0
0,021739021	0,0
0,020444173	0,0
0,022447504	0,0
0,019075228	0,0
0,019510286	0,0
0,019191386	0,0
0,022430575	0,0
0,02065394	0,0
0,021524722	0,0
0,023500916	0,0
0,02250177	0,0
0,022537194	0,0
0,018983869	0,0
0,020523593	0,0
0,025227467	0,0
0,02156675	0,0
0,021760536	0,0
0,02146771	0,0
0,022133961	0,0
0,018630361	0,0
0,021471389	0,0
0,024725528	0,0
0,023811854	0,0
0,02310536	0,0
0,02157578	0,0
0,01819972	0,0
0,024286926	0,0
0,022545623	0,0
0,023687413	0,0
0,018240176	0,0
0,024770068	0,0
0,021648917	0,0
0,019281087	0,0
0,022071943	0,0
0,022494262	0,0
0,0200523	0,0
0,023870835	0,0
0,018260455	0,0
0,021477416	0,0
0,022414984	0,0
0,024036825	0,0
0,019051058	0,0
0,019317158	0,0
0,023643756	0,0
0,022005059	0,0
0,023393167	0,0
0,021524334	0,0
0,018943401	0,0
0,021602469	0,0
0,02167869	0,0
0,022020074	0,0
0,02250842	0,0
0,020373637	0,0
0,021348028	0,0
0,01942864	0,0
0,023746843	0,0
0,021490393	0,0
0,019091178	0,0
0,02340356	0,0
0,021883477	0,0
0,021245042	0,0
0,02071487	0,0
0,022354541	0,0
0,021648936	0,0
0,021814141	0,0
0,02146969	0,0
0,019373422	0,0
0,021466974	0,0
0,021760136	0,0
0,02571265	0,0
0,0215525	0,0
0,021701286	0,0
0,017204715	0,0
0,02377235	0,0
0,0235901	0,0
0,019234955	0,0
0,02139218	0,0
0,02159222	0,0
0,021769796	0,0
0,021500237	0,0
0,02139112	0,0
0,022470407	0,0
0,01586502	0,0
0,021683991	0,0
0,02562515	0,0
0,01935625	0,0
0,02170745	0,0
0,021609481	0,0
0,021593856	0,0
0,023814963	0,0
0,019182883	0,0
0,02154212	0,0
0,023850046	0,0
0,02151902	0,0
0,021654826	0,0
0,01717412	0,0
0,023880249	0,0
0,021544637	0,0
0,021327723	0,0
0,021567922	0,0
0,018904936	0,0
0,02149082	0,0
0,021581978	0,0
0,021690803	0,0
0,022840649	0,0
0,020098578	0,0
0,02163873	0,0
0,019890226	0,0
0,022664182	0,0
0,021664765	0,0
0,01694171	0,0
0,02027188	0,0
0,022620052	0,0
0,023183402	0,0
0,018812645	0,0
0,023635043	0,0
0,020358987	0,0
0,02195773	0,0
0,019879896	0,0
0,022715166	0,0
0,020872308	0,0
0,022156699	0,0
0,02168464	0,0
0,023867248	0,0
0,021016493	0,0
0,023339752	0,0
0,020959219	0,0
0,02382381	0,0
0,019804731	0,0
0,01893393	0,0
0,022273203	0,0
0,019626932	0,0
0,026201269	0,0
0,019151712	0,0
0,023776164	0,0
0,021849621	0,0
0,021449167	0,0
0,021874	0,0
0,02181561	0,0
0,018743386	0,0
0,021507122	0,0
0,026586203	0,0
0,01857072	0,0
0,020513779	0,0
0,024797145	0,0
0,021652354	0,0
0,019225394	0,0
0,021825567	0,0
0,022632806	0,0
0,021429248	0,0
0,018664071	0,0
0,023362221	0,0
0,022448236	0,0
0,02027978	0,0
0,02408638	0,0
0,015786074	0,0
0,022839976	0,0
0,019264396	0,0
0,02179325	0,0
0,023836905	0,0
0,018655801	0,0
0,022038398	0,0
0,025845924	0,0
0,019242538	0,0
0,022392724	0,0
0,021746019	0,0
0,02189874	0,0
0,021897031	0,0
0,021729328	0,0
0,022206658	0,0
0,018664626	0,0
0,023424197	0,0
0,022937668	0,0
0,023106702	0,0
0,016406588	0,0
0,022730818	0,0
0,021509217	0,0
0,023151614	0,0
0,022307614	0,0
0,023123754	0,0
0,028453112	0,0
0,023895344	0,0
0,022165252	0,0
0,018335009	0,0
0,022329694	0,0
0,021509858	0,0
0,024448657	0,0
0,018210476	0,0
0,021701146	0,0
0,019476082	0,0
0,021333499	0,0
0,01974973	0,0
0,020703092	0,0
0,021765178	0,0
0,021221379	0,0
0,024897456	0,0
0,02542676	0,0
0,021595944	0,0
0,021627253	0,0
0,019141974	0,0
0,020477774	0,0
0,02265064	0,0
0,023670148	0,0
0,0180621	0,0
0,023238432	0,0
0,016717201	0,0
0,021508748	0,0
0,023689292	0,0
0,022748785	0,0
0,022683106	0,0
0,023996036	0,0
0,021452691	0,0
0,020809075	0,0
0,020237403	0,0
0,019628718	0,0
0,022334674	0,0
0,02271681	0,0
0,024757551	0,0
0,020794967	0,0
0,021511925	0,0
0,0215199	0,0
0,023238448	0,0
0,020028876	0,0
0,019423932	0,0
0,022359926	0,0
0,025472596	0,0
0,016230376	0,0
0,02434351	0,0
0,018286433	0,0
0,02484028	0,0
0,019109681	0,0
0,021467056	0,0
0,022658922	0,0
0,019970598	0,0
0,02225576	0,0
0,021144671	0,0
0,022206618	0,0
0,020767704	0,0
0,020276183	0,0
0,021348925	0,0
0,021160465	0,0
0,024131535	0,0
0,020605855	0,0
0,022686519	0,0
0,01985544	0,0
0,023506507	0,0
0,019765172	0,0
0,020951966	0,0
0,021957543	0,0
0,021452121	0,0
0,021542108	0,0
0,024230542	0,0
0,019289449	0,0
0,021661654	0,0
0,020120863	0,0
0,015497204	0,0
0,025151776	0,0
0,01409278	0,0
0,022146989	0,0
0,018819068	0,0
0,016467294	0,0
0,011032225	0,0
0,015177053	0,0
0,011336973	0,0
0,014012836	0,0
0,012817264	0,0
0,010049562	0,0
0,012786768	0,0
0,007669347	0,0
0,011941343	0,0
0,009525992	0,0
0,01116715	0,0
0,011674445	0,0
0,00961061	0,0
0,012986514	0,0
0,011053412	0,0
0,010930346	0,0
0,010424157	0,0
0,010919755	0,0
0,011683744	0,0
0,010944052	0,0
0,012083702	0,0
0,010704011	0,0
0,010623042	0,0
0,013943646	0,0
0,010745861	0,0
0,012361064	0,0
0,011382579	0,0
0,009931662	0,0
0,011845406	0,0
0,011832369	0,0
0,011261083	0,0
0,010710917	0,0
0,010637231	0,0
0,01055443	0,0
0,010907832	0,0
0,011810465	0,0
0,011826384	0,0
0,010928069	0,0
0,011195872	0,0
0,01043583	0,0
0,010630658	0,0
0,010960056	0,0
0,012893677	0,0
0,011831671	0,0
0,009093183	0,0
0,01167553	0,0
0,010416538	0,0
0,010925776	0,0
0,010513436	0,0
0,010972504	0,0
0,012095787	0,0
0,010258426	0,0
0,011072725	0,0
0,010886195	0,0
0,010798215	0,0
0,012433055	0,0
0,010815147	0,0
0,012900766	0,0
0,011284191	0,0
0,011147028	0,0
0,00940082	0,0
0,010831742	0,0
0,012689562	0,0
0,009029626	0,0
0,009619136	0,0
0,010859351	0,0
0,010653148	0,0
0,011555024	0,0
0,012641931	0,0
0,01041515	0,0
0,012602032	0,0
0,01145303	0,0
0,010650324	0,0
0,009748529	0,0
0,011095877	0,0
0,010472398	0,0
0,010910049	0,0
0,011877962	0,0
0,009498344	0,0
0,010798141	0,0
0,011885091	0,0
0,012224399	0,0
0,008906873	0,0
0,010770748	0,0
0,010420276	0,0
0,012106784	0,0
0,011748315	0,0
0,010908335	0,0
0,011092292	0,0
0,010918597	0,0
0,010356201	0,0
0,010899178	0,0
0,01178142	0,0
0,01181314	0,0
0,011018175	0,0
0,010979417	0,0
0,010653632	0,0
0,010548357	0,0
0,010992705	0,0
0,012443293	0,0
0,01122935	0,0
0,010728632	0,0
0,010735351	0,0
0,011096397	0,0
0,011556308	0,0
0,010837104	0,0
0,011874432	0,0
0,010935268	0,0
0,01076891	0,0
0,010914738	0,0
0,010584393	0,0
0,010927175	0,0
0,011890119	0,0
0,011772516	0,0
0,010893731	0,0
0,013096658	0,0
0,00855494	0,0
0,012929729	0,0
0,011880016	0,0
0,010877939	0,0
0,010657868	0,0
0,010511933	0,0
0,009947176	0,0
0,010764091	0,0
0,010267066	0,0
0,012141123	0,0
0,011888032	0,0
0,011226579	0,0
0,010664547	0,0
0,010991865	0,0
0,010500145	0,0
0,010673025	0,0
0,012459224	0,0
0,010244308	0,0
0,009951665	0,0
0,011604074	0,0
0,01045708	0,0
0,011101995	0,0
0,011618639	0,0
0,01075569	0,0
0,009892495	0,0
0,0118211	0,0
0,01187825	0,0
0,009622414	0,0
0,010801297	0,0
0,012072548	0,0
0,010483959	0,0
0,011691841	0,0
0,008733597	0,0
0,011964116	0,0
0,01185097	0,0
0,008574535	0,0
0,011878122	0,0
0,014096136	0,0
0,009981245	0,0
0,010489014	0,0
0,011873255	0,0
0,010396032	0,0
0,010095284	0,0
0,010612726	0,0
0,010440467	0,0
0,009715771	0,0
0,012280014	0,0
0,008030608	0,0
0,011733738	0,0
0,010038162	0,0
0,012951055	0,0
0,010708012	0,0
0,009854894	0,0
0,010505946	0,0
0,009828923	0,0
0,010360651	0,0
0,010920381	0,0
0,010848758	0,0
0,011843018	0,0
0,011852585	0,0
0,014099226	0,0
0,007447151	0,0
0,014691822	0,0
0,010908401	0,0
0,011566244	0,0
0,011878189	0,0
0,011144966	0,0
0,010606725	0,0
0,010559838	0,0
0,010938324	0,0
0,011838151	0,0
0,011793246	0,0
0,011073011	0,0
0,012874671	0,0
0,008380165	0,0
0,012179779	0,0
0,011792509	0,0
0,011133063	0,0
0,010684251	0,0
0,010767003	0,0
0,012882419	0,0
0,011114226	0,0
0,010710964	0,0
0,010493402	0,0
0,010911116	0,0
0,011899995	0,0
0,012499656	0,0
0,008003672	0,0
0,010748684	0,0
0,009935059	0,0
0,011465954	0,0
0,010692861	0,0
0,012186552	0,0
0,011948831	0,0
0,010544038	0,0
0,010978042	0,0
0,01057636	0,0
0,010428074	0,0
0,014427846	0,0
0,010500864	0,0
0,011166463	0,0
0,009938262	0,0
0,009386317	0,0
0,009763231	0,0
0,009487392	0,0
0,009589641	0,0
0,009607603	0,0
0,011212874	0,0
0,011332718	0,0
0,011155809	0,0
0,009553059	0,0
0,01477098	0,0
0,012610769	0,0
0,009551884	0,0
0,010465192	0,0
0,010869207	0,0
0,010914226	0,0
0,010801129	0,0
0,01060023	0,0
0,01231297	0,0
0,010359767	0,0
0,011046701	0,0
0,01102903	0,0
0,009221689	0,0
0,011116698	0,0
0,010631625	0,0
0,009805259	0,0
0,011042443	0,0
0,01153197	0,0
0,010713091	0,0
0,010946165	0,0
0,011999053	0,0
0,010898918	0,0
0,011581877	0,0
0,008700124	0,0
0,01215911	0,0
0,011694528	0,0
0,009634655	0,0
0,011182205	0,0
0,011660117	0,0
0,010124585	0,0
0,010541066	0,0
0,011758755	0,0
0,011796365	0,0
0,009628693	0,0
0,012384462	0,0
0,012174873	0,0
0,009828349	0,0
0,012636745	0,0
0,011461627	0,0
0,009616219	0,0
0,009961788	0,0
0,010818787	0,0
0,010489676	0,0
0,01090628	0,0
0,011719404	0,0
0,011856695	0,0
0,010977828	0,0
0,013054856	0,0
0,008508644	0,0
0,011968216	0,0
0,010770142	0,0
0,011253474	0,0
0,011475152	0,0
0,011053067	0,0
0,010468647	0,0
0,010672308	0,0
0,011785229	0,0
0,010918664	0,0
0,011963372	0,0
0,010983348	0,0
0,011018243	0,0
0,010472985	0,0
0,012375139	0,0
0,009955909	0,0
0,012493323	0,0
0,010513832	0,0
0,010645054	0,0
0,009935998	0,0
0,01067267	0,0
0,010642065	0,0
0,01087998	0,0
0,011866958	0,0
0,010746561	0,0
0,013482812	0,0
0,010968261	0,0
0,011040029	0,0
0,013024842	0,0
0,009513571	0,0
0,01201448	0,0
0,009574255	0,0
0,010970186	0,0
0,010538565	0,0
0,012053644	0,0
0,01193135	0,0
0,011147144	0,0
0,01077039	0,0
0,0104337	0,0
0,009790299	0,0
0,010697909	0,0
0,010482394	0,0
0,014000136	0,0
0,008693161	0,0
0,012469253	0,0
0,010466702	0,0
0,010894276	0,0
0,012895215	0,0
0,010913649	0,0
0,01089611	0,0
0,010770076	0,0
0,010493534	0,0
0,0121475	0,0
0,011752629	0,0
0,01099197	0,0
0,014235384	0,0
0,011041973	0,0
0,009639746	0,0
0,011774899	0,0
0,011822091	0,0
0,009828368	0,0
0,012166214	0,0
0,011475274	0,0
0,009997896	0,0
0,012844735	0,0
0,010883061	0,0
0,011035214	0,0
0,011482628	0,0
0,010813097	0,0
0,010987285	0,0
0,011987202	0,0
0,010957904	0,0
0,010607658	0,0
0,010799014	0,0
0,011781829	0,0
0,010755625	0,0
0,010900021	0,0
0,012049105	0,0
0,010792995	0,0
0,010758413	0,0
0,010746855	0,0
0,010828061	0,0
0,013910055	0,0
0,010725852	0,0
0,009556586	0,0
0,011207203	0,0
0,01055302	0,0
0,010805483	0,0
0,01087356	0,0
0,011641479	0,0
0,01075039	0,0
0,010871047	0,0
0,012163835	0,0
0,010394566	0,0
0,009822448	0,0
0,011814855	0,0
0,010705523	0,0
0,009848106	0,0
0,011871269	0,0
0,011966013	0,0
0,009946471	0,0
0,008099847	0,0
0,011736963	0,0
0,010983136	0,0
0,010569938	0,0
0,011069615	0,0
0,011969355	0,0
0,010603458	0,0
0,01078372	0,0
0,010895704	0,0
0,011620122	0,0
0,010857764	0,0
0,011934097	0,0
0,010851661	0,0
0,011173148	0,0
0,010545491	0,0
0,010569307	0,0
0,013339496	0,0
0,009787614	0,0
0,010498214	0,0
0,010486271	0,0
0,012399514	0,0
0,010810882	0,0
0,010978199	0,0
0,011982459	0,0
0,011814723	0,0
0,009244699	0,0
0,012086926	0,0
0,010311615	0,0
0,011027922	0,0
0,010894207	0,0
0,010759312	0,0
0,010019305	0,0
0,014928114	0,0
0,008468999	0,0
0,010681945	0,0
0,009646446	0,0
0,010876065	0,0
0,010430334	0,0
0,010106998	0,0
0,010710593	0,0
0,01046925	0,0
0,012176757	0,0
0,011788878	0,0
0,01119912	0,0
0,010596126	0,0
0,010575031	0,0
0,010990865	0,0
0,012840564	0,0
0,01254171	0,0
0,007926098	0,0
0,010610745	0,0
0,009694887	0,0
0,01197536	0,0
0,009868522	0,0
0,010480722	0,0
0,010869317	0,0
0,011678242	0,0
0,010998186	0,0
0,011857908	0,0
0,011113001	0,0
0,010731046	0,0
0,010377822	0,0
0,011667223	0,0
0,01443853	0,0
0,00871615	0,0
0,008620628	0,0
0,010634972	0,0
0,009475637	0,0
0,011209001	0,0
0,010447838	0,0
0,010870592	0,0
0,010681929	0,0
0,011736443	0,0
0,015622276	0,0
0,012311552	0,0
0,010399208	0,0
0,010996776	0,0
0,010485496	0,0
0,015172862	0,0
0,011567437	0,0
0,011170673	0,0
0,011772	0,0
0,011570932	0,0
0,010890387	0,0
0,009651719	0,0
0,010424318	0,0
0,009677783	0,0
0,010729792	0,0
0,010641982	0,0
0,010000239	0,0
0,010717559	0,0
0,012249792	0,0
0,00877795	0,0
0,010931041	0,0
0,009950461	0,0
0,010380961	0,0
0,010722317	0,0
0,010083859	0,0
0,010694069	0,0
0,011642469	0,0
0,010805739	0,0
0,010924094	0,0
0,012202691	0,0
0,010418096	0,0
0,011045784	0,0
0,011520636	0,0
0,008735079	0,0
0,011970294	0,0
0,011831053	0,0
0,009669801	0,0
0,011040985	0,0
0,012004891	0,0
0,010429802	0,0
0,010032339	0,0
0,011594011	0,0
0,011985631	0,0
0,008639147	0,0
0,011698728	0,0
0,011698737	0,0
0,01	0,0
0,01064428	0,0
0,010698597	0,0
0,00985415	0,0
0,010735129	0,0
0,010610473	0,0
0,010817178	0,0
0,011853204	0,0
0,011835077	0,0
0,01087126	0,0
0,011156201	0,0
0,014516815	0,0
0,009128714	0,0
0,012098285	0,0
0,009435724	0,0
0,007989986	0,0
0,008594463	0,0
0,0083451	0,0
0,010266703	0,0
0,007631366	0,0
0,009726052	0,0
0,007268256	0,0
0,005899736	0,0
0,007581898	0,0
0,008192297	0,0
0,00731714	0,0
0,005720867	0,0
0,007330695	0,0
0,00631044	0,0
0,007794741	0,0
0,007810511	0,0
0,005084761	0,0
0,005979934	0,0
0,005971747	0,0
0,005973996	0,0
0,006004161	0,0
0,005952598	0,0
0,005955545	0,0
0,006018269	0,0
0,0059479	0,0
0,005973699	0,0
0,005113916	0,0
0,005087021	0,0
0,00502738	0,0
0,005105324	0,0
0,005062523	0,0
0,005099615	0,0
0,00513456	0,0
0,005034665	0,0
0,005001979	0,0
0,005247729	0,0
0,005029534	0,0
0,005105804	0,0
0,005121556	0,0
0,005099195	0,0
0,005062122	0,0
0,005206127	0,0
