0,06398047	0,034371983
0,031544767	0,014839718
0,041576717	0,023506302
0,018893981	0,0045696725
0,025426138	0,006039802
0,01823465	0,0022077542
0,016010296	0,0043951077
0,018951524	4,494069E-4
0,01778901	0,0070990846
0,016570728	0,0014450112
0,016901378	0,0020703305
0,019256424	0,0022637611
0,021905746	0,0025389818
0,025734382	0,004129125
0,02226217	0,0069587072
0,017622232	0,0035653664
0,017183214	3,3189077E-4
0,019654222	0,0031220326
0,01844031	0,0031496538
0,017491272	0,003540834
0,01717658	5,364418E-5
0,016454957	2,472885E-4
0,017500304	7,55826E-4
0,01736119	0,0012128456
0,024523765	0,0025010025
0,028364744	0,0016247174
0,026166886	0,0020330744
0,027119333	8,298643E-4
0,028624214	7,15442E-6
0,015307872	1,21318735E-5
0,015267576	0,0022106217
0,017350446	0,005094829
0,017206367	4,0592998E-4
0,022031158	5,3283107E-4
0,016105829	0,003963113
0,015058659	0,0026758835
0,019564759	5,868068E-4
0,016369976	0,0040495573
0,017362047	9,2514325E-4
0,019060923	0,002857238
0,014904382	0,0022128834
0,018865798	2,426384E-4
0,01882066	0,0022548884
0,016481597	6,0695875E-4
0,017773528	1,0421034E-4
0,018716684	0,001704663
0,01764452	0,0011914009
0,020830981	0,003942577
0,021762483	0,0053297607
0,021305792	0,0053298436
0,023173824	0,0033087516
0,025541496	9,754943E-4
0,027277049	0,001082954
0,021168094	0,0061160764
0,021591578	0,005928426
0,024264272	0,005069406
0,01873411	0,0026753377
0,014806166	0,0042364127
0,017604122	7,379595E-4
0,018227853	8,32716E-4
0,018207133	9,0429466E-4
0,018713253	3,3055246E-4
0,015584163	0,0035633468
0,018789545	5,4002553E-4
0,018212134	5,5878423E-4
0,017060814	0,0021044905
0,016758744	0,0023784777
0,02171205	7,169797E-4
0,017502034	0,0031862245
0,016069919	5,8071455E-4
0,01937757	3,822632E-4
0,019432839	0,0017759623
0,015838709	0,0012290766
0,016275859	0,0035198592
0,017885791	5,71426E-4
0,017463058	6,12353E-4
0,019383423	0,0019811103
0,017542522	0,0013592793
0,018686846	0,0018056333
0,019316506	5,393252E-4
0,015117333	6,497847E-4
0,019749729	0,005083836
0,02154648	0,0025331872
0,021244798	0,0050230483
0,021844495	0,0047181994
0,0213545	0,0051687183
0,021732628	0,0046698926
0,021643886	0,004879646
0,021485828	0,004908559
0,02501916	0,0012616366
0,022804216	5,928548E-4
0,019211305	0,004606947
0,021617081	0,0045327144
0,022793792	0,0032653948
0,023426503	0,0025927098
0,021536494	0,0047114603
0,022725862	0,003354447
0,023371603	0,002594403
0,019568512	0,0022301488
0,018011857	0,0016132286
0,016460158	0,0026521818
0,019590361	0,0010263175
0,016803019	0,0017870236
0,018218452	0,0017950255
0,018928887	1,7630495E-4
0,01658598	0,0022823312
0,018368397	0,0013790894
0,0155743975	0,003183933
0,01848893	0,0011817943
0,017331855	9,083599E-4
0,0148155	0,0032806187
0,020696469	0,001146283
0,016449384	5,831616E-4
0,017841965	0,0010453975
0,018953808	0,001426517
0,016929194	0,0032672072
0,017804317	0,001165933
0,019131567	8,026045E-5
0,017475989	0,0038275877
0,018620357	5,522063E-4
0,01903767	4,995987E-5
0,015255734	0,0039071026
0,01856178	0,0016785888
0,019409742	0,0019599255
0,015762018	0,0033247112
0,020175666	9,953771E-4
0,015875848	0,0032036318
0,01642825	0,0027049119
0,018024996	0,0012184698
0,016930947	0,0020665885
0,018898446	1,5274528E-4
0,018905967	2,8933492E-4
0,017839065	0,0011163466
0,019427292	1,806086E-4
0,019687701	5,9837475E-4
0,017484335	0,0042329524
0,014730491	6,985437E-4
0,019230101	0,0013758224
0,018891016	0,0011457056
0,015701806	0,0010289834
0,017458502	0,0014794171
0,020401262	9,392984E-4
0,018526211	6,174743E-4
0,016411008	0,0041743466
0,018540204	7,38373E-4
0,01925099	0,0017508417
0,016521644	0,0030320394
0,018900882	2,3205578E-4
0,020047357	4,7146156E-4
0,019908575	0,001125643
0,015137522	6,773509E-4
0,016135791	8,230363E-4
0,020084776	0,0034422902
0,015333404	0,0034263069
0,01816281	1,3724808E-4
0,017939476	3,4392625E-4
0,017140055	0,00491084
0,01628483	3,0856766E-4
0,016796898	0,0025719572
0,016849361	3,1643733E-4
0,01771175	0,0054586944
0,019734591	0,0015355637
0,01730889	9,40009E-4
0,016572446	0,0042981845
0,02054607	7,31105E-4
0,015548228	6,63246E-4
0,015445296	0,0034148782
0,019528659	7,074233E-4
0,017192129	4,1632634E-4
0,01677021	3,4449343E-4
0,017914664	9,0741366E-4
0,017636301	0,0018056426
0,019998072	0,0010868162
0,017327271	0,0018941402
0,015454976	4,6256E-5
0,019497743	0,001287356
0,016870491	0,004864113
0,015555729	0,0013288734
0,017569445	9,785537E-4
0,01915682	4,052613E-4
0,016703561	0,0024558967
0,019128516	0,0017614132
0,017946627	0,0017202897
0,01633192	2,8202496E-4
0,017857708	0,0013514915
0,02044215	0,0013147732
0,016659714	0,0043546944
0,015895547	0,0012259837
0,019432578	0,0010541789
0,016111258	0,0042485646
0,020398809	1,8235482E-4
0,015513541	0,00210611
0,016378336	0,0042753266
0,019217396	1,5968643E-4
0,016635675	0,0022310512
0,016261626	0,0020182757
0,018386677	0,0029863832
0,017930178	0,0032190569
0,016726896	0,0019713202
0,02013335	0,0017390149
0,013737743	0,0016011801
0,018099492	0,004845374
0,01952282	5,063629E-4
0,018546171	0,0026080739
0,017001648	7,340517E-4
0,018782126	4,2632967E-4
0,018119717	9,563826E-4
0,019308478	0,0020124018
0,020172615	0,0010432703
0,014606394	0,0022733714
0,01978629	0,0016827919
0,019661976	0,0019210652
0,016820582	0,0031076167
0,018925708	7,67814E-4
0,013765088	0,0016483236
0,01810242	7,465109E-5
0,018570341	4,19545E-4
0,020345349	4,264526E-6
0,014622882	0,0025583268
0,01651908	2,5314E-4
0,019522268	5,078018E-4
0,015859693	0,0036400757
0,017484765	9,3806256E-4
0,017360158	5,853744E-4
0,015688386	0,0022749389
0,01839208	0,0018130522
0,018359134	0,0015120301
0,01747621	9,2290714E-4
0,016626999	1,1310633E-4
0,018570911	0,0019238405
0,019558288	0,0029244935
0,017937409	0,0030137715
0,017257093	0,001432335
0,017540403	6,806366E-4
0,016757388	0,0050226846
0,018530454	5,020248E-4
0,019328501	1,9897427E-4
0,014884198	0,0042872126
0,017162548	3,727749E-4
0,017313607	0,001774489
0,018628648	0,0029050708
0,01704574	5,287174E-4
0,019990996	6,504627E-4
0,015856752	0,004218487
0,018004637	1,955172E-4
0,017810594	0,0010874374
0,017646044	0,0015493492
0,01738394	0,0027430458
0,021441368	5,528983E-4
0,0155802965	0,002781948
0,016964737	6,624218E-5
0,019365598	0,0017632712
0,017680705	8,7367836E-4
0,019074138	0,0023813685
0,015522891	3,6229286E-4
0,01770955	2,934849E-4
0,018430756	0,0018037818
0,01854648	0,0019052215
0,018321935	0,0015520584
0,015627254	9,563109E-4
0,017888136	4,1909236E-4
0,017955424	0,002815925
0,018740874	0,0020280825
0,017431295	0,0016985368
0,017487567	1,7362367E-4
0,018699752	0,0020064898
0,018542148	0,0010955622
0,016693324	6,724773E-4
0,017982684	8,9362916E-4
0,017463293	0,0013031466
0,018085249	0,0034347372
0,019523084	0,0016234936
0,018707044	4,0518586E-4
0,016510325	3,7580915E-4
0,018271163	0,0014779828
0,017871048	9,0345927E-4
0,019442882	0,002860981
0,017669164	9,3334634E-4
0,016207822	3,3260323E-4
0,019665487	6,7135785E-4
0,01652189	0,0012081908
0,018098444	0,003582492
0,017126534	6,5413024E-4
0,017497476	0,0019412623
0,018843263	0,0021629054
0,018698227	0,0019686054
0,017324608	7,0721004E-4
0,017985672	0,0012499159
0,018071983	0,0010445043
0,018660326	0,0022183843
0,017868731	9,086374E-4
0,018610327	0,002063442
0,01491894	0,0018342901
0,019271526	0,0024971012
0,0181617	0,0014264146
0,016333356	4,182933E-4
0,016763546	5,43613E-5
0,019440185	0,0027096467
0,018451367	0,0017057369
0,014417494	0,0022576214
0,019491911	0,0017586183
0,018655732	0,003005243
0,01743937	2,1893159E-4
0,016478041	3,3783354E-4
0,01802753	7,857783E-4
0,018495252	0,0031092614
0,017817726	0,0014450047
0,018220976	7,121749E-4
0,016952377	9,318115E-4
0,01944056	0,0025863033
0,019917075	8,45802E-4
0,015036875	0,0029722382
0,017379401	4,692115E-4
0,018678125	0,0031745136
0,017877627	0,0026301807
0,017644478	9,0319477E-4
0,015680691	0,0023807255
0,018773764	0,002237631
0,020769177	0,0031222291
0,016038846	2,8865505E-4
0,018533178	1,2280699E-4
0,016936041	0,0016085412
0,018789727	0,0022815773
0,017327026	5,770344E-4
0,017094601	3,0970946E-4
0,018417042	0,0015673423
0,017914101	0,0012930557
0,01938992	0,0026922813
0,017957862	0,0010857787
0,017826885	0,0012354208
0,019792883	7,456038E-4
0,019707024	0,0021236707
0,017802559	0,002975733
0,015898084	4,8120087E-4
0,01860331	1,3590511E-4
0,019046929	0,0019232873
0,018306034	9,441152E-4
0,015537741	0,003490137
0,018810257	1,12529844E-4
0,01794249	0,0012364965
0,019598503	0,0015253294
0,017436549	4,2053033E-4
0,016204473	0,0019509685
0,017317358	0,0028019669
0,01900179	5,875593E-4
0,020306446	7,00715E-4
0,015641423	0,0033127363
0,016731309	8,968264E-5
0,02009297	9,880979E-4
0,017769609	0,0015008552
0,017769052	0,0013784841
0,018995728	0,0022729142
0,01622074	7,9654483E-4
0,017432181	4,1738525E-4
0,019878741	5,467059E-4
0,018061142	0,0041751545
0,016495276	2,8614234E-4
0,020853031	4,3995026E-4
0,016633324	1,1240691E-4
0,018033288	0,0011394685
0,017129429	0,004178071
0,018949859	9,779539E-5
0,020390458	0,0012893891
0,015264487	0,0015735752
0,017052239	0,002220714
0,01766462	0,0015853662
0,019479845	0,0014420552
0,015306716	0,0017471733
0,017657109	0,0014945325
0,018103447	0,0011952743
0,01884881	7,7779405E-5
0,015769482	0,003719484
0,018334232	6,167488E-4
0,018578421	6,189002E-4
0,015609194	0,0033140532
0,018663876	6,416766E-4
0,018209286	8,31957E-4
0,016437618	0,004418626
0,018867001	8,1211515E-4
0,017292727	4,968969E-4
0,015637178	0,0034284373
0,019249458	4,165182E-4
0,019739054	9,291833E-4
0,016721843	0,0023994134
0,015578955	0,0012384779
0,017822329	0,0011797072
0,018949505	3,6140066E-4
0,018668747	0,0019265525
0,017022151	0,0025052493
0,016941039	0,00218109
0,016714437	3,9887242E-4
0,018985435	6,270595E-6
0,017857432	0,003468744
0,016849626	2,8454233E-4
0,015746158	9,0225553E-4
0,02067189	0,0018288298
0,019470222	0,0010454785
0,019531656	0,0028356481
0,015256797	0,002609658
0,016956436	1,5768036E-4
0,01973825	5,5716187E-4
0,017384868	0,0024413532
0,016973889	0,0016232841
0,018538387	6,089434E-4
0,01789505	0,0012201089
0,019228965	7,980596E-5
0,017960701	8,4665883E-4
0,01687435	0,0043502953
0,017761815	0,0014088638
0,018830594	1,4207326E-4
0,016976058	2,2529624E-5
0,017806659	0,0012650527
0,018051833	0,0011355542
0,018355425	4,5297667E-4
0,016637785	1,5512668E-4
0,017658925	0,0041760993
0,018825613	2,6642065E-4
0,017877748	0,0010283049
0,015750578	0,0035016243
0,018602533	3,3919513E-4
0,019379409	1,4944747E-4
0,017718473	0,003420214
0,016688246	0,0015462777
0,016745199	0,0015362701
0,019102242	0,0016000988
0,020515662	0,0021206317
0,01787031	0,0030385484
0,016970392	0,0025150818
0,017842606	0,0010992801
0,017936107	0,001107973
0,020270495	0,0021378454
0,014777735	0,0033586272
0,018624917	0,001963986
0,019040108	1,3255607E-4
0,016797934	0,0023323884
0,01975766	0,0030103084
0,017901428	0,001054314
0,01590373	8,078264E-4
0,019587765	0,002617333
0,017613653	0,0012798579
0,01707935	0,0014463728
0,017827287	1,8159766E-4
0,017262528	0,0016923393
0,019416537	0,0018138764
0,02004714	9,978088E-4
0,013622347	0,001413105
0,018566718	5,388763E-4
0,018366916	7,058475E-4
0,01760748	0,002880551
0,019780377	0,0010450035
0,01630806	0,0026078396
0,017501239	0,0051663495
0,018795604	8,9230016E-5
0,018424058	0,0032755006
0,02001232	2,927659E-4
0,014655829	0,0023697363
0,018432297	6,279126E-4
0,018636227	6,796131E-4
0,01800431	0,0013378849
0,01812641	0,0014655087
0,018593777	0,0018862886
0,016683733	1,4954247E-4
0,018202359	9,956677E-4
0,017653279	0,0014746515
0,020553378	0,0015043635
0,015643941	0,0010391101
0,016482335	0,003921388
0,019848932	0,0011053393
0,017214943	0,0034497464
0,018905535	0,0013951333
0,018018862	0,0015733913
0,016357679	2,9623788E-4
0,019083133	0,0022712387
0,017577244	0,001979778
0,017919332	4,308764E-5
0,018869396	0,001433325
0,015360035	0,0018337467
0,017859153	0,0014645187
0,018949857	1,8530525E-4
0,015272694	0,003484611
0,020278273	0,0012606997
0,016933884	6,700214E-5
0,01722263	0,0022217166
0,01844341	0,002594809
0,017713867	0,0013472745
0,016899427	1,0835007E-5
0,018041562	0,0011861725
0,019317817	0,0026252354
0,02056612	0,0015600873
0,014976131	6,211046E-4
0,018106645	0,0012145247
0,018939614	1,509469E-4
0,016725093	0,0020926083
0,017434746	9,032646E-4
0,017569877	7,621478E-5
0,018651564	0,0024043052
0,01629715	0,0015028184
0,018427577	0,0018464588
0,016028572	4,6548527E-4
0,01797735	0,0011360971
0,016866334	0,0025008223
0,01773097	0,0023405813
0,018916221	0,0011337157
0,016927045	7,631723E-5
0,018013552	0,001371975
0,018970415	0,0022753356
0,01789993	0,0011982014
0,015922759	7,8705605E-4
0,018364044	8,082222E-4
0,019707909	9,255912E-4
0,014841334	0,0028606215
0,017369729	5,5311434E-4
0,01757887	2,3897644E-4
0,019374628	7,5455755E-4
0,015633766	0,0033521177
0,018490417	6,932486E-4
0,017338082	5,3925347E-4
0,01968939	0,0016344562
0,016969014	0,0022502025
0,016887233	2,5878008E-4
0,017240137	2,9060896E-4
0,020782394	0,002320392
0,016250996	0,0034803208
0,016361497	4,2618532E-4
0,018488303	6,6697225E-4
0,019521192	7,755514E-4
0,0150736235	0,0026143515
0,017827554	0,0022163056
0,017297868	0,0053594043
0,018084303	0,0012478428
0,015702043	0,0015101898
0,019554153	0,0014796425
0,017256927	0,0018591257
0,019404288	0,001444811
0,016238466	7,596025E-4
0,017671898	0,0018428946
0,018310664	7,11767E-4
0,018104255	9,3079824E-4
0,017782379	0,0013430873
0,017752586	0,0012070611
0,01900668	0,0018097358
0,014973827	0,0014719716
0,01849956	0,0022947872
0,017298363	0,0040597273
0,017309997	0,0017162301
0,017263886	0,0017863535
0,020411205	3,716098E-4
0,0138134025	0,0012657302
0,018997796	0,0014955318
0,019242479	0,0010665357
0,014479368	4,671514E-5
0,018589815	8,376222E-4
0,018151775	0,0025676591
0,014956888	0,0018095039
0,01876796	0,0018512122
0,017841984	0,0014844583
0,017663427	0,0039237975
0,018637449	8,0278236E-4
0,016453508	1,6915612E-4
0,016540121	6,9735106E-4
0,019937046	7,418059E-4
0,017532276	8,4324926E-4
0,015034426	0,0048253606
0,01986831	0,0011425912
0,018318579	0,0028895144
0,018330645	8,2598254E-4
0,017690174	5,1877555E-4
0,016908702	0,002146402
0,020452086	3,8674194E-4
0,017407909	0,0019261623
0,015581137	0,0035621799
0,018531075	0,0012403168
0,02000464	0,0012672395
0,016445922	0,002295008
0,016777106	0,002987003
0,018004183	0,0019713966
0,02052909	8,5521117E-4
0,017326185	0,0034322967
0,018723423	0,0015794728
0,018316207	0,0016335454
0,017979484	0,0013292311
0,014834205	0,0025165211
0,019953474	8,256128E-4
0,01657746	9,797234E-5
0,01763966	0,00318876
0,019962396	1,7610099E-4
0,017460361	0,0016573621
0,01815607	0,0012793625
0,015445041	0,0011638761
0,019179381	8,8134594E-4
0,018795168	0,0014571305
0,017829264	6,1202794E-4
0,018394995	2,2446085E-4
0,015542915	0,0011929669
0,017590139	0,0031769262
0,017220978	0,0026550046
0,016209275	1,203632E-4
0,019400226	0,0019061696
0,01814917	1,3124198E-5
0,017274318	0,0029175635
0,018765673	0,00198247
0,015697323	0,00154369
0,017865697	0,0015818235
0,018777713	0,0019591684
0,017144246	2,4411269E-4
0,016724251	2,973061E-5
0,01816439	9,6174143E-4
0,018603396	0,002309098
0,017604839	1,6165432E-4
0,016715018	0,0010495987
0,019425983	0,0026439298
0,018516727	0,0016006874
0,020068867	0,0013741925
0,01538776	0,0033582626
0,01973819	0,0016562613
0,015089298	5,249018E-4
0,017435439	0,0016169613
0,019477822	0,0019449703
0,01709162	3,200518E-4
0,017088955	0,0014718394
0,018719304	7,369509E-4
0,018659387	3,3276994E-4
0,018208941	0,0041176393
0,01618542	3,3955649E-4
0,018507339	6,329417E-4
0,018949762	0,0022986578
0,018089585	0,0011978485
0,016227975	4,5936275E-4
0,018510474	0,0010155179
0,021391101	1,9929372E-4
0,017058836	0,0020662094
0,015331291	0,0036583617
0,01709066	0,0035541123
0,017529713	0,001118511
0,016340107	6,368784E-4
0,018397674	0,0015831292
0,020212451	0,0027422514
0,0175801	3,6562793E-5
0,018734265	0,002570699
0,014973439	0,0010238164
0,018386923	0,0018199077
0,020980187	6,1510503E-4
0,015882608	0,0045731054
0,014580654	0,0016863733
0,019232994	0,0014177896
0,020358847	0,0038886312
0,016395207	5,6784507E-4
0,017393213	4,1472912E-4
0,018757464	8,547399E-4
0,019026447	0,0041265013
0,016623303	3,1796657E-4
0,018956488	2,3631379E-5
0,015959157	0,0010081553
0,018573001	0,0023559052
0,018989589	1,8226821E-4
0,019307654	7,4740686E-4
0,017139873	0,0025534355
0,021824777	3,0831434E-4
0,014860816	0,0015093437
0,017755657	0,0013052663
0,020557128	0,005927951
0,01895817	0,0022415845
0,016593274	7,3778443E-4
0,016787302	1,0870583E-4
0,021781154	0,0019885795
0,017293103	0,0020200089
0,017031029	0,0010193624
0,016912842	0,0023868675
0,019115297	0,0025756732
0,019832209	0,0012789844
0,01589381	0,0010814462
0,017246813	0,0019758665
0,019999864	6,2699616E-4
0,016527498	0,004597895
0,019163106	1,18938275E-4
0,015854955	0,0010485426
0,018470515	1,179995E-4
0,018197734	7,3001254E-4
0,017111469	0,001096352
0,018048877	0,003073297
0,019626841	7,297294E-4
0,01794678	0,0011820598
0,015126059	0,0039253905
0,019854099	6,5401476E-4
0,018150743	0,0015380383
0,016164731	1,96388E-5
0,018336492	8,8948384E-4
0,015139945	0,0016019735
0,016899493	0,001164401
0,018873718	0,0028816098
0,017875612	0,0016353372
0,017316576	1,804987E-4
0,01725659	0,0029748175
0,017047973	0,0026898608
0,016133223	0,001239988
0,020404559	0,0046396255
0,020953447	0,0030931765
0,016741559	0,001042108
0,016227843	0,0023278478
0,018149596	0,003184556
0,02005983	0,0023827683
0,017219786	0,002524178
0,015603865	0,002780879
0,019668527	0,0014754925
0,019325195	0,0018229876
0,01836736	0,00398545
0,013080874	0,0015699044
0,021654667	1,7476454E-4
0,018003881	0,0010452261
0,015838735	0,0031787767
0,017702706	6,12407E-4
0,019553617	2,598008E-4
0,01899533	0,0022281082
0,014708275	0,0040750294
0,016982049	7,9504214E-5
0,017844383	0,0011867611
0,017982718	0,0032998729
0,019070977	4,626047E-4
0,017334886	9,029517E-4
0,01621367	7,7077374E-4
0,021119624	0,0021406924
0,018299446	8,744681E-4
0,015540563	0,0017176992
0,017644228	1,0308623E-4
0,020518588	0,0017611459
0,016582243	0,004710101
0,01845362	0,0013500582
0,016133104	0,0030946964
0,016675983	9,7827055E-5
0,019170484	7,4245036E-6
0,01559457	0,0034298995
0,018985353	1,6385224E-4
0,019459782	0,0024369266
0,014772836	0,0026921197
0,021405615	0,002794939
0,018131528	0,0027085417
0,01587149	0,0028198897
0,016690396	0,0024274578
0,015738308	0,0011219969
0,017733004	0,0016622553
0,018783718	6,340258E-5
0,017236333	0,002072258
0,020067576	0,001286665
0,018425172	2,095662E-5
0,014619464	0,0017549726
0,018864222	0,0022449177
0,018750949	0,0018325597
0,017646516	0,0010615736
0,016989931	1,6188994E-4
0,019088447	7,591676E-5
0,018002374	0,0033199023
0,016993813	0,0021456159
0,019582842	6,261254E-4
0,016073141	9,450489E-4
0,017572865	0,0015578736
0,021036517	0,0014337106
0,016343702	0,004253643
0,017205674	0,0022909218
0,018613944	1,6321242E-4
0,015738506	0,0011380063
0,017832043	0,0034849867
0,020097015	0,0010880902
0,016799564	0,0023022816
0,01729167	0,0019165571
0,018860213	2,6530586E-4
0,017942015	0,0018778639
0,01607596	1,8498488E-4
0,019411972	0,0017343014
0,018114557	0,0013576653
0,017843835	0,0010758918
0,017970826	0,0012390213
0,016773373	6,454252E-5
0,018958678	0,0024529733
0,018307688	8,5632503E-4
0,016388383	3,4796447E-4
0,018804375	0,0019485373
0,017394526	4,3382123E-4
0,019914899	0,0011828421
0,015427065	0,0036070617
0,017709022	7,001832E-4
0,018499363	8,8276155E-4
0,019122843	0,0018667197
0,017671252	0,0015571769
0,01831765	0,0010915641
0,01563763	6,6199293E-4
0,018917266	0,004116038
0,01789095	0,0011230074
0,020620655	0,0036682365
0,0138382185	0,005253632
0,019990385	6,911019E-4
0,020457685	0,0013872022
0,013717307	0,0051874276
0,019207219	0,0012553465
0,019327594	0,0013735648
0,0185416	0,004138031
0,017115066	0,0023505036
0,018140001	4,978981E-4
0,019093651	0,001971054
0,01778146	0,0011318214
0,018119987	0,0012748046
0,01811206	6,354889E-4
0,01649439	0,0043883272
0,018578123	3,6895927E-4
0,016204834	0,0030393973
0,01908218	0,0022744536
0,018666657	0,0022588335
0,018064957	0,0011185883
0,016966647	0,0021685031
0,015658714	0,0018794886
0,018438155	1,8975697E-4
0,019590572	9,980239E-5
0,017711535	0,0031324928
0,0148805035	0,0011729551
0,017150663	5,5560935E-4
0,019249864	0,0020580469
0,025348257	4,313523E-4
0,016281137	0,0014301986
0,017300924	4,8663095E-4
0,01828856	0,0027211788
0,018158158	0,0025612172
0,016080324	0,003087622
0,017828189	0,0012019565
0,017526079	0,0037648268
0,018620867	1,7124414E-4
0,018004835	3,2761227E-4
0,016951172	0,001907147
0,017589122	0,0037536775
0,020465415	0,0012436733
0,015661543	0,001155307
0,018019058	9,939987E-4
0,017848369	0,001221668
0,01981853	5,301926E-4
0,0139608905	0,0016889148
0,019173969	2,859952E-4
0,019582212	0,0027953677
0,016076554	8,143657E-4
0,0167933	1,993943E-4
0,01878437	0,0021532169
0,016904637	0,0023175208
0,019635651	0,0010287501
0,016696014	1,2188312E-4
0,01690689	0,0024745762
0,017303782	0,0025667124
0,020028176	0,001053486
0,016789192	0,0024261507
0,016529271	0,0018830397
0,018819798	9,4763096E-4
0,019758202	0,0014971774
0,016839128	0,001794449
0,0162878	0,0042716903
0,019976798	2,9503368E-4
0,015639624	0,002417555
0,019169364	0,0010414524
0,01806724	3,723679E-4
0,017059194	0,002574786
0,018692223	0,003077528
0,016083777	0,001756968
0,017959833	9,076735E-4
0,018511463	0,0040036896
0,017157601	0,0027568992
0,020355903	0,002713005
0,016752673	0,001172075
0,016546447	4,5502558E-4
0,016643485	0,0011514071
0,017333636	0,0032586954
0,017695822	0,0018406538
0,019385833	9,0727676E-4
0,017264022	0,0019632713
0,018281732	0,001580623
0,018830806	0,0020096144
0,017933523	0,0012932383
0,018730208	4,407959E-4
0,014283055	0,002360877
0,01910941	0,0023054788
0,020524465	0,0014465367
0,017880395	0,0034775878
0,015888866	0,0010083248
0,01660868	0,002571004
0,018279523	0,001447157
0,019070268	2,5110412E-4
0,017442951	0,0051867613
0,016881628	0,0021519368
0,020588541	1,3771467E-4
0,015245341	0,002076183
0,0192509	0,0038101077
0,01950308	6,358549E-4
0,015507465	0,0033765845
0,016190872	0,002030531
0,019625615	0,001384927
0,017767355	1,0039657E-6
0,016190087	0,0026580133
0,018714756	2,6142227E-6
0,019113295	0,0035846354
0,017461166	4,1230768E-4
0,015554479	0,0013424298
0,020145368	6,1388966E-4
0,017877243	1,5389174E-4
0,017583285	0,0025707148
0,01567967	2,4179183E-4
0,018925685	0,0013036551
0,01836881	0,0018364461
0,017451711	0,00139808
0,017910276	0,004865805
0,017742366	0,002199547
0,017610092	0,0025401646
0,016667563	0,0020673196
0,018869782	0,0016059373
0,017062336	0,0020311256
0,016127402	0,0041715726
0,01891364	0,0017532501
0,019022461	0,0025435546
0,016505273	0,0026102047
0,019600745	0,0018860158
0,01722584	0,0017308779
0,019125469	0,0023381636
0,015760116	6,3614873E-4
0,021580847	0,0014941338
0,015466558	0,004000673
0,020947251	2,8205197E-4
0,017641984	3,4738609E-4
0,018955082	1,609074E-4
0,015969478	0,0033404753
0,019241093	6,296281E-4
0,021154515	7,8947376E-4
0,014708979	0,00347423
0,015185751	1,6263686E-5
0,01916255	0,002230918
0,016600028	0,0062570414
0,017973315	7,3534437E-4
0,013505792	0,0012351056
0,018761244	0,0019886587
0,01998458	0,0012056092
0,017410032	0,0011436129
0,015133338	0,002514251
0,0178121	3,0149985E-4
0,017735321	0,002534076
0,018245198	0,0021682065
0,016110525	0,0026081046
0,01730536	0,003682497
0,01996068	0,0030493923
0,017443554	0,0014508739
0,014900463	0,002729069
0,01773427	8,9637935E-5
0,020921964	0,0031386977
0,01440125	0,0021545994
0,016021231	0,0011098166
0,01979256	0,0013531577
0,016815426	0,0046163406
0,018596893	3,7868135E-4
0,017425882	5,267784E-4
0,01795702	0,0014470117
0,017974038	0,001001806
0,019315027	3,5902113E-4
0,017306432	0,0034094574
0,014814524	0,0022005565
0,017761564	0,0011198595
0,019605834	3,655739E-4
0,017225605	0,00160626
0,017755833	0,0010940889
0,01792422	0,0012034625
0,018656798	0,0017183488
0,017012455	0,0018039374
0,018918265	0,0026883138
0,014153895	7,007038E-4
0,01778435	9,2722755E-4
0,019219238	0,0024466636
0,019546218	0,0028373385
0,018006142	0,0011311546
0,018577985	0,0018514693
0,01729959	5,9004873E-4
0,017314201	5,134046E-4
0,018891972	0,0027318439
0,01763833	2,3554731E-4
0,016811147	6,5472045E-7
0,019089349	0,0024385192
0,01710254	0,0019239732
0,019474152	7,962156E-5
0,015903158	0,0030147876
0,01699189	7,222965E-5
0,019933626	0,0013544401
0,018198397	0,0015396615
0,019844662	0,003103841
0,01960586	0,0025448734
0,01845764	0,0024850229
0,015779104	0,0014546416
0,01686814	0,0022490062
0,018897362	0,0024469737
0,017063107	0,0022692662
0,017620265	0,0010563331
0,018168023	8,787196E-4
0,020466775	0,0017252788
0,01552878	0,0010781558
0,015937742	0,0015351567
0,019683573	0,0015177652
0,018747296	0,0015526032
0,016741555	0,005847654
0,019042075	0,0011390904
0,018460222	0,0017526485
0,019738615	8,4533077E-4
0,01589578	8,0503244E-4
0,0155191645	0,0035095215
0,0206474	7,5034704E-4
0,017493743	0,0015525715
0,019797558	8,3460286E-4
0,015908275	0,0015756134
0,0146205565	7,3815696E-5
0,018889997	0,0012080977
0,020461418	0,0022952268
0,01983168	0,0014541997
0,016884407	0,0024946579
0,01796633	0,001963419
0,015842818	0,003972562
0,019211276	6,6421926E-6
0,017863873	0,0013774196
0,019716036	0,0015017493
0,016164003	8,941754E-4
0,017740905	7,782001E-4
0,018731955	0,0038781548
0,018349493	0,0015520155
0,017881619	0,001211457
0,01864855	4,5549963E-4
0,016203094	8,921502E-4
0,01844903	0,0026767105
0,018417234	5,664304E-4
0,016912367	1,0958407E-4
0,01981799	0,0034414176
0,017699633	2,5600847E-4
0,01753243	2,590781E-4
0,017740827	0,0032868218
0,015806042	0,0013200408
0,019045796	1,2856629E-4
0,019839825	0,0012708623
0,015588732	0,0014293864
0,017801177	0,0010845866
0,018597696	8,719107E-4
0,017933033	0,0011724373
0,018894173	0,0023900615
0,018903684	5,6895707E-4
0,01588166	6,935983E-4
0,018251326	8,711527E-4
0,01796716	0,0016250042
0,019612545	0,0027976986
0,018899951	0,0010644691
0,019750271	0,0013248986
0,013373718	0,0017697765
0,017460566	2,7853437E-4
0,020117626	0,0019123005
0,017215647	0,0028057215
0,01682692	0,0022593653
0,016617168	2,929559E-4
0,017461196	0,0015263483
0,017441474	0,0019428814
0,017745383	0,0032838732
0,019028036	2,8007664E-4
0,016680937	2,3518689E-5
0,015480702	0,003511184
0,02001432	0,0020902185
0,019798601	0,0018694494
0,016531436	0,0015633707
0,017704248	7,9152174E-4
0,018308267	0,0013382994
0,019117601	0,0017468045
0,01774766	0,0013787821
0,017157119	0,0019468246
0,018747913	3,9281137E-4
0,02347451	0,0066381237
0,015296857	0,0022405023
0,016941417	0,0017796368
0,019082129	0,0022775996
0,01790684	0,0011643311
0,017936971	0,0012118416
0,018314708	0,0010486022
0,018865906	2,898192E-4
0,017109448	0,0020203567
0,01596865	0,0018410673
0,021220721	0,0014510779
0,017317258	6,401986E-4
0,014559759	0,002217574
0,0190983	2,3812521E-4
0,015427826	0,0035933591
0,018587949	6,9560483E-4
0,018928153	4,2312965E-4
0,015504532	0,003304103
0,01814486	3,3812597E-5
0,016783781	0,002365252
0,017897412	0,0013328623
0,01786071	0,0011958675
0,01747266	4,9154647E-4
0,017890524	0,0012002317
0,017319996	5,050823E-4
0,016721243	3,1620264E-4
0,01731963	2,0596758E-4
0,016605955	6,0410704E-4
0,01869217	0,0020264713
0,018002482	0,001187427
0,018164389	0,0017124573
0,018235503	0,0015971046
0,01767362	9,942176E-4
0,017866075	0,0011862013
0,01696986	2,5380123E-4
0,020643357	0,0020806296
0,018283736	0,0036932635
0,01642153	7,0369337E-4
0,01689637	3,7648343E-4
0,01897328	7,4671954E-4
0,01719209	0,0019119312
0,017116126	0,0013110647
0,017572656	3,1048432E-5
0,019990383	0,0029651038
0,018795367	0,0019789534
0,0148512535	7,0988433E-4
0,01703032	0,0030461513
0,019149076	0,0010669762
0,015479592	9,5087755E-4
0,01923598	0,002199484
0,017940857	0,0013091313
0,017829303	0,0011895346
0,018136285	8,5014943E-4
0,015216299	0,00246426
0,01944462	0,0011104811
0,01985047	0,0027988972
0,017181462	7,348601E-4
0,015738878	9,26577E-4
0,019862955	0,0030624196
0,018441115	0,0013843337
0,018815756	6,5231696E-5
0,014434337	0,0025133519
0,020427395	0,002576368
0,017840832	3,3189636E-4
0,015789043	0,0010768031
0,018245794	0,0020967023
0,019469488	0,0021138284
0,017968234	3,4984294E-4
0,015308305	0,001464474
0,01962429	0,0023350492
0,018717593	0,0020290539
0,0151719265	6,0379365E-4
0,018405799	0,0011175042
0,018967357	0,0018578051
0,019950531	6,613303E-4
0,015724493	0,0012037712
0,019449342	0,0014892938
0,0176087	0,0023507643
0,016835768	0,0027092202
0,017782284	0,0010468774
0,01684288	1,1229701E-4
0,020037897	0,002737306
0,015206773	5,063717E-4
0,019414347	0,004790133
0,015872147	0,0028889533
0,015797812	0,0021657739
0,01771301	7,440867E-4
0,01900461	0,002318807
0,018267602	9,906059E-4
0,01676653	6,3141156E-4
0,01762671	9,93697E-4
0,020000696	0,0028342688
0,018320939	0,0020239279
0,01511153	0,001639362
0,018391725	0,0016314778
0,017968021	0,0021785712
0,020997882	0,0032521775
0,020913647	0,002036469
0,0143899815	6,2255654E-4
0,019019742	0,00303273
0,018972434	0,0018429542
0,016759943	1,768861E-5
0,017371498	0,0014363723
0,017348215	0,0029447987
0,01794025	0,0033426834
0,018944692	9,106258E-4
0,015878709	7,4230134E-5
0,019409984	0,0016823811
0,017230568	0,0017809118
0,018263286	0,002534192
0,01750756	1,2258813E-4
0,019611154	5,784407E-4
0,014985837	0,0026963777
0,02007303	0,0019352883
0,017864835	2,5863852E-4
0,01614323	0,0016871453
0,018859822	3,2107625E-4
0,018202798	5,3607114E-4
0,017778328	0,0032052821
0,01771628	5,9841387E-4
0,017611945	7,631425E-4
0,018442892	0,0020436551
0,016446926	0,0036686168
0,019895528	0,0010608528
0,015670726	0,0031806324
0,02011736	0,0013375282
0,016336014	2,0532496E-4
0,016966546	0,0019975058
0,0184128	7,005669E-4
0,021380167	0,0032060659
0,02031893	0,0020618234
0,016641755	6,8306923E-4
0,013462307	5,718204E-4
0,020614423	1,3244618E-4
0,018877385	0,0039723865
0,018523015	0,0036193472
0,016679619	0,0032100393
0,015273493	0,001981082
0,018136565	0,0034632226
0,01970867	0,0010393681
0,017589306	0,0014882479
0,014601648	0,0015721819
0,016276319	7,7932E-4
0,017826613	6,410759E-5
0,018619284	0,0033966964
0,016620768	0,0017529423
0,01975064	5,1955227E-4
0,017893113	4,6341773E-4
0,018690638	0,004225321
0,018292477	0,0036276565
0,016645253	0,002151878
0,017471762	2,7676858E-4
0,020268537	0,0014587427
0,015849283	0,004628943
0,017002048	0,0020032465
0,017987546	3,722515E-4
0,020098832	0,0031762747
0,015960567	4,904149E-4
0,017948821	8,611083E-4
0,018526956	1,86014E-4
0,01823068	0,0038226834
0,015862612	0,0012441543
0,019559	5,5832416E-4
0,019426776	0,0018899739
0,014945449	0,0026048073
0,01859671	1,7994829E-4
0,018265974	9,806473E-4
0,018523475	0,002390923
0,017671542	6,4321235E-4
0,019267254	0,002785177
0,0149062965	0,0017489321
0,018779553	0,002027424
0,017891344	0,001384398
0,017557278	5,2293297E-4
0,018639117	4,8851874E-4
0,016467616	0,0042498223
0,018683948	5,687019E-4
0,01912672	0,0013393657
0,01534074	0,0010580993
0,019853208	0,001905839
0,017738227	0,002257809
0,016998462	8,267257E-5
0,0190871	0,0024424251
0,019207053	9,975955E-5
0,014973873	0,001904367
0,018989015	1,351703E-4
0,017553303	0,0033215382
0,018058069	8,619232E-4
0,015658177	3,3641513E-4
0,01923941	0,00201808
0,01614125	0,0018839417
0,01985585	7,6381303E-4
0,017693505	8,776868E-4
0,017467242	7,581515E-4
0,018008977	0,0011499999
0,01889568	0,0021317992
0,017958678	8,1248395E-4
0,01672569	0,0023329789
0,017564915	5,3336844E-6
0,01724483	3,3352803E-4
0,01437963	0,0021685418
0,018601213	2,410179E-4
0,019602563	0,001651193
0,017510157	0,0015570549
0,019310165	0,002599393
0,018065799	3,991844E-4
0,016524602	4,6603847E-4
0,018045302	0,0025119176
0,016452258	0,001265909
0,019510843	0,0011565443
0,01795914	0,0012105275
0,015656251	0,001017441
0,018477641	0,001758528
0,017918788	8,803308E-4
0,015891004	0,0021652048
0,017555963	4,0988717E-4
0,019408626	0,0028312877
0,017331602	6,573647E-4
0,018964726	0,0024422556
0,016694255	2,0440668E-5
0,020600753	0,0028094947
0,01557591	0,0012088832
0,020012587	9,1420393E-4
0,018661862	0,00272917
0,018066993	0,0014740825
0,014650993	0,0020466484
0,019272715	0,0024810694
0,017607193	0,0023348709
0,016776385	0,0025128066
0,018670779	0,0038535642
0,018618893	0,0019351635
0,020287443	0,002036062
0,016385376	7,386599E-5
0,018491963	0,0012742523
0,017401136	0,0036595115
0,019409105	0,00224799
0,0145957135	0,0016792831
0,01798286	8,265255E-4
0,019001663	0,0025299182
0,016871776	3,0321535E-4
0,015935803	0,0020480845
0,018461786	0,0030206018
0,019435715	0,0027283318
0,021983711	0,004680056
0,014127872	0,0020148484
0,019610554	0,0027768584
0,018019538	0,0014076764
0,018087903	0,0010476336
0,017778514	0,0013924502
0,016793827	0,0023065717
0,016552078	0,0015608263
0,018050889	0,0027943365
0,02031514	0,0026617134
0,017548867	0,0017330227
0,014956132	0,0018293262
0,019055504	0,0021878956
0,019581428	0,0016099811
0,01616893	0,0015524379
0,014700539	0,0025611036
0,021354996	0,0021671448
0,017721672	0,0010819519
0,01758935	8,104099E-4
0,018374976	8,6626504E-4
0,017994408	0,0035834052
0,01685283	0,0020680288
0,020181544	7,501645E-4
0,015315933	8,0021704E-4
0,0193038	0,0024855398
0,01791136	0,0013175244
0,017871037	0,0010124035
0,017999988	7,408438E-4
0,016866984	0,0025475342
0,018825704	0,0020913314
0,017312624	0,0017955215
0,01895209	6,543379E-5
0,016583778	5,6542736E-4
0,017220449	0,0020030504
0,020485356	0,0031526182
0,016320825	5,101422E-4
0,020060506	0,0014381539
0,016537985	0,0024654698
0,01783728	0,0012913309
0,016739435	5,4880045E-5
0,019275833	3,3644028E-4
0,01797848	0,0032571
0,017064033	0,0020091445
0,018550117	5,0009415E-4
0,014493482	0,0023424192
0,017845653	0,0034127939
0,016765317	0,0047771516
0,016264759	0,0014340482
0,018677073	3,1583197E-4
0,017541774	0,0027510496
0,01808073	2,0799413E-4
0,018986966	0,00221641
0,018015858	0,0014505172
0,01789686	9,072805E-4
0,017081968	2,602646E-4
0,018351197	0,0016159927
0,017916126	0,0011950694
0,01973093	0,00280572
0,015536069	0,001228339
0,017880488	0,0011789547
0,01832043	0,0016546715
0,019932706	9,7119156E-4
0,015912583	0,0027810275
0,016399432	6,773183E-4
0,018385414	0,0013011256
0,018633582	0,0018792478
0,018809848	0,0021226546
0,017253546	4,9629435E-4
0,017289484	0,0015406795
0,016358342	0,004042366
0,018168893	0,001308878
0,017495515	0,0013679974
0,015922928	0,0045306305
0,019277524	7,9789665E-4
0,017486209	6,719474E-4
0,01779443	0,001241398
0,02016553	0,0012115082
0,017540898	0,0016072886
0,015903117	9,1026723E-4
0,01756917	0,002952795
0,018014174	1,3849419E-4
0,017496608	6,4563006E-5
0,021428477	0,0046615917
0,01761201	7,249797E-4
0,018592127	2,5939383E-4
0,017920284	0,003381705
0,01445598	4,8060762E-4
0,020484801	0,002038478
0,018458432	0,0015578959
0,018451512	0,0039259894
0,018186685	0,0019886242
0,019304812	1,0306854E-4
0,018562239	5,0285086E-4
0,018524775	0,0030598561
0,017277498	5,340697E-4
0,017555445	5,429499E-4
0,018090859	5,263919E-4
0,017116575	0,004918545
0,019008849	0,0021377662
0,019046424	1,661852E-4
0,014631478	0,0012751273
0,017250396	4,9248245E-4
0,020281065	0,0025999947
0,017960394	7,20609E-4
0,018794958	0,0026838258
0,015901418	9,185192E-4
0,018748712	5,936632E-4
0,018503817	0,0032089935
0,015510669	0,0013210028
0,018319853	7,092599E-4
0,01822504	0,0061409217
0,017135477	8,948874E-4
0,017162051	6,7602564E-4
0,017698023	0,001200729
0,019194774	0,0023613079
0,019000918	3,8176775E-5
0,018320635	0,0039457045
0,016089533	3,9003137E-4
0,019504027	0,0015438311
0,017610574	9,1431476E-4
0,019799747	6,421292E-4
0,016724434	0,0017256676
0,017951665	0,0017451998
0,0157861	0,0013445267
0,018582422	0,0024769586
0,019127313	1,8320698E-4
0,014260178	0,001228156
0,018330034	2,1677185E-4
0,01887063	1,6249064E-4
0,017306715	0,0024700765
0,016740631	0,0019879173
0,019061103	0,002108802
0,018922383	0,0018765368
0,0184824	5,2426755E-4
0,016694397	0,0025114315
0,019876841	0,0015943768
0,020439066	2,4786219E-5
0,01636751	0,0010376731
0,014195971	0,002698502
0,020588428	8,700723E-4
0,01955491	0,0025003506
0,017067011	9,094244E-4
0,017210608	0,0019638054
0,017987078	0,0032522194
0,01902688	2,4386309E-4
0,020791505	0,0016374458
0,014904978	0,0041293874
0,017754786	9,044772E-4
0,018186335	0,0030717598
0,017004073	0,0023252098
0,016759474	0,0018768357
0,020374972	0,003016105
0,018750444	0,0020915465
0,01616292	0,0011384301
0,020419547	0,0042678826
0,017070912	2,998896E-4
0,015729032	9,754673E-6
0,019140039	0,0025185868
0,019055529	0,0011222344
0,017950863	0,001314465
0,016468927	0,0023772875
0,017266318	0,00194225
0,018021304	5,6117773E-4
0,019159634	0,0026542125
0,01734075	8,437531E-4
0,016722592	0,0013016812
0,0168774	3,1763315E-4
0,018195353	0,0013025953
0,019481357	0,001069841
0,016067	0,0029488634
0,017975762	7,935818E-4
0,017500749	0,0035948134
0,018618897	0,001858416
0,01626293	4,4709723E-4
0,018364191	0,002235393
0,017092455	2,6194844E-4
0,015981873	0,0036501773
0,018824376	0,0022525396
0,018821374	1,1817366E-4
0,015992554	0,0010167044
0,017390922	0,0029846942
0,018729964	0,001147775
0,018668458	5,07595E-4
0,019134399	1,398921E-4
0,015241539	0,0038712802
0,017234642	0,0020790687
0,019868257	0,0012282468
0,018033111	0,0035115187
0,014886815	1,7097313E-4
0,019020315	1,1174474E-4
0,018301947	7,713735E-4
0,019411344	0,0019340804
0,017346011	0,0039704754
0,016771916	0,0017559463
0,017804755	7,9515576E-4
0,017945405	0,0039423555
0,017311048	0,0016129753
0,015224269	1,4947401E-4
0,01830296	0,0026248693
0,017875329	0,0024233134
0,01600419	5,740775E-4
0,016772678	1,615826E-4
0,020062763	0,0035050036
0,016799241	3,4424476E-5
0,018790431	3,9897952E-4
0,015509753	3,682375E-4
0,017611746	0,0032313531
0,019551441	6,3847005E-4
0,01708637	0,001910496
0,017211314	3,030235E-4
0,01770821	0,0014164168
0,020013964	0,00133707
0,016290756	0,0038423445
0,016138498	0,0013080491
0,021742668	0,0032222485
0,016418051	0,0012556962
0,014780133	0,0016716504
0,020034239	0,001777933
0,01850836	0,001985279
0,017408587	9,220494E-4
0,018592104	0,003185899
0,018469352	0,0011594249
0,017649245	0,0029263222
0,017170593	4,9002934E-4
0,017866123	9,038206E-5
0,017279103	6,697932E-4
0,018387642	0,0017275056
0,018761378	8,60394E-4
0,018423624	3,4406316E-4
0,015522979	0,003498597
0,016898911	3,8640015E-4
0,018872611	0,0019095661
0,018142577	1,3528392E-5
0,019055177	0,0017893361
0,017188897	0,001903025
0,016198749	0,001189243
0,018069828	0,0028486736
0,015362635	0,003851049
0,020104658	9,627016E-4
0,018194806	4,1172374E-4
0,015152119	5,3553073E-8
0,019368	0,001031761
0,02100537	9,864476E-4
0,016471092	0,005339616
0,01766778	7,976461E-4
0,01718273	0,0026425472
0,019433679	0,0030009616
0,02056181	4,823599E-5
0,0171183	0,0019689589
0,015940418	0,0011775526
0,020803649	6,643785E-4
0,018893644	0,0039205533
0,018282227	0,0032931091
0,018980838	9,597922E-4
0,01660879	0,0020776303
0,019427635	0,0033590626
0,018250808	0,0043873144
0,018792935	0,0020523109
0,01669893	0,002320223
0,017907126	0,0012686998
0,019356068	0,0021604216
0,016545981	3,9462838E-4
0,018064834	0,0010523554
0,020734413	0,0017382
0,016265675	0,0015226221
0,014897407	9,362586E-6
0,020685088	5,376348E-4
0,016975585	0,002336123
0,017091116	0,0019904207
0,016857138	0,002157379
0,018991053	1,9739475E-4
0,017570507	0,00364983
0,018281758	0,0013233405
0,01616806	0,0030406155
0,018371131	7,4506924E-4
0,018132014	9,3036145E-4
0,017693648	7,5683556E-4
0,015552878	0,003552597
0,019639153	0,0016376907
0,018496126	6,1579514E-4
0,017198795	0,0018050373
0,019621952	8,103978E-4
0,015578549	4,9811276E-4
0,018542217	0,00233889
0,017587308	3,6400184E-4
0,016645798	0,0020759501
0,017686093	0,0036251326
0,018628828	0,0028080642
0,018796146	3,6901422E-4
0,016761515	2,239449E-4
0,017943732	0,0011551687
0,018780109	0,0020210603
0,018907372	0,0014309445
0,016225105	6,81445E-4
0,016025284	0,0040770154
0,018795308	0,0012189746
0,018573225	3,5864487E-4
0,01628352	0,0044760904
0,019037003	0,0011527948
0,018553281	4,5113824E-4
0,01814778	0,005753547
0,016534124	0,0022079535
0,018169586	0,0012363577
0,016465647	0,0023230067
0,017477065	0,0029747295
0,018978328	0,0011020461
0,01845758	5,425615E-4
0,015515769	0,0032655955
0,018995788	0,0017878124
0,017916039	2,3211353E-4
0,015473254	0,002424371
0,021588843	0,0020394903
0,01657142	0,0031167543
0,018826742	0,0017581154
0,017305393	5,1459763E-4
0,018152516	8,0094766E-4
0,018691305	0,0026374217
0,017463366	7,1687065E-4
0,018463196	0,0017687939
0,019775305	7,639928E-4
0,016107492	9,041573E-4
0,016134255	0,0014778832
0,019639518	6,447397E-4
0,017517326	6,9579855E-4
0,014953217	0,0030512516
0,018257342	0,0015303157
0,0175209	8,0004614E-4
0,017245758	5,106153E-4
0,018437639	0,0016382458
0,018461805	0,002093385
0,016581412	4,983777E-4
0,02061798	0,0038582766
0,022057928	0,0050481185
0,017662596	0,001379651
0,01747433	3,1328388E-4
0,016513806	7,231431E-4
0,018089846	0,0012530098
0,01866541	0,00190954
0,017206125	4,4725742E-4
0,01719107	0,0028064176
0,017660186	0,0011682725
0,017758083	7,8001805E-4
0,017135039	5,351985E-4
0,016586121	1,13481656E-4
0,01860502	0,0016785003
0,017866174	0,001188064
0,018222429	0,0014728103
0,016511668	3,5116076E-4
0,018268839	5,424153E-4
0,017273761	0,0035349107
0,020204654	0,0027821641
0,016286	4,4591073E-4
0,017301828	4,2772572E-4
0,019496858	0,0043081366
0,016263386	0,0010991967
0,018785223	0,0011441456
0,019660786	0,0028363615
0,017539391	9,935871E-4
0,017175876	0,0011341656
0,019149087	0,0017132256
0,01742831	0,0019544703
0,016323784	8,441191E-4
0,018991513	0,002004372
0,016948119	8,021761E-5
0,017873757	0,0012890315
0,019085027	0,002226661
0,016834553	1,5101489E-4
0,01966142	0,0017392626
0,017201032	0,0017514662
0,016197275	9,665252E-4
0,019939078	8,7104924E-4
0,01868786	5,5531133E-4
0,01572457	0,003593441
0,018212564	7,0061814E-4
0,01627604	0,0023632562
0,018164255	0,002261933
0,018502668	0,001775817
0,017536737	7,525282E-4
0,018397067	0,0014372189
0,01718598	0,004100269
0,016541906	0,0020344327
0,018440835	0,0012594536
0,016803442	0,0043939166
0,018626839	5,1567424E-4
0,016062964	0,002945113
0,01801675	8,181315E-4
0,020213854	2,9316265E-4
0,017169595	0,004090135
0,016609002	8,720327E-4
0,016283598	6,533982E-4
0,017245457	4,5831222E-4
0,019630723	0,003008347
0,018556658	7,875711E-4
0,016953733	0,002518111
0,018975038	0,0022311118
0,017694943	0,0012830356
0,015644083	0,003608422
0,019070148	0,0026582927
0,016439512	0,0030268598
0,01929172	0,0020044837
0,018018229	0,0010129455
0,016646113	0,0021357597
0,016598366	0,0024884702
0,017893896	0,001064905
0,015646825	0,0036617983
0,018838817	6,9546886E-4
0,020252544	0,002377334
0,019242987	8,712141E-4
0,017025955	0,0018277792
0,016879436	0,002307565
0,018226264	8,955207E-4
0,017364958	0,0017293412
0,017979188	0,0011230912
0,018030798	0,0012173913
0,018149465	9,487504E-4
0,01807971	0,001659194
0,018874636	3,9797835E-4
0,015920687	0,0010161893
0,017036295	0,0020448472
0,01781492	0,0014591329
0,019834518	5,672248E-4
0,015832802	0,0033619297
0,019434858	1,9278936E-4
0,017721664	0,0014307414
0,017302811	0,0013249638
0,017771434	0,0026818332
0,019584455	8,276431E-4
0,017975366	0,0010458268
0,016921308	2,6229303E-4
0,017664056	0,0016564176
0,019760918	0,0017766198
0,01839912	5,590832E-4
0,016509682	0,0044439146
0,019484254	5,268343E-4
0,013256414	0,0010915813
0,01783823	0,0035492703
0,017330468	0,0022853473
0,017607024	0,0036300886
0,018855892	6,4392574E-5
0,01642149	3,0113943E-4
0,017076086	0,0044295164
0,018610926	6,873477E-4
0,018431772	5,8628526E-4
0,01569714	0,0036004134
0,019353516	1,9204803E-5
0,017238565	6,507356E-4
0,018060056	0,0022067279
0,018579006	4,337458E-4
0,017127259	0,001106225
0,018377863	0,0017231666
0,01831694	8,090744E-4
0,017609816	0,0015200153
0,017883474	0,0012100916
0,019529395	3,3657346E-4
0,0159927	0,0030181543
0,019158863	9,871507E-4
0,017448243	5,641626E-4
0,016424786	0,004002155
0,020074159	9,7595435E-4
0,017879296	0,0015245825
0,015567839	8,587595E-4
0,017939968	0,0012678094
0,018605325	0,001870539
0,019555151	8,937977E-4
0,015748804	0,0030248873
0,018762942	0,0019251471
0,017139643	0,0021501752
0,017783128	0,0036540478
0,018667307	3,8092118E-4
0,018722799	4,2117853E-4
0,016285058	0,0035019605
0,018466424	0,0022145147
0,017674062	0,0026446846
0,016559867	0,004294419
0,018696796	0,0011443766
0,016158711	0,0013854601
0,016418088	0,0013563088
0,021211885	0,0014158032
0,014829142	6,794925E-4
0,017699044	0,0020064423
0,020255432	7,6015666E-4
0,016941471	0,0022917963
0,018396435	0,0023841206
0,016631667	6,224066E-4
0,018201474	0,002544132
0,015841119	5,816482E-5
0,01875163	0,001449788
0,019010562	5,1846076E-4
0,01729902	0,0038578026
0,019294769	8,772807E-4
0,017069746	0,0013699336
0,017769821	0,0029020617
0,017053148	0,0028023967
0,017517585	0,0014602738
0,01710663	5,3629745E-4
0,017567575	0,003812157
0,020590907	9,6029043E-4
0,014488783	8,562999E-5
0,017844219	0,0014037108
0,01813802	0,0012980308
0,018934024	0,002141606
0,017910749	0,00134476
0,017986517	0,001155043
0,016384326	9,720214E-4
0,017249934	0,003682523
0,018247742	9,2854444E-4
0,019986715	0,001497345
0,015707968	0,0011306521
0,016786065	0,0021119681
0,019928847	6,1019324E-4
0,017057968	0,0019269884
0,0171671	0,0031048232
0,019446796	0,0012090914
0,018488593	8,492032E-4
0,019214395	0,0017001005
0,017384315	2,524648E-4
0,01693079	0,0020532287
0,01842281	8,314289E-4
0,018556312	4,227711E-4
0,018179584	0,0037220954
0,015390037	7,056687E-4
0,019129446	1,6056001E-4
0,020371892	0,0011905814
0,01810709	0,0010366645
0,018266503	6,677611E-4
0,018523084	5,646311E-4
0,017916162	0,0012227865
0,014623724	0,0027202968
0,019021226	0,0017575733
0,020951811	4,4669956E-5
0,016995408	1,9800011E-4
0,016446799	0,0026380508
0,018230207	0,0014435984
0,01814184	0,0014628647
0,016897094	4,157154E-4
0,018923849	0,0019881502
0,019049497	4,1265227E-4
0,018697418	0,0023456085
0,014100397	0,0021785926
0,020709261	7,527368E-4
0,015544917	0,0012473003
0,018436814	0,0038327095
0,01613684	6,0958974E-4
0,018711345	0,0023643244
0,018613778	2,2526737E-4
0,015167544	0,0015792991
0,019646429	0,0019355956
0,018100757	0,001080418
0,018953603	3,2268092E-4
0,017884659	0,0013104714
0,016791515	0,0022547417
0,016846221	0,0023374255
0,019003924	1,317868E-4
0,018262725	7,725926E-4
0,017694045	5,571684E-4
0,01658231	0,0020550843
0,019114893	0,0024177888
0,019003186	8,8129845E-4
0,018341817	5,8951136E-4
0,013672458	0,0011029732
0,019509414	9,753965E-4
0,019115906	0,0023515308
0,020905325	0,0027678628
0,016271016	0,0010400503
0,015638806	0,0023303921
0,017578503	3,8378127E-4
0,021780096	0,0010960726
0,015732998	0,0017535482
0,016132474	8,003032E-4
0,018541137	0,0022471827
0,017982475	0,0012249155
0,01937104	0,0021216637
0,01732497	7,6877326E-4
0,017688777	3,280025E-5
0,018408911	0,0029559494
0,017032428	0,0024297591
0,015544292	0,0013293014
0,017670624	0,0011073528
0,01913923	2,520047E-4
0,016704675	0,0023903009
0,018707655	0,0022864612
0,017144779	3,4962408E-4
0,017459854	6,2502734E-4
0,014483139	0,002632115
0,022461195	0,0024721948
0,019148402	0,004715323
0,01731514	0,0027450495
0,018558692	5,7586003E-4
0,017398925	4,9983896E-4
0,016582867	0,0022783163
0,018136622	0,0018103775
0,018796246	2,6030373E-4
0,014509531	0,0011570058
0,01964413	0,0044433475
0,016312964	0,0013145539
0,017071478	7,1808137E-4
0,020675946	0,0016142838
0,015653502	0,0035086023
0,016875647	1,0532513E-4
0,019870928	4,3071806E-4
0,021510115	0,0022779778
0,015221706	9,762249E-4
0,015214233	0,0039019436
0,017952852	4,450474E-4
0,017810043	0,0021669436
0,01743416	0,0028108736
0,01963152	0,002397839
0,018061694	0,0013962975
0,017369445	0,0018135053
0,017890103	0,0012089945
0,01730129	0,0025248616
0,020063605	7,77781E-4
0,017095251	0,001973737
0,017282566	4,6676025E-5
0,017331045	0,0015034704
0,018197577	0,0010443563
0,016350862	0,0049214885
0,019764561	0,0011209752
0,01716314	0,002508921
0,016706012	4,7119986E-4
0,019048503	0,0011723414
0,017394945	7,6373015E-4
0,016693164	2,7478114E-4
0,018275447	0,003168046
0,017157417	0,0023681442
0,01688901	8,880561E-4
0,019276666	0,0014879126
0,018716952	3,020279E-4
0,014531905	0,0016987771
0,019345246	0,0012503462
0,020448294	4,205983E-4
0,015075682	0,0015837238
0,018410586	0,003975575
0,018682692	9,872252E-4
0,017660415	0,0014245063
0,018757775	0,0018502744
0,017280545	0,0016287295
0,01641636	0,0011969418
0,01894142	0,001904713
0,020162236	1,3455469E-4
0,015484733	0,002204503
0,01651635	0,0017348505
0,019954385	0,0021434333
0,01852417	0,0019228635
0,017995525	6,846059E-5
0,019202087	0,0011049584
0,017056331	0,0028331308
0,015958708	5,537048E-4
0,017724723	5,698018E-4
0,019459803	0,0037405947
0,019657506	5,1036477E-4
0,018950487	3,0534342E-5
0,014692647	0,0022034054
0,016070703	0,0018279944
0,017659787	6,9283973E-4
0,016027138	0,0017320369
0,018472962	0,0027061133
0,018568128	9,4594713E-4
0,017659195	0,003852819
0,018689584	2,0551588E-4
0,015705716	9,0597896E-4
0,018159479	0,0013016732
0,018804803	0,0018996969
0,01777425	0,0010382617
0,018337173	0,0016027316
0,017118994	1,7206836E-4
0,01665347	5,982723E-5
0,02041547	0,0036264183
0,017536892	7,157717E-4
0,016979272	5,1278993E-4
0,016176794	0,0042175436
0,01955863	0,0016866243
0,019260315	0,00120431
0,016273918	1,8589199E-5
0,017097399	0,0013707718
0,018704336	5,4588635E-4
0,018305482	0,0020755827
0,020702833	5,8720075E-4
0,01711789	0,003121486
0,016772179	0,0011961702
0,016297359	7,6756114E-4
0,020390024	9,571053E-4
0,017218035	0,0019662185
0,019037303	0,0034227674
0,016994411	0,0012468956
0,017294936	0,0019560056
0,021332951	3,3584423E-4
0,016330604	0,0025593755
0,016687995	1,5803613E-4
0,017953753	0,0012850603
0,018059772	0,0013874639
0,018075326	0,001095729
0,018591836	0,0017525433
0,017336383	5,2101817E-4
0,017773552	0,0011004284
0,018146455	0,0014228364
0,018435959	0,0016641775
0,01854553	0,0016171848
0,01741544	0,0017177165
0,017558353	2,4102442E-4
0,018933425	0,0019524489
0,017926283	0,0012724623
0,017979432	0,0011541443
0,017958974	0,0011860952
0,017004134	3,1532347E-4
0,018844381	0,0020729816
0,017933033	0,0012026662
0,017912492	0,0011478746
0,018090721	3,4159143E-4
0,017683677	0,002793965
0,016491037	5,9452746E-4
0,01876339	8,6498726E-4
0,01949988	0,002969752
0,016421659	4,268866E-4
0,016583376	1,769932E-4
0,018949771	0,0021410678
0,018159669	0,0013607005
0,01907645	0,0024536233
0,017728684	9,7011216E-4
0,016503844	6,818706E-4
0,019225523	0,0015945332
0,01919776	2,0340458E-4
0,015807118	0,0014276984
0,016680516	0,002082442
0,018479444	8,159559E-4
0,018643105	3,3429824E-4
0,018384147	0,0019663442
0,0170454	2,9673427E-4
0,018619653	0,0010254132
0,016041975	0,0033729868
0,019546853	0,0034171958
0,019108001	7,090522E-4
0,01756256	6,6728424E-4
0,01670466	0,0010638805
0,01934162	0,0017004125
0,017985407	0,0011148937
0,017788216	0,0011407323
0,018100265	9,914739E-4
0,015417319	0,003202917
0,019370833	0,0024220329
0,019001924	8,191634E-5
0,014342629	0,0021383902
0,021144489	0,0021273494
0,01722664	3,8451422E-4
0,020057455	0,001444201
0,015656918	0,0011369283
0,019200174	0,004106373
0,021137308	0,0026669744
0,01418427	0,002774239
0,01882055	0,002369999
0,019243572	0,0022786306
0,018833004	9,675706E-4
0,017502077	0,0018158183
0,015309313	0,00298897
0,01778834	9,735115E-6
0,01848399	3,15452E-4
0,016044997	7,53473E-4
0,01800602	1,5609153E-4
0,019249778	0,002292565
0,01912915	0,0025745584
0,01632278	0,002811246
0,016381245	0,0042780293
0,020887591	4,5638718E-4
0,017285481	0,0028364644
0,018023014	0,0011601755
0,016383747	0,0019829725
0,018459361	6,6633616E-4
0,018894484	0,0023871064
0,01819582	0,0015229256
0,015716108	0,0011973679
0,018414535	0,0018036207
0,018332805	0,0013263812
0,018960178	5,354872E-4
0,016056813	0,0029774131
0,020052366	0,0013078367
0,01906934	0,0025119493
0,018352346	0,0039923103
0,014824605	3,2894453E-4
0,019239306	5,5927224E-4
0,017164815	9,844704E-4
0,016950887	0,002101197
0,020023938	0,0015891558
0,018432882	7,70119E-4
0,01855607	5,668672E-4
0,015646819	0,0012884797
0,016842926	0,0023566787
0,018648524	0,001584162
0,019400233	6,679315E-4
0,016578002	0,0024123695
0,015886638	0,0011043036
0,01770517	0,001214344
0,019165326	1,2822635E-4
0,016926214	0,0044623795
0,01690881	0,0017542327
0,020869248	0,0037821447
0,018124804	0,0014726976
0,018685455	0,0019475129
0,017308062	0,0015497413
0,015696472	0,0010860781
0,01691874	0,0023044054
0,021441456	0,0027670506
0,016333498	2,8763898E-4
0,01689563	1,16995536E-4
0,021432139	5,7306234E-4
0,01673065	1,9762665E-6
0,015408393	0,0023024362
0,019960986	6,0028024E-4
0,018488863	0,001233723
0,014520122	0,0022545434
0,020157538	0,0013399841
0,018241864	0,0010098545
0,01646104	0,004032942
0,01767319	8,7011326E-4
0,019478418	0,0017345976
0,014467031	0,0029675006
0,01726197	9,19573E-4
0,0168597	0,003345245
0,018514382	0,0017107129
0,01670131	6,1013736E-5
0,021036867	2,8791185E-4
0,016978607	1,1849031E-4
0,018077893	0,0029465198
0,015488625	0,0013027447
0,018896094	9,5748715E-4
0,01861201	7,4220076E-4
0,01857321	0,0023711016
0,016271863	0,002802488
0,016368749	5,4320507E-4
0,01822823	0,0016313558
0,019888755	9,6556265E-4
0,015689787	0,0014332999
0,019068897	0,0021411953
0,017748892	0,0012720888
0,016448028	7,7174325E-4
0,017740216	4,2344444E-4
0,018164352	0,0019909712
0,015906308	0,0028579752
0,019582644	0,0023921812
0,01867037	1,9270927E-4
0,016317658	6,8472046E-4
0,017016258	0,0021419572
0,01947502	0,0020736651
0,015254788	7,2898576E-4
0,02072971	3,2788608E-4
0,018964158	0,0011581816
0,014481094	0,00243526
0,017347528	0,0024934877
0,020919953	6,973557E-5
0,015787752	0,0013493323
0,017650079	0,0010894276
0,018862538	0,002042015
0,017920287	0,0012754146
0,017331772	4,3742638E-4
0,017856803	7,9664774E-4
0,018926982	5,94561E-4
0,01640762	0,0026883287
0,019368574	3,103288E-4
0,015178031	0,0031058947
0,017338043	4,5772083E-4
0,019553851	0,0032024821
0,016326386	8,5204747E-4
0,017645761	4,8824586E-4
0,017959788	0,0030415277
0,019334402	1,806682E-4
0,014469506	0,0022170688
0,021142703	4,2045116E-4
0,018868806	0,002188908
0,014830703	0,0017339527
0,017602902	0,0011467095
0,017876824	0,001152629
0,01800406	3,3489894E-4
0,01572139	0,0016325209
0,020680146	6,792154E-4
0,017533861	0,0017382149
0,016685825	2,2705365E-4
0,017648522	8,836547E-4
0,017017838	0,0034240773
0,017755358	4,32916E-5
0,017473634	0,0026839855
0,018076481	0,003356326
0,017053043	0,0029616286
0,018302094	0,001976584
0,016024737	0,0018566884
0,017769616	3,728401E-4
0,018835846	0,0026400005
0,016800255	0,0018471377
0,018198814	0,0012745205
0,017566983	0,0013858723
0,019135367	0,0030161766
0,017132962	0,0016136426
0,016415095	0,0021629813
0,01876486	0,001974659
0,01946033	0,0017683785
0,01408148	0,0019111782
0,020037368	1,7307978E-4
0,016402574	0,0049845763
0,022046115	0,005241598
0,020734407	0,0018449221
0,017777458	0,0010521393
0,016093351	5,426472E-4
0,017773509	3,6621653E-4
0,017672874	5,3991564E-5
0,014646402	0,0022421777
0,01970473	0,0018108916
0,016520608	0,0011309306
0,01904533	0,004827819
0,014765448	4,9731415E-4
0,0190196	0,0050187195
0,015776448	6,9291424E-4
0,011798631	4,556994E-4
0,019782234	0,0022073695
0,016447848	0,0014619161
0,013314696	0,0012612767
0,019569434	0,0015083253
0,016628634	9,90036E-4
0,014015868	0,0015007993
0,020829855	4,5653433E-6
0,016803578	0,0025304235
0,016803509	2,7053058E-5
0,018989893	1,9464456E-4
0,017901355	0,0027197772
0,016827691	0,0032240832
0,018064268	0,0011356985
0,018959057	0,0022659628
0,016987544	8,61641E-5
0,018292753	0,0017822105
0,019504208	6,477898E-4
0,015567839	0,0016335291
0,019352162	0,0040355907
0,019605398	2,8640963E-5
0,016939685	7,577492E-4
0,016472224	0,0015655188
0,017059634	0,0014806674
0,018524125	0,0019670008
0,018469851	0,0016227746
0,015386311	0,0014177561
0,019871285	0,0028603692
0,019058146	0,0025867857
0,018182525	8,4151886E-4
0,016069558	0,0013147346
0,019069083	0,0042971643
0,016983353	0,001760087
0,016582131	1,3607461E-4
0,018862545	0,002260889
0,01982519	0,0018602461
0,01808699	8,9696795E-4
0,018065173	0,0027613286
0,017576355	0,0013099043
0,017254867	4,5479368E-4
0,019185795	0,0012160894
0,019707188	0,0018938286
0,01419059	0,0017957888
0,019184884	5,744677E-5
0,017670799	0,0010671122
0,016873296	0,004812342
0,018122554	0,0010578604
0,018848602	0,0021974947
0,01676336	0,002356282
0,01828904	0,0013618022
0,019443586	0,002953603
0,016147748	5,6902925E-4
0,015497562	0,0012256224
0,019368418	2,77251E-4
0,018660748	0,004549245
0,014731517	1,656739E-4
0,018419914	8,4100105E-4
0,018643051	4,672408E-4
0,017767917	0,0012393491
0,020112596	0,003352669
0,017131563	0,0019470039
0,01397239	0,0016977396
0,018442586	7,0939213E-4
0,01988042	0,001391612
0,01752048	0,0038857544
0,01674945	0,0018329797
0,017492838	8,544326E-5
0,01840914	0,001868573
0,016899932	9,358954E-5
0,017466139	0,00180085
0,018493649	6,89446E-4
0,019146178	0,002434766
0,01779418	0,0011164481
0,017246593	3,204774E-5
0,018294465	5,187476E-4
0,016754495	0,002409332
0,019249476	0,001541324
0,017538847	0,0010009408
0,016837012	0,0022436706
0,019902399	0,0016830843
0,01543813	1,4175288E-4
0,01810541	0,0014827289
0,017878717	0,0012070369
0,018858995	2,319999E-4
0,018554658	7,332647E-4
0,017098298	0,0021871799
0,018193623	2,0124204E-4
0,019862851	0,0024848469
0,0172499	0,0010910081
0,017380036	4,9908366E-4
0,013985587	0,0017327075
0,020764891	0,0011452464
0,019571196	0,0013230573
0,01480673	0,002751804
0,01828342	1,4250819E-4
0,016186196	0,0029958677
0,018154964	0,0011992194
0,01967321	0,0011930177
0,017378997	0,0027644234
0,017829634	0,0014120955
0,018629104	1,8318184E-5
0,017221669	0,001973717
0,0177674	9,1957115E-4
0,019727364	1,6878266E-4
0,015763655	0,0032629748
0,019156124	4,9046334E-4
0,01938565	0,0011634743
0,016915012	0,004957554
0,017445784	0,004887144
0,019747192	6,2901527E-6
0,018677047	8,831769E-4
0,018509723	0,001650854
0,01623493	0,004034373
0,019001367	0,0024701338
0,019074766	3,7604943E-5
0,016159398	0,0016502407
0,018308215	0,0011543734
0,01874477	0,0024125343
0,01828752	0,0012799939
0,01772594	0,001158054
0,017424513	0,0019533038
0,01732761	0,003077556
0,019154588	0,0038657025
0,018469043	0,0033087144
0,01887213	0,0020953203
0,01478615	0,0042596906
0,01856463	0,0012649205
0,018033423	4,999861E-4
0,018714076	0,0020670034
0,017404983	0,0019610622
0,018162677	0,0022336673
0,017283998	0,0028978172
0,02019544	7,769372E-5
0,018513504	0,0023558578
0,018332582	5,459478E-4
0,016065191	0,0040386925
0,019603707	9,6912216E-4
0,01885238	4,925607E-4
0,017380573	0,0028546765
0,018863209	0,0032159742
0,018410474	0,0017408114
0,015925314	0,0034076432
0,017276123	3,6079902E-4
0,018496796	4,5753922E-4
0,019820558	9,975489E-4
0,018052526	0,0011872547
0,014756637	0,0026144707
0,020319168	1,2376253E-4
0,01695422	0,0014038846
0,016430028	9,4758254E-4
0,018207463	8,942634E-4
0,018962529	4,8051495E-4
0,016628373	0,0030665947
0,020432238	4,2982865E-4
0,016822776	0,0031228657
0,017135192	2,4395529E-4
0,017950512	0,0010493314
0,019941699	0,0029280046
0,018173952	0,006273359
0,017464463	0,0030085454
0,016420484	1,9305386E-5
0,017839331	0,0041826474
0,019742692	0,0010316037
0,0166648	0,002291401
0,018399015	9,773495E-4
0,019029424	2,2383593E-4
0,019357	0,00358018
0,014936886	9,891344E-4
0,01715954	0,00340408
0,018461972	8,2269777E-4
0,017596934	7,9132523E-4
0,016684646	0,003236005
0,019010264	7,4547715E-5
0,019378014	0,0013428256
0,016427834	0,0013583861
0,018722285	0,004129861
0,020415533	3,2663625E-4
0,014687888	8,387291E-4
0,018157847	0,002661528
0,019138575	8,619027E-4
0,016642574	1,06128864E-4
0,01880862	0,0016433652
0,018312626	0,0018492797
0,019866593	8,063661E-4
0,014925878	0,0035543526
0,019023176	9,380961E-4
0,018583614	0,0019224687
0,01798728	0,001062138
0,016034601	0,0015499559
0,017966226	0,0034513208
0,017991785	0,0011111917
0,01911822	3,692787E-5
0,017980685	0,0012993608
0,016181769	5,696737E-4
0,019715063	5,253209E-4
0,021643516	3,13133E-4
0,015720902	0,0025568455
0,015171665	4,8269518E-5
0,01856472	5,484773E-4
0,016307054	0,005229855
0,017691337	9,068642E-4
0,019076876	6,758608E-5
0,018970653	0,003077574
0,015521726	0,0012890156
0,019189164	1,1132099E-5
0,016520608	0,0052152174
0,021247443	0,0011309134
0,014746693	5,5591017E-4
0,018787377	0,0010573128
0,020530915	0,0019219965
0,017344724	7,255571E-4
0,016162198	0,0020341356
0,016631864	0,005455301
0,019562764	0,0012492556
0,019051544	5,3075142E-5
0,015085137	0,004049395
0,018604659	5,4974575E-4
0,016969627	5,92947E-4
0,016453821	0,004035835
0,018662415	7,989388E-4
0,017708803	8,1371143E-4
0,020357905	0,0025572926
0,017860781	0,0022066822
0,016177021	0,0010558618
0,020503718	4,8363302E-4
0,017948411	0,0010649869
0,015710637	0,003715756
0,021239843	1,06784515E-4
0,018953186	0,001959595
0,014332006	0,0022418895
0,018326163	4,293276E-4
0,020067845	0,0016604504
0,015872404	0,004222528
0,020964194	0,0018339297
0,018869616	2,5421102E-4
0,015990369	8,9334603E-4
0,01949825	0,0026186798
0,021517899	8,571241E-5
0,018771406	0,0018760012
0,012750146	0,00244351
0,020459887	7,224111E-4
0,018366259	0,002278273
0,01622121	0,0028623273
0,018611692	7,034419E-4
0,019148007	4,8209075E-4
0,014009792	0,005209152
0,020023694	3,681574E-4
0,017527478	0,0026460825
0,017022002	0,0020433152
0,019990304	0,0031958409
0,015087565	0,0041329623
0,01823866	8,5342024E-4
0,019609658	0,0026733521
0,020592151	1,4074706E-4
0,01683216	9,28957E-5
0,017249959	0,0021580434
0,016956195	0,002711506
0,018648263	0,0019789757
0,0192449	8,655712E-5
0,0145645365	0,0022268607
0,017571365	7,1046874E-5
0,021896193	0,001448065
0,015298537	0,0036949506
0,018754713	2,8314535E-4
0,01741874	1,5205704E-4
0,016623966	0,0021664845
0,019906484	0,0011561112
0,01850959	0,0017022844
0,018341392	0,0022182511
0,018506143	0,0030952813
0,014412807	0,001874411
0,018117402	5,429806E-4
0,019819606	7,815538E-4
0,015731268	0,0036374023
0,021649405	0,0037252577
0,01656533	0,001823762
0,017080873	0,0018392461
0,014854369	0,0026910966
0,017236952	0,0022162716
0,017210457	3,921045E-4
0,018148474	0,0026670797
0,016356535	5,373256E-4
0,009977853	0,0022269094
