4,68996E-4
4,34191E-4
3,49213E-4
3,33667E-4
4,14424E-4
3,30661E-4
3,65468E-4
3,82835E-4
3,60808E-4
3,89074E-4
2,84136E-4
0,001599323
4,98107E-4
2,44007E-4
2,47158E-4
2,54647E-4
2,47889E-4
2,72895E-4
2,47525E-4
2,52133E-4
2,47045E-4
2,53315E-4
2,47926E-4
2,47565E-4
2,48514E-4
2,51061E-4
2,50447E-4
2,49269E-4
2,51482E-4
2,44943E-4
2,44339E-4
2,42277E-4
2,51696E-4
2,4523E-4
2,52795E-4
2,56348E-4
2,45915E-4
2,68473E-4
2,45746E-4
2,46516E-4
2,56652E-4
2,43216E-4
2,4635E-4
2,43577E-4
2,5239E-4
2,49357E-4
2,49784E-4
2,4033E-4
2,47065E-4
2,45457E-4
2,49248E-4
2,39076E-4
2,45626E-4
2,40984E-4
2,39538E-4
2,37688E-4
2,44861E-4
2,5323E-4
2,48217E-4
2,48471E-4
2,49075E-4
2,44967E-4
2,46119E-4
2,39025E-4
2,64176E-4
2,40549E-4
2,36914E-4
2,60347E-4
2,44268E-4
2,40032E-4
2,51372E-4
2,39634E-4
2,50187E-4
2,48951E-4
2,42289E-4
2,58863E-4
2,47117E-4
2,42598E-4
2,38323E-4
2,40414E-4
2,36028E-4
0,001467486
2,40592E-4
2,40861E-4
2,48094E-4
2,4743E-4
2,45866E-4
2,41386E-4
2,51638E-4
2,47981E-4
2,50197E-4
2,4809E-4
2,51696E-4
2,57379E-4
2,47044E-4
2,42291E-4
2,41434E-4
2,51532E-4
2,46457E-4
2,69033E-4
2,46702E-4
2,38024E-4
2,42739E-4
2,35488E-4
2,37839E-4
2,54206E-4
2,47882E-4
2,4563E-4
2,50988E-4
2,52904E-4
2,49415E-4
2,56013E-4
2,53464E-4
2,53816E-4
2,5168E-4
2,50884E-4
2,62486E-4
2,5056E-4
2,50123E-4
4,03322E-4
4,91752E-4
5,02049E-4
0,001777893
2,5878E-4
2,44703E-4
2,52014E-4
2,50995E-4
2,39689E-4
2,41367E-4
2,39776E-4
2,40011E-4
2,52222E-4
2,45705E-4
2,49931E-4
2,47136E-4
2,48379E-4
2,42992E-4
2,47746E-4
2,50226E-4
2,45807E-4
2,49907E-4
2,51468E-4
2,43032E-4
2,39893E-4
2,41604E-4
0,001382798
2,37551E-4
2,52247E-4
2,38902E-4
2,3846E-4
2,35538E-4
2,48732E-4
2,38558E-4
2,33256E-4
2,33972E-4
2,39922E-4
2,37479E-4
2,37131E-4
2,43227E-4
2,36097E-4
2,55496E-4
2,35361E-4
2,36019E-4
2,37853E-4
2,43762E-4
2,55814E-4
2,62219E-4
2,45864E-4
3,13613E-4
4,94768E-4
5,0025E-4
4,83085E-4
4,86804E-4
2,41391E-4
2,42658E-4
2,44374E-4
2,45391E-4
2,46144E-4
2,5032E-4
2,47724E-4
2,48776E-4
2,31169E-4
2,44525E-4
2,55696E-4
2,44206E-4
2,35958E-4
2,36449E-4
2,41397E-4
2,37447E-4
2,31766E-4
2,36869E-4
2,42401E-4
2,45373E-4
2,38368E-4
2,38187E-4
2,40761E-4
2,4574E-4
2,41693E-4
2,48299E-4
2,47609E-4
0,001501071
2,60287E-4
2,47372E-4
2,46528E-4
2,63531E-4
2,34971E-4
2,48957E-4
2,47466E-4
2,49559E-4
2,33567E-4
2,39311E-4
2,36842E-4
2,34003E-4
2,38994E-4
2,45559E-4
2,44772E-4
2,41632E-4
2,35537E-4
2,38599E-4
2,39604E-4
2,43211E-4
2,44288E-4
2,36374E-4
2,40905E-4
2,9262E-4
4,82862E-4
4,74917E-4
4,70659E-4
4,92314E-4
2,43844E-4
2,40018E-4
2,33523E-4
2,40186E-4
2,41237E-4
2,41021E-4
2,38799E-4
2,47082E-4
2,39909E-4
2,62038E-4
2,4602E-4
2,48282E-4
2,42319E-4
2,46517E-4
2,43015E-4
2,44799E-4
2,50416E-4
2,55303E-4
2,64386E-4
2,53602E-4
2,43624E-4
2,48404E-4
2,53421E-4
2,40865E-4
2,4163E-4
2,41611E-4
2,69174E-4
2,46888E-4
2,48248E-4
2,68587E-4
2,52504E-4
2,45836E-4
2,47501E-4
2,39511E-4
2,38315E-4
2,36178E-4
2,37947E-4
2,46978E-4
2,40264E-4
2,42872E-4
2,46316E-4
2,41697E-4
2,39847E-4
2,43947E-4
2,42812E-4
2,49957E-4
2,40202E-4
2,4371E-4
2,4308E-4
2,43819E-4
2,50451E-4
2,44573E-4
2,4541E-4
2,44737E-4
2,43598E-4
2,45167E-4
2,48917E-4
2,46333E-4
2,49408E-4
2,45228E-4
2,40162E-4
2,68207E-4
2,32035E-4
2,46691E-4
2,38923E-4
2,37159E-4
2,34348E-4
3,59241E-4
4,71384E-4
4,66495E-4
4,63569E-4
4,67565E-4
4,73043E-4
0,001834893
2,40661E-4
2,47392E-4
2,44051E-4
2,45363E-4
2,4526E-4
2,41423E-4
2,37687E-4
2,50255E-4
2,40524E-4
2,50907E-4
2,51073E-4
2,31012E-4
2,37498E-4
2,35485E-4
2,37035E-4
2,42331E-4
2,63227E-4
2,38626E-4
2,37589E-4
2,35803E-4
2,40472E-4
2,40476E-4
2,40613E-4
2,35133E-4
2,38586E-4
2,36437E-4
2,32563E-4
2,33589E-4
2,34556E-4
2,40589E-4
2,35622E-4
2,34264E-4
2,54987E-4
2,36482E-4
2,52494E-4
2,40328E-4
2,34078E-4
2,36507E-4
2,40834E-4
2,36455E-4
2,39475E-4
2,36194E-4
2,37518E-4
2,36482E-4
2,3683E-4
2,35526E-4
2,50176E-4
2,57046E-4
2,48841E-4
2,41914E-4
2,36396E-4
2,38387E-4
2,38539E-4
2,34313E-4
2,35398E-4
2,35451E-4
2,36042E-4
2,40313E-4
2,3605E-4
2,35582E-4
2,35969E-4
2,37549E-4
2,35179E-4
2,3752E-4
2,36262E-4
2,38392E-4
2,29645E-4
2,33514E-4
2,30616E-4
2,34182E-4
2,45213E-4
2,42792E-4
2,35979E-4
2,38917E-4
2,34814E-4
2,3749E-4
2,4391E-4
2,34905E-4
3,14661E-4
4,75557E-4
4,6888E-4
4,67987E-4
4,65024E-4
4,58939E-4
0,001596263
2,50727E-4
2,44329E-4
2,52501E-4
2,50428E-4
2,44958E-4
2,50711E-4
2,4841E-4
2,63785E-4
2,41997E-4
2,4485E-4
2,50904E-4
2,46224E-4
2,49754E-4
2,5233E-4
2,43111E-4
2,42285E-4
2,44634E-4
2,54066E-4
2,55529E-4
2,52915E-4
2,49555E-4
2,6454E-4
2,39859E-4
2,40117E-4
2,43165E-4
2,38803E-4
2,46607E-4
2,43075E-4
2,60156E-4
2,51006E-4
2,50724E-4
2,57805E-4
2,38553E-4
2,49674E-4
2,4599E-4
2,42325E-4
2,50271E-4
2,47934E-4
2,52614E-4
2,5031E-4
2,56052E-4
2,57031E-4
2,52522E-4
2,82461E-4
2,50481E-4
2,4477E-4
2,45717E-4
2,38213E-4
2,35508E-4
2,37071E-4
2,31024E-4
2,39574E-4
2,4458E-4
2,44871E-4
2,46032E-4
2,3343E-4
2,52002E-4
2,37941E-4
2,47486E-4
2,38451E-4
2,50305E-4
2,39268E-4
2,47872E-4
2,67769E-4
2,48764E-4
2,46382E-4
2,48596E-4
2,43709E-4
2,32968E-4
2,37067E-4
2,34572E-4
2,34041E-4
2,35574E-4
2,41753E-4
2,42046E-4
2,36938E-4
2,4079E-4
2,39934E-4
2,43613E-4
2,39582E-4
2,39976E-4
2,53734E-4
2,41611E-4
2,48357E-4
2,40519E-4
2,64153E-4
2,4817E-4
2,43549E-4
2,45076E-4
2,52316E-4
2,47496E-4
2,45592E-4
2,46632E-4
2,52611E-4
2,47812E-4
2,43704E-4
2,42129E-4
2,60649E-4
2,4772E-4
2,43996E-4
2,44115E-4
2,42803E-4
2,45109E-4
2,44071E-4
2,47815E-4
2,46264E-4
2,40589E-4
2,46273E-4
2,39886E-4
2,41041E-4
2,41667E-4
2,43352E-4
2,43798E-4
2,46945E-4
2,38431E-4
2,56059E-4
2,56471E-4
2,55672E-4
2,51031E-4
2,5701E-4
2,43704E-4
2,38017E-4
2,48142E-4
2,48083E-4
2,48867E-4
2,43149E-4
2,46271E-4
2,48299E-4
2,43751E-4
2,47999E-4
2,49947E-4
2,50761E-4
2,54435E-4
2,4727E-4
2,44095E-4
2,40368E-4
2,39615E-4
2,40549E-4
2,42359E-4
2,39802E-4
2,6487E-4
2,37079E-4
2,31595E-4
2,45502E-4
2,50962E-4
2,47499E-4
2,37233E-4
2,36763E-4
2,45578E-4
2,44176E-4
2,40755E-4
2,41766E-4
2,52672E-4
2,54979E-4
2,44106E-4
2,47182E-4
2,51388E-4
2,4477E-4
2,49534E-4
2,46886E-4
2,64588E-4
2,47431E-4
2,47251E-4
2,50556E-4
2,3689E-4
2,36301E-4
2,45132E-4
2,45793E-4
2,45071E-4
2,35892E-4
2,36411E-4
2,39832E-4
2,4579E-4
2,45813E-4
2,45829E-4
2,41847E-4
2,33225E-4
2,38809E-4
2,37518E-4
2,39112E-4
2,37912E-4
2,41108E-4
2,42412E-4
2,39279E-4
2,45991E-4
2,44432E-4
2,49389E-4
2,40938E-4
2,42307E-4
2,37757E-4
2,38013E-4
2,46901E-4
2,44286E-4
2,37684E-4
2,40482E-4
2,39997E-4
2,46631E-4
2,38354E-4
2,54998E-4
2,42155E-4
2,37629E-4
2,32289E-4
2,36099E-4
2,39265E-4
2,4075E-4
2,4082E-4
2,34342E-4
2,61931E-4
2,40049E-4
2,36966E-4
0,008171395
2,5123E-4
2,41869E-4
2,43023E-4
2,47388E-4
2,35432E-4
2,55997E-4
2,5663E-4
2,47911E-4
2,50549E-4
2,53412E-4
2,62908E-4
2,53654E-4
2,77429E-4
2,44863E-4
2,53545E-4
2,51748E-4
2,79342E-4
2,59665E-4
2,47968E-4
2,46433E-4
2,65214E-4
2,5653E-4
2,48983E-4
2,57114E-4
2,59326E-4
2,45461E-4
2,48924E-4
2,53633E-4
2,54656E-4
2,48925E-4
2,49612E-4
2,72416E-4
3,18024E-4
3,11798E-4
3,07328E-4
2,66847E-4
2,47862E-4
2,80224E-4
2,55315E-4
2,41845E-4
2,42706E-4
2,74948E-4
2,47869E-4
2,51699E-4
2,41813E-4
2,85299E-4
2,99066E-4
2,72231E-4
2,86597E-4
3,10189E-4
3,00936E-4
2,78151E-4
2,62686E-4
2,56862E-4
2,59594E-4
2,57785E-4
2,49459E-4
2,53413E-4
2,69148E-4
2,68769E-4
2,65957E-4
2,71808E-4
2,77519E-4
2,67981E-4
2,62193E-4
2,63956E-4
2,77549E-4
2,61936E-4
2,59566E-4
2,65567E-4
2,71756E-4
2,91711E-4
2,76175E-4
3,01673E-4
2,61534E-4
2,59401E-4
2,68179E-4
2,55224E-4
2,84971E-4
2,53892E-4
2,58058E-4
2,7182E-4
3,09617E-4
2,72104E-4
2,43513E-4
2,49369E-4
2,39998E-4
2,34185E-4
2,32912E-4
2,42755E-4
2,50802E-4
2,42941E-4
2,48405E-4
2,4182E-4
2,46341E-4
2,46816E-4
2,46163E-4
2,33135E-4
2,35022E-4
2,47746E-4
2,34649E-4
2,40005E-4
2,35109E-4
2,37065E-4
2,33868E-4
2,45307E-4
2,39894E-4
2,40551E-4
2,38017E-4
0,001617694
2,35743E-4
2,35089E-4
2,70172E-4
2,43902E-4
2,508E-4
2,54264E-4
2,37524E-4
2,39632E-4
2,48892E-4
2,40579E-4
2,51722E-4
2,35483E-4
2,38313E-4
2,32962E-4
2,39893E-4
2,50791E-4
2,54625E-4
2,39062E-4
2,46472E-4
2,36207E-4
2,79813E-4
2,41568E-4
2,35633E-4
2,3207E-4
2,61712E-4
2,57032E-4
2,49854E-4
2,5849E-4
2,46696E-4
2,48215E-4
2,46321E-4
2,49165E-4
2,54812E-4
2,62007E-4
2,79489E-4
2,74566E-4
2,5321E-4
2,45652E-4
2,44102E-4
2,43458E-4
2,38755E-4
2,44776E-4
2,53285E-4
2,49067E-4
2,59944E-4
2,33917E-4
2,51275E-4
2,47847E-4
2,49321E-4
2,47582E-4
2,52563E-4
2,51401E-4
2,46997E-4
2,46788E-4
2,45765E-4
2,54911E-4
2,48293E-4
2,43659E-4
2,46671E-4
2,45995E-4
2,47606E-4
2,38886E-4
2,37433E-4
2,57816E-4
2,47317E-4
2,4104E-4
2,52821E-4
2,33134E-4
2,59899E-4
2,41637E-4
2,41454E-4
2,37054E-4
2,42806E-4
2,42155E-4
2,39711E-4
2,34463E-4
2,43787E-4
2,58265E-4
2,48189E-4
2,46531E-4
2,50677E-4
2,41379E-4
2,43925E-4
2,41525E-4
2,4492E-4
2,4336E-4
2,43891E-4
2,45712E-4
2,52736E-4
2,39714E-4
2,38358E-4
2,39896E-4
2,49231E-4
2,40538E-4
2,44312E-4
2,4748E-4
2,37736E-4
2,41181E-4
2,53753E-4
2,46778E-4
2,41187E-4
2,36642E-4
2,41813E-4
2,36613E-4
2,37422E-4
2,38977E-4
2,34589E-4
2,40352E-4
2,41676E-4
2,4881E-4
2,56423E-4
2,56424E-4
2,51744E-4
2,48125E-4
2,43925E-4
2,41012E-4
2,37946E-4
2,41695E-4
2,40853E-4
2,4601E-4
2,39647E-4
2,49668E-4
2,59802E-4
2,48045E-4
2,44321E-4
2,48989E-4
2,44257E-4
2,45183E-4
2,46631E-4
2,45285E-4
2,43906E-4
2,51818E-4
2,52632E-4
2,68224E-4
2,49144E-4
2,35827E-4
2,38365E-4
2,42877E-4
2,38884E-4
2,39294E-4
2,33535E-4
2,39852E-4
2,367E-4
2,39946E-4
2,39866E-4
2,38666E-4
2,60967E-4
2,46714E-4
2,52613E-4
2,5095E-4
2,38439E-4
2,37072E-4
2,48698E-4
2,5134E-4
2,45844E-4
2,4578E-4
2,40616E-4
2,46534E-4
2,43875E-4
2,38653E-4
2,37543E-4
2,39528E-4
2,47947E-4
2,50526E-4
2,51911E-4
2,487E-4
2,49651E-4
2,48563E-4
2,49212E-4
2,43715E-4
2,44585E-4
2,48268E-4
2,43971E-4
2,47718E-4
2,41515E-4
2,35712E-4
2,37833E-4
2,35139E-4
2,32231E-4
2,40402E-4
2,35736E-4
2,45711E-4
2,37792E-4
2,39061E-4
2,48344E-4
2,37299E-4
2,3856E-4
2,47426E-4
2,49251E-4
2,63681E-4
0,001500232
2,46727E-4
2,47415E-4
2,49563E-4
2,42731E-4
2,33751E-4
2,37895E-4
2,40374E-4
2,36869E-4
2,38478E-4
2,4183E-4
2,42291E-4
2,42294E-4
2,33253E-4
2,34748E-4
2,37972E-4
2,29347E-4
2,35138E-4
2,3997E-4
2,36685E-4
2,42799E-4
2,3799E-4
2,40082E-4
2,4309E-4
2,38848E-4
2,36389E-4
2,4004E-4
2,35757E-4
2,37334E-4
2,43308E-4
2,43246E-4
2,45615E-4
2,3931E-4
2,38659E-4
2,37989E-4
2,35649E-4
2,36358E-4
2,35106E-4
2,37673E-4
2,36255E-4
2,37629E-4
2,39185E-4
2,38641E-4
2,38538E-4
2,31766E-4
2,38802E-4
2,37665E-4
2,38171E-4
2,42166E-4
2,46446E-4
2,4104E-4
2,47268E-4
2,44921E-4
2,52099E-4
2,46954E-4
2,46257E-4
2,41369E-4
2,44365E-4
2,45523E-4
2,49567E-4
2,48695E-4
2,47136E-4
2,43057E-4
2,48155E-4
2,4287E-4
2,41631E-4
2,40454E-4
2,47469E-4
2,37904E-4
2,37471E-4
2,39262E-4
2,43421E-4
2,46089E-4
2,44265E-4
2,50395E-4
2,44194E-4
2,36156E-4
2,36238E-4
0,001493193
2,47087E-4
2,40069E-4
2,42515E-4
2,48881E-4
2,45313E-4
2,38344E-4
2,51562E-4
2,39948E-4
2,42894E-4
2,39294E-4
2,41193E-4
2,35266E-4
2,36466E-4
2,37052E-4
2,48064E-4
2,46925E-4
2,37145E-4
2,37704E-4
2,35988E-4
2,39932E-4
2,43899E-4
2,40287E-4
2,35547E-4
2,32771E-4
2,33819E-4
2,55724E-4
2,43715E-4
2,40805E-4
2,34989E-4
2,33666E-4
2,38681E-4
2,3858E-4
2,4991E-4
2,55272E-4
2,38361E-4
2,359E-4
2,36631E-4
2,46979E-4
2,35538E-4
2,46131E-4
2,91516E-4
2,62264E-4
2,96971E-4
2,76661E-4
2,70627E-4
2,34956E-4
2,37176E-4
2,43019E-4
2,44238E-4
2,4967E-4
2,57551E-4
2,42576E-4
2,42326E-4
2,46468E-4
2,46005E-4
2,48922E-4
2,44851E-4
2,55307E-4
2,65128E-4
2,44874E-4
2,4058E-4
2,49011E-4
2,4638E-4
2,40636E-4
2,41496E-4
2,68172E-4
2,44935E-4
2,38011E-4
2,54049E-4
2,58553E-4
2,46411E-4
2,38049E-4
2,41376E-4
2,46567E-4
2,42361E-4
2,38117E-4
2,48005E-4
2,4662E-4
2,49045E-4
2,44175E-4
2,45679E-4
2,35197E-4
2,37981E-4
2,46311E-4
2,41467E-4
2,59373E-4
2,42813E-4
2,45226E-4
2,55145E-4
2,43667E-4
2,48342E-4
2,50009E-4
2,44271E-4
2,46071E-4
2,44911E-4
2,4538E-4
2,5034E-4
2,4172E-4
2,42496E-4
2,43396E-4
2,38282E-4
2,39281E-4
2,39401E-4
2,39812E-4
2,32681E-4
2,41551E-4
2,39542E-4
2,48469E-4
2,5927E-4
2,38093E-4
2,42118E-4
2,44733E-4
2,32693E-4
2,51854E-4
2,37653E-4
2,3449E-4
2,32588E-4
2,38698E-4
2,37771E-4
2,36227E-4
2,35198E-4
2,40494E-4
2,49228E-4
2,4335E-4
2,49926E-4
2,4728E-4
2,48669E-4
2,46103E-4
2,45651E-4
2,37253E-4
2,39383E-4
2,50414E-4
2,44029E-4
2,37553E-4
2,61406E-4
2,3669E-4
2,48711E-4
2,45016E-4
2,46349E-4
2,45235E-4
2,68089E-4
2,6438E-4
2,5266E-4
2,41071E-4
2,45617E-4
2,42592E-4
2,59215E-4
2,5615E-4
2,44093E-4
2,4318E-4
2,42961E-4
2,33039E-4
2,42796E-4
2,43696E-4
2,44395E-4
2,56977E-4
2,48158E-4
2,44577E-4
2,41296E-4
2,53253E-4
2,44992E-4
2,49371E-4
2,5337E-4
2,44934E-4
2,78188E-4
2,53514E-4
2,47779E-4
2,64539E-4
2,48551E-4
2,45365E-4
2,428E-4
2,39184E-4
2,4775E-4
2,39737E-4
2,36633E-4
2,3736E-4
2,33533E-4
2,34512E-4
2,36839E-4
2,38927E-4
2,33676E-4
2,37089E-4
2,42253E-4
2,43549E-4
2,36928E-4
2,44993E-4
2,30542E-4
2,36624E-4
2,40563E-4
2,44568E-4
2,39736E-4
2,36509E-4
2,35274E-4
2,38111E-4
2,62734E-4
2,47392E-4
2,60202E-4
2,4742E-4
2,3713E-4
2,39878E-4
2,33477E-4
2,38566E-4
2,35275E-4
2,41763E-4
2,64287E-4
2,42919E-4
2,43948E-4
2,48151E-4
2,66895E-4
2,38794E-4
2,46934E-4
2,52835E-4
2,48363E-4
2,46228E-4
2,46001E-4
2,45713E-4
2,41323E-4
2,43049E-4
2,40296E-4
2,5262E-4
2,45024E-4
2,44646E-4
2,3988E-4
2,47561E-4
2,59193E-4
2,56724E-4
2,46774E-4
2,50408E-4
2,48875E-4
2,40871E-4
2,39942E-4
2,58551E-4
2,37759E-4
2,40097E-4
2,31843E-4
2,3993E-4
2,38739E-4
2,36405E-4
2,39473E-4
2,35677E-4
2,37968E-4
2,36322E-4
2,41197E-4
2,4079E-4
2,50664E-4
2,46186E-4
2,42892E-4
2,48186E-4
2,4531E-4
2,49779E-4
2,43511E-4
2,62607E-4
2,49721E-4
2,55657E-4
2,47916E-4
2,56847E-4
2,50359E-4
2,53557E-4
2,47422E-4
2,47698E-4
2,4008E-4
2,462E-4
2,44023E-4
2,44277E-4
2,45939E-4
2,44253E-4
2,46466E-4
2,3977E-4
2,49178E-4
2,47831E-4
2,53286E-4
2,82537E-4
2,47174E-4
2,59966E-4
2,44037E-4
2,41314E-4
2,39051E-4
2,55415E-4
2,47603E-4
2,54569E-4
2,33291E-4
2,35008E-4
2,38396E-4
2,5031E-4
2,40491E-4
2,37903E-4
2,37697E-4
2,41683E-4
2,40236E-4
2,4624E-4
2,34568E-4
2,3625E-4
2,40913E-4
2,49675E-4
2,39635E-4
2,32468E-4
2,52233E-4
2,32555E-4
2,42963E-4
2,31494E-4
2,51344E-4
2,50123E-4
2,49384E-4
2,52759E-4
2,3718E-4
2,36552E-4
2,35374E-4
2,36237E-4
2,3607E-4
2,34606E-4
2,55903E-4
2,41296E-4
2,44563E-4
2,36154E-4
2,46288E-4
2,39608E-4
2,40346E-4
2,37712E-4
2,36511E-4
2,43074E-4
2,50583E-4
2,48777E-4
2,47133E-4
2,47264E-4
2,40339E-4
2,45226E-4
2,80435E-4
2,35753E-4
2,50532E-4
2,32748E-4
2,41637E-4
2,45417E-4
2,45843E-4
2,37549E-4
2,36721E-4
2,38363E-4
2,35943E-4
2,36612E-4
2,37523E-4
2,4448E-4
2,37626E-4
2,57374E-4
2,5079E-4
2,43744E-4
2,34514E-4
2,45018E-4
2,62861E-4
2,4187E-4
2,38417E-4
2,64355E-4
2,78833E-4
2,33653E-4
2,41328E-4
2,47152E-4
2,40458E-4
2,67076E-4
2,38584E-4
2,52072E-4
2,44383E-4
2,50597E-4
2,45597E-4
2,49989E-4
2,50097E-4
2,44056E-4
2,49455E-4
2,58365E-4
2,43757E-4
2,34787E-4
2,41267E-4
2,43327E-4
2,49621E-4
2,45917E-4
2,61971E-4
2,51886E-4
2,46507E-4
2,376E-4
2,48465E-4
2,36474E-4
2,42603E-4
2,55073E-4
2,37893E-4
2,60168E-4
2,34133E-4
2,35144E-4
2,5252E-4
2,39965E-4
2,36672E-4
2,57467E-4
2,46178E-4
2,58217E-4
2,37828E-4
2,42831E-4
2,46585E-4
2,5125E-4
2,55049E-4
2,62691E-4
2,40551E-4
2,37806E-4
2,42649E-4
2,45035E-4
2,42172E-4
2,41178E-4
2,45572E-4
2,45485E-4
2,39005E-4
2,47295E-4
2,37459E-4
2,39111E-4
2,37896E-4
2,37256E-4
2,3389E-4
2,36035E-4
2,40056E-4
2,41049E-4
2,45435E-4
2,36669E-4
2,39165E-4
2,598E-4
2,41937E-4
2,42482E-4
2,44351E-4
2,45995E-4
2,3965E-4
2,47691E-4
2,48333E-4
2,41033E-4
2,58423E-4
2,46365E-4
2,50186E-4
2,46493E-4
2,49067E-4
2,40158E-4
2,47398E-4
2,44736E-4
2,46553E-4
2,46181E-4
2,42603E-4
2,49163E-4
2,44968E-4
2,45737E-4
2,46516E-4
2,47122E-4
2,43084E-4
2,35515E-4
2,48242E-4
2,46563E-4
2,37181E-4
2,4232E-4
2,33145E-4
2,41656E-4
2,51605E-4
2,61258E-4
2,36366E-4
2,38262E-4
2,36728E-4
2,33651E-4
2,56134E-4
2,43294E-4
2,46935E-4
2,4868E-4
2,41E-4
2,45005E-4
2,47033E-4
2,39853E-4
2,38597E-4
2,32053E-4
2,322E-4
2,32968E-4
2,37707E-4
2,37112E-4
2,48683E-4
2,45216E-4
2,47035E-4
2,44018E-4
2,53101E-4
2,65517E-4
2,38955E-4
2,52238E-4
2,44499E-4
2,39126E-4
2,80665E-4
2,48654E-4
2,44978E-4
2,41523E-4
2,43832E-4
2,39601E-4
2,64232E-4
2,49458E-4
2,49869E-4
2,41706E-4
2,44789E-4
2,51327E-4
2,56498E-4
2,4674E-4
2,39108E-4
2,40821E-4
2,46136E-4
2,3517E-4
2,44229E-4
2,39346E-4
2,4505E-4
2,48176E-4
2,3276E-4
2,47718E-4
2,45245E-4
2,36167E-4
2,3849E-4
2,45838E-4
2,48522E-4
2,55047E-4
2,41702E-4
2,34362E-4
