0,006915345
0,043733416
0,04386053
0,001708858
0,001576512
0,00170426
0,001521226
0,001617999
0,001711591
0,001534351
0,00159972
0,001559972
0,001858479
0,001611613
0,003159598
0,004849501
0,001570477
0,006040857
0,003053878
0,001655369
0,002430398
0,001883599
0,001577328
0,003914481
0,004270488
0,001730453
0,001691386
0,001609001
0,001381193
0,001459206
0,001576175
0,001495411
0,001568415
0,001507575
0,001362342
0,001641522
0,001566561
0,0013983
0,001508757
0,003655888
0,001551082
0,00147411
0,001465514
0,001482227
0,00148546
0,001455569
0,001604916
0,001548054
0,001531605
0,001467541
0,001469831
0,001476498
0,001387596
0,001409346
0,001520964
0,001656237
0,001743578
0,001569222
0,00146495
0,00157974
0,001551562
0,001530264
0,001490709
0,001662015
0,00176056
0,001978492
0,001719785
0,00150406
0,001799735
0,001531011
0,001647227
0,001517373
0,00141233
0,001485922
0,001673228
0,001433068
0,001563034
0,001938243
0,001679754
0,001603837
0,001555236
0,001620113
0,001580348
0,002770479
0,001473316
0,001509624
0,00148092
0,001627598
0,00145405
0,001742484
0,00153578
0,001487019
0,001578364
0,001566539
0,00147092
0,001524253
0,001605383
0,001610411
0,001561548
0,001813426
0,001452377
0,001402631
0,001512397
0,001487179
0,001708138
0,00167961
0,001450923
0,001580632
0,001390981
0,001595945
0,001749306
0,00168188
0,001459378
0,001644198
0,001592933
0,001696367
0,001443339
0,001464809
0,001458764
0,001503799
0,001695413
0,001505012
0,001654756
0,001472424
0,001425812
0,001630465
0,001455803
0,003129886
0,001520807
0,001511135
0,00157058
0,001377974
0,001541783
0,001518938
0,001552475
0,001609284
0,001556765
0,001587128
0,00150556
0,001558894
0,001469586
0,001504374
0,001519234
0,001397044
0,001427826
0,001465921
0,001706322
0,001597748
0,001608035
0,001665963
0,001394188
0,001482459
0,001525976
0,002099529
0,001608449
0,00156674
0,001520253
0,001416248
0,002036664
0,001948718
0,001819867
0,001585549
0,001704783
0,002102471
0,001757177
0,0019235
0,001867192
0,002135677
0,00348309
0,001782686
0,001743478
0,001688904
0,001633196
0,001527445
0,001478912
0,001628874
0,001881947
0,001679291
0,001643193
0,001954029
0,001947684
0,001888806
0,002204225
0,001398882
0,001470813
0,001747554
0,001601227
0,001446392
0,00147777
0,001363197
0,001431976
0,001465916
0,001407849
0,001465482
0,001546897
0,00138601
0,001685766
0,002262432
0,0019153
0,001695039
0,001381698
0,001770507
0,001573216
0,001643234
0,001601191
0,001541435
0,001462943
0,001989174
0,001897018
0,001551889
0,002038088
0,001662505
0,001673845
0,001861419
0,001962382
0,001765619
0,001669331
0,001875022
0,003311738
0,001538013
0,001469619
0,001387153
0,002005047
0,001419403
0,001736026
0,001885414
0,001901945
0,001591142
0,001772252
0,001820084
0,001620594
0,00176566
0,001821436
0,00154156
0,001394272
0,001436191
0,001749927
0,001573791
0,001509267
0,001459943
0,001676152
0,002506764
0,00318106
0,002680812
0,002920019
0,002208289
0,001624795
0,00164436
0,001507651
0,002597739
0,002580123
0,002568444
0,00258306
0,002583477
0,002165306
0,001724854
0,001462956
0,001524515
0,001938808
0,001591109
0,001478021
0,001477106
0,001504365
0,001378071
0,001475493
0,001795142
0,001996197
0,001652373
0,001687804
0,001890642
0,003428616
0,001683597
0,001515012
0,001576079
0,001733649
0,001719718
0,001551669
0,001693555
0,001483134
0,001723946
0,001778768
0,001862826
0,001619417
0,001599182
0,001497518
0,001410255
0,001526429
0,001430875
0,001425988
0,001482858
0,001780462
0,001530341
0,001992446
0,001960879
0,001995886
0,002033526
0,00134631
0,001578215
0,001535543
0,001686596
0,001613787
0,001515868
0,00170817
0,001926258
0,00153986
0,001755444
0,001539646
0,00142759
0,001495974
0,002868679
0,002143186
0,002481165
0,002513792
0,002534757
0,002538936
0,001929032
0,001731611
0,002075836
0,002562754
0,002039353
0,001475946
0,002005947
0,002569566
0,002964974
0,003189492
0,003269126
0,002311698
0,002445306
0,002382279
0,00279319
0,004821345
0,001942777
0,002518759
0,002038305
0,002550384
0,002099244
0,00246866
0,002095233
0,001867015
0,001770667
0,001964726
0,001511424
0,001538803
0,001511653
0,002626101
0,001512769
0,00152189
0,001481004
0,00149204
0,001798325
0,001621721
0,001894516
0,001649364
0,001889066
0,001955834
0,002103033
0,001911366
0,001567931
0,001457457
0,001422445
0,001425835
0,001346455
0,001741053
0,001642345
0,001748758
0,001544189
0,001665667
0,001435395
0,001540235
0,001798866
0,00149767
0,001463516
0,001464301
0,001490931
0,001556391
0,001534628
0,001745926
0,00156043
0,001581727
0,001450691
0,001549797
0,001561519
0,001448427
0,001354812
0,001528353
0,001477405
0,001457042
0,001371629
0,001498389
0,001516282
0,001498824
0,001548113
0,00321431
0,001576466
0,001556401
0,001534334
0,001500082
0,001674235
0,001656155
0,001506427
0,001433693
0,001492831
0,001469165
0,00142751
0,00151482
0,001706623
0,001587554
0,001687646
0,001849196
0,001557222
0,001816895
0,001672505
0,001412266
0,002031177
0,001621396
0,001420491
0,001510171
0,001445512
0,001887682
0,001929425
0,001436916
0,001450199
0,001392606
0,001469226
0,001438811
0,001555496
0,00153701
0,00159606
0,001445079
0,00139955
0,001693903
0,001523975
0,001476413
0,001515837
0,00152004
0,00172868
0,001481229
0,001339199
0,001457378
0,001390918
0,00146632
0,00144654
0,001355736
0,001542617
0,001427635
0,001460459
0,001487228
0,001552988
0,001906769
0,001789211
0,001706891
0,001463897
0,001767649
0,002254752
0,002050511
0,002334175
0,002446864
0,002182178
0,002389855
0,002183993
0,002257851
0,002354587
0,002388888
0,002147491
0,003661371
0,001457384
0,001602552
0,00157814
0,001416342
0,00143424
0,001510595
0,001451663
0,001519249
0,001453886
0,001533874
0,001783624
0,001835192
0,001833287
0,001589031
0,001550767
0,001518463
0,00143944
0,001417015
0,001420038
0,001561294
0,001568834
0,001720176
0,001525978
0,0015124
0,001527664
0,001624745
0,001393979
0,00156333
0,001556736
0,001635415
0,001470462
0,001577519
0,001484038
0,001618125
0,001531065
0,001501444
0,001529226
0,001627162
0,00181936
0,001904684
0,001620852
0,001675952
0,001582695
0,001833168
0,00178312
0,001605041
0,00163083
0,001721394
0,001544237
0,001484246
0,001472717
0,001512849
0,001536973
0,001782071
0,001566736
0,001494081
0,001546533
0,001667987
0,00146329
0,001445114
0,001591937
0,001545023
0,001564038
0,001780737
0,00163237
0,001563877
0,001713014
0,001795748
0,001554134
0,00143348
0,001602066
0,003354274
0,001612947
0,003621797
0,005198176
0,003948452
0,001745149
0,00194571
0,001817623
0,001667213
0,001655072
0,001816163
0,001660221
0,001597559
0,001760699
0,001788337
0,001656665
0,001704841
0,001605363
0,001770373
0,001729315
0,001721406
0,001471925
0,001707911
0,001388986
0,001386442
0,001542535
0,001631598
0,001561974
0,001392522
0,001437548
0,001542541
0,001675048
0,001693678
0,001457001
0,001663289
0,001641983
0,001617289
0,001611908
0,001713948
0,001542006
0,001648712
0,001518141
0,001739491
0,001511303
0,001425634
0,001447995
0,001456588
0,00164382
0,001529342
0,001635823
0,001586704
0,001615475
0,001367319
0,001583735
0,001504746
0,001685819
0,00152865
0,001537249
0,001582526
0,001563698
0,002141989
0,001699343
0,001640088
0,001683997
0,001606538
0,001498992
0,001426657
0,001613423
0,001508858
0,001586604
0,003000114
0,00404507
0,004504411
0,001570668
0,003292037
0,002340806
0,002685633
0,002315713
0,002441096
0,002886605
0,002219547
0,002345276
0,002318094
0,002231564
0,002339307
0,002271157
0,003375715
0,001650378
0,001550974
0,001787843
0,001601286
0,001658861
0,001664843
0,001628202
0,0015257
0,001714786
0,001760426
0,001670369
0,001564821
0,001590665
0,001587875
0,001558909
0,00151209
0,001796249
0,001456833
0,001488675
0,001674955
0,001472124
0,001477875
0,001600896
0,001539121
0,001864052
0,001575138
0,001678619
0,001412845
0,001358659
0,001633069
0,001546408
0,001725887
0,001603085
0,001565501
0,00165295
0,001592833
0,001479617
0,001437697
0,001607138
0,001468314
0,0015932
0,001876058
0,001600948
0,001555062
0,001858181
0,001921689
0,001564981
0,001797382
0,001812598
0,00162803
0,001702329
0,001842123
0,001763481
0,001633095
0,00148083
0,001449073
0,001546785
0,001424049
0,001521568
0,001606581
0,001448636
0,001671776
0,001584066
0,001591015
0,001472859
0,001474872
0,001503117
0,001595397
0,001481277
0,001733668
0,001404688
0,001543802
0,001529173
0,001625387
0,001486461
0,001579509
0,001528086
0,001466442
0,001519908
0,001533112
0,001466518
0,001471807
0,00166487
0,001834022
0,003122942
0,001733081
0,001592129
0,001747556
0,001633073
0,001627835
0,001409423
0,001564248
0,001498882
0,001597318
0,001585519
0,0015795
0,00159231
0,001604227
0,001597204
0,001575492
0,001580299
0,001542536
0,001653499
0,001708946
0,001648834
0,001597557
0,001574526
0,001519353
0,001641914
0,001516131
0,001455888
0,001673834
0,001508669
0,001378143
0,001494088
0,001497524
0,001598242
0,001531065
0,00160254
0,001550446
0,001738436
0,001798544
0,001768101
0,001717328
0,001590534
0,001498359
0,001571956
0,001696748
0,00159379
0,001429545
0,001502985
0,001653262
0,001731387
0,001561599
0,001492179
0,001547019
0,001501899
0,001772301
0,001757014
0,001665987
0,001859871
0,001664043
0,001737005
0,001542939
0,001574909
0,001772465
0,001555654
0,001551848
0,001641226
0,001458433
0,001419332
0,001549095
0,00150147
0,001497009
0,001520673
0,001844727
0,001768161
0,00172472
0,001426733
0,001426887
0,001425959
0,001479886
0,001644428
0,001642551
0,001534917
0,001576064
0,001535637
0,003187021
0,001692603
0,001554531
0,001480596
0,001741832
0,001601216
0,001568277
0,001533287
0,001603937
0,001416948
0,001550783
0,001713089
0,00152542
0,001882352
0,00141789
0,001478956
0,00146982
0,001604333
0,001496439
0,001567322
0,001829355
0,001576183
0,001673544
0,001536768
0,001981038
0,002626103
0,002571245
0,002632865
0,001453492
0,001414554
0,001446016
0,001354932
0,001667145
0,001356804
0,001352021
0,001706243
0,001427825
0,00149178
0,001549572
0,001496163
0,001410686
0,001577831
0,001514928
0,001513042
0,001724262
0,001704145
0,001398714
0,001444538
0,001515781
0,001510895
0,001542258
0,001662525
0,001493115
0,001473308
0,001567441
0,001565991
0,001467038
0,001568489
0,001486713
0,001588188
0,001469018
0,001751698
0,001448059
0,001687384
0,001486554
0,001487889
0,001648433
0,001596065
0,001474365
0,001394743
0,001456721
0,001546353
0,001544245
0,002073136
0,001883365
0,001424279
0,001461295
0,001514241
0,001403883
0,001582004
0,005048913
0,001557319
0,00143558
0,00149499
0,001561779
0,001446227
0,001507405
0,001559018
0,001633079
0,001503998
0,001698259
0,001437629
0,001505028
0,001728796
0,001353002
0,001516632
0,001539789
0,001345811
0,001425493
0,00149674
0,001649098
0,00159254
0,001447562
0,001331907
0,00142339
0,001530442
0,00149297
0,001521128
0,001623481
0,001743792
0,001821865
0,001510232
0,001550787
0,001526296
0,001506635
0,00153041
0,001514736
0,001596311
0,001554257
0,001462751
0,002183312
0,001818464
0,001463217
0,001743967
0,00176068
0,001466886
0,001606536
0,00168071
0,001430766
0,001537544
0,001490884
0,001462641
0,001485476
0,002020231
0,002597686
0,002310115
0,001674053
0,001634153
0,001627786
0,001503091
0,001660857
0,001508788
0,001778983
0,001505061
0,001729497
0,001586647
0,001500381
0,001383767
0,00163485
0,001495535
0,00144118
0,001511452
0,001471675
0,001768395
0,001612645
0,001857829
0,003368387
0,001728335
0,001629528
0,001763484
0,001675189
0,001644855
0,001539729
0,001729916
0,001480665
0,001538939
0,001482554
0,001479874
0,0014959
0,001327981
0,001474203
0,001575388
0,001453055
0,001633946
0,00163672
0,00150268
0,001538144
0,001608419
0,001551463
0,001582583
0,001510478
0,00150846
0,001686799
0,001511414
0,001490275
0,001486791
0,001536448
0,001723165
0,001354205
0,001478218
0,001551799
0,001454972
0,001638054
0,001431854
0,001522222
0,001578959
0,001586889
0,001603065
0,001504939
0,001386074
0,001540501
0,001529086
0,00153127
0,001558505
0,001529904
0,001599604
0,001534136
0,001513716
0,001537896
0,00146365
0,001508823
0,001504635
0,001587114
0,001525497
0,001524662
0,001480847
0,001554981
0,001626932
0,00155238
0,001530578
0,001563319
0,001562567
0,001503412
0,001523734
0,001535005
0,001556951
0,001523334
0,001605479
0,001529492
0,003197229
0,00147229
0,001541168
0,001541059
0,001492416
0,001810487
0,001558639
0,001824352
0,001936644
0,001645748
0,001679615
0,001575235
0,001561067
0,001627525
0,001720961
0,001463918
0,001874703
0,001595838
0,001547053
0,001685246
0,001445649
0,001626187
0,001665037
0,001675738
0,001673252
0,001640939
0,001443547
0,001356593
0,001959893
0,001522125
0,001504675
0,001427497
0,00163744
0,001612409
0,001588873
0,001469914
0,00135042
0,001827752
0,001467613
0,001503009
0,0013936
0,001512883
0,001415186
0,001513223
0,001468845
0,001513332
0,001766764
0,001702808
0,001802223
0,001593155
0,001549647
0,001956588
0,001934808
0,002090734
0,001838965
0,00185207
0,001970758
0,002765208
0,001668904
0,001588593
0,001835999
0,001408313
0,00135759
0,001681353
0,001366175
0,001978111
0,001751663
0,001520305
0,001528184
0,001541633
0,001728987
0,001796565
0,001664537
0,001727887
0,001683956
0,00142101
0,00142513
0,00143558
0,00157314
0,001434905
0,001602949
0,001612254
0,00161979
0,001389925
0,001458145
0,001800051
0,003565223
0,001537686
0,001450278
0,001547039
0,001596096
0,001598261
0,001521287
0,001550484
0,0015128
0,001486056
0,001629036
0,001463332
0,001499296
0,001561723
0,001508789
0,001615941
0,001438543
0,001599449
0,001550382
0,001613371
0,001461527
0,001509822
0,001614693
0,001564277
0,001490324
0,001599519
0,001545181
0,001528125
0,001550205
0,001539112
0,001666427
0,001933349
0,001515172
0,001784806
0,001751851
0,0017602
0,00144524
0,001459988
0,001598381
0,001651754
0,001582245
0,001579335
0,00152747
0,001515686
0,001524858
0,00150899
0,001567002
0,001680631
0,001528602
0,001517187
0,001601732
0,001493177
0,001496201
0,001441932
0,001437792
0,001507747
0,001516382
0,00158558
0,001786232
0,001660005
0,001958031
0,001516857
0,00188734
0,001855429
0,001579343
0,001819045
0,001635654
0,001496839
0,001460935
0,001442651
0,001510034
0,001574225
0,00153362
0,001758559
0,001581018
0,001727271
0,001577291
0,001653193
0,001504256
0,001531118
0,001596904
0,001359779
0,001771165
0,003300262
0,001960509
0,001993197
0,001840641
0,001697061
0,001704082
0,001592013
0,001710933
0,001475701
0,001352774
0,001528684
0,001662763
0,001840087
0,001589766
0,001353565
0,002083378
0,001588016
0,001410125
0,001498908
0,001502248
0,001599794
0,001598085
0,001504426
0,001604804
0,001375033
0,001485303
0,001822169
0,00146175
0,001405832
0,001525896
0,001834689
0,001511372
0,001434446
0,001529545
0,001443571
0,001547868
0,001530195
0,001521898
0,001656905
0,001931192
0,001596786
0,001633581
0,001625955
0,001504802
0,001543858
0,001484636
0,001553383
0,001516774
0,001518305
0,001472284
0,00148967
0,001491191
0,001538665
0,001571256
0,001532807
0,001525893
0,00148543
0,001342079
0,001731538
0,001449615
0,001517875
0,001531025
0,001618095
0,001629697
0,001776138
0,001757702
0,0016497
0,001533894
0,001525913
0,001500846
0,001507972
0,001462558
0,001747553
0,00176772
0,001478803
0,001593419
0,001559267
0,001573125
0,001653924
0,001659413
0,003396438
0,00154544
0,001567724
0,001611883
0,001704779
0,001524313
0,001547993
0,001550996
0,001585168
0,001528417
0,001418483
0,001448303
0,001690738
0,001572554
0,001639239
0,001587731
0,001568996
0,001722897
0,00148536
0,001613478
0,001540572
0,001519206
0,00178326
0,00150019
0,001459966
0,001635954
0,001527919
0,001505087
0,001407209
0,001534351
0,001477319
0,001559056
0,001534007
0,001605791
0,001511175
0,001500837
0,001671332
0,001508975
0,001488449
0,001550602
0,001555236
0,001618387
0,001552342
0,001695545
0,001776893
0,001518352
0,001562664
0,001563714
0,001566368
0,001548291
0,001523508
0,001536976
0,001575439
0,001613301
0,001756575
0,001431374
0,001568532
0,001456019
0,001455877
0,001457975
0,001814674
0,001704858
0,001694335
0,001738332
0,001713585
0,001680111
0,001806018
0,001769325
0,001498063
0,001565057
0,001447088
0,001628326
0,0015453
0,001819924
0,001416341
0,001534327
0,001480791
0,001362416
0,001584914
0,001588813
0,001538731
0,001734538
0,001454058
0,001563337
0,001519239
0,001615955
0,001977394
0,001907215
0,00245601
0,002654402
0,002263803
0,002243649
0,002171614
0,002372718
0,002187584
0,003780414
0,001660729
0,001585272
0,001603491
0,001842447
0,001661044
0,001489618
0,001648345
0,001595741
0,001416939
0,001574487
0,002051573
0,002027822
0,001945621
0,002007984
0,001887601
0,001439757
0,001411213
0,001693312
0,001720498
0,001758724
0,001399963
0,00133372
0,001368378
0,001421932
0,001535485
0,001594031
0,001600238
0,001495336
0,001647537
0,001673657
0,001446681
0,001652217
0,001420334
0,001736669
0,001483305
0,001491851
0,0014715
0,001357395
0,001474476
0,001559178
0,00149208
0,001493721
0,001637209
0,001395938
0,001592002
0,001473258
0,001519038
0,001523271
0,001599864
0,001404636
0,001415623
0,001553116
0,001468215
0,001820404
0,001698035
0,001521029
0,001540813
0,001552459
0,001505966
0,001390354
0,001416565
0,001450576
0,001543594
0,001553495
0,001531842
0,001352852
0,001938071
0,001486191
0,001430776
0,001404203
0,001516746
0,001547446
0,001449659
0,001452703
0,001631101
0,001566442
0,001495686
0,00142048
0,001445388
0,001441111
0,001515813
0,001457726
0,001501861
0,00150949
0,001353448
0,001650974
0,00143663
0,001347541
0,001486937
0,00154878
0,001527565
0,001413429
0,003449879
0,001603976
0,001406173
0,001772628
0,002605322
0,002557805
0,002631876
0,001443795
0,001454575
0,001439995
0,001773485
0,001800972
0,001671292
0,001866746
0,00178533
0,00159231
0,001548861
0,001521693
0,001670312
0,001547563
0,001452202
0,001549972
0,001624226
0,001435411
0,001385616
0,001431612
0,001547979
0,001522195
0,001520396
0,001497597
0,001558942
0,001547721
0,00152984
0,001724711
0,001522912
0,001590162
0,001779946
0,001492501
0,001413871
0,001586476
0,00148159
0,001476328
0,001640598
0,001829919
0,001525473
0,00151156
0,001484115
0,001506533
0,001499252
0,00144038
0,001395828
0,001504763
0,001826808
0,001574
0,001563009
0,001444221
0,001541968
0,001547111
0,001464119
0,001939502
0,001887602
0,001582692
0,001704185
0,00189656
0,001554186
0,001483327
0,001461119
0,001577716
0,001576331
0,001690164
0,001742216
0,001531388
0,001455712
0,001408464
0,001763542
0,001522567
0,001450443
0,001463327
0,001633069
0,001637739
0,001542849
0,001514868
0,001503634
0,001509983
0,00147358
0,001462125
0,001374312
0,00136347
0,001709392
0,003332191
0,001650969
0,001677309
0,001386078
0,001447037
0,001480166
0,001404926
0,001689529
0,00153768
0,001559719
0,001817379
0,001558249
0,001667401
0,001495256
0,001477088
0,001767832
0,001399265
0,001541437
0,00150334
0,001569104
0,001581627
0,001795395
0,00154464
0,00148077
0,001457212
0,001444157
0,001774423
0,001706655
0,001455114
0,001440806
0,001551444
0,001872991
0,001443771
0,001661356
0,001724051
0,001717081
0,001434566
0,001397478
0,001514506
0,001626866
0,001536728
0,001769608
0,001751442
0,001444489
0,001797201
0,001474217
0,001547602
0,001471528
0,001661728
0,001392543
0,001432407
0,001437722
0,001581307
0,001545099
0,00142087
0,00150551
0,001697356
0,001455808
0,001638758
0,001476983
0,00146738
0,001546735
0,001511253
0,001509719
0,00148325
0,001507738
0,001435977
0,001516687
0,001664671
0,001509182
0,001814895
0,00151838
0,001715058
0,001477646
0,00140742
0,001436412
0,001682828
0,001339008
0,001876746
0,001698681
0,001447142
0,001486291
0,001441765
0,00150227
0,003102679
0,001716617
0,001407759
0,001376482
0,001701331
0,001742317
0,001602753
0,001766557
0,001476956
0,001526828
0,001605784
0,00142158
0,001553345
0,001501913
0,001395556
0,001455108
0,001511074
0,001516365
0,001516739
0,001444766
0,001525618
0,001819807
0,001586336
0,001522576
0,00160399
0,001437743
0,001552678
0,001418607
0,00146703
0,001468639
0,001514267
0,001563522
0,001564998
0,001809294
0,001610842
0,001601541
0,001443337
0,001423136
0,001519226
0,001648828
0,00167358
0,001599432
0,001460372
0,001776547
0,001879937
0,001662895
0,001734956
0,001847249
0,001585306
0,001707189
0,001542819
0,001519461
0,001455421
0,00139692
0,001451866
0,00153478
0,001456965
0,001514079
0,001510287
0,001552274
0,001471191
0,001552314
0,00151269
0,00146326
0,001369203
0,001525413
0,001493097
0,001511499
0,001596593
0,001635608
0,001391365
0,001527256
0,001465788
0,00162116
0,001472837
0,001533408
0,001566601
0,001545247
0,001440391
0,001490553
0,001658426
0,001454915
0,003249175
0,001483165
0,001488366
0,001685433
0,001798755
0,001670873
0,001401284
0,001528542
0,001548369
0,001506814
0,001472528
0,001579297
0,001558003
0,001540943
0,001498566
0,001510176
0,001721719
0,001715187
0,00148401
0,001565556
0,001544853
0,001505138
0,001509543
0,001438786
0,001498723
0,001336762
0,001640741
0,001433497
0,001659653
0,001424423
0,001621999
0,001726508
0,001601614
0,001414467
0,00150021
0,001709747
0,001797056
0,001634129
0,001555286
0,001477091
0,001513038
0,00150442
0,00163777
0,001548647
0,001510994
0,001561244
0,001506758
0,001797675
0,001490321
0,00140373
0,001460736
0,001423499
0,001491687
0,001542132
0,001500503
0,0017872
0,001904657
0,001471553
0,001820478
0,001946809
0,001438887
0,001349184
0,001631878
0,001599066
0,001487575
0,001667161
0,001535567
0,001459287
0,001405606
0,001456555
0,001477858
0,001425444
0,00154666
0,001579482
0,001542544
0,001599994
0,001846222
0,001569937
0,001496425
0,003381515
0,001607471
0,001583268
0,001831236
0,001383439
0,001485887
0,00151034
0,001473759
0,001416401
0,001475407
0,001469641
0,001815636
0,001541178
0,001531216
0,001487323
0,001521284
0,001988612
0,001721892
0,001670563
0,001529129
0,001507191
0,001367615
0,001526664
0,001664483
0,001590419
0,001512512
0,001483098
0,001515563
0,001547082
0,001591046
0,001377538
0,001407142
0,001550867
0,001467157
0,001487208
0,001536062
0,001486861
0,001562919
0,00139656
0,001637645
0,001908829
0,001761053
0,001563519
0,001556313
0,001619912
0,001499049
0,001536332
0,001317927
0,001481954
0,001391782
0,001380697
0,001568807
0,001567404
0,001454405
0,001411449
0,001741026
0,001643517
0,001393
0,00150648
0,001517613
0,001465658
0,001522768
0,001925406
0,001624527
0,001566468
0,001451863
0,001474388
0,001395983
0,001601825
0,001497155
0,001544712
0,001746411
0,001988643
0,001518563
0,003118548
0,001597635
0,001422305
0,001609469
0,001601185
0,001461131
0,001580935
0,001420026
0,001611295
0,00175494
0,001620124
0,001802546
0,00153614
0,001570174
0,001509058
0,001528605
0,001546779
0,001441985
0,001473528
0,001658185
0,00182016
0,00170508
0,001372876
0,001506201
0,001476895
0,001640304
0,001741796
0,00175009
0,001625378
0,002545996
0,002568435
0,002568784
0,002465804
0,001791667
0,00147484
0,001471221
0,001402951
0,001434377
0,001421634
0,001442354
0,00157004
0,001551287
0,001503179
0,001561543
0,001598502
0,001536063
0,001440254
0,001833783
0,001740134
0,001510894
0,001637642
0,001678657
0,001449927
0,001417896
0,001553509
0,001477006
0,001504887
0,001360006
0,001424092
0,001458358
0,001382376
0,001818807
0,001507985
0,001643863
0,001848011
0,001675059
0,001723717
0,001444143
0,001617388
0,001448603
0,001635387
0,001515901
0,001383524
0,00183362
0,002878099
0,002910259
0,001584217
0,001424781
0,001384572
0,001433682
0,001524899
0,001467528
0,001432483
0,001520492
0,001879315
0,001534572
0,001432105
0,001543569
0,001525437
0,001357922
0,00471349
0,001358213
0,001607064
0,001521762
0,001498545
0,001549551
0,001463455
0,001321329
0,001735644
0,001745802
0,001342841
0,001595253
0,001701938
0,001438562
0,001456241
0,001339279
0,001394871
0,001444464
0,001404167
0,001448207
0,001585891
0,001427469
0,001386014
0,00159584
0,001622365
0,001387969
0,001755937
0,001501536
0,001542989
0,001501313
0,001598407
0,00144526
0,001549602
0,001446138
0,001331055
0,001381544
0,001504433
0,001872152
0,001825152
0,001422392
0,001423566
0,001476221
0,001547383
0,001631043
0,001685191
0,001490771
0,001457922
0,001453394
0,001522738
0,001564587
0,001529738
0,001616737
0,001569099
0,001648422
0,001599836
0,001590838
0,001746289
0,001544095
0,001474647
0,001619157
0,001536805
0,001436724
0,00148194
0,001332006
0,00141767
0,001485882
0,001489687
0,001586769
0,00146952
0,001584581
0,001640554
0,001601895
0,001770323
0,001486513
0,001422278
0,001445672
0,001393806
0,001430375
0,001511729
0,001460251
0,001920395
0,001513673
0,001463904
0,001663241
0,001423981
0,001519121
0,001425798
0,003085118
0,001844371
0,00158224
0,001398809
0,001858643
0,001886032
0,001571873
0,001543514
0,001468491
0,001453354
0,001483571
0,001444448
0,001440399
0,001366383
0,001661568
0,001688622
0,001444826
0,001575788
0,00146893
0,001439375
0,001512981
0,001827616
0,001956372
0,001444774
0,001431371
0,001842706
0,001788463
0,001637361
0,001487443
0,001639741
0,001434556
0,001583746
0,001566725
0,002239805
0,002023044
0,001865444
0,001917622
0,001659252
0,001326154
0,001393438
0,001511874
0,001478839
0,00143742
0,00152801
0,001524128
0,001487529
0,001421366
0,00184301
0,001770796
0,001372295
0,001394412
0,001470513
0,001520534
0,001553801
0,001603588
0,001523023
0,001568189
0,001536165
0,001610458
0,001527696
0,001740335
0,001581039
0,001700551
0,001589557
0,001681
0,001773061
0,001430594
0,00147435
0,001428543
0,00152326
0,001569747
0,001489649
0,001483358
0,001639218
0,001912144
0,00137621
0,001494006
0,001596451
0,001541618
0,001538868
0,00158944
0,001380775
0,003062363
0,00159593
0,001803204
0,001701115
0,001378493
0,001461267
0,001414811
0,001545012
0,001505575
0,001583915
0,001487094
0,001662222
0,001601853
0,001485764
0,001556956
0,001551078
0,001522446
0,002421896
0,001526455
0,001668911
0,001663328
0,001452177
0,001436093
0,001423816
0,001352723
0,00140826
0,00151416
0,001753959
0,001841825
0,001617865
0,001396008
0,00148652
0,001625557
0,001460755
0,001531747
0,001957439
0,001785421
0,001508517
0,001602643
0,001409921
0,001510488
0,001412896
0,001408818
0,001618046
0,001414738
0,001425747
0,001390958
0,001578163
0,001403438
0,001506306
0,001830017
0,001755929
0,00135472
0,001518049
0,001475794
0,001517886
0,001973887
0,001578534
0,001557538
0,001524414
0,001522756
0,001709871
0,001434693
0,001555419
0,001926489
0,002106411
0,001409
0,001484046
0,001633045
0,001537362
0,001438019
0,001503016
0,001503924
0,001609251
0,001430993
0,001434313
0,001466672
0,001443482
0,003141378
0,001477941
0,001516028
0,001492101
0,001383651
0,001565851
0,001427709
0,001554882
0,00181111
0,001698639
0,001475089
0,001471459
0,001522917
0,001397478
0,001453214
0,001658217
0,001626567
0,001502217
0,001531367
0,001459767
0,001896994
0,001435679
0,001483723
0,001520704
0,00173572
0,001550832
0,001406256
0,001391723
0,001726603
0,001444853
0,001588095
0,001361157
0,001412845
0,001534847
0,001529654
0,001511511
0,001519353
0,001507477
0,001555858
0,001810567
0,001549148
0,001481624
0,001604861
0,001548967
0,001591066
0,001461149
0,001446327
0,001447655
0,001504078
0,001541911
0,001458348
0,002108981
0,002047451
0,001892188
0,001947952
0,001940849
0,00139074
0,001770642
0,001540011
0,001398286
0,001369698
0,001355874
0,001504432
0,001463815
0,001688571
0,001722415
0,001471514
0,001440029
0,001529952
0,001627222
0,001458985
0,001708247
0,001503695
0,001449419
0,001620515
0,002967854
0,001422055
0,001462002
0,001672646
0,001519263
0,001595517
0,001467516
0,001404847
0,001550028
0,00135995
0,00150562
0,001451737
0,001600539
0,001680295
0,001582419
0,001494647
0,001371678
0,001459903
0,001496572
0,001684703
0,00158714
0,001509387
0,001817064
0,001567276
0,00152419
0,001618071
0,001555783
0,001568065
0,001528621
0,001385509
0,001448836
0,001549868
0,001463842
0,001572223
0,001656248
0,001502605
0,001569062
0,001510283
0,001441424
0,001412202
0,001952532
0,001868885
0,002026923
0,001811764
0,001608464
0,001381233
0,001393145
0,001385348
0,001374281
0,001429171
0,001515944
0,001600462
0,001628488
0,002089679
0,00198322
0,001425111
0,001386577
0,001385574
0,001438093
0,001492201
0,001666609
0,001551266
0,001630836
0,001465778
0,001343445
0,00164438
0,001453938
0,001404193
0,001491847
0,001388689
0,001474558
0,001531244
0,00157856
0,003265
0,001523529
0,001402677
0,001572878
0,001467934
0,001413835
0,001798766
0,001499634
0,001694382
0,001933357
0,001913838
0,001938028
0,001414173
0,001661064
0,001392021
0,001376548
0,001519541
0,001389155
0,001354022
0,001379505
0,001623419
0,001531666
0,001567157
0,001577932
0,001483145
0,001558595
0,001438877
0,001599497
0,001487704
0,001585005
0,001504753
0,001488475
0,001603469
0,00140941
0,001530236
0,001491099
0,001331533
0,001724384
0,001722451
0,001756534
0,001725421
0,001728992
0,001760428
0,001767229
0,001944098
0,001394713
0,001687715
0,001407309
0,001644843
0,001467308
0,0014712
0,001505335
0,002113763
0,001472164
0,00185428
0,001848657
0,001470759
0,001897705
0,001907888
0,001430569
0,001374261
0,001454436
0,001459047
0,001352864
0,001383708
0,001996789
0,002007373
0,001476525
0,001666874
0,001580253
0,001645642
0,003059831
0,00154734
0,001579625
0,001431603
0,001673167
0,001801561
0,001462438
0,001578052
0,001626695
0,001588743
0,001514635
0,001403844
0,001316482
0,001686276
0,001434969
0,001494408
0,001416102
0,001946051
0,001576973
0,001852902
0,001507603
0,001415797
0,001320255
0,001473995
0,001466224
0,001632848
0,001481241
0,00146373
0,001678344
0,001538921
0,00153087
0,00149289
0,00155795
0,001491572
0,001523914
0,001568457
0,001479071
0,001464241
0,001426674
0,001609739
0,001635046
0,00152225
0,001443903
0,00148431
0,001524223
0,002034956
0,001465387
0,001418937
0,001567009
0,001695183
0,001847624
0,001566148
0,001602704
0,001697615
0,001540112
0,001454902
0,001576107
0,00161466
0,001514537
0,001490835
0,001507998
0,001476427
0,001393839
0,001530189
0,001553629
0,001473216
0,001981519
0,002724073
0,001687199
0,001377906
0,001760464
0,00170184
0,001373826
0,001895189
0,001642091
0,001426212
0,001523427
0,001428203
0,001476835
0,001489516
0,001527414
0,001511707
0,001392657
0,001495094
0,001518818
0,001473466
0,001665081
0,001450277
0,001497107
0,001536046
0,001438666
0,001511063
0,001449575
0,001416641
0,001614565
0,001581423
0,001461166
0,001372362
0,001748328
0,001726457
0,001686696
0,001671713
0,001523996
0,001521058
0,001470618
0,001676284
0,001522159
0,001436073
0,001463409
0,001435213
0,001648469
0,001462648
0,001391598
0,001586564
0,002081857
0,001840871
0,001877141
0,001942016
0,001922236
0,001607243
0,001430352
0,001532136
0,001442839
0,001524743
0,001664304
0,001565474
0,001660133
0,001412403
0,001317428
0,00149971
0,001350864
0,003189504
0,001409449
0,001451696
0,002210563
0,001422269
0,001366655
0,00151713
0,001503886
0,001507021
0,001626898
0,001464849
0,001520605
0,0014054
0,001457845
0,001435519
0,001691168
0,002620621
0,002652145
0,001481554
0,001386116
0,001503493
0,001487824
0,001479966
0,001415734
0,001811316
0,001678995
0,001356864
0,001407013
0,001446061
0,00147614
0,001604729
0,001422864
0,001601831
0,001584435
0,001737081
0,001449361
0,00191102
0,001480299
0,0013851
0,001495793
0,001479923
0,001606888
0,001468342
0,001568866
0,001513682
0,001749803
0,001774495
0,001421243
0,001519564
0,001455445
0,001612726
0,001597507
0,001594851
0,00153608
0,001485853
0,001482788
0,00144886
0,001395257
0,001481211
0,001477915
0,001643492
0,003063172
0,001393092
0,001611644
0,001769545
0,001644691
0,00146994
0,001478771
0,001740653
0,001556058
0,001476992
0,001496008
0,001556471
0,001457227
0,001463749
0,001574701
0,001712391
0,002534483
0,002591846
0,002612602
0,002530805
0,001399343
0,001830152
0,001808317
0,001554871
0,001386489
0,001513946
0,001372965
0,001496895
0,001520321
0,001506854
0,001599647
0,001749211
0,001410006
0,001460974
0,001512738
0,001695827
0,001436822
0,001796564
0,001646048
0,00137701
0,001642591
0,001463845
0,001416459
0,001447181
0,001410481
0,001845695
0,001539736
0,001900081
0,001408598
0,001458792
0,001492944
0,001436742
0,001459871
0,001363587
0,00153584
0,001548682
0,001876282
0,001863594
0,003222168
0,001395796
0,001392953
0,001334533
0,002623156
0,002557623
0,001533697
0,00169114
0,001516249
0,001579266
0,00152608
0,001543317
0,001566741
0,001584322
0,001539293
0,001430089
0,001857781
0,001324704
0,001341447
0,001524073
0,00177146
0,001442086
0,001522562
0,001572949
0,001524142
0,001558543
0,001513654
0,00156818
0,001513132
0,001559609
0,001529215
0,001466364
0,001379486
0,00147966
0,001464613
0,001536648
0,001560572
0,001594367
0,001485907
0,001578538
0,001522002
0,001573266
0,001552955
0,001459399
0,001617684
0,001449479
0,001520501
0,001577814
0,001621245
0,001542113
0,00153332
0,001648955
0,001596237
0,001899641
0,001786424
0,001558999
0,001862077
0,001805154
0,001441697
0,001394761
0,001614119
0,001706603
0,00151358
0,001407679
0,001374141
0,001485361
0,001431691
0,001476835
0,001561613
0,001522133
0,001446692
0,001548132
0,002984283
0,001566314
0,001460804
0,001700795
0,001741871
0,001457535
0,001347076
0,001415568
0,001499017
0,001526772
0,001642567
0,001437261
0,001376937
0,001496849
0,001576922
0,001665877
0,001435218
0,001757673
0,001444683
0,001379494
0,001537346
0,001607861
0,002127422
0,001897063
0,001941921
0,001925612
0,001668617
0,001499788
0,001330101
0,001451555
0,00148457
0,001524362
0,001587598
0,001676571
0,001519636
0,001503604
0,001411432
0,001548522
0,00169304
0,001546472
0,001457162
0,001610473
0,002242861
0,001471833
0,001511616
0,001680653
0,001395858
0,001577029
0,001530142
0,001458671
0,001406568
0,00162149
0,001451843
0,001691316
0,001497102
0,00181755
0,001791586
0,001712423
0,001481964
0,001622836
0,001406055
0,001557327
0,001472129
0,001801354
0,001324255
0,001466623
0,001408959
0,001540316
0,001526496
0,001906221
0,001783661
0,001841119
0,001480567
0,001671268
0,001506154
0,001390763
0,00158793
0,001549225
0,001768807
0,001334955
0,002640736
0,002668766
0,002569251
0,002611328
0,00319448
0,001373432
0,001423707
0,001565518
0,001560255
0,001559994
0,001570378
0,001566239
0,001500286
0,001449049
0,001450568
0,001435637
0,001503486
0,001704088
0,001376839
0,001529312
0,001467301
0,001516147
0,001848957
0,001899775
0,001386455
0,001471968
0,001389184
0,001419735
0,001432943
0,00146336
0,001792199
0,001553792
0,00155616
0,001542255
0,001523401
0,001604196
0,001517821
0,001527463
0,001449484
0,001398083
0,001531651
0,001626101
0,00146979
0,001455626
0,001349641
0,001468613
0,001542159
0,001547136
0,001586115
0,001591555
0,001492881
0,001488558
0,001810505
0,001416258
0,001759996
0,001440236
0,00144845
0,001935529
0,001900058
0,001982073
0,001398267
0,001390141
0,001530108
0,00136776
0,001578981
0,001421726
0,001584608
0,001512638
0,001512288
0,001490562
0,001742202
0,001654113
0,001680576
0,00174436
0,001741347
0,001447287
0,001394163
0,001394344
0,001533132
0,001397302
0,001470717
0,001447369
0,001493685
0,001535779
0,001555294
0,001564783
0,003327704
0,001361522
0,001442968
0,00151606
0,001466564
0,001401975
0,001564242
0,001471182
0,00156511
0,001544874
0,001641579
0,00140815
0,001545158
0,00144281
0,001691023
0,001459186
0,001550667
0,001660476
0,001539826
0,001551813
0,001596159
0,001587763
0,001583695
0,001660715
0,001620266
0,001887834
0,001768167
0,001430462
0,001566062
0,00147955
0,001754061
0,00158789
0,00151769
0,001733396
0,001501479
0,001738737
0,001505016
0,001368228
0,00149872
0,001637358
0,001617691
0,001455669
0,001538602
0,001661061
0,001472797
0,001500614
0,001387143
0,001924131
0,001918581
0,001953464
0,001921879
0,00176786
0,00169684
0,001502408
0,0015685
0,001578318
0,001468378
0,001637987
0,001766862
0,001587618
0,00153935
0,001442993
0,001558433
0,001525202
0,001488197
0,001547363
0,001423178
0,001490004
0,001648235
0,001514505
0,001433336
0,001474638
0,001553587
0,001623713
0,001573924
0,001598271
0,001560514
0,001491246
0,001527163
0,0014936
0,001480618
0,001403758
0,001450891
0,001447247
0,001535804
0,001483665
0,001557781
0,001612434
0,00141679
0,001388589
0,001390767
0,001333548
