3,43656E-4
2,74892E-4
2,55185E-4
2,48792E-4
2,50224E-4
2,46016E-4
2,47535E-4
2,58209E-4
2,56434E-4
2,48139E-4
2,47052E-4
2,59004E-4
2,34098E-4
1,3565E-4
1,01252E-4
1,05534E-4
1,08016E-4
9,7703E-5
9,7945E-5
9,8057E-5
1,09097E-4
9,6028E-5
1,00614E-4
1,07258E-4
9,7451E-5
1,02459E-4
9,518E-5
9,6622E-5
7,8018E-5
7,3495E-5
9,4654E-5
7,6313E-5
7,3305E-5
7,2219E-5
7,2582E-5
7,2579E-5
7,8294E-5
7,2561E-5
7,1734E-5
7,46E-5
7,2021E-5
7,2398E-5
7,3299E-5
7,2436E-5
1,1474E-4
7,3345E-5
7,1384E-5
8,8728E-5
6,9347E-5
7,1482E-5
6,9557E-5
7,1096E-5
7,191E-5
7,1404E-5
7,1354E-5
6,9288E-5
6,9921E-5
6,989E-5
7,2769E-5
7,1531E-5
7,1927E-5
7,1009E-5
7,0804E-5
7,0557E-5
6,9691E-5
6,9547E-5
7,097E-5
6,9695E-5
6,935E-5
7,0493E-5
7,0858E-5
7,0901E-5
7,0856E-5
7,1033E-5
7,0885E-5
7,0885E-5
7,1138E-5
7,0257E-5
7,0238E-5
7,0615E-5
7,0008E-5
7,0942E-5
7,1868E-5
7,1424E-5
6,9767E-5
6,9716E-5
6,9702E-5
6,9378E-5
7,0037E-5
7,1931E-5
6,9754E-5
7,044E-5
7,0655E-5
7,3631E-5
7,113E-5
7,0739E-5
7,0088E-5
7,1027E-5
7,1256E-5
7,0154E-5
6,9911E-5
6,9618E-5
6,9336E-5
6,9004E-5
7,2048E-5
7,0723E-5
6,969E-5
7,3681E-5
8,5133E-5
6,8788E-5
7,1602E-5
6,9749E-5
8,0537E-5
7,1459E-5
7,4112E-5
6,9379E-5
7,1427E-5
7,0748E-5
7,4176E-5
7,1599E-5
6,9883E-5
7,5759E-5
7,0119E-5
7,0849E-5
6,9843E-5
7,1733E-5
6,9898E-5
6,9045E-5
6,9338E-5
7,2591E-5
7,0531E-5
7,004E-5
7,0317E-5
7,0409E-5
6,8915E-5
6,7573E-5
6,9173E-5
7,0227E-5
6,9998E-5
6,9351E-5
8,6113E-5
6,9746E-5
6,9171E-5
7,0466E-5
6,8458E-5
6,9638E-5
7,0741E-5
6,9707E-5
7,0508E-5
7,3884E-5
6,974E-5
6,9612E-5
7,6598E-5
7,1136E-5
7,0138E-5
7,3093E-5
6,9405E-5
7,1443E-5
6,9197E-5
7,0307E-5
7,2669E-5
7,2556E-5
7,2026E-5
7,3368E-5
7,0548E-5
7,071E-5
6,8992E-5
7,4335E-5
7,2642E-5
7,2351E-5
8,5473E-5
8,9954E-5
7,3165E-5
7,2059E-5
7,2296E-5
7,2524E-5
7,374E-5
9,9291E-5
7,4037E-5
7,1841E-5
7,2382E-5
7,2128E-5
7,3047E-5
7,2884E-5
7,3406E-5
7,2052E-5
7,5139E-5
7,1671E-5
7,3155E-5
7,1612E-5
7,413E-5
7,1226E-5
7,4211E-5
7,0031E-5
7,3471E-5
7,0725E-5
7,3313E-5
7,2398E-5
7,4302E-5
7,3031E-5
7,2199E-5
6,9588E-5
7,2247E-5
7,433E-5
7,2578E-5
7,2522E-5
7,1761E-5
7,007E-5
7,1066E-5
6,919E-5
6,8258E-5
7,4703E-5
7,1599E-5
7,3613E-5
7,5713E-5
7,1343E-5
7,3756E-5
7,1355E-5
7,1984E-5
8,0715E-5
7,6191E-5
7,0587E-5
7,6184E-5
7,072E-5
7,3898E-5
7,4026E-5
7,3556E-5
7,3087E-5
7,2711E-5
7,1889E-5
7,1014E-5
7,3005E-5
7,3116E-5
8,0899E-5
7,1634E-5
7,1938E-5
7,2562E-5
7,1058E-5
7,1226E-5
7,3484E-5
7,345E-5
7,0826E-5
7,2565E-5
7,1829E-5
7,4723E-5
7,2696E-5
7,1722E-5
7,0157E-5
7,0332E-5
7,0066E-5
7,1325E-5
7,4832E-5
7,1081E-5
7,0991E-5
7,0317E-5
6,6017E-5
7,0958E-5
7,2196E-5
7,4947E-5
6,9573E-5
7,3353E-5
8,8913E-5
7,3951E-5
7,4016E-5
7,2944E-5
8,2691E-5
7,1738E-5
7,2202E-5
7,1515E-5
7,2764E-5
7,2108E-5
7,187E-5
7,5344E-5
7,039E-5
7,0504E-5
7,2133E-5
7,2137E-5
7,2026E-5
6,9412E-5
7,0703E-5
7,0432E-5
7,157E-5
7,1802E-5
7,3544E-5
7,1099E-5
7,1509E-5
7,4621E-5
7,0366E-5
7,1055E-5
7,1105E-5
8,1368E-5
7,018E-5
7,1973E-5
7,216E-5
7,6014E-5
7,096E-5
7,172E-5
7,11E-5
7,1479E-5
7,132E-5
7,1189E-5
7,1669E-5
7,0119E-5
7,1969E-5
7,4384E-5
7,2516E-5
7,136E-5
7,4214E-5
7,8157E-5
7,4697E-5
7,835E-5
7,2211E-5
7,2034E-5
7,1843E-5
7,2646E-5
7,0256E-5
6,8931E-5
7,0471E-5
6,9529E-5
7,1783E-5
6,8828E-5
7,0745E-5
7,1327E-5
8,3376E-5
7,0069E-5
6,9882E-5
7,0359E-5
6,9059E-5
7,0576E-5
7,1511E-5
7,0436E-5
7,4446E-5
6,9419E-5
6,9693E-5
7,0484E-5
7,3873E-5
7,1217E-5
7,0189E-5
7,0259E-5
6,8826E-5
7,3885E-5
7,0825E-5
6,942E-5
7,1905E-5
7,0892E-5
7,1028E-5
6,9235E-5
7,0645E-5
7,1434E-5
7,0472E-5
7,0005E-5
7,1E-5
6,8958E-5
7,0181E-5
7,1622E-5
7,3697E-5
7,3299E-5
7,4904E-5
7,0516E-5
6,9794E-5
7,2507E-5
7,1179E-5
7,0195E-5
7,4256E-5
6,9727E-5
7,4116E-5
7,4773E-5
7,085E-5
7,0084E-5
7,0384E-5
7,0928E-5
6,9323E-5
6,9901E-5
7,2147E-5
7,061E-5
