6,3259E-4
3,11818E-4
2,69778E-4
2,47861E-4
2,48609E-4
2,4657E-4
2,50861E-4
2,52668E-4
2,44422E-4
2,60958E-4
2,53525E-4
2,41339E-4
2,68219E-4
1,53428E-4
1,03727E-4
1,04628E-4
1,01256E-4
9,7314E-5
1,043E-4
1,13649E-4
9,9937E-5
9,7014E-5
9,7175E-5
9,6892E-5
9,8857E-5
1,26714E-4
9,7124E-5
9,9079E-5
1,23637E-4
7,5676E-5
7,8299E-5
8,296E-5
7,9208E-5
7,3285E-5
7,2758E-5
7,3368E-5
7,5434E-5
7,3973E-5
7,365E-5
7,4143E-5
7,2874E-5
7,9716E-5
7,4347E-5
7,4492E-5
7,6823E-5
7,6775E-5
7,1965E-5
7,0934E-5
7,0352E-5
7,0855E-5
7,1973E-5
6,9766E-5
7,032E-5
7,1237E-5
7,2051E-5
6,9546E-5
7,0069E-5
7,0986E-5
7,018E-5
7,0991E-5
7,0573E-5
7,0762E-5
7,2999E-5
7,0402E-5
7,1734E-5
7,0962E-5
7,0014E-5
7,0725E-5
7,3141E-5
7,0046E-5
7,0472E-5
7,1046E-5
6,9657E-5
6,9898E-5
7,1787E-5
6,9987E-5
7,0E-5
7,1062E-5
7,076E-5
6,9186E-5
7,2449E-5
6,758E-5
6,9679E-5
6,9929E-5
7,2825E-5
6,97E-5
6,9595E-5
6,9171E-5
6,972E-5
7,7872E-5
7,0492E-5
7,4574E-5
9,8938E-5
7,1556E-5
7,0671E-5
6,9533E-5
6,9711E-5
7,034E-5
7,0437E-5
7,1037E-5
6,9869E-5
7,1198E-5
7,0104E-5
6,9689E-5
7,1126E-5
7,0624E-5
7,5463E-5
6,9418E-5
7,168E-5
7,0163E-5
6,9243E-5
7,1881E-5
6,9551E-5
7,0827E-5
6,9502E-5
6,9022E-5
7,0057E-5
6,9598E-5
7,1329E-5
7,0476E-5
7,2295E-5
6,9725E-5
7,069E-5
6,9717E-5
7,082E-5
7,054E-5
6,9602E-5
6,7932E-5
7,0691E-5
6,9876E-5
7,0207E-5
7,0789E-5
6,9027E-5
7,0589E-5
6,9999E-5
6,9691E-5
6,8308E-5
6,9914E-5
7,0646E-5
6,983E-5
7,0733E-5
6,9546E-5
6,9765E-5
6,9414E-5
6,9805E-5
6,9073E-5
6,9807E-5
7,1306E-5
7,1667E-5
7,2129E-5
7,0111E-5
6,9606E-5
7,0364E-5
6,9037E-5
7,0802E-5
6,9809E-5
6,9445E-5
6,9934E-5
6,9272E-5
7,0701E-5
7,2788E-5
7,189E-5
7,0656E-5
7,0702E-5
7,2178E-5
7,376E-5
7,2365E-5
7,1801E-5
7,2008E-5
7,2357E-5
7,1735E-5
7,2086E-5
7,0402E-5
7,1892E-5
7,6058E-5
7,4345E-5
7,0585E-5
7,1555E-5
7,3214E-5
7,0748E-5
7,2238E-5
7,2722E-5
6,8861E-5
7,2822E-5
7,1246E-5
6,9989E-5
7,2325E-5
7,2625E-5
7,152E-5
7,3581E-5
7,0142E-5
7,142E-5
7,0646E-5
7,1349E-5
7,2225E-5
7,0788E-5
7,2822E-5
7,0779E-5
7,2313E-5
6,9125E-5
7,2898E-5
7,0948E-5
7,0467E-5
7,0625E-5
7,0486E-5
6,9567E-5
7,0367E-5
7,318E-5
6,9903E-5
7,1047E-5
6,8952E-5
8,4541E-5
7,0929E-5
7,3135E-5
7,3286E-5
7,2284E-5
7,2448E-5
7,2408E-5
7,053E-5
7,1417E-5
7,334E-5
7,2254E-5
7,5964E-5
7,1125E-5
6,9616E-5
7,2656E-5
7,3219E-5
7,2401E-5
7,1454E-5
7,4208E-5
7,2612E-5
7,3002E-5
7,2585E-5
7,2471E-5
7,1076E-5
7,1711E-5
7,1255E-5
7,2084E-5
7,0918E-5
7,1419E-5
7,3535E-5
7,2158E-5
7,2567E-5
7,2893E-5
7,2497E-5
7,0824E-5
7,3024E-5
7,264E-5
7,075E-5
7,0302E-5
7,2311E-5
7,0905E-5
7,0309E-5
7,0252E-5
6,9427E-5
7,0557E-5
7,0162E-5
6,8003E-5
6,9825E-5
7,0776E-5
6,9415E-5
6,9953E-5
6,6129E-5
8,4096E-5
7,0252E-5
7,0827E-5
6,9868E-5
6,8863E-5
6,895E-5
7,0026E-5
7,3216E-5
7,1033E-5
7,0564E-5
7,0295E-5
6,9147E-5
6,9871E-5
7,0443E-5
7,0408E-5
6,8928E-5
6,9427E-5
6,9951E-5
6,938E-5
7,7141E-5
7,6244E-5
7,1855E-5
7,1065E-5
7,368E-5
7,0946E-5
7,0679E-5
7,2525E-5
7,3031E-5
7,1271E-5
7,082E-5
7,1005E-5
7,2583E-5
7,2258E-5
7,1379E-5
7,1163E-5
7,1914E-5
7,2312E-5
7,2422E-5
7,1736E-5
7,1114E-5
7,1052E-5
7,1302E-5
7,2562E-5
7,1483E-5
7,2171E-5
7,1043E-5
7,0414E-5
7,3344E-5
7,5899E-5
7,1701E-5
7,0101E-5
7,028E-5
7,2965E-5
7,2748E-5
7,2379E-5
7,112E-5
7,328E-5
7,1148E-5
7,3637E-5
7,142E-5
7,3345E-5
7,2763E-5
7,0492E-5
8,875E-5
7,8713E-5
7,087E-5
7,1315E-5
7,2829E-5
7,1291E-5
7,1992E-5
7,4065E-5
7,2534E-5
7,1128E-5
7,1129E-5
7,0414E-5
7,2162E-5
7,2332E-5
7,1512E-5
7,1565E-5
7,1652E-5
6,9341E-5
7,6484E-5
7,2313E-5
6,9985E-5
7,0624E-5
7,0149E-5
7,4397E-5
7,4408E-5
7,2663E-5
7,0245E-5
7,6275E-5
7,0304E-5
7,4138E-5
7,4109E-5
7,5391E-5
7,3513E-5
7,4522E-5
7,3179E-5
7,3255E-5
7,2029E-5
7,355E-5
7,1516E-5
7,6309E-5
7,2262E-5
7,3288E-5
7,3238E-5
7,2292E-5
6,9884E-5
7,0244E-5
7,1433E-5
7,791E-5
7,3705E-5
