0,003290478
0,003550632
0,002380573
0,002823329
0,002935729
0,002367792
0,004251855
0,005015231
0,002877185
0,00213013
0,003108812
0,012854186
0,002148479
0,006256872
0,001855103
0,002893589
0,001349596
0,001585601
0,001456777
0,001887702
0,002779973
0,001584073
0,002944065
0,001872398
0,001357809
0,001381967
0,001331838
0,002594804
0,002084196
0,002724495
0,001776309
0,001357661
0,001281446
0,001430029
0,001382706
0,001185542
0,001234046
0,003615859
0,002245748
0,00146339
0,001214608
0,001288073
0,001329264
0,001266755
0,001175741
0,001189283
0,001208813
0,001238393
0,001293126
0,001245782
0,001225356
0,001200677
0,003580774
0,001299093
9,515E-4
9,22866E-4
0,002597546
0,002293695
0,002665893
9,69834E-4
9,68743E-4
0,001035408
0,001047697
0,00114752
0,001290249
0,001060767
0,001001469
9,83593E-4
0,001121259
0,00116272
0,001343566
0,001117132
0,001166771
0,001156501
9,3471E-4
9,60878E-4
9,58212E-4
9,6568E-4
0,001115588
0,001014674
0,001295373
8,94945E-4
9,30787E-4
9,99495E-4
0,001058462
0,001132332
0,00114184
0,001042297
0,001268917
9,8256E-4
9,54236E-4
9,11886E-4
8,81131E-4
9,83146E-4
9,05904E-4
8,79468E-4
0,001038077
9,95005E-4
9,48853E-4
0,001129955
0,001078932
0,001323033
0,002705278
9,37169E-4
9,39969E-4
9,24765E-4
9,43582E-4
9,2869E-4
9,15129E-4
9,23989E-4
9,08029E-4
9,21584E-4
9,07871E-4
9,20531E-4
9,20268E-4
9,1669E-4
9,06674E-4
9,0703E-4
9,09091E-4
9,04902E-4
8,99044E-4
9,1371E-4
9,2915E-4
9,33341E-4
9,20947E-4
9,54084E-4
9,62241E-4
0,001126445
9,19789E-4
9,09629E-4
9,15753E-4
9,28956E-4
8,94942E-4
9,81345E-4
9,46029E-4
8,99302E-4
9,14907E-4
9,54929E-4
9,01092E-4
9,1468E-4
9,3692E-4
9,15082E-4
9,07396E-4
9,15518E-4
0,001002358
9,10849E-4
9,28275E-4
9,1263E-4
0,001002014
8,55631E-4
9,25015E-4
8,83701E-4
0,001046147
0,002274548
9,09371E-4
9,43316E-4
9,67089E-4
9,75597E-4
9,57275E-4
9,19509E-4
9,23138E-4
9,45244E-4
9,08912E-4
9,32524E-4
9,47738E-4
9,39281E-4
9,19335E-4
8,73339E-4
9,29581E-4
9,34855E-4
9,18876E-4
9,09328E-4
8,89687E-4
9,14211E-4
8,9771E-4
8,83306E-4
8,9886E-4
9,19796E-4
9,02755E-4
8,85742E-4
9,08575E-4
9,21098E-4
8,97308E-4
8,5533E-4
9,15186E-4
9,13709E-4
8,88322E-4
9,03916E-4
9,99373E-4
9,90055E-4
9,33094E-4
9,65928E-4
9,4855E-4
8,90707E-4
9,38483E-4
9,35962E-4
9,30354E-4
9,12867E-4
9,12195E-4
9,13244E-4
8,92669E-4
9,27204E-4
9,43801E-4
9,43764E-4
0,003020557
9,50467E-4
9,16895E-4
9,76688E-4
9,04651E-4
9,33723E-4
9,01805E-4
9,81992E-4
9,94566E-4
9,1078E-4
9,30849E-4
9,7805E-4
9,47696E-4
9,17648E-4
9,30597E-4
9,44606E-4
9,07866E-4
8,64714E-4
9,31199E-4
9,13948E-4
8,67959E-4
9,66342E-4
9,43507E-4
9,17028E-4
9,09354E-4
8,94915E-4
9,00878E-4
9,22764E-4
9,51174E-4
9,57294E-4
9,72871E-4
8,91675E-4
9,72335E-4
9,55213E-4
9,49496E-4
9,40737E-4
9,10711E-4
9,6937E-4
9,85522E-4
9,68741E-4
9,7463E-4
9,93771E-4
9,74164E-4
9,31774E-4
9,73688E-4
9,49511E-4
9,00129E-4
8,93643E-4
9,17461E-4
0,001020962
9,03021E-4
9,70326E-4
0,001019549
9,06979E-4
0,001058244
0,001122623
0,001140191
0,001100894
0,001126825
0,001163526
0,001059647
9,39525E-4
9,93035E-4
9,91755E-4
0,001103883
0,001097773
0,001131934
0,001264159
0,001100008
0,001103028
0,001113871
0,001190164
0,001132742
0,001127754
0,001170968
0,001171995
0,001125414
0,001149614
0,001107091
0,001076095
0,001164509
0,001109723
0,001075706
0,001118297
0,001120953
0,001090738
0,001106061
0,001108448
0,001098198
0,001131649
0,001087227
0,001154649
0,001116534
0,001174527
0,001155378
0,001112314
0,001101523
0,001233247
0,001077788
0,001112245
0,001096761
0,001170152
0,001107899
0,001109542
0,002860598
9,39227E-4
9,22794E-4
9,87175E-4
9,9226E-4
9,09622E-4
9,77766E-4
0,001061987
0,001003408
0,001027492
9,83535E-4
9,6209E-4
9,69436E-4
9,60425E-4
0,001022683
9,43761E-4
9,10665E-4
9,05247E-4
0,001000795
0,001081244
9,6829E-4
9,94976E-4
9,02703E-4
9,39802E-4
9,906E-4
0,001013607
9,66943E-4
9,5374E-4
9,41686E-4
9,74425E-4
9,94187E-4
9,17498E-4
9,48421E-4
9,13189E-4
9,18418E-4
9,10917E-4
9,19406E-4
9,11314E-4
0,001034312
9,55854E-4
9,77386E-4
0,001220272
0,001055312
9,12451E-4
9,0373E-4
8,78892E-4
9,51228E-4
9,5687E-4
9,05869E-4
8,91637E-4
9,21E-4
9,25928E-4
9,10749E-4
8,80623E-4
9,22549E-4
8,82812E-4
9,39068E-4
9,66724E-4
9,20174E-4
9,66121E-4
9,92021E-4
9,79422E-4
8,99905E-4
9,6907E-4
9,90382E-4
9,02995E-4
9,29601E-4
9,64878E-4
8,55589E-4
9,9719E-4
9,77208E-4
8,88318E-4
8,942E-4
9,115E-4
0,001045589
0,001045877
0,001001901
9,60387E-4
9,5687E-4
9,38952E-4
9,18295E-4
9,10605E-4
9,21907E-4
9,09727E-4
9,37302E-4
9,24247E-4
9,16552E-4
9,36212E-4
9,16167E-4
8,85876E-4
9,58924E-4
0,001020965
0,001250069
9,13351E-4
9,79394E-4
9,25048E-4
9,18164E-4
9,33699E-4
9,39912E-4
9,34819E-4
9,75813E-4
0,001128566
0,001197944
0,003074333
9,21802E-4
9,78886E-4
9,12681E-4
9,11995E-4
9,20647E-4
9,45678E-4
9,48267E-4
9,29935E-4
8,79368E-4
9,36056E-4
9,25536E-4
9,28829E-4
9,17199E-4
8,9236E-4
8,79553E-4
9,71815E-4
8,94428E-4
9,39007E-4
9,13339E-4
8,9282E-4
9,06618E-4
8,898E-4
8,81517E-4
8,63341E-4
8,92045E-4
8,79809E-4
8,84078E-4
9,00885E-4
9,20974E-4
8,92232E-4
9,11005E-4
9,51386E-4
9,27894E-4
9,3486E-4
9,13223E-4
8,79396E-4
9,30774E-4
8,92338E-4
8,7556E-4
9,47729E-4
9,03625E-4
8,91261E-4
8,92712E-4
9,1254E-4
9,22604E-4
9,04543E-4
9,38343E-4
9,26914E-4
9,05463E-4
9,41766E-4
9,42576E-4
9,36888E-4
9,00558E-4
9,03407E-4
9,7064E-4
9,38136E-4
9,10168E-4
0,001020605
9,64776E-4
9,41899E-4
9,68301E-4
9,05096E-4
8,97175E-4
9,25704E-4
8,95032E-4
8,88923E-4
9,33671E-4
8,80675E-4
9,76077E-4
9,05448E-4
9,12804E-4
9,38451E-4
0,001018729
9,73202E-4
8,93335E-4
0,001030109
9,75233E-4
9,73024E-4
9,59653E-4
9,28586E-4
8,49825E-4
8,73752E-4
8,85346E-4
9,15126E-4
9,66867E-4
9,68822E-4
0,001029699
9,3126E-4
9,20381E-4
0,001004771
9,34999E-4
8,79117E-4
9,1633E-4
9,25908E-4
9,4498E-4
9,02791E-4
9,37775E-4
8,92482E-4
0,001003394
0,001053588
0,001040217
0,001014595
8,79371E-4
0,001034702
0,001147293
0,001113736
0,001053274
0,001053192
0,001065272
9,77937E-4
0,001171607
9,50961E-4
9,26848E-4
9,58727E-4
9,7322E-4
0,001002879
0,001136851
0,001067341
0,001066141
0,00103801
0,001078984
0,001061036
0,00104966
0,001142178
0,001142776
0,001138213
0,001129356
0,001183261
0,001132023
0,001082946
0,001083074
0,001052617
0,001059795
0,001214622
0,001104187
0,001157743
0,001137114
0,001113839
0,001067423
0,001046421
0,001070887
0,001072013
0,001055707
0,001065111
0,001037792
0,001066897
0,001072343
0,001070865
0,001104403
0,001096885
0,001079562
0,001073444
0,001109393
0,001029907
0,001056058
0,001082304
0,001027998
0,001144105
0,001064474
0,001137579
0,001089451
0,001043063
0,001120646
0,001101986
0,001101687
0,001089869
0,001086512
0,001149981
0,00113635
0,001156873
0,001101774
0,001092063
0,001036588
0,001113739
0,001079195
0,00109207
0,001072169
0,001077314
0,00112774
0,001093631
0,001113297
0,0010696
0,001091273
0,001064391
0,001117439
0,001071387
0,001049038
0,00107931
0,001033883
0,001058332
0,001112956
0,001068145
0,001073916
0,001120263
0,001064431
0,001053496
0,001145858
0,001107175
0,001052846
0,001056143
0,001086964
0,001090805
0,001114609
0,001132291
0,001075206
0,001065894
0,001179748
0,003740331
8,77959E-4
8,77822E-4
8,87628E-4
9,36643E-4
8,55869E-4
9,17526E-4
8,86571E-4
8,89701E-4
9,04251E-4
9,31356E-4
9,3282E-4
9,06702E-4
9,25531E-4
9,73186E-4
9,2297E-4
9,66002E-4
9,09504E-4
8,7168E-4
9,15019E-4
0,001014895
9,1642E-4
9,38698E-4
8,91633E-4
9,25908E-4
8,91152E-4
9,15001E-4
9,13924E-4
0,001028682
9,14915E-4
9,35157E-4
8,8761E-4
8,88814E-4
8,58623E-4
8,86729E-4
9,08383E-4
8,64277E-4
8,91175E-4
8,96402E-4
8,67837E-4
9,03684E-4
8,77884E-4
8,76447E-4
8,83689E-4
8,75682E-4
9,55812E-4
8,82585E-4
8,78283E-4
0,001327331
0,001717171
0,001720659
0,001688898
0,00135368
9,29811E-4
9,03978E-4
8,87851E-4
9,16967E-4
9,18419E-4
9,06285E-4
8,90384E-4
9,61304E-4
9,59605E-4
9,49479E-4
9,51884E-4
9,36924E-4
8,71572E-4
8,91602E-4
8,81733E-4
9,25718E-4
9,03085E-4
8,82351E-4
8,71671E-4
8,70202E-4
8,93933E-4
8,63482E-4
8,75804E-4
9,04507E-4
8,50326E-4
0,001012447
8,95654E-4
8,77311E-4
0,001106443
9,11583E-4
9,27828E-4
9,00098E-4
9,27539E-4
9,41326E-4
9,39448E-4
9,72729E-4
9,00136E-4
9,01727E-4
8,8874E-4
9,4377E-4
9,00541E-4
8,82091E-4
8,969E-4
9,35343E-4
8,63896E-4
8,57169E-4
8,77634E-4
0,001102911
0,001701918
0,001770607
0,001057003
9,61772E-4
9,45609E-4
9,63142E-4
0,001022396
9,53963E-4
9,32817E-4
9,65136E-4
9,43015E-4
9,09658E-4
9,18231E-4
9,12253E-4
9,28469E-4
9,29464E-4
9,90371E-4
9,48707E-4
9,26924E-4
8,65339E-4
8,7349E-4
9,01698E-4
9,53265E-4
8,96406E-4
9,31125E-4
9,39305E-4
9,77697E-4
8,71915E-4
8,90494E-4
8,95617E-4
8,75716E-4
8,72352E-4
8,96734E-4
9,03008E-4
9,19709E-4
8,82708E-4
9,29552E-4
9,40277E-4
8,94498E-4
9,19916E-4
8,70892E-4
8,65038E-4
8,96691E-4
8,79061E-4
9,74061E-4
9,80315E-4
9,89033E-4
0,00101498
0,001029603
8,97794E-4
9,2485E-4
9,84017E-4
9,17258E-4
9,2021E-4
9,17981E-4
9,01859E-4
9,23912E-4
0,001037513
9,16705E-4
9,18188E-4
0,001145207
0,001120707
9,75332E-4
9,42916E-4
9,8995E-4
9,65824E-4
0,00111286
9,16047E-4
9,83356E-4
0,001018411
0,001001992
9,17519E-4
8,68172E-4
9,08412E-4
9,12271E-4
8,92604E-4
8,97436E-4
8,91294E-4
8,95923E-4
8,68095E-4
9,59043E-4
9,33592E-4
9,45631E-4
8,74915E-4
8,74478E-4
0,002774249
0,001052983
9,12836E-4
9,30932E-4
9,08917E-4
8,71891E-4
8,6196E-4
8,94937E-4
8,37915E-4
8,69356E-4
9,09226E-4
9,85613E-4
8,96268E-4
0,001010208
0,001024505
0,001595915
0,001820897
0,00196627
0,002137816
0,002143854
0,002094927
0,002300667
0,002800361
0,001080742
0,001705682
0,001681555
0,001681837
0,001703474
0,001705048
0,001679521
0,001680445
8,67633E-4
0,001147488
8,91056E-4
9,18493E-4
8,91021E-4
9,13845E-4
9,32614E-4
9,0146E-4
8,98643E-4
9,41992E-4
8,94402E-4
9,10816E-4
8,93767E-4
8,96732E-4
8,64717E-4
8,98375E-4
9,13344E-4
8,7982E-4
0,001289999
0,001912119
0,001918642
0,001894293
0,001922585
0,001921992
0,001115923
0,001143402
9,02968E-4
9,26895E-4
9,42771E-4
9,04225E-4
9,17564E-4
8,77665E-4
9,69467E-4
9,30197E-4
8,63551E-4
8,77676E-4
8,70459E-4
8,87628E-4
8,73695E-4
9,27749E-4
9,03457E-4
9,23184E-4
9,26383E-4
9,3791E-4
8,8234E-4
9,3E-4
8,69461E-4
8,65968E-4
9,40682E-4
9,30123E-4
9,43484E-4
8,81282E-4
9,02709E-4
9,5033E-4
9,13284E-4
8,574E-4
9,00557E-4
9,20109E-4
9,67299E-4
9,45084E-4
8,99631E-4
9,60909E-4
9,11904E-4
9,1023E-4
9,12865E-4
8,99954E-4
9,6063E-4
0,001014399
9,37454E-4
8,89129E-4
8,94158E-4
9,19875E-4
9,68274E-4
9,37231E-4
9,20649E-4
9,4966E-4
9,5498E-4
8,69195E-4
9,06064E-4
8,83195E-4
9,19533E-4
9,22613E-4
8,89265E-4
8,75082E-4
8,92911E-4
8,53938E-4
8,5767E-4
9,30949E-4
9,17532E-4
9,03027E-4
8,6344E-4
9,28034E-4
9,1907E-4
9,4521E-4
9,08973E-4
8,76364E-4
9,55565E-4
8,96556E-4
8,88036E-4
8,78923E-4
8,72109E-4
8,73824E-4
8,65179E-4
8,63661E-4
9,14087E-4
8,90828E-4
9,09934E-4
9,26493E-4
8,77351E-4
8,62515E-4
8,86596E-4
9,05347E-4
9,13397E-4
0,001086123
0,002142178
0,001964835
9,34065E-4
8,71614E-4
8,80235E-4
9,13361E-4
0,001044079
9,1513E-4
8,84842E-4
8,67362E-4
9,43766E-4
8,91022E-4
8,95064E-4
9,56235E-4
9,02211E-4
8,71928E-4
9,20886E-4
8,53607E-4
0,001030289
0,001685854
0,001714883
0,00168593
0,001700639
0,001682741
0,001671783
0,001697872
0,001667856
8,7674E-4
9,15821E-4
8,94305E-4
8,9162E-4
8,8125E-4
8,68206E-4
8,81721E-4
8,92763E-4
8,55214E-4
9,00485E-4
8,66258E-4
8,56999E-4
9,06732E-4
8,80818E-4
9,16493E-4
9,65248E-4
9,8682E-4
8,414E-4
8,71777E-4
8,62766E-4
8,82278E-4
8,72859E-4
9,35194E-4
9,53856E-4
9,25492E-4
8,77304E-4
0,00102899
8,64129E-4
9,69667E-4
9,52443E-4
0,001033802
9,49854E-4
9,34026E-4
9,04908E-4
8,98369E-4
9,24018E-4
0,001015664
9,07662E-4
8,88441E-4
9,42261E-4
8,72584E-4
9,15112E-4
8,76315E-4
8,61845E-4
9,01232E-4
8,77384E-4
9,21125E-4
9,11436E-4
8,71879E-4
9,00177E-4
9,07821E-4
9,35446E-4
9,17664E-4
8,63856E-4
8,5752E-4
8,86826E-4
9,0523E-4
9,40051E-4
9,7713E-4
0,001079047
0,001054786
0,001049956
0,001005552
0,00114249
0,001090773
0,001132633
0,001154186
0,001114063
0,00116992
0,001139905
0,001089132
0,001085191
0,001068103
0,001039902
0,001047396
0,001073695
0,001052671
0,001045604
0,001062166
0,001063148
0,001063352
0,001139806
0,001173546
0,001185507
0,001132028
0,001104816
0,001116545
0,001045383
0,001107595
0,001134955
0,001082469
0,001088384
0,00109848
0,001130105
0,001165095
0,001132911
0,001125839
0,001207834
0,00115459
0,001069468
0,00106738
0,001089237
0,001078497
0,001089213
0,001090904
0,001077798
0,001056194
0,001043448
0,001032266
0,00103045
0,001029295
0,001044984
0,001078866
0,001064223
0,00105937
0,00114374
0,001092229
0,001210504
0,001229093
0,001081324
0,001045121
0,00111626
0,001087989
0,001093151
0,001061222
0,001070079
0,001162574
0,001043567
0,001047511
0,001099168
0,001044466
0,001036108
0,001023826
0,001036559
0,001028923
0,001034794
0,001083835
0,001128464
0,001075523
0,001080083
0,001123075
0,00113181
0,001034348
0,001189539
0,001116229
0,001164921
0,001088079
0,00111273
0,00112685
0,001143219
0,001113231
0,001164934
0,001101868
0,001152774
0,001103744
0,00106286
0,001099738
0,001088329
0,001104979
0,001151615
0,001183941
0,001083888
0,001096846
0,001114633
0,00114701
0,001084225
0,001167618
0,001158181
0,001047014
0,001182032
0,001079908
0,001056827
0,001083708
0,001135834
0,001074522
0,001047001
0,001052619
0,001075331
0,001137402
0,001168584
0,001168722
0,001148301
0,001059558
0,001070334
0,001115311
0,001215941
0,001180924
0,0011215
0,001072224
0,001117093
0,001060596
0,00107146
0,001072754
0,00108992
0,001095553
0,001070833
0,001082541
0,001096019
0,001081352
0,001098153
0,001135129
0,001056204
0,001121815
0,001163209
0,001110031
0,001150949
0,001096587
0,00107862
0,001088822
0,001050876
0,001075383
0,001078123
0,001073608
0,001126713
0,001132693
0,001070663
0,001097941
0,001076189
0,001131911
0,001091154
0,001146568
0,001106058
0,001163083
0,001108832
0,001205233
0,001122941
0,001091745
0,001165662
0,001116375
0,00110527
0,001088301
0,001136652
0,001081877
0,001112243
0,001094287
0,001097491
0,00109214
0,001086201
0,001093733
0,00105767
0,001119277
0,001060156
0,001101318
0,001141845
0,001082028
0,001055985
0,001058999
0,001031282
0,001082117
0,001061493
0,001106836
0,001093657
0,001077123
0,001123598
0,001055501
0,001077381
0,001107108
0,001138216
0,001130413
0,001054073
0,001083855
0,001033457
0,001047286
0,001074
0,001066673
0,00359506
9,71357E-4
9,45442E-4
9,20163E-4
8,73112E-4
8,82388E-4
9,4507E-4
9,26474E-4
9,1476E-4
9,60961E-4
8,84903E-4
9,04521E-4
9,68041E-4
9,70334E-4
8,91886E-4
9,93807E-4
9,53035E-4
9,35147E-4
0,001056504
9,46669E-4
0,001051508
0,001005368
9,51737E-4
0,001061538
8,98889E-4
9,04554E-4
9,23966E-4
9,15846E-4
9,34873E-4
9,59129E-4
9,46195E-4
0,00101981
8,71052E-4
9,58424E-4
9,29736E-4
9,57167E-4
9,23627E-4
9,5765E-4
9,15688E-4
8,86418E-4
9,73229E-4
9,37096E-4
9,94937E-4
9,16911E-4
9,21093E-4
9,02865E-4
9,44567E-4
8,94494E-4
8,74144E-4
9,08919E-4
8,76499E-4
9,35621E-4
9,50827E-4
9,41007E-4
9,3382E-4
9,04552E-4
9,04848E-4
9,08824E-4
9,42869E-4
9,66896E-4
9,84706E-4
0,001023145
9,15792E-4
9,71975E-4
9,95369E-4
9,93745E-4
0,001466444
0,001076057
0,001093163
9,55036E-4
9,78327E-4
0,00103072
9,32271E-4
0,001049096
9,76311E-4
9,27337E-4
9,82357E-4
9,69274E-4
9,15765E-4
9,44232E-4
9,53873E-4
9,33779E-4
9,54638E-4
9,24402E-4
9,42282E-4
9,36449E-4
9,5823E-4
9,80299E-4
9,98838E-4
9,69391E-4
9,21441E-4
9,40158E-4
9,61736E-4
9,21018E-4
9,24092E-4
9,29422E-4
9,5434E-4
9,75257E-4
9,37312E-4
9,69183E-4
8,95747E-4
9,22919E-4
9,47902E-4
0,001021939
9,53875E-4
8,85346E-4
9,60132E-4
9,29474E-4
8,86009E-4
9,42791E-4
9,68457E-4
8,8355E-4
9,46605E-4
9,9545E-4
8,71844E-4
8,9704E-4
9,0943E-4
8,93025E-4
9,04256E-4
9,07012E-4
8,79726E-4
8,83535E-4
8,92672E-4
8,81247E-4
8,96761E-4
8,93353E-4
9,25948E-4
8,93679E-4
9,03068E-4
8,95476E-4
8,85534E-4
9,15689E-4
9,10921E-4
0,001006051
9,44303E-4
9,24338E-4
8,82299E-4
8,76266E-4
8,65691E-4
9,21112E-4
9,21488E-4
9,57885E-4
9,11631E-4
8,87071E-4
9,48944E-4
9,20386E-4
9,46005E-4
9,16528E-4
9,33442E-4
9,36353E-4
9,56808E-4
8,60268E-4
0,001047329
8,90119E-4
8,81492E-4
9,36618E-4
9,19266E-4
9,41714E-4
9,62398E-4
8,82457E-4
9,0332E-4
8,62212E-4
8,99993E-4
9,0343E-4
8,68864E-4
9,07744E-4
8,73245E-4
8,81525E-4
0,001021828
9,04278E-4
8,96272E-4
8,89658E-4
8,96485E-4
9,06555E-4
9,90894E-4
8,75747E-4
0,001077173
0,001025701
8,98686E-4
8,81841E-4
9,19786E-4
8,91278E-4
8,91866E-4
9,42865E-4
9,24611E-4
9,3078E-4
9,63642E-4
9,69194E-4
9,58144E-4
8,85166E-4
9,26667E-4
8,83842E-4
9,54044E-4
9,06512E-4
9,38525E-4
9,12911E-4
9,03928E-4
8,73046E-4
8,95877E-4
9,26401E-4
9,05687E-4
8,7994E-4
8,7033E-4
8,85766E-4
8,97749E-4
9,00154E-4
8,82089E-4
8,82706E-4
8,83167E-4
9,0022E-4
9,01566E-4
9,98966E-4
9,23565E-4
9,23952E-4
8,8239E-4
9,30553E-4
9,3319E-4
9,38892E-4
9,83802E-4
9,42003E-4
9,25271E-4
0,001011221
9,08231E-4
8,92386E-4
8,9437E-4
9,18848E-4
8,76604E-4
9,17374E-4
9,81641E-4
8,72305E-4
9,83256E-4
9,47235E-4
9,13164E-4
9,09283E-4
9,21883E-4
9,71699E-4
9,72701E-4
9,46315E-4
9,0689E-4
8,99437E-4
8,85787E-4
9,25337E-4
9,17845E-4
9,09088E-4
9,08154E-4
9,36078E-4
8,87701E-4
8,74837E-4
9,75447E-4
9,61006E-4
8,4641E-4
9,96072E-4
9,99106E-4
9,76789E-4
8,94574E-4
8,84278E-4
8,68456E-4
9,13357E-4
9,44025E-4
0,001032188
0,001014371
9,58405E-4
9,13418E-4
9,23891E-4
9,86091E-4
8,91061E-4
8,83097E-4
9,53165E-4
9,43686E-4
9,45396E-4
8,93773E-4
9,20778E-4
9,00818E-4
9,10882E-4
9,937E-4
9,49808E-4
8,67062E-4
8,99643E-4
8,79633E-4
8,69107E-4
9,23242E-4
8,95755E-4
9,4001E-4
9,21405E-4
8,8583E-4
8,49126E-4
8,99588E-4
9,40099E-4
9,1984E-4
9,15047E-4
8,50018E-4
8,51548E-4
8,60512E-4
9,37013E-4
9,07278E-4
8,72772E-4
8,75616E-4
8,69808E-4
8,90689E-4
8,69446E-4
8,88212E-4
9,33769E-4
8,77843E-4
8,71363E-4
8,60074E-4
9,18248E-4
8,57659E-4
9,04935E-4
8,86123E-4
8,81736E-4
8,6581E-4
9,2728E-4
8,90611E-4
8,87628E-4
8,68835E-4
8,9419E-4
9,01579E-4
9,21431E-4
8,90701E-4
9,3745E-4
9,08638E-4
9,86441E-4
9,10508E-4
9,34968E-4
9,65355E-4
9,3275E-4
9,96212E-4
9,03985E-4
9,06366E-4
8,75429E-4
9,0343E-4
8,9907E-4
8,76028E-4
8,83099E-4
8,78005E-4
8,75483E-4
9,19652E-4
9,11407E-4
9,07338E-4
9,01523E-4
9,18272E-4
8,87737E-4
8,99109E-4
9,27651E-4
8,9442E-4
9,42063E-4
9,47312E-4
8,37728E-4
8,9037E-4
9,6522E-4
8,65368E-4
9,36224E-4
0,001017667
9,71383E-4
9,19381E-4
8,95411E-4
8,96065E-4
8,74577E-4
8,66656E-4
8,76005E-4
8,87188E-4
9,26436E-4
8,75761E-4
8,73303E-4
8,94726E-4
9,05412E-4
8,78513E-4
8,90954E-4
9,29489E-4
8,67736E-4
9,31376E-4
9,4501E-4
9,39724E-4
9,355E-4
9,62142E-4
9,7957E-4
9,13842E-4
9,02144E-4
8,63473E-4
8,68953E-4
8,74245E-4
8,34866E-4
8,88996E-4
8,95501E-4
0,001043358
8,96165E-4
8,8355E-4
9,09416E-4
9,32693E-4
9,00967E-4
9,74107E-4
9,80677E-4
9,57232E-4
0,001019128
8,81679E-4
9,17693E-4
9,26814E-4
8,73912E-4
8,92196E-4
8,81054E-4
8,68489E-4
8,8218E-4
8,72059E-4
9,00082E-4
8,76293E-4
9,3468E-4
9,06972E-4
8,88191E-4
8,86159E-4
9,36635E-4
9,35241E-4
8,82844E-4
9,57701E-4
9,01018E-4
0,003767456
0,001028994
9,51244E-4
9,69808E-4
9,06346E-4
8,9521E-4
9,11211E-4
9,09311E-4
8,85518E-4
9,02217E-4
9,24327E-4
9,8359E-4
9,42786E-4
9,08643E-4
9,49656E-4
0,001000574
9,29869E-4
9,04515E-4
8,91881E-4
8,72123E-4
8,84473E-4
8,87296E-4
9,38578E-4
8,87697E-4
8,90779E-4
8,8309E-4
9,89119E-4
9,38597E-4
9,55888E-4
9,10181E-4
9,09333E-4
8,74497E-4
0,001013441
9,54665E-4
9,22069E-4
9,29389E-4
9,25948E-4
8,95105E-4
9,41918E-4
8,80833E-4
9,54583E-4
9,54008E-4
9,22451E-4
9,18933E-4
8,84351E-4
8,80471E-4
8,85872E-4
9,68917E-4
9,04788E-4
9,51422E-4
8,861E-4
8,94224E-4
8,77695E-4
8,81844E-4
8,77546E-4
8,77948E-4
9,14381E-4
8,88834E-4
9,61347E-4
8,80842E-4
9,24009E-4
8,81679E-4
9,28706E-4
8,97998E-4
8,9792E-4
9,48884E-4
8,97739E-4
9,13348E-4
9,54668E-4
8,8206E-4
8,79949E-4
9,42783E-4
9,26997E-4
9,32088E-4
8,88049E-4
9,41224E-4
9,3932E-4
9,14016E-4
8,66566E-4
8,45648E-4
8,90348E-4
8,8415E-4
9,42164E-4
8,97784E-4
0,001002547
9,32826E-4
8,9569E-4
8,7977E-4
8,50069E-4
9,06815E-4
8,56299E-4
8,91396E-4
8,5402E-4
8,69636E-4
8,77953E-4
8,79018E-4
8,69323E-4
8,8146E-4
9,18783E-4
8,98472E-4
8,97673E-4
9,19373E-4
9,28794E-4
9,65886E-4
8,81278E-4
9,02142E-4
8,76896E-4
9,1559E-4
9,05772E-4
8,88876E-4
9,13051E-4
9,03929E-4
9,41747E-4
9,17335E-4
8,77157E-4
0,001012318
9,9377E-4
8,9939E-4
9,27849E-4
0,001010702
0,001003392
0,001015951
8,80183E-4
9,24121E-4
9,11021E-4
0,001018193
9,01982E-4
0,001038704
9,19331E-4
9,58959E-4
9,42592E-4
8,52215E-4
8,48555E-4
8,84298E-4
8,84046E-4
8,32272E-4
9,10425E-4
9,19189E-4
0,001418524
0,001654503
0,001714476
0,001647167
0,001706183
0,001661593
0,001665084
8,98934E-4
8,83275E-4
9,05882E-4
9,56508E-4
9,35413E-4
9,07894E-4
9,42764E-4
9,72026E-4
9,51851E-4
9,8955E-4
0,001033509
9,43662E-4
9,25789E-4
8,69548E-4
9,97883E-4
9,53355E-4
0,001031361
0,001126924
9,13962E-4
0,001041232
0,001006575
0,001045495
9,50793E-4
9,03911E-4
8,344E-4
9,22595E-4
8,9842E-4
9,0447E-4
9,52681E-4
9,37129E-4
9,16269E-4
8,47842E-4
9,9454E-4
9,84621E-4
8,92359E-4
9,20513E-4
9,49828E-4
9,20712E-4
8,98787E-4
9,81232E-4
0,001019436
9,13413E-4
9,37529E-4
8,91223E-4
8,65016E-4
9,21659E-4
9,65935E-4
8,80425E-4
9,60916E-4
9,0996E-4
9,00911E-4
9,52923E-4
9,43261E-4
9,11758E-4
9,11589E-4
9,01054E-4
9,09586E-4
9,59146E-4
9,57264E-4
9,4351E-4
9,41347E-4
9,21151E-4
0,001002414
9,59878E-4
9,52277E-4
9,52704E-4
8,63491E-4
9,55122E-4
9,3197E-4
9,91E-4
8,93897E-4
8,64474E-4
8,61885E-4
8,65918E-4
9,2866E-4
8,55869E-4
9,17925E-4
8,88948E-4
8,77001E-4
8,55571E-4
8,60752E-4
8,5261E-4
8,64146E-4
8,66503E-4
8,58554E-4
9,18438E-4
9,13319E-4
8,76254E-4
8,6498E-4
8,62043E-4
8,54407E-4
8,65664E-4
8,61144E-4
8,95528E-4
9,0047E-4
8,8996E-4
8,57832E-4
8,50377E-4
9,0099E-4
8,82456E-4
9,25319E-4
8,69119E-4
8,42596E-4
9,13768E-4
0,001017806
8,96086E-4
8,87167E-4
9,20794E-4
8,98638E-4
9,134E-4
9,5498E-4
9,07614E-4
8,79989E-4
8,78579E-4
8,59847E-4
9,29233E-4
8,87968E-4
9,20593E-4
8,92548E-4
9,36725E-4
9,29306E-4
9,55033E-4
9,08841E-4
9,46434E-4
9,14569E-4
9,05688E-4
8,77258E-4
9,0459E-4
8,68633E-4
8,79876E-4
8,6792E-4
9,38647E-4
9,4008E-4
8,68716E-4
8,9845E-4
8,55561E-4
8,6169E-4
8,58497E-4
8,98154E-4
8,77062E-4
9,11339E-4
8,64887E-4
8,80083E-4
9,03616E-4
8,69044E-4
9,10806E-4
9,55804E-4
8,99161E-4
8,86017E-4
8,62411E-4
8,77708E-4
8,78581E-4
9,01017E-4
9,02284E-4
8,76084E-4
8,80771E-4
8,99036E-4
8,7456E-4
8,90854E-4
8,62893E-4
8,50772E-4
8,96958E-4
8,7948E-4
9,22001E-4
8,98714E-4
9,55119E-4
9,5752E-4
9,18668E-4
9,57422E-4
8,95296E-4
9,01444E-4
9,07979E-4
9,22365E-4
8,74903E-4
9,19502E-4
8,89262E-4
9,20045E-4
9,04159E-4
9,10683E-4
9,42235E-4
9,45355E-4
8,98025E-4
9,29997E-4
9,28073E-4
9,20027E-4
8,93635E-4
9,00452E-4
8,79362E-4
8,86314E-4
9,08331E-4
8,57848E-4
9,11171E-4
8,80944E-4
8,50989E-4
9,15158E-4
9,53718E-4
8,76294E-4
8,54147E-4
9,44209E-4
9,72084E-4
9,29261E-4
8,81974E-4
9,10024E-4
9,17856E-4
8,54003E-4
9,19063E-4
9,79707E-4
8,76338E-4
9,3865E-4
9,21051E-4
8,86534E-4
8,73962E-4
8,88688E-4
8,63482E-4
9,02226E-4
8,88187E-4
9,09524E-4
8,93816E-4
8,91917E-4
9,69591E-4
9,15214E-4
8,84905E-4
8,75401E-4
8,8894E-4
9,20837E-4
9,47896E-4
9,33653E-4
9,15584E-4
9,68228E-4
8,86495E-4
8,78221E-4
9,79239E-4
8,95829E-4
8,84029E-4
8,62197E-4
9,23085E-4
8,64437E-4
9,02286E-4
8,56594E-4
9,25491E-4
9,85859E-4
9,19598E-4
8,87869E-4
9,33228E-4
8,83208E-4
8,79065E-4
9,08579E-4
9,20758E-4
8,93053E-4
8,99403E-4
9,10539E-4
9,71609E-4
9,11184E-4
9,75292E-4
8,86608E-4
8,73027E-4
9,21059E-4
9,33879E-4
8,98783E-4
8,96705E-4
9,17968E-4
8,71653E-4
9,74037E-4
9,79747E-4
9,67411E-4
8,66019E-4
9,87769E-4
9,27669E-4
9,17962E-4
8,84745E-4
8,82014E-4
8,69672E-4
9,42825E-4
0,001027047
0,001020168
0,001006705
0,001056521
0,001100809
0,001020234
0,001039249
0,001038279
0,001060479
0,001064513
0,001086202
0,001089813
0,001097582
0,001114826
0,001084888
0,001067265
0,001071447
0,001097583
0,001062867
0,001055706
0,001112947
0,001148541
0,001115784
0,001129666
0,001158483
0,001134059
0,001092424
0,001061773
0,001046362
0,001143554
0,001121639
0,001168874
0,001115133
0,001092108
0,001119025
0,001084329
0,001131768
0,001234603
0,001209284
0,001339509
0,001081297
0,001082044
0,001074572
0,001092559
0,001075059
0,001084472
0,001086064
0,00107627
0,001070337
0,00107106
0,001065118
0,001049888
0,001103273
0,001179827
0,001074457
0,001094319
0,00113816
0,001102502
0,001111122
0,001091049
0,001052626
0,001087451
0,001079777
0,001143332
0,001095745
0,001121956
0,00105324
0,001081609
0,001068842
0,001139394
0,001075331
0,001061745
0,001105223
0,001072501
0,001038354
0,001069133
0,00110904
0,001077623
0,00113821
0,001056421
0,001062823
0,001066897
0,001045271
0,001076708
0,001053154
0,001057984
0,001096981
0,001115793
0,001073905
0,001069007
0,001087174
0,001051826
0,001119458
0,001075712
0,001063424
0,00108917
0,00106548
0,001167388
0,001091011
0,001088883
0,00107714
0,00104817
0,001068072
0,00109116
0,001114535
0,001099952
0,001089264
0,001115823
0,001051817
0,001045982
0,001087336
0,001040681
0,00108829
0,001035315
0,001055581
0,001075715
0,001014571
0,00103397
0,001056008
0,00106723
0,001058473
0,001048147
0,001080164
0,001068577
0,001069986
0,001130167
0,001086187
0,001085756
0,001062457
0,001106904
0,001085384
0,001100206
0,001059888
0,001064474
0,001094356
0,001054725
0,001033991
0,001082259
0,001088641
0,001151715
0,001190773
0,001231736
0,001091992
0,001088467
0,001053706
0,001133271
0,001206826
0,001180343
0,001098251
0,001210565
0,001128514
0,001069088
0,001082667
0,001069066
0,001087397
0,001086305
0,001124071
0,001130284
0,001121621
0,001071283
0,001074645
0,001080489
0,001071825
0,001138762
0,001115111
0,001100629
0,00121988
0,001191139
0,00129265
0,001103796
0,001067864
0,001137953
0,001118294
0,001129361
0,001120611
0,001085899
0,001065083
0,00107536
0,001090752
0,001091867
0,0010677
0,001063817
0,001066793
0,001048962
0,001130429
0,001090078
0,001052689
0,001095622
0,001088108
0,001053007
0,001039716
0,00110878
0,00107337
0,001119292
0,001280422
0,00113332
0,001150837
0,001152951
0,001039068
0,001049098
0,001056236
0,001170011
0,001225278
0,001135126
0,001150525
0,001063879
0,0010615
0,001059097
0,001059408
0,001058579
0,001403925
0,001070066
0,001070511
0,00107438
0,001059295
0,001073382
0,001331658
0,001071316
0,001125036
0,001077412
0,001094979
0,001090439
0,001142366
0,001127038
0,001151877
0,001187392
0,001051076
0,001116357
0,001075794
0,001101728
0,001073737
0,001089004
0,001131974
0,001072743
0,001066578
0,001037581
0,001126275
0,001049667
0,001077159
0,001100202
0,00107622
0,001121336
0,001077261
0,001053032
0,001116299
0,001078457
0,001097552
0,001042079
0,005232674
9,87259E-4
9,24974E-4
0,001034545
9,71946E-4
9,10594E-4
9,89645E-4
0,001014958
9,38157E-4
9,17805E-4
9,04054E-4
8,98916E-4
9,76916E-4
9,82392E-4
9,54324E-4
9,7678E-4
9,31848E-4
8,87581E-4
9,17111E-4
9,14106E-4
8,88246E-4
9,7893E-4
9,56364E-4
8,81987E-4
0,001076059
9,5907E-4
8,91978E-4
9,29638E-4
9,66279E-4
9,55867E-4
9,88463E-4
9,53162E-4
9,05614E-4
9,21177E-4
9,09213E-4
9,0099E-4
9,38649E-4
9,06881E-4
9,10529E-4
9,91837E-4
9,6818E-4
9,61324E-4
9,20045E-4
9,00657E-4
9,15108E-4
9,13633E-4
9,23376E-4
9,02681E-4
9,00765E-4
9,56651E-4
8,99224E-4
9,5019E-4
9,23298E-4
9,14986E-4
9,33243E-4
9,41127E-4
8,99033E-4
9,07214E-4
9,25802E-4
9,28056E-4
9,49662E-4
9,72358E-4
9,64422E-4
9,75608E-4
9,57695E-4
9,52091E-4
9,20086E-4
0,001017038
0,001023016
0,001006083
9,17403E-4
9,11119E-4
9,37396E-4
9,15931E-4
9,58333E-4
8,8659E-4
8,76311E-4
9,2074E-4
9,31541E-4
9,11257E-4
9,29002E-4
8,89573E-4
8,94008E-4
8,97133E-4
8,71736E-4
8,84869E-4
8,88898E-4
8,99182E-4
9,00572E-4
9,37567E-4
9,47314E-4
9,33363E-4
8,75739E-4
8,7161E-4
8,40837E-4
9,17089E-4
8,94827E-4
9,38916E-4
9,07552E-4
9,16E-4
8,7989E-4
9,13793E-4
0,001018914
9,18789E-4
9,32623E-4
9,57953E-4
9,39852E-4
8,9397E-4
9,58767E-4
9,50076E-4
8,99018E-4
9,23202E-4
0,001014973
9,06229E-4
9,0711E-4
9,03236E-4
9,17442E-4
8,94961E-4
9,14273E-4
9,21314E-4
9,08363E-4
9,99664E-4
9,0107E-4
9,00364E-4
9,42542E-4
9,03867E-4
8,9235E-4
9,2194E-4
8,89708E-4
9,02477E-4
8,92387E-4
9,03011E-4
8,93457E-4
9,17738E-4
9,37127E-4
9,11665E-4
9,8164E-4
9,33028E-4
9,09508E-4
9,19031E-4
0,001044568
9,53484E-4
9,55101E-4
9,11415E-4
9,40431E-4
9,13326E-4
9,91048E-4
9,24768E-4
9,02439E-4
8,79882E-4
8,66266E-4
8,84189E-4
8,69799E-4
8,71049E-4
8,9631E-4
9,34083E-4
9,13644E-4
9,08709E-4
9,0555E-4
8,84607E-4
9,82863E-4
9,49201E-4
9,0318E-4
8,76875E-4
9,63896E-4
9,29333E-4
9,01019E-4
9,30689E-4
9,4728E-4
0,001035437
8,87327E-4
9,1231E-4
9,54127E-4
9,62816E-4
9,62055E-4
9,06148E-4
9,81785E-4
9,17914E-4
0,001029489
8,97119E-4
8,97308E-4
8,90393E-4
8,84584E-4
9,20715E-4
8,85114E-4
9,48357E-4
8,86299E-4
0,001000644
0,001001342
9,48524E-4
8,60176E-4
8,75941E-4
8,78255E-4
8,89349E-4
9,05522E-4
0,001001894
9,99524E-4
9,3131E-4
8,68854E-4
8,57643E-4
8,84115E-4
9,3898E-4
9,04638E-4
9,10635E-4
8,77373E-4
8,92052E-4
9,03506E-4
9,52475E-4
9,12807E-4
9,76738E-4
9,32942E-4
0,001031289
9,38983E-4
9,58639E-4
0,001011726
0,001012524
9,0792E-4
9,67364E-4
8,83028E-4
9,58781E-4
0,001005464
0,001013441
9,01249E-4
8,785E-4
9,32721E-4
9,91842E-4
9,5308E-4
0,001022722
0,001029421
9,58049E-4
9,55659E-4
9,38974E-4
9,27166E-4
8,57477E-4
8,87091E-4
8,74533E-4
8,50051E-4
9,44615E-4
9,05541E-4
8,51863E-4
8,73678E-4
8,61301E-4
9,22245E-4
8,39009E-4
8,36932E-4
9,19954E-4
9,24511E-4
9,22358E-4
8,41507E-4
9,1107E-4
9,03921E-4
8,83E-4
8,57886E-4
8,51643E-4
8,83589E-4
9,43324E-4
9,11975E-4
8,78626E-4
8,66457E-4
8,52727E-4
8,70536E-4
8,62423E-4
8,41079E-4
8,96069E-4
8,88442E-4
9,6679E-4
9,06894E-4
9,01683E-4
9,19701E-4
8,85974E-4
8,88305E-4
8,67799E-4
8,80101E-4
8,54073E-4
8,69423E-4
8,56464E-4
8,81532E-4
8,89752E-4
9,00165E-4
8,94978E-4
9,25486E-4
9,25416E-4
8,43849E-4
8,93027E-4
9,17996E-4
0,001002021
9,89094E-4
8,80449E-4
8,84357E-4
9,27895E-4
9,10112E-4
8,98313E-4
8,83412E-4
8,94385E-4
8,96387E-4
9,54789E-4
9,72837E-4
0,001038532
0,001029325
9,69137E-4
9,23931E-4
9,03339E-4
9,31874E-4
8,91196E-4
8,92241E-4
9,16539E-4
9,09397E-4
8,85492E-4
9,21063E-4
9,28574E-4
9,40392E-4
8,99906E-4
8,95507E-4
8,90458E-4
9,01877E-4
9,99627E-4
0,001000928
9,19856E-4
9,67139E-4
9,98482E-4
9,26766E-4
9,28645E-4
9,02995E-4
8,78143E-4
8,94395E-4
9,80943E-4
9,13502E-4
9,05499E-4
8,9841E-4
9,32149E-4
8,75901E-4
9,10096E-4
9,2747E-4
9,886E-4
9,42506E-4
9,52279E-4
8,72735E-4
9,14432E-4
9,13252E-4
9,33426E-4
9,36147E-4
9,21716E-4
9,4166E-4
9,04493E-4
9,136E-4
9,14149E-4
8,89396E-4
9,02846E-4
8,4213E-4
9,26514E-4
9,5238E-4
9,63485E-4
9,58272E-4
9,69274E-4
8,88973E-4
9,0672E-4
9,21945E-4
9,23348E-4
8,71761E-4
8,55251E-4
8,48978E-4
8,60567E-4
8,74127E-4
8,75952E-4
9,17307E-4
9,31723E-4
8,77625E-4
8,95513E-4
9,09912E-4
9,44435E-4
9,52767E-4
8,82351E-4
8,74855E-4
8,84872E-4
8,48929E-4
8,94992E-4
8,93742E-4
9,7955E-4
8,93609E-4
9,14708E-4
8,78586E-4
8,88654E-4
8,77154E-4
8,89276E-4
8,71636E-4
8,88457E-4
9,39769E-4
9,70894E-4
0,001000777
8,67595E-4
9,33824E-4
8,8028E-4
9,45282E-4
9,48573E-4
9,06833E-4
9,11628E-4
9,20278E-4
9,01568E-4
8,81019E-4
8,65812E-4
8,82633E-4
8,76469E-4
9,28218E-4
9,40513E-4
9,00236E-4
9,02416E-4
9,11051E-4
9,15361E-4
8,89491E-4
9,27705E-4
9,00268E-4
9,51231E-4
8,90564E-4
9,48689E-4
9,371E-4
9,04258E-4
9,34484E-4
9,20333E-4
9,19695E-4
9,10689E-4
9,44467E-4
9,74448E-4
9,71309E-4
9,35635E-4
9,42673E-4
9,05245E-4
9,47446E-4
8,89055E-4
9,06754E-4
8,93665E-4
8,84313E-4
8,79811E-4
9,05304E-4
9,31012E-4
9,2273E-4
9,70797E-4
9,87624E-4
8,93916E-4
9,47567E-4
9,84139E-4
9,1302E-4
8,55947E-4
8,71207E-4
8,77528E-4
9,01876E-4
9,29689E-4
9,08276E-4
9,60735E-4
9,12837E-4
9,37406E-4
8,9787E-4
9,05864E-4
9,31136E-4
9,48523E-4
9,11768E-4
9,22486E-4
9,75894E-4
8,82594E-4
9,50405E-4
8,59459E-4
8,69835E-4
8,92784E-4
8,87568E-4
9,40013E-4
9,20528E-4
9,22444E-4
9,35919E-4
0,001005008
9,19404E-4
9,9471E-4
9,81206E-4
9,36503E-4
8,9845E-4
8,92476E-4
8,56208E-4
8,86202E-4
9,22693E-4
9,02021E-4
8,71845E-4
9,03842E-4
9,29134E-4
9,31179E-4
9,29489E-4
8,87054E-4
8,871E-4
8,73603E-4
8,70344E-4
8,69107E-4
8,81387E-4
9,15413E-4
9,21433E-4
9,13203E-4
9,18004E-4
8,68343E-4
9,73666E-4
9,39085E-4
8,92004E-4
8,58173E-4
8,82178E-4
8,9893E-4
9,00969E-4
0,001008829
9,39586E-4
8,7583E-4
8,93869E-4
9,4311E-4
8,93652E-4
9,1667E-4
9,22921E-4
8,36399E-4
8,86901E-4
8,81166E-4
9,17322E-4
9,60018E-4
8,88939E-4
8,80389E-4
9,22551E-4
9,05172E-4
9,06659E-4
9,28374E-4
9,05857E-4
8,77153E-4
8,69159E-4
9,28539E-4
9,51882E-4
9,17061E-4
8,9759E-4
9,2049E-4
9,35149E-4
9,00775E-4
8,8007E-4
8,98469E-4
9,6276E-4
8,81397E-4
8,91374E-4
9,08537E-4
9,7733E-4
9,32974E-4
9,10565E-4
9,86015E-4
8,89223E-4
9,47814E-4
8,66502E-4
9,30719E-4
8,78941E-4
8,74636E-4
9,26521E-4
8,92156E-4
8,9492E-4
9,40532E-4
8,89429E-4
8,57386E-4
8,83175E-4
9,1947E-4
9,26091E-4
8,87546E-4
9,06346E-4
9,25728E-4
8,97788E-4
8,84125E-4
9,0831E-4
9,39299E-4
9,12441E-4
8,83284E-4
9,08929E-4
9,08888E-4
8,96875E-4
8,91423E-4
8,99823E-4
9,49609E-4
9,34897E-4
9,18753E-4
9,23855E-4
9,29225E-4
9,1368E-4
9,72779E-4
9,65827E-4
8,8211E-4
9,30854E-4
9,08184E-4
9,30885E-4
9,55129E-4
0,001003127
9,21604E-4
9,04242E-4
8,96033E-4
8,9446E-4
9,26467E-4
9,65109E-4
9,16848E-4
9,40999E-4
9,21733E-4
9,7769E-4
9,15883E-4
9,2886E-4
9,36439E-4
8,92744E-4
8,98289E-4
8,71461E-4
8,98241E-4
8,98145E-4
8,96155E-4
8,81499E-4
8,94798E-4
8,89897E-4
9,00953E-4
8,90793E-4
9,15715E-4
9,10066E-4
8,71719E-4
8,83281E-4
8,11663E-4
8,61068E-4
8,9766E-4
9,41652E-4
9,26498E-4
8,98485E-4
9,00149E-4
9,43692E-4
9,68189E-4
9,12826E-4
9,34486E-4
0,001006333
9,18403E-4
9,3992E-4
9,57379E-4
9,22031E-4
8,89434E-4
8,50961E-4
8,85146E-4
8,92871E-4
9,40833E-4
8,8755E-4
9,37031E-4
9,23155E-4
9,04866E-4
0,001005664
8,79622E-4
9,07231E-4
9,89538E-4
9,68009E-4
9,25201E-4
9,30882E-4
9,58933E-4
9,17757E-4
8,61944E-4
9,28295E-4
9,14123E-4
8,78852E-4
9,12477E-4
9,4419E-4
9,10608E-4
0,001004564
9,33918E-4
9,25404E-4
9,58512E-4
9,62518E-4
9,39264E-4
9,0151E-4
9,15291E-4
9,13418E-4
9,30925E-4
9,09947E-4
9,17668E-4
9,39127E-4
9,22377E-4
9,89708E-4
9,44796E-4
9,97771E-4
9,21089E-4
9,14609E-4
0,001030976
9,49891E-4
9,60046E-4
9,47071E-4
9,11521E-4
9,56159E-4
9,59735E-4
