0,002543208
8,79738E-4
8,83404E-4
0,001195398
8,0604E-4
0,001073585
0,003936793
4,31886E-4
0,001812405
0,001329892
4,09993E-4
4,08289E-4
7,53486E-4
2,71876E-4
0,001170943
0,001263171
4,97396E-4
2,39551E-4
2,3269E-4
2,38651E-4
2,32931E-4
2,3879E-4
2,5969E-4
2,94651E-4
2,26975E-4
3,22652E-4
3,04472E-4
2,4352E-4
2,41832E-4
2,49663E-4
2,46828E-4
2,44652E-4
2,31311E-4
2,51982E-4
2,35694E-4
2,45503E-4
2,43494E-4
2,44248E-4
3,1529E-4
2,6398E-4
2,90302E-4
2,28983E-4
2,28218E-4
2,31616E-4
2,42368E-4
2,31227E-4
2,29895E-4
2,44542E-4
2,49894E-4
2,42026E-4
3,28516E-4
3,22581E-4
3,68357E-4
2,25821E-4
2,28409E-4
2,35179E-4
2,42423E-4
2,43924E-4
2,48733E-4
3,55541E-4
3,46658E-4
2,80508E-4
3,00003E-4
2,91259E-4
2,64338E-4
2,29564E-4
3,88564E-4
3,80881E-4
3,51804E-4
3,88346E-4
3,67384E-4
3,80755E-4
3,6722E-4
3,64574E-4
3,81369E-4
3,934E-4
3,83473E-4
3,60188E-4
3,84152E-4
3,79976E-4
4,01304E-4
3,88578E-4
3,88133E-4
2,56297E-4
2,27804E-4
2,32533E-4
2,43138E-4
2,53485E-4
2,43242E-4
2,28989E-4
2,35609E-4
2,45824E-4
2,34003E-4
2,53306E-4
2,45678E-4
2,44715E-4
2,5273E-4
2,31125E-4
2,4502E-4
2,39339E-4
2,43597E-4
2,25899E-4
2,47035E-4
2,32443E-4
2,46905E-4
2,45268E-4
2,46695E-4
2,35905E-4
2,394E-4
2,48679E-4
2,46044E-4
2,42869E-4
2,46126E-4
2,34058E-4
2,35998E-4
2,60176E-4
2,75175E-4
2,38058E-4
2,51432E-4
2,44307E-4
2,36309E-4
2,44266E-4
2,47312E-4
2,32935E-4
2,33108E-4
2,48664E-4
2,50855E-4
2,30914E-4
2,52891E-4
2,46762E-4
2,45059E-4
2,27583E-4
3,28833E-4
4,02807E-4
2,8631E-4
2,44756E-4
3,45994E-4
3,68431E-4
3,91115E-4
3,82023E-4
3,73526E-4
3,56287E-4
3,68818E-4
3,859E-4
3,64241E-4
3,76254E-4
3,82184E-4
4,11221E-4
3,96058E-4
3,64463E-4
3,89396E-4
3,61875E-4
3,99423E-4
3,78632E-4
3,917E-4
3,81219E-4
4,13609E-4
3,69428E-4
3,89473E-4
3,79501E-4
3,8465E-4
3,81982E-4
3,5611E-4
3,63413E-4
3,79613E-4
3,87143E-4
3,67619E-4
3,83404E-4
3,60957E-4
3,82532E-4
3,82624E-4
2,6863E-4
2,43389E-4
2,40156E-4
2,39567E-4
2,45107E-4
2,51451E-4
2,27314E-4
2,37953E-4
2,35924E-4
2,48759E-4
2,45713E-4
2,40786E-4
2,26607E-4
2,50939E-4
2,31916E-4
2,26313E-4
2,49991E-4
2,40657E-4
2,43252E-4
2,41942E-4
2,53943E-4
2,38301E-4
2,67503E-4
2,48445E-4
2,46295E-4
2,45081E-4
2,4378E-4
2,33193E-4
2,33915E-4
2,43412E-4
2,47747E-4
2,47491E-4
2,43781E-4
2,36369E-4
2,42439E-4
2,29945E-4
2,42598E-4
2,43893E-4
2,49765E-4
2,5039E-4
2,53383E-4
2,33596E-4
2,44597E-4
2,48961E-4
2,42153E-4
2,46767E-4
2,47811E-4
2,46445E-4
2,31278E-4
2,69143E-4
2,41641E-4
2,3786E-4
2,46423E-4
2,50981E-4
2,47976E-4
2,37865E-4
2,4526E-4
2,36814E-4
2,53985E-4
2,63481E-4
2,42642E-4
2,328E-4
2,45467E-4
2,46295E-4
2,5621E-4
2,58324E-4
2,46941E-4
2,48493E-4
2,34178E-4
2,32789E-4
2,29537E-4
2,27326E-4
2,44912E-4
2,36265E-4
2,41889E-4
2,5098E-4
2,29795E-4
2,43611E-4
2,5126E-4
2,6248E-4
2,47981E-4
2,66335E-4
3,79508E-4
0,001623307
2,29247E-4
2,68737E-4
2,33257E-4
2,55671E-4
2,30956E-4
2,45295E-4
2,43059E-4
2,29107E-4
2,44445E-4
2,52437E-4
2,29694E-4
2,34675E-4
2,40925E-4
2,47178E-4
2,48071E-4
2,32027E-4
2,61505E-4
2,28077E-4
2,28407E-4
2,49838E-4
2,40278E-4
2,43042E-4
2,27465E-4
2,59485E-4
2,321E-4
2,42979E-4
2,25746E-4
2,28975E-4
2,29496E-4
2,51808E-4
2,41554E-4
2,3048E-4
2,45536E-4
2,44999E-4
2,51555E-4
2,32766E-4
2,28671E-4
2,31362E-4
2,3271E-4
2,34009E-4
2,43461E-4
2,57703E-4
2,4131E-4
2,44569E-4
2,41441E-4
2,27067E-4
2,40058E-4
2,26843E-4
2,29657E-4
2,53702E-4
2,47245E-4
2,83974E-4
2,29216E-4
2,25565E-4
2,29379E-4
2,29825E-4
2,42742E-4
2,2704E-4
2,33617E-4
2,47292E-4
2,2822E-4
2,33935E-4
2,58387E-4
2,27873E-4
2,31017E-4
2,46185E-4
2,44018E-4
2,49599E-4
2,41577E-4
2,68035E-4
2,27607E-4
2,31732E-4
2,33551E-4
2,44335E-4
2,3316E-4
2,27646E-4
2,64218E-4
2,36671E-4
2,48147E-4
2,73293E-4
4,11545E-4
4,93528E-4
3,98567E-4
3,57178E-4
3,61175E-4
3,80093E-4
3,77623E-4
3,60446E-4
4,02759E-4
4,04488E-4
4,65255E-4
8,25731E-4
4,27631E-4
4,61868E-4
5,47732E-4
3,60863E-4
4,23591E-4
3,65049E-4
3,8068E-4
3,77593E-4
3,62533E-4
4,14107E-4
3,85627E-4
3,83862E-4
3,69433E-4
3,83514E-4
3,71607E-4
3,7976E-4
3,6037E-4
3,60776E-4
3,80615E-4
3,92006E-4
0,004381707
3,62729E-4
3,78787E-4
3,78984E-4
0,003377829
3,851E-4
0,004072467
0,001138844
4,6562E-4
4,64421E-4
4,49013E-4
0,00132051
3,62001E-4
3,64798E-4
3,91539E-4
3,82943E-4
3,81789E-4
3,64903E-4
3,60306E-4
3,84018E-4
3,77481E-4
3,70277E-4
3,62965E-4
3,92353E-4
3,9727E-4
3,84731E-4
3,83614E-4
3,84517E-4
3,67721E-4
3,56553E-4
3,82022E-4
3,85992E-4
3,63333E-4
3,5737E-4
3,78621E-4
3,69958E-4
3,81258E-4
3,78707E-4
3,56012E-4
3,86445E-4
3,77719E-4
3,62695E-4
3,87414E-4
2,42497E-4
2,28755E-4
2,43163E-4
2,48664E-4
2,43214E-4
2,33153E-4
2,47954E-4
2,47558E-4
2,32142E-4
2,43694E-4
2,69366E-4
2,46284E-4
2,27626E-4
2,4434E-4
2,45387E-4
2,46417E-4
2,75396E-4
2,50813E-4
2,42712E-4
2,34282E-4
2,33465E-4
2,45845E-4
2,3238E-4
2,44863E-4
2,26685E-4
2,42384E-4
2,48045E-4
2,42896E-4
2,30539E-4
2,43667E-4
2,39972E-4
2,38726E-4
2,32484E-4
2,26885E-4
2,44036E-4
2,45603E-4
2,48555E-4
2,33564E-4
2,46339E-4
2,25652E-4
2,47339E-4
2,46242E-4
2,38562E-4
2,32132E-4
2,28048E-4
2,42863E-4
2,43179E-4
2,39971E-4
2,43859E-4
2,28332E-4
2,44785E-4
2,43435E-4
2,45917E-4
2,33849E-4
2,48477E-4
2,47024E-4
2,41666E-4
2,44716E-4
2,27412E-4
2,29109E-4
2,3159E-4
2,25113E-4
2,39291E-4
2,33244E-4
2,34445E-4
2,45698E-4
2,41414E-4
2,415E-4
2,45747E-4
2,30987E-4
2,4477E-4
2,49288E-4
2,42957E-4
2,3851E-4
2,43096E-4
2,32679E-4
2,32839E-4
2,63168E-4
2,46168E-4
2,26871E-4
2,48138E-4
2,45758E-4
2,40425E-4
2,25828E-4
2,331E-4
2,33278E-4
2,25602E-4
2,45311E-4
2,28649E-4
3,6637E-4
3,58106E-4
3,8752E-4
3,28293E-4
3,41238E-4
2,92463E-4
2,92573E-4
3,28386E-4
2,83876E-4
3,49919E-4
3,31423E-4
3,51841E-4
3,57801E-4
3,66337E-4
3,5723E-4
3,47139E-4
3,18237E-4
3,62585E-4
3,64473E-4
3,74399E-4
3,30497E-4
3,3441E-4
3,47314E-4
3,55808E-4
3,2538E-4
3,23221E-4
2,44165E-4
2,26317E-4
2,41866E-4
2,45298E-4
2,28318E-4
2,28008E-4
2,63672E-4
2,48406E-4
2,51368E-4
2,44929E-4
2,29391E-4
2,30267E-4
2,31426E-4
2,33753E-4
2,30582E-4
2,4545E-4
2,46719E-4
2,32374E-4
2,75924E-4
2,41341E-4
2,44449E-4
2,50333E-4
2,36657E-4
2,42796E-4
2,44346E-4
2,3611E-4
2,41509E-4
2,64716E-4
4,80724E-4
0,002135711
2,42954E-4
2,4875E-4
2,29439E-4
2,27114E-4
2,40415E-4
2,45955E-4
2,29537E-4
2,51731E-4
2,41379E-4
2,37294E-4
2,29538E-4
2,30704E-4
2,43653E-4
2,45331E-4
2,34952E-4
2,24128E-4
2,40162E-4
2,48031E-4
2,42645E-4
2,49308E-4
2,47151E-4
2,46879E-4
2,33347E-4
2,27894E-4
2,53148E-4
2,6089E-4
2,25962E-4
2,2807E-4
2,45039E-4
2,48442E-4
2,43142E-4
2,41653E-4
2,26193E-4
2,43214E-4
2,38894E-4
2,26855E-4
2,26502E-4
2,44025E-4
2,27543E-4
2,52393E-4
2,27123E-4
2,43173E-4
2,41221E-4
2,34748E-4
2,33146E-4
2,44281E-4
2,41238E-4
2,40429E-4
2,33742E-4
2,43373E-4
2,64513E-4
2,43112E-4
2,41885E-4
2,29899E-4
2,31241E-4
2,48378E-4
2,44852E-4
2,2951E-4
2,44321E-4
2,30678E-4
2,44877E-4
2,45281E-4
2,2726E-4
2,44816E-4
2,4559E-4
2,46572E-4
2,51816E-4
2,45252E-4
2,23934E-4
2,46865E-4
2,3457E-4
2,40442E-4
2,3292E-4
2,34947E-4
2,32936E-4
2,47937E-4
2,49519E-4
2,43448E-4
2,51031E-4
2,27906E-4
2,43204E-4
2,33858E-4
2,28959E-4
2,42801E-4
2,49254E-4
2,30151E-4
2,51878E-4
2,33688E-4
2,2758E-4
2,69152E-4
2,4487E-4
2,29102E-4
2,29654E-4
2,37547E-4
2,46151E-4
2,42155E-4
2,48853E-4
2,29203E-4
2,91996E-4
3,76852E-4
3,58065E-4
2,30049E-4
2,44916E-4
2,28714E-4
2,42393E-4
2,28166E-4
2,28802E-4
2,47389E-4
2,47035E-4
2,42816E-4
2,40752E-4
2,4201E-4
2,41725E-4
3,55858E-4
3,1456E-4
4,32129E-4
2,73328E-4
2,43665E-4
2,34417E-4
2,40884E-4
2,31235E-4
2,29389E-4
2,41422E-4
2,44309E-4
3,37288E-4
3,90451E-4
4,56714E-4
4,71822E-4
4,44188E-4
4,10217E-4
5,10457E-4
3,84901E-4
4,74329E-4
4,50398E-4
5,00906E-4
4,65474E-4
3,89498E-4
4,83304E-4
4,28868E-4
4,78978E-4
5,28404E-4
5,34593E-4
4,57924E-4
4,71773E-4
3,91022E-4
3,79348E-4
3,82377E-4
3,60735E-4
3,59496E-4
3,82292E-4
3,75628E-4
3,63129E-4
3,77291E-4
3,80248E-4
3,71666E-4
3,7478E-4
3,76148E-4
3,85433E-4
3,5466E-4
3,59133E-4
3,82093E-4
3,59447E-4
3,77002E-4
3,84592E-4
4,0025E-4
3,84909E-4
3,60932E-4
3,61724E-4
3,93678E-4
3,62724E-4
3,76451E-4
3,67437E-4
3,57614E-4
3,77908E-4
3,82796E-4
3,73521E-4
3,69058E-4
3,52036E-4
3,61272E-4
3,75043E-4
3,62674E-4
3,96488E-4
3,56839E-4
3,59789E-4
3,84415E-4
3,82024E-4
3,81921E-4
3,82327E-4
3,78563E-4
3,81861E-4
2,42259E-4
2,44109E-4
2,41284E-4
2,31621E-4
2,36393E-4
2,44437E-4
2,93276E-4
3,47741E-4
2,44814E-4
2,40756E-4
2,49574E-4
2,43386E-4
2,44418E-4
2,47321E-4
2,34722E-4
2,42319E-4
2,33897E-4
2,33048E-4
2,4095E-4
2,43232E-4
2,42739E-4
2,49586E-4
2,34896E-4
2,42811E-4
2,29434E-4
2,33091E-4
2,49843E-4
2,44459E-4
2,42076E-4
2,47609E-4
2,31315E-4
2,51099E-4
2,29939E-4
2,50909E-4
2,41276E-4
2,28847E-4
2,44901E-4
2,28508E-4
2,2919E-4
2,44386E-4
2,279E-4
2,31689E-4
2,29877E-4
2,33236E-4
2,43915E-4
2,46687E-4
3,42892E-4
2,4441E-4
2,48813E-4
2,41768E-4
2,30888E-4
2,42276E-4
2,29059E-4
3,72454E-4
3,30689E-4
3,30805E-4
3,62658E-4
2,86317E-4
3,31024E-4
2,68947E-4
3,62425E-4
3,15163E-4
3,17265E-4
3,59925E-4
3,38608E-4
9,65966E-4
2,26606E-4
2,45627E-4
2,62463E-4
2,2753E-4
2,46756E-4
2,44704E-4
2,33466E-4
2,45273E-4
2,44212E-4
2,44076E-4
2,24746E-4
2,42226E-4
2,32904E-4
2,43753E-4
2,32486E-4
2,43619E-4
2,28877E-4
2,32705E-4
2,4152E-4
2,42755E-4
2,498E-4
2,25122E-4
2,46274E-4
2,43399E-4
2,41416E-4
2,28927E-4
2,42889E-4
2,46117E-4
2,40326E-4
2,32486E-4
2,39597E-4
2,33462E-4
2,42145E-4
2,3075E-4
2,42179E-4
2,3208E-4
2,43523E-4
2,33612E-4
2,4602E-4
2,42438E-4
2,27722E-4
2,25244E-4
2,45931E-4
2,44182E-4
2,34675E-4
2,41763E-4
2,27924E-4
2,42748E-4
2,28343E-4
2,28773E-4
2,30176E-4
2,42479E-4
2,51703E-4
2,45705E-4
2,38363E-4
2,44615E-4
2,39564E-4
2,27289E-4
2,4487E-4
2,43908E-4
2,25338E-4
2,50679E-4
2,42362E-4
2,48559E-4
2,60241E-4
2,46347E-4
2,39558E-4
2,3724E-4
2,43132E-4
2,43158E-4
2,36276E-4
2,4076E-4
2,4371E-4
2,40262E-4
2,40295E-4
2,41227E-4
2,41545E-4
2,25642E-4
2,43629E-4
2,42936E-4
2,48563E-4
2,288E-4
2,43098E-4
2,28526E-4
2,34095E-4
2,44548E-4
2,44864E-4
2,39224E-4
2,28884E-4
2,43577E-4
2,44296E-4
2,25955E-4
2,30259E-4
2,48193E-4
2,27601E-4
2,27703E-4
2,41037E-4
2,44726E-4
2,35373E-4
2,40117E-4
2,28146E-4
2,40054E-4
2,28783E-4
2,36785E-4
2,23622E-4
2,27006E-4
2,38762E-4
2,47227E-4
2,64715E-4
2,25797E-4
2,44877E-4
2,46991E-4
2,41873E-4
2,34523E-4
2,43595E-4
2,32822E-4
2,46494E-4
2,42778E-4
2,48979E-4
2,40886E-4
2,29207E-4
2,40734E-4
2,30874E-4
2,6564E-4
2,42862E-4
2,45402E-4
2,42481E-4
2,32114E-4
2,2939E-4
2,27401E-4
2,24061E-4
2,32412E-4
2,43239E-4
2,40339E-4
2,35139E-4
2,30999E-4
2,5817E-4
2,442E-4
2,45486E-4
2,31616E-4
2,41636E-4
2,42798E-4
2,29642E-4
2,63218E-4
2,26873E-4
2,32149E-4
2,42079E-4
2,60519E-4
2,29979E-4
2,41723E-4
2,39432E-4
2,42205E-4
2,31959E-4
2,40211E-4
2,40551E-4
2,40995E-4
2,43183E-4
2,26407E-4
2,42563E-4
2,45734E-4
2,29945E-4
2,33281E-4
2,46324E-4
2,43959E-4
2,26228E-4
2,29091E-4
2,34137E-4
2,43293E-4
2,57714E-4
2,45201E-4
2,23308E-4
2,3439E-4
2,41464E-4
2,40714E-4
2,30582E-4
2,62325E-4
2,26694E-4
2,43396E-4
2,4503E-4
2,46893E-4
2,41252E-4
3,73618E-4
2,46465E-4
2,29018E-4
2,4121E-4
2,44502E-4
2,3539E-4
2,31084E-4
2,28139E-4
2,51737E-4
2,33303E-4
2,46848E-4
2,25409E-4
2,48499E-4
2,35462E-4
2,43381E-4
2,44957E-4
2,37787E-4
2,62748E-4
2,27969E-4
2,36749E-4
2,43611E-4
2,32518E-4
2,47584E-4
2,43667E-4
2,51815E-4
2,48515E-4
2,29338E-4
2,28342E-4
2,27591E-4
2,29539E-4
3,6254E-4
2,42175E-4
2,40579E-4
2,39637E-4
2,30817E-4
2,5058E-4
2,40291E-4
2,40315E-4
2,30762E-4
2,48604E-4
2,27999E-4
2,418E-4
2,45873E-4
2,30504E-4
2,43199E-4
2,43534E-4
2,3796E-4
2,28479E-4
2,39687E-4
2,26237E-4
2,33483E-4
2,3455E-4
2,38024E-4
2,28982E-4
2,38297E-4
2,4177E-4
2,30377E-4
2,45592E-4
2,40631E-4
2,25232E-4
2,61759E-4
2,26653E-4
2,48692E-4
2,3072E-4
2,39257E-4
2,28884E-4
2,44214E-4
2,45074E-4
2,29426E-4
2,45868E-4
2,31566E-4
2,45321E-4
2,27509E-4
2,46278E-4
2,38789E-4
2,4142E-4
2,27543E-4
2,42431E-4
2,23979E-4
2,44266E-4
2,27549E-4
2,31335E-4
2,43211E-4
2,30352E-4
2,49501E-4
2,40579E-4
2,41923E-4
2,24136E-4
2,42648E-4
2,50454E-4
2,42555E-4
2,31212E-4
2,27934E-4
2,25546E-4
2,46209E-4
2,41587E-4
2,46325E-4
2,28972E-4
2,32279E-4
2,64624E-4
2,30278E-4
2,41042E-4
2,2511E-4
2,42122E-4
2,48577E-4
2,49012E-4
2,62975E-4
2,26199E-4
2,31752E-4
2,42882E-4
2,29757E-4
2,31579E-4
2,43278E-4
2,41961E-4
2,28345E-4
2,47999E-4
2,45648E-4
2,46641E-4
2,4595E-4
2,47967E-4
2,25297E-4
2,50102E-4
2,46347E-4
2,44814E-4
2,27116E-4
2,26822E-4
2,32528E-4
2,44043E-4
2,36231E-4
2,35228E-4
2,50597E-4
2,3934E-4
2,50066E-4
2,467E-4
2,4017E-4
2,44142E-4
2,33155E-4
2,42214E-4
2,45648E-4
2,40956E-4
2,42695E-4
2,32572E-4
2,29225E-4
2,30259E-4
2,45665E-4
2,42839E-4
2,43713E-4
2,26271E-4
2,44627E-4
2,41572E-4
2,45962E-4
2,46263E-4
2,44766E-4
2,2837E-4
2,60152E-4
2,44199E-4
2,2558E-4
2,43227E-4
2,46827E-4
2,2688E-4
2,39877E-4
2,40841E-4
2,26895E-4
2,48897E-4
2,39371E-4
2,49839E-4
2,3124E-4
2,29519E-4
2,28662E-4
2,40798E-4
2,47344E-4
2,407E-4
2,26569E-4
2,49796E-4
2,44073E-4
2,50959E-4
2,24135E-4
2,42973E-4
2,26164E-4
2,62354E-4
2,46834E-4
2,26191E-4
2,40999E-4
2,41209E-4
2,44157E-4
2,35812E-4
2,25343E-4
2,31796E-4
2,38708E-4
2,26882E-4
2,49478E-4
2,31099E-4
2,31E-4
2,41619E-4
2,31818E-4
2,45812E-4
2,24996E-4
2,43774E-4
3,64328E-4
3,69152E-4
3,48257E-4
3,82351E-4
3,62059E-4
3,66846E-4
2,88776E-4
3,87413E-4
3,65888E-4
3,7741E-4
3,83748E-4
3,79059E-4
3,67461E-4
3,82627E-4
3,85509E-4
3,57098E-4
3,81051E-4
3,61183E-4
3,7651E-4
3,61887E-4
3,77082E-4
3,89481E-4
4,46406E-4
4,42436E-4
4,57539E-4
4,91906E-4
4,73006E-4
4,90091E-4
4,94628E-4
4,32709E-4
4,33782E-4
4,54672E-4
3,90993E-4
3,75037E-4
3,81079E-4
3,57365E-4
3,8121E-4
3,84567E-4
3,80438E-4
3,5919E-4
3,61352E-4
3,84708E-4
3,61705E-4
3,82538E-4
3,64353E-4
3,88957E-4
3,95487E-4
3,62009E-4
3,76939E-4
3,61822E-4
3,95686E-4
3,69736E-4
3,86005E-4
3,79272E-4
3,836E-4
3,59681E-4
3,78199E-4
4,44126E-4
3,80763E-4
3,59541E-4
3,84797E-4
3,88303E-4
3,71154E-4
3,82741E-4
3,8764E-4
4,02431E-4
3,79732E-4
4,72112E-4
4,49044E-4
4,38144E-4
4,64719E-4
4,71289E-4
4,82872E-4
4,63296E-4
4,26285E-4
4,71189E-4
4,67482E-4
5,05901E-4
3,81195E-4
3,82359E-4
3,80521E-4
3,81478E-4
3,76042E-4
4,33088E-4
3,58663E-4
3,59784E-4
3,82824E-4
3,6197E-4
3,80187E-4
3,79199E-4
3,91468E-4
3,67734E-4
3,7737E-4
3,85059E-4
3,88182E-4
3,60085E-4
3,74674E-4
3,84051E-4
3,90338E-4
3,83643E-4
3,86399E-4
3,8725E-4
3,76762E-4
3,86655E-4
3,63898E-4
3,93018E-4
3,81196E-4
3,97391E-4
3,88337E-4
3,75582E-4
3,59544E-4
3,82512E-4
3,61235E-4
3,78636E-4
3,70023E-4
3,71103E-4
3,79387E-4
3,85237E-4
3,65982E-4
3,86093E-4
3,82597E-4
2,46353E-4
2,32413E-4
2,71422E-4
2,30948E-4
2,39989E-4
2,61783E-4
2,33651E-4
2,27668E-4
2,43212E-4
2,46783E-4
2,4072E-4
2,44129E-4
2,28669E-4
2,30971E-4
2,3088E-4
2,47391E-4
2,3552E-4
2,48957E-4
2,42628E-4
2,32777E-4
2,60788E-4
2,40889E-4
2,41691E-4
2,43169E-4
2,44243E-4
2,43794E-4
2,42962E-4
2,44495E-4
2,31945E-4
2,43214E-4
2,47711E-4
2,44651E-4
2,41773E-4
2,40844E-4
2,43255E-4
2,48357E-4
2,2766E-4
2,43169E-4
2,25282E-4
2,27255E-4
2,22859E-4
2,45432E-4
2,5041E-4
2,42855E-4
2,32174E-4
2,28956E-4
2,26766E-4
2,43136E-4
2,30917E-4
2,38166E-4
2,43118E-4
2,41715E-4
2,475E-4
2,27082E-4
2,68363E-4
2,45325E-4
2,41959E-4
2,41982E-4
2,4069E-4
2,25783E-4
2,41787E-4
2,31351E-4
2,42339E-4
2,33342E-4
2,58577E-4
2,26268E-4
2,46137E-4
2,40606E-4
2,27413E-4
2,45714E-4
2,45635E-4
2,60109E-4
2,34867E-4
2,45615E-4
2,25328E-4
2,39853E-4
2,29788E-4
2,4004E-4
2,27198E-4
2,40279E-4
2,38275E-4
2,32661E-4
2,48399E-4
2,44331E-4
2,30986E-4
2,32388E-4
2,47476E-4
2,41175E-4
2,49622E-4
2,4061E-4
2,29729E-4
2,28837E-4
2,43634E-4
2,43641E-4
2,26348E-4
2,38978E-4
2,42601E-4
2,51603E-4
2,49604E-4
9,43274E-4
2,46658E-4
2,31633E-4
2,40428E-4
2,42918E-4
2,29999E-4
2,33699E-4
2,64445E-4
2,28612E-4
2,47092E-4
2,4247E-4
2,28321E-4
2,43629E-4
2,30905E-4
2,31141E-4
2,51992E-4
2,26255E-4
2,28291E-4
2,37496E-4
2,2895E-4
2,41739E-4
2,32621E-4
2,40959E-4
2,3035E-4
2,43574E-4
2,39974E-4
2,39716E-4
2,27344E-4
2,43733E-4
2,39637E-4
2,42709E-4
2,43004E-4
2,31481E-4
2,42766E-4
2,46876E-4
2,28342E-4
2,39143E-4
2,47984E-4
2,50977E-4
2,48657E-4
2,48909E-4
2,45898E-4
2,31265E-4
2,47669E-4
2,25016E-4
2,49919E-4
2,39518E-4
2,27505E-4
2,26095E-4
2,42366E-4
2,46464E-4
2,41194E-4
2,25458E-4
2,30825E-4
2,25661E-4
2,31748E-4
2,4181E-4
2,35232E-4
2,44559E-4
2,41818E-4
2,50594E-4
2,27111E-4
2,41181E-4
2,28274E-4
2,45807E-4
2,45616E-4
2,43515E-4
2,32683E-4
2,36885E-4
2,33373E-4
2,46587E-4
2,32385E-4
2,49924E-4
2,46495E-4
2,4412E-4
2,27463E-4
2,27569E-4
2,40025E-4
2,27618E-4
2,40082E-4
2,41428E-4
2,2755E-4
2,29362E-4
2,4129E-4
2,30783E-4
2,44394E-4
2,41179E-4
2,29047E-4
2,30458E-4
2,33962E-4
2,4348E-4
2,43802E-4
2,42023E-4
2,41931E-4
2,47428E-4
2,25594E-4
2,23837E-4
2,5092E-4
2,31636E-4
2,43446E-4
2,29587E-4
2,32765E-4
2,28264E-4
2,50045E-4
2,33181E-4
2,26387E-4
2,39906E-4
2,29761E-4
2,52681E-4
2,37618E-4
2,30174E-4
2,53756E-4
2,26693E-4
2,43088E-4
2,40719E-4
2,45066E-4
2,32873E-4
2,46874E-4
2,25378E-4
2,47524E-4
2,44357E-4
2,43678E-4
2,26839E-4
2,48327E-4
2,35146E-4
2,41957E-4
2,4385E-4
2,25522E-4
2,27086E-4
2,38469E-4
2,48296E-4
2,45658E-4
2,28236E-4
2,42683E-4
2,43858E-4
2,41676E-4
2,4203E-4
2,27798E-4
2,4061E-4
2,66505E-4
2,46185E-4
2,40158E-4
2,27536E-4
2,43097E-4
2,53228E-4
2,38445E-4
2,34948E-4
2,44393E-4
2,32808E-4
2,42138E-4
2,34833E-4
2,38369E-4
2,45952E-4
2,36015E-4
2,42113E-4
2,33777E-4
2,4235E-4
2,42961E-4
2,74471E-4
2,43947E-4
2,4726E-4
2,37937E-4
2,31891E-4
2,44897E-4
2,281E-4
2,55556E-4
2,43716E-4
2,41851E-4
2,42715E-4
2,34725E-4
2,49582E-4
2,45137E-4
2,33148E-4
2,44596E-4
2,4405E-4
2,2799E-4
2,32969E-4
2,32664E-4
2,31012E-4
2,41101E-4
2,44937E-4
2,40905E-4
2,45886E-4
2,26534E-4
2,41719E-4
2,30105E-4
2,41082E-4
2,41321E-4
2,26844E-4
2,44398E-4
2,28221E-4
2,32071E-4
2,40812E-4
2,30029E-4
2,45217E-4
2,47199E-4
2,59867E-4
2,40113E-4
2,46179E-4
2,49471E-4
2,27505E-4
2,33914E-4
2,408E-4
2,50247E-4
2,33971E-4
2,44713E-4
2,28278E-4
2,36478E-4
2,26836E-4
2,49162E-4
2,48783E-4
2,46208E-4
2,25145E-4
2,4599E-4
2,45993E-4
2,4369E-4
2,2785E-4
2,488E-4
2,30658E-4
2,28032E-4
2,29964E-4
2,27079E-4
2,34492E-4
2,29687E-4
2,42694E-4
2,44392E-4
2,30472E-4
2,31267E-4
2,48369E-4
2,28153E-4
2,28057E-4
2,45149E-4
2,27542E-4
2,28094E-4
2,25812E-4
2,2904E-4
2,32027E-4
2,38436E-4
2,48875E-4
2,44536E-4
2,28122E-4
2,42247E-4
2,46354E-4
2,43689E-4
2,50287E-4
2,64924E-4
2,43859E-4
2,4132E-4
2,45296E-4
2,42551E-4
2,32891E-4
3,10984E-4
2,26525E-4
2,40642E-4
2,44383E-4
3,14934E-4
2,41956E-4
2,44287E-4
2,30972E-4
2,48172E-4
2,4441E-4
2,4281E-4
2,30884E-4
2,26091E-4
2,42334E-4
2,41581E-4
2,4058E-4
2,26265E-4
2,4105E-4
2,42187E-4
2,31182E-4
2,41949E-4
2,45311E-4
3,30561E-4
3,9028E-4
3,71854E-4
3,47845E-4
3,70549E-4
2,4357E-4
2,2542E-4
2,42008E-4
2,43146E-4
2,43489E-4
2,25242E-4
2,31931E-4
2,31877E-4
2,41053E-4
2,31912E-4
2,43683E-4
2,42896E-4
2,47936E-4
2,45055E-4
2,42412E-4
2,48944E-4
2,40084E-4
2,4921E-4
2,34158E-4
2,43679E-4
2,49762E-4
2,61715E-4
2,28113E-4
2,3165E-4
2,33785E-4
2,34932E-4
2,61125E-4
2,42302E-4
2,45228E-4
2,5154E-4
2,4501E-4
2,30133E-4
2,41514E-4
2,48779E-4
2,31125E-4
2,38754E-4
2,46922E-4
2,60893E-4
2,47971E-4
2,42118E-4
2,40699E-4
2,42824E-4
2,26694E-4
2,46724E-4
2,2535E-4
2,28917E-4
2,32252E-4
2,40705E-4
2,44295E-4
2,43581E-4
2,38585E-4
2,43926E-4
2,42662E-4
2,41803E-4
2,24977E-4
2,40692E-4
2,44798E-4
2,39563E-4
2,58973E-4
2,43084E-4
2,43698E-4
2,26582E-4
2,3776E-4
2,43314E-4
2,29857E-4
2,26941E-4
2,42533E-4
2,42101E-4
2,41169E-4
2,45425E-4
2,30857E-4
2,48208E-4
2,50147E-4
2,39232E-4
2,48977E-4
2,39297E-4
2,39516E-4
2,45412E-4
2,45798E-4
2,31421E-4
2,41014E-4
2,6237E-4
2,46693E-4
2,28993E-4
2,40812E-4
2,2672E-4
2,40244E-4
2,42582E-4
2,31042E-4
2,28088E-4
2,25474E-4
2,44781E-4
2,47241E-4
2,28084E-4
2,43063E-4
2,39964E-4
2,46758E-4
2,27929E-4
2,40115E-4
2,3088E-4
2,42899E-4
2,52739E-4
2,46063E-4
2,2695E-4
2,59899E-4
2,41299E-4
2,5133E-4
2,33228E-4
2,39447E-4
2,56846E-4
2,32124E-4
2,49121E-4
2,43704E-4
2,40467E-4
2,4148E-4
2,25889E-4
2,43546E-4
2,42729E-4
2,60973E-4
2,32015E-4
2,44356E-4
2,27142E-4
2,40158E-4
2,28887E-4
2,42953E-4
2,30757E-4
2,42739E-4
2,41157E-4
2,29E-4
2,40891E-4
2,48438E-4
2,32705E-4
2,43746E-4
2,45249E-4
2,40606E-4
2,27381E-4
2,31627E-4
2,56272E-4
2,4571E-4
2,34159E-4
2,51924E-4
2,25728E-4
2,2755E-4
2,27641E-4
2,33098E-4
2,61008E-4
2,41271E-4
2,2613E-4
2,27607E-4
2,5903E-4
2,2974E-4
2,43956E-4
2,32351E-4
2,64666E-4
2,47237E-4
2,29847E-4
2,26135E-4
2,42856E-4
2,43204E-4
2,45756E-4
2,5163E-4
2,27399E-4
2,40359E-4
2,45573E-4
2,40546E-4
2,45601E-4
2,56333E-4
2,30957E-4
2,25351E-4
2,50471E-4
2,41723E-4
2,40993E-4
2,37389E-4
2,25918E-4
2,44578E-4
2,42338E-4
2,27654E-4
2,30017E-4
2,44999E-4
2,28582E-4
2,53762E-4
3,53174E-4
3,42196E-4
3,65774E-4
3,47515E-4
3,28946E-4
2,30059E-4
3,4565E-4
3,43349E-4
2,47938E-4
2,46893E-4
2,62009E-4
2,42686E-4
2,64039E-4
2,35052E-4
2,47117E-4
2,25486E-4
2,34956E-4
2,4682E-4
2,25301E-4
2,40936E-4
2,42723E-4
2,29048E-4
2,27415E-4
2,23404E-4
2,40447E-4
2,38603E-4
2,35022E-4
2,5905E-4
2,33526E-4
2,40403E-4
2,28117E-4
2,47362E-4
2,4209E-4
2,28325E-4
2,65804E-4
2,23159E-4
2,29187E-4
2,45325E-4
2,33141E-4
2,60131E-4
2,48592E-4
2,3261E-4
2,27207E-4
2,39822E-4
2,4701E-4
2,42295E-4
2,31643E-4
2,3013E-4
2,2857E-4
2,44506E-4
2,32731E-4
2,58919E-4
2,26928E-4
2,43035E-4
2,44308E-4
2,43856E-4
2,42708E-4
2,31788E-4
2,29368E-4
2,45885E-4
2,47781E-4
2,27664E-4
2,29435E-4
2,31773E-4
2,42534E-4
2,42912E-4
2,32801E-4
2,48244E-4
2,29854E-4
2,45274E-4
2,44111E-4
2,40939E-4
2,29907E-4
2,3265E-4
2,45399E-4
2,46092E-4
2,44576E-4
2,30655E-4
2,27959E-4
2,28682E-4
2,44949E-4
2,29647E-4
2,26498E-4
2,33006E-4
2,27488E-4
2,31394E-4
2,39004E-4
2,36174E-4
2,44401E-4
2,41989E-4
2,48506E-4
2,42363E-4
2,46544E-4
2,28707E-4
2,48186E-4
2,30342E-4
2,46331E-4
2,47786E-4
2,27101E-4
2,34401E-4
2,6385E-4
2,42625E-4
2,41328E-4
2,4187E-4
2,49394E-4
2,25932E-4
2,43201E-4
2,43401E-4
2,2578E-4
2,40799E-4
2,4544E-4
2,40145E-4
2,476E-4
2,46226E-4
2,32253E-4
2,34541E-4
2,44341E-4
2,28476E-4
2,43242E-4
2,33079E-4
2,46046E-4
2,31514E-4
2,28171E-4
2,42466E-4
2,48163E-4
2,27972E-4
2,2664E-4
2,32881E-4
2,31784E-4
2,42279E-4
2,38362E-4
2,48786E-4
2,4378E-4
2,28285E-4
2,285E-4
2,26024E-4
2,42588E-4
2,44502E-4
2,42666E-4
2,45054E-4
2,40137E-4
2,48458E-4
2,25564E-4
2,32725E-4
2,4799E-4
2,29836E-4
2,42009E-4
2,43193E-4
2,45702E-4
2,33129E-4
2,38831E-4
2,49062E-4
2,26723E-4
2,41339E-4
2,44268E-4
2,38112E-4
2,67616E-4
3,33294E-4
2,9819E-4
3,11345E-4
3,09326E-4
4,11597E-4
3,47426E-4
3,53301E-4
3,67039E-4
3,48579E-4
2,29843E-4
2,43301E-4
2,48694E-4
2,47291E-4
2,45295E-4
2,2757E-4
2,32498E-4
2,39948E-4
2,29356E-4
2,28433E-4
2,42274E-4
2,45862E-4
2,46888E-4
2,45084E-4
2,30303E-4
2,32112E-4
2,42405E-4
2,42698E-4
2,44071E-4
3,3661E-4
3,20736E-4
3,60688E-4
3,50905E-4
4,06303E-4
3,68727E-4
3,20239E-4
3,99692E-4
3,28063E-4
3,56789E-4
3,11629E-4
2,48445E-4
2,33054E-4
2,42046E-4
2,4228E-4
2,63069E-4
2,30392E-4
2,32599E-4
2,39486E-4
2,42062E-4
2,46191E-4
2,49372E-4
2,40354E-4
2,25916E-4
2,48342E-4
2,48074E-4
2,43157E-4
2,33195E-4
2,44469E-4
2,273E-4
2,45034E-4
2,44541E-4
2,26535E-4
2,31775E-4
2,41254E-4
2,31851E-4
2,44205E-4
2,27218E-4
2,42005E-4
2,33092E-4
2,5121E-4
2,30009E-4
2,51736E-4
2,43377E-4
2,30906E-4
2,50085E-4
2,33212E-4
2,44925E-4
2,30567E-4
2,45327E-4
2,52437E-4
2,44919E-4
2,45938E-4
2,4182E-4
2,35661E-4
3,69168E-4
3,71056E-4
2,43416E-4
2,45293E-4
2,27676E-4
2,2357E-4
2,42883E-4
2,41647E-4
2,37305E-4
2,28349E-4
2,31589E-4
2,29492E-4
2,44561E-4
2,39574E-4
2,4159E-4
3,43627E-4
3,77172E-4
2,45726E-4
2,42208E-4
2,40813E-4
2,31762E-4
2,41232E-4
2,47658E-4
2,44684E-4
2,30353E-4
2,27107E-4
2,41205E-4
2,28395E-4
2,46647E-4
2,33606E-4
2,47022E-4
2,26984E-4
2,43661E-4
2,29211E-4
2,29918E-4
2,46436E-4
2,44135E-4
2,44419E-4
2,44317E-4
2,43962E-4
2,4658E-4
2,26932E-4
2,41451E-4
2,43855E-4
2,27449E-4
2,39609E-4
2,45787E-4
2,37627E-4
2,29361E-4
2,46115E-4
2,43456E-4
2,44181E-4
2,5065E-4
2,29109E-4
2,34463E-4
2,45618E-4
2,4057E-4
2,40166E-4
2,48554E-4
2,28236E-4
2,36428E-4
2,28037E-4
2,43735E-4
2,42497E-4
2,57657E-4
2,3027E-4
2,44581E-4
2,31838E-4
2,30973E-4
2,25181E-4
2,48797E-4
2,29334E-4
2,43813E-4
2,4515E-4
2,40063E-4
2,24228E-4
2,4206E-4
2,386E-4
2,49613E-4
2,36779E-4
2,26295E-4
2,35036E-4
2,44219E-4
2,33206E-4
2,37042E-4
2,46725E-4
2,41246E-4
2,46787E-4
2,26778E-4
2,31987E-4
2,3118E-4
2,48425E-4
2,37187E-4
2,24872E-4
2,42294E-4
2,46223E-4
2,41927E-4
2,45174E-4
2,47844E-4
2,46538E-4
2,42968E-4
2,28274E-4
2,60198E-4
2,44196E-4
2,3044E-4
2,24438E-4
2,31919E-4
2,43314E-4
2,42469E-4
2,28842E-4
2,27002E-4
2,31547E-4
2,44855E-4
2,60231E-4
2,43698E-4
2,42739E-4
2,40932E-4
2,39022E-4
2,2918E-4
2,26177E-4
2,59415E-4
2,41814E-4
2,38254E-4
2,41085E-4
2,43774E-4
2,28575E-4
2,44012E-4
2,38195E-4
2,45932E-4
2,28422E-4
2,48475E-4
2,50373E-4
2,30296E-4
2,46499E-4
2,31256E-4
2,29036E-4
2,31015E-4
2,46055E-4
2,29098E-4
2,3236E-4
0,002431449
2,27371E-4
2,42101E-4
2,30713E-4
2,32615E-4
2,43661E-4
2,43334E-4
2,27667E-4
2,41663E-4
2,37447E-4
2,28289E-4
2,41666E-4
2,29833E-4
2,42783E-4
2,48382E-4
2,347E-4
2,33245E-4
2,54091E-4
2,33811E-4
2,29199E-4
2,26648E-4
2,47144E-4
2,30326E-4
2,41658E-4
2,41741E-4
2,25774E-4
2,35804E-4
2,42618E-4
2,43324E-4
2,29415E-4
2,31322E-4
2,38285E-4
2,59657E-4
2,26836E-4
2,39472E-4
2,2749E-4
2,2871E-4
2,62971E-4
2,3836E-4
2,47109E-4
2,43643E-4
2,64231E-4
2,38233E-4
2,46025E-4
2,44313E-4
2,31221E-4
2,4293E-4
2,31575E-4
2,47395E-4
2,34156E-4
2,45335E-4
2,4894E-4
2,25744E-4
2,48623E-4
2,33098E-4
2,40842E-4
2,42469E-4
2,47565E-4
2,31582E-4
2,42627E-4
2,50687E-4
2,33857E-4
2,28544E-4
2,41199E-4
2,39739E-4
2,28987E-4
2,47717E-4
2,28482E-4
2,50735E-4
2,4475E-4
2,47354E-4
2,43694E-4
2,24911E-4
2,42562E-4
2,53057E-4
2,29728E-4
2,42279E-4
2,41982E-4
2,63996E-4
2,45762E-4
2,37131E-4
2,30007E-4
2,31516E-4
2,44159E-4
2,34422E-4
2,30787E-4
2,25786E-4
2,41571E-4
2,31382E-4
2,2971E-4
2,40432E-4
2,48016E-4
2,47369E-4
2,35676E-4
2,43538E-4
2,23049E-4
2,36046E-4
2,46859E-4
2,27579E-4
2,23032E-4
2,39931E-4
2,44943E-4
2,49689E-4
2,38046E-4
2,49915E-4
2,32527E-4
2,42568E-4
2,35128E-4
2,50584E-4
2,43716E-4
2,50218E-4
2,5512E-4
2,47969E-4
2,45865E-4
2,28909E-4
2,44877E-4
2,23781E-4
2,45535E-4
2,45807E-4
2,50335E-4
2,43524E-4
2,33704E-4
2,4349E-4
2,43035E-4
2,47435E-4
2,48103E-4
2,40294E-4
2,24745E-4
2,29045E-4
2,32421E-4
2,2521E-4
2,27951E-4
2,47579E-4
2,4313E-4
2,44704E-4
2,46593E-4
2,29449E-4
2,31787E-4
2,34734E-4
3,23598E-4
3,34048E-4
3,3894E-4
2,53919E-4
2,36283E-4
2,27345E-4
2,29422E-4
2,49462E-4
2,40758E-4
2,38741E-4
2,32379E-4
2,39417E-4
2,42049E-4
2,34813E-4
2,26681E-4
2,44013E-4
2,40146E-4
2,27664E-4
2,41253E-4
2,29927E-4
2,45173E-4
2,41441E-4
2,5277E-4
2,48691E-4
2,40541E-4
2,40115E-4
2,35693E-4
2,33136E-4
2,28444E-4
2,46646E-4
2,46345E-4
2,43892E-4
2,41084E-4
2,31652E-4
2,60285E-4
2,44416E-4
2,30356E-4
2,42709E-4
2,41055E-4
2,41921E-4
2,42199E-4
2,26413E-4
2,25542E-4
2,46125E-4
2,27647E-4
2,49218E-4
2,46769E-4
2,45592E-4
2,41838E-4
2,45164E-4
2,30261E-4
2,26862E-4
2,32022E-4
2,44066E-4
2,59888E-4
2,29902E-4
2,53187E-4
2,43633E-4
2,31954E-4
2,30362E-4
2,45763E-4
2,2958E-4
2,44165E-4
2,46176E-4
2,44442E-4
2,44117E-4
2,34282E-4
2,50717E-4
2,43421E-4
2,48122E-4
2,64469E-4
2,42094E-4
2,4273E-4
2,49076E-4
2,35022E-4
2,41083E-4
2,25435E-4
2,45361E-4
2,48498E-4
2,25064E-4
2,46061E-4
2,50593E-4
2,32924E-4
2,57217E-4
2,33474E-4
2,45003E-4
2,28882E-4
2,32395E-4
2,33449E-4
2,40389E-4
2,65454E-4
2,33804E-4
2,41891E-4
2,42185E-4
2,42406E-4
2,84925E-4
3,42579E-4
2,3318E-4
2,30539E-4
2,46219E-4
2,41273E-4
2,3086E-4
2,26229E-4
2,25354E-4
2,30588E-4
2,43172E-4
2,47661E-4
2,42881E-4
2,26369E-4
2,40054E-4
2,44962E-4
2,49166E-4
2,49973E-4
2,40954E-4
2,48921E-4
2,42856E-4
2,37931E-4
2,27752E-4
2,42185E-4
2,4437E-4
0,002864295
2,33544E-4
2,41726E-4
2,46273E-4
2,46667E-4
2,42715E-4
2,30214E-4
2,2662E-4
2,49005E-4
2,4135E-4
2,51342E-4
2,4384E-4
2,28974E-4
2,42397E-4
2,50297E-4
2,49643E-4
2,41184E-4
2,27386E-4
2,44212E-4
2,45394E-4
2,35318E-4
2,5367E-4
2,43384E-4
2,27673E-4
2,41497E-4
2,25588E-4
2,45643E-4
2,31993E-4
2,2979E-4
2,4006E-4
2,60204E-4
2,36181E-4
2,42077E-4
2,47327E-4
2,2437E-4
2,44098E-4
2,28945E-4
2,43385E-4
2,42691E-4
2,26179E-4
2,35035E-4
2,24777E-4
2,33631E-4
2,32024E-4
2,32364E-4
2,45176E-4
2,25712E-4
2,45608E-4
2,37949E-4
2,4462E-4
2,30193E-4
2,26794E-4
2,52799E-4
2,45841E-4
2,4667E-4
2,41992E-4
2,40591E-4
2,2905E-4
2,49147E-4
2,52583E-4
2,28805E-4
2,32461E-4
2,44772E-4
2,29157E-4
2,83244E-4
4,44011E-4
2,62539E-4
3,28158E-4
3,78299E-4
2,50818E-4
2,45493E-4
2,38046E-4
2,44522E-4
2,34016E-4
2,40861E-4
2,32904E-4
2,30817E-4
2,2635E-4
2,26652E-4
2,54683E-4
3,00267E-4
3,39659E-4
3,6193E-4
3,61951E-4
3,38607E-4
2,48227E-4
2,30577E-4
2,43399E-4
2,63411E-4
2,30244E-4
2,42896E-4
2,47516E-4
2,29954E-4
2,40731E-4
2,45005E-4
2,45795E-4
2,37015E-4
2,26487E-4
2,45569E-4
2,26404E-4
2,41705E-4
2,41564E-4
2,34412E-4
2,40122E-4
2,48435E-4
2,32067E-4
2,23408E-4
2,57943E-4
2,29606E-4
2,29126E-4
2,26501E-4
2,46986E-4
2,38774E-4
2,46146E-4
2,42894E-4
2,43391E-4
2,46881E-4
2,29763E-4
2,49447E-4
2,2737E-4
2,31829E-4
2,33909E-4
2,30875E-4
2,40761E-4
2,3242E-4
2,55224E-4
2,44505E-4
2,46606E-4
2,51493E-4
2,81213E-4
2,48413E-4
2,32188E-4
2,32387E-4
2,49009E-4
2,46189E-4
2,53943E-4
2,30358E-4
2,47666E-4
2,3192E-4
2,41685E-4
2,47584E-4
2,50163E-4
2,47947E-4
2,50556E-4
2,45016E-4
2,49758E-4
2,34873E-4
2,45887E-4
2,26188E-4
2,27005E-4
2,47258E-4
2,47453E-4
2,44333E-4
2,30315E-4
2,29718E-4
2,32803E-4
2,29127E-4
2,38548E-4
2,33346E-4
2,24142E-4
2,39592E-4
2,27826E-4
2,42254E-4
2,33057E-4
2,42373E-4
2,39296E-4
2,28804E-4
2,25781E-4
2,38877E-4
2,33366E-4
2,41402E-4
2,44723E-4
2,42291E-4
2,54423E-4
2,43464E-4
2,31423E-4
2,43226E-4
2,46521E-4
2,27665E-4
2,33933E-4
2,43148E-4
2,46004E-4
2,29012E-4
2,34315E-4
2,47847E-4
2,45852E-4
2,43869E-4
2,41894E-4
2,3276E-4
2,48362E-4
2,43298E-4
2,44458E-4
2,29045E-4
2,29513E-4
2,31485E-4
2,50044E-4
2,33777E-4
2,39305E-4
2,44006E-4
2,34112E-4
2,62053E-4
2,44673E-4
2,43886E-4
2,45104E-4
2,34491E-4
2,42851E-4
2,31055E-4
2,50242E-4
2,28414E-4
2,75713E-4
2,46701E-4
2,41598E-4
2,33474E-4
2,42261E-4
2,25693E-4
2,29142E-4
2,4192E-4
2,43197E-4
2,31633E-4
2,27263E-4
2,44654E-4
2,36644E-4
2,2762E-4
2,24942E-4
2,43788E-4
2,24807E-4
2,41861E-4
2,28277E-4
2,46616E-4
2,31045E-4
2,4175E-4
2,45084E-4
2,46234E-4
2,4186E-4
2,63911E-4
2,45524E-4
2,51057E-4
3,56692E-4
3,45936E-4
3,39266E-4
3,27093E-4
3,27987E-4
3,30892E-4
3,74266E-4
3,37568E-4
3,28627E-4
3,40414E-4
3,43931E-4
3,52191E-4
3,2879E-4
2,42338E-4
2,28343E-4
2,31368E-4
3,91585E-4
2,32541E-4
2,41341E-4
2,44876E-4
2,45184E-4
2,28667E-4
2,63908E-4
2,53E-4
2,37349E-4
2,41343E-4
2,28206E-4
2,44126E-4
2,58325E-4
2,30997E-4
2,44458E-4
2,46625E-4
2,44061E-4
2,41771E-4
2,38741E-4
2,4542E-4
2,45917E-4
2,443E-4
2,28335E-4
2,32454E-4
2,25888E-4
2,4887E-4
2,35618E-4
2,44055E-4
2,26369E-4
2,44622E-4
2,46414E-4
2,40227E-4
2,45489E-4
2,32224E-4
2,42928E-4
2,43696E-4
2,40699E-4
2,32605E-4
2,32848E-4
2,31199E-4
2,31937E-4
2,28287E-4
2,40448E-4
2,60174E-4
2,28148E-4
2,39512E-4
2,38487E-4
2,36619E-4
2,43031E-4
2,31642E-4
2,46545E-4
2,36614E-4
2,44233E-4
2,52919E-4
2,31992E-4
2,44224E-4
2,42567E-4
2,32848E-4
2,45078E-4
2,42851E-4
2,43932E-4
2,25524E-4
2,44409E-4
2,44008E-4
2,27433E-4
2,29118E-4
2,62964E-4
2,29211E-4
2,29776E-4
2,45432E-4
2,34139E-4
2,4286E-4
2,41143E-4
2,48967E-4
2,56391E-4
2,43111E-4
3,57052E-4
3,70395E-4
3,28929E-4
2,98156E-4
3,42015E-4
3,00155E-4
3,98399E-4
2,9676E-4
3,58825E-4
2,27644E-4
2,40781E-4
2,48668E-4
3,52665E-4
3,78174E-4
3,37002E-4
3,32044E-4
2,45823E-4
2,39542E-4
2,29536E-4
2,43937E-4
2,46507E-4
2,29784E-4
2,62576E-4
2,29438E-4
2,42408E-4
2,44192E-4
2,49008E-4
2,47645E-4
2,41592E-4
2,49245E-4
2,38849E-4
2,45701E-4
2,28366E-4
2,41253E-4
2,34898E-4
2,45483E-4
3,4367E-4
3,25353E-4
3,25143E-4
3,76276E-4
2,44405E-4
3,33741E-4
3,49929E-4
2,86911E-4
3,02631E-4
3,31687E-4
2,91942E-4
3,12971E-4
3,05572E-4
2,77399E-4
2,94539E-4
3,14577E-4
3,25837E-4
3,64397E-4
2,31323E-4
2,26866E-4
2,39094E-4
2,31447E-4
2,25837E-4
2,41822E-4
2,59868E-4
2,48381E-4
2,43326E-4
2,44378E-4
2,41864E-4
2,38692E-4
2,27775E-4
2,29024E-4
2,49541E-4
2,54159E-4
2,3363E-4
2,2901E-4
2,62853E-4
2,43819E-4
2,43151E-4
2,32156E-4
2,44287E-4
2,27152E-4
2,36481E-4
2,44259E-4
2,43862E-4
2,4102E-4
2,47133E-4
2,29573E-4
2,49483E-4
2,4141E-4
2,45229E-4
2,30772E-4
2,48312E-4
2,25132E-4
2,48192E-4
2,26479E-4
2,28347E-4
2,43282E-4
2,3646E-4
2,48709E-4
2,27186E-4
2,43575E-4
2,43137E-4
2,46378E-4
2,56798E-4
2,26962E-4
2,31201E-4
2,29789E-4
2,26814E-4
2,38285E-4
2,33149E-4
2,43975E-4
2,48018E-4
2,32059E-4
2,43386E-4
2,30381E-4
2,27666E-4
2,51374E-4
2,27297E-4
2,43019E-4
2,31287E-4
2,27822E-4
2,46945E-4
2,28455E-4
2,443E-4
2,46763E-4
2,57579E-4
2,37613E-4
2,47196E-4
2,2831E-4
2,42297E-4
2,43307E-4
2,46086E-4
8,89626E-4
2,40949E-4
2,41271E-4
2,33827E-4
2,27483E-4
2,48215E-4
2,32337E-4
2,49681E-4
2,35239E-4
2,30964E-4
2,25297E-4
2,38831E-4
2,40809E-4
2,43114E-4
2,46214E-4
2,44744E-4
2,43742E-4
2,60688E-4
2,32748E-4
2,31058E-4
2,45974E-4
2,27738E-4
2,28263E-4
2,32182E-4
2,40615E-4
2,31816E-4
2,48516E-4
2,29962E-4
2,45391E-4
2,36169E-4
2,38723E-4
2,61157E-4
2,42408E-4
2,46064E-4
2,3133E-4
2,58744E-4
2,31582E-4
2,45414E-4
2,43545E-4
2,4376E-4
2,53946E-4
2,46543E-4
2,44424E-4
2,47908E-4
2,44339E-4
2,35135E-4
2,28941E-4
2,44625E-4
2,25421E-4
2,43015E-4
2,32881E-4
2,28625E-4
2,28618E-4
2,51018E-4
2,45649E-4
2,2871E-4
2,44021E-4
2,43105E-4
2,46627E-4
2,42649E-4
2,41426E-4
2,48292E-4
2,48581E-4
2,39827E-4
2,3975E-4
2,49271E-4
2,45021E-4
2,43939E-4
2,41105E-4
2,30091E-4
2,42034E-4
2,28497E-4
2,33846E-4
2,43955E-4
2,28069E-4
2,50197E-4
2,332E-4
2,27743E-4
2,53065E-4
2,45837E-4
2,46519E-4
2,26271E-4
2,63828E-4
2,44329E-4
2,44255E-4
2,33321E-4
2,44496E-4
2,46347E-4
2,33923E-4
2,27713E-4
2,53103E-4
2,28837E-4
2,44863E-4
2,39872E-4
2,63357E-4
2,34901E-4
2,44576E-4
2,29195E-4
2,41917E-4
2,41143E-4
2,51115E-4
2,31813E-4
2,52476E-4
2,2751E-4
2,27951E-4
2,4078E-4
2,44851E-4
2,54661E-4
2,51127E-4
2,32357E-4
2,43986E-4
2,27177E-4
2,48748E-4
2,47583E-4
2,45554E-4
2,34598E-4
2,31837E-4
2,4841E-4
2,27703E-4
2,45832E-4
2,31621E-4
2,26268E-4
2,43912E-4
2,26797E-4
2,31771E-4
2,34398E-4
2,40221E-4
2,2954E-4
2,34351E-4
2,50996E-4
2,5191E-4
2,35243E-4
2,25866E-4
2,2258E-4
3,47014E-4
3,60461E-4
3,47101E-4
3,96088E-4
3,27694E-4
3,26118E-4
3,50634E-4
3,44598E-4
3,71875E-4
3,45188E-4
3,19713E-4
3,5593E-4
3,4386E-4
3,97105E-4
2,80416E-4
4,22419E-4
3,17437E-4
3,62299E-4
3,05261E-4
3,91368E-4
2,7851E-4
3,45495E-4
3,55955E-4
2,41348E-4
2,30577E-4
2,46605E-4
2,42264E-4
2,52044E-4
2,48086E-4
2,2353E-4
2,39456E-4
2,44006E-4
2,31928E-4
2,29883E-4
2,33271E-4
2,36723E-4
2,2849E-4
2,48536E-4
2,42213E-4
2,49663E-4
2,34096E-4
2,41994E-4
2,46091E-4
2,41848E-4
2,40706E-4
2,49803E-4
2,24596E-4
2,47315E-4
2,27382E-4
2,43552E-4
2,37253E-4
2,30124E-4
2,29486E-4
2,43951E-4
2,41411E-4
2,45571E-4
2,28193E-4
2,4051E-4
2,27661E-4
2,42052E-4
2,33051E-4
2,52738E-4
2,35374E-4
2,3068E-4
2,32052E-4
2,32961E-4
2,43633E-4
2,47482E-4
2,42674E-4
2,41462E-4
2,44033E-4
2,47082E-4
2,44542E-4
2,47579E-4
2,44388E-4
2,44528E-4
2,47462E-4
2,33731E-4
2,25991E-4
2,4504E-4
2,62499E-4
2,45627E-4
2,29203E-4
2,28308E-4
2,46908E-4
2,29271E-4
2,51989E-4
2,41698E-4
2,41063E-4
2,25322E-4
2,43792E-4
2,53305E-4
2,4029E-4
2,39403E-4
2,27139E-4
2,35562E-4
2,31017E-4
2,47489E-4
2,42158E-4
2,31942E-4
2,28082E-4
2,51886E-4
2,46925E-4
2,30696E-4
2,39612E-4
2,29114E-4
2,39462E-4
2,48699E-4
2,43995E-4
2,25747E-4
2,26757E-4
2,28689E-4
2,34252E-4
2,25956E-4
2,41242E-4
2,26161E-4
2,4218E-4
2,28716E-4
2,44696E-4
2,58589E-4
2,44098E-4
2,26468E-4
2,28183E-4
2,64812E-4
2,40936E-4
2,43263E-4
2,30962E-4
2,41168E-4
3,02486E-4
2,24761E-4
2,28718E-4
2,278E-4
2,41067E-4
2,28292E-4
2,51602E-4
2,2306E-4
2,39877E-4
2,29378E-4
2,31096E-4
2,49208E-4
2,45178E-4
2,42749E-4
2,39333E-4
2,2486E-4
2,48512E-4
2,27708E-4
2,42983E-4
2,40009E-4
2,46433E-4
2,48483E-4
2,29966E-4
2,38142E-4
2,32883E-4
2,44947E-4
2,43786E-4
2,43853E-4
2,26908E-4
2,34717E-4
2,29936E-4
2,28601E-4
2,51418E-4
2,24741E-4
2,41555E-4
2,38942E-4
2,34078E-4
2,50358E-4
2,53132E-4
2,33628E-4
2,43123E-4
2,46985E-4
2,52057E-4
2,51887E-4
2,43658E-4
2,40264E-4
2,46595E-4
2,51999E-4
2,4176E-4
2,29308E-4
2,30127E-4
3,23523E-4
3,36814E-4
3,1272E-4
3,68567E-4
3,52815E-4
3,57056E-4
4,0339E-4
3,51185E-4
3,56476E-4
3,43578E-4
3,49209E-4
3,29891E-4
3,27421E-4
3,69376E-4
3,56193E-4
3,13515E-4
3,11521E-4
2,57772E-4
2,92961E-4
2,99905E-4
2,50947E-4
3,12175E-4
3,99808E-4
3,13703E-4
3,86109E-4
3,39217E-4
3,51342E-4
3,56586E-4
3,80481E-4
3,1751E-4
2,34981E-4
2,25747E-4
2,34608E-4
2,25014E-4
2,43916E-4
2,34092E-4
2,40429E-4
2,32325E-4
2,43082E-4
2,49744E-4
2,33316E-4
2,52274E-4
2,46545E-4
2,26358E-4
2,3049E-4
2,34432E-4
2,28829E-4
2,4371E-4
2,41171E-4
2,32311E-4
2,46086E-4
2,40477E-4
2,40449E-4
2,44856E-4
2,43324E-4
2,44559E-4
2,40189E-4
2,40311E-4
2,29556E-4
2,47979E-4
2,45272E-4
2,46499E-4
2,29057E-4
2,33425E-4
2,42784E-4
2,54521E-4
2,47284E-4
2,41494E-4
2,45804E-4
2,41679E-4
2,40535E-4
2,63878E-4
2,51315E-4
2,4964E-4
2,41795E-4
2,2942E-4
2,27837E-4
2,48399E-4
2,29873E-4
2,31747E-4
2,44504E-4
2,4322E-4
2,57567E-4
2,33055E-4
2,42689E-4
2,33041E-4
2,50148E-4
2,44069E-4
2,28354E-4
2,3962E-4
2,43753E-4
2,35076E-4
2,31457E-4
2,4669E-4
2,3893E-4
2,32474E-4
2,49775E-4
2,26069E-4
2,48616E-4
2,39683E-4
2,27453E-4
2,45166E-4
2,40421E-4
2,47441E-4
2,4118E-4
2,41384E-4
2,41387E-4
2,29225E-4
2,33022E-4
2,33478E-4
2,29672E-4
2,2457E-4
2,44582E-4
2,42671E-4
2,46618E-4
2,54848E-4
2,43309E-4
2,39663E-4
2,44634E-4
2,43699E-4
2,36491E-4
2,45893E-4
2,41502E-4
2,31037E-4
2,48299E-4
2,44492E-4
2,27427E-4
2,42318E-4
2,45741E-4
2,41437E-4
2,44978E-4
2,28504E-4
2,29946E-4
2,28202E-4
2,48075E-4
2,3337E-4
2,48666E-4
2,31295E-4
2,3388E-4
2,28722E-4
2,24839E-4
2,2614E-4
2,47992E-4
2,35505E-4
2,50149E-4
2,58584E-4
2,48141E-4
3,71046E-4
3,24302E-4
3,64857E-4
3,43736E-4
3,24906E-4
3,88459E-4
3,59088E-4
3,66475E-4
3,70107E-4
3,83257E-4
3,68389E-4
3,31791E-4
3,50649E-4
3,9071E-4
3,35892E-4
2,96636E-4
3,30808E-4
3,12602E-4
3,09828E-4
3,049E-4
3,5685E-4
2,85944E-4
3,1407E-4
3,49094E-4
2,64437E-4
3,17551E-4
3,17712E-4
3,23311E-4
3,46319E-4
3,55484E-4
3,42335E-4
3,44092E-4
3,3652E-4
3,36514E-4
2,88691E-4
3,43614E-4
2,87244E-4
3,44535E-4
3,52442E-4
2,35528E-4
2,48041E-4
2,28937E-4
2,28788E-4
2,43485E-4
2,47957E-4
2,41438E-4
2,26498E-4
2,4259E-4
2,46846E-4
2,40796E-4
2,40453E-4
2,30173E-4
2,38961E-4
2,30833E-4
2,31102E-4
2,43148E-4
2,461E-4
2,32296E-4
2,48299E-4
2,27674E-4
2,45103E-4
2,31165E-4
2,45103E-4
2,52228E-4
2,50947E-4
2,2591E-4
2,41624E-4
2,2942E-4
2,43855E-4
2,40814E-4
2,44931E-4
2,43582E-4
2,52806E-4
2,30879E-4
2,51859E-4
2,47368E-4
2,31496E-4
2,49293E-4
2,4079E-4
2,38585E-4
2,25358E-4
2,60376E-4
2,3339E-4
2,41909E-4
2,46327E-4
2,31444E-4
2,23399E-4
2,44389E-4
2,27085E-4
2,49585E-4
2,42888E-4
2,42981E-4
2,42995E-4
2,30806E-4
2,57703E-4
2,29137E-4
2,24098E-4
2,46854E-4
2,44593E-4
2,42054E-4
2,40864E-4
2,47401E-4
2,48921E-4
2,30658E-4
2,41568E-4
2,30207E-4
2,26994E-4
2,46081E-4
2,40225E-4
2,4592E-4
2,26262E-4
2,24695E-4
2,43228E-4
2,45512E-4
2,41461E-4
2,40275E-4
2,41931E-4
2,24006E-4
2,29766E-4
2,42714E-4
2,4651E-4
2,41115E-4
2,39758E-4
2,48567E-4
2,45253E-4
2,31718E-4
2,43771E-4
2,25711E-4
2,35879E-4
2,24384E-4
2,26714E-4
2,43687E-4
2,57619E-4
2,32935E-4
2,27452E-4
2,46748E-4
2,29818E-4
2,4308E-4
2,48363E-4
2,45229E-4
2,4916E-4
2,32513E-4
2,41918E-4
2,32199E-4
2,25338E-4
2,25071E-4
2,38935E-4
2,31004E-4
2,42093E-4
2,3126E-4
2,44382E-4
2,30358E-4
2,39184E-4
2,65961E-4
2,28561E-4
2,26325E-4
2,25544E-4
2,26435E-4
3,53801E-4
3,90254E-4
2,79044E-4
0,002522242
2,45969E-4
2,42349E-4
2,48073E-4
2,2527E-4
2,29664E-4
2,42205E-4
2,29319E-4
2,43998E-4
2,27282E-4
2,45478E-4
2,2706E-4
2,88542E-4
2,77126E-4
2,28269E-4
2,40144E-4
2,40617E-4
2,37712E-4
2,44662E-4
2,48444E-4
2,49169E-4
2,28921E-4
2,44249E-4
2,31875E-4
2,51236E-4
2,39464E-4
2,64594E-4
2,32717E-4
2,27114E-4
2,40895E-4
2,42497E-4
2,4636E-4
2,28145E-4
2,27551E-4
2,28055E-4
2,27669E-4
2,29695E-4
2,4417E-4
2,4022E-4
2,33692E-4
2,44486E-4
2,391E-4
2,43534E-4
2,34896E-4
2,50864E-4
2,45067E-4
2,52002E-4
2,29903E-4
2,43347E-4
2,69535E-4
2,33639E-4
2,30619E-4
2,27744E-4
2,45727E-4
2,37753E-4
2,36523E-4
2,46615E-4
2,43185E-4
2,4525E-4
2,32928E-4
2,50072E-4
2,27521E-4
2,4804E-4
2,3349E-4
2,66453E-4
2,43165E-4
2,28135E-4
2,27865E-4
2,24247E-4
2,39716E-4
2,32438E-4
3,42496E-4
3,73719E-4
3,43176E-4
3,42988E-4
2,27219E-4
2,40563E-4
2,46286E-4
2,23841E-4
2,59541E-4
2,28583E-4
2,26508E-4
2,37986E-4
2,43411E-4
2,47604E-4
2,39315E-4
2,52282E-4
2,29748E-4
2,28604E-4
2,30742E-4
2,28927E-4
2,51189E-4
2,25753E-4
2,47756E-4
2,6599E-4
2,43919E-4
2,44724E-4
2,43779E-4
2,45528E-4
2,49586E-4
2,41043E-4
2,41872E-4
2,41785E-4
2,47277E-4
2,36504E-4
2,25821E-4
2,29655E-4
2,32004E-4
2,27205E-4
2,52896E-4
2,46678E-4
2,45498E-4
2,46232E-4
2,27249E-4
2,52617E-4
2,44625E-4
2,41678E-4
2,2668E-4
2,26271E-4
2,40907E-4
2,45741E-4
2,47424E-4
2,27533E-4
2,29896E-4
2,33374E-4
2,67552E-4
2,26425E-4
2,40698E-4
2,4951E-4
2,37873E-4
2,2908E-4
2,47658E-4
2,2757E-4
2,34238E-4
2,3209E-4
2,41221E-4
3,84339E-4
2,34892E-4
2,43739E-4
2,46866E-4
2,32262E-4
2,31828E-4
2,46246E-4
2,46797E-4
2,35204E-4
2,51277E-4
2,34201E-4
2,42659E-4
3,62092E-4
3,21322E-4
3,89498E-4
3,48272E-4
3,64791E-4
2,36303E-4
2,43619E-4
2,40906E-4
2,28246E-4
2,27863E-4
2,27495E-4
2,40624E-4
2,28372E-4
2,4299E-4
2,39992E-4
2,45636E-4
2,3827E-4
2,34849E-4
2,43964E-4
2,31501E-4
2,44379E-4
2,87803E-4
2,4226E-4
2,30619E-4
2,35642E-4
2,48709E-4
2,4541E-4
2,26564E-4
2,32793E-4
2,3215E-4
2,28607E-4
2,25558E-4
2,42723E-4
2,33081E-4
2,45168E-4
2,41991E-4
2,42735E-4
2,45489E-4
2,25286E-4
2,36381E-4
2,40099E-4
2,4093E-4
2,39896E-4
2,3954E-4
2,34456E-4
2,47432E-4
2,39575E-4
2,45678E-4
2,33447E-4
2,45901E-4
2,33712E-4
2,41469E-4
2,30623E-4
2,46651E-4
2,3116E-4
2,2696E-4
2,43359E-4
2,41859E-4
2,3281E-4
2,27071E-4
2,26992E-4
2,49836E-4
2,45488E-4
2,35184E-4
2,42652E-4
2,31829E-4
2,43065E-4
2,31971E-4
2,44813E-4
2,27641E-4
2,4918E-4
2,61416E-4
3,74077E-4
2,39888E-4
2,32073E-4
2,48861E-4
2,33402E-4
2,25066E-4
2,29789E-4
2,41584E-4
2,36675E-4
2,40124E-4
2,31384E-4
2,27147E-4
2,42E-4
2,6396E-4
2,23001E-4
2,3239E-4
2,87053E-4
3,24321E-4
3,14885E-4
2,92206E-4
3,66314E-4
3,32033E-4
3,64334E-4
3,3971E-4
3,40931E-4
3,41726E-4
3,69077E-4
3,35122E-4
3,64265E-4
3,77117E-4
3,40254E-4
2,501E-4
3,45103E-4
3,4837E-4
2,49954E-4
2,45241E-4
2,44921E-4
2,26E-4
2,30938E-4
2,6017E-4
2,45875E-4
2,29177E-4
2,2704E-4
2,42016E-4
2,33721E-4
2,40878E-4
2,59381E-4
2,25924E-4
2,48982E-4
2,35432E-4
2,42333E-4
2,30346E-4
2,61309E-4
2,3327E-4
2,428E-4
2,44613E-4
2,29191E-4
2,44061E-4
2,36584E-4
2,44041E-4
2,27751E-4
2,46689E-4
2,33225E-4
2,44664E-4
2,39721E-4
2,48104E-4
2,31455E-4
2,27675E-4
2,3214E-4
2,28614E-4
2,30236E-4
2,38632E-4
2,60831E-4
2,42246E-4
2,27226E-4
2,268E-4
3,62032E-4
3,2424E-4
3,26446E-4
2,98465E-4
3,18606E-4
3,80584E-4
2,98332E-4
3,30987E-4
3,5973E-4
3,36267E-4
3,44395E-4
3,55178E-4
3,08881E-4
3,43262E-4
3,31897E-4
3,7581E-4
3,41031E-4
3,27826E-4
3,71774E-4
3,02437E-4
3,55699E-4
3,00801E-4
2,47411E-4
2,42086E-4
2,45557E-4
2,31824E-4
2,44707E-4
2,4212E-4
2,28684E-4
2,26164E-4
2,43337E-4
2,41106E-4
2,39734E-4
2,26412E-4
2,45095E-4
2,36689E-4
2,40469E-4
2,31836E-4
2,40545E-4
2,6466E-4
2,26385E-4
2,31506E-4
2,3909E-4
2,42788E-4
2,61772E-4
2,32977E-4
2,4007E-4
2,48261E-4
2,4241E-4
2,58535E-4
2,32277E-4
2,31128E-4
2,40328E-4
2,43677E-4
2,26698E-4
2,44697E-4
2,41754E-4
2,23853E-4
2,30983E-4
2,27973E-4
2,40601E-4
2,23753E-4
2,26797E-4
2,31415E-4
2,47816E-4
2,43784E-4
2,57882E-4
2,4159E-4
2,44358E-4
2,30668E-4
2,46002E-4
2,3211E-4
3,55765E-4
2,92991E-4
3,59276E-4
3,84737E-4
3,41916E-4
3,65507E-4
3,50237E-4
4,16011E-4
3,31807E-4
3,92566E-4
3,60305E-4
3,65087E-4
3,48726E-4
3,64204E-4
2,45035E-4
3,45886E-4
3,37848E-4
2,61396E-4
3,4411E-4
2,76175E-4
3,21177E-4
3,18866E-4
3,20751E-4
3,7777E-4
2,48628E-4
2,42044E-4
2,40507E-4
2,29167E-4
2,30806E-4
2,28421E-4
2,28859E-4
2,38846E-4
2,43926E-4
2,45159E-4
2,27746E-4
2,4151E-4
2,46145E-4
2,4732E-4
2,31856E-4
2,22954E-4
2,4284E-4
2,28252E-4
2,48353E-4
2,4336E-4
2,41209E-4
2,26984E-4
2,52796E-4
2,62604E-4
2,45043E-4
2,24723E-4
2,47938E-4
2,45383E-4
2,31354E-4
2,26642E-4
2,45214E-4
2,44513E-4
2,41822E-4
2,28391E-4
2,4506E-4
2,51769E-4
2,24884E-4
2,34429E-4
2,27269E-4
2,46435E-4
2,32638E-4
2,24835E-4
3,32286E-4
3,77376E-4
3,71324E-4
2,43332E-4
2,42534E-4
3,06003E-4
2,28077E-4
2,26321E-4
2,29819E-4
2,40856E-4
2,31858E-4
2,39574E-4
2,46962E-4
2,43131E-4
2,28286E-4
2,46869E-4
2,50335E-4
2,43795E-4
2,30197E-4
2,40469E-4
2,28061E-4
2,42791E-4
2,44598E-4
2,43471E-4
2,42883E-4
2,47257E-4
2,43626E-4
2,39551E-4
2,29557E-4
2,43426E-4
2,29668E-4
2,25252E-4
2,2822E-4
2,24054E-4
2,41957E-4
2,26823E-4
2,45876E-4
2,60414E-4
2,42528E-4
2,25777E-4
2,71122E-4
2,26128E-4
2,34428E-4
2,41092E-4
2,30439E-4
2,42661E-4
2,44725E-4
2,46185E-4
2,28807E-4
2,35524E-4
2,31449E-4
2,30662E-4
2,41846E-4
2,39099E-4
2,52351E-4
2,31486E-4
2,43004E-4
2,28775E-4
2,30693E-4
2,46757E-4
2,49531E-4
2,62046E-4
2,3286E-4
2,25769E-4
2,46479E-4
2,40231E-4
2,31968E-4
2,30986E-4
2,44339E-4
2,48615E-4
2,28908E-4
2,43296E-4
2,34169E-4
2,46371E-4
2,33636E-4
2,40616E-4
2,40524E-4
2,4886E-4
2,30116E-4
2,30657E-4
3,60354E-4
3,27317E-4
2,49649E-4
3,53529E-4
3,29506E-4
3,60436E-4
3,42946E-4
3,49319E-4
3,53831E-4
3,42503E-4
3,42696E-4
3,50688E-4
3,67963E-4
3,72854E-4
3,46364E-4
3,4209E-4
3,34912E-4
3,39157E-4
3,45604E-4
3,71452E-4
2,58956E-4
2,94989E-4
3,50447E-4
3,19398E-4
4,25709E-4
3,54844E-4
4,13438E-4
3,40786E-4
3,62101E-4
3,46392E-4
3,14603E-4
3,71158E-4
3,25757E-4
2,51367E-4
3,31846E-4
3,84047E-4
3,06452E-4
3,98286E-4
3,33263E-4
2,99828E-4
3,71353E-4
2,81791E-4
3,16597E-4
3,48002E-4
2,75768E-4
2,66855E-4
3,35572E-4
2,93859E-4
3,18246E-4
3,11397E-4
3,05036E-4
3,41483E-4
3,20165E-4
3,37097E-4
2,87229E-4
3,0824E-4
3,29796E-4
3,26584E-4
3,2453E-4
3,4359E-4
4,08862E-4
3,87658E-4
3,11831E-4
3,22792E-4
3,61653E-4
3,07954E-4
3,19565E-4
3,26578E-4
3,40417E-4
3,84303E-4
3,82784E-4
3,16485E-4
3,55822E-4
3,36138E-4
3,37098E-4
2,2956E-4
2,56941E-4
2,32418E-4
2,28859E-4
3,38323E-4
2,30492E-4
2,29139E-4
2,29079E-4
2,24915E-4
2,48828E-4
2,2565E-4
2,49901E-4
2,41318E-4
2,4046E-4
2,43406E-4
2,49378E-4
2,49626E-4
2,38526E-4
2,35427E-4
3,68412E-4
3,45703E-4
3,62673E-4
3,83296E-4
3,57046E-4
3,65534E-4
3,48528E-4
3,44865E-4
3,54723E-4
3,47315E-4
3,87074E-4
4,00205E-4
3,39776E-4
2,24769E-4
2,41601E-4
2,72035E-4
2,45151E-4
2,45335E-4
2,27148E-4
2,27799E-4
2,31953E-4
2,26195E-4
2,28072E-4
2,4336E-4
2,45145E-4
2,26806E-4
2,43421E-4
3,36788E-4
3,52006E-4
3,28249E-4
3,64505E-4
3,72576E-4
3,73044E-4
3,63061E-4
3,34083E-4
3,47446E-4
3,16885E-4
3,70345E-4
3,2913E-4
3,33869E-4
3,78451E-4
3,97602E-4
3,39587E-4
3,82333E-4
3,55044E-4
3,21923E-4
3,22131E-4
3,18859E-4
4,00365E-4
3,75137E-4
3,54734E-4
2,43925E-4
2,42622E-4
2,39401E-4
2,27868E-4
2,45081E-4
2,34872E-4
2,43973E-4
2,32419E-4
2,39669E-4
2,41084E-4
2,48254E-4
2,32466E-4
2,43397E-4
2,28152E-4
2,405E-4
2,59275E-4
2,26831E-4
2,33351E-4
2,4152E-4
2,47198E-4
2,37481E-4
2,40104E-4
2,42133E-4
2,41592E-4
2,28655E-4
0,002104261
2,61523E-4
2,30259E-4
2,38675E-4
2,62644E-4
2,30972E-4
2,38258E-4
2,44623E-4
2,27044E-4
2,3176E-4
2,42055E-4
2,3854E-4
2,50457E-4
2,28886E-4
2,2618E-4
2,30128E-4
2,50926E-4
2,46074E-4
2,33301E-4
2,47245E-4
2,30107E-4
2,46065E-4
2,25115E-4
2,30459E-4
2,26661E-4
2,37887E-4
2,28585E-4
2,42226E-4
2,28861E-4
2,416E-4
2,41089E-4
2,43552E-4
2,396E-4
2,41783E-4
2,44569E-4
2,41757E-4
2,48165E-4
2,40632E-4
2,61665E-4
2,42792E-4
2,48644E-4
2,43012E-4
2,42902E-4
2,41638E-4
2,4404E-4
2,59383E-4
2,2772E-4
2,30524E-4
2,37897E-4
2,4461E-4
2,33715E-4
2,40093E-4
2,42181E-4
2,2919E-4
2,41696E-4
2,36888E-4
2,41978E-4
2,49074E-4
2,41851E-4
2,24543E-4
2,29718E-4
2,43796E-4
2,44389E-4
2,27375E-4
2,33092E-4
2,44224E-4
2,28727E-4
2,50801E-4
2,26663E-4
2,2869E-4
2,41837E-4
2,29885E-4
2,43056E-4
2,40287E-4
2,30685E-4
2,3218E-4
2,26531E-4
2,28429E-4
2,51225E-4
2,26794E-4
2,65548E-4
2,38044E-4
2,53384E-4
2,42693E-4
2,70162E-4
2,39633E-4
2,45406E-4
2,30275E-4
2,44215E-4
2,28875E-4
2,42107E-4
2,44941E-4
2,28436E-4
2,48296E-4
2,27041E-4
2,39854E-4
2,41537E-4
2,27374E-4
2,46838E-4
2,43329E-4
2,42466E-4
2,31546E-4
2,29206E-4
2,58805E-4
2,24717E-4
2,38218E-4
2,45901E-4
2,25473E-4
2,31733E-4
2,42345E-4
2,60348E-4
2,40699E-4
2,41264E-4
2,46269E-4
2,63157E-4
2,39809E-4
2,26883E-4
2,24254E-4
2,39761E-4
2,43288E-4
2,30046E-4
2,43942E-4
2,41925E-4
2,29594E-4
2,50169E-4
2,28097E-4
2,43835E-4
2,39917E-4
2,57933E-4
2,25791E-4
2,29188E-4
2,2429E-4
2,45902E-4
2,35536E-4
2,2541E-4
2,44559E-4
2,26212E-4
2,40404E-4
2,29103E-4
2,41307E-4
2,46702E-4
2,44777E-4
2,4884E-4
2,38426E-4
2,43438E-4
2,49439E-4
2,25108E-4
2,26887E-4
2,40841E-4
2,41287E-4
2,28941E-4
2,31715E-4
2,24367E-4
2,275E-4
2,39782E-4
2,47097E-4
2,31251E-4
2,46514E-4
2,30805E-4
2,28117E-4
2,45755E-4
2,28556E-4
2,45716E-4
2,24872E-4
2,34514E-4
2,27606E-4
2,34699E-4
2,29502E-4
2,30747E-4
2,44298E-4
2,26911E-4
2,44545E-4
2,32977E-4
2,46942E-4
2,49346E-4
2,48083E-4
2,43507E-4
2,45187E-4
2,48025E-4
2,44959E-4
2,4428E-4
2,40584E-4
2,28041E-4
2,4317E-4
2,44144E-4
2,46372E-4
2,2895E-4
2,3016E-4
2,40088E-4
2,315E-4
2,25798E-4
2,41752E-4
2,34156E-4
2,27713E-4
2,4292E-4
2,29333E-4
2,29143E-4
2,43647E-4
2,45326E-4
2,4083E-4
2,42664E-4
2,41633E-4
2,46826E-4
2,41541E-4
2,4009E-4
2,44052E-4
2,47953E-4
2,41206E-4
2,27846E-4
2,49255E-4
2,31871E-4
2,27612E-4
2,41613E-4
2,32115E-4
2,44182E-4
2,28162E-4
2,4633E-4
2,31588E-4
2,46524E-4
3,20199E-4
3,31058E-4
3,66336E-4
2,44154E-4
2,44369E-4
2,26991E-4
2,49541E-4
2,27331E-4
2,29178E-4
2,34254E-4
2,41599E-4
2,23434E-4
2,37611E-4
2,28759E-4
2,26284E-4
2,4355E-4
2,27797E-4
2,25177E-4
2,2967E-4
2,46694E-4
2,39787E-4
2,41586E-4
2,40226E-4
2,48173E-4
2,28923E-4
2,39801E-4
2,44596E-4
2,51297E-4
2,3324E-4
2,43542E-4
2,39713E-4
2,49317E-4
2,42778E-4
2,43878E-4
2,3261E-4
2,44945E-4
2,26559E-4
2,44493E-4
3,4328E-4
3,88396E-4
3,34595E-4
3,40755E-4
3,53168E-4
2,28166E-4
2,4467E-4
2,48975E-4
3,1805E-4
2,34685E-4
3,54716E-4
3,22081E-4
3,65343E-4
3,33206E-4
3,45983E-4
3,46595E-4
3,27567E-4
2,2948E-4
2,33325E-4
2,43829E-4
2,3382E-4
2,43228E-4
2,39209E-4
2,45345E-4
2,45941E-4
2,39006E-4
2,47376E-4
2,51277E-4
2,31579E-4
2,42443E-4
2,49958E-4
2,39424E-4
2,43492E-4
2,25805E-4
2,35313E-4
2,44135E-4
2,52415E-4
2,40215E-4
2,27257E-4
2,64671E-4
2,31822E-4
2,44995E-4
2,36852E-4
2,49776E-4
2,26885E-4
2,53485E-4
2,41318E-4
2,42517E-4
2,36223E-4
2,406E-4
2,28918E-4
2,45653E-4
2,30612E-4
2,2755E-4
2,319E-4
2,47946E-4
2,29973E-4
2,28073E-4
2,32664E-4
2,32132E-4
2,25702E-4
2,41347E-4
2,44496E-4
2,49992E-4
2,35431E-4
2,47848E-4
2,42235E-4
2,30539E-4
3,56419E-4
3,91229E-4
2,48329E-4
2,52227E-4
2,26141E-4
2,48306E-4
2,45727E-4
2,598E-4
2,28041E-4
2,28564E-4
2,5147E-4
2,28921E-4
2,42129E-4
2,25924E-4
2,47048E-4
2,44921E-4
2,31409E-4
2,44538E-4
8,05825E-4
2,39752E-4
2,36212E-4
2,42436E-4
2,28576E-4
2,41928E-4
2,53593E-4
2,34693E-4
2,44631E-4
2,44641E-4
2,41255E-4
2,39835E-4
2,43909E-4
2,4731E-4
2,42347E-4
2,50032E-4
2,28539E-4
2,44713E-4
2,4788E-4
2,34587E-4
2,96819E-4
2,46598E-4
2,46565E-4
2,30728E-4
2,33834E-4
2,33004E-4
3,39236E-4
3,28678E-4
3,29732E-4
3,9417E-4
3,85096E-4
2,28652E-4
2,46998E-4
2,28403E-4
2,28538E-4
2,486E-4
2,47807E-4
2,28313E-4
2,28538E-4
2,46439E-4
2,41587E-4
2,50942E-4
2,29663E-4
2,25599E-4
2,41159E-4
2,44072E-4
2,47836E-4
2,29493E-4
2,2686E-4
2,289E-4
2,44124E-4
2,51158E-4
2,43335E-4
2,43972E-4
2,32722E-4
2,27391E-4
2,66354E-4
2,41011E-4
2,50485E-4
2,43489E-4
2,32223E-4
2,44936E-4
2,60807E-4
2,51413E-4
2,31258E-4
2,43877E-4
2,40375E-4
2,33263E-4
2,63143E-4
2,48707E-4
2,42807E-4
2,43682E-4
2,50024E-4
2,47732E-4
2,45543E-4
2,30258E-4
2,43563E-4
2,35902E-4
2,33506E-4
2,48016E-4
2,4951E-4
2,29141E-4
2,48241E-4
2,26581E-4
2,28691E-4
2,28238E-4
2,38305E-4
2,41568E-4
2,40554E-4
2,42854E-4
2,3496E-4
2,31692E-4
2,42743E-4
2,49771E-4
2,42464E-4
2,4708E-4
2,41998E-4
2,41061E-4
2,3261E-4
2,33125E-4
2,50892E-4
2,41936E-4
2,45229E-4
2,48752E-4
2,44384E-4
2,25811E-4
2,45882E-4
2,35287E-4
2,44327E-4
2,53762E-4
2,41977E-4
2,28196E-4
2,41076E-4
2,36749E-4
2,47413E-4
2,3213E-4
2,27437E-4
2,32057E-4
2,30497E-4
2,41795E-4
2,27031E-4
2,4642E-4
2,26755E-4
2,42181E-4
2,29655E-4
2,29636E-4
2,31358E-4
2,26609E-4
2,32899E-4
2,45139E-4
2,58491E-4
2,44465E-4
2,25335E-4
2,42288E-4
2,33454E-4
2,42109E-4
2,30018E-4
2,4997E-4
2,42804E-4
2,44989E-4
2,43957E-4
2,2711E-4
2,76154E-4
2,36471E-4
2,52422E-4
2,40149E-4
2,53762E-4
2,34394E-4
2,45365E-4
2,22828E-4
2,25343E-4
2,49261E-4
2,42902E-4
2,46448E-4
2,2902E-4
2,34095E-4
2,47628E-4
2,26116E-4
2,60168E-4
2,46981E-4
2,31028E-4
2,25685E-4
2,42648E-4
2,33051E-4
2,46379E-4
2,26604E-4
2,42854E-4
2,37244E-4
2,49549E-4
2,43466E-4
2,32957E-4
2,44649E-4
2,36871E-4
2,44462E-4
2,47787E-4
2,44788E-4
2,37715E-4
2,43219E-4
2,42482E-4
2,40693E-4
2,41612E-4
2,42008E-4
2,41347E-4
2,40895E-4
2,30257E-4
2,30944E-4
3,38126E-4
3,62616E-4
3,45524E-4
2,45673E-4
2,30441E-4
2,41608E-4
2,42472E-4
2,41435E-4
2,43415E-4
2,3782E-4
2,46225E-4
2,80263E-4
2,25415E-4
2,42226E-4
2,478E-4
2,24926E-4
2,41993E-4
2,41204E-4
2,30497E-4
2,31379E-4
2,31725E-4
2,41834E-4
2,36083E-4
2,4472E-4
2,49895E-4
2,43139E-4
2,31631E-4
2,46162E-4
2,46384E-4
2,41938E-4
2,41669E-4
2,44337E-4
2,40451E-4
2,33888E-4
2,29367E-4
2,32106E-4
2,29763E-4
2,49191E-4
2,24383E-4
2,46013E-4
2,44999E-4
2,38049E-4
2,44007E-4
2,43773E-4
2,41825E-4
2,43545E-4
2,44439E-4
2,45517E-4
2,45024E-4
2,41589E-4
3,98288E-4
3,4146E-4
3,63986E-4
3,01813E-4
3,61628E-4
3,11231E-4
2,85273E-4
4,38473E-4
3,6374E-4
3,73466E-4
3,4148E-4
3,53512E-4
3,17214E-4
3,71198E-4
3,8849E-4
3,34435E-4
3,57876E-4
3,43445E-4
3,09849E-4
3,39052E-4
2,93379E-4
3,59576E-4
3,42512E-4
3,37183E-4
3,16248E-4
3,48243E-4
4,02177E-4
3,14037E-4
2,53655E-4
2,48294E-4
2,31485E-4
2,4296E-4
2,46051E-4
2,27068E-4
2,43479E-4
2,47887E-4
2,33617E-4
2,4468E-4
2,49234E-4
2,26012E-4
2,32937E-4
2,44981E-4
2,33551E-4
2,46261E-4
2,47104E-4
2,4174E-4
2,32204E-4
2,44128E-4
2,34345E-4
2,28555E-4
2,34718E-4
2,31817E-4
2,42149E-4
2,43901E-4
2,30511E-4
2,35306E-4
2,45253E-4
2,47532E-4
2,37511E-4
2,54583E-4
2,38064E-4
2,57686E-4
2,42913E-4
2,30639E-4
2,44782E-4
2,48309E-4
2,28803E-4
2,431E-4
2,41757E-4
2,2464E-4
2,40892E-4
2,49213E-4
2,43637E-4
2,28272E-4
2,41508E-4
2,33934E-4
2,50013E-4
2,25502E-4
2,43206E-4
2,40766E-4
2,40242E-4
2,44901E-4
2,30467E-4
2,44431E-4
2,28399E-4
2,46142E-4
2,32837E-4
2,4309E-4
2,27689E-4
2,33665E-4
2,29351E-4
2,28833E-4
2,31744E-4
2,49568E-4
2,48752E-4
2,4516E-4
2,41594E-4
2,47208E-4
2,42276E-4
2,46164E-4
2,31104E-4
2,42696E-4
2,41903E-4
2,66255E-4
2,434E-4
2,44697E-4
2,26923E-4
2,48191E-4
2,26545E-4
2,41626E-4
2,36928E-4
2,25195E-4
2,37879E-4
2,27337E-4
2,43342E-4
2,4197E-4
2,42662E-4
2,28159E-4
2,34979E-4
2,39934E-4
2,26399E-4
2,43862E-4
2,45413E-4
2,4852E-4
2,29654E-4
2,24618E-4
2,27169E-4
2,327E-4
2,28863E-4
2,56684E-4
2,31931E-4
2,3087E-4
2,40474E-4
2,44602E-4
2,29745E-4
2,30351E-4
2,42832E-4
2,44204E-4
2,29348E-4
2,51069E-4
2,32041E-4
2,4294E-4
2,49495E-4
2,46529E-4
2,66027E-4
2,38264E-4
2,42921E-4
2,47494E-4
2,39285E-4
2,42107E-4
2,41841E-4
2,42011E-4
2,40377E-4
2,49806E-4
2,42613E-4
2,44074E-4
2,31224E-4
2,41912E-4
2,57274E-4
2,28324E-4
2,43104E-4
2,44695E-4
2,43555E-4
2,50375E-4
2,41192E-4
0,001051729
3,81771E-4
3,2388E-4
4,03735E-4
3,52673E-4
2,30985E-4
2,24493E-4
2,41811E-4
2,34574E-4
2,43589E-4
2,32738E-4
2,30903E-4
2,45506E-4
2,31193E-4
2,44953E-4
2,28445E-4
2,24604E-4
2,44986E-4
2,3613E-4
2,45939E-4
2,42223E-4
2,44423E-4
2,34813E-4
2,4363E-4
2,30756E-4
2,26949E-4
3,53104E-4
2,46266E-4
2,31022E-4
2,30489E-4
2,41237E-4
2,53959E-4
2,61537E-4
2,25868E-4
2,49357E-4
2,28225E-4
2,41544E-4
2,43563E-4
2,33579E-4
2,43229E-4
2,44031E-4
2,34045E-4
2,40839E-4
2,41932E-4
2,40979E-4
2,43964E-4
2,27038E-4
2,41216E-4
2,34239E-4
2,47151E-4
2,34727E-4
2,37152E-4
2,42968E-4
2,42592E-4
2,43983E-4
2,45522E-4
2,2652E-4
2,43259E-4
2,38878E-4
2,42374E-4
2,52276E-4
2,40164E-4
2,29917E-4
2,44897E-4
2,3633E-4
2,2999E-4
2,37737E-4
2,46458E-4
2,29987E-4
2,38163E-4
2,29752E-4
2,55631E-4
2,58446E-4
2,45245E-4
2,48413E-4
2,30922E-4
2,25438E-4
2,40638E-4
2,23049E-4
2,28873E-4
2,40433E-4
2,43942E-4
2,29516E-4
2,45342E-4
2,45504E-4
2,56277E-4
2,27439E-4
2,42849E-4
2,36431E-4
2,44446E-4
2,40956E-4
2,3139E-4
2,24885E-4
2,42459E-4
2,47362E-4
2,41324E-4
2,44531E-4
2,48069E-4
2,44873E-4
2,44239E-4
2,32325E-4
2,38057E-4
2,42488E-4
2,42224E-4
2,37736E-4
2,28042E-4
2,32659E-4
2,30305E-4
2,41516E-4
2,44873E-4
2,33017E-4
2,44841E-4
2,32331E-4
2,42128E-4
2,33301E-4
2,49017E-4
2,43299E-4
2,31355E-4
2,39721E-4
2,28937E-4
2,43788E-4
2,29864E-4
2,4101E-4
2,2874E-4
2,62314E-4
2,36884E-4
2,40512E-4
2,49581E-4
2,27719E-4
2,43848E-4
2,30083E-4
2,43779E-4
2,25381E-4
2,4974E-4
2,2653E-4
2,34992E-4
2,28238E-4
2,53497E-4
2,28944E-4
2,44125E-4
2,28676E-4
2,46347E-4
2,31769E-4
2,42299E-4
2,26055E-4
2,41563E-4
2,72935E-4
2,50139E-4
2,4438E-4
2,45795E-4
2,54236E-4
2,44453E-4
2,46133E-4
2,40905E-4
2,44494E-4
2,45948E-4
3,48472E-4
3,3038E-4
2,98919E-4
3,56257E-4
2,95509E-4
2,44648E-4
2,501E-4
2,26272E-4
2,30758E-4
3,96422E-4
3,7735E-4
3,47136E-4
3,57678E-4
4,02727E-4
3,93041E-4
4,15982E-4
3,62333E-4
3,42371E-4
3,46234E-4
3,24359E-4
3,21179E-4
3,39879E-4
3,16034E-4
2,92282E-4
2,53255E-4
2,90594E-4
3,17855E-4
2,49698E-4
2,50621E-4
2,36128E-4
2,42483E-4
2,49695E-4
2,43722E-4
2,44264E-4
2,50887E-4
2,42469E-4
2,44348E-4
2,42113E-4
2,30151E-4
2,39189E-4
2,31625E-4
2,45397E-4
2,43613E-4
3,7432E-4
3,62632E-4
3,30644E-4
3,92492E-4
3,8942E-4
3,45527E-4
3,50139E-4
3,48338E-4
3,33735E-4
3,63746E-4
3,73157E-4
3,18756E-4
2,83828E-4
2,90814E-4
3,54605E-4
2,25762E-4
2,2879E-4
3,47964E-4
3,18338E-4
3,33106E-4
3,65449E-4
2,30694E-4
2,41642E-4
2,29657E-4
2,30629E-4
2,29514E-4
2,29928E-4
2,28003E-4
2,4688E-4
2,4855E-4
2,49246E-4
2,28682E-4
2,46199E-4
2,42238E-4
2,47883E-4
2,2744E-4
2,46143E-4
2,27312E-4
2,41776E-4
2,29362E-4
2,26139E-4
2,3224E-4
2,42639E-4
2,30582E-4
2,52708E-4
2,43552E-4
2,38201E-4
2,32138E-4
2,46511E-4
2,49259E-4
2,32927E-4
2,26183E-4
2,42434E-4
2,29202E-4
2,63523E-4
2,42627E-4
2,43141E-4
2,44619E-4
2,33233E-4
2,45821E-4
2,40949E-4
2,45858E-4
2,40554E-4
2,35733E-4
2,24344E-4
2,34078E-4
2,29981E-4
2,27988E-4
2,46493E-4
2,44741E-4
2,27764E-4
2,24916E-4
2,35333E-4
2,46226E-4
2,3964E-4
2,31201E-4
2,31139E-4
2,27869E-4
2,39031E-4
2,41933E-4
2,42862E-4
2,32408E-4
2,29959E-4
2,31589E-4
2,32846E-4
2,33749E-4
2,48262E-4
2,61963E-4
2,44382E-4
2,40521E-4
2,40155E-4
2,46712E-4
2,43192E-4
2,39157E-4
2,45516E-4
2,45331E-4
2,4006E-4
2,41892E-4
2,33379E-4
2,30947E-4
2,4051E-4
2,36094E-4
2,27262E-4
2,28673E-4
2,47981E-4
2,43131E-4
2,33758E-4
2,29841E-4
2,36394E-4
2,273E-4
2,43274E-4
2,50735E-4
2,27773E-4
2,26246E-4
2,44442E-4
2,281E-4
2,4007E-4
2,29887E-4
2,35857E-4
2,41878E-4
2,64187E-4
2,50161E-4
2,30246E-4
2,43512E-4
2,44604E-4
2,31417E-4
2,44633E-4
2,4216E-4
2,31505E-4
2,32165E-4
2,45817E-4
2,45822E-4
2,41579E-4
2,26791E-4
2,35215E-4
2,43667E-4
2,43415E-4
2,42006E-4
2,26979E-4
2,50744E-4
2,41696E-4
2,48725E-4
2,63569E-4
2,41038E-4
2,47724E-4
2,48937E-4
2,47464E-4
2,64778E-4
2,28753E-4
2,41113E-4
2,30439E-4
2,40891E-4
2,25587E-4
2,48056E-4
2,28506E-4
2,42697E-4
2,45746E-4
2,29202E-4
2,33338E-4
2,29211E-4
2,25722E-4
2,47891E-4
2,31332E-4
2,45182E-4
2,43286E-4
2,31772E-4
2,28472E-4
2,25637E-4
2,48419E-4
2,30108E-4
2,49067E-4
2,39097E-4
3,03972E-4
4,09923E-4
3,45227E-4
2,419E-4
2,50568E-4
2,49383E-4
2,45173E-4
3,72124E-4
4,06628E-4
3,21436E-4
3,79347E-4
4,00774E-4
3,84695E-4
3,38937E-4
3,95194E-4
3,50258E-4
3,61943E-4
3,52321E-4
3,51027E-4
3,23551E-4
3,39138E-4
3,48088E-4
3,50054E-4
2,49794E-4
2,73988E-4
3,55345E-4
2,76749E-4
2,81369E-4
3,17192E-4
3,33319E-4
2,90899E-4
3,11939E-4
3,05834E-4
3,20157E-4
3,21112E-4
2,49463E-4
2,466E-4
2,25911E-4
2,46192E-4
2,31766E-4
2,30567E-4
2,50538E-4
2,44638E-4
2,29674E-4
2,34374E-4
2,64803E-4
2,48415E-4
2,25334E-4
2,41509E-4
2,41049E-4
2,36773E-4
2,4951E-4
2,48702E-4
2,34344E-4
2,27564E-4
2,28234E-4
2,37226E-4
2,46227E-4
2,40469E-4
2,41531E-4
2,45453E-4
2,4553E-4
2,25722E-4
2,33201E-4
2,37204E-4
2,42622E-4
2,3593E-4
2,42242E-4
2,35517E-4
2,36086E-4
2,42681E-4
2,34722E-4
2,49186E-4
2,28105E-4
2,43855E-4
2,48404E-4
2,52245E-4
2,41565E-4
2,46695E-4
2,41513E-4
2,42761E-4
2,45624E-4
2,43772E-4
2,2977E-4
2,47771E-4
2,4205E-4
2,44274E-4
2,50703E-4
2,45287E-4
2,33333E-4
2,43411E-4
2,43472E-4
2,41147E-4
2,28997E-4
2,29065E-4
2,52339E-4
2,44379E-4
2,41407E-4
2,31835E-4
2,2795E-4
2,37269E-4
2,46488E-4
2,32411E-4
2,47668E-4
2,35708E-4
2,3283E-4
2,4667E-4
2,46242E-4
2,26214E-4
2,26162E-4
2,61718E-4
2,48105E-4
2,40328E-4
2,45016E-4
0,00210274
2,449E-4
2,32052E-4
2,33189E-4
2,44874E-4
2,4726E-4
2,33574E-4
2,44186E-4
2,50732E-4
2,47386E-4
2,47599E-4
2,27167E-4
2,25142E-4
2,42083E-4
2,29854E-4
2,50141E-4
2,41424E-4
2,4759E-4
2,29321E-4
2,26892E-4
2,24529E-4
2,42728E-4
2,32345E-4
2,28386E-4
2,47966E-4
2,3186E-4
2,53242E-4
2,29491E-4
2,29276E-4
2,26847E-4
2,29699E-4
2,41817E-4
2,29929E-4
2,33974E-4
2,45249E-4
2,4448E-4
2,43772E-4
2,45296E-4
2,44461E-4
2,31072E-4
2,42333E-4
2,33802E-4
2,35297E-4
4,07823E-4
3,47464E-4
2,77834E-4
3,34297E-4
2,9895E-4
3,82995E-4
3,3331E-4
2,45506E-4
2,44261E-4
2,51123E-4
2,33161E-4
2,48173E-4
2,29844E-4
2,42764E-4
2,43413E-4
2,30282E-4
2,45935E-4
2,49481E-4
2,65344E-4
2,71925E-4
2,45824E-4
2,30852E-4
2,35313E-4
2,47165E-4
2,35115E-4
2,26642E-4
2,42278E-4
2,49779E-4
2,42212E-4
2,46342E-4
2,40467E-4
2,43533E-4
2,34222E-4
2,63687E-4
2,40417E-4
2,4252E-4
2,39545E-4
2,28724E-4
2,29327E-4
2,43872E-4
2,46552E-4
2,47104E-4
2,31863E-4
2,43118E-4
2,42812E-4
3,041E-4
2,34123E-4
2,24681E-4
2,44406E-4
2,42817E-4
2,31746E-4
2,2501E-4
2,28375E-4
2,27349E-4
2,28172E-4
2,32977E-4
2,46313E-4
2,46059E-4
2,47592E-4
2,27586E-4
2,40712E-4
2,40689E-4
2,31579E-4
2,41225E-4
2,33541E-4
2,46932E-4
2,45947E-4
2,4434E-4
2,41564E-4
2,41786E-4
2,42693E-4
2,50648E-4
2,42898E-4
2,42406E-4
2,26623E-4
2,39273E-4
2,41187E-4
2,47547E-4
2,26179E-4
2,38959E-4
2,41174E-4
2,45262E-4
2,48568E-4
2,26563E-4
2,48862E-4
2,48618E-4
2,39937E-4
2,374E-4
2,41547E-4
2,48744E-4
2,39864E-4
2,27017E-4
2,44601E-4
2,42789E-4
2,42751E-4
2,93212E-4
2,53053E-4
2,29484E-4
2,50419E-4
3,26854E-4
3,5154E-4
3,59991E-4
3,54572E-4
3,47296E-4
2,91052E-4
3,84155E-4
3,69043E-4
3,49003E-4
3,59601E-4
3,63364E-4
3,26595E-4
2,90197E-4
2,67542E-4
3,32825E-4
3,0897E-4
2,83936E-4
3,17413E-4
3,20233E-4
2,92259E-4
3,32976E-4
3,02742E-4
2,96495E-4
2,94593E-4
2,9684E-4
3,10831E-4
3,13089E-4
3,36759E-4
2,87513E-4
3,22254E-4
3,39586E-4
3,60055E-4
3,66083E-4
2,44124E-4
2,42588E-4
2,2825E-4
2,47858E-4
2,43299E-4
2,29977E-4
2,45394E-4
2,48344E-4
2,3117E-4
2,46457E-4
2,47912E-4
2,33147E-4
2,46314E-4
2,51751E-4
2,4439E-4
2,40575E-4
2,46353E-4
2,27066E-4
2,40897E-4
2,34569E-4
2,25396E-4
2,34268E-4
2,50676E-4
2,50242E-4
2,40115E-4
2,28887E-4
2,48474E-4
2,52849E-4
2,41637E-4
2,42692E-4
2,26256E-4
2,49652E-4
2,46565E-4
2,32225E-4
2,26866E-4
2,45971E-4
2,4616E-4
2,41636E-4
2,49758E-4
2,42437E-4
2,44755E-4
2,30262E-4
2,27058E-4
2,34761E-4
2,44251E-4
2,32107E-4
3,3672E-4
3,1688E-4
3,73489E-4
2,33295E-4
2,25177E-4
2,42604E-4
2,27655E-4
2,42966E-4
2,4305E-4
2,53064E-4
2,3999E-4
2,40799E-4
2,35355E-4
2,51019E-4
2,68058E-4
2,27973E-4
2,42222E-4
2,30166E-4
2,43251E-4
2,40186E-4
2,35048E-4
2,48049E-4
2,27284E-4
2,48372E-4
2,24889E-4
2,29231E-4
2,45145E-4
2,6364E-4
2,47131E-4
2,5648E-4
2,42884E-4
2,26977E-4
2,46446E-4
3,92114E-4
3,354E-4
3,51836E-4
3,06764E-4
2,62472E-4
3,33492E-4
3,41469E-4
3,06808E-4
3,32042E-4
3,22333E-4
3,36023E-4
3,39788E-4
2,88196E-4
2,65195E-4
3,58023E-4
3,05634E-4
2,68199E-4
3,62122E-4
3,62503E-4
3,7176E-4
3,42618E-4
3,71623E-4
3,51009E-4
3,5128E-4
3,82262E-4
3,15135E-4
3,32422E-4
3,2207E-4
3,37974E-4
3,18668E-4
3,4812E-4
3,16595E-4
4,00674E-4
2,28974E-4
2,28141E-4
2,43339E-4
2,42417E-4
2,36248E-4
2,62476E-4
2,42013E-4
2,34618E-4
2,47578E-4
2,38173E-4
2,37282E-4
2,30019E-4
2,46614E-4
2,43484E-4
2,59601E-4
2,33601E-4
2,26767E-4
2,53641E-4
2,41831E-4
2,28451E-4
2,41664E-4
2,26966E-4
2,32249E-4
2,29286E-4
2,47552E-4
2,2611E-4
2,41501E-4
2,43826E-4
2,27228E-4
2,49194E-4
2,29161E-4
2,40307E-4
2,34747E-4
2,306E-4
2,31753E-4
2,62872E-4
2,42269E-4
2,24157E-4
2,40585E-4
2,28756E-4
2,29707E-4
2,2505E-4
2,25062E-4
2,60052E-4
2,46498E-4
2,49135E-4
2,44649E-4
2,47516E-4
2,6298E-4
2,31044E-4
2,42678E-4
2,27945E-4
2,41073E-4
2,36395E-4
2,43783E-4
2,44255E-4
2,41077E-4
2,43676E-4
2,45881E-4
2,33902E-4
2,45034E-4
2,27695E-4
2,31874E-4
2,47908E-4
2,44272E-4
2,29544E-4
2,2993E-4
2,26933E-4
2,46618E-4
2,41496E-4
2,58816E-4
2,43283E-4
2,48791E-4
2,4452E-4
2,59091E-4
2,39537E-4
2,45586E-4
2,30609E-4
2,45805E-4
2,2564E-4
2,42368E-4
2,48703E-4
2,39765E-4
2,43292E-4
2,31026E-4
2,44006E-4
2,48819E-4
2,3153E-4
2,30263E-4
2,34268E-4
2,45507E-4
2,45107E-4
2,29652E-4
2,4204E-4
2,3092E-4
2,29309E-4
2,39267E-4
2,29323E-4
2,4806E-4
2,5426E-4
2,28012E-4
2,40316E-4
2,42425E-4
2,35206E-4
2,49917E-4
2,44898E-4
2,36197E-4
2,45178E-4
2,45179E-4
2,52664E-4
2,38553E-4
2,3013E-4
2,4504E-4
2,35167E-4
2,41768E-4
2,4466E-4
2,39416E-4
2,44168E-4
2,6523E-4
2,40896E-4
2,5069E-4
2,47316E-4
2,50475E-4
2,46601E-4
2,57919E-4
2,44421E-4
2,5119E-4
2,30668E-4
2,406E-4
2,29663E-4
2,42813E-4
2,43845E-4
2,45389E-4
2,42071E-4
2,48268E-4
2,54828E-4
2,46464E-4
2,30087E-4
2,2846E-4
2,42369E-4
2,49492E-4
2,34558E-4
2,26977E-4
2,43779E-4
2,38384E-4
2,45253E-4
2,40493E-4
2,40287E-4
2,51088E-4
2,45408E-4
2,49552E-4
2,40703E-4
2,46371E-4
2,4999E-4
2,2897E-4
2,29888E-4
2,47761E-4
2,50671E-4
2,43779E-4
2,43121E-4
2,58407E-4
2,35907E-4
2,43318E-4
2,38037E-4
2,42986E-4
2,44898E-4
2,40009E-4
2,61702E-4
2,46267E-4
2,30393E-4
2,40405E-4
2,27107E-4
2,27161E-4
2,42964E-4
2,46887E-4
2,44161E-4
2,4706E-4
2,42422E-4
2,57175E-4
2,43633E-4
2,4562E-4
