0,032631624
0,044638048
0,043464441
0,043730365
0,043782662
0,043986295
0,044162611
0,043991049
0,043869324
0,043794123
0,044064246
0,043947932
0,044013019
0,043917965
0,043864847
0,044111721
0,044040068
0,044002825
0,043894769
0,044046029
0,043842399
0,044078446
0,043784111
0,043654887
0,043904342
0,044045566
0,043782182
0,044097039
0,043970145
0,043874178
0,043954642
0,043977177
0,043994834
0,043957175
0,044245914
0,043780197
0,043944999
0,043975183
0,044047191
0,04396607
0,04412844
0,043958151
0,043978467
0,043949193
0,043932453
0,044057409
0,044013755
0,044077692
0,044034715
0,043761204
0,044070872
0,043964877
0,044178962
0,04393817
0,043932911
0,043913124
0,04396766
0,043930193
0,044049589
0,044087506
0,043912812
0,04386476
0,044123151
0,044086958
0,043817118
0,044047296
0,044158995
0,04386784
0,043897803
0,044016349
0,044098464
0,043908133
0,044035654
0,043814678
0,044099701
0,043985218
0,044023288
0,044010235
0,043936516
0,044071072
0,044073919
0,043842273
0,044019546
0,043966448
0,044142459
0,043888737
0,043988737
0,043952241
0,044111829
0,043878544
0,043957623
0,044036264
0,044096346
0,043871691
0,043951118
0,04405675
0,044067967
0,044012344
0,043924745
0,044011632
0,04403577
0,044406509
0,043624469
0,043885062
0,044026541
0,043947391
0,044013749
0,044005223
0,044016672
0,0438968
0,044157534
0,043993729
0,044026437
0,043909723
0,043949355
0,04412785
0,04375567
0,044060713
0,044199286
0,043848145
0,043959646
0,043946963
0,044100715
0,043907856
0,044026045
0,043962965
0,044012929
0,044089786
0,043844145
0,044047935
0,044031593
0,043968665
0,044100951
0,043775468
0,046118921
0,041913946
0,04405035
0,044016243
0,044058383
0,043908703
0,043840803
0,044063753
0,044088268
0,043913634
0,044041043
0,043913205
0,044044098
0,044069964
0,043935284
0,043911976
0,04404405
0,043969575
0,043991864
0,043991547
0,044070101
0,044113299
0,044014475
0,043803127
0,044064061
0,044033016
0,043897627
0,044042814
0,043967847
0,044068149
0,04391467
0,044014838
0,043986153
0,043979441
0,043995124
0,043939014
0,044090214
0,044023029
0,043864095
0,044191967
0,043837665
0,044027504
0,043949425
0,044123144
0,043973677
0,044041426
0,043968999
0,043904428
0,04396901
0,044037606
0,043935166
0,043983871
0,044016757
0,044044309
0,04391467
0,04407823
0,044085359
0,043838826
0,044054024
0,043901362
0,044131599
0,043983456
0,043812357
0,044165915
0,043860152
0,044059048
0,044086051
0,043956922
0,043859559
0,04410066
0,043936343
0,044074126
0,044043124
0,043847325
0,043971826
0,044015357
0,043978507
0,044010588
0,04406735
0,04384212
0,044125471
0,043969481
0,043944829
0,044090823
0,043898059
0,043934714
0,044148386
0,043982282
0,044161543
0,043834936
0,043973593
0,043860625
0,044108553
0,043979672
0,044026137
0,044070543
0,043846749
0,043961952
0,044151244
0,043891926
0,044030454
0,043991879
0,043986046
0,043912735
0,043982438
0,044101627
0,043942666
0,044152662
0,043915363
0,043882117
0,044070039
0,044052027
0,043955664
0,044022289
0,044089994
0,043969479
0,043941403
0,043953059
0,044022397
0,043975863
0,04389126
0,044102526
0,044050509
0,043919198
0,04407825
0,044015752
0,044006063
0,043884587
0,044011262
0,043938184
0,044157184
0,043936652
0,043850707
0,044038419
0,044039185
0,043995769
0,044133989
0,043806057
0,044102677
0,043769937
0,044194409
0,043959845
0,044031366
0,043931811
0,044059992
0,044038103
0,044004171
0,044022144
0,043823284
0,044004783
0,044002014
0,043962625
0,044020945
0,044042666
0,043980416
0,04393066
0,044187141
0,04393332
0,043946394
0,044098382
0,044016401
0,043860532
0,043997255
0,043986421
0,043965859
0,043926801
0,044093373
0,043939476
0,044078813
0,043985871
0,04398263
0,043938049
0,044113762
0,043880191
0,043996282
0,044064643
0,043957719
0,044054117
0,044110349
0,0439289
0,044092218
0,043949421
0,043901747
0,043966332
0,044125137
0,043884781
0,043981757
0,043946871
0,044020222
0,044115335
0,043851626
0,043980373
0,044086725
0,044088719
0,043918235
0,043976938
0,044080314
0,044046587
0,043901058
0,043943203
0,044073198
0,044128829
0,043908397
0,043954831
0,043915404
0,043962814
0,044226659
0,043886866
0,043998502
0,043975331
0,043965748
0,04395056
0,044040545
0,043952505
0,044177078
0,043895334
0,043868517
0,044003857
0,044192774
0,043881968
0,043951861
0,044054963
0,044051651
0,043908448
0,04398028
0,044039891
0,043956698
0,044035311
0,043938993
0,043894222
0,044072076
0,044072645
0,043978479
0,043999472
0,044002986
0,043965612
0,043949496
0,044022132
0,043945784
0,043874134
0,044124765
0,043950081
0,044143915
0,043914929
0,044096423
0,043933984
0,044044304
0,043918022
0,044056064
0,043856484
0,044140738
0,043904107
0,044090734
0,043926095
0,043991489
0,043948936
0,043924824
0,044125266
0,043952199
0,044015861
0,044033809
0,043894384
0,044046809
0,043924717
0,045180428
0,042924203
0,04397344
0,043933649
0,044036128
0,044047303
0,044054514
0,044017677
0,043775046
0,044114826
0,043921948
0,044017481
0,044008022
0,044105843
0,044018971
0,043807727
0,044046102
0,044081495
0,043913949
0,044044108
0,043932054
0,043917469
0,044042542
0,044055528
0,043947639
0,044131521
0,043956404
0,043894381
0,044029831
0,044072592
0,043864017
0,043985906
0,043943162
0,044012224
0,044153559
0,043860357
0,044000953
0,04409862
0,043944999
0,044142714
0,04389152
0,043959409
0,044036106
0,043986725
0,043908218
0,044056535
0,043984997
0,044001602
0,044015218
0,04407079
0,044314985
0,043586656
0,043939377
0,044085501
0,044019978
0,043936789
0,043977644
0,044109598
0,043865854
0,044033671
0,043870511
0,044070663
0,045112516
0,04289077
0,043947242
0,044186905
0,043985521
0,043957219
0,043954268
0,043906039
0,043989751
0,044033725
0,044172198
0,043836415
0,04401921
0,044086596
0,043882903
0,044023114
0,044047124
0,04401254
0,044001041
0,043917328
0,045391006
0,042596135
0,043910611
0,044042706
0,044083232
0,043997528
0,044019379
0,043864082
0,044060348
0,043954789
0,044035872
0,043999717
0,043952085
0,043990936
0,044133314
0,043903867
0,043960672
0,044100526
0,043877843
0,044044799
0,044037806
0,043789901
0,044108584
0,043900424
0,044050484
0,043972844
0,043977168
0,044015389
0,044044264
0,043991223
0,044043118
0,043885076
0,044144516
0,043828871
0,044072022
0,043924911
0,044051908
0,043868871
0,044110402
0,045127762
0,04288514
0,043920521
0,044058304
0,043875375
0,044047671
0,044043752
0,043963371
0,044008683
0,043978711
0,043998673
0,044071033
0,043875475
0,044059815
0,043956989
0,044085713
0,043985768
0,043862492
0,044137768
0,044980683
0,042927744
0,04417544
0,043894508
0,044048695
0,043930064
0,04397703
0,043936761
0,043981001
0,044136633
0,043876203
0,043965612
0,043912755
0,044139298
0,043991987
0,044066855
0,043827671
0,043985507
0,044119034
0,043973223
0,044083455
0,043953214
0,043962921
0,04406996
0,04403641
0,043782356
0,044162503
0,043984412
0,043940849
0,04394287
0,043997369
0,04398095
0,044004512
0,044031034
0,044040551
0,04398631
0,043993291
0,04404428
0,043988127
0,044016867
0,043929782
0,043956622
0,043929199
0,044096615
0,043993959
0,043953878
0,044122732
0,043956431
0,043966828
0,043976761
0,044124677
0,043994673
0,043971706
0,043980368
0,043981672
0,04511203
0,04289347
0,043957002
0,044065473
0,044052164
0,043907071
0,044171652
0,043789019
0,044113152
0,044061897
0,043835122
0,04397698
0,044049409
0,044142277
0,0438543
0,044181683
0,04393036
0,044085906
0,043873212
0,043955593
0,044048029
0,043880237
0,044007004
0,044150622
0,043828486
0,043897574
0,044091444
0,044051846
0,043980988
0,043966533
0,044073497
0,043835667
0,044138203
0,044000248
0,044013872
0,044053603
0,044012762
0,043935997
0,043907874
0,044091118
0,04404853
0,043928455
0,043944016
0,044013315
0,04412931
0,043856719
0,043995978
0,044049448
0,043984328
0,043996646
0,044008169
0,044050116
0,045013882
0,042856388
0,044007795
0,043963143
0,044078687
0,044056144
0,043972566
0,043952977
0,044024289
0,044008288
0,043896506
0,044123069
0,044018969
0,043917787
0,044082181
0,043954639
0,043931471
0,044096328
0,04388297
0,044094216
0,044161473
0,043778801
0,043977324
0,044175002
0,04390463
0,043947102
0,043974434
0,044049667
0,044067337
0,043908923
0,043989028
0,044008247
0,044195253
0,043927385
0,043759989
0,044182369
0,043871254
0,044026533
0,044015114
0,043962723
0,044045706
0,044005
0,044095018
0,044042067
0,043829423
0,044116381
0,043925172
0,04394136
0,044166865
0,043911184
0,043933855
0,043954986
0,044011151
0,043982097
0,043990669
0,044022515
0,044018877
0,0440386
0,044037339
0,044017892
0,043933294
0,043854919
0,044032913
0,044022631
0,04398799
0,043970519
0,043999732
0,0439603
0,044174953
0,043876068
0,04409411
0,043921464
0,04401798
0,044032811
0,043947087
0,04397707
0,044179023
0,043956402
0,043868405
0,044087959
0,044168069
0,04374997
0,044317692
0,043758027
0,043893738
0,044062195
0,044027227
0,043870972
0,044156779
0,04387999
0,044112829
0,043980778
0,044028574
0,043891767
0,04402828
0,043944271
0,044014486
0,044069999
0,044029199
0,043931326
0,044017281
0,044142967
0,043842969
0,043861055
0,044077698
0,043928645
0,04418069
0,044005259
0,04390148
0,044035987
0,043971387
0,043934844
0,044108151
0,043877446
0,04395909
0,04392427
0,044291384
0,043837193
0,044101726
0,043972631
0,0438987
0,04391802
0,044165653
0,043947868
0,044027433
0,043987449
0,044027855
0,044070249
0,043948566
0,043881342
0,043978046
0,044253418
0,043875149
0,044058035
0,043941079
0,044156388
0,043789163
0,04408193
0,043886441
0,043977796
0,044094278
0,043977629
0,044030998
0,043897073
0,044036487
0,044122614
0,04391103
0,044024455
0,043940808
0,044114441
0,04394377
0,044034715
0,043826901
0,044107371
0,044012597
0,04400716
0,043980163
0,04397964
0,044005784
0,044091726
0,043829078
0,043970462
0,044071505
0,043902828
0,044020169
0,043975733
0,04401772
0,044130436
0,043918674
0,044149448
0,043795523
0,04408612
0,044093059
0,043925354
0,044007001
0,043899857
0,044040836
0,043851031
0,044089004
0,044162072
0,043931816
0,044001185
0,043994232
0,043886155
0,043986145
0,043929389
0,044007039
0,044058148
0,044113084
0,043933342
0,044099511
0,043935716
0,044069932
0,043899573
0,044013108
0,044398587
0,043502768
0,043992337
0,043995192
0,044209897
0,043786817
0,04404929
0,044017234
0,04414883
0,043754783
0,044157729
0,043941063
0,043944604
0,044110993
0,043976166
0,044044482
0,043911296
0,043916752
0,044279367
0,04391505
0,043901503
0,044188828
0,043876164
0,044041208
0,043810778
0,044027767
0,044094036
0,043875492
0,044027672
0,043923664
0,04420054
0,043778829
0,044180072
0,045000994
0,042865378
0,044043844
0,044038201
0,044047794
0,043984273
0,043910182
0,044093472
0,043857373
0,044133507
0,044002373
0,043946603
0,044130504
0,043956132
0,043943342
0,043994406
0,044063099
0,043850015
0,044232268
0,043747581
0,044059549
0,043880594
0,044069621
0,044028234
0,043959611
0,044068272
0,044103249
0,043784477
0,044009241
0,043991942
0,043944709
0,04408673
0,043974017
0,043993499
0,044039405
0,04389175
0,044067578
0,043943929
0,044184783
0,043832366
0,043984225
0,043987013
0,044153127
0,044006421
0,043897336
0,043982161
0,044053087
0,043966731
0,043915695
0,044018384
0,044077401
0,044058069
0,043927349
0,04406986
0,04395512
0,043990464
0,044003883
0,044119049
0,043927995
0,043963598
0,043903848
0,044043662
0,044059825
0,043953357
0,043943933
0,044172081
0,043889334
0,044055836
0,043852414
0,044039845
0,044223683
0,043829847
0,043948302
0,044086626
0,043928901
0,044037648
0,043979716
0,044039791
0,04413158
0,043856837
0,044063538
0,043928506
0,043984408
0,043916466
0,044053703
0,044029956
0,044109554
0,043817136
0,044150571
0,044037688
0,043948852
0,044006813
0,043915673
0,04396451
0,043974054
0,044011328
0,044037123
0,044008398
0,044137316
0,043881982
0,043920447
0,043994566
0,043963052
0,044222852
0,043834782
0,043945539
0,044101716
0,043943642
0,044112444
0,043923068
0,044066785
0,044028139
0,043786694
0,043999576
0,044030527
0,044110218
0,043955758
0,043966034
0,044062464
0,043881178
0,044136191
0,043884158
0,044100908
0,044010793
0,043854692
0,044114593
0,043936644
0,04404184
0,0439162
0,045013253
0,043042826
0,04392277
0,044018209
0,04408027
0,043951451
0,043952593
0,044080595
0,043934432
0,043862167
0,043990857
0,044014354
0,044214462
0,043944002
0,043878333
0,044098345
0,044001704
0,043884793
0,044164552
0,043954183
0,044014668
0,043923536
0,044097121
0,043931577
0,043898156
0,044011323
0,043976522
0,044013144
0,044085601
0,043937222
0,044012504
0,04400372
0,04399133
0,043999924
0,044052265
0,044043457
0,043796343
0,044129868
0,043970403
0,044069275
0,044022441
0,043940686
0,043988932
0,044037692
0,043838915
0,043987349
0,044064038
0,043981631
0,044033141
0,044022372
0,044080291
0,043848503
0,044055087
0,043923329
0,044045454
0,043992708
0,043973089
0,044042183
0,044034775
0,043920417
0,044059469
0,044000801
0,043937296
0,044087371
0,043874351
0,044151811
0,043897833
0,043978469
0,044137308
0,043996491
0,04404568
0,043792413
0,045145783
0,042930811
0,044046005
0,043884746
0,04414301
0,043922724
0,04398449
0,043980947
0,04384087
0,044158944
0,043912535
0,044052106
0,044007877
0,043867862
0,044136085
0,044005216
0,04392777
0,043997073
0,044127974
0,043904098
0,044004168
0,043966242
0,044138746
0,043800436
0,044106811
0,043970652
0,043988119
0,04404204
0,043995458
0,04404579
0,043933302
0,043960549
0,043993687
0,044017117
0,04398318
0,044133672
0,04383802
0,043974435
0,044019664
0,043988163
0,044041388
0,043907118
0,044102765
0,044064013
0,043896703
0,043966687
0,04420911
0,044059199
0,043776688
0,044061825
0,043978251
0,044044242
0,04403697
0,043938144
0,043986851
0,043958832
0,044025225
0,044000821
0,044049436
0,043988228
0,043925538
0,044082925
0,043925785
0,044018997
0,044045063
0,043862602
0,044058275
0,044024354
0,043842977
0,044129079
0,043975263
0,043974716
0,044077247
0,04397119
0,044003956
0,043928086
0,044022253
0,043931884
0,044069372
0,044021353
0,044002208
0,043996645
0,043971503
0,044027031
0,043964321
0,044054615
0,043851859
0,044086338
0,043984191
0,044053256
0,044003508
0,043933132
0,043972213
0,044100845
0,043921285
0,044115104
0,043819826
0,044033032
0,044158691
0,043848802
0,044062245
0,043936575
0,044081069
0,044037101
0,043815869
0,044190717
0,043925464
0,043985006
0,044023932
0,043900808
0,04417722
0,043900143
0,043953017
0,044192456
0,043900751
0,043989987
0,043945678
0,043970552
0,04414016
0,043723242
0,044094858
0,044058529
0,043947858
0,044006198
0,043991483
0,044099185
0,043920011
0,04405967
0,044050455
0,04392692
0,043981306
0,043927275
0,044108011
0,043859583
0,043995184
0,043992643
0,043976436
0,044234328
0,043943026
0,044032367
0,04393628
0,043988858
0,043957971
0,043892839
0,044111422
0,043948304
0,044119879
0,043912133
0,044017522
0,043924843
0,044036662
0,043957768
0,044071992
0,045185905
0,0428434
0,043917025
0,043999812
0,04395147
0,044055394
0,044018186
0,04395681
0,044074882
0,04402021
0,043864034
0,044082046
0,044008496
0,043880888
0,044135407
0,043851985
0,044109857
0,044006735
0,043926174
0,044015424
0,0439946
0,044002571
0,043947293
0,043950496
0,044031164
0,044089018
0,044004869
0,043958569
0,043967357
0,044009811
0,045008888
0,042939954
0,044006122
0,044012922
0,043974903
0,044076224
0,044785163
0,043194434
0,043958394
0,04403269
0,044030591
0,044015419
0,043969705
0,04399919
0,043985223
0,044037877
0,043925914
0,044051315
0,043942312
0,044032326
0,044009833
0,043998494
0,044350615
0,043673902
0,044093981
0,043938712
0,044042702
0,043962941
0,04392255
0,045182838
0,042785073
0,044017394
0,044016878
0,044067822
0,043864692
0,044095026
0,043953064
0,044898217
0,043139607
0,043898389
0,044017982
0,044103148
0,043904046
0,043939858
0,044075544
0,04393396
0,044029482
0,043973642
0,04399383
0,043992928
0,044064357
0,043990783
0,043990587
0,043987287
0,044015383
0,0440174
0,044027394
0,043994421
0,043970812
0,044017028
0,043985769
0,043909865
0,044091543
0,044002926
0,044035833
0,04405386
0,043946047
0,043855676
0,044160236
0,04402991
0,043848227
0,044035902
0,044005391
0,043907471
0,044007817
0,044079574
0,043947779
0,044048643
0,043919192
0,044078008
0,044022015
0,043950537
0,04399534
0,043997136
0,043990517
0,043980943
0,043971125
0,044002763
0,043982426
0,044104822
0,043890666
0,044002124
0,043931861
0,04410891
0,043947837
0,044054908
0,044056357
0,043866709
0,044001508
0,044005349
0,044059491
0,044089402
0,043841866
0,043980163
0,044075769
0,043986195
0,043968803
0,043981825
0,044173423
0,043780076
0,044067789
0,044032948
0,043944829
0,044063481
0,044053315
0,043882821
0,043994963
0,044112596
0,043838407
0,044103034
0,043937612
0,04402851
0,043938264
0,044001786
0,044222069
0,043884619
0,044031623
0,04403801
0,043836255
0,044054692
0,044071912
0,043990439
0,043895552
0,044051675
0,04396049
0,043981812
0,044023924
0,044010805
0,043891008
0,044041556
0,044067004
0,044095485
0,043742858
0,044068874
0,044005092
0,044060893
0,043933376
0,044089757
0,043948017
0,043986718
0,043964129
0,043967052
0,044118333
0,043850153
0,044218259
0,043885046
0,043878647
0,044050027
0,044016283
0,043974869
0,043974363
0,044013728
0,044065069
0,043944455
0,043967257
0,044060162
0,044039359
0,043847783
0,043984819
0,044149519
0,043990781
0,044016047
0,044005624
0,043933287
0,044008071
0,044010522
0,043993473
0,043988229
0,044044833
0,044003047
0,043885677
0,044018481
0,044023462
0,044063701
0,044003902
0,043968248
0,043951421
0,044020373
0,044001951
0,043957886
0,044046411
0,043957029
0,044130084
0,043905079
0,044069152
0,04396885
0,043987554
0,043907003
0,044047759
0,044116702
0,043920951
0,043937703
0,04410793
0,043916592
0,044012334
0,044028936
0,044022638
0,043941653
0,04386292
0,04412021
0,043905425
0,044046679
0,04403609
0,044070022
0,043923132
0,044061652
0,043982161
0,044016635
0,043979425
0,043959173
0,043975272
0,044001608
0,044109977
0,043964038
0,044038736
0,043813499
0,044069365
0,04393489
0,044018121
0,044001355
0,044119245
0,043978702
0,043933455
0,044024117
0,043961742
0,043977688
0,044095999
0,043904941
0,043990979
0,043988461
0,043913788
0,044081747
0,044038666
0,044007567
0,043954903
0,044061929
0,044040171
0,043859143
0,044032096
0,04397826
0,044004017
0,043998175
0,044044229
0,043938076
0,044096947
0,043877199
0,044075356
0,043987203
0,043905956
0,044068291
0,044008759
0,044030277
0,043942829
0,044085569
0,043881809
0,044027495
0,044034544
0,043965774
0,04411017
0,043929615
0,043942118
0,044083011
0,043880539
0,043994926
0,043897127
0,044026428
0,044071308
0,044051898
0,043881089
0,04416692
0,043811846
0,044056843
0,044004543
0,043983173
0,043988771
0,044053513
0,044042668
0,043885391
0,043989363
0,044034549
0,044065665
0,043930514
0,043990082
0,044043191
0,043941068
0,044006952
0,043987266
0,043982
0,044043482
0,043935792
0,04408572
0,044005063
0,04396887
0,044063519
0,044990215
0,042889278
0,044163706
0,044005268
0,043895794
0,044105542
0,043944329
0,043909278
0,044104527
0,043865086
0,044086062
0,043975287
0,043888603
0,044055988
0,044051801
0,043924101
0,044036535
0,043950279
0,044185875
0,043824312
0,044103434
0,043841404
0,044056661
0,044039452
0,04394862
0,044054438
0,043931395
0,044170604
0,043866197
0,043950727
0,044107383
0,043847394
0,044108914
0,044029866
0,043995374
0,043929774
0,044088646
0,043967528
0,043924018
0,04396297
0,043998949
0,044154206
0,04386365
0,044145075
0,044823058
0,043017991
0,044103244
0,043998567
0,043894499
0,044161612
0,044011521
0,043909654
0,043969968
0,043984343
0,043934074
0,044159388
0,043960888
0,044017221
0,043851321
0,043919369
0,044246794
0,04385259
0,044022731
0,043887176
0,044124339
0,043963851
0,044021726
0,043967235
0,043975924
0,04397872
0,044005887
0,044235568
0,043875799
0,044003694
0,043943911
0,043936745
0,044023255
0,043999304
0,043983007
0,04404773
0,043942004
0,043892859
0,044086449
0,044050814
0,043934614
0,044040488
0,043964289
0,044126094
0,044946917
0,042976011
0,044148078
0,043972513
0,043884955
0,044032994
0,044088761
0,043956651
0,043983742
0,043994479
0,043982874
0,043985535
0,044074568
0,043822681
0,044019441
0,044260059
0,043828536
0,043970581
0,043978163
0,043991872
0,043994257
0,043971821
0,04398122
0,044101423
0,043953613
0,043993195
0,04396351
0,044071322
0,043977116
0,043936249
0,043971869
0,044090607
0,043914319
0,044037391
0,043970072
0,043997913
0,044033503
0,043986118
0,044058309
0,043896248
0,043959767
0,0441099
0,043950596
0,043928997
0,045050895
0,042876756
0,044128548
0,043941953
0,044070722
0,043933249
0,044009266
0,044014911
0,043928565
0,044048473
0,043949456
0,044075961
0,044000086
0,043990382
0,043971344
0,04405913
0,043997163
0,043984814
0,043854234
0,044013495
0,044162019
0,044055172
0,043857767
0,044000313
0,044152247
0,043934315
0,043842171
0,044038987
0,044252465
0,043894823
0,043921917
0,043949716
0,04395127
0,044030267
0,043932105
0,044068562
0,04399197
0,04417024
0,043903072
0,043983132
0,043973594
0,043957112
0,043995153
0,044076501
0,045139134
0,042793128
0,044021649
0,043960963
0,044059126
0,044016671
0,044024968
0,043924789
0,044118119
0,043865347
0,044027396
0,044071855
0,043856574
0,043903872
0,044226966
0,04404629
0,044050738
0,04383213
0,043965895
0,044051246
0,043927041
0,044089087
0,043939509
0,044019527
0,043943471
0,043991634
0,044018688
0,044097398
0,043856048
0,043994106
0,044062509
0,044047555
0,043979647
0,044102689
0,043874779
0,04409983
0,043889917
0,044013323
0,044087856
0,043937932
0,043994048
0,043905361
0,044036416
0,044021043
0,044868277
0,04311305
0,043996669
0,044018893
0,043993271
0,044032288
0,043950118
0,04396825
0,044021557
0,044044567
0,043972347
0,04406307
0,043935753
0,044058344
0,043959717
0,043975523
0,043957475
0,043963185
0,044085696
0,043972397
0,043920273
0,044127528
0,043855364
0,044065005
0,044026476
0,043936214
0,044103813
0,044403636
0,043529086
0,044038202
0,043966462
0,04397359
0,044132848
0,043916345
0,043976424
0,043992231
0,044016265
0,044033306
0,044027618
0,043843763
0,043946217
0,044108059
0,043951475
0,044089459
0,043846176
0,044093275
0,04393966
0,044003586
0,043918479
0,044041794
0,044002655
0,043970306
0,044097776
0,043985954
0,044003106
0,044036411
0,044062331
0,044148893
0,043852332
0,0440764
0,043863969
0,043995926
0,043968814
0,044079537
0,043886255
0,044002709
0,043965259
0,044008214
0,043985589
0,043975061
0,044453669
0,043518647
0,044070564
0,044041538
0,043889432
0,044040324
0,043982541
0,04401681
0,044138434
0,043916542
0,043951465
0,043944287
0,044107539
0,043971496
0,043877937
0,044102321
0,043929408
0,044077936
0,044041116
0,044011909
0,043977289
0,043929627
0,044088508
0,043920143
0,04399834
0,043945629
0,044063657
0,043919559
0,04397631
0,044121992
0,043956318
0,04394741
0,044005076
0,044066643
0,044001719
0,044099262
0,043899442
0,044107826
0,043852135
0,044119386
0,043888304
0,043944635
0,0441452
0,043919458
0,043938183
0,044052743
0,043958978
0,044059864
0,043979413
0,043972083
0,043974342
0,044038326
0,044102807
0,043801435
0,044077451
0,044046298
0,04399131
0,043949202
0,044098001
0,043986042
0,043857924
0,043979678
0,04414729
0,043867122
0,04396144
0,043970767
0,044045326
0,043979103
0,044068952
0,043959136
0,04411321
0,043947018
0,044006805
0,043970329
0,044001461
0,043962166
0,044123059
0,043850996
0,044030395
0,044015837
0,044022725
0,043913039
0,044116773
0,043873507
0,043996492
0,044092225
0,043874546
0,044030429
0,043987745
0,044026324
0,043995288
0,044042452
0,04395989
0,044107413
0,043862079
0,044098726
0,043920555
0,044200727
0,043852677
0,043852303
0,044012377
0,043983349
0,044003423
0,044119859
0,043924386
0,044184318
0,043881975
0,043970049
0,044003895
0,043931252
0,04395946
0,043992047
0,044094554
0,043985072
0,043985938
0,044028344
0,043994994
0,043980587
0,044060414
0,044013759
0,043933698
0,044060904
0,043958307
0,043952425
0,04395784
0,043973598
0,04401991
0,044086246
0,043907131
0,044070671
0,043970068
0,044001338
0,044019429
0,044022156
0,044002729
0,043852785
0,044025863
0,04399572
0,044101277
0,043861679
0,044030126
0,044046157
0,043960905
0,043970374
0,044040417
0,043990186
0,044086955
0,04390835
0,043950642
0,044089539
0,043930395
0,044119665
0,044052046
0,043874162
0,043839661
0,044008419
0,04421515
0,043938864
0,043956719
0,044816884
0,043054426
0,044080711
0,044100751
0,043964699
0,043896719
0,043994503
0,044079291
0,044035586
0,04401213
0,043960748
0,044200427
0,043954626
0,043779868
0,044084366
0,043840524
0,044078491
0,044127938
0,043840265
0,044003794
0,043983449
0,043975525
0,044113751
0,044002771
0,043986098
0,04398013
0,043923742
0,044072563
0,043938913
0,044020593
0,044044575
0,04392099
0,044191628
0,043934408
0,043992836
0,043958137
0,04396325
0,044055538
0,044022139
0,043917425
0,043920737
0,044068951
0,043870663
0,044056851
0,044955181
0,043069402
0,04400635
0,044006463
0,043902548
0,044050317
0,044053108
0,043976313
0,043993377
0,044019161
0,043914718
0,044045497
0,044100703
0,043867329
0,044138163
0,043932813
0,044005717
0,044070122
0,043894042
0,044008684
0,044375253
0,04365664
0,043924731
0,043995741
0,043998335
0,044007527
0,044076692
0,043903003
0,044027875
0,044079465
0,043991444
0,043854416
0,044212117
0,043883808
0,043957694
0,044017493
0,043989831
0,044031172
0,044047726
0,044048561
0,043749882
0,04410423
0,043975149
0,044183919
0,043714299
0,044084602
0,043944485
0,044008421
0,043948556
0,044100209
0,043976536
0,043936537
0,044028582
0,044013281
0,043961776
0,044069926
0,043998029
0,044030893
0,044002653
0,043960765
0,044010593
0,043980969
0,043942945
0,044049501
0,043933354
0,044036338
0,043928364
0,043940614
0,04406985
0,044076049
0,04809436
0,043918816
0,044124386
0,043848721
0,04420907
0,043912954
0,043999072
0,043928616
0,044022648
0,043926546
0,044126991
0,043897979
0,043934402
0,044136304
0,044022426
0,04384801
0,044038368
0,043999462
0,045130769
0,042811835
0,043970328
0,043948725
0,04412102
0,044062974
0,04400752
0,043913999
0,044061441
0,043944529
0,043974724
0,044027497
0,044055236
0,044014315
0,044050441
0,043992453
0,043887654
0,043949193
0,043997929
0,044046727
0,043889324
0,044066845
0,044114841
0,04394974
0,043862119
0,044058837
0,04404716
0,04389339
0,044140568
0,043921936
0,044140266
0,043815015
0,044068102
0,043923511
0,044109675
0,043987867
0,044038735
0,043856038
0,044007865
0,044116008
0,0440161
0,043910582
0,044074581
0,043948265
0,045133676
0,042875079
0,044005754
0,04398285
0,043963355
0,044012795
0,044110106
0,043996481
0,04399354
0,043771045
0,044120729
0,044095503
0,043897601
0,043974286
0,044099705
0,043948324
0,044011348
0,043965763
0,044035336
0,043945163
0,044085887
0,043893844
0,044093587
0,043947003
0,044036471
0,044059638
0,043951077
0,044003481
0,043977267
0,043884516
0,043982858
0,044110295
0,044041327
0,043948378
0,043898589
0,043995221
0,044162846
0,044043368
0,04385456
0,043955335
0,044037776
0,044162216
0,043917026
0,043972181
0,044994106
0,043020958
0,044005448
0,044020249
0,043834417
0,043991118
0,04397606
0,04413866
0,044015326
0,043878741
0,044092137
0,043999214
0,043898889
0,044091032
0,044130102
0,043808038
0,044107586
0,043991879
0,043873682
0,044190586
0,043970142
0,043808631
0,044056276
0,044140134
0,043850844
0,043948898
0,044104002
0,044065157
0,043848442
0,04387941
0,044181186
0,043918565
0,044022981
0,043987678
0,044127279
0,043728716
0,044068771
0,044119976
0,043934745
0,044049234
0,043992377
0,044087574
0,043853255
0,044147651
0,043876126
0,044097429
0,043939537
0,044088741
0,043843228
0,044005929
0,044023467
0,043952129
0,044082159
0,043841744
0,04413305
0,043959828
0,044022475
0,044026989
0,044043837
0,044023174
0,043949555
0,044000097
0,043979654
0,043995099
0,043990889
0,043974273
0,043960059
0,044151306
0,04386586
0,044028114
0,044016222
0,043959153
0,043919299
0,043999588
0,044061472
0,044080059
0,043840093
0,043999475
0,04410752
0,044018767
0,044055114
0,043810839
0,044254409
0,043827384
0,044035196
0,044038195
0,043929057
0,04402848
0,043990326
0,04401887
0,043853452
0,044062694
0,04404015
0,04401486
0,04406997
0,043816224
0,044010521
0,044022073
0,043982903
0,04407785
0,04387354
0,044133371
0,043907338
0,044162111
0,043926696
0,043949796
0,044065739
0,043883911
0,044118105
0,043965326
0,0438733
0,044119716
0,044079471
0,043946196
0,044041904
0,043903706
0,044097045
0,043884787
0,043998506
0,043848404
0,044136811
0,043975938
0,043937621
0,043992568
0,044002967
0,044029423
0,043892819
0,044125302
0,043885354
0,044086664
0,044060716
0,044035562
0,044000369
0,043951381
0,043967278
0,043920542
0,044149577
0,044069668
0,043846105
0,04410201
0,044017519
0,043743589
0,044097187
0,044104728
0,043975939
0,043906422
0,044030819
0,044065313
0,043853688
0,043993732
0,044081908
0,044004669
0,044087932
0,043924852
0,043959345
0,043981726
0,043945399
0,044101948
0,044061261
0,043955194
0,043967745
0,043945928
0,044011123
0,043909208
0,044240073
0,043867522
0,043974335
0,04410022
0,043910937
0,044042084
0,04387941
0,04405878
0,043984621
0,043938517
0,044102888
0,043948408
0,04388329
0,044088189
0,044073449
0,04392325
0,044072031
0,043938721
0,044166693
0,044032303
0,043876338
0,043912748
0,044098038
0,043865386
0,044140809
0,043858874
0,044058789
0,043859725
0,044169788
0,043987626
0,043899715
0,044067414
0,04394835
0,043971381
0,044100315
0,044092498
0,043883502
0,043892384
0,043995422
0,04403703
0,043992694
0,044029279
0,043981956
0,043978321
0,043950412
0,043965704
0,044098246
0,044049608
0,043952786
0,043994829
0,044045383
0,044014782
0,044030356
0,043969741
0,043963268
0,044028461
0,043997306
0,043899973
0,044045515
0,043989727
0,043949797
0,044062521
0,044008019
0,044127838
0,043813245
0,044119095
0,043879012
0,044114395
0,043995718
0,044019831
0,043825536
0,044095155
0,044018437
0,044097942
0,043767494
0,044133256
0,044043694
0,043815637
0,044090648
0,044031058
0,043979166
0,043957506
0,04411016
0,043814394
0,044273244
0,043943616
0,043898481
0,043956474
0,04398303
0,04416517
0,043975213
0,043918665
0,043963117
0,044046513
0,044029137
0,043785791
0,044030427
0,044065104
0,043987537
0,043994723
0,044014494
0,043977082
0,044052815
0,043943852
0,043999351
0,043998213
0,043943132
0,04392721
0,044145375
0,043791858
0,04409459
0,043972239
0,043995868
0,043976987
0,044009909
0,044028492
0,044018181
0,043946639
0,043951491
0,044115306
0,044113238
0,043875411
0,044042019
0,043937217
0,044170599
0,043901464
0,044003137
0,043914657
0,044030474
0,044080951
0,043977533
0,043881177
0,044021106
0,044054673
0,043926943
0,044014876
0,043936228
0,043905786
0,044097331
0,044153267
0,043880473
0,043912438
0,044005291
0,044091584
0,043903635
0,044051528
0,044033232
0,043928597
0,044055477
0,043979526
0,044062841
0,043924299
0,043970842
0,043985016
0,044040869
0,04401913
0,043985263
0,043998268
0,046345912
0,045781379
0,043868459
0,044062612
0,043983558
0,043860862
0,044160969
0,043909011
0,044014712
0,044524802
0,043416944
0,044102163
0,043997381
0,043854221
0,044090227
0,044008
0,044037566
0,043881306
0,044054087
0,044008929
0,04399063
0,043987296
0,043954594
0,044153134
0,043810066
0,044102281
0,043984253
0,043951129
0,043933598
0,044111501
0,044926525
0,043096191
0,043909106
0,044049087
0,043946063
0,044044774
0,044049512
0,043944088
0,044255629
0,043937959
0,043926396
0,043882302
0,044049131
0,043890625
0,044028265
0,044047893
0,043916336
0,04395619
0,044251149
0,043889132
0,04408835
0,043859121
0,043952826
0,044002845
0,044210354
0,043935639
0,043962763
0,043941352
0,043986196
0,044087628
0,043887719
0,044017946
0,043937003
0,044009929
0,044125272
0,043870185
0,043988232
0,043932875
0,044040294
0,044064454
0,044408106
0,043497197
0,044070688
0,043959355
0,045060146
0,04294708
0,044027592
0,043963987
0,044012463
0,044023732
0,044551282
0,043395602
0,043993111
0,043953107
0,044162045
0,044036539
0,044000189
0,043888523
0,043999917
0,043930005
0,044081105
0,043954443
0,044032216
0,04394875
0,044677146
0,04339608
0,04409756
0,043990715
0,04383252
0,045020775
0,043081046
0,043999826
0,043897456
0,044051259
0,044100914
0,043947054
0,044023364
0,043927926
0,044011666
0,044164782
0,043877981
0,043941025
0,04397412
0,044014549
0,043998758
0,043871348
0,04405496
0,043940838
0,043955134
0,044025648
0,043966816
0,044047807
0,044011463
0,044109088
0,043870732
0,044032159
0,043961109
0,043963674
0,044115136
0,044143204
0,043835251
0,043939774
0,04399968
0,044069364
0,044040233
0,043876239
0,045250518
0,042694578
0,044020768
0,044089671
0,043930239
0,044052753
0,043921804
0,043962613
0,04427608
0,043903281
0,043975193
0,044114091
0,043942843
0,044046237
0,043892158
0,044023139
0,044049527
0,043911934
0,043984927
0,044052534
0,044001423
0,043956198
0,044018517
0,044036637
0,043903705
0,043894821
0,04508242
0,042863206
0,044048663
0,044000271
0,044188897
0,043818288
0,044128179
0,043957602
0,044056422
0,043790912
0,044143786
0,043890783
0,04391592
0,044276445
0,043868596
0,043917191
0,044136579
0,043871049
0,044209901
0,043958421
0,04379933
0,044054869
0,04400077
0,04403933
0,044055792
0,043959554
0,04387487
0,044171117
0,044070791
0,043864134
0,043886513
0,044096412
0,043965914
0,044061379
0,044046413
0,043920351
0,043920913
0,044104609
0,043974034
0,044058996
0,044064952
0,043873679
0,043943261
0,04393378
0,044126033
0,04388557
0,044113563
0,044064554
0,043919062
0,043995058
0,04400324
0,043977869
0,043945292
0,043988526
0,044112027
0,043927992
0,044105137
0,043925808
0,04404118
0,043880446
0,043974013
0,044173593
0,044057287
0,043891832
0,043901826
0,044057738
0,04381936
0,043984498
0,044116462
0,043947156
0,043946722
0,044106848
0,043907196
0,044113381
0,043966307
0,044014761
0,043946581
0,04399615
0,04401888
0,043910214
0,044019444
0,043994435
0,044051207
0,04395317
0,043957116
0,044025152
0,044120225
0,043878634
0,043958392
0,043995823
0,043955348
0,044200811
0,043920405
0,043990363
0,043971378
0,044062498
0,043962355
0,043873232
0,044093231
0,044087527
0,043980444
0,044060772
0,043966397
0,044006721
0,043926847
0,043882735
0,044121913
0,043971821
0,044059038
0,043901254
0,044055021
0,043918157
0,044017399
0,044026289
0,04395927
0,043983501
0,04408295
0,043989555
0,044076736
0,043948748
0,043929678
0,04405756
0,044090722
0,043986795
0,043857967
0,044009196
0,044133486
0,043970837
0,043807132
0,044061836
0,044102437
0,043961595
0,044981041
0,043057597
0,044013014
0,043861351
0,043966709
0,044048494
0,044055873
0,043910588
0,043977036
0,044266008
0,043733468
0,044167629
0,043998791
0,043903121
0,044159983
0,043854396
0,043987861
0,044042627
0,043915483
0,043964239
0,044052774
0,044038585
0,043989624
0,043987228
0,04413407
0,04395028
0,043855096
0,043984825
0,044040672
0,044074246
0,044030571
0,043808794
0,043973826
0,043990989
0,044036953
0,044179712
0,043947288
0,043978263
0,043960253
0,043928984
0,044098372
0,04398563
0,044016316
0,043927433
0,04396545
0,044002431
0,044040944
0,044093739
0,043765203
0,044239213
0,043890956
0,044061646
0,044001788
0,043858557
0,043951856
0,044140383
0,043900869
0,044104307
0,043957657
0,04407348
0,043932392
0,044136933
0,043912426
0,043931834
0,043904948
0,04408587
0,044197205
0,043782409
0,044021309
0,044060358
0,044032012
0,043816311
0,044033
0,044082234
0,044017826
0,044072087
0,043912336
0,043986959
0,043925528
0,043902162
0,044244749
0,043719482
0,044190891
0,043920426
0,044080716
0,044043513
0,044002218
0,044020823
0,043947736
0,044038805
0,043969425
0,043959971
0,043930799
0,04400535
0,044000072
0,04396834
0,043960707
0,044071016
0,043972195
0,04407441
0,04401794
0,04405391
0,04400357
0,043954377
0,044015026
0,043907431
0,044040058
0,044125617
0,043744347
0,044137999
0,043865973
0,044126361
0,044021329
0,043869578
0,044027034
0,043913141
0,044115408
0,044054444
0,0439118
0,044081068
0,04398857
0,043913823
0,044149157
0,043885596
0,044048096
0,043835484
0,04413205
0,043987661
0,044093636
0,043861711
0,044061287
0,043985287
0,043876323
0,044167406
0,043899832
0,043995756
0,044116179
0,04397379
0,043987265
0,043878075
0,043976584
0,044145717
0,04397533
0,043979775
0,043958762
0,044029482
0,043930988
0,043996569
0,044031201
0,044095763
0,043949143
0,04402893
0,044081198
0,043953759
