2,3831632E-4
2,3915635E-4
2,3971667E-4
2,4017967E-4
2,4056532E-4
2,4088733E-4
2,4118267E-4
2,4144868E-4
2,4170101E-4
2,4194266E-4
2,4217433E-4
2,42397E-4
2,4260102E-4
2,4280332E-4
2,4300767E-4
2,43203E-4
2,4339098E-4
2,4357434E-4
2,4376666E-4
2,4394633E-4
2,4412334E-4
2,4430067E-4
2,4447165E-4
2,4465E-4
2,4482433E-4
2,44998E-4
2,4517535E-4
2,45356E-4
2,4552902E-4
2,4570266E-4
2,4587833E-4
2,4605833E-4
2,4624466E-4
2,4642932E-4
2,46617E-4
2,4680232E-4
2,4698634E-4
2,4717E-4
2,4736E-4
2,4756134E-4
2,4776132E-4
2,4796833E-4
2,4817867E-4
2,48399E-4
2,48623E-4
2,4884567E-4
2,4907364E-4
2,492933E-4
2,4953132E-4
2,4977198E-4
2,5003334E-4
2,5029332E-4
2,5057668E-4
2,5085267E-4
2,5114533E-4
2,514393E-4
2,5175433E-4
2,5207567E-4
2,5241368E-4
2,5276767E-4
2,5313033E-4
2,5353034E-4
2,53927E-4
2,5437566E-4
2,5482534E-4
2,5531466E-4
2,5582867E-4
2,5634802E-4
2,56918E-4
2,5756E-4
2,5823832E-4
2,5904167E-4
2,6002934E-4
2,6106765E-4
2,6263032E-4
2,6483598E-4
2,69409E-4
2,7401032E-4
2,7677664E-4
2,78649E-4
2,8018167E-4
2,8151032E-4
2,8277902E-4
2,83924E-4
2,850583E-4
2,8618067E-4
2,8734867E-4
2,8854268E-4
2,8975398E-4
2,9111534E-4
2,9252502E-4
2,9414668E-4
2,95916E-4
2,9811732E-4
3,01164E-4
3,06867E-4
3,2185335E-4
3,3891934E-4
5,820983E-4
0,004792187
