0,019725757
0,005295018
0,002971543
0,002689169
0,001955876
0,003592278
0,007137485
0,005764715
0,002691534
0,007127879
0,002468596
0,002271265
0,00159666
0,002098384
0,002806867
0,001978005
0,005371678
0,007169695
0,002925564
0,003449117
0,00330904
0,001713719
0,00204436
0,001748738
0,001317633
0,002114325
0,001889101
0,001794252
0,001554929
0,001381799
0,001219976
0,001792016
0,001159726
0,001361756
0,001261204
0,001329661
0,00196958
0,002461469
0,002288122
0,001519994
0,001504128
0,001146493
0,001185333
0,001113215
0,001094311
0,001375668
0,001531382
0,001093183
0,001425731
0,001436884
0,002202738
0,001171003
0,006124992
8,88031E-4
0,001018953
8,53511E-4
0,001329859
0,001301007
0,00200163
0,001642562
9,02033E-4
9,04927E-4
8,8596E-4
8,73196E-4
8,8503E-4
0,001033246
9,39738E-4
0,001177121
8,75515E-4
8,74368E-4
0,001009849
8,83164E-4
0,001009225
8,84962E-4
9,01275E-4
9,03486E-4
8,92893E-4
8,73841E-4
9,34433E-4
9,87285E-4
0,003138843
9,85952E-4
9,23786E-4
0,001526264
8,78754E-4
8,85913E-4
8,74902E-4
0,001008926
9,1349E-4
9,16808E-4
9,26624E-4
9,68157E-4
0,001270719
0,001778046
8,64812E-4
8,51039E-4
8,85912E-4
0,001135359
9,02401E-4
0,001062262
8,89626E-4
0,001052768
9,3111E-4
0,001005105
9,34399E-4
0,001090968
9,80459E-4
8,83405E-4
0,002431909
0,001099621
0,001168688
9,22868E-4
0,001050813
0,001127131
0,001013497
9,14616E-4
9,43868E-4
9,53725E-4
8,67538E-4
8,50818E-4
9,29079E-4
8,9758E-4
8,68787E-4
9,33349E-4
8,95812E-4
9,40259E-4
9,17828E-4
9,07713E-4
8,89375E-4
8,55378E-4
8,72088E-4
8,40992E-4
8,70465E-4
8,84461E-4
9,28213E-4
8,73219E-4
8,51518E-4
8,86837E-4
8,86944E-4
8,85446E-4
8,93532E-4
8,36987E-4
9,35787E-4
0,001036815
8,77132E-4
8,90513E-4
8,2487E-4
8,84282E-4
8,52176E-4
9,28847E-4
9,38051E-4
9,00117E-4
8,64993E-4
9,50434E-4
9,09623E-4
8,81439E-4
8,91834E-4
8,77273E-4
8,45496E-4
9,1067E-4
9,58899E-4
9,62144E-4
8,93841E-4
8,8083E-4
0,002899537
9,68309E-4
9,02065E-4
9,42745E-4
9,74041E-4
9,55835E-4
8,71666E-4
8,53679E-4
8,84904E-4
8,95289E-4
8,64969E-4
8,98412E-4
8,54974E-4
8,88991E-4
8,2906E-4
8,55198E-4
8,29991E-4
9,22653E-4
8,81454E-4
8,59529E-4
9,06812E-4
9,4804E-4
8,30587E-4
8,83746E-4
9,10379E-4
9,09907E-4
9,2992E-4
8,94886E-4
8,49576E-4
8,49994E-4
8,56727E-4
8,45893E-4
8,65607E-4
9,08348E-4
8,74976E-4
9,4463E-4
9,1334E-4
9,03934E-4
8,81868E-4
8,70256E-4
8,06789E-4
8,62493E-4
8,40064E-4
8,75832E-4
9,18747E-4
8,45994E-4
9,68487E-4
9,01928E-4
8,73489E-4
9,16477E-4
9,67627E-4
8,67767E-4
8,50735E-4
8,43117E-4
8,56183E-4
8,7132E-4
8,83255E-4
9,08562E-4
0,002860975
9,21843E-4
8,96153E-4
9,3589E-4
8,84055E-4
8,89198E-4
9,32612E-4
9,08656E-4
9,16445E-4
9,13484E-4
8,30846E-4
8,49125E-4
8,19602E-4
8,69551E-4
8,72873E-4
8,55994E-4
8,45589E-4
8,54337E-4
8,80989E-4
8,26016E-4
8,96178E-4
8,92634E-4
8,67121E-4
8,61436E-4
8,40386E-4
8,59131E-4
8,5823E-4
8,75019E-4
8,78617E-4
8,59519E-4
8,88612E-4
9,84658E-4
9,27709E-4
8,58348E-4
8,80836E-4
8,68471E-4
9,13391E-4
8,78157E-4
8,99512E-4
8,35943E-4
8,37825E-4
9,25056E-4
8,46469E-4
8,5329E-4
9,00329E-4
8,46886E-4
8,65323E-4
8,78491E-4
8,82789E-4
8,94728E-4
8,96288E-4
9,38081E-4
9,75628E-4
9,2137E-4
8,96711E-4
9,08897E-4
9,24056E-4
9,18129E-4
9,03571E-4
8,9813E-4
0,001020864
9,26778E-4
9,72871E-4
0,001026755
0,001014011
8,65082E-4
0,001032588
0,001014034
0,001104733
0,001044423
0,001035476
0,001012798
0,001014241
0,001000904
0,001014119
0,001070137
0,001060663
0,001018679
9,97303E-4
9,5742E-4
0,001073295
0,001013953
9,89161E-4
0,001111681
0,001054503
9,62643E-4
0,001057836
9,93352E-4
0,001059035
0,001017728
0,001062294
0,001023175
0,001044481
0,001019563
0,001051427
0,00102368
0,001059266
0,001279125
0,001013825
0,001012825
0,001119691
0,001077503
0,001096988
0,001064591
0,001011664
0,001080555
0,001034187
0,001098178
0,001029147
0,001042833
0,001047898
0,001075464
0,001101917
0,001013271
0,001165833
0,001126543
0,003495234
9,18247E-4
9,93786E-4
8,49647E-4
8,88211E-4
9,58385E-4
9,64975E-4
9,3233E-4
8,97483E-4
8,41324E-4
8,77395E-4
9,01123E-4
8,58481E-4
8,96011E-4
9,05262E-4
8,87347E-4
8,87911E-4
8,9071E-4
8,68943E-4
8,93142E-4
8,39168E-4
8,22463E-4
8,88795E-4
8,9617E-4
8,9711E-4
9,61262E-4
0,00100274
8,93346E-4
8,96602E-4
8,6282E-4
8,67989E-4
8,81248E-4
8,76289E-4
9,00818E-4
9,02473E-4
8,59579E-4
8,52026E-4
8,63789E-4
8,7253E-4
8,79251E-4
8,75123E-4
8,89797E-4
9,29517E-4
9,35288E-4
9,48108E-4
0,001016323
9,1758E-4
8,89598E-4
8,75161E-4
8,47466E-4
8,62471E-4
8,61367E-4
8,44503E-4
8,55542E-4
8,61931E-4
8,8674E-4
9,60274E-4
8,55762E-4
8,83953E-4
9,14123E-4
8,69958E-4
8,82145E-4
8,7041E-4
8,95827E-4
8,99549E-4
8,56272E-4
8,62876E-4
8,50283E-4
8,3999E-4
8,64928E-4
8,99755E-4
8,89661E-4
8,99727E-4
9,09136E-4
9,34705E-4
9,06895E-4
8,82246E-4
8,61448E-4
8,61561E-4
8,351E-4
8,75255E-4
9,11728E-4
8,97283E-4
8,80592E-4
8,82667E-4
8,1981E-4
8,56582E-4
8,63844E-4
8,93355E-4
8,87014E-4
8,88979E-4
9,22655E-4
8,65069E-4
8,68737E-4
8,33394E-4
8,25946E-4
8,59328E-4
8,49093E-4
8,91032E-4
8,66657E-4
8,74795E-4
9,12765E-4
8,90538E-4
8,43853E-4
9,10539E-4
8,82499E-4
8,42059E-4
8,26887E-4
8,63937E-4
8,68634E-4
8,31063E-4
8,60341E-4
8,75382E-4
8,99538E-4
9,45914E-4
9,32753E-4
0,002764754
9,03809E-4
8,95952E-4
8,57673E-4
8,06183E-4
8,91126E-4
8,494E-4
8,37862E-4
8,55367E-4
9,30035E-4
0,001465664
0,001586165
0,001586637
0,001577034
0,001571201
8,95465E-4
9,10731E-4
8,24994E-4
8,91978E-4
8,39723E-4
8,91127E-4
9,2109E-4
8,83544E-4
9,59094E-4
8,8393E-4
8,71205E-4
8,96584E-4
8,39271E-4
8,42166E-4
8,60271E-4
8,5249E-4
8,68078E-4
8,85765E-4
7,89092E-4
8,48019E-4
8,98977E-4
9,36346E-4
8,66197E-4
8,15102E-4
8,97697E-4
9,00587E-4
8,44833E-4
8,25009E-4
8,72473E-4
8,48299E-4
8,81041E-4
8,15339E-4
8,0906E-4
8,3134E-4
8,53321E-4
8,32262E-4
8,38571E-4
8,76023E-4
9,73689E-4
0,001066079
9,86646E-4
8,66284E-4
9,76749E-4
9,59375E-4
0,00105216
9,01642E-4
9,2916E-4
9,33743E-4
8,85017E-4
8,6454E-4
8,55771E-4
8,78973E-4
8,72816E-4
8,64116E-4
8,44539E-4
8,55467E-4
8,48393E-4
8,85384E-4
8,82325E-4
8,65595E-4
8,79999E-4
8,86911E-4
8,36902E-4
8,39603E-4
8,48517E-4
9,30896E-4
8,43729E-4
8,32776E-4
8,59472E-4
8,86947E-4
8,96101E-4
8,84595E-4
9,04981E-4
8,90892E-4
9,11277E-4
8,78113E-4
9,7421E-4
8,81203E-4
9,57468E-4
9,07737E-4
9,04896E-4
8,49006E-4
8,66564E-4
8,77473E-4
8,72031E-4
9,06514E-4
8,55037E-4
8,46765E-4
8,27411E-4
8,22403E-4
9,5479E-4
8,49822E-4
9,57071E-4
8,88972E-4
9,31765E-4
9,31388E-4
9,29417E-4
9,59718E-4
8,96586E-4
9,02684E-4
8,58753E-4
8,57565E-4
9,67954E-4
9,97956E-4
9,99415E-4
9,9333E-4
0,001005559
9,58309E-4
9,6289E-4
0,001051288
9,00072E-4
0,001006046
0,001075199
0,001020691
9,61148E-4
9,24555E-4
0,001060229
9,93694E-4
9,72705E-4
0,001006748
9,80824E-4
0,001046167
0,001012567
0,00105679
0,001044885
0,001073979
0,001073701
0,001089001
0,001105242
0,001058586
0,001080535
9,78022E-4
9,97416E-4
9,64354E-4
0,001023513
0,001011665
9,86983E-4
0,001024994
0,001030894
0,001114978
9,82256E-4
0,001110971
9,71893E-4
9,86168E-4
0,001097083
9,781E-4
9,96213E-4
9,78524E-4
9,88298E-4
9,70794E-4
9,96825E-4
0,001024695
0,001059343
0,001018271
0,001011364
0,001103033
0,001241795
0,001054101
0,001029459
0,00108941
0,00100937
0,001099218
0,001105247
9,67927E-4
0,001118949
0,001131734
0,001025553
0,001041841
9,8373E-4
0,001022199
0,001013028
0,001080081
9,73064E-4
0,001123071
0,001014026
0,001031484
0,001043114
0,00110662
0,001139343
0,001048356
0,001137482
0,001082151
0,001074226
0,001009107
0,001123621
0,001023556
9,60343E-4
9,80639E-4
0,001026407
0,00105828
0,001018622
0,001014263
0,00104443
0,001096962
0,001123296
0,00103483
0,001054432
0,001151532
0,001043872
0,001068726
0,001117042
0,001128163
0,001049776
0,001081118
0,00105535
0,001103563
0,001069441
0,001064333
0,001012461
0,001100418
9,9939E-4
0,001039524
0,001017348
0,001069939
0,001028651
0,001011272
0,001113608
9,99579E-4
0,004061209
9,31728E-4
9,66801E-4
9,12051E-4
9,04387E-4
8,68863E-4
9,32819E-4
9,36319E-4
8,99225E-4
9,54411E-4
0,00112411
0,001605423
0,001588899
0,001646916
0,001562882
8,50385E-4
8,53004E-4
8,46445E-4
8,43869E-4
8,53591E-4
8,24059E-4
0,001069909
9,32505E-4
8,46973E-4
8,28756E-4
9,38697E-4
8,91145E-4
9,40671E-4
8,65478E-4
8,41433E-4
8,36602E-4
8,26497E-4
8,37027E-4
8,51347E-4
8,69519E-4
8,88439E-4
8,56291E-4
8,19264E-4
0,001029759
8,91666E-4
9,15466E-4
8,38833E-4
8,57454E-4
8,72126E-4
8,66156E-4
8,50345E-4
8,15544E-4
8,34456E-4
8,70212E-4
8,19822E-4
9,29642E-4
8,74808E-4
8,74352E-4
9,15337E-4
8,26469E-4
8,82049E-4
8,85749E-4
8,22838E-4
9,55428E-4
8,29745E-4
8,39324E-4
9,09804E-4
8,13881E-4
8,81818E-4
8,57654E-4
9,22937E-4
8,67163E-4
8,36107E-4
8,67624E-4
8,72574E-4
8,31152E-4
8,3148E-4
8,77263E-4
9,39363E-4
8,60001E-4
9,10508E-4
8,52207E-4
8,40016E-4
8,14911E-4
8,6587E-4
8,57881E-4
8,53911E-4
8,4734E-4
8,31185E-4
8,79364E-4
8,75461E-4
8,42234E-4
8,31795E-4
9,71121E-4
9,51885E-4
8,79045E-4
8,65272E-4
8,90896E-4
9,26696E-4
9,17775E-4
9,22475E-4
9,12429E-4
9,35321E-4
9,4451E-4
8,42165E-4
8,90982E-4
8,59767E-4
8,43976E-4
8,58941E-4
8,70262E-4
8,50554E-4
8,32137E-4
8,64135E-4
9,25294E-4
9,01319E-4
9,8047E-4
9,11333E-4
8,63629E-4
8,65465E-4
8,93455E-4
8,52903E-4
8,63071E-4
9,02363E-4
8,82166E-4
8,51774E-4
8,57807E-4
8,55878E-4
8,57363E-4
8,4197E-4
8,42155E-4
8,79959E-4
8,64252E-4
8,50373E-4
8,59747E-4
9,08297E-4
9,21476E-4
8,89779E-4
8,83669E-4
9,0013E-4
9,56069E-4
9,30047E-4
9,15197E-4
8,2361E-4
8,84322E-4
8,51143E-4
8,35719E-4
8,83667E-4
8,59286E-4
8,1707E-4
8,03247E-4
8,78851E-4
8,93541E-4
9,09874E-4
9,36488E-4
0,001865563
0,001803721
0,001379828
9,67015E-4
8,73024E-4
9,17814E-4
8,60009E-4
8,44179E-4
8,81951E-4
9,23475E-4
8,70187E-4
8,96433E-4
8,58184E-4
9,78653E-4
0,001816657
0,001818487
0,001844007
0,001869621
0,00176262
0,001035311
9,33692E-4
8,8788E-4
0,001260769
9,59177E-4
8,92305E-4
0,001084672
9,89189E-4
9,64842E-4
8,64712E-4
9,21552E-4
9,16538E-4
9,26068E-4
0,001006947
9,60539E-4
9,03593E-4
0,001020414
9,63913E-4
8,66978E-4
8,80466E-4
8,87658E-4
8,60948E-4
8,53397E-4
8,56313E-4
9,57513E-4
9,02537E-4
8,92466E-4
8,32736E-4
8,16192E-4
8,46295E-4
8,85269E-4
8,88311E-4
8,27238E-4
8,31075E-4
8,13322E-4
8,21114E-4
8,3493E-4
9,37555E-4
8,9839E-4
9,55594E-4
9,19239E-4
9,83832E-4
8,89533E-4
9,33763E-4
8,83572E-4
9,05586E-4
9,35251E-4
8,49636E-4
8,36834E-4
8,55186E-4
8,73667E-4
9,09655E-4
8,81948E-4
8,82506E-4
8,7889E-4
8,75774E-4
9,39564E-4
8,9789E-4
9,17473E-4
8,51322E-4
8,39662E-4
8,94312E-4
8,96291E-4
9,87993E-4
0,002751786
9,19046E-4
8,59683E-4
8,23869E-4
8,86226E-4
9,30448E-4
9,14358E-4
9,52151E-4
8,82989E-4
9,15571E-4
9,04943E-4
8,5802E-4
8,60679E-4
8,16755E-4
8,48995E-4
8,6671E-4
8,83205E-4
8,78403E-4
8,41648E-4
8,36228E-4
8,39786E-4
8,65122E-4
8,98239E-4
8,5242E-4
8,7143E-4
9,07264E-4
8,61601E-4
9,11391E-4
9,65441E-4
9,02676E-4
8,67771E-4
8,44453E-4
8,52876E-4
9,35329E-4
8,83109E-4
9,09184E-4
9,962E-4
8,84497E-4
9,25564E-4
9,14941E-4
9,19727E-4
8,91546E-4
8,95851E-4
8,74321E-4
8,91924E-4
8,55617E-4
9,47535E-4
8,7304E-4
9,38613E-4
8,69613E-4
8,69701E-4
8,89893E-4
9,9211E-4
9,96379E-4
8,86439E-4
9,29059E-4
8,69819E-4
8,61844E-4
8,73411E-4
8,65805E-4
8,9657E-4
8,93571E-4
8,74862E-4
8,67078E-4
8,67633E-4
8,91644E-4
8,66077E-4
9,29798E-4
0,001146171
9,31259E-4
8,88018E-4
8,68248E-4
8,79856E-4
8,66582E-4
8,88767E-4
8,66236E-4
9,57049E-4
9,27164E-4
8,4221E-4
8,77285E-4
8,54273E-4
8,36874E-4
8,44578E-4
9,16265E-4
8,78003E-4
8,23727E-4
8,76038E-4
8,49464E-4
8,48407E-4
8,90747E-4
9,25132E-4
9,18222E-4
9,87544E-4
8,81853E-4
8,5105E-4
8,98997E-4
8,44975E-4
9,37105E-4
9,29914E-4
9,86838E-4
8,89363E-4
8,84108E-4
8,57156E-4
8,90942E-4
8,37693E-4
9,19203E-4
8,28876E-4
8,90867E-4
8,74538E-4
8,70094E-4
8,61811E-4
8,75331E-4
8,83319E-4
8,86593E-4
8,97893E-4
8,81086E-4
8,82365E-4
8,89537E-4
8,52743E-4
8,8928E-4
9,00984E-4
8,27977E-4
8,32473E-4
8,27224E-4
8,10589E-4
8,41452E-4
9,29924E-4
9,18692E-4
8,89197E-4
8,62432E-4
9,13906E-4
8,84665E-4
8,31563E-4
8,45603E-4
8,64038E-4
8,34174E-4
8,79162E-4
8,41665E-4
8,22096E-4
8,05695E-4
8,40026E-4
9,69104E-4
8,39073E-4
8,98828E-4
8,66637E-4
8,77183E-4
8,35924E-4
9,03551E-4
8,72534E-4
9,02298E-4
9,13922E-4
8,89007E-4
8,47498E-4
8,54908E-4
8,61496E-4
8,38829E-4
8,3165E-4
8,35438E-4
8,58342E-4
9,15835E-4
8,8367E-4
8,95077E-4
9,40284E-4
8,89788E-4
9,01102E-4
8,81919E-4
9,04046E-4
9,16569E-4
8,95615E-4
8,92569E-4
8,52406E-4
9,04559E-4
8,34941E-4
8,4599E-4
8,42389E-4
8,79019E-4
8,69362E-4
8,55423E-4
8,81864E-4
8,4367E-4
8,86812E-4
8,76572E-4
9,69349E-4
8,73504E-4
8,41728E-4
8,47187E-4
8,27302E-4
8,51805E-4
9,51533E-4
9,0621E-4
8,58956E-4
8,78222E-4
8,88994E-4
8,35769E-4
8,33888E-4
8,42042E-4
8,45415E-4
8,5853E-4
8,61348E-4
8,70104E-4
8,43744E-4
8,20877E-4
8,96722E-4
8,98681E-4
8,71313E-4
9,00301E-4
8,9195E-4
8,94434E-4
8,82896E-4
9,13572E-4
9,53869E-4
9,32647E-4
9,09186E-4
8,60063E-4
9,04277E-4
9,25508E-4
8,98885E-4
8,76432E-4
8,14578E-4
9,03995E-4
9,07956E-4
9,4253E-4
8,9928E-4
8,37606E-4
9,15434E-4
8,73003E-4
9,70948E-4
9,94904E-4
0,001041851
9,92446E-4
9,61415E-4
9,40034E-4
9,66748E-4
8,78262E-4
0,001001865
9,78892E-4
9,70625E-4
9,94389E-4
9,06383E-4
9,91039E-4
9,74992E-4
9,69839E-4
9,7103E-4
9,87444E-4
0,00104814
9,69834E-4
0,001040986
0,001034015
0,001090008
0,001092289
9,86574E-4
0,001038167
0,0010837
0,001070144
9,91068E-4
0,00101135
9,60711E-4
0,001054535
9,85346E-4
9,89976E-4
9,76144E-4
9,92565E-4
9,78579E-4
9,78286E-4
0,001011691
0,001092253
0,001001365
0,001021272
0,001016116
9,89095E-4
0,001013376
0,001064318
0,001005009
9,94569E-4
9,60778E-4
0,00114387
0,001024546
0,001052232
9,73899E-4
0,001016316
9,61866E-4
0,001057957
0,001083037
0,00104163
0,001077604
0,001058248
0,001030341
9,84837E-4
9,89166E-4
9,83191E-4
9,77997E-4
0,001011589
0,001020777
9,8515E-4
9,53669E-4
9,70364E-4
9,82867E-4
0,001036592
0,001011519
0,001009341
0,001103289
0,001038837
9,77892E-4
0,001042394
0,001067292
0,001026353
0,001004549
9,96148E-4
9,71892E-4
9,4508E-4
9,52855E-4
9,38495E-4
9,47553E-4
9,99301E-4
0,001042167
0,001020397
0,001004179
9,77688E-4
0,001055666
9,78758E-4
0,001015746
0,001010494
9,52247E-4
9,95473E-4
0,001010298
9,97833E-4
9,981E-4
9,88827E-4
9,5377E-4
9,69785E-4
0,001042335
0,001004858
0,00106688
0,001127924
0,001082408
9,87013E-4
0,001050569
0,001012307
0,001014266
9,97245E-4
0,001011477
9,88312E-4
0,00101406
9,82779E-4
9,49766E-4
9,92966E-4
0,001011468
9,7134E-4
0,001023392
0,001058584
0,001034784
0,00102767
0,001058489
9,73798E-4
0,001039671
0,001074483
0,001076367
0,001072465
0,001035372
0,001104964
0,00108017
0,001011612
0,001070183
0,001086194
0,001072926
9,57166E-4
0,001020491
0,001055425
9,78923E-4
0,00107435
0,001021988
0,001055434
0,001065863
0,001006851
0,001014941
9,88944E-4
9,9604E-4
0,00103618
0,001025318
9,80048E-4
0,001093314
0,001049209
9,68943E-4
9,85095E-4
0,001010917
0,001099273
9,70664E-4
9,85893E-4
9,58963E-4
9,80703E-4
0,001008779
0,001029924
0,001028852
0,001043078
0,001085283
0,001024361
0,001095916
0,00108641
0,001014262
9,66676E-4
0,001027185
0,0010214
0,001052751
0,001101418
0,001035725
0,001100675
0,001038075
0,001095701
0,001088715
9,70078E-4
9,93569E-4
0,001061172
9,65727E-4
9,7126E-4
0,001060408
0,001082878
0,001121136
9,80892E-4
9,44726E-4
9,91287E-4
9,89395E-4
9,81635E-4
9,95453E-4
9,89396E-4
0,00102203
0,001012197
0,001041799
0,001013902
0,001103978
9,98946E-4
9,86107E-4
9,9201E-4
9,72722E-4
0,001025161
0,001009761
9,96919E-4
0,00100891
0,001019384
9,80629E-4
0,001024756
0,001004785
9,80012E-4
0,001028996
0,001034992
0,001001172
0,001029972
9,95487E-4
0,001015901
0,001008666
9,93375E-4
0,001017155
0,001127896
0,001038404
9,67112E-4
0,001107714
0,001010785
9,91024E-4
9,92249E-4
9,58662E-4
0,001041104
9,81678E-4
0,001012329
0,001020064
9,50177E-4
0,004160585
9,8612E-4
8,64736E-4
8,31289E-4
9,11135E-4
8,27277E-4
8,37998E-4
9,12771E-4
8,43062E-4
8,65977E-4
8,29653E-4
8,2395E-4
8,46109E-4
9,22089E-4
8,65004E-4
9,25368E-4
8,69636E-4
8,62202E-4
9,24103E-4
8,68739E-4
8,88422E-4
8,1703E-4
8,52497E-4
8,88088E-4
8,94594E-4
8,13983E-4
8,92138E-4
8,46014E-4
8,16301E-4
8,39529E-4
8,68965E-4
8,5033E-4
8,35912E-4
8,21282E-4
8,74234E-4
8,72191E-4
8,53817E-4
8,26847E-4
9,18153E-4
8,87536E-4
8,43889E-4
8,48398E-4
7,94999E-4
8,37403E-4
8,25272E-4
8,28388E-4
9,25949E-4
8,90315E-4
8,69429E-4
8,38686E-4
8,93641E-4
8,60326E-4
8,69199E-4
9,40687E-4
8,69164E-4
9,20673E-4
9,59012E-4
8,86166E-4
8,69047E-4
8,36582E-4
8,29673E-4
8,43809E-4
8,54819E-4
8,48795E-4
8,47704E-4
8,91814E-4
8,50088E-4
8,93651E-4
0,00112536
9,06743E-4
8,53918E-4
8,90203E-4
8,53218E-4
8,43219E-4
8,69207E-4
8,91131E-4
8,28768E-4
8,14605E-4
8,40451E-4
8,46135E-4
8,89067E-4
8,46435E-4
8,19427E-4
8,03834E-4
9,08068E-4
8,29427E-4
8,88914E-4
9,07943E-4
8,48204E-4
8,82824E-4
8,95031E-4
9,03684E-4
8,84969E-4
9,45902E-4
8,41821E-4
9,10935E-4
8,29784E-4
9,27407E-4
9,1069E-4
9,5942E-4
8,77059E-4
8,24333E-4
8,92912E-4
8,63062E-4
9,43822E-4
9,82329E-4
8,99245E-4
9,5978E-4
9,46948E-4
9,3083E-4
8,45522E-4
8,55185E-4
8,42499E-4
8,20883E-4
8,68978E-4
8,2279E-4
8,53681E-4
8,51784E-4
8,16329E-4
8,46997E-4
8,63709E-4
8,85163E-4
8,25426E-4
8,49434E-4
9,05755E-4
8,8357E-4
9,92989E-4
9,10047E-4
8,5466E-4
8,81223E-4
8,26244E-4
8,59825E-4
8,97107E-4
8,31242E-4
8,82943E-4
8,51668E-4
8,36462E-4
8,73913E-4
8,85699E-4
8,21091E-4
8,19135E-4
8,16369E-4
8,23988E-4
8,48499E-4
8,21332E-4
8,50639E-4
8,31744E-4
8,54716E-4
8,35893E-4
8,34795E-4
7,93459E-4
8,555E-4
8,61373E-4
8,71007E-4
8,51172E-4
8,77875E-4
8,65005E-4
8,27404E-4
8,15233E-4
8,79247E-4
8,84308E-4
8,84603E-4
9,03028E-4
8,01489E-4
8,25071E-4
8,99713E-4
8,6886E-4
8,45411E-4
8,67908E-4
8,30712E-4
8,02376E-4
8,11828E-4
9,76009E-4
8,8464E-4
8,33206E-4
8,42189E-4
8,51543E-4
8,59895E-4
8,74031E-4
8,84496E-4
8,98407E-4
8,64073E-4
8,5398E-4
9,1481E-4
8,66932E-4
8,63736E-4
8,04522E-4
8,52481E-4
9,29923E-4
9,62249E-4
8,87842E-4
8,53112E-4
8,48942E-4
8,52496E-4
8,60785E-4
8,85804E-4
8,34137E-4
8,82066E-4
9,02736E-4
8,41149E-4
8,25885E-4
8,53253E-4
8,66479E-4
8,29629E-4
8,77021E-4
8,72756E-4
8,80037E-4
8,31664E-4
8,31415E-4
8,9846E-4
8,79672E-4
8,80899E-4
9,01472E-4
8,78574E-4
8,83868E-4
8,96707E-4
9,04033E-4
8,41092E-4
8,46933E-4
8,49202E-4
8,17952E-4
8,73627E-4
8,44395E-4
8,84407E-4
9,58145E-4
8,95331E-4
9,18328E-4
8,26658E-4
9,23615E-4
8,3392E-4
8,72998E-4
8,26553E-4
8,60639E-4
8,84756E-4
8,83124E-4
9,64907E-4
8,93229E-4
8,88066E-4
8,44033E-4
8,63647E-4
8,70496E-4
8,40381E-4
8,89708E-4
8,09939E-4
9,36129E-4
9,01835E-4
9,22312E-4
8,17022E-4
8,51295E-4
8,33317E-4
8,73487E-4
9,1566E-4
8,86104E-4
8,86616E-4
8,98664E-4
8,99919E-4
9,35829E-4
8,55897E-4
9,27801E-4
8,47162E-4
8,94843E-4
8,51687E-4
8,29948E-4
9,40533E-4
8,99488E-4
9,2129E-4
8,3072E-4
8,12274E-4
8,59811E-4
9,12088E-4
8,40102E-4
8,36993E-4
8,42068E-4
9,25995E-4
8,74061E-4
8,47866E-4
8,79914E-4
8,61153E-4
8,38378E-4
8,75184E-4
8,53268E-4
8,78178E-4
8,3877E-4
8,45639E-4
8,60777E-4
8,55475E-4
8,66495E-4
8,50105E-4
8,35797E-4
8,29696E-4
8,11663E-4
8,69345E-4
9,5003E-4
8,73916E-4
8,12777E-4
8,71646E-4
9,31249E-4
9,0692E-4
9,28395E-4
9,14659E-4
9,36981E-4
8,82605E-4
0,001017917
8,75439E-4
9,44896E-4
9,45001E-4
9,68719E-4
9,03964E-4
8,77739E-4
9,30853E-4
8,50515E-4
9,13598E-4
9,03095E-4
8,60139E-4
8,44249E-4
8,5668E-4
8,46246E-4
8,60389E-4
9,0047E-4
8,33249E-4
8,41232E-4
8,56519E-4
8,21429E-4
8,66709E-4
8,42077E-4
8,29689E-4
8,29338E-4
8,65583E-4
8,94248E-4
8,50361E-4
8,29351E-4
8,92995E-4
8,76723E-4
9,22471E-4
8,37499E-4
9,33591E-4
9,51023E-4
8,9845E-4
9,30006E-4
8,52651E-4
8,62768E-4
8,57479E-4
8,97119E-4
9,05701E-4
9,53167E-4
8,54237E-4
8,47221E-4
8,76353E-4
8,93654E-4
9,85661E-4
8,9096E-4
9,29102E-4
9,02944E-4
8,2242E-4
8,65933E-4
8,75675E-4
9,36493E-4
9,06689E-4
9,39672E-4
8,3817E-4
8,48232E-4
8,3921E-4
8,0901E-4
8,45992E-4
8,98224E-4
8,40443E-4
9,46008E-4
9,27674E-4
8,6937E-4
8,11372E-4
8,71829E-4
9,24493E-4
8,93853E-4
9,05693E-4
9,21155E-4
8,43618E-4
9,36791E-4
8,33918E-4
8,20264E-4
8,39848E-4
9,55877E-4
8,56591E-4
8,3208E-4
7,83261E-4
8,25964E-4
8,30585E-4
8,36599E-4
9,90346E-4
9,29299E-4
9,33112E-4
9,01711E-4
8,27691E-4
9,46035E-4
8,36546E-4
8,2103E-4
8,52707E-4
8,46981E-4
9,70423E-4
8,85689E-4
9,13253E-4
8,63519E-4
8,62478E-4
8,72485E-4
8,69405E-4
8,75235E-4
8,6303E-4
8,56054E-4
9,07942E-4
8,40472E-4
9,24841E-4
9,28961E-4
8,72819E-4
8,62649E-4
9,02914E-4
9,03547E-4
9,56365E-4
9,17016E-4
9,22189E-4
9,36537E-4
8,76164E-4
8,93652E-4
9,047E-4
9,04706E-4
8,55704E-4
8,57901E-4
8,88717E-4
9,25103E-4
9,30833E-4
8,83811E-4
8,91384E-4
8,65432E-4
8,61715E-4
8,81112E-4
8,94059E-4
9,56783E-4
9,33634E-4
8,49462E-4
8,68449E-4
8,5159E-4
9,27191E-4
8,97003E-4
9,0203E-4
9,19911E-4
8,79054E-4
0,001004065
9,55831E-4
9,30702E-4
8,81783E-4
9,14351E-4
9,09864E-4
8,52128E-4
9,28034E-4
8,95553E-4
9,2563E-4
9,00376E-4
9,8587E-4
8,59462E-4
9,25004E-4
9,69986E-4
9,07609E-4
9,05985E-4
9,5626E-4
9,53217E-4
0,003372203
9,10619E-4
8,6858E-4
8,52034E-4
9,31944E-4
9,21358E-4
8,90527E-4
8,64697E-4
8,63118E-4
9,08043E-4
9,04464E-4
8,94857E-4
9,02784E-4
8,76458E-4
8,49367E-4
8,55409E-4
8,89952E-4
9,23158E-4
8,88176E-4
0,001037326
8,40713E-4
8,44013E-4
8,53339E-4
8,4679E-4
8,70444E-4
9,25462E-4
8,93827E-4
9,19095E-4
9,84714E-4
8,7285E-4
8,46211E-4
8,53736E-4
8,70491E-4
8,80728E-4
8,50501E-4
7,96676E-4
8,57377E-4
8,51211E-4
8,86603E-4
8,59269E-4
8,78907E-4
8,47922E-4
8,52345E-4
8,64137E-4
8,70646E-4
9,51189E-4
8,69505E-4
8,59668E-4
8,26868E-4
9,85901E-4
9,35064E-4
9,16316E-4
8,39917E-4
8,57027E-4
8,98731E-4
8,66449E-4
8,43792E-4
8,46105E-4
8,64978E-4
8,59001E-4
8,5816E-4
8,81782E-4
8,62202E-4
8,76191E-4
8,33728E-4
8,63159E-4
8,09981E-4
9,21394E-4
8,50628E-4
8,63677E-4
8,69903E-4
8,76928E-4
8,35464E-4
8,34461E-4
8,51544E-4
8,19211E-4
8,5395E-4
8,54226E-4
8,83115E-4
8,57585E-4
8,30459E-4
8,47901E-4
8,45393E-4
8,60599E-4
8,33021E-4
8,14669E-4
8,24779E-4
8,36822E-4
8,56304E-4
8,51757E-4
8,52544E-4
8,70381E-4
8,02515E-4
8,02554E-4
0,001067969
8,60228E-4
8,79951E-4
9,04406E-4
8,73862E-4
8,61331E-4
8,71367E-4
7,84691E-4
8,95521E-4
9,76032E-4
9,24915E-4
8,3995E-4
8,1562E-4
9,25927E-4
9,29106E-4
8,78894E-4
9,13164E-4
8,90671E-4
9,4544E-4
8,78057E-4
9,21952E-4
8,95467E-4
8,90804E-4
9,21686E-4
9,05107E-4
9,4446E-4
0,001007586
8,39196E-4
8,45736E-4
8,69135E-4
8,59091E-4
8,63392E-4
8,26213E-4
8,44453E-4
8,99947E-4
8,96923E-4
9,06407E-4
8,60441E-4
8,83497E-4
8,42323E-4
8,63079E-4
8,92292E-4
9,1755E-4
9,54989E-4
9,43082E-4
9,36501E-4
8,64237E-4
8,46361E-4
8,65669E-4
9,4211E-4
8,48622E-4
8,60248E-4
8,54546E-4
8,30827E-4
8,42743E-4
9,10148E-4
8,35584E-4
8,19566E-4
9,02755E-4
9,56672E-4
8,64932E-4
8,60262E-4
8,72103E-4
8,69593E-4
8,77395E-4
8,49575E-4
9,14776E-4
9,3055E-4
8,50421E-4
9,08306E-4
9,12414E-4
8,85945E-4
8,85449E-4
9,64379E-4
9,09441E-4
8,7617E-4
9,12065E-4
8,74914E-4
8,43977E-4
8,76049E-4
8,5207E-4
9,49452E-4
8,32225E-4
9,13476E-4
8,53753E-4
8,3196E-4
9,15333E-4
9,02171E-4
8,8059E-4
8,83161E-4
8,79864E-4
8,85676E-4
9,03029E-4
9,43475E-4
8,51033E-4
9,26819E-4
8,61311E-4
8,70354E-4
9,04907E-4
8,64392E-4
8,89225E-4
8,39964E-4
9,09841E-4
8,07506E-4
8,57663E-4
8,84577E-4
8,50427E-4
8,67032E-4
9,20925E-4
8,92914E-4
8,40529E-4
8,29603E-4
8,91467E-4
9,0627E-4
8,71832E-4
8,76909E-4
8,74207E-4
8,25781E-4
8,42001E-4
8,33379E-4
8,22526E-4
9,18618E-4
9,02777E-4
8,94882E-4
9,25537E-4
8,79773E-4
9,44489E-4
9,82067E-4
9,3593E-4
9,07767E-4
8,83389E-4
8,82221E-4
8,30435E-4
8,76147E-4
8,537E-4
8,17803E-4
8,78674E-4
9,48957E-4
8,70783E-4
8,68598E-4
8,74484E-4
8,47678E-4
9,02791E-4
8,42826E-4
8,33608E-4
8,45182E-4
8,38974E-4
8,82498E-4
8,69824E-4
9,23899E-4
9,41093E-4
9,81E-4
8,5189E-4
8,27386E-4
8,5042E-4
8,57314E-4
8,77054E-4
9,35941E-4
9,96239E-4
8,85617E-4
8,65197E-4
8,61808E-4
8,62539E-4
8,4828E-4
0,002627358
9,83744E-4
8,70881E-4
8,57479E-4
8,3326E-4
9,10072E-4
8,34523E-4
8,66681E-4
8,62075E-4
8,59726E-4
7,79942E-4
8,84319E-4
8,6551E-4
9,02327E-4
9,07681E-4
8,47565E-4
8,51759E-4
9,50983E-4
8,71619E-4
8,92517E-4
8,3261E-4
8,607E-4
8,65947E-4
9,28381E-4
8,78911E-4
8,87578E-4
9,37556E-4
8,36485E-4
8,41475E-4
8,58706E-4
8,46351E-4
8,59588E-4
8,61529E-4
9,63411E-4
8,88348E-4
8,6299E-4
8,45016E-4
8,67863E-4
9,16726E-4
8,60872E-4
9,09703E-4
8,97828E-4
8,27963E-4
9,28383E-4
8,01909E-4
8,44395E-4
8,70232E-4
8,47761E-4
8,46801E-4
8,71852E-4
8,58403E-4
9,16162E-4
9,18569E-4
8,89282E-4
9,11545E-4
8,88538E-4
8,20565E-4
8,99605E-4
9,19482E-4
8,90123E-4
8,62139E-4
8,3066E-4
8,47614E-4
8,2785E-4
8,38966E-4
8,63826E-4
8,57236E-4
8,79699E-4
8,30116E-4
8,33026E-4
8,55423E-4
9,09753E-4
9,78369E-4
8,70601E-4
8,50523E-4
9,59728E-4
9,38143E-4
8,84509E-4
8,04905E-4
8,48259E-4
8,9466E-4
8,63811E-4
8,35799E-4
8,55428E-4
8,3922E-4
9,55698E-4
9,56906E-4
9,04627E-4
8,57935E-4
8,73114E-4
8,7444E-4
8,64569E-4
8,74813E-4
8,64736E-4
9,18725E-4
8,54983E-4
8,85578E-4
8,36375E-4
8,7921E-4
8,89348E-4
9,37191E-4
9,01346E-4
8,24433E-4
8,38831E-4
8,27698E-4
8,40147E-4
9,46113E-4
9,04873E-4
8,53001E-4
8,73166E-4
8,86578E-4
8,73846E-4
8,69875E-4
8,87746E-4
8,88384E-4
9,01951E-4
8,93393E-4
8,74738E-4
9,09306E-4
8,79432E-4
8,68342E-4
8,9088E-4
8,92151E-4
8,60544E-4
9,06302E-4
9,7421E-4
9,17648E-4
9,14112E-4
9,16176E-4
8,29074E-4
9,22155E-4
8,02551E-4
8,57263E-4
8,93589E-4
8,76896E-4
8,38958E-4
8,7692E-4
8,6508E-4
8,52252E-4
8,64148E-4
8,99805E-4
8,50117E-4
8,48511E-4
8,44423E-4
8,60621E-4
8,89608E-4
8,20279E-4
8,86243E-4
9,12735E-4
8,83478E-4
8,95162E-4
8,70444E-4
8,15479E-4
8,56295E-4
9,1203E-4
0,001032042
9,10416E-4
9,51053E-4
9,62702E-4
8,67859E-4
8,70886E-4
8,93742E-4
8,82767E-4
8,41914E-4
8,22387E-4
8,77443E-4
8,5737E-4
8,85026E-4
9,60868E-4
8,88966E-4
8,85853E-4
8,45095E-4
8,68857E-4
8,64287E-4
8,88825E-4
8,74814E-4
8,89705E-4
8,75272E-4
8,55979E-4
8,45893E-4
8,41609E-4
8,44039E-4
8,3355E-4
8,34106E-4
8,28174E-4
8,28617E-4
8,28669E-4
8,3649E-4
8,40178E-4
8,42489E-4
8,74095E-4
8,70377E-4
8,16525E-4
8,45434E-4
9,37437E-4
9,22639E-4
8,58721E-4
9,77478E-4
9,58563E-4
0,00113768
0,001341054
0,002408421
0,002552989
0,00253959
0,002504532
8,42675E-4
0,00109322
0,001117675
0,001007843
9,05535E-4
9,92995E-4
0,001006701
0,001011476
0,001053307
0,001000164
0,001010341
0,00101907
0,001089798
9,86197E-4
9,1171E-4
0,001010094
9,70619E-4
9,90005E-4
9,78292E-4
0,001008087
0,001084896
0,001043921
0,00110183
0,001006076
0,00100501
9,90021E-4
9,71128E-4
9,70784E-4
0,001031464
0,001034781
0,001036189
0,001008736
9,99197E-4
9,8512E-4
0,001115667
0,001007346
0,001056558
9,52861E-4
0,001020033
9,82603E-4
9,69707E-4
9,83229E-4
9,78345E-4
9,41177E-4
0,001022135
0,001031447
0,00103736
0,001042612
0,001043968
9,70252E-4
9,85675E-4
9,95153E-4
0,001130101
0,001014799
9,63841E-4
9,88848E-4
9,78031E-4
0,001001285
9,59445E-4
9,76038E-4
0,001014216
0,001029874
9,87095E-4
0,001101196
0,001059956
0,001035164
9,48106E-4
9,77322E-4
9,98661E-4
9,62696E-4
0,001032018
0,001025065
0,001003212
9,68519E-4
9,86544E-4
9,97745E-4
9,63327E-4
9,77298E-4
0,001019352
9,87552E-4
9,96683E-4
0,001074223
0,001074888
0,001054604
0,001085616
0,001053814
0,001028686
0,001045902
0,001064366
0,00110183
0,001006464
0,001011063
9,90277E-4
9,70219E-4
0,001016329
0,001001619
0,00101369
9,93382E-4
9,82505E-4
0,001078476
0,001063126
0,001026813
0,001046822
0,00105451
0,001060109
0,001013416
0,001044332
9,96977E-4
0,001009692
0,001028807
0,001017783
0,001051899
0,001008307
0,001045775
0,001087026
0,001125925
0,001110062
0,001074732
0,001022652
0,001059386
0,001099679
0,001059852
9,97779E-4
0,001013198
9,73639E-4
0,001059986
0,001019617
0,001007246
9,58156E-4
9,97335E-4
0,001003746
0,001002009
0,001115302
0,001032196
0,001008774
9,55548E-4
0,001036595
9,58058E-4
0,001006278
0,001003381
9,70222E-4
0,001038263
0,001046643
0,001011766
0,001048013
0,001067479
9,86561E-4
0,001048182
0,001051446
0,001048348
0,001200041
0,001003187
0,001035618
0,001044235
9,79794E-4
0,001007092
0,001033822
9,48273E-4
0,001003863
9,91701E-4
9,7107E-4
0,001011897
9,64631E-4
0,001013889
0,001010873
0,001065672
0,001001164
9,91853E-4
0,001011072
9,89101E-4
9,78837E-4
0,001021803
0,001031867
9,70785E-4
9,4378E-4
0,001045754
0,001058075
9,89224E-4
9,84578E-4
0,001029455
0,001106798
9,67685E-4
9,91165E-4
0,001000833
9,83042E-4
0,001074642
0,001016852
0,001011172
0,001032094
0,001002861
9,65808E-4
9,94738E-4
0,001005892
9,95054E-4
0,001015017
9,76912E-4
9,68676E-4
9,71455E-4
0,001027919
0,001051472
0,001040437
0,001082504
9,85268E-4
0,001020992
9,63956E-4
0,001017567
9,51018E-4
0,001040286
9,59697E-4
9,93706E-4
9,90544E-4
0,001028191
0,001037997
9,91551E-4
9,98286E-4
0,001002151
0,001030348
0,001062644
0,001136773
0,001014785
9,956E-4
9,61866E-4
0,001006596
0,001001992
9,96054E-4
9,40558E-4
0,001040307
0,00106287
0,001019656
9,6369E-4
0,001086356
0,001129646
9,91387E-4
0,001003076
0,001037177
0,001036941
0,001024476
0,001026653
0,001041179
0,001066227
0,001037432
0,00107932
0,001005584
0,001001804
0,001048165
0,001015469
0,001108225
0,001018157
0,001111513
0,001078301
0,001112566
0,001051484
0,001028171
0,001073254
0,0010533
9,95344E-4
0,001049683
0,001023044
0,001040423
0,001047042
0,001074246
9,86706E-4
9,84134E-4
0,001030768
0,001038321
9,84971E-4
9,54202E-4
9,82865E-4
9,65195E-4
0,001103342
0,001034583
0,001008794
0,001020457
0,001053707
9,70716E-4
0,005134417
8,41787E-4
8,49737E-4
8,91438E-4
8,44024E-4
8,42123E-4
8,48406E-4
8,52287E-4
8,54452E-4
8,56333E-4
8,59856E-4
8,30139E-4
8,45526E-4
8,11788E-4
8,5198E-4
8,86581E-4
8,97039E-4
8,53078E-4
8,2351E-4
8,32706E-4
8,85718E-4
8,48038E-4
8,05422E-4
8,23359E-4
8,48319E-4
8,23346E-4
8,37683E-4
8,90498E-4
8,71081E-4
8,31199E-4
8,22348E-4
8,39317E-4
8,78377E-4
8,34055E-4
8,17746E-4
8,60619E-4
8,27785E-4
8,42051E-4
7,9068E-4
8,32234E-4
8,58636E-4
8,34424E-4
8,62226E-4
8,22354E-4
8,23321E-4
8,72755E-4
8,87606E-4
8,41271E-4
8,89956E-4
8,84212E-4
9,12562E-4
8,43511E-4
8,29948E-4
8,71297E-4
8,38197E-4
8,46004E-4
8,45314E-4
9,29818E-4
9,4088E-4
8,48814E-4
8,50123E-4
8,15781E-4
8,43074E-4
7,9893E-4
8,91242E-4
8,57622E-4
8,27637E-4
8,23129E-4
8,60201E-4
9,35536E-4
9,50556E-4
8,22549E-4
8,33548E-4
8,55228E-4
8,83879E-4
8,17401E-4
8,06069E-4
7,95565E-4
8,17561E-4
8,45043E-4
8,65536E-4
8,04937E-4
8,38537E-4
8,54198E-4
8,63626E-4
8,65452E-4
8,73915E-4
8,50691E-4
8,68731E-4
8,32756E-4
9,96424E-4
9,38123E-4
8,32E-4
9,23987E-4
8,51313E-4
8,47186E-4
8,14555E-4
8,53075E-4
8,2946E-4
8,79732E-4
8,86632E-4
8,35005E-4
8,46594E-4
8,45516E-4
8,35718E-4
8,06332E-4
8,6092E-4
8,57987E-4
9,0073E-4
9,22195E-4
8,50761E-4
8,49791E-4
8,82869E-4
8,26529E-4
8,5946E-4
9,26028E-4
9,11203E-4
8,80892E-4
8,85641E-4
8,54431E-4
8,35292E-4
9,16403E-4
8,94169E-4
8,5685E-4
9,86848E-4
9,45477E-4
8,31976E-4
9,48657E-4
8,15697E-4
7,95758E-4
8,18544E-4
8,3379E-4
8,60415E-4
9,23606E-4
8,68735E-4
8,23142E-4
8,19924E-4
8,35959E-4
8,23401E-4
8,52914E-4
8,60075E-4
8,14001E-4
9,07415E-4
8,75678E-4
8,57628E-4
8,89097E-4
8,89001E-4
9,10334E-4
8,31932E-4
8,61403E-4
8,62328E-4
8,79599E-4
9,38549E-4
8,69137E-4
8,66259E-4
8,8369E-4
8,42242E-4
8,6344E-4
8,93721E-4
8,29811E-4
8,30915E-4
8,97296E-4
8,54922E-4
8,76183E-4
8,37521E-4
8,4133E-4
8,31332E-4
8,54046E-4
8,62507E-4
8,88042E-4
8,67462E-4
8,63311E-4
8,80484E-4
8,66841E-4
8,67318E-4
8,30772E-4
8,52571E-4
8,43622E-4
8,69729E-4
9,17345E-4
8,55679E-4
9,55507E-4
9,77641E-4
7,99142E-4
9,38269E-4
8,74594E-4
8,95591E-4
0,01038729
9,82547E-4
9,37592E-4
8,00825E-4
8,3179E-4
8,86414E-4
8,86946E-4
8,98143E-4
8,66656E-4
9,05289E-4
9,10336E-4
8,7514E-4
9,11099E-4
8,50469E-4
9,16255E-4
8,32043E-4
8,02443E-4
9,10109E-4
8,26601E-4
8,66446E-4
8,85075E-4
8,42134E-4
8,44074E-4
8,92906E-4
8,98336E-4
8,36109E-4
8,79076E-4
9,31302E-4
8,80127E-4
8,35119E-4
8,62161E-4
8,75903E-4
9,12438E-4
8,79354E-4
8,97693E-4
8,54228E-4
9,4125E-4
9,25325E-4
8,96869E-4
8,42928E-4
8,96095E-4
8,91045E-4
8,64003E-4
8,75759E-4
8,34083E-4
8,54279E-4
8,46581E-4
8,52674E-4
8,53984E-4
9,06404E-4
8,3695E-4
8,52665E-4
8,69367E-4
8,92534E-4
8,77928E-4
8,78687E-4
8,6814E-4
8,3156E-4
8,9858E-4
8,91313E-4
9,48183E-4
8,60695E-4
8,65839E-4
9,11276E-4
9,15439E-4
8,82752E-4
8,77016E-4
9,60576E-4
9,11681E-4
8,90748E-4
9,12946E-4
0,001002514
8,9856E-4
8,96817E-4
8,66011E-4
8,73339E-4
8,71175E-4
8,32245E-4
8,38681E-4
8,633E-4
8,95155E-4
9,6887E-4
9,2123E-4
8,90152E-4
8,86004E-4
9,21977E-4
9,42267E-4
8,96847E-4
8,62418E-4
8,64211E-4
9,50362E-4
9,11849E-4
8,99665E-4
8,5597E-4
8,62215E-4
8,41427E-4
8,80662E-4
8,11499E-4
8,19755E-4
9,08225E-4
8,4973E-4
8,87768E-4
8,92833E-4
8,34912E-4
8,59594E-4
9,20923E-4
9,09769E-4
8,48127E-4
8,3303E-4
8,4666E-4
8,32625E-4
8,354E-4
8,10098E-4
8,78236E-4
8,79192E-4
8,73248E-4
8,35039E-4
8,74762E-4
8,52288E-4
8,27477E-4
8,52696E-4
8,84288E-4
8,43831E-4
8,25862E-4
8,10366E-4
8,31472E-4
8,1068E-4
8,32149E-4
8,54725E-4
8,51863E-4
9,16113E-4
8,68232E-4
8,17544E-4
9,11317E-4
8,91401E-4
9,73986E-4
8,74881E-4
8,40801E-4
8,58891E-4
8,63738E-4
8,06292E-4
8,40198E-4
8,6962E-4
9,24024E-4
8,87576E-4
8,53393E-4
9,56811E-4
9,28731E-4
8,67364E-4
8,74216E-4
8,04813E-4
8,16335E-4
8,34986E-4
8,47341E-4
8,17708E-4
8,56333E-4
8,0154E-4
8,55358E-4
8,1472E-4
8,39844E-4
8,78376E-4
8,85736E-4
8,49888E-4
8,45696E-4
8,40946E-4
8,8423E-4
7,9788E-4
8,59749E-4
8,69866E-4
8,87554E-4
8,90608E-4
8,98042E-4
9,57311E-4
9,30816E-4
8,83496E-4
8,36524E-4
8,95308E-4
8,4351E-4
8,06737E-4
8,39147E-4
8,16403E-4
8,30633E-4
8,33918E-4
8,83904E-4
8,28423E-4
8,12711E-4
8,29418E-4
8,30838E-4
8,17764E-4
8,32647E-4
9,19611E-4
9,0697E-4
8,51951E-4
9,35725E-4
8,60023E-4
8,32115E-4
8,01253E-4
8,10239E-4
8,79898E-4
8,26807E-4
8,55181E-4
8,3043E-4
8,72334E-4
8,68069E-4
8,90168E-4
8,11589E-4
8,24116E-4
8,15146E-4
8,02683E-4
7,99752E-4
7,93757E-4
8,72238E-4
8,63566E-4
8,7239E-4
8,01284E-4
8,0588E-4
8,99385E-4
8,17781E-4
8,56629E-4
8,52729E-4
8,61013E-4
8,99101E-4
8,89424E-4
9,05232E-4
8,72097E-4
8,61625E-4
9,13957E-4
8,92626E-4
8,53626E-4
