0,017192565	0,0
0,016232857	0,0
0,009794726	0,0
0,017593728	0,0
0,013026534	0,0
0,012990502	0,0
0,014357474	0,0
0,010819271	0,0
0,014290463	0,0
0,012302598	0,0
0,015479829	0,0
0,01490289	0,0
0,0202459	0,0
0,027160337	0,0
0,010658717	0,0
0,012171466	0,0
0,014303396	0,0
0,011077117	0,0
0,011700329	0,0
0,013578403	0,0
0,012591051	0,0
0,016437197	0,0
0,01056372	0,0
0,010369844	0,0
0,014613239	0,0
0,014739295	0,0
0,012576267	0,0
0,010994284	0,0
0,014258783	0,0
0,01833778	0,0
0,018331775	0,0
0,02267501	0,0
0,015954776	0,0
0,016072918	0,0
0,014388323	0,0
0,01642304	0,0
0,021239184	0,0
0,010759195	0,0
0,012380946	0,0
0,011221148	0,0
0,013539772	0,0
0,013442339	0,0
0,012929225	0,0
0,013233757	0,0
0,011789579	0,0
0,012697823	0,0
0,012764671	0,0
0,014103309	0,0
0,011313411	0,0
0,010687529	0,0
0,0145716	0,0
0,014480398	0,0
0,008857375	0,0
0,014015904	0,0
0,010281269	0,0
0,013695181	0,0
0,012245795	0,0
0,013867377	0,0
0,012511673	0,0
0,011571623	0,0
0,013810307	0,0
0,012640091	0,0
0,010059696	0,0
0,013207181	0,0
0,011697697	0,0
0,012632563	0,0
0,012012974	0,0
0,016267095	0,0
0,011680334	0,0
0,022273319	0,0
0,02110875	0,0
0,022454854	0,0
0,022381257	0,0
0,0223494	0,0
0,015721144	0,0
0,021697136	0,0
0,008629808	0,0
0,01060659	0,0
0,012164362	0,0
0,013232724	0,0
0,015430217	0,0
0,011734816	0,0
0,01157781	0,0
0,012042564	0,0
0,014315142	0,0
0,012657851	0,0
0,010918338	0,0
0,014312192	0,0
0,012671912	0,0
0,013211517	0,0
0,012109142	0,0
0,012581379	0,0
0,012657368	0,0
0,011627646	0,0
0,012899538	0,0
0,014493691	0,0
0,009837603	0,0
0,011963247	0,0
0,013858674	0,0
0,013941901	0,0
0,010620382	0,0
0,012546882	0,0
0,013205556	0,0
0,011986469	0,0
0,012788714	0,0
0,010688903	0,0
0,011095478	0,0
0,012604573	0,0
0,014317903	0,0
0,012606095	0,0
0,009348114	0,0
0,012776637	0,0
0,015154923	0,0
0,012778064	0,0
0,011237818	0,0
0,011276664	0,0
0,01307392	0,0
0,01493423	0,0
0,013283843	0,0
0,010977756	0,0
0,012706781	0,0
0,012727914	0,0
0,014305396	0,0
0,012692016	0,0
0,009283587	0,0
0,01509666	0,0
0,013859362	0,0
0,02032111	0,0
0,02211242	0,0
0,015545748	0,0
0,016073776	0,0
0,022090208	0,0
0,022655578	0,0
0,022173412	0,0
0,022482472	0,0
0,0223751	0,0
0,022566067	0,0
0,02214476	0,0
0,018272007	0,0
0,00767437	0,0
0,012620639	0,0
0,014526951	0,0
0,0130902	0,0
0,009151134	0,0
0,013471483	0,0
0,013533211	0,0
0,01102029	0,0
0,00909229	0,0
0,012668552	0,0
0,010109165	0,0
0,013186882	0,0
0,013029907	0,0
0,01509109	0,0
0,011659309	0,0
0,009155991	0,0
0,014948353	0,0
0,014540386	0,0
0,011011576	0,0
0,012973068	0,0
0,013266973	0,0
0,012591546	0,0
0,011710747	0,0
0,013572967	0,0
0,012742517	0,0
0,012478863	0,0
0,012688421	0,0
0,012773559	0,0
0,013309694	0,0
0,012052125	0,0
0,014510771	0,0
0,011583159	0,0
0,014002897	0,0
0,012591376	0,0
0,012597902	0,0
0,012658232	0,0
0,014209498	0,0
0,010394987	0,0
0,013483338	0,0
0,011342	0,0
0,010568765	0,0
0,014254744	0,0
0,012746997	0,0
0,014374896	0,0
0,012527516	0,0
0,009864105	0,0
0,01242108	0,0
0,014324805	0,0
0,012215337	0,0
0,009183591	0,0
0,01296585	0,0
0,013763517	0,0
0,01262884	0,0
0,010138049	0,0
0,01235155	0,0
0,013962792	0,0
0,012659529	0,0
0,009229235	0,0
0,013126225	0,0
0,015567202	0,0
0,011459042	0,0
0,010509227	0,0
0,014281681	0,0
0,012661216	0,0
0,012548772	0,0
0,009282569	0,0
0,013151754	0,0
0,013862382	0,0
0,012652666	0,0
0,012661055	0,0
0,012622478	0,0
0,0129149	0,0
0,013637189	0,0
0,010704044	0,0
0,01267741	0,0
0,014486981	0,0
0,010818212	0,0
0,010982065	0,0
0,014349015	0,0
0,014300379	0,0
0,011006835	0,0
0,010955068	0,0
0,014246499	0,0
0,012705916	0,0
0,012669327	0,0
0,012607993	0,0
0,01249759	0,0
0,01334793	0,0
0,013820665	0,0
0,010899159	0,0
0,011611939	0,0
0,013808307	0,0
0,012534916	0,0
0,011216448	0,0
0,014166088	0,0
0,012654132	0,0
0,01272189	0,0
0,014396184	0,0
0,01080996	0,0
0,01110557	0,0
0,01317209	0,0
0,01379332	0,0
0,012319003	0,0
0,009459628	0,0
0,01344688	0,0
0,01372294	0,0
0,013676564	0,0
0,011569135	0,0
0,012586547	0,0
0,01427936	0,0
0,012729468	0,0
0,009286764	0,0
0,013059364	0,0
0,013958668	0,0
0,012622611	0,0
0,012605988	0,0
0,014030876	0,0
0,011446631	0,0
0,014209666	0,0
0,01277406	0,0
0,012548437	0,0
0,011538993	0,0
0,013700444	0,0
0,012712763	0,0
0,014268453	0,0
0,010919211	0,0
0,011580144	0,0
0,013854564	0,0
0,014242263	0,0
0,010939329	0,0
0,010965519	0,0
0,014311012	0,0
0,012827351	0,0
0,012787183	0,0
0,012569223	0,0
0,012652554	0,0
0,014088077	0,0
0,010112721	0,0
0,012218293	0,0
0,016072648	0,0
0,011075018	0,0
0,010933893	0,0
0,013022231	0,0
0,01395524	0,0
0,009465224	0,0
0,014358	0,0
0,014220022	0,0
0,01262885	0,0
0,011629865	0,0
0,015267879	0,0
0,011682834	0,0
0,010283391	0,0
0,013262434	0,0
0,013553129	0,0
0,012722049	0,0
0,012587527	0,0
0,012728633	0,0
0,012752571	0,0
0,01429503	0,0
0,012649457	0,0
0,009592897	0,0
0,012959048	0,0
0,013861782	0,0
0,013273629	0,0
0,010970212	0,0
0,013880401	0,0
0,013222293	0,0
0,014186193	0,0
0,01242593	0,0
0,009337444	0,0
0,014989349	0,0
0,011824504	0,0
0,013031011	0,0
0,012554997	0,0
0,013021556	0,0
0,014093053	0,0
0,01087853	0,0
0,01282084	0,0
0,012651603	0,0
0,012725921	0,0
0,013421408	0,0
0,011909489	0,0
0,01271436	0,0
0,012644682	0,0
0,012647169	0,0
0,012554079	0,0
0,012660857	0,0
0,012794611	0,0
0,012668374	0,0
0,012610235	0,0
0,012411415	0,0
0,012863301	0,0
0,012485756	0,0
0,012896172	0,0
0,012576565	0,0
0,012620124	0,0
0,012566301	0,0
0,012665226	0,0
0,012846015	0,0
0,012523965	0,0
0,010883823	0,0
0,017606812	0,0
0,011822653	0,0
0,013545575	0,0
0,013685482	0,0
0,012605054	0,0
0,013105891	0,0
0,012256565	0,0
0,012857946	0,0
0,012486498	0,0
0,012849917	0,0
0,013267028	0,0
0,011701028	0,0
0,01259855	0,0
0,012951001	0,0
0,012823216	0,0
0,012327749	0,0
0,012587965	0,0
0,012829863	0,0
0,012608072	0,0
0,012804289	0,0
0,013551091	0,0
0,012675187	0,0
0,010948956	0,0
0,012805155	0,0
0,014405656	0,0
0,013233398	0,0
0,014211862	0,0
0,010937246	0,0
0,012696025	0,0
0,012747387	0,0
0,012532779	0,0
0,012875664	0,0
0,012482901	0,0
0,012634447	0,0
0,012663467	0,0
0,013076916	0,0
0,012629817	0,0
0,012395824	0,0
0,01267605	0,0
0,012564776	0,0
0,012852819	0,0
0,012657818	0,0
0,013255322	0,0
0,01204361	0,0
0,012583259	0,0
0,012565445	0,0
0,012677964	0,0
0,012615156	0,0
0,013383018	0,0
0,011956507	0,0
0,012821964	0,0
0,01282428	0,0
0,012607961	0,0
0,013679128	0,0
0,011540911	0,0
0,011652919	0,0
0,013657442	0,0
0,012688326	0,0
0,014260664	0,0
0,011020359	0,0
0,011011838	0,0
0,014433442	0,0
0,01408322	0,0
0,011007436	0,0
0,010968115	0,0
0,014394065	0,0
0,013103485	0,0
0,012437195	0,0
0,012690624	0,0
0,012607216	0,0
0,012711146	0,0
0,014335459	0,0
0,01256356	0,0
0,009417488	0,0
0,013109461	0,0
0,014084343	0,0
0,012530385	0,0
0,012458403	0,0
0,014694551	0,0
0,010508605	0,0
0,01313018	0,0
0,01389295	0,0
0,01095275	0,0
0,011394752	0,0
0,014057605	0,0
0,014329401	0,0
0,01091966	0,0
0,010984939	0,0
0,01489055	0,0
0,012364684	0,0
0,014121364	0,0
0,010939478	0,0
0,010939371	0,0
0,014883162	0,0
0,013884298	0,0
0,010846947	0,0
0,011944893	0,0
0,013405821	0,0
0,012642776	0,0
0,014456881	0,0
0,012603512	0,0
0,009754515	0,0
0,013883554	0,0
0,011124223	0,0
0,014611784	0,0
0,013860434	0,0
0,011053064	0,0
0,010984686	0,0
0,014298839	0,0
0,01326546	0,0
0,013727237	0,0
0,010936452	0,0
0,012041991	0,0
0,013369344	0,0
0,022368375	0,0
0,009829723	0,0
0,009527496	0,0
0,012702888	0,0
0,013242049	0,0
0,013284684	0,0
0,010768301	0,0
0,01143676	0,0
0,013736092	0,0
0,012840298	0,0
0,011620278	0,0
0,013471831	0,0
0,013485898	0,0
0,01181838	0,0
0,01242004	0,0
0,012915909	0,0
0,012596212	0,0
0,012559094	0,0
0,013375603	0,0
0,012400251	0,0
0,012129742	0,0
0,014356133	0,0
0,009300703	0,0
0,012741414	0,0
0,015931485	0,0
0,01260838	0,0
0,00928795	0,0
0,013192452	0,0
0,013878216	0,0
0,012576074	0,0
0,012700489	0,0
0,012556742	0,0
0,013255815	0,0
0,01382262	0,0
0,009481605	0,0
0,014266212	0,0
0,012683322	0,0
0,012607284	0,0
0,012599815	0,0
0,012759406	0,0
0,013044097	0,0
0,013916231	0,0
0,009661043	0,0
0,012369175	0,0
0,015639102	0,0
0,012865366	0,0
0,011157801	0,0
0,011476586	0,0
0,013606196	0,0
0,012639624	0,0
0,013238242	0,0
0,013825028	0,0
0,01266188	0,0
0,011009102	0,0
0,010883058	0,0
0,015199075	0,0
0,013470815	0,0
0,008547349	0,0
0,01517596	0,0
0,013044957	0,0
0,013975342	0,0
0,010893412	0,0
0,011487669	0,0
0,013880677	0,0
0,014314565	0,0
0,01131698	0,0
0,010707578	0,0
0,013772543	0,0
0,015089591	0,0
0,012761425	0,0
0,010822978	0,0
0,011615878	0,0
0,014480136	0,0
0,013745459	0,0
0,012284449	0,0
0,010511464	0,0
0,012387281	0,0
0,015428412	0,0
0,011051101	0,0
0,012328377	0,0
0,013888295	0,0
0,013580242	0,0
0,014187012	0,0
0,012617619	0,0
0,011946385	0,0
0,011394933	0,0
0,012953365	0,0
0,013199264	0,0
0,01247413	0,0
0,013841465	0,0
0,010932791	0,0
0,011421685	0,0
0,014012705	0,0
0,012656028	0,0
0,014512342	0,0
0,01067194	0,0
0,012099391	0,0
0,016021382	0,0
0,012476218	0,0
0,01579211	0,0
0,011484451	0,0
0,011786098	0,0
0,014925927	0,0
0,014400771	0,0
0,011263043	0,0
0,011123824	0,0
0,013270265	0,0
0,012693279	0,0
0,01357074	0,0
0,012680332	0,0
0,011372513	0,0
0,011180653	0,0
0,015165922	0,0
0,012615683	0,0
0,013039855	0,0
0,010832836	0,0
0,013347754	0,0
0,012965241	0,0
0,010666046	0,0
0,01366572	0,0
0,014205416	0,0
0,012523508	0,0
0,012984927	0,0
0,014148735	0,0
0,011352266	0,0
0,011662453	0,0
0,011475935	0,0
0,011326219	0,0
0,014606774	0,0
0,011663634	0,0
0,011499865	0,0
0,011383457	0,0
0,01404641	0,0
0,014178134	0,0
0,010927283	0,0
0,01112863	0,0
0,013117327	0,0
0,01423719	0,0
0,015016509	0,0
0,015331211	0,0
0,009684906	0,0
0,011313518	0,0
0,012068033	0,0
0,014982149	0,0
0,013407586	0,0
0,010903072	0,0
0,010254126	0,0
0,013253957	0,0
0,01356504	0,0
0,013659475	0,0
0,010723377	0,0
0,010996368	0,0
0,014721597	0,0
0,012408628	0,0
0,014299455	0,0
0,010920668	0,0
0,011523043	0,0
0,013861494	0,0
0,012588722	0,0
0,012597854	0,0
0,012597294	0,0
0,012720179	0,0
0,01107671	0,0
0,012992508	0,0
0,010562821	0,0
0,014247816	0,0
0,012591828	0,0
0,011370178	0,0
0,012606034	0,0
0,012872443	0,0
0,013016319	0,0
0,012500105	0,0
0,010146404	0,0
0,012642755	0,0
0,013651625	0,0
0,013383372	0,0
0,011724092	0,0
0,010193907	0,0
0,012791631	0,0
0,0149449	0,0
0,012184772	0,0
0,010930759	0,0
0,014306926	0,0
0,012668421	0,0
0,012764829	0,0
0,014166952	0,0
0,012661298	0,0
0,009737112	0,0
0,012643536	0,0
0,014071139	0,0
0,012671052	0,0
0,009882157	0,0
0,014280847	0,0
0,014386918	0,0
0,008572168	0,0
0,012902543	0,0
0,013968616	0,0
0,012728762	0,0
0,012645076	0,0
0,012764643	0,0
0,012948122	0,0
0,013856793	0,0
0,012600528	0,0
0,009800421	0,0
0,012950317	0,0
0,013678969	0,0
0,013981938	0,0
0,009635429	0,0
0,013115463	0,0
0,01419694	0,0
0,014134106	0,0
0,012671282	0,0
0,0094004	0,0
0,012577462	0,0
0,013274706	0,0
0,014226075	0,0
0,012144238	0,0
0,01118653	0,0
0,014305951	0,0
0,012604017	0,0
0,012583962	0,0
0,011770925	0,0
0,012257564	0,0
0,014603688	0,0
0,012941726	0,0
0,011957209	0,0
0,01309433	0,0
0,010942181	0,0
0,013825063	0,0
0,010650715	0,0
0,014852179	0,0
0,013077355	0,0
0,012303456	0,0
0,012512032	0,0
0,011293143	0,0
0,015272782	0,0
0,012306785	0,0
0,010174654	0,0
0,013089231	0,0
0,014017605	0,0
0,01255777	0,0
0,012607131	0,0
0,012571365	0,0
0,013828011	0,0
0,013310828	0,0
0,01077488	0,0
0,012572785	0,0
0,013231093	0,0
0,013801187	0,0
0,010883747	0,0
0,01368855	0,0
0,013589658	0,0
0,010667271	0,0
0,013655679	0,0
0,012314951	0,0
0,013062619	0,0
0,013264315	0,0
0,011101682	0,0
0,01178733	0,0
0,0153292	0,0
0,011733611	0,0
0,01138918	0,0
0,012031471	0,0
0,013548817	0,0
0,012757253	0,0
0,012661258	0,0
0,01261288	0,0
0,01359145	0,0
0,014165323	0,0
0,013236025	0,0
0,012483025	0,0
0,014573596	0,0
0,012472775	0,0
0,012595267	0,0
0,010167385	0,0
0,012936025	0,0
0,015148986	0,0
0,013737747	0,0
0,013799375	0,0
0,013314905	0,0
0,009152996	0,0
0,012954195	0,0
0,015667802	0,0
0,011255059	0,0
0,010819265	0,0
0,014400838	0,0
0,013177353	0,0
0,012225903	0,0
0,0142454	0,0
0,012811436	0,0
0,01116612	0,0
0,011303369	0,0
0,013938862	0,0
0,012542222	0,0
0,01256217	0,0
0,013369679	0,0
0,012128462	0,0
0,012745804	0,0
0,012938954	0,0
0,013027195	0,0
0,010439199	0,0
0,015049493	0,0
0,013704556	0,0
0,011168533	0,0
0,010752789	0,0
0,013153893	0,0
0,013971594	0,0
0,014530967	0,0
0,010786718	0,0
0,011182931	0,0
0,014558904	0,0
0,012302653	0,0
0,012625638	0,0
0,012733797	0,0
0,012610519	0,0
0,012866121	0,0
0,014988824	0,0
0,010274017	0,0
0,01103001	0,0
0,0148476	0,0
0,013753259	0,0
0,010882025	0,0
0,01102124	0,0
0,014382365	0,0
0,012683273	0,0
0,011309419	0,0
0,01481699	0,0
0,011807051	0,0
0,012868519	0,0
0,014258509	0,0
0,010836214	0,0
0,011160587	0,0
0,012316287	0,0
0,010830818	0,0
0,014349843	0,0
0,013089852	0,0
0,012780184	0,0
0,012061188	0,0
0,017003806	0,0
0,01133096	0,0
0,011370726	0,0
0,011671542	0,0
0,01653951	0,0
0,008745465	0,0
0,013124085	0,0
0,014261725	0,0
0,010925445	0,0
0,010986031	0,0
0,01307713	0,0
0,014710811	0,0
0,013172222	0,0
0,008315923	0,0
0,013874446	0,0
0,015336845	0,0
0,011734918	0,0
0,01542251	0,0
0,009956435	0,0
0,011767562	0,0
0,013794004	0,0
0,009610901	0,0
0,012712128	0,0
0,011847632	0,0
0,012535167	0,0
0,015419539	0,0
0,01181375	0,0
0,013384384	0,0
0,012291168	0,0
0,012398941	0,0
0,012926763	0,0
0,013408795	0,0
0,011502873	0,0
0,012865748	0,0
0,013146541	0,0
0,014179991	0,0
0,010763977	0,0
0,012584889	0,0
0,012499432	0,0
0,012738075	0,0
0,012697369	0,0
0,012771758	0,0
0,014934208	0,0
0,007773128	0,0
0,014015086	0,0
0,01377316	0,0
0,01271002	0,0
0,012282867	0,0
0,013137849	0,0
0,012495197	0,0
0,014410143	0,0
0,012627144	0,0
0,01061761	0,0
0,011334866	0,0
0,013502745	0,0
0,0135208	0,0
0,012748408	0,0
0,0142624	0,0
0,012067218	0,0
0,010215575	0,0
0,01308954	0,0
0,015260845	0,0
0,011286236	0,0
0,010641385	0,0
0,011084432	0,0
0,012900528	0,0
0,01566128	0,0
0,011009331	0,0
0,01076082	0,0
0,014665716	0,0
0,013066054	0,0
0,01289582	0,0
0,013709538	0,0
0,01242381	0,0
0,009450289	0,0
0,012860645	0,0
0,015670104	0,0
0,01102196	0,0
0,012578359	0,0
0,012721495	0,0
0,013108567	0,0
0,013855731	0,0
0,012638867	0,0
0,009241646	0,0
0,012897954	0,0
0,014217393	0,0
0,012558068	0,0
0,009209619	0,0
0,014332508	0,0
0,011202305	0,0
0,012477757	0,0
0,012505455	0,0
0,013159365	0,0
0,01219462	0,0
0,012627081	0,0
0,012916544	0,0
0,012362812	0,0
0,012289463	0,0
0,011340427	0,0
0,010918484	0,0
0,014363996	0,0
0,013153277	0,0
0,01377324	0,0
0,010916455	0,0
0,010907489	0,0
0,013172319	0,0
0,014036144	0,0
0,010788183	0,0
0,012677237	0,0
0,013189465	0,0
0,01389944	0,0
0,011228991	0,0
0,01086554	0,0
0,013940273	0,0
0,012982328	0,0
0,009018472	0,0
0,01309252	0,0
0,014857312	0,0
0,012020456	0,0
0,009229731	0,0
0,015809461	0,0
0,012982421	0,0
0,010733247	0,0
0,014328945	0,0
0,014424702	0,0
0,012012547	0,0
0,014085873	0,0
0,011755589	0,0
0,012566712	0,0
0,012763348	0,0
0,012687194	0,0
0,014416715	0,0
0,01102185	0,0
0,012649392	0,0
0,012630656	0,0
0,015201951	0,0
0,012851796	0,0
0,011767017	0,0
0,010966543	0,0
0,015937738	0,0
0,014197814	0,0
0,007615673	0,0
0,013255757	0,0
0,014385072	0,0
0,013921819	0,0
0,010612683	0,0
0,012418057	0,0
0,013011096	0,0
0,012122945	0,0
0,014766104	0,0
0,011037707	0,0
0,011037041	0,0
0,01446143	0,0
0,014279924	0,0
0,010934066	0,0
0,010915938	0,0
0,01440192	0,0
0,013648564	0,0
0,009867159	0,0
0,012682501	0,0
0,012692135	0,0
0,014380583	0,0
0,011019811	0,0
0,010985035	0,0
0,014343845	0,0
0,01272144	0,0
0,014343314	0,0
0,009376169	0,0
0,015073273	0,0
0,013603297	0,0
0,0109919	0,0
0,011134319	0,0
0,014398557	0,0
0,012440353	0,0
0,012520891	0,0
0,013143873	0,0
0,010292644	0,0
0,012632046	0,0
0,012574212	0,0
0,014456976	0,0
0,01073446	0,0
0,01143527	0,0
0,013981837	0,0
0,012716314	0,0
0,010975751	0,0
0,014190624	0,0
0,009621352	0,0
0,01260764	0,0
0,015623408	0,0
0,010958125	0,0
0,009748988	0,0
0,014385846	0,0
0,013693155	0,0
0,012787943	0,0
0,009371819	0,0
0,012652439	0,0
0,014365969	0,0
0,012711856	0,0
0,012654801	0,0
0,012730114	0,0
0,011883246	0,0
0,015146124	0,0
0,012580819	0,0
0,009545259	0,0
0,012973962	0,0
0,014045631	0,0
0,012626081	0,0
0,013417593	0,0
0,011939448	0,0
0,01253646	0,0
0,013297035	0,0
0,013859414	0,0
0,01096029	0,0
0,012622317	0,0
0,01423214	0,0
0,012885839	0,0
0,010814268	0,0
0,010723358	0,0
0,011149297	0,0
0,015841084	0,0
0,011178158	0,0
0,010861474	0,0
0,014411191	0,0
0,012725162	0,0
0,01262939	0,0
0,012556768	0,0
0,012648122	0,0
0,013111107	0,0
0,012940186	0,0
0,011921701	0,0
0,012616854	0,0
0,012605048	0,0
0,012774431	0,0
0,014415016	0,0
0,010874646	0,0
0,011086836	0,0
0,013354159	0,0
0,013842752	0,0
0,012363877	0,0
0,01163526	0,0
0,012931733	0,0
0,011445707	0,0
0,011091567	0,0
0,014180806	0,0
0,01258069	0,0
0,01261907	0,0
0,014286155	0,0
0,012673636	0,0
0,009249692	0,0
0,014627007	0,0
0,014294976	0,0
0,008962943	0,0
0,014350933	0,0
0,01465721	0,0
0,011024342	0,0
0,010687072	0,0
0,015345342	0,0
0,014237024	0,0
0,013698442	0,0
0,011034073	0,0
0,011352447	0,0
0,013906336	0,0
0,012701348	0,0
0,011264653	0,0
0,01073172	0,0
0,012272401	0,0
0,012583728	0,0
0,012695666	0,0
0,012822113	0,0
0,013071785	0,0
0,013920618	0,0
0,011014144	0,0
0,011181112	0,0
0,014276386	0,0
0,012781683	0,0
0,013069857	0,0
0,011930857	0,0
0,012566022	0,0
0,013043182	0,0
0,01397202	0,0
0,012787367	0,0
0,009321319	0,0
0,013028288	0,0
0,013980794	0,0
0,012699156	0,0
0,012604602	0,0
0,013171059	0,0
0,013948588	0,0
0,011327209	0,0
0,010634527	0,0
0,014318712	0,0
0,013097952	0,0
0,012408688	0,0
0,01264805	0,0
0,012563142	0,0
0,012643367	0,0
0,014698395	0,0
0,008933004	0,0
0,013111454	0,0
0,01387665	0,0
0,014310581	0,0
0,011046252	0,0
0,01092345	0,0
0,015324176	0,0
0,011581233	0,0
0,011054299	0,0
0,01660713	0,0
0,009018325	0,0
0,012846909	0,0
0,01393406	0,0
0,013021057	0,0
0,01235398	0,0
0,013519861	0,0
0,014073709	0,0
0,010399054	0,0
0,014880148	0,0
0,01216732	0,0
0,012713581	0,0
0,012085132	0,0
0,012664529	0,0
0,013250493	0,0
0,0127839	0,0
0,01425315	0,0
0,011706425	0,0
0,013836213	0,0
0,010648302	0,0
0,011689055	0,0
0,0143638	0,0
0,015651809	0,0
0,009072987	0,0
0,01143069	0,0
0,014935486	0,0
0,013452359	0,0
0,011069982	0,0
0,010661293	0,0
0,014523856	0,0
0,012722733	0,0
0,012625096	0,0
0,012527551	0,0
0,013296252	0,0
0,013840809	0,0
0,014363812	0,0
0,007553882	0,0
0,014379982	0,0
0,014278345	0,0
0,010969603	0,0
0,010934251	0,0
0,014464299	0,0
0,012657991	0,0
0,012737062	0,0
0,009907215	0,0
0,013640953	0,0
0,01428349	0,0
0,012731707	0,0
0,009441422	0,0
0,014551833	0,0
0,017382517	0,0
0,014593911	0,0
0,009490231	0,0
0,013725654	0,0
0,01284948	0,0
0,012441022	0,0
0,01266167	0,0
0,012610236	0,0
0,014803303	0,0
0,010464239	0,0
0,011961108	0,0
0,012326632	0,0
0,014031696	0,0
0,01260999	0,0
0,012506424	0,0
0,012704829	0,0
0,011857449	0,0
0,013327459	0,0
0,012603274	0,0
0,013190825	0,0
0,012877006	0,0
0,010735329	0,0
0,012661234	0,0
0,014849738	0,0
0,013517236	0,0
0,011636147	0,0
0,013693619	0,0
0,013400434	0,0
0,011097099	0,0
0,010158582	0,0
0,014157927	0,0
0,01434044	0,0
0,012865067	0,0
0,011182429	0,0
0,010757007	0,0
0,012423759	0,0
0,01312504	0,0
0,01396194	0,0
0,013957144	0,0
0,011393024	0,0
0,011124916	0,0
0,014156117	0,0
0,013451252	0,0
0,010308324	0,0
0,011153429	0,0
0,01242365	0,0
0,014199145	0,0
0,010956319	0,0
0,01128506	0,0
0,014109393	0,0
0,012782372	0,0
0,013879256	0,0
0,011436691	0,0
0,012952933	0,0
0,015877297	0,0
0,011454365	0,0
0,009141418	0,0
0,015468245	0,0
0,0161453	0,0
0,013519721	0,0
0,010669728	0,0
0,014101099	0,0
0,008064451	0,0
0,010258207	0,0
0,014643921	0,0
0,012103248	0,0
0,012528078	0,0
0,012608929	0,0
0,012817233	0,0
0,015045803	0,0
0,009327322	0,0
0,013583939	0,0
0,012780908	0,0
0,013306721	0,0
0,011885091	0,0
0,01268735	0,0
0,012937194	0,0
0,014130378	0,0
0,009651587	0,0
0,012270782	0,0
0,013107179	0,0
0,013937168	0,0
0,010805453	0,0
0,011666891	0,0
0,013767748	0,0
0,012760617	0,0
0,013373803	0,0
0,010379654	0,0
0,015730763	0,0
0,012605193	0,0
0,00935992	0,0
0,013047916	0,0
0,01619607	0,0
0,012419302	0,0
0,012357341	0,0
0,010769522	0,0
0,01371613	0,0
0,013456765	0,0
0,011116609	0,0
0,011443317	0,0
0,014135763	0,0
0,014157476	0,0
0,009533537	0,0
0,013911907	0,0
0,011252851	0,0
0,016068395	0,0
0,009364937	0,0
0,010805372	0,0
0,010302263	0,0
0,011125523	0,0
0,014168343	0,0
0,014278323	0,0
0,011385123	0,0
0,011799767	0,0
0,012821083	0,0
0,013148471	0,0
0,010948446	0,0
0,012400927	0,0
0,014407609	0,0
0,011062099	0,0
0,0120754	0,0
0,007733759	0,0
0,012549811	0,0
0,013440182	0,0
0,014689596	0,0
0,010970424	0,0
0,011135832	0,0
0,013808147	0,0
0,013843766	0,0
0,013632674	0,0
0,012809068	0,0
0,009209994	0,0
0,013188161	0,0
0,013858312	0,0
0,012836965	0,0
0,009117247	0,0
0,013341136	0,0
0,016091947	0,0
0,01504247	0,0
0,009535041	0,0
0,013464864	0,0
0,012107243	0,0
0,013678995	0,0
0,012701174	0,0
0,012706551	0,0
0,009763904	0,0
0,014315096	0,0
0,012783909	0,0
0,012280398	0,0
0,01001789	0,0
0,011863846	0,0
0,01283631	0,0
0,012618225	0,0
0,015772749	0,0
0,007482142	0,0
0,012478487	0,0
0,012705279	0,0
0,009090298	0,0
0,013559966	0,0
0,013573836	0,0
0,012901928	0,0
0,016160874	0,0
0,012313072	0,0
0,012754226	0,0
0,011557505	0,0
0,012666205	0,0
0,015179525	0,0
0,012475161	0,0
0,012207387	0,0
0,012615578	0,0
0,013324986	0,0
0,013763507	0,0
0,013165907	0,0
0,009012988	0,0
0,014325485	0,0
0,014460277	0,0
0,01247119	0,0
0,010089794	0,0
0,011879188	0,0
0,014521635	0,0
0,013046135	0,0
0,009271321	0,0
0,013939551	0,0
0,009620241	0,0
0,01425092	0,0
0,012827829	0,0
0,013452367	0,0
0,01145124	0,0
0,01135883	0,0
0,012442775	0,0
0,012151985	0,0
0,012833797	0,0
0,013299176	0,0
0,013044782	0,0
0,013562494	0,0
0,01091264	0,0
0,011265664	0,0
0,014207136	0,0
0,012879498	0,0
0,012611349	0,0
0,014293742	0,0
0,01104854	0,0
0,012470933	0,0
0,010875475	0,0
0,012433403	0,0
0,01450546	0,0
0,011151983	0,0
0,010969353	0,0
0,013442667	0,0
0,013615033	0,0
0,012874331	0,0
0,014043972	0,0
0,018990776	0,0
0,009267428	0,0
0,010859237	0,0
0,012165124	0,0
0,012599743	0,0
0,013123516	0,0
0,014633	0,0
0,01076681	0,0
0,011136596	0,0
0,014352613	0,0
0,012627355	0,0
0,01259343	0,0
0,012619713	0,0
0,013305747	0,0
0,013913371	0,0
0,009583492	0,0
0,013909802	0,0
0,01286882	0,0
0,012644723	0,0
0,012598967	0,0
0,012732569	0,0
0,013349085	0,0
0,012521422	0,0
0,012601713	0,0
0,012522834	0,0
0,014452539	0,0
0,012582418	0,0
0,011016239	0,0
0,011085666	0,0
0,016111098	0,0
0,010919465	0,0
0,010880031	0,0
0,014830963	0,0
0,013785702	0,0
0,011118432	0,0
0,010956463	0,0
0,014353499	0,0
0,012789888	0,0
0,01417456	0,0
0,010927098	0,0
0,012320767	0,0
0,012970602	0,0
0,015767543	0,0
0,013268302	0,0
0,010261013	0,0
0,012042065	0,0
0,013810917	0,0
0,012904374	0,0
0,013563342	0,0
0,011262907	0,0
0,01297267	0,0
0,012744739	0,0
0,009748285	0,0
0,01572325	0,0
0,012541572	0,0
0,014716673	0,0
0,013216544	0,0
0,015347204	0,0
0,012077465	0,0
0,011843114	0,0
0,012906869	0,0
0,011492689	0,0
0,012726018	0,0
0,012548189	0,0
0,014482701	0,0
0,011926921	0,0
0,011072039	0,0
0,012392036	0,0
0,014832551	0,0
0,00950904	0,0
0,014120071	0,0
0,012605078	0,0
0,012783464	0,0
0,012534172	0,0
0,012724397	0,0
0,012607697	0,0
0,012969635	0,0
0,012961503	0,0
0,012783486	0,0
0,012114528	0,0
0,012684573	0,0
0,012616504	0,0
0,013171726	0,0
0,013798869	0,0
0,010983897	0,0
0,011603477	0,0
0,01382067	0,0
0,013027798	0,0
0,010170945	0,0
0,011828632	0,0
0,013878289	0,0
0,012696644	0,0
0,012500663	0,0
0,011499228	0,0
0,013784803	0,0
0,012672454	0,0
0,014366318	0,0
0,012671917	0,0
0,010888002	0,0
0,012642857	0,0
0,014489446	0,0
0,012576404	0,0
0,009272918	0,0
0,01321984	0,0
0,01562643	0,0
0,010873986	0,0
0,011503257	0,0
0,013869763	0,0
0,014360373	0,0
0,011007384	0,0
0,011476281	0,0
0,015272771	0,0
0,012092371	0,0
0,011748233	0,0
0,013242343	0,0
0,010967951	0,0
0,013767513	0,0
0,012750783	0,0
0,014190702	0,0
0,012723877	0,0
0,009581605	0,0
0,012943095	0,0
0,012650182	0,0
0,012659589	0,0
0,013251948	0,0
0,01352711	0,0
0,012674228	0,0
0,009331553	0,0
0,01181894	0,0
0,014979025	0,0
0,012636941	0,0
0,0138079	0,0
0,014929748	0,0
0,009411391	0,0
0,01113383	0,0
0,013085287	0,0
0,013937321	0,0
0,012581707	0,0
0,009148617	0,0
0,012593518	0,0
0,014437871	0,0
0,015530637	0,0
0,009349207	0,0
0,013577363	0,0
0,013785863	0,0
0,010952022	0,0
0,012589141	0,0
0,014002564	0,0
0,013026137	0,0
0,009478869	0,0
0,011146478	0,0
0,012378518	0,0
0,011407066	0,0
0,013561286	0,0
0,011775229	0,0
0,012856646	0,0
0,012653303	0,0
0,010524888	0,0
0,016618889	0,0
0,011673442	0,0
0,010707147	0,0
0,015789267	0,0
0,011637029	0,0
0,012723285	0,0
0,014225206	0,0
0,010850597	0,0
0,014093853	0,0
0,013213411	0,0
0,013601409	0,0
0,011925359	0,0
0,014066739	0,0
0,012168188	0,0
0,009897528	0,0
0,013147023	0,0
0,014033148	0,0
0,013459878	0,0
0,011572741	0,0
0,0129049	0,0
0,012692244	0,0
0,014285272	0,0
0,012162761	0,0
0,008906438	0,0
0,01334307	0,0
0,014402859	0,0
0,012609714	0,0
0,009373646	0,0
0,012489137	0,0
0,012705245	0,0
0,012332587	0,0
0,011813004	0,0
0,015033972	0,0
0,014126527	0,0
0,012850703	0,0
0,013185086	0,0
0,011969805	0,0
0,012734282	0,0
0,011141118	0,0
0,011348329	0,0
0,011838481	0,0
0,012315774	0,0
0,010404649	0,0
0,013261715	0,0
0,013769856	0,0
0,012697073	0,0
0,012690192	0,0
0,015405706	0,0
0,009377121	0,0
0,012394278	0,0
0,0133106	0,0
0,013733552	0,0
0,01254937	0,0
0,009907567	0,0
0,013535031	0,0
0,015287183	0,0
0,010969594	0,0
0,013204506	0,0
0,014827411	0,0
0,011922938	0,0
0,012667525	0,0
0,012685289	0,0
0,012613365	0,0
0,013645065	0,0
0,013507429	0,0
0,01271633	0,0
0,013045799	0,0
0,012203457	0,0
0,012648924	0,0
0,012835421	0,0
0,014134133	0,0
0,012666687	0,0
0,009242462	0,0
0,012560967	0,0
0,014131217	0,0
0,009267914	0,0
0,014262469	0,0
0,012718417	0,0
0,010839722	0,0
0,010938521	0,0
0,015085273	0,0
0,013740731	0,0
0,010861153	0,0
0,012733659	0,0
0,01428295	0,0
0,013137212	0,0
0,008859841	0,0
0,013133233	0,0
0,013941116	0,0
0,012592215	0,0
0,012454451	0,0
0,012757113	0,0
0,012120117	0,0
0,015978588	0,0
0,01264786	0,0
0,009403562	0,0
0,013220907	0,0
0,01383939	0,0
0,013520659	0,0
0,011660814	0,0
0,012701412	0,0
0,013040003	0,0
0,013809601	0,0
0,012724017	0,0
0,009388738	0,0
0,012615248	0,0
0,014192259	0,0
0,012561009	0,0
0,009212062	0,0
0,013813235	0,0
0,015789611	0,0
0,012034481	0,0
0,008963726	0,0
0,014450589	0,0
0,012828731	0,0
0,010940091	0,0
0,011007907	0,0
0,01419445	0,0
0,010893317	0,0
0,01274402	0,0
0,012335273	0,0
0,012930361	0,0
0,014170785	0,0
0,012645772	0,0
0,011976903	0,0
0,0110374	0,0
0,011734067	0,0
0,012374927	0,0
0,012695621	0,0
0,01370664	0,0
0,012625546	0,0
0,011669745	0,0
0,012661613	0,0
0,01406695	0,0
0,010998691	0,0
0,011282612	0,0
0,01372627	0,0
0,014270655	0,0
0,010439508	0,0
0,012407464	0,0
0,012326075	0,0
0,012583645	0,0
0,012643287	0,0
0,012824263	0,0
0,012624548	0,0
0,010748437	0,0
0,011450682	0,0
0,013862273	0,0
0,013803852	0,0
0,012590703	0,0
0,011236496	0,0
0,011265228	0,0
0,013235351	0,0
0,013630869	0,0
0,014673638	0,0
0,008701101	0,0
0,014061656	0,0
0,010657362	0,0
0,013695884	0,0
0,011317902	0,0
0,011059973	0,0
0,012276178	0,0
0,011349012	0,0
0,013839152	0,0
0,015342381	0,0
0,011051367	0,0
0,011550882	0,0
0,013024297	0,0
0,014056536	0,0
0,010742415	0,0
0,01377391	0,0
0,01120701	0,0
0,011595503	0,0
0,015327784	0,0
0,013169938	0,0
0,012680826	0,0
0,011244177	0,0
0,012429869	0,0
0,01271547	0,0
0,010443311	0,0
0,013222726	0,0
0,012613674	0,0
0,012719947	0,0
0,014534569	0,0
0,010855368	0,0
0,011878531	0,0
0,015071808	0,0
0,011074968	0,0
0,012681261	0,0
0,012622707	0,0
0,014263977	0,0
0,011017645	0,0
0,011809992	0,0
0,012194186	0,0
0,013974249	0,0
0,011282167	0,0
0,012583082	0,0
0,012400003	0,0
0,012706888	0,0
0,013594242	0,0
0,013560213	0,0
0,012659571	0,0
0,012712195	0,0
0,01179221	0,0
0,013894611	0,0
0,014456908	0,0
0,013799779	0,0
0,010006073	0,0
0,011704053	0,0
0,01618338	0,0
0,013662053	0,0
0,014236825	0,0
0,009181301	0,0
0,014210575	0,0
0,014358551	0,0
0,011210329	0,0
0,008969038	0,0
0,013738881	0,0
0,015286258	0,0
0,012650776	0,0
0,012275319	0,0
0,012634908	0,0
0,014186925	0,0
0,010751156	0,0
0,012047584	0,0
0,013819554	0,0
0,013373329	0,0
0,0137876	0,0
0,010931821	0,0
0,013045947	0,0
0,012251169	0,0
0,01259233	0,0
0,012745046	0,0
0,012824302	0,0
0,014209365	0,0
0,01098792	0,0
0,011099987	0,0
0,014885873	0,0
0,01375248	0,0
0,010847469	0,0
0,011129591	0,0
0,013255394	0,0
0,013867705	0,0
0,012670295	0,0
0,014198657	0,0
0,012778273	0,0
0,009725985	0,0
0,014032242	0,0
0,012777247	0,0
0,009432675	0,0
0,012851846	0,0
0,014183703	0,0
0,012474116	0,0
0,011771602	0,0
0,01626829	0,0
0,009952315	0,0
0,012354813	0,0
0,014029904	0,0
0,012903858	0,0
0,009406608	0,0
0,01298689	0,0
0,014331288	0,0
0,012337358	0,0
0,012662934	0,0
0,012582731	0,0
0,012414283	0,0
0,012484446	0,0
0,007551552	0,0
0,013993057	0,0
0,011935903	0,0
0,009206748	0,0
0,013320301	0,0
0,014182047	0,0
0,012723011	0,0
0,009687054	0,0
0,012509675	0,0
0,014226587	0,0
0,012905907	0,0
0,011271779	0,0
0,013917334	0,0
0,013047438	0,0
0,01561032	0,0
0,010491993	0,0
0,011028838	0,0
0,013235491	0,0
0,01264296	0,0
0,012568058	0,0
0,013084164	0,0
0,013855953	0,0
0,01293497	0,0
0,009153425	0,0
0,0144713	0,0
0,010663894	0,0
0,014293888	0,0
0,011117237	0,0
0,012534054	0,0
0,013138469	0,0
0,013870532	0,0
0,01091047	0,0
0,011762221	0,0
0,010221764	0,0
0,010920584	0,0
0,014097175	0,0
0,012724728	0,0
0,012880842	0,0
0,012541022	0,0
0,013142236	0,0
0,012228102	0,0
0,012730417	0,0
0,013138905	0,0
0,012025584	0,0
0,01268942	0,0
0,012758994	0,0
0,01282523	0,0
0,012505755	0,0
0,0126575	0,0
0,012507401	0,0
0,012754734	0,0
0,012598657	0,0
0,012620017	0,0
0,012872032	0,0
0,010753052	0,0
0,013663628	0,0
0,013388278	0,0
0,013045919	0,0
0,011132978	0,0
0,013827638	0,0
0,014267321	0,0
0,010763979	0,0
0,011012255	0,0
0,012974626	0,0
0,014164845	0,0
0,01225249	0,0
0,009418657	0,0
0,014281225	0,0
0,012654919	0,0
0,012624989	0,0
0,011606418	0,0
0,013747842	0,0
0,012639061	0,0
0,011864273	0,0
0,011802546	0,0
0,01202345	0,0
0,013240512	0,0
0,010951601	0,0
0,013590799	0,0
0,011798912	0,0
0,01278503	0,0
0,009098999	0,0
0,013341746	0,0
0,013731619	0,0
0,012599716	0,0
0,011557071	0,0
0,010222653	0,0
0,015050879	0,0
0,013711682	0,0
0,010897004	0,0
0,011585641	0,0
0,01387973	0,0
0,012567127	0,0
0,013764925	0,0
0,010758162	0,0
0,014346424	0,0
0,012694692	0,0
0,011080816	0,0
0,011784789	0,0
0,011669158	0,0
0,014593685	0,0
0,010923153	0,0
0,014418362	0,0
0,01212434	0,0
0,012403625	0,0
0,010609432	0,0
0,012032341	0,0
0,013240201	0,0
0,013614568	0,0
0,012039067	0,0
0,012472241	0,0
0,010914361	0,0
0,013101481	0,0
0,015465905	0,0
0,012562935	0,0
0,009389413	0,0
0,012819683	0,0
0,014098451	0,0
0,013097777	0,0
0,012070607	0,0
0,012687546	0,0
0,014349956	0,0
0,009773506	0,0
0,012249389	0,0
0,009321694	0,0
0,013057737	0,0
0,014124269	0,0
0,010673305	0,0
0,012417504	0,0
0,012693875	0,0
0,014422926	0,0
0,012585581	0,0
0,009567941	0,0
0,01293433	0,0
0,015712207	0,0
0,009069257	0,0
0,013168386	0,0
0,013992513	0,0
0,012681136	0,0
0,009573597	0,0
0,012837146	0,0
0,006497176	0,0
0,014578907	0,0
0,013028729	0,0
0,010930775	0,0
0,010947735	0,0
0,015754838	0,0
0,012641221	0,0
0,011016968	0,0
0,011607831	0,0
0,013826251	0,0
0,012699144	0,0
0,014317586	0,0
0,011067536	0,0
0,01147594	0,0
0,013889571	0,0
0,012735108	0,0
0,012540285	0,0
0,012667121	0,0
0,012853989	0,0
0,012694168	0,0
0,015010215	0,0
0,010199647	0,0
0,011284927	0,0
0,013235283	0,0
0,013798686	0,0
0,012936539	0,0
0,008869398	0,0
0,013221413	0,0
0,014031077	0,0
0,018664688	0,0
0,009428986	0,0
0,013261717	0,0
0,013197965	0,0
0,012079862	0,0
0,013502028	0,0
0,010196848	0,0
0,015107773	0,0
0,008669107	0,0
0,014933915	0,0
0,013585132	0,0
0,013203276	0,0
0,012130223	0,0
0,012666562	0,0
0,012564503	0,0
0,011518212	0,0
0,013764364	0,0
0,012791248	0,0
0,012436934	0,0
0,014375941	0,0
0,010644608	0,0
0,015022467	0,0
0,014444286	0,0
0,007892191	0,0
0,015650371	0,0
0,012771686	0,0
0,013085374	0,0
0,013993446	0,0
0,010919653	0,0
0,012703125	0,0
0,014179898	0,0
0,011090193	0,0
0,011574421	0,0
0,013680633	0,0
0,015434421	0,0
0,008866009	0,0
0,011165038	0,0
0,013872648	0,0
0,012994625	0,0
0,013756936	0,0
0,010992183	0,0
0,011033337	0,0
0,014701137	0,0
0,014028566	0,0
0,011091239	0,0
0,011110819	0,0
0,013870216	0,0
0,012753182	0,0
0,012676629	0,0
0,014325535	0,0
0,011067705	0,0
0,012780583	0,0
0,014340315	0,0
0,012647745	0,0
0,00970044	0,0
0,013031408	0,0
0,013761389	0,0
0,012613941	0,0
0,01263574	0,0
0,012735985	0,0
0,012582824	0,0
0,014437357	0,0
0,012767034	0,0
0,011128708	0,0
0,011318734	0,0
0,012749501	0,0
0,013818879	0,0
0,012617354	0,0
0,011616841	0,0
0,013769342	0,0
0,013818213	0,0
0,013160343	0,0
0,00924504	0,0
0,014382581	0,0
0,012575198	0,0
0,014530756	0,0
0,010812037	0,0
0,013541712	0,0
0,013845163	0,0
0,014183123	0,0
0,010947135	0,0
0,011612532	0,0
0,014201574	0,0
0,014593524	0,0
0,012142339	0,0
0,010221947	0,0
0,015686342	0,0
0,010032086	0,0
0,015717696	0,0
0,014191081	0,0
0,011344107	0,0
0,011044387	0,0
0,012845588	0,0
0,013742946	0,0
0,009481253	0,0
0,014111165	0,0
0,012708934	0,0
0,012306657	0,0
0,011492559	0,0
0,014165434	0,0
0,012733298	0,0
0,010854459	0,0
0,012131257	0,0
0,013115003	0,0
0,009299893	0,0
0,013233596	0,0
0,013829749	0,0
0,014179562	0,0
0,010962591	0,0
0,011579684	0,0
0,01380904	0,0
0,013078906	0,0
0,014059443	0,0
0,010908157	0,0
0,011038779	0,0
0,012474429	0,0
0,012616975	0,0
0,012751142	0,0
0,012683166	0,0
0,012514407	0,0
0,014445242	0,0
0,012592227	0,0
0,009397542	0,0
0,01291242	0,0
0,015719177	0,0
0,013478546	0,0
0,015977232	0,0
0,005900811	0,0
0,015140787	0,0
0,013677042	0,0
0,012778113	0,0
0,014123607	0,0
0,011183384	0,0
0,010953408	0,0
0,014959715	0,0
0,013799439	0,0
0,011661452	0,0
0,01027271	0,0
0,012486062	0,0
0,016122118	0,0
0,011699086	0,0
0,010165529	0,0
0,014323468	0,0
0,012723038	0,0
0,012670792	0,0
0,014291031	0,0
0,014195693	0,0
0,007817508	0,0
0,014726716	0,0
0,013988954	0,0
0,011076842	0,0
0,010971456	0,0
0,014298327	0,0
0,012725638	0,0
0,012625468	0,0
0,012718358	0,0
0,014349038	0,0
0,011098765	0,0
0,012642466	0,0
0,014486294	0,0
0,010835673	0,0
0,010945081	0,0
0,012993762	0,0
0,01567152	0,0
0,011107089	0,0
0,011137554	0,0
0,016857741	0,0
0,011627045	0,0
0,009565942	0,0
0,012810102	0,0
0,015579682	0,0
0,01271869	0,0
0,01092774	0,0
0,011022193	0,0
0,014420128	0,0
0,014507787	0,0
0,013516513	0,0
0,008255329	0,0
0,014396946	0,0
0,014391045	0,0
0,012661455	0,0
0,009371375	0,0
0,012817982	0,0
0,015482152	0,0
0,012300399	0,0
0,011662053	0,0
0,012605704	0,0
0,012781499	0,0
0,012733491	0,0
0,012696065	0,0
0,011677442	0,0
0,012476358	0,0
0,015419783	0,0
0,014117363	0,0
0,00794839	0,0
0,013192591	0,0
0,013862015	0,0
0,015143501	0,0
0,011731801	0,0
0,010961824	0,0
0,013163841	0,0
0,012233204	0,0
0,012543111	0,0
0,012773686	0,0
0,01273125	0,0
0,014275851	0,0
0,011004987	0,0
0,011046731	0,0
0,016545452	0,0
0,010581382	0,0
0,012600931	0,0
0,01278168	0,0
0,012588135	0,0
0,01221303	0,0
0,012987438	0,0
0,012739763	0,0
0,012613096	0,0
0,014875011	0,0
0,012223539	0,0
0,009203998	0,0
0,012972588	0,0
0,015768303	0,0
0,012843981	0,0
0,009725829	0,0
0,010469737	0,0
0,013054139	0,0
0,015709255	0,0
0,011302601	0,0
0,010634965	0,0
0,012180466	0,0
0,014847054	0,0
0,01434355	0,0
0,012666495	0,0
0,009281171	0,0
0,013001318	0,0
0,015665533	0,0
0,012649748	0,0
0,00930549	0,0
0,013127485	0,0
0,015620655	0,0
0,009100458	0,0
0,012704025	0,0
0,012750938	0,0
0,014577122	0,0
0,012497845	0,0
0,010855621	0,0
0,011312363	0,0
0,01298585	0,0
0,015507239	0,0
0,010934874	0,0
0,012877597	0,0
0,013374238	0,0
0,011748706	0,0
0,013233839	0,0
0,013949531	0,0
0,01295653	0,0
0,008977659	0,0
0,01281399	0,0
0,018682225	0,0
0,010936753	0,0
0,009613442	0,0
0,01243668	0,0
0,015202412	0,0
0,012542208	0,0
0,009373359	0,0
0,013120012	0,0
0,014640505	0,0
0,012161777	0,0
0,011433254	0,0
0,011175181	0,0
0,013416019	0,0
0,012946531	0,0
0,012411644	0,0
0,012674826	0,0
0,013560956	0,0
0,011881739	0,0
0,012093033	0,0
0,013091393	0,0
0,012640322	0,0
0,013435053	0,0
0,011668569	0,0
0,009347213	0,0
0,013081246	0,0
0,013743076	0,0
0,012663799	0,0
0,009399052	0,0
0,012923924	0,0
0,012154087	0,0
0,012812956	0,0
0,013220236	0,0
0,013643197	0,0
0,012929354	0,0
0,012827777	0,0
0,012575807	0,0
0,012617417	0,0
0,012859064	0,0
0,014161483	0,0
0,010961433	0,0
0,013295444	0,0
0,010456016	0,0
0,011157447	0,0
0,013842603	0,0
0,012838868	0,0
0,011524286	0,0
0,012945642	0,0
0,015340848	0,0
0,012668363	0,0
0,010845584	0,0
0,009614523	0,0
0,014277291	0,0
0,014167357	0,0
0,009664619	0,0
0,013996825	0,0
0,01266462	0,0
0,012501635	0,0
0,013077809	0,0
0,012416753	0,0
0,011589597	0,0
0,01185618	0,0
0,014334669	0,0
0,012651789	0,0
0,011169546	0,0
0,010925275	0,0
0,014109752	0,0
0,014986142	0,0
0,010887507	0,0
0,012203118	0,0
0,011137641	0,0
0,014355693	0,0
0,012485669	0,0
0,009316071	0,0
0,015196885	0,0
0,013952146	0,0
0,012500931	0,0
0,010777581	0,0
0,011382884	0,0
0,012643165	0,0
0,014007083	0,0
0,012719175	0,0
0,014376222	0,0
0,010971587	0,0
0,014712304	0,0
0,012002913	0,0
0,011191744	0,0
0,014059562	0,0
0,01469255	0,0
0,010963717	0,0
0,010858269	0,0
0,015073745	0,0
0,016831303	0,0
0,007331829	0,0
0,011041364	0,0
0,015848972	0,0
0,010899304	0,0
0,012736452	0,0
0,01261643	0,0
0,01259449	0,0
0,012195396	0,0
0,014692927	0,0
0,012681643	0,0
0,009346118	0,0
0,012670805	0,0
0,014374752	0,0
0,012511088	0,0
0,009325479	0,0
0,012939744	0,0
0,014131317	0,0
0,012515695	0,0
0,010671386	0,0
0,015533235	0,0
0,013465993	0,0
0,011208135	0,0
0,011248217	0,0
0,013820633	0,0
0,012838581	0,0
0,013165729	0,0
0,013831043	0,0
0,009307025	0,0
0,013315878	0,0
0,013890781	0,0
0,013996268	0,0
0,011282306	0,0
0,010982866	0,0
0,014205935	0,0
0,014458323	0,0
0,011015566	0,0
0,011024284	0,0
0,014468363	0,0
0,012647814	0,0
0,011173851	0,0
0,011739143	0,0
0,016831964	0,0
0,013138069	0,0
0,008509406	0,0
0,013142646	0,0
0,012987688	0,0
0,013483705	0,0
0,010973929	0,0
0,011046842	0,0
0,020862779	0,0
0,015596331	0,0
0,010779813	0,0
0,009415905	0,0
0,011136885	0,0
0,013221257	0,0
0,01322632	0,0
0,012773917	0,0
0,012555117	0,0
0,012865601	0,0
0,012621049	0,0
0,013768112	0,0
0,013350347	0,0
0,013172331	0,0
0,008772773	0,0
0,01331984	0,0
0,013997183	0,0
0,012517845	0,0
0,012475187	0,0
0,012846222	0,0
0,011810938	0,0
0,012089793	0,0
0,013146148	0,0
0,015893988	0,0
0,01184107	0,0
0,010847623	0,0
0,013022895	0,0
0,012820051	0,0
0,010584515	0,0
0,012219353	0,0
0,015833555	0,0
0,012846814	0,0
0,012979624	0,0
0,012495819	0,0
0,011632484	0,0
0,010832056	0,0
0,014771752	0,0
0,014093081	0,0
0,01084202	0,0
0,013333581	0,0
0,013847634	0,0
0,012001211	0,0
0,010520249	0,0
0,012987632	0,0
0,012056885	0,0
0,011917986	0,0
0,015503394	0,0
0,011899787	0,0
0,013819356	0,0
0,01143581	0,0
0,013413631	0,0
0,012075125	0,0
0,011773333	0,0
0,013607058	0,0
0,012871062	0,0
0,011827629	0,0
0,014080189	0,0
0,012117816	0,0
0,015594964	0,0
0,010176938	0,0
0,01053052	0,0
0,013280714	0,0
0,014905627	0,0
0,015882185	0,0
0,00795338	0,0
0,013686052	0,0
0,014011347	0,0
0,012675587	0,0
0,010945516	0,0
0,011483034	0,0
0,013771017	0,0
0,012570489	0,0
0,01438387	0,0
0,012399064	0,0
0,009492995	0,0
0,014702282	0,0
0,013902291	0,0
0,010991069	0,0
0,010916905	0,0
0,01489977	0,0
0,013868551	0,0
0,012081308	0,0
0,011512316	0,0
0,011717504	0,0
0,015680468	0,0
0,012093181	0,0
0,011602419	0,0
0,010911139	0,0
0,014382072	0,0
0,012631136	0,0
0,009222943	0,0
0,013577817	0,0
0,013398016	0,0
0,012682997	0,0
0,013815071	0,0
0,011454397	0,0
0,013062229	0,0
0,015160996	0,0
0,01156932	0,0
0,011467789	0,0
0,014691549	0,0
0,013507486	0,0
0,011731279	0,0
0,010596682	0,0
0,014325354	0,0
0,012718503	0,0
0,012428163	0,0
0,012931673	0,0
0,013554251	0,0
0,011564797	0,0
0,012823228	0,0
0,012698351	0,0
0,012591782	0,0
0,01265339	0,0
0,01265585	0,0
0,012753972	0,0
0,012449136	0,0
0,012061577	0,0
0,015260558	0,0
0,013629354	0,0
0,012951383	0,0
0,011300502	0,0
0,014176569	0,0
0,012266066	0,0
0,012599152	0,0
0,01273816	0,0
0,00992808	0,0
0,012958157	0,0
0,01440807	0,0
0,014153866	0,0
0,010708734	0,0
0,011537841	0,0
0,01242127	0,0
0,014394244	0,0
0,013604973	0,0
0,01166473	0,0
0,012020695	0,0
0,01370927	0,0
0,014052075	0,0
0,012541184	0,0
0,01115874	0,0
0,010977991	0,0
0,014353046	0,0
0,01259928	0,0
0,014231269	0,0
0,01274149	0,0
0,010351104	0,0
0,013394619	0,0
0,012482987	0,0
0,012603105	0,0
0,01282392	0,0
0,012428575	0,0
0,013873223	0,0
0,012621588	0,0
0,011647054	0,0
0,011584445	0,0
0,012799058	0,0
0,01650518	0,0
0,013982855	0,0
0,012326287	0,0
0,009340317	0,0
0,013789069	0,0
0,012970928	0,0
0,010941079	0,0
0,012574394	0,0
0,012684133	0,0
0,012750795	0,0
0,012677836	0,0
0,013342676	0,0
0,013700778	0,0
0,011059636	0,0
0,01302522	0,0
0,01388669	0,0
0,011085122	0,0
0,01103016	0,0
0,014330168	0,0
0,012807297	0,0
0,012530191	0,0
0,012658914	0,0
0,012687387	0,0
0,014205525	0,0
0,009919065	0,0
0,013980934	0,0
0,012807252	0,0
0,01436128	0,0
0,010954789	0,0
0,011051073	0,0
0,012650546	0,0
0,012609664	0,0
0,015986724	0,0
0,009799176	0,0
0,014011404	0,0
0,012619474	0,0
0,014382801	0,0
0,012839806	0,0
0,009668615	0,0
0,01225549	0,0
0,012672917	0,0
0,014545451	0,0
0,010788076	0,0
0,010966622	0,0
0,012528462	0,0
0,014594782	0,0
0,010931154	0,0
0,01125492	0,0
0,014263323	0,0
0,014468104	0,0
0,009449043	0,0
0,014098398	0,0
0,012826027	0,0
0,014206105	0,0
0,011005478	0,0
0,010930561	0,0
0,013346136	0,0
0,015563978	0,0
0,011003306	0,0
0,012533878	0,0
0,012521856	0,0
0,013015149	0,0
0,012651898	0,0
0,012804419	0,0
0,012661509	0,0
0,012551264	0,0
0,012265863	0,0
0,013073781	0,0
0,012649785	0,0
0,012658499	0,0
0,012732177	0,0
0,014320406	0,0
0,011083667	0,0
0,011381504	0,0
0,012933254	0,0
0,013255034	0,0
0,010913054	0,0
0,013588364	0,0
0,013292719	0,0
0,012862613	0,0
0,009253844	0,0
0,010870308	0,0
0,012532505	0,0
0,01469841	0,0
0,010564056	0,0
0,011717031	0,0
0,01418964	0,0
0,013298048	0,0
0,013140447	0,0
0,009731107	0,0
0,012553645	0,0
0,014113479	0,0
0,009295519	0,0
0,014469281	0,0
0,012726305	0,0
0,014485402	0,0
0,010953411	0,0
0,016850155	0,0
0,01398272	0,0
0,011336806	0,0
0,010376301	0,0
0,012792246	0,0
0,01446039	0,0
0,012588247	0,0
0,012669914	0,0
0,012489199	0,0
0,012807969	0,0
0,012551505	0,0
0,012773398	0,0
0,012750163	0,0
0,012513449	0,0
0,012658545	0,0
0,012750215	0,0
0,012574487	0,0
0,014993173	0,0
0,010431901	0,0
0,011679691	0,0
0,013655902	0,0
0,012898944	0,0
0,014154678	0,0
0,011127274	0,0
0,012455373	0,0
0,013263673	0,0
0,013995283	0,0
0,011357103	0,0
0,012158072	0,0
0,012610471	0,0
0,012838774	0,0
0,012532296	0,0
0,012658637	0,0
0,014377241	0,0
0,011004308	0,0
0,01157455	0,0
0,014122417	0,0
0,01401225	0,0
0,011187577	0,0
0,012631495	0,0
0,012701704	0,0
0,012781498	0,0
0,014171721	0,0
0,012964146	0,0
0,012558549	0,0
0,010058568	0,0
0,01528698	0,0
0,014419451	0,0
0,0122864	0,0
0,009575788	0,0
0,013558201	0,0
0,0135389	0,0
0,014389492	0,0
0,011381283	0,0
0,012327732	0,0
0,012722754	0,0
0,012629588	0,0
0,014408281	0,0
0,010936435	0,0
0,011109056	0,0
0,014241993	0,0
0,013396165	0,0
0,010042598	0,0
0,011400321	0,0
0,014329189	0,0
0,014144487	0,0
0,011366557	0,0
0,010592814	0,0
0,014392047	0,0
0,013223065	0,0
0,010096151	0,0
0,012949146	0,0
0,012678412	0,0
0,0143805	0,0
0,01107012	0,0
0,011173398	0,0
0,014158935	0,0
0,012695691	0,0
0,012499332	0,0
0,012747506	0,0
0,012680129	0,0
0,012734271	0,0
0,012619594	0,0
0,01262445	0,0
0,012588928	0,0
0,013427258	0,0
0,011284639	0,0
0,013347539	0,0
0,014401376	0,0
0,011814856	0,0
0,011157412	0,0
0,013955267	0,0
0,013808073	0,0
0,012020581	0,0
0,011922607	0,0
0,014230295	0,0
0,014271424	0,0
0,012147334	0,0
0,009989267	0,0
0,014297933	0,0
0,014366447	0,0
0,010904394	0,0
0,011583646	0,0
0,013816614	0,0
0,012631577	0,0
0,011513001	0,0
0,012547395	0,0
0,014886726	0,0
0,011700447	0,0
0,009243865	0,0
0,015215058	0,0
0,013503866	0,0
0,011004588	0,0
0,011370215	0,0
0,013959766	0,0
0,012623711	0,0
0,012690632	0,0
0,012724306	0,0
0,011010973	0,0
0,013461686	0,0
0,014564348	0,0
0,011767735	0,0
0,016053539	0,0
0,012649776	0,0
0,009682875	0,0
0,012952743	0,0
0,013906595	0,0
0,012540697	0,0
0,009255303	0,0
0,012689319	0,0
0,015576198	0,0
0,013040247	0,0
0,009324206	0,0
0,013602563	0,0
0,013487618	0,0
0,016207531	0,0
0,007210398	0,0
0,014128885	0,0
0,013139126	0,0
0,014407932	0,0
0,011053801	0,0
0,011296425	0,0
0,014547513	0,0
0,013889269	0,0
0,011761749	0,0
0,010302984	0,0
0,014473801	0,0
0,012437081	0,0
0,012711897	0,0
0,012705018	0,0
0,012663177	0,0
0,012556366	0,0
0,013321111	0,0
0,013775318	0,0
0,012657665	0,0
0,00956355	0,0
0,014129642	0,0
0,014594386	0,0
0,010833154	0,0
0,011557835	0,0
0,01390315	0,0
0,012607335	0,0
0,012720156	0,0
0,012556196	0,0
0,01342522	0,0
0,011372167	0,0
0,011629844	0,0
0,011084909	0,0
0,013535138	0,0
0,013313348	0,0
0,012514569	0,0
0,012678808	0,0
0,012666457	0,0
0,013108193	0,0
0,01591686	0,0
0,008196625	0,0
0,011852704	0,0
0,012533519	0,0
0,012668317	0,0
0,012739285	0,0
0,013284301	0,0
0,013802441	0,0
0,011063587	0,0
0,011460514	0,0
0,013801553	0,0
0,012649245	0,0
0,012147913	0,0
0,009863948	0,0
0,012944238	0,0
0,014146548	0,0
0,012758536	0,0
0,012514085	0,0
0,012672366	0,0
0,012653648	0,0
0,013270857	0,0
0,013952768	0,0
0,011071602	0,0
0,013178732	0,0
0,011981867	0,0
0,013447553	0,0
0,012018431	0,0
0,012705019	0,0
0,012684646	0,0
0,014305147	0,0
0,010753145	0,0
0,011227507	0,0
0,014374485	0,0
0,0126875	0,0
0,012824735	0,0
0,010836339	0,0
0,01595261	0,0
0,011106241	0,0
0,011136468	0,0
0,01278527	0,0
0,014036509	0,0
0,012701178	0,0
0,009355177	0,0
0,014649522	0,0
0,014480457	0,0
0,015422558	0,0
0,009304756	0,0
0,01116143	0,0
0,014262629	0,0
0,014377742	0,0
0,012620087	0,0
0,009434622	0,0
0,012975758	0,0
0,016006142	0,0
0,011374022	0,0
0,011958784	0,0
0,012633667	0,0
0,012739099	0,0
0,012730473	0,0
0,012699032	0,0
0,012413601	0,0
0,012806946	0,0
0,012684662	0,0
0,011193718	0,0
0,014188616	0,0
0,013151993	0,0
0,013810621	0,0
0,011015569	0,0
0,012165349	0,0
0,013309238	0,0
0,01426703	0,0
0,010975361	0,0
0,011009888	0,0
0,014745502	0,0
0,01386688	0,0
0,012672772	0,0
0,009050459	0,0
0,013350371	0,0
0,013874024	0,0
0,012849416	0,0
0,014333385	0,0
0,010935408	0,0
0,012812271	0,0
0,014313809	0,0
0,012769362	0,0
0,009669226	0,0
0,0126901	0,0
0,014008807	0,0
0,014093687	0,0
0,009871031	0,0
0,014979597	0,0
0,013083645	0,0
0,012160965	0,0
0,012595761	0,0
0,013915738	0,0
0,014715652	0,0
0,010658129	0,0
0,012131662	0,0
0,011963707	0,0
0,012137536	0,0
0,012565174	0,0
0,014348758	0,0
0,010996901	0,0
0,011613814	0,0
0,01506568	0,0
0,012914142	0,0
0,010694094	0,0
0,014064817	0,0
0,014047573	0,0
0,010936877	0,0
0,010818813	0,0
0,015435286	0,0
0,015079142	0,0
0,012002001	0,0
0,011136803	0,0
0,012027983	0,0
0,013867493	0,0
0,013432075	0,0
0,013580299	0,0
0,011942561	0,0
0,014290422	0,0
0,012280201	0,0
0,011018115	0,0
0,014366825	0,0
0,009149059	0,0
0,014053233	0,0
0,013023648	0,0
0,00872231	0,0
0,011988762	0,0
0,012703309	0,0
0,01104693	0,0
0,012086403	0,0
0,01454075	0,0
0,011940601	0,0
0,012797581	0,0
0,012838279	0,0
0,012635775	0,0
0,014384105	0,0
0,012660749	0,0
0,009542388	0,0
0,013082503	0,0
0,013936918	0,0
0,013747873	0,0
0,0090975	0,0
0,012117674	0,0
0,014725364	0,0
0,013524911	0,0
0,013587692	0,0
0,013661621	0,0
0,013710029	0,0
0,012719453	0,0
0,009879632	0,0
0,012997702	0,0
0,015565238	0,0
0,011085041	0,0
0,011665465	0,0
0,013696724	0,0
0,012779307	0,0
0,012517408	0,0
0,014506493	0,0
0,011528481	0,0
0,012124293	0,0
0,014224672	0,0
0,011118723	0,0
0,009185033	0,0
0,013948868	0,0
0,013093735	0,0
0,013684261	0,0
0,011836391	0,0
0,011707373	0,0
0,014790108	0,0
0,014357978	0,0
0,010001396	0,0
0,011119238	0,0
0,014232447	0,0
0,0127332	0,0
0,011694792	0,0
0,015047086	0,0
0,012972702	0,0
0,009628654	0,0
0,01393068	0,0
0,013850696	0,0
0,013632174	0,0
0,011567179	0,0
0,011200452	0,0
0,013918002	0,0
0,011946344	0,0
0,011211515	0,0
0,015824933	0,0
0,011115656	0,0
0,01089988	0,0
0,014505933	0,0
0,012549491	0,0
0,012639005	0,0
0,014298682	0,0
0,010970985	0,0
0,01265668	0,0
0,011411944	0,0
0,014105605	0,0
0,012574895	0,0
0,012732328	0,0
0,012514791	0,0
0,012823035	0,0
0,014289112	0,0
0,012672276	0,0
0,009731619	0,0
0,012677618	0,0
0,014359607	0,0
0,012349943	0,0
0,012580958	0,0
0,012605163	0,0
0,01337208	0,0
0,013585049	0,0
0,012835703	0,0
0,009569602	0,0
0,013146192	0,0
0,013677408	0,0
0,014208414	0,0
0,010930917	0,0
0,011653638	0,0
0,013824707	0,0
0,014469814	0,0
0,012693101	0,0
0,011594118	0,0
0,010403808	0,0
0,01435608	0,0
0,014213931	0,0
0,011069679	0,0
0,011197336	0,0
0,014187032	0,0
0,014335228	0,0
0,011153488	0,0
0,00977129	0,0
0,014222219	0,0
0,016463198	0,0
0,011199146	0,0
0,007014633	0,0
0,015077506	0,0
0,014602735	0,0
0,013304881	0,0
0,010087483	0,0
0,014776724	0,0
0,011328126	0,0
0,011103711	0,0
0,011016581	0,0
0,015902892	0,0
0,010970472	0,0
0,012648559	0,0
0,011814974	0,0
0,0136842	0,0
0,01262639	0,0
0,012722691	0,0
0,012625529	0,0
0,013132056	0,0
0,013914415	0,0
0,012744862	0,0
0,009420117	0,0
0,013157983	0,0
0,013879686	0,0
0,012817857	0,0
0,012449222	0,0
0,012765226	0,0
0,012023724	0,0
0,014953546	0,0
0,012633051	0,0
0,010845733	0,0
0,0109576	0,0
0,011909399	0,0
0,015355809	0,0
0,012607557	0,0
0,011899564	0,0
0,012644984	0,0
0,01170769	0,0
0,012586222	0,0
0,013753065	0,0
0,011717567	0,0
0,012237021	0,0
0,011891972	0,0
0,012094965	0,0
0,012706543	0,0
0,012509784	0,0
0,012619	0,0
0,014369829	0,0
0,009258756	0,0
0,014525258	0,0
0,014188467	0,0
0,010906643	0,0
0,012120302	0,0
0,013251018	0,0
0,010960053	0,0
0,012708841	0,0
0,014265289	0,0
0,012561645	0,0
0,011044082	0,0
0,011046532	0,0
0,014391744	0,0
0,01272685	0,0
0,012682484	0,0
0,012565598	0,0
0,012850975	0,0
0,012899461	0,0
0,01417884	0,0
0,010821841	0,0
0,011628488	0,0
0,013639209	0,0
0,013018822	0,0
0,01245589	0,0
0,012747578	0,0
0,012665182	0,0
0,012593887	0,0
0,014384808	0,0
0,012900332	0,0
0,009444807	0,0
0,012972995	0,0
0,014025601	0,0
0,012769812	0,0
0,012448732	0,0
0,012738025	0,0
0,014187574	0,0
0,010604257	0,0
0,014022759	0,0
0,013586459	0,0
0,011088697	0,0
0,010859776	0,0
0,012997995	0,0
0,014071723	0,0
0,012432503	0,0
0,010379435	0,0
0,011502277	0,0
0,011000206	0,0
0,012580408	0,0
0,01459842	0,0
0,01089977	0,0
0,012721729	0,0
0,012719006	0,0
0,01267157	0,0
0,013768208	0,0
0,012630325	0,0
0,013490862	0,0
0,012669719	0,0
0,011834708	0,0
0,011140177	0,0
0,011487779	0,0
0,0135746	0,0
0,01286626	0,0
0,011351725	0,0
0,011034559	0,0
0,013326478	0,0
0,013713048	0,0
0,014340928	0,0
0,013817247	0,0
0,007379699	0,0
0,015276534	0,0
0,014497322	0,0
0,012648238	0,0
0,013660266	0,0
0,009435075	0,0
0,014245638	0,0
0,013438056	0,0
0,014201132	0,0
0,011127149	0,0
0,011987688	0,0
0,013452858	0,0
0,012578411	0,0
0,010972305	0,0
0,009481366	0,0
0,013414811	0,0
0,015079526	0,0
0,011307003	0,0
0,010676551	0,0
0,014310922	0,0
0,012924994	0,0
0,014039328	0,0
0,012693199	0,0
0,009389041	0,0
0,01328129	0,0
0,014434647	0,0
0,013436764	0,0
0,010818117	0,0
0,012125776	0,0
0,013361799	0,0
0,015385842	0,0
0,013532385	0,0
0,012139881	0,0
0,009828613	0,0
0,013219569	0,0
0,015491612	0,0
0,012572744	0,0
0,011981933	0,0
0,0134152	0,0
0,011063104	0,0
0,014397525	0,0
0,013098719	0,0
0,013891697	0,0
0,011902623	0,0
0,01278623	0,0
0,011634803	0,0
0,013862521	0,0
0,011658353	0,0
0,012700481	0,0
0,012694896	0,0
0,011802357	0,0
0,012679512	0,0
0,009991781	0,0
0,014384154	0,0
0,014243089	0,0
0,011013118	0,0
0,011048007	0,0
0,01526358	0,0
0,013398577	0,0
0,01081869	0,0
0,011973125	0,0
0,014259594	0,0
0,010113737	0,0
0,01204646	0,0
0,013277585	0,0
0,014682231	0,0
0,012573824	0,0
0,012646554	0,0
0,01276587	0,0
0,012770444	0,0
0,011940504	0,0
0,01598813	0,0
0,011750406	0,0
0,011599865	0,0
0,014869714	0,0
0,013637763	0,0
0,015241204	0,0
0,008211755	0,0
0,015449152	0,0
0,011818419	0,0
0,011423061	0,0
0,011808658	0,0
0,010813626	0,0
0,013739893	0,0
0,011922462	0,0
0,013458654	0,0
0,014261316	0,0
0,011977059	0,0
0,013689349	0,0
0,012215569	0,0
0,012073943	0,0
0,012708159	0,0
0,01181595	0,0
0,011716769	0,0
0,013462763	0,0
0,011912966	0,0
0,012918995	0,0
0,013054324	0,0
0,013806458	0,0
0,009498224	0,0
0,013669233	0,0
0,013012358	0,0
0,009620289	0,0
0,013929345	0,0
0,009763728	0,0
0,013924944	0,0
0,012537278	0,0
0,009392015	0,0
0,012946	0,0
0,01415987	0,0
0,012548791	0,0
0,012583534	0,0
0,01266555	0,0
0,012777287	0,0
0,013129704	0,0
0,013889614	0,0
0,011606986	0,0
0,010811549	0,0
0,014047157	0,0
0,012648172	0,0
0,012385569	0,0
0,014380055	0,0
0,011138141	0,0
0,01154836	0,0
0,013960673	0,0
0,012779456	0,0
0,009897176	0,0
0,013391514	0,0
0,014650642	0,0
0,011204063	0,0
0,010653483	0,0
0,013124013	0,0
0,013844739	0,0
0,010895585	0,0
0,011148597	0,0
0,012891325	0,0
0,013953357	0,0
0,012753618	0,0
0,009390716	0,0
0,013055395	0,0
0,014026365	0,0
0,014370882	0,0
0,010965117	0,0
0,011531403	0,0
0,014011523	0,0
0,013990667	0,0
0,012143884	0,0
0,011716824	0,0
0,010934445	0,0
0,014599172	0,0
0,012550382	0,0
0,01259749	0,0
0,012734588	0,0
0,01224777	0,0
0,013180715	0,0
0,01611091	0,0
0,008591254	0,0
0,014117795	0,0
0,012669423	0,0
0,011078383	0,0
0,013672869	0,0
0,01229453	0,0
0,012535487	0,0
0,012684364	0,0
0,013191836	0,0
0,009355524	0,0
0,012243073	0,0
0,014055108	0,0
0,013021721	0,0
0,012492402	0,0
0,01260394	0,0
0,013385927	0,0
0,013525874	0,0
0,012763439	0,0
0,012078427	0,0
0,011735099	0,0
0,013560127	0,0
0,012738231	0,0
0,012665916	0,0
0,012147083	0,0
0,012956689	0,0
0,014184624	0,0
0,009878348	0,0
0,011521282	0,0
0,014132453	0,0
0,014334065	0,0
0,012611402	0,0
0,009345909	0,0
0,01311865	0,0
0,01425642	0,0
0,009736684	0,0
0,011797765	0,0
0,014286597	0,0
0,014398655	0,0
0,011027725	0,0
0,010949751	0,0
0,015022098	0,0
0,013683268	0,0
0,011727697	0,0
0,010083551	0,0
0,013012696	0,0
0,014119927	0,0
0,014310195	0,0
0,012621973	0,0
0,009281244	0,0
0,013102774	0,0
0,01457169	0,0
0,010366943	0,0
0,011347146	0,0
0,013943979	0,0
0,014346183	0,0
0,012614188	0,0
0,009404162	0,0
0,012621608	0,0
0,014358146	0,0
0,012731285	0,0
0,012679498	0,0
0,01368853	0,0
0,011802091	0,0
0,012643924	0,0
0,012801007	0,0
0,012683931	0,0
0,012689906	0,0
0,012528366	0,0
0,012773642	0,0
0,012666336	0,0
0,012568184	0,0
0,012668666	0,0
0,012818556	0,0
0,012573466	0,0
0,01258601	0,0
0,012589185	0,0
0,012931623	0,0
0,012780626	0,0
0,014151041	0,0
0,01114885	0,0
0,010972323	0,0
0,014264305	0,0
0,012875327	0,0
0,012236158	0,0
0,01372215	0,0
0,011798785	0,0
0,012575358	0,0
0,014503767	0,0
0,011735617	0,0
0,011747567	0,0
0,014421027	0,0
0,012581821	0,0
0,010327834	0,0
0,013142627	0,0
0,01349159	0,0
0,008155198	0,0
0,013272245	0,0
0,014924167	0,0
0,011938458	0,0
0,009004727	0,0
0,013672054	0,0
0,014857428	0,0
0,009669833	0,0
0,011734542	0,0
0,015152048	0,0
0,012688243	0,0
0,014307148	0,0
0,010963095	0,0
0,011170806	0,0
0,010843658	0,0
0,016390106	0,0
0,01050714	0,0
0,011030483	0,0
0,013987017	0,0
0,013942219	0,0
0,008153321	0,0
0,012887801	0,0
0,014396304	0,0
0,012780309	0,0
0,012684632	0,0
0,012558591	0,0
0,013676835	0,0
0,010303483	0,0
0,010656705	0,0
0,012699962	0,0
0,010796256	0,0
0,011011397	0,0
0,013172299	0,0
0,015195363	0,0
0,011544638	0,0
0,010731178	0,0
0,014188234	0,0
0,012761591	0,0
0,014433599	0,0
0,012558135	0,0
0,009531749	0,0
0,012439193	0,0
0,01450332	0,0
0,012649211	0,0
0,012535451	0,0
0,012925403	0,0
0,012563309	0,0
0,011738034	0,0
0,011988115	0,0
0,012648797	0,0
0,012721803	0,0
0,012646303	0,0
0,014376039	0,0
0,010955331	0,0
0,011566547	0,0
0,014378985	0,0
0,013953658	0,0
0,010899148	0,0
0,010979699	0,0
0,014312641	0,0
0,012743501	0,0
0,010816009	0,0
0,011556539	0,0
0,013827197	0,0
0,012777633	0,0
0,015058621	0,0
0,010376999	0,0
0,011371871	0,0
0,013885883	0,0
0,014376846	0,0
0,012703753	0,0
0,009336035	0,0
0,012784386	0,0
0,014277118	0,0
0,012860565	0,0
0,012258872	0,0
0,012692715	0,0
0,01278375	0,0
0,012533508	0,0
0,01440925	0,0
0,011057938	0,0
0,011093447	0,0
0,014156571	0,0
0,012729123	0,0
0,013488211	0,0
0,011922514	0,0
0,012494123	0,0
0,012649334	0,0
0,014419059	0,0
0,012705213	0,0
0,009337126	0,0
0,013206637	0,0
0,013828156	0,0
0,012803978	0,0
0,012955644	0,0
0,008899903	0,0
0,015230123	0,0
0,013302733	0,0
0,013859198	0,0
0,014017167	0,0
0,008666428	0,0
0,012568404	0,0
0,013341761	0,0
0,011950932	0,0
0,012472182	0,0
0,012843013	0,0
0,009262985	0,0
0,013188748	0,0
0,014053536	0,0
0,01427384	0,0
0,010848075	0,0
0,011063205	0,0
0,014968126	0,0
0,013874572	0,0
0,012938013	0,0
0,010587101	0,0
0,01110549	0,0
0,014065523	0,0
0,01302139	0,0
0,012671292	0,0
0,012678399	0,0
0,012565231	0,0
0,01328441	0,0
0,013858061	0,0
0,012705077	0,0
0,009456942	0,0
0,014582297	0,0
0,012125138	0,0
0,014338674	0,0
0,011058753	0,0
0,011648821	0,0
0,0119177	0,0
0,012690667	0,0
0,012704355	0,0
0,012663497	0,0
0,012844288	0,0
0,012743755	0,0
0,012869289	0,0
0,012491581	0,0
0,013394192	0,0
0,012049083	0,0
0,012796779	0,0
0,012616891	0,0
0,012616541	0,0
0,01261248	0,0
0,012710847	0,0
0,01260601	0,0
0,013316034	0,0
0,01192108	0,0
0,012765437	0,0
0,012731103	0,0
0,012630096	0,0
0,01435865	0,0
0,011043044	0,0
0,011115482	0,0
0,01416778	0,0
0,012740039	0,0
0,012074432	0,0
0,014225116	0,0
0,011578944	0,0
0,013603039	0,0
0,012815296	0,0
0,011713526	0,0
0,01259636	0,0
0,01243735	0,0
0,012612109	0,0
0,014421035	0,0
0,011010457	0,0
0,014779828	0,0
0,008951756	0,0
0,014308765	0,0
0,012540283	0,0
0,012724374	0,0
0,012578268	0,0
0,01392448	0,0
0,010912254	0,0
0,013869329	0,0
0,012700567	0,0
0,014391526	0,0
0,011362387	0,0
0,012268749	0,0
0,011707432	0,0
0,012040147	0,0
0,012630355	0,0
0,014266977	0,0
0,010981441	0,0
0,011608832	0,0
0,014190741	0,0
0,012327959	0,0
0,012931563	0,0
0,012678734	0,0
0,00911103	0,0
0,013212491	0,0
0,013942018	0,0
0,012726585	0,0
0,01001641	0,0
0,01189739	0,0
0,012656011	0,0
0,014258274	0,0
0,013497659	0,0
0,009097639	0,0
0,013368224	0,0
0,013725845	0,0
0,011780069	0,0
0,012687651	0,0
0,012456675	0,0
0,011819054	0,0
0,01475791	0,0
0,012165117	0,0
0,015938394	0,0
0,008206811	0,0
0,012357842	0,0
0,013299384	0,0
0,010844432	0,0
0,013405174	0,0
0,013796186	0,0
0,013651753	0,0
0,011725951	0,0
0,011008456	0,0
0,017842682	0,0
0,012179942	0,0
0,01242496	0,0
0,011277435	0,0
0,014204275	0,0
0,010848878	0,0
0,011878599	0,0
0,011776616	0,0
0,013547455	0,0
0,012814014	0,0
0,013562858	0,0
0,011001754	0,0
0,012775216	0,0
0,01414274	0,0
0,012114368	0,0
0,010754866	0,0
0,014284039	0,0
0,015543074	0,0
0,011784504	0,0
0,011737223	0,0
0,013267275	0,0
0,01378897	0,0
0,011535505	0,0
0,011499134	0,0
0,013820648	0,0
0,015847366	0,0
0,013008783	0,0
0,011967153	0,0
0,01168928	0,0
0,011071374	0,0
0,013118065	0,0
0,014965908	0,0
0,011491781	0,0
0,012270311	0,0
0,013358293	0,0
0,013480163	0,0
0,013991304	0,0
0,013851822	0,0
0,009186988	0,0
0,015927803	0,0
0,010793546	0,0
0,010723394	0,0
0,013319392	0,0
0,014249433	0,0
0,012733383	0,0
0,009207058	0,0
0,013272396	0,0
0,013938274	0,0
0,014191218	0,0
0,012712361	0,0
0,010811548	0,0
0,012917258	0,0
0,01256201	0,0
0,012798726	0,0
0,01262157	0,0
0,012676804	0,0
0,012672172	0,0
0,012548502	0,0
0,01266715	0,0
0,012689934	0,0
0,012814965	0,0
0,012695117	0,0
0,012628852	0,0
0,01452612	0,0
0,013643454	0,0
0,011689403	0,0
0,012694586	0,0
0,012798704	0,0
0,012708083	0,0
0,012695684	0,0
0,012573572	0,0
0,01273377	0,0
0,01362984	0,0
0,01224475	0,0
0,012335572	0,0
0,012699818	0,0
0,012637513	0,0
0,012753725	0,0
0,012572717	0,0
0,012762842	0,0
0,012754705	0,0
0,012718137	0,0
0,012714266	0,0
0,012672493	0,0
0,011169242	0,0
0,012226829	0,0
0,012692405	0,0
0,012647714	0,0
0,012565153	0,0
0,01270538	0,0
0,012620229	0,0
0,012676821	0,0
0,012685515	0,0
0,012596928	0,0
0,023810819	0,0
0,01016114	0,0
0,011961168	0,0
0,012890745	0,0
0,013357851	0,0
0,012091041	0,0
0,012759113	0,0
0,012705064	0,0
0,01274243	0,0
0,012447394	0,0
0,012833853	0,0
0,012849023	0,0
0,014430899	0,0
0,011311363	0,0
0,010637018	0,0
0,015149579	0,0
0,013836112	0,0
0,011117155	0,0
0,014110903	0,0
0,013268392	0,0
0,010535735	0,0
0,01102768	0,0
0,014262158	0,0
0,012795476	0,0
0,012563756	0,0
0,012605129	0,0
0,012656267	0,0
0,012764705	0,0
0,015585696	0,0
0,009915618	0,0
0,012837137	0,0
0,012485323	0,0
0,014469832	0,0
0,011023254	0,0
0,011278361	0,0
0,014218592	0,0
0,012648753	0,0
0,011137582	0,0
0,012771855	0,0
0,012246415	0,0
0,012863234	0,0
0,012890864	0,0
0,014122099	0,0
0,012697754	0,0
0,009574149	0,0
0,012654903	0,0
0,01400838	0,0
0,014144477	0,0
0,00812132	0,0
0,013851932	0,0
0,012475752	0,0
0,012685845	0,0
0,012650957	0,0
0,012720483	0,0
0,014187548	0,0
0,012608035	0,0
0,009486018	0,0
0,012702631	0,0
0,014264881	0,0
0,012766511	0,0
0,012957578	0,0
0,012829389	0,0
0,013917482	0,0
0,011123714	0,0
0,011001643	0,0
0,014358652	0,0
0,012756937	0,0
0,01259508	0,0
0,01268293	0,0
0,012717878	0,0
0,01278651	0,0
0,014251455	0,0
0,011028574	0,0
0,012737498	0,0
0,012484877	0,0
0,012705487	0,0
0,01267494	0,0
0,012117229	0,0
0,014906965	0,0
0,011049596	0,0
0,011060972	0,0
0,013240158	0,0
0,013773335	0,0
0,014235937	0,0
0,009775489	0,0
0,013068033	0,0
0,013669325	0,0
0,01258319	0,0
0,01085983	0,0
0,011041299	0,0
0,01420701	0,0
0,014421302	0,0
0,012088597	0,0
0,009835584	0,0
0,013158804	0,0
0,011870244	0,0
0,013123528	0,0
0,010981789	0,0
0,014526425	0,0
0,014857069	0,0
0,011842473	0,0
0,012697449	0,0
0,012564262	0,0
0,012719006	0,0
0,013767538	0,0
0,012665864	0,0
0,011690346	0,0
0,013305381	0,0
0,010038404	0,0
0,011988219	0,0
0,01355286	0,0
0,012597733	0,0
0,009173174	0,0
0,01313913	0,0
0,015184564	0,0
0,011699309	0,0
0,01079071	0,0
0,012554079	0,0
0,012654181	0,0
0,0126112	0,0
0,013177102	0,0
0,01405229	0,0
0,011644924	0,0
0,010550315	0,0
0,01257302	0,0
0,012911407	0,0
0,011863428	0,0
0,013026736	0,0
0,013803429	0,0
0,012627305	0,0
0,010529664	0,0
0,012565717	0,0
0,013898715	0,0
0,012672471	0,0
0,011741305	0,0
0,009986003	0,0
0,012913283	0,0
0,010720025	0,0
0,013809912	0,0
0,014134513	0,0
0,012024859	0,0
0,011611978	0,0
0,014062952	0,0
0,009892414	0,0
0,011836586	0,0
0,015817476	0,0
0,011905247	0,0
0,011796461	0,0
0,0097458	0,0
0,012483808	0,0
0,015778692	0,0
0,011080411	0,0
0,010899687	0,0
0,014340677	0,0
0,012708096	0,0
0,012712613	0,0
0,014478345	0,0
0,012575137	0,0
0,012151303	0,0
0,013428653	0,0
0,012820255	0,0
0,01268215	0,0
0,014231901	0,0
0,011008411	0,0
0,012695681	0,0
0,012648942	0,0
0,014411456	0,0
0,011022006	0,0
0,012017843	0,0
0,013426302	0,0
0,013776754	0,0
0,011525461	0,0
0,01148298	0,0
0,013811136	0,0
0,012911808	0,0
0,012436392	0,0
0,012642061	0,0
0,012745301	0,0
0,012699092	0,0
0,014533309	0,0
0,010968006	0,0
0,011086117	0,0
0,013371714	0,0
0,015030506	0,0
0,011290841	0,0
0,012640536	0,0
0,012637057	0,0
0,014600929	0,0
0,010856405	0,0
0,010910917	0,0
0,013404437	0,0
0,013800639	0,0
0,012643294	0,0
0,012521502	0,0
0,012775599	0,0
0,015159812	0,0
0,010592137	0,0
0,009888125	0,0
0,015233335	0,0
0,014762971	0,0
0,014077183	0,0
0,007639571	0,0
0,013133951	0,0
0,014395996	0,0
0,013922056	0,0
0,010875565	0,0
0,010085101	0,0
0,015841307	0,0
0,013568151	0,0
0,013247736	0,0
0,011207679	0,0
0,01137431	0,0
0,013914733	0,0
0,012739944	0,0
0,012441462	0,0
0,0126918	0,0
0,012716349	0,0
0,013273826	0,0
0,014415555	0,0
0,010319659	0,0
0,012772751	0,0
0,012463581	0,0
0,012842358	0,0
0,012735663	0,0
0,012694104	0,0
0,012624902	0,0
0,012713984	0,0
0,012676842	0,0
0,012691406	0,0
0,012698844	0,0
0,012661035	0,0
0,01410763	0,0
0,012668822	0,0
0,009597309	0,0
0,014005873	0,0
0,014413963	0,0
0,010984576	0,0
0,011190788	0,0
0,014234773	0,0
0,014563671	0,0
0,010711842	0,0
0,011053932	0,0
0,014298576	0,0
0,01264508	0,0
0,01247154	0,0
0,012909144	0,0
0,012601252	0,0
0,012754543	0,0
0,012827931	0,0
0,014136676	0,0
0,011029236	0,0
0,011543408	0,0
0,013819022	0,0
0,013222867	0,0
0,013864007	0,0
0,011169291	0,0
0,011527587	0,0
0,013745831	0,0
0,01662572	0,0
0,007635572	0,0
0,013840779	0,0
0,014280725	0,0
0,01109704	0,0
0,010999299	0,0
0,014510285	0,0
0,013035621	0,0
0,013845116	0,0
0,010998693	0,0
0,012701081	0,0
0,012656194	0,0
0,014550653	0,0
0,012451102	0,0
0,010940479	0,0
0,01126282	0,0
0,01429326	0,0
0,012818954	0,0
0,014314303	0,0
0,010961693	0,0
0,011496155	0,0
0,013785533	0,0
0,014422466	0,0
0,009295277	0,0
0,014437342	0,0
0,014348941	0,0
0,011069085	0,0
0,010983515	0,0
0,014494121	0,0
0,012576945	0,0
0,012583762	0,0
0,012859975	0,0
0,012733862	0,0
0,012648352	0,0
0,009253357	0,0
0,013002	0,0
0,014042771	0,0
0,012394195	0,0
0,012783898	0,0
0,012570692	0,0
0,012821575	0,0
0,013593164	0,0
0,015141228	0,0
0,012082228	0,0
0,009972751	0,0
