0,071643926	0,014125617
0,01563969	5,091415E-4
0,0377149	0,023206007
0,015764639	1,3369415E-4
0,035002463	0,020238385
0,012919448	0,0012775352
0,013152072	0,0017739623
0,01114179	0,0016460284
0,0073631275	0,0015163114
0,012320131	0,0043579205
0,014103798	0,0019296221
0,013776695	7,290123E-4
0,01570111	0,003927741
0,015094337	0,00204279
0,013806924	0,002199246
0,018789535	0,006022616
0,028646052	0,011009391
0,018133484	8,0519076E-4
0,019367054	0,008761308
0,01823193	0,0081874225
0,021137666	0,005511814
0,017435007	7,613683E-4
0,016771657	0,0023391335
0,02323125	4,8097223E-5
0,022534411	0,002401556
0,017333377	0,007527708
0,017173933	0,002547834
0,012916787	1,03767496E-4
0,019303741	0,0048573073
0,015679775	0,0011429898
0,016955482	0,0025357245
0,019626368	0,0047191973
0,017260889	0,002462063
0,019136526	0,006671897
0,017506938	0,0035034344
0,01702344	0,0020999955
0,020996254	0,0036545536
0,014597805	7,436578E-4
0,018362744	0,003778947
0,023292605	3,310852E-6
0,02150388	4,3936912E-4
0,02166074	0,001629062
0,022283178	0,0015977519
0,026022095	0,0018643225
0,011899419	0,0018085004
0,017009942	0,0012983903
0,014979364	6,5924553E-4
0,016137147	0,0026868302
0,01883795	0,004860083
0,019464372	0,0050048255
0,017839272	0,0018780306
0,017259484	0,0025956538
0,017121129	0,0026632538
0,016520916	0,0036044945
0,017295482	0,0027899407
0,019231295	0,0030743685
0,018300017	0,0039057801
0,016297583	0,0014558332
0,01683234	0,002725155
0,01748592	0,0031098593
0,01731497	0,0046218527
0,019223826	0,0030653458
0,019168867	0,004121603
0,018328995	0,004047909
0,013630778	4,6326872E-4
0,015779344	0,0027768412
0,01627458	1,7939508E-4
0,017717184	0,0031300797
0,018032348	0,003615778
0,019354485	0,0049935044
0,01925968	0,0055383374
0,02267165	0,0015616007
0,023472492	0,001645294
0,02278955	6,1644334E-4
0,020487979	0,0018018913
0,024075842	0,0019408576
0,022770729	7,4533094E-4
0,022810958	7,436024E-4
0,018670365	7,509161E-5
0,018839642	0,00554759
0,019560322	0,0049893637
0,019127518	0,004522024
0,018471811	0,005771222
0,019378811	0,003089021
0,018967409	0,004539942
0,01803249	0,0036372603
0,018803874	0,004363267
0,018330917	0,0050625475
0,019599557	0,003882939
0,018884677	0,0044629644
0,019486321	0,005049169
0,019909028	0,005503335
0,018084208	0,0051960456
0,019713234	0,003432341
0,019108377	0,0046921326
0,018841326	0,004266931
0,018846944	0,0043358756
0,018480357	0,004622214
0,019141074	0,003992679
0,018827576	0,0043303934
0,018715056	0,004395403
0,018731024	0,004414793
0,019031856	0,004459893
0,013086494	0,0012579174
0,016639039	0,002144041
0,016091086	0,0015902123
0,017709292	0,0049001006
0,019797985	0,0036831647
0,01821656	0,0031302902
0,019220345	0,003692885
0,017384322	0,004608153
0,016497906	0,005385804
0,019461358	0,0034052003
0,01948481	0,003291428
0,019058492	0,0029283185
0,01775246	0,004924791
0,01664497	0,0053871693
0,02071381	0,0029467335
0,018278584	0,0038093152
0,018333614	0,0024130708
0,019361472	0,0034702513
0,018070702	0,0011899816
0,021792894	0,0016919766
0,021440033	6,4736605E-4
0,02292696	9,0612937E-4
0,020313952	0,0017305473
0,02035977	0,0016119741
0,022760797	6,7067984E-4
0,021310322	6,5726787E-4
0,021135151	9,960011E-4
0,021379497	7,077018E-4
0,021758301	4,1636638E-4
0,020795923	3,0422676E-4
0,016164958	0,007992335
0,018318355	0,003047604
0,018207628	0,0034936229
0,019766036	0,0022084462
0,01826986	0,0052528405
0,017269399	0,005911405
0,01818069	0,0025170734
0,018172013	0,0029514972
0,019469935	0,0024891943
0,016060691	0,0032162322
0,015643848	0,0028329357
0,017850013	0,0033115763
0,017905839	0,0027495166
0,017372008	0,0015824968
0,018365843	0,003956314
0,0144131705	0,0018118755
0,017832333	0,0033121463
0,016556848	0,0018494865
0,014924217	0,0013098489
0,017180089	0,0026478078
0,015718438	0,0030709538
0,017792929	0,0033045812
0,017334528	0,0028250543
0,020597909	0,0043897005
0,019002758	0,0042866464
0,017905258	0,0053362986
0,019611936	0,0052729854
0,01808428	0,003534901
0,01967337	0,0035284488
0,018596169	0,0042489497
0,018143471	0,0055015828
0,018254528	0,003752349
0,019985463	0,003941755
0,020992495	0,0041255653
0,02119951	0,005479633
0,013670711	8,271644E-4
0,015432119	0,004265035
0,018458618	0,0022541713
0,01815359	0,0019598035
0,01970774	0,0035789385
0,017114088	0,004244783
0,015664574	0,004436626
0,018821526	0,00429921
0,020295007	0,0026280656
0,019522512	0,003307294
0,014193787	0,001395721
0,016780432	0,005083372
0,020112175	0,0041175587
0,018209305	0,0025731819
0,01849293	0,002356288
0,014548579	0,0018453333
0,01767711	0,0048524505
0,016974567	0,0023514517
0,019747276	0,0037649004
0,018065969	0,0026268028
0,019769348	0,0072465637
0,013972705	1,3398146E-4
0,017981354	0,0034040464
0,017166454	0,002566923
0,017694319	0,0034760218
0,017662903	0,0022662594
0,015563363	0,002050459
0,017065888	0,0026292913
0,018655013	0,0042841765
0,019013451	0,004647026
0,019279592	0,0026819808
0,019127307	0,0065124906
0,018216047	0,0050914465
0,019550472	0,0037960121
0,017119028	0,0011148006
0,021249779	0,004073944
0,018080816	0,0026154527
0,017861033	0,0034825024
0,016306445	0,0017481507
0,018852599	0,0050367257
0,01747465	0,0030795573
0,020342954	0,0048615322
0,01859424	0,0037328866
0,017290134	0,002293502
0,016116051	0,0026010126
0,01697528	0,0043556616
0,0188572	0,0040168473
0,019527707	0,0035987226
0,019403959	0,0048119626
0,017820224	0,0033684378
0,018551236	0,0040216316
0,016606266	0,0037429635
0,01591324	0,0026783082
0,012847116	1,0677287E-4
0,016349498	0,0026390082
0,016402995	0,0021680011
0,016584797	0,0018770415
0,020088978	0,0029670335
0,01927821	0,006379781
0,017953776	0,0042177467
0,018731274	0,0041272673
0,018109985	0,0021014065
0,019437395	0,004162511
0,016992379	0,00430872
0,016792333	0,0022284915
0,017969668	0,003057409
0,018698946	0,004277716
0,019109566	0,004636508
0,016709954	0,0023691403
0,01536285	0,0020285742
0,017804625	0,0021932633
0,01839981	0,005580431
0,0189983	0,0059676333
0,018501384	0,0045347977
0,019176137	0,004627107
0,017444586	0,0029380913
0,019060083	0,003558237
0,018321048	0,0031832764
0,017402636	0,0030098036
0,016968533	0,002600451
0,016456503	0,0036682468
0,018359007	0,003923228
0,018141098	0,0030833706
0,019645397	0,004103065
0,017290283	0,004257011
0,017831134	0,004561126
0,020971723	0,0010057455
0,018519852	5,3519756E-4
0,019696107	0,0024361834
0,017218031	0,004479641
0,018288082	0,0070238654
0,018463954	0,0023088818
0,018001605	0,002639615
0,018383795	0,0015936065
0,013641369	1,3282057E-5
0,016806273	0,0040121935
0,019228905	0,0037290072
0,018892735	0,004429318
0,018587818	0,004182754
0,018469902	0,0024727006
0,017428687	0,0030579125
0,01406509	0,00465235
0,02090727	0,003699394
0,019160599	0,0038129347
0,018928185	0,0017986717
0,019492667	0,0016338573
0,019185182	0,0010697069
0,019589577	0,0023569474
0,01843936	0,0055236747
0,016943082	0,004204926
0,0190529	0,0034434167
0,018665336	0,0036211289
0,01827768	0,005233686
0,0182885	0,0033809044
0,01967898	0,003485132
0,018045053	0,0030788826
0,017254127	0,0019185073
0,019297114	0,006250786
0,018993206	0,0038540554
0,01895019	0,004288788
0,016924461	0,0050411485
0,020131359	0,004443342
0,017543871	0,0029702773
0,016100427	0,001509726
0,018896881	0,004800684
0,01738738	0,004132411
0,018214086	0,0041614226
0,02007563	0,004065695
0,016864352	0,0032378486
0,019270865	0,00463685
0,017645132	0,003454981
0,018461132	0,0031061713
0,019173285	0,004148169
0,019022407	0,0033277124
0,018628204	0,005029665
0,01791523	0,0034618836
0,018257763	0,0037481678
0,018589433	0,0029824013
0,0176786	0,0050835786
0,018520208	0,0050183707
0,019859115	0,0054118037
0,017079929	0,0027491204
0,016289433	1,13094226E-4
0,018986193	0,0044884807
0,01888496	0,0041840486
0,0195615	0,003757841
0,017851474	0,0037131463
0,017339664	0,004163354
0,017905423	0,0036328533
0,017101452	0,0025234828
0,020603966	0,0044113593
0,018731087	0,0035569118
0,019072123	0,0068939617
0,017241456	0,0028128168
0,019018687	0,0045134844
0,018867861	0,0027773855
0,019845568	0,0053604776
0,018110946	0,0055277785
0,018935252	0,0044884537
0,019512923	0,004826726
0,01925468	0,003160293
0,019019844	0,0045589358
0,017323153	0,0045985277
0,019813508	0,00529264
0,015850466	0,00101273
0,019754034	0,0030664513
0,015923124	0,0024384176
0,017323513	0,0044597946
0,019686386	0,004192728
0,01687628	0,0034877076
0,01985982	0,005414584
0,019773941	0,003674853
0,019471757	0,0040766415
0,017731909	0,0042133247
0,019471698	0,006692213
0,016191911	0,0024694754
0,016507875	9,89256E-4
0,02000871	0,0030320892
0,019019643	0,005328027
0,019622201	0,0051908717
0,01949677	0,00556965
0,019372059	0,0042008944
0,018032454	0,0036981772
0,019228984	0,0036415998
0,018407848	0,003596642
0,017832622	0,004544544
0,01920232	0,0049205893
0,020360356	0,0044728983
0,018969357	0,0046062693
0,019793296	0,0052617956
0,018167846	0,0054370807
0,018233845	0,0036808974
0,018660752	0,0026867837
0,018991468	0,004366996
0,019184168	0,0048749507
0,019459613	0,0048386883
0,020245776	0,005836108
0,018034246	0,0036007776
0,018914772	0,004433723
0,016403206	0,0020677857
0,019695206	0,005254571
0,019813675	0,0052852537
0,019432083	0,0048945704
0,019196868	0,0048438953
0,019358471	0,0048345225
0,017612875	0,0032816897
0,018852765	0,0044050296
0,018209066	0,0034961593
0,019562453	0,0035834769
0,019105993	0,0061791097
0,017485123	0,0061452016
0,020118225	0,003298984
0,018110706	0,0027905256
0,01976532	0,005247604
0,019046955	0,004598435
0,019143492	0,006319823
0,018781926	0,004490503
0,019206919	0,004510914
0,019521102	0,003597279
0,018362686	0,003953904
0,017585717	0,004904113
0,020558644	0,0060266154
0,018962272	0,0042899717
0,019768622	0,0037667332
0,018820362	0,0043086386
0,016303312	0,0034754705
0,018820526	0,004429206
0,019774225	0,004942589
0,020116962	0,0022715349
0,015267428	0,0028679133
0,018762188	0,0066094142
0,01951259	0,0027388493
0,01784962	0,003427005
0,018551296	0,0040674615
0,017858814	0,0032788515
0,017424408	0,004643306
0,018444223	0,0022955425
0,016827188	0,0024821553
0,016685374	0,0038716588
0,017668242	0,0015570708
0,017409936	0,0026628934
0,017250806	0,0028864024
0,017157376	0,004366117
0,019106286	0,004505014
0,020257086	0,0040199216
0,019787893	0,005281423
0,018728688	0,0044501717
0,017373245	0,00452495
0,019526647	0,0036370363
0,017427161	0,0043171747
0,019748032	0,003718038
0,019384217	0,0041765613
0,017810829	0,0039815763
0,017982522	0,0051865834
0,01897007	0,004556582
0,019664083	0,0033956924
0,018023068	0,0036112834
0,018318702	0,0037744883
0,017848892	0,0050739315
0,018945249	0,0045846575
0,019572176	0,0035739392
0,018114738	0,0035819681
0,01966047	0,005061328
0,017911324	0,005325683
0,019593446	0,0050451197
0,020482922	0,004306093
0,018035023	0,00364559
0,01717081	0,0027654865
0,017317168	0,0044038678
0,021252042	0,0051682163
0,019950313	0,005304124
0,018848343	0,0045839455
0,017215023	0,0043705483
0,016775861	0,0016960502
0,020048192	0,004337648
0,019992504	0,0055212164
0,01990574	0,0053971787
0,01794375	0,0046178806
0,018299423	0,003743581
0,017080843	0,0014668042
0,019049793	0,0046100738
0,020391954	0,0059299967
0,017614262	0,0047631916
0,020032056	0,0050164154
0,019589223	0,0039358735
0,01872773	0,0042649694
0,019156475	0,004234127
0,018485893	0,0040886397
0,017441252	0,0049323495
0,019115051	0,004456432
0,019043995	0,002768118
0,018922802	0,004478826
0,01976973	0,0052323793
0,017579006	0,0031491169
0,018055012	0,00526084
0,01990809	0,0037680743
0,018997986	0,004451709
0,019768268	0,0053679445
0,017561704	0,0030617705
0,018209346	0,005590176
0,019364163	0,0030768225
0,018214159	0,0037207715
0,019460589	0,0050395974
0,019316034	0,0028396472
0,015957586	0,005054719
0,018090695	0,0013543824
0,019167282	0,003348386
0,019460022	0,0037500951
0,017931461	0,00522275
0,01599705	0,004736176
0,01837193	6,226208E-4
0,018591784	0,0039274334
0,015513268	4,340941E-4
0,01859768	0,0041331644
0,016287837	0,0067152223
0,017574769	0,0027108667
0,021056585	0,0051274197
0,0192562	0,0016659843
0,018222738	0,003747495
0,01671111	0,0071337395
0,02116628	0,005099387
0,016850375	0,002435463
0,015318243	5,190447E-4
0,01870628	0,0029508593
0,01652842	0,0034284336
0,016418569	0,002366547
0,018040761	0,0031822557
0,01928489	0,0048869275
0,018926378	0,0028837696
0,017907793	0,0049249795
0,018869793	0,004774598
0,019928662	0,0051412415
0,01892022	0,0045462437
0,019517763	0,003455883
0,015975282	0,00282375
0,018550403	0,004581893
0,018861301	0,0025720587
0,017228525	0,00482956
0,0188195	0,0032618563
0,017825633	0,0021994254
0,017149266	0,004741596
0,018510666	0,004022954
0,018220393	0,0019206963
0,017999351	0,0035056667
0,018903593	0,004388862
0,017772306	0,0050787954
0,018651534	0,003136936
0,016234957	9,602937E-4
0,01786392	0,0033106697
0,018525828	0,00450083
0,018955842	0,0058435667
0,017820295	0,0025723237
0,019540694	0,0025062626
0,019823793	0,005198003
0,018056326	0,0055608167
0,020539192	0,00413174
0,01832413	0,0037630713
0,018093348	0,0035131979
0,016873108	0,004756374
0,020215746	0,0033273567
0,02021065	0,0051554507
0,018369947	0,004590598
0,019094598	0,0062935366
0,01954864	0,0033446988
0,01802598	0,0033701034
0,01824328	0,0037976387
0,019781023	0,0036064005
0,018242244	0,005501474
0,017509563	0,0063856104
0,018680021	0,0020573763
0,019562278	0,0039453874
0,019357208	0,003267373
0,019010073	0,006205088
0,017311804	0,0045180125
0,019608766	0,0036798865
0,019042127	0,0045341114
0,018592538	0,004070747
0,017333409	0,0029279399
0,016876431	0,0041195466
0,018456904	0,0022623278
0,018397419	0,002208341
0,019598715	0,0035185246
0,015836205	0,0046867575
0,016079737	0,0030255858
0,019338075	0,0027668942
0,01920722	0,0035380647
0,018805752	0,002642395
0,016713345	0,0055779964
0,017219163	0,003903729
0,020177424	0,002862663
0,017245172	0,0028725197
0,019832507	0,003733011
0,015785726	0,004631143
0,019349702	0,0063137827
0,020129383	0,0041502537
0,019123733	0,0044205193
0,020439845	0,0028345054
0,01910732	0,004641405
0,017612996	0,008083544
0,020730216	0,0057668183
0,02038759	0,004407556
0,018784117	0,0013609286
0,017627954	0,0031501
0,016170409	0,0065872837
0,019180601	0,0044120885
0,018882439	0,0030296883
0,020537123	0,002485267
0,015930412	0,0032772007
0,015575122	0,004223926
0,018760782	0,0030605681
0,018121503	0,0018496467
0,019147646	0,0029477673
0,014886126	0,0020959224
0,017017376	0,0052667824
0,018557057	0,0030043586
0,016490877	3,1683687E-4
0,01816873	0,0020927452
0,015889611	0,002833018
0,018480403	0,0035271286
0,018305995	0,006183334
0,01840084	0,0032667518
0,018443678	0,00448247
0,017187852	0,004501057
0,01697606	0,0023657028
0,017249966	0,0029991083
0,016484734	0,0017410223
0,016568968	0,0037253038
0,016818255	0,0025012656
0,019519784	0,0034120409
0,016167039	8,4350957E-4
0,02009916	0,0013906602
0,01639339	0,0037749102
0,018097894	0,0041532903
0,020388644	0,002432229
0,017499458	0,002817626
0,017451262	0,003446763
0,018085163	0,005197703
0,019195722	0,004561246
0,020086464	0,0040070815
0,01746272	0,002902084
0,01781605	0,0049919467
0,01945082	0,003966833
0,02001113	0,004869898
0,019038672	0,0030129068
0,019814337	0,005328423
0,01653609	0,00327818
0,015828159	0,0018570027
0,014876975	3,881329E-4
0,019085493	0,0029621935
0,018145008	0,0035621058
0,017603803	0,0049110213
0,017467506	0,0029096724
0,017595677	0,003081677
0,016432866	3,0840468E-4
0,019313324	0,003696511
0,018770754	0,0060483785
0,01883512	0,0053254645
0,017343508	0,002759011
0,019228289	0,0043032654
0,019232022	0,0054552946
0,01916352	0,00467969
0,020231575	0,00650683
0,018534096	0,0021848828
0,015782326	7,6125894E-4
0,015971012	0,0031416314
0,018410586	0,0039637005
0,018061014	0,0035606087
0,017417178	0,0023598112
0,01709752	0,0015322934
0,018212844	0,0053061973
0,019601725	0,0053415843
0,01902894	0,004559406
0,019190582	0,004096287
0,018900547	0,003444565
0,01960639	0,0051107863
0,016992353	0,0041118343
0,018294621	0,003619338
0,023691589	0,008607848
0,014749767	7,2933733E-4
0,01907845	0,004466198
0,01822253	0,005605877
0,019914115	0,0036074538
0,017305989	0,0026722392
0,01871467	0,0042930823
0,018932827	0,0044289757
0,018047417	0,0047904723
0,014420042	0,0012546252
0,01723348	0,0027816123
0,019769937	0,005209018
0,017674953	0,0031732623
0,01945522	0,004620989
0,017734345	0,005319335
0,020636894	0,004484553
0,019840643	0,0053805755
0,018446995	0,005603207
0,015031176	0,0023284298
0,01963346	0,003493295
0,019091744	0,0029285597
0,020197056	0,004033761
0,017092012	0,00516833
0,019066464	0,0045938003
0,016827077	0,0032171118
0,0182871	0,0022145715
0,017819548	0,0032967422
0,018670669	0,005060848
0,018780865	0,005150133
0,018392825	0,0036950759
0,02023953	0,0041311476
0,017882612	0,0034162467
0,017242355	0,0034030923
0,018157858	0,002023343
0,017936947	0,0013228673
0,018422704	0,0040848525
0,02125665	0,0059649497
0,018265117	0,004987739
0,019642081	0,0038495325
0,019143743	0,0043301233
0,0147060435	0,0024068314
0,02015104	0,006372106
0,02016462	0,0032974677
0,019084048	0,004433696
0,018336387	0,0030103722
0,01438243	0,0025094813
0,019137181	0,004820788
0,020161984	0,005005155
0,019501552	0,0038690055
0,01874387	0,005764449
0,016873946	0,0026766802
0,018077135	0,0036337962
0,019477755	0,0028770259
0,017093156	0,0048634363
0,017224737	0,0034757322
0,017564287	0,0029553086
0,019060332	0,0028105704
0,017404737	0,002977068
0,01784262	0,0041926424
0,018274255	7,336177E-4
0,018742044	0,005584679
0,01701835	0,0036801859
0,01751151	0,001829531
0,017999552	0,0033282512
0,01815331	0,0037722504
0,018749459	0,0042558275
0,019302849	0,004403553
0,018827584	0,004840305
0,019163966	0,004613889
0,019063529	0,0047431467
0,018998243	0,0044696266
0,018181352	0,0037762914
0,018285837	0,0038719815
0,01599484	0,0017645042
0,018753724	0,0038235951
0,018029172	0,0035627098
0,01735851	0,002827987
0,019796023	0,0053605135
0,01857353	0,0041942834
0,019919354	0,005366279
0,019463977	0,004913612
0,01873073	0,004275945
0,016245203	0,0017634034
0,016888373	0,0023827143
0,01692728	0,0026236107
0,0172849	0,002882625
0,019236878	0,0030057337
0,015511883	0,0034988015
0,016689	0,0034618764
0,017350951	0,0029804637
0,018588003	0,0016924059
0,017567877	0,003629793
0,018537158	0,0014135204
0,017120264	0,0026197238
0,017104967	0,0034974949
0,0193058	0,003972248
0,020042924	0,0065682665
0,019246196	0,0043519796
0,01691417	0,0012068003
0,019250926	0,0046648066
0,019272415	0,0063743615
0,016932443	0,0012689289
0,018140942	0,0029383465
0,0153362155	0,0025051464
0,017797379	0,0015772413
0,017018149	0,0024723648
0,018371139	0,0040016277
0,018121216	0,0024467995
0,017770622	0,004098257
0,0189153	0,0045671947
0,01911966	0,0039513553
0,02018332	0,0046790973
0,018450258	0,005557129
0,01977929	0,0051993276
0,018179914	0,0037127472
0,017301444	0,0027921572
0,018229559	0,0039154803
0,019054227	0,0045231595
0,02004095	0,005302451
0,016209014	8,897842E-4
0,01804402	0,005103724
0,01866549	0,001036264
0,01922847	0,0056284787
0,019503439	0,0032525193
0,018295586	0,0053672385
0,018119171	0,004770811
0,017792465	0,0014914963
0,01809816	0,0044828816
0,018097661	0,0048823236
0,019436505	0,005760042
0,018332008	0,0012065871
0,01646367	0,0030064704
0,017626097	0,0016427953
0,018381169	0,0053636096
0,018702768	0,0058156447
0,019151503	0,0043686074
0,015882602	6,3834526E-4
0,017615326	0,00492079
0,018263798	0,0042910096
0,019776098	0,00406834
0,018402344	0,003312895
0,018715866	0,0025389707
0,018288009	0,003783456
0,01761294	0,0048959595
0,019896388	0,0036919797
0,017540671	0,0013282439
0,017194418	0,0061014467
0,01841905	0,0051441393
0,021328518	0,0035540462
0,018839015	0,002410939
0,017417733	0,003131463
0,018185476	0,0044664578
0,018984735	0,005645536
0,018804356	0,0014232136
0,01891604	0,00460376
0,018423244	0,003098051
0,018555455	0,0057509113
0,017813925	0,0033770106
0,01987015	0,003593972
0,018071275	0,0026304377
0,017289435	0,003403206
0,016656889	0,0041570347
0,018213958	0,0031211558
0,018097885	0,0026571979
0,02019129	0,0029150974
0,016573776	0,006283681
0,018180687	0,0045597376
0,016124137	2,8684083E-4
0,0202244	0,0038873618
0,020037632	0,0033809263
0,019360863	0,0047422433
0,016350701	0,0067310203
0,01956043	0,0044212914
0,019734967	0,0031989748
0,016762171	0,0039083012
0,016431684	0,004122367
0,019026592	0,0040218187
0,019192807	0,0020504408
0,0177468	0,0057351086
0,018097382	0,004007995
0,01712537	0,0022972953
0,015984794	0,00332439
0,020237772	0,003152391
0,019431796	0,005060937
0,018316148	0,0036052219
0,020626549	0,007143517
0,017764023	0,004540086
0,018383605	0,0027351398
0,018989373	0,0044617853
0,017839657	0,0040170928
0,01864283	0,0050725583
0,018967696	0,0045869313
0,016910536	0,00231101
0,01883248	0,00431045
0,01777355	0,0017272988
0,017165888	0,0050339038
0,018536968	0,0041019637
0,018229518	0,0047084005
0,01854027	0,0031123324
0,018589912	0,0034264699
0,017298926	0,0031973799
0,017585004	0,0041539255
0,01765633	0,00343044
0,018049214	0,0034599989
0,0186162	0,0035247505
0,024044324	9,0117473E-4
0,018768195	0,0047231065
0,017606746	0,0048334952
0,01864442	0,003169634
0,01780422	0,0029506786
0,014848458	0,0018842802
0,018137205	0,003767088
0,019312963	0,0062565226
0,016529746	7,348154E-4
0,017898649	0,0033448678
0,019408591	0,004153657
0,018271994	0,006324283
0,01854319	0,0039000553
0,019120693	0,003155902
0,014796142	1,9124383E-4
0,017038144	0,0041816677
0,018625867	0,0043537407
0,019284429	0,0048639593
0,018551301	0,003951287
0,017037775	0,0022003213
0,016992658	0,0026347144
0,017798707	0,0028365091
0,019585118	0,005133249
0,017894084	0,0015702266
0,018221498	0,0056510866
0,017232616	0,00421675
0,019926848	0,0042182114
0,017704329	0,0015027076
0,017569954	0,0030958704
0,015926141	0,0031487937
0,019870833	0,005154508
0,0182949	0,0038002874
0,021340154	0,0034131939
0,017600236	0,0030499953
0,016557192	0,0069359536
0,017073069	0,0010504741
0,018900655	0,0028943578
0,018064654	0,0034112565
0,018963555	0,0043426254
0,019001845	0,0046160836
0,019000813	0,0062557817
0,02255166	0,002360846
0,017785193	0,006284606
0,018086333	0,00681722
0,019088574	0,0044445633
0,019755358	0,003592072
0,018300965	0,0036138822
0,018856224	0,00459581
0,017652653	0,004692629
0,01989245	0,003725334
0,019182136	0,0044430625
0,0191872	0,0042017074
0,019474775	0,0038395487
0,0185471	0,0051474907
0,014813144	6,709867E-4
0,018023234	0,005084308
0,020217858	0,0052475436
0,017676115	0,0022372035
0,018540582	0,005534666
0,014152028	0,0017648544
0,018436396	0,0032733493
0,019892871	0,0036796788
0,016955838	0,0042926357
0,017213453	0,0025063455
0,017213937	0,0027153688
0,018582808	0,004163532
0,017744353	0,0030798041
0,017843815	0,003552504
0,017728735	0,003258328
0,01853163	0,004011359
0,018887103	0,0027884608
0,016810626	0,004117124
0,017936664	0,003427314
0,017761426	0,0029135458
0,017538175	0,0015103705
0,017182013	0,0036197552
0,017937683	0,005999578
0,01904468	0,0029505827
0,019496638	0,0049312334
0,017299682	0,0011731237
0,016963772	0,00391138
0,017381838	0,005041681
0,01936709	0,004399461
0,01901919	0,0029233834
0,015210604	0,002968369
0,019656193	0,004520767
0,021027533	0,005029235
0,018141378	0,0031194845
0,017472712	0,005852297
0,019526394	0,004083835
0,020544637	0,0062481537
0,018510226	8,712569E-4
0,016325168	0,0017689494
0,018193299	0,0021487959
0,016467521	0,0036947988
0,016428096	0,004521292
0,016610984	5,3659827E-4
0,019957758	0,0052116932
0,020386454	0,002859788
0,017268712	0,0075703054
0,019094702	0,0045521567
0,01881041	0,0027503315
0,018164478	0,0037229354
0,01830726	0,0052072033
0,018238794	0,0037940387
0,01915152	0,0045686793
0,021323517	0,005245528
0,017566754	0,0024795863
0,01778109	0,0058683837
0,018266542	0,003669994
0,019981597	0,003543024
0,02020387	0,006007555
0,019990185	0,0015183501
0,017781097	0,004132586
0,0189101	0,0061493902
0,019839102	0,0037481412
0,018296171	0,0037592961
0,01842498	0,0054492075
0,01815474	0,002065261
0,019106232	0,0045962106
0,01834284	0,0033587296
0,018184364	0,0044836146
0,019158425	0,0046092127
0,020606449	0,0054185796
0,018042006	0,00411676
0,018894982	0,0041131075
0,01827354	0,0023265472
0,01914421	0,004574023
0,015621654	0,0063340506
0,019419998	0,0044047413
0,01851188	0,0011148555
0,018258678	0,002007775
0,019124761	0,005437484
0,016916249	0,0066047767
0,018943103	0,0029857215
0,01834679	0,001923888
0,01812699	0,001866837
0,01484609	4,227194E-4
0,011625703	0,0020615836
0,014438339	6,572278E-4
0,014227392	0,0016260301
0,015062823	0,0025149798
0,013087315	0,0013674647
0,0127161285	0,0017723087
0,010802228	9,966926E-4
0,015671164	0,0033562249
0,011605503	0,0013634195
0,012023332	7,602689E-4
0,013533728	0,0010926411
0,013682931	0,0012694066
0,013698986	0,0018972275
0,012743258	0,0016211197
0,012895087	0,0012326534
0,013567552	0,001079068
0,011929557	9,766635E-4
0,0130504565	0,0020213285
0,013694719	0,0019323723
0,013621386	9,46268E-4
0,012999028	0,0013616178
0,011666838	3,536092E-5
0,011331506	4,927153E-4
0,013046619	2,4862122E-5
0,015035162	0,0028953128
0,012560766	0,0015442749
0,013344781	0,0014997683
0,013000574	0,0012107086
0,012723263	1,4321273E-4
0,0131431	0,0014677346
0,014318619	0,0033546123
0,012411166	4,8432965E-4
0,011894699	5,6763645E-4
0,012841286	0,0017960505
0,014312379	0,0030488786
0,014386883	7,334831E-4
0,012123358	0,0019403435
0,012081757	8,3277375E-4
0,014728317	0,0024282183
0,013082925	5,226424E-4
0,012999719	0,0014628926
0,012028381	0,0012859572
0,0135707725	0,0020159944
0,013758349	5,350588E-4
0,012782758	0,0017242306
0,012720412	0,0017554653
0,013470273	0,0010565431
0,01653431	0,0046434747
0,010893237	0,0022643325
0,011969056	0,0037658229
0,015262298	8,272454E-4
0,0141704725	0,0021995315
0,0101168975	7,7909976E-4
0,012933917	5,658874E-4
0,016541954	0,0035643168
0,010815993	6,7975046E-4
0,0122442525	9,3376124E-4
0,01453966	0,0035978043
0,01233859	8,107922E-4
0,013030338	5,32154E-4
0,013200749	0,0012794519
0,013696838	0,0013952311
0,013746982	0,0018445677
0,013816214	0,0019571641
0,011471681	8,368865E-6
0,012733472	0,0016940497
0,013876077	0,0023018126
0,013725239	8,8258553E-4
0,012171453	4,619807E-4
0,014763063	0,0015088655
0,013008568	0,0014716433
0,014007243	0,0015469836
0,012059916	2,1117274E-5
0,014295898	0,0032941848
0,012504591	3,6212383E-4
0,011935832	1,0152208E-4
0,017074391	0,005870194
0,011478014	6,879447E-4
0,013665795	0,0011871909
0,01304479	0,001030744
0,01488718	0,0031287135
0,013316395	0,001748085
0,012132585	5,0016167E-4
0,013559027	9,0635894E-4
0,013419204	0,0011196332
0,013231983	0,0029479824
0,012394855	0,0014026971
0,013791235	8,3687855E-4
0,013335232	5,5861566E-4
0,013350371	0,0012353985
0,014274622	0,0025729937
0,012732612	8,610226E-4
0,01322837	0,0023486954
0,013133083	0,0019610976
0,012287188	6,629671E-4
0,014310567	2,0352146E-4
0,013394786	0,0039624423
0,011624614	6,507384E-5
0,012787343	2,1476205E-4
0,015349469	0,0031360416
0,01161937	2,6024738E-4
0,0130779855	0,0013349736
0,013105455	0,0013459586
0,013454659	0,0016525495
0,013697316	0,0020251712
0,012325207	5,0614635E-4
0,014888404	0,0027349982
0,012332639	7,7374233E-4
0,012937887	0,0026192134
0,014840361	0,003236745
0,010866212	0,0015752623
0,013097258	0,0014602751
0,013124384	0,0029409318
0,013192357	0,0013939412
0,013384538	0,0010962458
0,013238201	2,4951575E-4
0,013474587	0,0021211016
0,012845593	1,9818777E-4
0,0134708285	0,0026665665
0,013191545	0,0015921514
0,012499934	4,968811E-4
0,01323198	8,650166E-4
0,013384629	0,0030969945
0,0123286145	5,603982E-4
0,013517139	0,0016645286
0,013144745	6,1291223E-4
0,01257522	0,0018384815
0,013708321	9,941952E-4
0,013224231	0,0014172597
0,013799064	0,0020677936
0,012084404	0,001007135
0,012696605	0,0017231195
0,015247777	7,2848843E-4
0,013449673	0,0011445652
0,013368228	0,0025411057
0,012013816	7,9230685E-4
0,0142911095	0,0018026405
0,011916298	0,0010683839
0,013650281	0,002419576
0,013290031	0,0015461124
0,013711162	0,0020939237
0,011883272	5,62957E-4
0,0128799565	8,205925E-4
0,0137788225	0,0016366746
0,015510416	0,0026171599
0,012177052	2,5452347E-4
0,011996231	6,552441E-4
0,013531812	0,0041905083
0,012928248	1,8344447E-4
0,0142643135	0,0021137563
0,013472262	0,0011452921
0,014476484	0,003416773
0,014149513	0,0032013967
0,012905299	3,447989E-4
0,012112297	8,6601684E-4
0,012421659	0,0035340833
0,013467422	0,0011808653
0,014614648	0,0016699722
0,012766445	0,0016278918
0,011835614	9,0669934E-4
0,012817875	4,8022298E-4
0,01438297	0,00248127
0,012521194	8,3742617E-4
0,014016585	0,0021074866
0,01310814	0,0015467536
0,01525989	0,0026565385
0,015029345	0,003268341
0,011154272	0,0019501424
0,01256231	0,002973177
0,013613559	0,0019489839
0,013483583	0,0024674842
0,013723157	0,0019543995
0,013548531	0,0017697508
0,0136630405	8,659838E-4
0,012881989	0,0015817392
0,012741571	0,0015760749
0,013047051	0,0015675267
0,014231684	0,0013137637
0,011989526	2,527628E-4
0,012849158	0,0017141872
0,013636494	0,0026711281
0,01313917	5,3133396E-4
0,012379976	5,447101E-4
0,012080871	0,0011310666
0,013893904	0,0013591582
0,012105204	9,0918783E-4
0,012838429	0,0016982257
0,0146090025	0,0023511993
0,012629348	0,0011716066
0,013152732	0,0013392786
0,011798063	9,363354E-4
0,013346673	0,0022619432
0,012902932	0,0010922761
0,014089798	0,0015902193
0,012639318	8,126865E-4
0,012541341	0,0010095709
0,012506023	0,0021846583
0,013468675	0,0020676632
0,013995031	0,0012873048
0,012407418	6,4616045E-4
0,012254145	0,0021340554
0,013826355	0,002152849
0,012346358	4,8295874E-4
0,0131838005	8,470868E-4
0,016172662	0,0042532263
0,01219997	9,704344E-4
0,012378268	0,0010072077
0,013859774	1,8126331E-4
0,011327302	0,0031749136
0,014020539	4,8012193E-4
0,013773686	0,0018186765
0,012592001	9,88028E-4
0,013780977	0,0020591384
0,012386443	6,529284E-4
0,013481649	0,0012989719
0,01389976	0,0017013834
0,011963635	0,0010479921
0,012525821	0,0014377041
0,014494617	0,0022621467
0,013899932	0,0011252929
0,012605524	9,925636E-4
0,012277171	0,0016659833
0,012619976	3,3353688E-4
0,014433855	0,0025447854
0,014442706	0,0013317028
0,011481828	0,0012912517
0,012496823	5,955561E-4
0,013418231	0,0015630885
0,013504053	0,0018639877
0,012289037	0,0021494282
0,013124943	0,0013983748
0,01357349	0,0018860158
0,012599911	0,0017846851
0,015176509	0,0034505273
0,012450847	8,6056255E-4
0,011783582	0,0028408943
0,012801743	6,6745374E-4
0,013998216	0,0013549682
0,014065006	0,0031498028
0,013650688	0,0018157447
0,01338925	0,0016100002
0,012149288	5,279081E-4
0,012401071	9,4787125E-4
0,014016934	0,0017154124
0,014310306	0,0014371625
0,014243742	0,00218353
0,012730645	0,0023338036
0,011060931	4,2986404E-4
0,013472347	0,0012539388
0,012984153	0,0019320277
0,013174074	0,0011685658
0,013528287	0,0017034952
0,011762894	0,0010189461
0,012771277	1,671887E-4
0,014048159	0,0027550366
0,012602514	0,0019295276
0,012196682	7,773838E-4
0,013401624	8,330201E-4
0,013513839	0,0010049911
0,013027493	0,0017781425
0,013538039	0,002742446
0,013429441	0,0011848686
0,014088597	0,0011032922
0,012774694	7,958757E-4
0,011825681	0,001078452
0,01373676	0,002882916
0,0116780475	5,248501E-4
0,014515979	0,0016300902
0,012834517	0,0018719425
0,013810845	0,0023427848
0,014183778	7,009511E-4
0,011116812	8,2629034E-4
0,0128556825	0,0016482733
0,013645346	0,0011509908
0,0138174165	0,0021092943
0,013130255	0,0013018516
0,012209626	5,164207E-4
0,0188893	0,0070110327
0,012025375	0,0020822277
0,012053375	0,0029162206
0,0119258035	8,044918E-4
0,014773723	0,0029593674
0,012739314	0,0017676475
0,013483291	0,0025519123
0,0126207005	1,850673E-4
0,011896465	3,456138E-6
0,014512846	0,0027176645
0,014020901	0,002371715
0,013301634	8,8144466E-4
0,009164421	5,75277E-4
0,013671093	0,0011232845
0,013948396	0,0020970753
0,01432717	0,003272999
0,013638968	0,002397051
0,010873394	0,0019110166
0,013051003	0,0021094019
0,01394582	0,0021537351
0,013130862	0,0012574191
0,01353219	9,4027864E-4
0,012959857	0,001408407
0,012735385	5,1068608E-5
0,013146853	0,0030336124
0,012713872	0,0016602925
0,013463184	0,0010013459
0,013803083	0,0012286464
0,012129268	8,8506006E-4
0,012348622	0,0012125578
0,013821892	0,0017912174
0,013496662	0,0016436549
0,012982694	0,0011942508
0,012219087	9,5383544E-4
0,013308533	0,0011736397
0,014515863	0,0026979456
0,013932839	0,0013715518
0,01421996	0,0022690115
0,011530939	0,0012718588
0,011482971	4,8527075E-4
0,014196174	0,0012573749
0,013396354	0,0023460644
0,013198983	0,002281635
0,01353742	0,0010668086
0,012438936	3,9132638E-4
0,012766166	3,8317498E-4
0,014166849	0,0015314161
0,012698559	0,0018287026
0,012994945	0,0012582927
0,013216056	0,0013610567
0,012210569	4,178714E-4
0,012721916	0,001763586
0,014648184	0,0015240535
0,013159125	0,0010900665
0,012726326	0,0018846621
0,012073379	8,046781E-4
0,013697263	0,0014792937
0,013911984	0,0019455152
0,012921653	0,0012929998
0,012579292	8,286736E-4
0,012266682	4,5391778E-4
0,013723154	0,0019397289
0,01315697	0,0014603883
0,0140031045	5,008513E-4
0,012487682	0,0024553495
0,013741288	0,0019763429
0,012663929	8,8141434E-4
0,01393104	0,0012795143
0,012662581	0,0017623845
0,012363084	0,001062443
0,014453931	0,0020987936
0,013110219	5,671247E-4
0,013552353	0,0026452974
0,013287237	0,0017503225
0,012373518	4,4905161E-4
0,0137628205	0,001958415
0,013053328	0,002027466
0,013923941	0,0014669094
0,013677581	0,0010546464
0,011900784	9,21397E-4
0,013628373	0,0025466797
0,013880926	0,0014091944
0,012844766	0,0010887072
0,01320566	0,0015126718
0,013689097	0,0018457486
0,013071379	0,001345247
0,013463724	0,0016977717
0,013202469	1,5461631E-4
0,013024665	0,0025227652
0,012980413	0,0015423154
0,013728488	9,335773E-4
0,013127221	0,0012440323
0,012270372	4,639509E-4
0,013217481	0,0012129825
0,014328038	0,002875092
0,013879407	0,0020231348
0,0131187225	0,0013165586
0,013009913	9,5424755E-4
0,013177149	3,824453E-4
0,01221908	0,002912934
0,01359966	8,29353E-4
0,0142354835	0,0013373774
0,013102591	0,0013598925
0,0119934995	7,840628E-4
0,01327287	0,001476795
0,013812453	0,0023427568
0,013796638	0,0012038779
0,012340749	0,0015621516
0,011900239	8,636606E-4
0,014041418	3,7575187E-4
0,013825171	0,0037494283
0,012273608	6,902199E-4
0,012015173	5,7222554E-4
0,014767535	0,0028346502
0,012909906	0,0015998064
0,0141408965	0,0020959307
0,012376117	4,6985177E-4
0,012729974	4,904857E-4
0,013967589	0,0018197489
0,013901684	5,389792E-4
0,011768219	0,0027785897
0,01744335	0,0026583243
0,012030488	0,002184019
0,011837114	9,646695E-4
0,012066222	0,0012701638
0,01503258	0,0024094959
0,013732409	0,0011700299
0,013242582	0,0023112544
0,011025013	9,975396E-5
0,014139346	2,0272378E-4
0,013354521	0,0027730279
0,011887033	0,0011600559
0,014227919	0,0015646997
0,01359566	9,97521E-4
0,011917456	9,0208463E-4
0,013822714	0,002254114
0,013278324	0,0013900637
0,012323924	5,1022973E-4
0,013876848	0,002166796
0,013146449	0,0011844174
0,0134690665	0,0010372046
0,012555841	0,001579113
0,017320078	0,0033081784
0,012030353	0,0016342169
0,013334278	0,002806615
0,013164165	5,570492E-4
0,013143148	4,8378762E-4
0,012828561	0,0016736998
0,012968344	0,0015968923
0,01335869	0,0013860213
0,014069658	0,0020903419
0,01289423	0,0013299952
0,012208449	6,147912E-4
0,013144433	0,0013181549
0,013157565	0,0011276011
0,01378523	0,0020063613
0,015601587	9,488021E-4
0,01206726	0,0019046017
0,012055054	3,8256543E-4
0,012766665	5,2438164E-4
0,014553409	0,0026513622
0,01302994	0,0014980757
0,0140774995	0,0020882431
0,011925111	1,8950505E-4
0,012150649	2,4179975E-4
0,014678972	0,003098512
0,013169553	0,0013938118
0,013700975	0,00291191
0,012317421	7,916987E-4
0,012925228	4,2072078E-4
0,013539514	0,0019539339
0,013071134	0,0013091536
0,014069881	0,0025828443
0,013688067	0,0014088075
0,013057614	9,902981E-4
0,011951139	9,6643623E-4
0,013120601	0,0019733892
0,014090498	0,0017631399
0,012724881	1,0233372E-5
0,012062507	0,0011617835
0,014003921	0,0028122682
0,012484694	0,0019045984
0,014733186	0,0022044498
0,012759715	0,0015521538
0,012686698	0,0018590209
0,011879831	4,9178395E-4
0,012218067	2,9859832E-4
0,0138136335	0,002190011
0,013989839	0,0021548504
0,013437478	0,0016543982
0,012427213	2,2739265E-4
0,013152486	0,0015113456
0,013490899	0,0023255926
0,013002022	0,0017546657
0,0132093	0,0012213052
0,013630077	0,0010133903
0,011897763	9,361962E-4
0,013054104	0,0013303468
0,01397419	0,0021904646
0,013289461	0,001356808
0,013239782	0,0015530717
0,0136599	6,43373E-4
0,011590207	0,0011806744
0,0130511485	0,0012596906
0,012994016	0,002136798
0,01395152	0,001803129
0,013161898	0,0014405847
0,011865491	3,0194735E-4
0,013690764	9,28598E-4
0,013161414	0,0017711893
0,014291402	0,0014729477
0,011801893	8,5697696E-4
0,012403637	4,220712E-4
0,014304925	0,0019572075
0,013442321	0,003024416
0,013972423	0,0015723417
0,011249049	1,3254443E-4
0,012594729	4,2781234E-4
0,014172809	0,0034123664
0,013156853	0,0013697995
0,013976274	0,0020428118
0,012248483	0,0011597187
0,012119573	9,3071675E-4
0,013372274	0,00345332
0,015437088	0,0019572517
0,011611085	3,1675026E-4
0,012245716	0,001370294
0,013239313	0,0012285798
0,013182545	0,0013106652
0,013077432	0,0014362042
0,014977024	0,0020861877
0,011452127	5,0815614E-4
0,014240811	2,2493396E-4
0,012370914	0,002188392
0,013160084	0,0014301995
0,013451409	9,0519385E-4
0,013035135	0,0021061772
0,013204055	4,1678315E-4
0,012902521	0,0025295229
0,012823947	4,896736E-4
0,012773935	0,001113581
0,014750451	0,002910331
0,012554959	0,0013405513
0,015319141	0,0024642064
0,012023253	5,492661E-5
0,01183285	9,271414E-4
0,014216387	0,002603841
0,012494327	5,3443667E-4
0,013167101	0,0013593342
0,0132849645	0,002575202
0,01147446	3,4139678E-4
0,013901996	0,00176726
0,014081483	0,0018014675
0,011504502	6,2653515E-4
0,01243433	0,0017936444
0,013363626	0,0012384295
0,013473207	9,209416E-4
0,013281524	0,0013044444
0,01296065	0,0013961964
0,012920417	0,0011045844
0,013246428	0,0016729468
0,013068205	0,0010465332
0,0131275775	0,0014622677
0,0116359005	0,0013074344
0,013295061	9,5558167E-4
0,015014464	0,0013464298
0,013504108	8,349102E-4
0,012289906	0,0013545672
0,012359541	0,0013465132
0,0146063715	0,0022942745
0,01335175	0,0023260955
0,012915071	0,0016172552
0,013329632	0,0011969693
0,01275537	9,0705696E-4
0,013133952	0,0013351953
0,01356282	0,0018485747
0,013581661	0,0017338898
0,013768267	0,0012362972
0,011542746	1,5774556E-4
0,011796969	9,796368E-4
0,013506431	0,0017552697
0,013573185	0,0016217544
0,013056291	4,7534006E-4
0,011348823	0,0010765367
0,012106635	0,0029265438
0,014668583	0,0019136807
0,013561254	0,0016817003
0,013950844	0,0031492496
0,0119553935	7,7901594E-4
0,012529673	8,236384E-5
0,013680488	0,0018244642
0,014092438	0,0021637245
0,013345346	0,0010497556
0,012731375	0,0018233038
0,01327453	0,0020405427
0,011346601	9,543877E-4
0,013609169	0,0010155612
0,013355054	0,0024014078
0,012329581	0,0013315901
0,0138887605	0,0013895305
0,012374081	3,9107166E-4
0,013516463	0,0017559542
0,013574939	0,001966828
0,013816215	0,0020321794
0,0120587405	3,3146655E-4
0,012674091	8,4466813E-4
0,013531992	9,638006E-4
0,0120377755	0,0011289967
0,013196286	0,001876812
0,013040869	8,0916984E-4
0,013920988	2,3368746E-5
0,012792755	0,0037593562
0,013592974	0,0012343265
0,011987726	1,04171224E-4
0,013929217	0,0016593132
0,013980368	0,0020708335
0,012388055	0,0012675961
0,013650637	0,0013659406
0,01377824	0,0025175894
0,013936617	0,0022035884
0,013541043	0,0018612477
0,013109073	0,0013473365
0,013145448	0,001364693
0,0143106	8,6095184E-4
0,0144147575	0,0043888795
0,011854697	7,928675E-5
0,013348741	7,07773E-4
0,014009523	0,0022306545
0,012423137	0,0018546535
0,012933271	0,0015042126
0,012743754	1,1865003E-4
0,013254386	0,0015472891
0,013773095	0,0019139326
0,01347971	0,001905595
0,011879945	5,9931073E-4
0,013120346	0,0019559232
0,013171637	0,0014612032
0,01374115	0,0012245886
0,013686631	0,0018950677
0,012150145	8,9529715E-4
0,0127858445	0,00132555
0,012867471	0,0020777457
0,013364708	0,0015327414
0,01323924	0,0023991913
0,012971804	0,0015273322
0,012100504	7,9230964E-4
0,013449504	0,0017454373
0,013148423	0,0014070901
0,013803838	0,0020322134
0,013125879	0,001342522
0,0143198315	1,825639E-4
0,011768616	0,0027528135
0,013866382	6,8672514E-4
0,013526168	0,0010693818
0,013104664	0,0012372755
0,012527532	0,0019416921
0,01294763	0,0017365739
0,014241345	0,0018264204
0,012428113	4,4119265E-4
0,013103991	0,0013309205
0,013200588	0,0015092948
0,0129888095	0,0021018
0,014067911	0,0014867042
0,011893252	0,0010003974
0,0142942	6,227568E-5
0,011544087	0,0032250816
0,01382814	0,0010304847
0,013223177	5,9404224E-4
0,01226679	4,9407687E-4
0,012470048	0,002006814
0,013731854	0,0022774525
0,013499458	0,0010983655
0,013626242	9,007375E-4
0,011803379	8,455408E-4
0,012843708	0,0016232398
0,014233033	0,0019045742
0,013235797	0,00126353
0,012990348	0,0013747751
0,0131225325	1,10188965E-4
0,013244583	0,0013536513
0,01306035	0,0030310266
0,0130602345	0,001469309
0,0143942535	0,0012207418
0,01197735	4,5583257E-4
0,012764574	7,763505E-5
0,01328589	0,002499476
0,013174331	0,0018497794
0,014988153	0,0020798976
0,011442676	3,036675E-4
0,0121602835	4,103398E-4
0,012511861	0,0022062236
0,01266081	0,0017183255
0,012513798	0,0019149799
0,013225329	0,0028059157
0,012515724	4,1195843E-4
0,013212523	5,267896E-4
0,013304106	0,0026848922
0,0126339495	0,001710014
0,013721261	8,5731223E-4
0,012786715	0,001788984
0,012631506	0,001844212
0,012560012	2,6071025E-4
0,014167743	0,0019347682
0,01430005	0,0018989216
0,012470538	0,0014985688
0,011375016	8,6004985E-4
0,014138367	0,0015019882
0,012839783	0,0017313412
0,014156423	0,0033893986
0,011521995	1,7243577E-4
0,012914851	6,4339954E-5
0,014113862	0,0020346702
0,012527948	0,0017882357
0,013648819	0,0022014733
0,012374969	6,754496E-4
0,013159334	0,0012468221
0,012662298	0,0019513117
0,01377412	0,0010548765
0,014750153	0,002599122
0,013325689	0,001095789
0,010794207	3,828546E-4
0,012880478	3,229035E-4
0,014341435	0,0016687578
0,012761591	0,0017678295
0,013059685	0,0014165989
0,013462804	9,3288114E-4
0,013931176	3,172136E-4
0,012166691	0,0024629897
0,013385581	0,0010481644
0,014008101	0,0022460832
0,012595685	1,8474227E-4
0,012757039	0,00172727
0,012887228	0,0015442609
0,012830835	0,0017012125
0,013987232	0,0022275303
0,014210645	0,0024704747
0,011110907	7,0928875E-4
0,012505303	7,9621095E-4
0,013226783	0,0040113404
0,014044994	0,0022199387
0,014532918	0,0015574005
0,012235185	5,4822536E-4
0,011397975	1,6284548E-4
0,014006042	0,002137323
0,013930363	0,002204544
0,0142364735	0,0015537841
0,011928219	0,0012634308
0,012109039	8,671242E-4
0,013189236	0,0011706096
0,01362014	0,0012267786
0,013830168	0,0020698155
0,013066837	0,001492599
0,011726394	8,629421E-4
0,012997169	0,001455198
0,013368451	0,0012051184
0,013830842	0,0021640393
0,012661766	0,0020484417
0,012114052	5,9225736E-4
0,012908261	2,8542383E-4
0,014134763	0,0017045042
0,013364145	0,0015655067
0,014089391	0,0033914107
0,011785955	8,3497725E-5
0,013267882	7,792595E-4
0,01369113	0,0026393933
0,01237614	6,431658E-4
0,013736841	0,002006528
0,013177356	6,707432E-5
0,011763563	0,0021424252
0,014617	0,0020771232
0,0139211435	0,0020848508
0,012975273	0,0015500821
0,011951212	7,855827E-4
0,0134938825	0,0010437123
0,012866302	0,0017400132
0,0139743555	0,0021282192
0,014004828	8,58434E-4
0,011012973	0,0015285225
0,012902264	3,0497555E-4
0,013949628	0,0020948304
0,014725354	0,0030138711
0,012465699	0,0017165975
0,010674576	0,0011014463
0,013468137	8,102893E-4
0,013524689	0,002659774
0,014755363	0,002244079
0,013151931	0,0021107537
0,011491265	2,711215E-4
0,012304254	6,101858E-4
0,013828374	0,002253605
0,013701436	0,0025455924
0,014073577	0,0020125466
0,011954166	5,2704103E-4
0,011707032	1,4699763E-4
0,014360104	0,0023328555
0,014520137	0,0012202882
0,014779755	0,0030964995
0,011474824	3,6556972E-4
0,0117596425	1,6511884E-5
0,014508672	0,002752494
0,01303877	0,0012465743
0,013186092	0,0013292683
0,012928149	0,0015606792
0,012364763	3,46791E-4
0,013032892	0,00144214
0,0134456605	0,002641879
0,013878275	0,0026590773
0,012988119	0,0012072735
0,010547471	0,0011297399
0,013431015	0,0016066208
0,014530646	0,0016176216
0,014739133	0,0026462
0,012900922	0,0016510473
0,010599523	0,0011263359
0,014349757	0,0017514597
0,014537549	0,0018170252
0,013728195	0,0022191713
0,01271763	2,464056E-4
0,011892883	7,7468203E-4
0,013879318	0,0026027695
0,01308796	0,002676133
0,014014205	0,0019959067
0,012905324	4,150765E-5
0,011188106	1,21009536E-4
0,013458438	0,002574054
0,014566682	0,0020515476
0,013830205	0,0017700093
0,012586949	2,6249932E-4
0,011561338	6,5070996E-4
0,013548804	0,002307218
0,014002974	0,0017392589
0,013593957	9,836983E-4
0,012717413	0,0016146665
0,0116265025	2,708612E-5
0,014581803	0,0027913596
0,013121286	0,0013880939
0,014028458	0,0022008107
0,012125369	0,0011230414
0,012930787	0,0014079604
0,013198458	0,0014591906
0,012578104	0,0022429056
0,014020503	0,0024295454
0,012297415	6,804988E-5
0,0134995915	9,260662E-4
0,012910605	0,0016633486
0,013358592	0,0014077695
0,013415842	0,0025492264
0,01286151	0,001707484
0,011929452	7,3289033E-4
0,013501508	0,0015600636
0,013018734	0,0011195429
0,014117316	0,0017946167
0,012779806	0,0018737516
0,0120597	5,532587E-4
0,013340218	0,0012685349
0,013590025	0,0010957927
0,013845731	0,002491999
0,012856448	0,0013664281
0,011681058	2,710335E-5
0,013681155	0,001907967
0,014377518	0,0017808587
0,01352605	0,0025190208
0,014551453	5,2014366E-6
0,010716978	0,0011871266
0,012636018	0,0021135816
0,015452893	0,0035967692
0,013190975	0,0014632028
0,01320762	0,0014505973
0,01227576	4,3002237E-4
0,013116257	0,0013613631
0,013593717	9,909295E-4
0,013586263	0,002646123
0,01311987	0,001386784
0,012209979	5,146321E-4
0,013336305	0,0011830558
0,014299564	0,0017706212
0,012850954	0,0018244945
0,012817919	0,0014230264
0,0122730285	3,7060073E-4
0,013596835	0,0010867552
0,013167702	0,0018546903
0,0136104785	0,002229869
0,013933364	0,0017872434
0,011401984	3,8673822E-4
0,012395451	9,6292375E-4
0,014739914	0,0014342456
0,013267569	0,003055207
0,0135162305	0,0017661597
0,012009553	1,7445441E-4
0,012431211	1,21072866E-4
0,013471646	0,0024901088
0,013695896	0,0024524876
0,01421086	0,0019509131
0,011878383	7,049469E-4
0,012146205	0,0011558123
0,014261217	0,0029766364
0,014477195	1,5217019E-4
0,012501312	0,0017949874
0,012295188	6,178939E-4
0,016446471	0,004700386
0,0120538175	2,4487358E-4
0,01329442	0,0012113312
0,011979739	4,401831E-4
0,012569694	9,223991E-4
0,014662664	0,0028818785
0,013935815	0,00219825
0,013063466	9,5772184E-4
0,010013895	6,0058525E-4
0,013768869	0,0011429861
0,013975847	0,0013669552
0,013763925	0,0019991063
0,013861546	0,0029915473
0,012281485	5,0396565E-4
0,011775488	4,5681395E-7
0,014359038	0,0025218376
0,012270231	5,795709E-4
0,0140005145	0,0022393097
0,0130584985	0,0020948187
0,0123640075	2,8866623E-4
0,013209112	0,0012619081
0,013152565	0,0014466709
0,013986435	0,0027365927
0,010799859	0,0013787774
0,012915583	0,001187379
0,01394378	0,002122722
0,012919201	0,0011642822
0,012890305	2,607382E-4
0,013157805	0,0011150097
0,012500071	0,0022476632
0,0135401655	0,0020965138
0,013637988	0,0011202176
0,014331523	0,0016431273
0,011611126	4,8554502E-5
0,012133	8,5473526E-4
0,013435785	0,0020886543
0,013850759	6,677937E-4
0,012550784	0,0019185846
0,013402456	0,0018768702
0,01284847	6,930018E-4
0,012464957	1,5993277E-4
0,014768157	0,0030492912
0,012678733	0,0016876762
0,0129607655	0,0016890033
0,013382074	0,0011726245
0,013659181	0,0011596638
0,0120209325	0,0011133286
0,013617007	0,0033676387
0,012653412	4,7930656E-4
0,012338973	5,077133E-4
0,01331823	0,0011446215
0,013480355	0,0010195933
0,01271692	0,0017068256
0,016284326	0,0053266953
0,012468391	0,0013771625
0,0136344945	9,373976E-4
0,012801727	7,200935E-4
0,0125999665	0,0016576052
0,01298823	0,0011487105
0,014335377	0,0025404505
0,013544934	0,0018095118
0,011481687	3,2744836E-4
0,013045536	0,0011955579
0,013323554	0,002549489
0,0136492625	0,0010320786
0,012793543	3,05851E-5
0,0130206365	0,0014341795
0,012916417	0,0017786976
0,01412063	0,0020681163
0,012874387	0,0026018866
0,011811737	7,9839025E-5
0,013669919	8,7254914E-4
0,013523916	0,0012381696
0,0138732735	0,0010542427
0,013064107	0,0025550346
0,012142809	7,25748E-4
0,017912254	0,0074099763
0,010990506	5,261814E-4
0,01239768	6,8225106E-4
0,012131946	5,1958254E-4
0,013969399	0,0021165623
0,012238661	6,7007355E-4
0,01278219	9,520403E-4
0,01267025	8,6770765E-4
0,014068488	0,0021824897
0,012836909	8,257213E-4
0,012410324	0,0011237534
0,013281273	0,001082446
0,016764931	0,0050675967
0,013016681	0,001397416
0,014313361	0,0016518584
0,015503915	0,0037883841
0,011448185	8,565821E-4
0,0120313335	7,365104E-4
0,0124002155	9,4652316E-4
0,013230193	0,0028814669
0,013283367	0,001395666
0,012888856	0,0013160021
0,012239588	4,4976128E-4
0,013899032	7,634894E-4
0,012949843	0,0016402262
0,012814	0,0020741024
0,014182932	0,003113526
0,012136704	0,0010622935
0,013138606	8,389633E-5
0,014378453	0,0027183392
0,0123977335	0,0022326624
0,013504445	0,001312484
0,013400123	8,386923E-4
0,013098283	3,5921717E-4
0,0140055865	6,632842E-4
0,013851434	9,742691E-4
0,0151381465	0,0026202677
0,013501931	0,001998155
0,011563552	0,001212256
0,012949065	0,0011411561
0,01381932	0,0029809545
0,013176013	0,0021924535
0,013950242	5,3296564E-4
0,011686537	3,2449374E-4
0,014041958	0,0033357325
0,012763195	0,0012169834
0,0137762055	5,8164867E-4
0,013826599	0,002816985
0,013955772	0,0012402725
0,011972195	7,8274915E-4
0,011859793	1,2933742E-4
0,014217321	0,0025544087
0,013284288	0,0015803962
0,013913605	0,0020111152
0,0130233215	0,0012946911
0,013241194	0,0013694405
0,0119008245	9,7622257E-4
0,0145593695	0,0021247645
0,013180241	0,0011973516
0,01170956	2,597128E-4
0,014126658	0,0022502304
0,013392137	0,0013066949
0,013160795	0,0017364649
0,013741272	0,0019150153
0,012838037	4,7829002E-5
0,012979424	0,0021510082
0,012784613	0,0010761484
0,01221901	0,0014485815
0,014369791	0,0026253448
0,013081413	0,0020784852
0,013832115	0,002203438
0,011986551	2,0290911E-4
0,012928857	2,6771426E-4
0,013679982	0,00227373
0,01313472	0,0026449417
0,012434788	3,941264E-5
0,01247322	0,0014838073
0,013715003	0,0019827676
0,0132298935	0,0012880261
0,014388345	0,0018896945
0,013007162	0,0013989019
0,013770375	0,0024091434
0,012567833	2,673627E-4
0,011741089	0,001075218
0,014703485	0,0021636141
0,0141295055	0,0012533674
0,010647478	9,265668E-4
0,013046075	0,0013725935
0,013412302	0,002022225
0,0136538735	0,0018982403
0,0144822905	3,4985412E-4
0,012621265	0,0014924533
0,012279699	0,00214712
0,013302816	9,6946396E-4
0,013711883	7,8923395E-4
0,012792507	0,0015113386
0,012865251	0,0014845463
0,013217526	0,0014020866
0,013576968	7,6711416E-4
0,013108356	0,0012806207
0,013156207	0,0015623211
0,013929643	0,0021305014
0,011320768	4,262207E-4
0,012379375	5,600443E-4
0,013989028	0,002300574
0,013958169	0,0021782294
0,013988776	0,0021924223
0,012030026	0,0010548108
0,012443155	0,0020824638
0,013790496	0,002429918
0,013081728	7,457831E-4
0,013573868	9,933817E-4
0,012401533	0,0013130521
0,012871596	0,0018832311
0,013917308	0,0018990538
0,013554411	5,9032766E-4
0,011427332	1,6136141E-4
0,01314787	0,0027844603
0,014887669	0,0013286555
0,013771559	0,0023017218
0,0119945	0,001044909
0,011778273	5,724919E-4
0,0129928	0,0013782401
0,013733758	0,0019684932
0,013196237	6,7333924E-4
0,013103662	0,0013295701
0,014120937	0,0021058181
0,0129517615	8,057873E-4
0,0140384175	0,0017821677
0,013674834	0,002755328
0,012420403	3,6934856E-5
0,013431268	7,3821144E-4
0,01398152	0,0021912446
0,013198774	0,0012887954
0,013062499	7,374212E-4
0,012760872	8,9657307E-4
0,012768351	0,0019189087
0,012907425	0,0014702692
0,014032357	0,0018973323
0,012499429	3,714445E-4
0,012938337	6,9856737E-4
0,013522958	0,00175311
0,012910772	0,0017745872
0,012916256	0,0016489034
0,013392603	0,0013155495
0,012969909	0,0012102765
0,012392899	5,740449E-4
0,013315028	0,0015975651
0,012806557	0,0010346496
0,0133297965	0,0023953724
0,014170358	0,0013125427
0,0115232505	9,021582E-5
0,012996262	0,0013129204
0,013718203	0,0019589425
0,013822341	0,0020028073
0,012211438	4,2766565E-4
0,011921907	2,8946577E-4
0,0135206925	0,0022276985
0,01337676	0,0011119507
0,013175756	0,0011128914
0,01271782	0,0016986532
0,011919649	9,424086E-4
0,013501341	9,579677E-4
0,014409654	0,0026240307
0,013542023	0,0018442185
0,0136063285	0,0020033936
0,011664977	4,519131E-4
0,013711411	0,0017212238
0,014007828	0,0017678039
0,011996156	7,8326324E-4
0,011948526	7,9209125E-4
0,012707906	5,9013814E-4
0,0138523625	0,0017334754
0,014079288	0,0017877067
0,013473611	0,0020980057
0,011553651	2,6245601E-4
0,013023455	0,0016731997
0,014552453	0,002335119
0,014737541	0,0014261021
0,0136184525	0,0017872392
0,012605526	0,0018461086
0,012597354	0,0011582649
0,014316932	8,506207E-4
0,012000104	8,7534124E-4
0,013868738	0,0029581268
0,0126480535	0,0013349974
0,012189912	4,153666E-4
0,013523371	8,8533666E-4
0,013181552	0,0013946695
0,014688278	0,002180494
0,012088751	0,0017728708
0,012634141	1,9286154E-4
0,012760892	0,0018022964
0,013952779	0,0028666058
0,012673313	4,933565E-4
0,013952319	0,0010830723
0,012313437	5,4250704E-4
0,012825992	0,0018636538
0,01420323	0,0017385394
0,012827469	0,001829986
0,012672166	0,0015678313
0,013465814	0,001037328
0,013067607	0,0012914627
0,01275702	0,0017618062
0,013137968	0,0013873517
0,013064459	0,0014720983
0,013643903	7,5130444E-4
0,0129000405	0,0016459357
0,013582944	9,3916804E-4
0,014192646	2,996563E-4
0,013671294	8,319947E-4
0,013753291	0,0026376937
0,012834953	0,0015753098
0,012610506	6,089192E-4
0,014288815	0,0016490947
0,012853227	0,0016546864
0,012778137	0,0016038143
0,01294931	0,0015656049
0,013534198	0,0010395502
0,014889045	0,0023170076
0,011307316	3,155945E-4
0,01240694	5,9014745E-4
0,014243517	0,0024849423
0,013631599	0,0019264822
0,014027253	0,0022220002
0,012062468	0,0010803095
0,011716431	0,0011957269
0,014847312	0,0036224425
0,012618443	4,6198769E-4
0,012874689	6,774864E-4
0,013454828	0,0020825989
0,01339513	0,001633944
0,013101006	0,0013341946
0,012045986	7,783491E-4
0,013923943	0,0015510586
0,014637476	0,0026362557
0,012826277	0,0014091036
0,012943694	7,6331524E-4
0,013284203	0,001837323
0,0125782695	8,3416933E-4
0,014489122	0,001922464
0,010949645	6,685364E-4
0,013473993	0,001942311
0,012970069	7,588826E-4
0,013651461	0,0023805862
0,011998234	7,630042E-4
0,012143976	1,5207287E-4
0,014414529	0,0023730295
0,013216432	0,0013733343
0,013159201	0,0011648461
0,012921786	0,0014075493
0,013733147	5,3103967E-4
0,012917978	0,0015880996
0,01291859	0,0015600286
0,01327269	0,0014599883
0,013080098	0,0013777097
0,0121867275	4,888186E-4
0,014158698	0,0015612082
0,015202682	0,0024749213
0,012306087	0,0022819475
0,014127675	0,0013732063
0,011393859	5,3938385E-4
0,013527542	0,0017996379
0,012986715	0,0023688283
0,013163967	7,461617E-5
0,013323209	0,0015956527
0,013348406	0,002384149
0,0136221275	0,0021800362
0,012316721	0,0013912288
0,01313265	0,0015621306
0,012356911	0,00121501
0,013904158	0,0021805526
0,013156705	0,001340141
0,013481224	0,0017412901
0,013262652	0,0014964952
0,013603667	0,0017700163
0,0154738985	0,0037905923
0,012567941	8,9149224E-4
0,012284879	0,0022107265
0,013069693	0,0012809364
0,013879254	0,002031988
0,012935856	0,0010982505
0,012234891	7,25972E-4
0,013429357	0,0014432515
0,013555992	0,0018279008
0,013498289	5,756747E-4
0,013179988	0,0012816116
0,014139155	0,0031297044
0,0126903	4,5204582E-4
0,013873059	0,0021420722
0,012127449	4,9238E-4
0,013486052	0,0016621645
0,012513235	0,0016463147
0,014290015	0,00318941
0,011557877	4,7760084E-5
0,012558515	8,8068936E-4
0,013665905	0,0018810122
0,01304196	9,979713E-4
0,012937915	7,401849E-4
0,012357965	0,0011722106
0,0133548435	0,002411136
0,012557453	8,581239E-4
0,01297996	0,002190581
0,012751109	0,0017278148
0,013726952	6,365343E-4
0,012462357	2,2385828E-4
0,013026381	0,0019233697
0,013184181	0,002653447
0,012272317	3,613294E-4
0,013370017	0,001192342
0,013581948	0,0010766936
0,012815244	0,0016904976
0,013342699	9,749369E-4
0,012984181	0,0015552887
0,013970165	6,2274234E-4
0,011511273	0,0028495677
0,013629066	7,8128325E-4
0,013564819	8,5909665E-4
0,012764392	0,0017504371
0,012995841	0,0016735662
0,013314593	0,001294368
0,01332177	0,0014164071
0,013026025	0,0013046474
0,013027355	0,0012873723
0,013941269	0,0021508583
0,012429476	6,886921E-4
0,013568511	8,45999E-4
0,013167188	0,0013613054
0,012984683	0,0012334064
0,01316167	0,0011502155
0,013992606	0,0025574095
0,012757432	8,81711E-4
0,012308761	5,324548E-4
0,013753169	0,001265564
0,012813734	0,001813374
0,014093021	0,0025384887
0,014907897	0,0020825258
0,008904305	0,0016150449
0,014193373	0,0013918909
0,014671061	0,0026750895
0,012943303	0,0017231614
0,013679214	0,0024239197
0,012451388	3,749826E-4
0,0137168905	0,002025309
0,012515621	6,96538E-4
0,013076637	0,0014054473
0,014120284	0,0022429945
0,012604832	4,394166E-5
0,011347722	2,0079408E-4
0,013482029	0,0023952094
0,014215831	0,002058363
0,01399287	0,0020844643
0,0122635625	5,632327E-4
0,01171297	8,6317305E-5
0,014536979	0,0028309315
0,013028186	0,0011868607
0,014426485	0,0019089095
0,012582765	4,512146E-4
0,010580441	6,72224E-4
0,013911277	0,0022394937
0,014329614	0,0017471178
0,014009735	0,0022559925
0,011574784	1,538475E-4
0,012142136	3,016889E-4
0,013980271	0,0021262127
0,013558727	0,0018721889
0,014300815	0,0024930378
0,011616068	4,0736282E-4
0,013446402	0,0010585007
0,013206475	0,0015986096
0,013193564	0,0027564699
0,012903377	0,0012209453
0,0126757575	2,2607855E-4
0,013192456	0,0014109244
0,0132400915	0,0014470769
0,013106642	0,0013551018
0,014594595	0,0014698049
0,013719609	0,0017353198
0,010988487	7,915362E-4
0,0126274405	8,509392E-4
0,013938237	0,0022567646
0,014867611	0,002152976
0,013635134	0,002515914
0,012730112	0,0017223726
0,012668328	2,899235E-4
0,011735488	3,8868934E-4
0,01393288	0,0025390335
0,014037192	0,0018087421
0,013277622	0,0011429428
0,01338927	9,952756E-4
0,011880271	0,0010523372
0,013573518	0,0012628231
0,014046442	0,0015741583
0,01276435	0,0017838217
0,01175002	4,4727E-4
0,015601072	0,0021569333
0,013054423	0,0015245355
0,014841942	0,0013341312
0,0113874115	0,0014104471
0,012259491	4,83857E-4
0,013077386	0,0012382795
0,014119758	0,0020593805
0,012564711	8,4795384E-4
0,012764372	0,0010818872
0,013207043	0,0013246113
0,01323881	0,0018330701
0,013235504	0,002314757
0,013063317	0,0013167136
0,012549713	8,843029E-4
0,014297742	0,0012623481
0,012142686	0,001052876
0,01353323	0,002199174
0,012640065	0,0017518098
0,012570801	7,692771E-4
0,014607685	0,0011419337
0,01389927	0,0021940735
0,013321432	0,0014155386
0,012878874	1,8393202E-4
0,012375031	0,0020801802
0,013553042	9,882445E-4
0,0141897295	0,0021481775
0,012589237	0,0015360019
0,012903035	4,3982174E-5
0,013172242	0,0015138639
0,013683897	0,0012022415
0,013795987	0,002884042
0,013498589	2,5533233E-4
0,01108522	0,0017007701
0,013280178	0,0013399534
0,014356161	0,0016914271
0,012860903	0,0015711877
0,01282708	0,0016356767
0,012740581	7,850304E-5
0,013632481	0,0013015233
0,013873953	0,0017810562
0,013285684	9,137625E-4
0,01261033	0,002264684
0,013063129	8,043195E-4
0,012857214	6,9389725E-4
0,013138843	0,0014178455
0,013063474	0,0011599292
0,013647869	0,001029192
0,012712957	0,0018891287
0,013150608	0,0013540871
0,013263341	4,0145963E-4
0,01445278	0,0023253183
0,014474079	0,002422201
0,01027683	0,001502966
0,013467125	0,0016242685
0,013619663	0,0021119178
0,01252057	0,0018599969
0,013355882	0,0011444129
0,013424242	0,0010482925
0,012230022	7,234155E-4
0,01337343	0,0027516233
0,013704808	8,545681E-4
0,011983547	0,0011259425
0,013824089	5,015442E-4
0,01378152	0,002401128
0,012305211	6,7164423E-4
0,0130772395	0,0012603272
0,014650178	0,0021675853
0,011763207	5,757464E-4
0,012595387	0,0017996551
0,013408659	0,0011277031
0,013592383	9,808717E-4
0,013512675	0,0025927615
0,0120457215	7,9850946E-4
0,014486434	0,0016506915
0,013841528	0,0022595148
0,010893463	3,1333975E-4
0,013357208	9,899829E-4
0,014235979	0,0021273606
0,013284594	0,0011331369
0,012881322	0,0015305849
0,011757041	2,6294962E-5
0,013730239	0,001907757
0,015193723	0,0034148018
0,011857005	1,3709208E-4
0,012375513	5,8545265E-4
0,013921339	0,0021422114
0,0133100785	0,0011957721
0,012554529	3,118422E-4
0,013608633	0,0024459525
0,011971565	9,45373E-4
0,014176644	0,001870398
0,013773017	0,0018337979
0,011627788	7,038936E-6
0,013120567	0,001420354
0,013223465	0,0013945382
0,0143095525	0,0025322838
0,01276661	0,001012655
0,012815988	4,956634E-4
0,013542216	0,0014863946
0,012272314	0,0011769552
0,013269287	0,001628553
0,012813473	0,0010489705
0,013211574	0,001463436
0,013176436	0,0012746244
0,01433767	0,0026066662
0,014456427	0,0026651006
0,011360968	3,4474023E-4
0,013116748	3,5894476E-4
0,011481124	0,0022198176
0,012921401	3,4587085E-4
0,013757298	0,00110735
0,013812611	0,002071099
0,013433086	0,0029656515
0,012175315	4,3575373E-4
0,012840243	3,985148E-4
0,013913443	0,0022000815
0,013410928	0,001674226
0,012115905	7,4985437E-6
0,012465745	0,001861596
0,013999456	0,0012983596
0,013320962	7,780087E-4
0,013517806	0,0021797065
0,01362494	0,0023185662
0,013530113	0,0017821603
0,012386072	3,3592572E-4
0,013098254	0,0013029035
0,014272413	0,001961545
0,013251173	0,0012071962
0,012256436	0,002514312
0,0131791	0,0020701159
0,011783406	6,897389E-4
0,013875039	0,0019869865
0,013870897	0,0022427863
0,0136913005	0,0018284284
0,011820161	9,197742E-5
0,012665646	6,927387E-4
0,014686806	8,111717E-4
0,012807794	0,00420712
0,012758866	0,0010075844
0,012544693	8,204905E-5
0,01361498	0,0017646244
0,013180146	0,0021761013
0,013148619	0,0014945664
0,0131532615	0,0012564063
0,013512054	9,722891E-4
0,012978794	1,5266566E-4
0,012906273	0,0033261953
0,01326748	0,0013009817
0,0126401	0,0017132913
0,01388231	0,0022773398
0,0114083905	4,0406175E-4
0,013239222	0,0014460026
0,014457103	0,0017995443
0,013027843	0,0012181061
0,012471535	4,4791866E-4
0,013321609	0,001058842
0,012864435	0,0019061542
0,013637297	0,0025463388
0,012529826	2,6378315E-5
0,01329012	0,0013987953
0,013637047	0,002096781
0,012474438	6,471928E-4
0,015361505	0,0021713995
0,012774996	0,0020482708
0,010208137	9,563286E-4
0,013753289	8,369591E-4
0,014445309	0,0027060327
0,0142829325	0,0024844413
0,012926526	0,0016889432
0,010422672	0,0010064635
0,013397861	0,0013387832
0,014620389	0,00302256
0,014314467	0,0017462596
0,014138059	0,0023369351
0,012717732	0,0017597862
0,012673661	9,3900133E-4
0,014841177	0,0031498559
0,013539186	0,0013566511
0,013545256	0,0019901297
0,013114965	0,0014346885
0,010454563	9,975149E-4
0,014427859	0,0015510699
0,014246592	0,0025555622
0,013527099	0,0021343515
0,012310376	4,929798E-4
0,012079721	9,2693605E-4
0,0140371015	0,002148877
0,013982	0,002229927
0,012300125	5,641505E-4
0,012068737	0,0015215301
0,012863401	0,0011772732
0,014496308	0,0021807165
0,015102392	0,0020023584
0,013303375	0,0015743058
0,012609136	0,0012553539
0,013561107	0,001757042
0,012487097	8,7923836E-5
0,013408294	0,0015333933
0,013196358	0,0026183724
0,013053453	0,0016175513
0,013927091	0,0023153499
0,01256521	6,311806E-5
0,012327061	4,8166513E-4
0,013099596	0,001494518
0,0145295095	0,0018627383
0,013824167	7,181461E-4
0,011582231	0,0028254897
0,012776904	1,1740113E-4
0,013364526	0,0016173692
0,014657243	0,0029084543
0,014245395	0,0023668385
0,012932954	9,98803E-4
0,010527003	0,001069353
0,013346874	0,0015640752
0,014130754	0,001890542
0,014800172	0,00280509
0,013065889	0,0013907319
0,011051806	0,0015134546
0,013335263	0,0014002239
0,0137557285	0,0028086258
0,014410552	0,0025657788
0,013178971	0,0013235849
0,011036694	0,0014409334
0,013350996	0,0013926635
0,013737166	0,002208876
0,013385206	0,0026897597
0,013884397	0,0024579582
0,011833038	6,597773E-4
0,012400266	5,819211E-4
0,0147400815	0,0029953956
0,0126334205	1,13087706E-4
0,01318347	0,001387679
0,012589226	0,0016551879
0,013093552	0,0013129874
0,012966345	0,0013763113
0,013845144	6,3445093E-4
0,012056481	0,0031664665
0,012679825	0,0010422063
0,014321247	0,002334632
0,01151995	5,6223478E-5
0,014512675	0,0028379825
0,012615131	0,0016914527
0,0127406735	1,4263624E-4
0,013066804	0,0013127136
0,012264203	0,0021794862
0,013093816	0,001908367
0,01414855	0,0018489999
0,01400248	0,0020183995
0,012089184	5,029016E-4
0,011073679	2,5065988E-4
0,014089044	0,0021916982
0,014209924	0,0022013392
0,01352017	0,00202882
0,012326874	0,0010871547
0,010672638	0,00224176
0,015159954	0,0034247441
0,012596712	0,0010304255
0,011688786	0,0013276059
0,013917545	0,0020569526
0,0129872	0,0014941883
0,012339916	5,575903E-4
0,014346717	0,0018128548
0,013175612	0,0013641855
0,012850305	0,001681901
0,012956071	0,0015402455
0,012706324	9,9767E-5
0,014756648	0,002035147
0,013194041	0,0030235308
0,013459458	0,0012286566
0,014173437	0,0021887752
0,011547824	5,731811E-4
0,013370333	0,0017619501
0,013592784	8,051479E-4
0,014226901	0,0018304465
0,011806842	0,0015827543
0,012642149	9,82163E-4
0,013064401	0,0013371264
0,014116932	0,0031309351
0,012906868	0,0021913643
0,011987839	9,7458716E-4
0,014101012	0,0023360304
0,014061833	5,760477E-4
0,011439445	0,0013064798
0,013959874	5,788496E-4
0,012959107	0,0020100204
0,0135205295	0,0022697472
0,013061682	0,001458311
0,0123074455	4,0570833E-4
0,013645772	0,0019948292
0,013670045	0,0012009554
0,013369562	9,994218E-4
0,012757275	0,0010179919
0,0140336845	0,0012781094
0,01404704	3,9486075E-4
0,011351909	0,002921573
0,012528432	1,5481934E-4
0,013818889	0,0012263227
0,011894799	8,377135E-4
0,013064431	0,001480965
0,013195882	0,0014326521
0,014356628	0,002579235
0,012302386	3,1243823E-4
0,012867233	0,001579375
0,013746465	0,0022863108
0,013142216	0,0013975492
0,012987201	0,0015129196
0,01358756	9,747045E-4
0,012341229	2,3953943E-4
0,012883827	0,0019976734
0,014050828	0,002218314
0,012928998	0,0011504483
0,013007492	0,0016943864
0,013898641	0,0016018916
0,0129427845	0,0011275606
0,012856545	0,001236516
0,014103932	6,491556E-4
0,012219624	0,0020842087
0,014004951	0,0022157133
0,01242842	3,0889502E-4
0,012669725	9,1940677E-4
0,013332712	0,0018834202
0,013153907	0,0013761646
0,013078605	0,001346604
0,013690652	0,0018328768
0,013599835	0,0011339188
0,014077596	0,0021547745
0,012239564	0,0014353157
0,011615041	7,752767E-4
0,014987027	0,002085451
0,012395598	0,0013780664
0,012404043	0,002261125
0,013045611	8,1784045E-4
0,012970345	5,421834E-5
0,013033625	0,002087541
0,013569175	0,002545067
0,013452843	9,807148E-4
0,009865057	0,0010695378
0,014563546	0,0023570769
0,014157523	0,0018735034
0,011974265	3,1320378E-6
0,012965046	0,0014239787
0,013673518	0,0018809615
0,014117653	0,002892191
0,013384799	0,0011044876
0,013249995	0,0011344356
0,012612906	2,847407E-4
0,013217193	0,0013136929
0,0135181835	0,0015123105
0,013357272	0,0022097435
0,013596104	7,3971925E-4
0,012007447	0,002469344
0,013492052	0,0011869818
0,012742717	0,0018562521
0,012135445	5,5822916E-4
0,013321366	4,0039E-4
0,014354302	0,0027689599
0,012644714	0,0016683787
0,0128605645	0,0014447444
0,011675938	4,180381E-4
0,012975983	2,8429274E-4
0,014415866	0,002705731
0,012874326	0,0018260153
0,013041157	0,0015236344
0,012611088	0,0016816435
0,01255592	6,622006E-4
0,013928048	0,0018263999
0,012354473	7,8411354E-4
0,011778718	9,393883E-4
0,012616599	2,8814003E-4
0,013985451	0,0019592629
0,01340797	0,0012307772
0,015505906	0,0023021628
0,013384242	0,0012652739
0,012457855	0,0016651698
0,011994138	8,3717844E-4
0,013818449	0,0017742887
0,012734011	0,0025579757
0,014042838	0,0014172541
0,013428293	0,0018829377
0,013258014	0,0011594063
0,012190435	6,5270346E-4
0,014390633	0,0017515356
0,012389167	0,0022501312
0,012909848	0,0016593034
0,013341385	0,0011489987
0,014272707	0,0011684257
0,013857928	0,0017004944
0,01206873	4,5320624E-4
0,0138199385	0,0013983609
0,0138705885	0,0014377804
0,013081487	0,0017230576
0,012552956	8,724192E-4
0,0133805955	0,0014502387
0,014412347	0,0020011947
0,011883417	0,001792863
0,012506206	8,477713E-4
0,012752777	8,028406E-4
0,013128122	0,0012592743
0,014342712	0,0016919854
0,011617964	2,2285385E-4
0,012910703	0,0024655666
0,014149277	0,0012376062
0,012590481	0,0010188115
0,0139638595	0,0023944303
0,012436249	7,4324757E-4
0,012954982	0,0019384171
0,015903529	0,003260335
0,011409882	8,656387E-4
0,013436366	0,0019013099
0,013937962	0,0016238913
0,012828151	0,0016819783
0,012212177	6,315606E-4
0,013322635	0,002304452
0,012485127	0,0011503547
0,013780313	0,00223631
0,013643808	9,448873E-4
0,011906968	4,7513098E-4
0,0137846265	0,001175839
0,012946669	0,0019632396
0,013529257	0,0025344947
0,012780505	0,0014515053
0,0128321685	7,7768695E-5
0,013160182	0,0019533257
0,013025422	9,531691E-4
0,01393244	0,0018872358
0,0135993995	9,972821E-4
0,01398528	8,4737083E-4
0,013241636	0,0025984426
0,011975094	0,0010343865
0,01348889	9,505898E-4
0,014178054	0,0019243658
0,012300603	6,860341E-4
0,014389842	0,0015635518
0,012789238	0,0013673571
0,013865983	9,559379E-4
0,012686566	3,695637E-4
0,013663392	0,0011833943
0,014801651	0,0017239619
0,013199838	6,2682433E-4
0,011932969	6,9245556E-4
0,013370244	0,0011398699
0,0140768755	0,0022536688
0,012411654	4,8255222E-4
0,012863809	0,0012935647
0,013545267	0,001690811
0,0139387995	2,7150847E-5
0,013374247	0,0019992716
0,011663828	7,822304E-4
0,013729979	0,0019455468
0,013782827	0,002060894
0,012733694	2,9097963E-4
0,013423966	0,0014578854
0,013671451	0,0015475545
0,013361966	0,0016384888
0,013131969	2,9693684E-4
0,012582584	0,003638384
0,014490868	0,0012218738
0,012643013	0,0011110418
0,013208371	0,0013411022
0,01374332	0,0013967268
0,012818782	9,1903703E-4
0,013876132	0,0018584514
0,01300855	2,683201E-4
0,013691332	9,974581E-4
0,0131519865	0,0027394649
0,012891105	1,1897925E-4
0,013245862	2,413611E-4
0,014290932	0,0017265147
0,013740686	0,00238246
0,011844242	6,3997554E-4
0,0121061215	5,0641317E-4
0,014957222	0,004082932
0,011614379	2,4407217E-4
0,013456866	0,0017487337
0,011220123	8,425787E-4
0,0132498685	0,0022198586
0,0137828905	0,0029074787
0,013306728	0,003055016
0,013062803	0,0015522642
0,010508177	9,7612944E-4
0,013818605	0,0017422116
0,014019595	0,0031150603
0,013557065	0,00197735
0,0121665355	2,3181643E-4
0,0121825505	3,7020864E-4
0,014421946	0,0025541438
0,012147708	8,164807E-4
0,014394003	0,0017133774
0,013212777	4,5687705E-4
0,011507363	0,0029067239
0,013290131	0,0015131203
0,013720194	0,0023172884
0,013115346	0,0012193839
0,013108153	3,0575553E-4
0,012983103	0,001711309
0,012561184	0,0016581146
0,012993521	0,0014326908
0,013899043	0,002219332
0,012556785	5,549658E-4
0,01347627	0,0010135975
0,012837261	0,0016642753
0,012973728	0,0014312984
0,013216287	0,0013200245
0,015448416	0,0025593345
0,01207985	0,0010593985
0,012238486	2,7668197E-5
0,014059618	0,0020006597
0,013115026	0,001333118
0,013013697	0,0014710845
0,0136930365	8,0882106E-4
0,0134240035	0,0011073421
0,01281262	0,0017463309
0,012626922	5,2163843E-5
0,0145593695	0,0017848187
0,01347613	0,0010794406
0,011872379	0,0020583016
0,012866499	0,00152126
0,013538219	0,0017415914
0,013173735	0,0013596709
0,013153203	0,0015803302
0,013014977	0,0012227623
0,013096478	0,0013495493
0,013168145	0,0011712378
0,013265545	0,0017982027
0,014191155	0,0014571501
0,013407022	0,0016250691
0,012146106	2,3597851E-5
0,0129143	0,0016260534
0,013560236	0,0015401319
0,013707155	0,0018581091
0,013074304	0,0013501253
0,01307731	0,0013453346
0,012695771	2,1143304E-4
0,013482558	0,0015386301
0,013415555	6,209845E-4
0,0131532205	0,0016596066
0,01493372	0,0010798438
0,013012126	0,0030828086
0,011582442	9,476957E-4
0,013407268	0,0012752037
0,013034591	0,0011083982
0,01184709	7,8981975E-4
0,013096171	0,0013998412
0,013827314	0,002772008
0,012938371	9,826855E-4
0,0125926295	2,4777185E-4
0,013943333	9,2334393E-4
0,013376804	0,002400261
0,012258304	4,482516E-4
0,012433806	6,156252E-4
0,014910976	0,0027301284
0,012131581	6,956337E-4
0,013895296	0,0021976847
0,013491508	0,0026540435
0,011298465	1,5411666E-4
0,013608608	0,0010176138
0,0144864395	4,8329728E-4
0,014088635	0,0014155349
0,012738944	0,0019348841
0,012347652	4,3513998E-4
0,01329568	0,001145734
0,0138496235	0,0010657278
0,012774337	0,0028721956
0,013091373	2,4440605E-4
0,012303038	0,0022409996
0,014355601	0,0017195148
0,0131190475	0,0014080117
0,01367265	7,385155E-4
0,013392441	0,001381421
0,013555398	8,803145E-4
0,01305217	0,0014073588
0,013667567	0,002304908
0,012866499	1,3841316E-5
0,013563439	0,0022215042
0,012030935	9,6312957E-4
0,0134047745	0,0013966653
0,014676185	0,0027121212
0,01375228	9,951154E-4
0,01167145	8,413396E-4
0,011451775	4,7137635E-4
0,013827588	0,0014935923
0,015349983	0,002583201
0,013759231	0,0033696264
0,0133209815	2,6590656E-4
0,00957552	6,337655E-4
0,015494183	0,0031299517
0,014528566	0,0018301392
0,013337769	0,0014240867
0,012426225	0,0014867885
0,0141106155	0,0011343784
0,013162272	0,0016021272
0,013553601	0,0021488522
0,0124710165	3,3572596E-4
0,013935444	0,0016897833
0,0129775535	0,0020238417
0,011973162	0,001108191
0,013183674	0,0017952975
0,013926441	6,648996E-4
0,011986429	4,3318467E-4
0,014255373	0,0033676545
0,013706035	8,1055984E-4
0,014206974	0,0017635231
0,0119210165	7,661986E-4
0,011938362	0,0010247044
0,013833648	0,002814148
0,013713437	0,0018999958
0,014892174	0,0012922487
0,011447574	3,058454E-4
0,011929082	0,0012355014
0,015293563	0,002260102
0,013718717	7,191249E-4
0,014569016	0,0032528248
0,011715118	6,559077E-4
0,012021137	8,408115E-4
0,013499266	0,0019468167
0,013077835	0,0021581976
0,013782661	0,0018331432
0,013584044	0,002080739
0,012072581	1,3712887E-4
0,012945749	0,0012851139
0,014787113	0,0022075395
0,011912014	3,8341945E-4
0,01288153	0,0015790416
0,014579649	0,0036648763
0,012786958	9,6207764E-4
0,013341064	0,0017083166
0,0131729245	0,0012776712
0,013560018	7,8859786E-4
0,014015732	0,002637317
0,011782716	1,9827858E-4
0,013077371	0,001298862
0,014069144	0,0021630581
0,011991942	2,1164725E-4
0,012844413	0,0014648
0,013899887	0,003337732
0,012489909	0,0018937141
0,01383662	0,0017189211
0,013017667	0,0015290747
0,013976557	0,0023013093
0,012699413	0,0017988477
0,013408568	0,0016286899
0,011973887	1,9965507E-4
0,013104387	0,0013771551
0,013960696	0,0011731591
0,01396551	0,0016575139
0,012671385	0,0018441514
0,013686757	7,5093005E-4
0,011526275	0,0012592175
0,013946831	0,0023135054
0,0130985	0,001345302
0,013559334	9,201374E-4
0,013964913	0,0022412138
0,0118451575	8,748714E-4
0,011486787	1,5808502E-4
0,01520963	0,0024905032
0,0131753385	0,0013682926
0,013661973	0,0025019017
0,013466309	5,8983825E-4
0,010130828	2,9561901E-4
0,013083272	0,0018037031
0,014944332	0,00266875
0,015218893	0,002824271
0,010336875	0,0010854797
0,012336949	8,170903E-4
0,013941817	0,0021788464
0,013812311	0,0020271763
0,011041397	0,0013661576
0,013248242	0,0014693001
0,014496377	0,0028948062
0,012373717	2,111867E-4
0,011202315	1,4263205E-4
0,013175895	0,0018159417
0,014017169	0,0019431049
0,013000435	0,0012199841
0,012937332	0,001195651
0,012445194	6,6546164E-4
0,013523707	0,001710068
0,012795314	0,0010751169
0,013823051	3,8051838E-4
0,013719657	0,0018305783
0,012818293	0,0014833687
0,012223527	1,4911871E-5
0,014027051	0,0030468674
0,013483044	0,0026792367
0,011426979	1,8053688E-5
0,015041215	0,0023805476
0,01370024	0,0015663896
0,012647299	0,0017720289
0,012984849	8,792756E-4
0,013783642	0,00128916
0,012916055	0,0011063148
0,012627373	9,89276E-4
0,012759682	9,2910137E-4
0,018464876	0,0064321025
0,012389851	1,6444363E-4
0,012332283	9,424896E-4
0,011222178	1,3824273E-4
0,014492897	0,0017548688
0,015447276	0,003695468
0,012381373	0,0011931332
0,01032402	0,0010461332
0,014283862	0,0023749992
0,014044246	0,0014865915
0,014345141	0,0030097868
0,013993727	0,0030751987
0,011677414	7,136222E-4
0,013500098	0,0015069027
0,013928428	0,0016778405
0,01110892	1,7831335E-4
0,014547117	0,0030360464
0,013972917	0,001634296
0,0138774775	0,0014764038
0,012919458	0,0016053123
0,012173995	5,9437007E-4
0,0124224685	8,820854E-4
0,014033653	0,0032413253
0,012944778	9,2951115E-5
0,014566004	0,0026524016
0,012349757	7,538609E-4
0,011859339	5,4377737E-4
0,014039001	0,002530056
0,012840426	0,001376906
0,014664097	0,002861708
0,013320485	0,0021222648
0,010379955	0,0010809209
0,0147050265	0,0022212546
0,013193231	0,0013694004
0,012736219	0,0017449409
0,012761773	1,5140604E-4
0,0140637765	0,0029900288
0,013392454	0,0019060378
0,01149951	3,6616623E-4
0,01316587	0,001425446
0,013672626	0,0024719238
0,013122577	0,0014497875
0,013427075	9,580045E-4
0,01203478	8,4778946E-4
0,014307307	0,0023362772
0,012458192	0,0013791476
0,012205433	6,260462E-4
0,013489472	0,0011472008
0,013249431	0,0014739991
0,013966551	5,697482E-4
0,013036526	0,0029414752
0,011935485	9,649545E-4
0,01379515	0,0012812181
0,0129861105	8,9079933E-4
0,01302525	0,0015764511
0,0135643445	0,0018287194
0,013752548	0,0018519103
0,012529851	8,478202E-4
0,014576387	9,798254E-4
0,011141093	0,0015061502
0,013358604	0,0011493745
0,014549783	0,002814033
0,012962096	4,8492383E-4
0,011257734	1,0962691E-4
0,015586823	0,004380586
0,012476538	5,075829E-4
0,011681981	7,6375576E-4
0,0131407045	0,0019405512
0,014204608	0,0024583824
0,014159659	3,3461908E-4
0,012474055	0,0027755527
0,012148999	1,6939687E-4
0,013653781	0,0015121275
0,013636326	0,0019132523
0,012831911	0,0018774853
0,013660494	0,002163662
0,011978334	7,661325E-4
0,013640579	0,0017046221
0,01316682	0,002248168
0,012485344	0,001033504
0,014006026	0,0018091197
0,013085	0,0012720143
0,013800086	7,2692195E-4
0,012198534	0,0027074618
0,013522869	6,6033984E-4
0,012302188	5,844976E-4
0,013026871	0,0013339105
0,013944944	0,0022571958
0,013189449	0,0014361516
0,01360436	9,670807E-4
0,012234056	5,308781E-4
0,012402054	0,002085316
0,014147496	0,001996187
0,013620995	9,3588466E-4
0,013243025	0,0012201653
0,012226151	5,604625E-4
0,013251147	0,0012537055
0,013678787	0,0025122655
0,013508658	0,0023455871
0,014437208	0,0023427475
0,012246067	4,4867443E-4
0,011713937	1,5117507E-4
0,01407185	0,0016021016
0,0137119265	0,0026236987
0,01302442	0,0015660101
0,013134781	0,0011977148
0,012575666	1,3683178E-4
0,013590973	9,904071E-4
0,013896046	0,0023113359
0,012606824	0,0019149943
0,012083769	5,064891E-4
0,012699271	0,0015909193
0,01329838	0,0016980087
0,012221759	4,2701885E-4
0,013502856	0,0015577339
0,01315538	0,0013659797
0,014035092	0,001563618
0,011030139	1,303018E-4
0,013630204	6,8376167E-4
0,012860345	0,004276876
0,014295638	0,0013313633
0,014059987	0,0020323838
0,012978176	0,0012236251
0,012181435	4,0211668E-4
0,012721431	0,0019937232
0,013649093	0,002522672
0,013249442	9,814948E-4
0,011657357	0,0013825796
0,013926283	0,0020219525
0,013151627	7,347539E-4
0,012264315	0,0015823208
0,014588337	0,0023017316
0,013001088	0,0010202467
0,014048165	0,0022076294
0,012048001	3,1675026E-4
0,013612438	0,0014310614
0,0131699275	0,0012711957
0,012121069	0,0010015815
0,013179635	0,0020636525
0,012336121	9,5698517E-4
0,014967877	7,055313E-4
0,0114122555	0,0030240868
0,01348914	8,72232E-4
0,011573579	3,328491E-4
0,014289379	0,0033251983
0,012894044	0,0017636656
0,011791919	0,0010591783
0,013171071	0,0017809812
0,013475214	0,0025704922
0,012232409	6,181663E-4
0,012638832	9,269994E-4
0,012585381	9,076358E-4
0,014121257	2,8057117E-4
0,0143629555	0,0024353042
0,0127948765	0,0014465181
0,013284018	0,0013329093
0,014060853	4,913532E-4
0,012302392	6,0768425E-4
0,013448066	0,0025335373
0,013191797	0,0013964372
0,0135327075	8,555376E-4
0,012329131	6,2305294E-4
0,012690928	0,0017435667
0,013261136	0,0015438367
0,015358621	0,0027231784
0,011010154	9,181341E-4
0,013291821	0,002397126
0,014482707	0,0029080887
0,013761226	0,0010470464
0,013894954	3,7785806E-4
0,011328064	0,0029298193
0,014214758	3,269664E-4
0,01339221	0,0011211624
0,012710372	0,0017948733
0,013201244	0,0013311501
0,013262654	0,0013107886
0,013331691	0,00104811
0,012829963	0,0017436226
0,013870409	0,0021885014
0,012436351	6,7920657E-4
0,01281417	0,0017269515
0,012895486	0,0015642243
0,013651555	7,1936427E-4
0,013648061	9,263796E-4
0,012787791	0,0016808813
0,013491878	0,001948671
0,013229443	6,106072E-4
0,012883324	0,0014193538
0,012636184	0,0018875105
0,015295342	0,0025400575
0,011989766	5,70436E-4
0,013080658	2,746894E-4
0,011920593	0,0026758239
0,013929922	0,0019102353
0,013507932	9,903219E-4
0,012327582	5,6586135E-4
0,013317404	0,0012748321
0,013330286	0,0017656642
0,013661761	0,002008818
0,013051909	0,0013519228
0,012826861	7,833913E-5
0,014018252	7,65522E-4
0,0114888605	0,0028899233
0,013943486	0,0021519498
0,013080187	0,0012671356
0,01226116	6,118766E-4
0,01393715	0,0022096643
0,012084087	0,0011053835
0,01342989	8,1991125E-4
0,013749892	0,0016326378
0,012200808	0,0012836573
0,014147656	3,1770905E-4
0,01307275	0,0028203968
0,013842145	0,0025528497
0,011584023	6,807172E-4
0,012993267	4,19443E-4
0,013396611	0,0021870304
0,01461321	0,003805752
0,016342454	0,004063871
0,014157774	0,0013399292
0,012018144	7,852451E-4
0,013049401	0,002017432
0,013955835	0,0016872585
0,012816859	0,001719947
0,013004907	0,001447862
0,012495898	6,2466785E-4
0,013877288	0,002172294
0,013124373	0,0013822657
0,012876185	3,777109E-4
0,013054136	0,0010381411
0,0125202825	0,0019159466
0,014448535	0,0016926783
0,013230337	0,0021490622
0,011921128	2,059401E-4
0,013069665	9,822054E-4
0,014432001	0,002519372
0,016496215	0,0047330866
0,010724145	6,687464E-4
0,013244617	0,0013805246
0,012360056	5,629724E-4
0,014539853	0,002674365
0,014229154	0,0028087585
0,012780018	2,9629562E-5
0,011593796	2,1815347E-4
0,013120564	0,0029820292
0,0131175965	0,0013551554
0,014547858	0,0015243678
0,012215271	6,3315127E-4
0,013425609	0,0017793807
0,012837945	0,0011410452
0,013926252	0,0021611722
0,013045264	2,675145E-4
0,011919536	3,0425517E-4
0,012838582	0,0014870316
0,013141279	0,0022960147
0,0128751015	7,1519427E-4
0,012495386	3,29935E-4
0,01318018	0,0014406992
0,013833765	0,00226644
0,013545923	0,0017041215
0,0121418685	4,1147182E-4
0,013113531	0,0012805685
0,013062589	0,0020909035
0,017556634	0,003252237
0,012881301	0,003210872
0,010775074	0,002161752
0,012585472	2,3689494E-4
0,013761656	0,0022475463
0,013009423	0,001799026
0,014696081	0,002736642
0,011595834	2,831975E-4
0,012537215	0,0017378982
0,013348996	0,0015388904
0,013181784	9,965273E-4
0,015113577	0,0026064808
0,012565458	2,746121E-4
0,011114663	2,5552232E-4
0,013675448	8,5070916E-4
0,014797233	0,0030284827
0,016037682	0,0046226396
0,010477147	2,4586916E-6
0,01338765	0,0017250367
0,0137258265	0,0020042076
0,012560753	7,786597E-4
0,013763359	0,0018625329
0,012176645	5,215397E-4
0,013891641	0,0012974185
0,013704095	0,0020406838
0,012296772	0,0021697683
0,01291611	0,0014378824
0,013138507	0,0017054412
0,012920186	0,0013991394
0,013077263	3,5748258E-4
0,014132477	0,0015256158
0,012152921	9,36395E-4
0,0131559055	8,572745E-4
0,014140908	0,0020743771
0,012310736	5,08924E-4
0,013670636	9,1540674E-4
0,013567189	0,0028749811
0,012638328	9,511597E-6
0,013078415	0,0012977673
0,012718612	0,0018614042
0,013162766	0,0017630877
0,013740126	0,0024773055
0,013038468	0,0012501269
0,012201914	4,5700278E-4
0,013186421	0,0013396819
0,014146058	0,0013227458
0,0143390205	9,3115633E-4
0,0141863795	3,0432735E-4
0,013149548	2,115313E-4
0,012554037	0,0015946142
0,013754658	0,002691926
0,013908943	6,234525E-4
0,013145164	0,0014824523
0,01323076	0,00227613
0,013100612	0,0010188473
0,01404542	0,0016872333
0,012277636	0,0022865422
0,013574051	0,0017311331
0,01289623	5,650176E-4
0,011405986	1,4826935E-4
0,013834047	0,002494189
0,011082342	7,301192E-4
0,012720704	8,571637E-4
0,013177017	0,0012696651
0,014077402	0,0016081436
0,013631052	8,325707E-4
0,012301562	0,002320102
0,012890992	0,0017728694
0,012990397	6,1834976E-4
0,013644841	9,3086204E-4
0,013483701	0,0028689536
0,012384767	0,0011922452
0,012311297	5,7546E-4
0,012613596	1,411885E-5
0,0140146855	0,0012950827
0,013254637	0,003242453
0,012604931	8,261162E-4
0,013187248	0,0014021914
0,014100844	0,0015093829
0,014304034	0,0025076787
0,012768496	0,0018149647
0,013123028	0,0013320395
0,012680857	7,657595E-4
0,013382005	0,0016173986
0,013893165	0,002260649
0,013013279	0,0013157236
0,012412763	0,0012973417
0,013877483	0,0013107075
0,014145753	0,0012435466
0,012283886	6,311801E-4
0,013409541	0,0017778911
0,0131003335	6,1584637E-4
0,013299607	0,001360131
0,013266592	0,0023076264
0,012708022	0,001289242
0,013889028	0,0017793733
0,01320632	9,05653E-4
0,011905406	0,0014166357
0,014448826	0,0031813113
0,01335852	0,0011776676
0,010836852	0,0010962058
0,0131843295	0,0013764561
0,014094067	0,0025226036
0,014417368	0,0024912348
0,012492202	0,0017046388
0,012230425	5,041212E-4
0,012619593	7,019285E-4
0,013817884	0,0022015492
0,013788452	0,002094665
0,012895925	5,573826E-5
0,012389006	0,0011058608
0,012953074	0,0027006986
0,013025371	0,0013197539
0,013159266	0,0013269479
0,013057606	0,0017100107
0,012905873	0,0015512543
0,012440423	0,0018488402
0,013720916	7,2307047E-4
0,013384603	0,0023863986
0,013437863	0,0014836187
0,011973941	8,039661E-4
0,014108352	4,4253748E-4
0,015947819	0,006606712
0,01213579	5,09928E-4
0,01249674	7,174555E-4
0,013119433	0,0011329944
0,013332285	0,0027266997
0,013464505	6,2733423E-4
0,01430841	0,0027050613
0,012200904	4,7498383E-4
0,014015568	0,0021669376
0,013420273	2,57988E-4
0,013645718	0,0010251212
0,014046753	0,0015747268
0,012592005	7,546921E-4
0,013322413	0,0022497508
0,013604835	0,0024675108
0,011875801	4,7095632E-4
0,013602089	0,0013747881
0,013867843	0,0017419606
0,012179915	0,0010926486
0,012406219	0,0014349795
0,014496172	0,002118846
0,012371197	0,001096114
0,014100262	0,0016156649
0,011695771	8,088965E-4
0,012774299	0,0018828074
0,013973607	0,0021085478
0,01359886	0,0011450015
0,013124299	0,001221031
0,012989461	0,00137639
0,013245376	0,0013109022
0,013123501	0,0014736825
0,013479348	9,121946E-4
0,013136173	0,0019720658
0,013054797	0,0010562823
0,012919768	0,0015189303
0,013272123	0,0014586379
0,013070961	0,0013773879
0,013128582	0,0012739263
0,013166472	0,001376539
0,013325195	0,001414651
0,01300094	0,0012485897
0,013124162	0,001337105
0,013231108	0,0012043961
0,0131818745	1,6171113E-4
0,011836296	0,0025903215
0,014600547	0,0019305949
0,017083233	0,0051736287
0,011305831	0,0010842164
0,012193587	9,1462815E-4
0,013736535	0,0021552276
0,013027539	0,0012409845
0,014112443	0,0015664003
0,013069702	0,0019193897
0,013058068	2,1160161E-4
0,012240079	0,0021466836
0,0133750625	0,0022343192
0,014554767	0,0023448546
0,014268045	0,0014166692
0,01256931	0,0012030662
0,013011498	0,0017229677
0,013217993	0,0012973486
0,013425551	9,084861E-4
0,012825206	0,0016149036
0,014115369	4,1818572E-4
0,013372939	0,0011282633
0,01360037	7,590851E-4
0,012889562	0,001675827
0,012890631	0,001661005
0,013812373	7,459847E-4
0,013425961	9,875959E-4
0,012688576	0,001796768
0,013708644	8,284035E-4
0,014580853	0,0034248289
0,011932712	3,7799915E-4
0,012507507	6,4598676E-4
0,0143628735	0,0013232878
0,012651368	0,0019456232
0,0133067705	0,0021422915
0,014612752	0,0026124166
0,013797661	0,001117825
0,012654031	0,0013053357
0,0121494215	0,0010142974
0,013268549	0,0011512088
0,014107045	0,00239169
0,011765213	5,442649E-6
0,013872125	0,0016174233
0,012982473	7,787575E-4
0,012572131	0,0017034011
0,013153244	0,0019153929
0,013656991	9,278562E-4
0,015564135	0,0040712142
0,010141337	0,0014931196
0,013350575	0,0014639702
0,014759715	0,002677857
0,013048732	0,0012812633
0,01462003	0,001585586
0,01075674	5,467627E-4
0,012087677	9,0046506E-4
0,014964744	0,0026032175
0,014432097	0,001864152
0,011782713	8,248766E-4
0,011779788	6,991923E-4
0,01317279	9,981296E-4
0,016641747	0,004034711
0,013800247	0,0021401779
0,011997687	9,0668816E-4
0,011313268	0,0019462742
0,016459018	0,00441854
0,011166165	0,0014799531
0,014511689	0,0021133414
0,01337525	0,0023662066
0,012090166	8,878382E-4
0,01420994	0,0020024637
0,013528538	8,702092E-4
0,012001105	9,12576E-4
0,013997853	0,0019398932
0,013832455	0,0033498732
0,011334766	3,333995E-5
0,013719812	0,0012384742
0,01352182	0,0019563115
0,012304972	0,0014285715
0,013208961	0,0011974066
0,013615273	0,0020227935
0,011775108	9,2583895E-4
0,014283128	0,0031707417
0,014014153	1,5994627E-4
0,01354105	3,706417E-4
0,013910262	0,0014016158
0,012648792	0,0014268281
0,012964509	0,0014866334
0,012735166	0,0016815304
0,014197852	0,0016668253
0,013310551	0,0014561713
0,014601258	0,0020609265
0,012761734	0,0030280775
0,015411344	0,0015600035
0,010626702	5,272548E-4
0,012326915	9,613675E-4
0,014476031	0,0015199375
0,012723527	8,753417E-4
0,013524098	0,0026720385
0,013749334	0,0025485298
0,011971923	8,29231E-4
0,013539068	0,0018107654
0,013369616	0,0019457946
0,013724834	0,0018797084
0,013885479	0,0015756409
0,013562337	0,0015025167
0,012220004	0,0010909783
0,012604695	9,798533E-4
0,012557463	7,9439767E-4
0,012271123	4,953998E-4
0,012605462	8,416702E-4
0,011872441	1,1022296E-4
0,01196263	1,7510587E-4
0,012468822	7,568449E-4
0,01325361	1,4909357E-4
0,011570731	5,880133E-4
0,0116517665	4,8279576E-4
0,012603807	7,354384E-4
0,012170672	3,2702787E-4
0,012295198	8,0853E-4
0,012290582	4,843874E-4
0,012554981	6,8759127E-4
0,012013365	6,4386614E-4
0,010289281	9,922981E-4
0,012355981	8,353605E-4
0,011339265	6,9230516E-4
0,0095245205	5,881535E-5
0,00933689	0,0017494403
0,010987181	8,2259485E-4
0,009388238	0,001439603
0,009902082	5,866317E-4
0,010339707	4,047528E-6
0,008958265	0,0028033506
0,009364535	2,9633846E-4
0,008872289	0,0016957324
0,007483404	0,0018657979
0,008356927	6,5261987E-4
0,008212348	4,5987847E-4
0,007909906	3,5917014E-4
0,0072413576	0,0018562446
0,008002429	0,0016928464
0,005987756	0,0016317121
0,0038047582	1,4703313E-4
0,00532537	0,0013383501
0,004829265	1,1216896E-4
