3,3075E-5
2,6081E-5
2,4079E-5
2,4009E-5
2,4564E-5
2,4536E-5
2,4199E-5
3,1198E-5
2,4809E-5
2,4673E-5
2,5119E-5
3,1671E-5
3,2256E-5
2,4859E-5
3,1288E-5
2,4561E-5
3,1985E-5
2,4023E-5
2,4626E-5
3,1611E-5
2,4224E-5
3,3123E-5
2,4542E-5
3,3313E-5
3,1242E-5
2,4754E-5
2,4151E-5
3,0913E-5
2,4551E-5
2,549E-5
3,2614E-5
2,3775E-5
3,1012E-5
3,2591E-5
2,5321E-5
2,3797E-5
2,5423E-5
3,2108E-5
2,5526E-5
3,1819E-5
3,2078E-5
3,2002E-5
3,1663E-5
3,1697E-5
2,3635E-5
3,1476E-5
3,1322E-5
2,3854E-5
2,6112E-5
2,4317E-5
2,5144E-5
3,1833E-5
2,4761E-5
2,4905E-5
2,9137E-5
3,275E-5
2,423E-5
2,485E-5
2,471E-5
3,0644E-5
3,3078E-5
2,8509E-5
2,5208E-5
3,1284E-5
3,1429E-5
3,185E-5
2,7256E-5
3,2251E-5
2,7483E-5
2,4753E-5
2,4957E-5
2,5258E-5
3,3208E-5
3,3655E-5
3,1564E-5
2,8871E-5
2,3577E-5
3,4382E-5
2,4746E-5
2,4215E-5
2,4134E-5
3,1668E-5
2,4233E-5
2,474E-5
2,3834E-5
2,4784E-5
2,7773E-5
2,5618E-5
2,7922E-5
3,3551E-5
2,4159E-5
3,1997E-5
3,2596E-5
3,1922E-5
2,4672E-5
2,5031E-5
3,2283E-5
3,2147E-5
3,335E-5
3,2783E-5
2,4631E-5
2,423E-5
3,4504E-5
2,4845E-5
2,5685E-5
2,5544E-5
2,5828E-5
3,0675E-5
2,5757E-5
2,4329E-5
2,8322E-5
2,5171E-5
2,4241E-5
3,3114E-5
3,2438E-5
2,468E-5
3,1356E-5
3,2054E-5
2,429E-5
3,1588E-5
3,1832E-5
2,4729E-5
3,2212E-5
2,5361E-5
2,475E-5
2,9034E-5
2,8783E-5
2,5422E-5
3,2541E-5
3,2561E-5
3,19E-5
2,5714E-5
2,562E-5
2,8311E-5
2,5462E-5
2,6599E-5
2,6004E-5
2,8432E-5
3,4275E-5
2,4358E-5
3,2902E-5
2,6186E-5
2,4852E-5
2,5457E-5
2,9708E-5
2,499E-5
2,812E-5
2,4881E-5
3,1807E-5
2,4361E-5
2,6079E-5
3,3215E-5
2,5313E-5
2,7774E-5
3,1509E-5
3,3434E-5
2,3824E-5
3,2572E-5
2,6663E-5
3,2288E-5
3,1185E-5
3,263E-5
3,3303E-5
2,5636E-5
3,2686E-5
2,8617E-5
3,1801E-5
2,5264E-5
3,1884E-5
2,7495E-5
3,3957E-5
2,5164E-5
2,4945E-5
3,2443E-5
3,2884E-5
3,205E-5
3,3156E-5
2,5142E-5
2,8686E-5
2,4818E-5
3,4521E-5
3,1299E-5
2,439E-5
3,2948E-5
2,5062E-5
3,1038E-5
2,8089E-5
3,1778E-5
2,5282E-5
2,8339E-5
2,4815E-5
3,208E-5
4,2732E-5
3,6704E-5
5,6004E-5
3,7018E-5
2,5927E-5
5,6611E-5
4,2342E-5
2,8865E-5
2,9613E-5
1,0654E-4
6,4766E-5
2,9031E-5
3,1994E-5
3,238E-5
3,3003E-5
2,8601E-5
4,2406E-5
2,9771E-5
4,9358E-5
3,2189E-5
2,7912E-5
3,2944E-5
3,855E-5
3,2096E-5
2,5845E-5
3,1814E-5
2,9298E-5
3,215E-5
2,7216E-5
2,9401E-5
2,8666E-5
3,1174E-5
2,5804E-5
2,8016E-5
2,8387E-5
2,5839E-5
9,0208E-5
3,748E-5
7,2356E-5
2,8539E-5
2,906E-5
3,1287E-5
3,2761E-5
2,8966E-5
3,154E-5
2,62E-5
2,6486E-5
2,3721E-5
3,197E-5
2,5964E-5
2,4569E-5
2,8979E-5
2,7352E-5
2,4334E-5
3,2742E-5
2,696E-5
2,5721E-5
2,7735E-5
3,2298E-5
3,3676E-5
2,4139E-5
2,5451E-5
3,2825E-5
3,4291E-5
3,5084E-5
2,8579E-5
2,6265E-5
3,4386E-5
3,2012E-5
2,4799E-5
3,3021E-5
2,5886E-5
2,4629E-5
2,8278E-5
3,1685E-5
3,2163E-5
3,2716E-5
2,942E-5
3,2896E-5
3,0783E-5
2,4542E-5
2,8697E-5
3,2134E-5
3,2134E-5
2,4265E-5
2,477E-5
3,3421E-5
3,1984E-5
2,4637E-5
3,356E-5
3,226E-5
3,2132E-5
2,5868E-5
2,4425E-5
3,2686E-5
3,1613E-5
3,3246E-5
2,4376E-5
3,1463E-5
2,5172E-5
2,5463E-5
2,722E-5
2,853E-5
3,2991E-5
3,1635E-5
2,5434E-5
2,513E-5
2,4752E-5
3,351E-5
3,1474E-5
3,3202E-5
2,5362E-5
3,2389E-5
3,1858E-5
3,0224E-5
2,5126E-5
2,9002E-5
2,9488E-5
3,3192E-5
2,815E-5
3,3601E-5
2,6274E-5
2,7489E-5
2,8664E-5
2,4684E-5
3,2097E-5
3,1928E-5
2,6022E-5
2,6834E-5
3,245E-5
3,4022E-5
2,5921E-5
3,2166E-5
3,564E-5
2,8638E-5
2,5388E-5
2,8747E-5
3,2074E-5
2,6099E-5
2,745E-5
2,5656E-5
2,8922E-5
2,5121E-5
2,4558E-5
2,575E-5
2,4672E-5
2,4409E-5
2,9505E-5
2,4993E-5
2,8213E-5
3,2804E-5
2,921E-5
3,245E-5
2,4416E-5
3,2093E-5
2,547E-5
2,4405E-5
2,8439E-5
3,2937E-5
3,3321E-5
2,8343E-5
2,5005E-5
2,5825E-5
3,1789E-5
3,237E-5
2,8227E-5
2,4213E-5
2,5558E-5
2,3555E-5
3,3169E-5
3,6389E-5
2,4963E-5
2,4844E-5
3,2098E-5
3,2857E-5
2,8531E-5
2,6197E-5
2,5617E-5
3,3631E-5
3,2622E-5
2,8182E-5
2,6208E-5
2,7097E-5
3,1627E-5
3,26E-5
2,8561E-5
2,5288E-5
2,4704E-5
3,1649E-5
3,3041E-5
2,8807E-5
4,3306E-5
3,1948E-5
3,2355E-5
3,3945E-5
3,1751E-5
2,7826E-5
2,5472E-5
2,4311E-5
3,1899E-5
2,7843E-5
2,8753E-5
3,2291E-5
3,7209E-5
2,3883E-5
3,2729E-5
3,2603E-5
2,8121E-5
3,3245E-5
3,3691E-5
3,3611E-5
2,9756E-5
3,3463E-5
2,5088E-5
3,2939E-5
2,4602E-5
3,2645E-5
2,4037E-5
3,3727E-5
2,898E-5
3,0546E-5
2,4907E-5
2,9021E-5
2,5326E-5
2,7322E-5
3,2927E-5
2,4649E-5
2,6781E-5
2,9793E-5
3,5379E-5
2,4044E-5
3,3014E-5
2,8872E-5
3,2988E-5
2,5076E-5
2,5201E-5
2,8508E-5
2,4874E-5
3,2044E-5
2,4366E-5
2,777E-5
2,7522E-5
3,3132E-5
3,2886E-5
2,543E-5
3,2321E-5
2,4968E-5
3,1697E-5
2,4427E-5
2,8756E-5
2,5244E-5
2,7672E-5
3,1439E-5
2,8476E-5
3,2579E-5
3,4112E-5
3,1765E-5
3,6948E-5
2,8539E-5
3,228E-5
3,0024E-5
3,184E-5
3,401E-5
3,4441E-5
2,8734E-5
3,3376E-5
3,1616E-5
2,8579E-5
3,3767E-5
3,2644E-5
2,445E-5
2,8953E-5
2,5925E-5
3,2109E-5
2,5705E-5
3,2685E-5
2,4096E-5
3,2516E-5
3,2431E-5
2,5445E-5
2,5431E-5
3,3543E-5
3,2367E-5
2,6432E-5
3,2195E-5
3,3229E-5
2,4201E-5
3,1259E-5
2,5965E-5
2,8174E-5
2,4396E-5
3,4899E-5
2,4459E-5
2,5479E-5
3,3016E-5
3,1696E-5
2,4468E-5
2,8957E-5
2,5024E-5
2,502E-5
3,2971E-5
3,1919E-5
2,4422E-5
3,2481E-5
2,603E-5
2,7748E-5
2,8951E-5
3,312E-5
3,211E-5
3,2241E-5
2,5375E-5
2,7587E-5
2,4341E-5
3,7569E-5
3,2077E-5
3,3054E-5
2,331E-5
3,2643E-5
3,2677E-5
3,2516E-5
2,487E-5
2,5793E-5
2,5197E-5
3,2832E-5
2,8847E-5
2,5432E-5
2,6052E-5
2,7792E-5
2,9179E-5
2,8975E-5
2,7709E-5
2,679E-5
3,2421E-5
3,2487E-5
3,3514E-5
2,9439E-5
3,2161E-5
2,501E-5
2,5644E-5
3,4864E-5
2,5045E-5
2,6642E-5
2,9074E-5
3,204E-5
3,321E-5
2,4129E-5
3,2963E-5
2,8465E-5
2,5931E-5
2,4106E-5
3,4403E-5
2,4909E-5
2,4528E-5
3,1465E-5
2,566E-5
2,4503E-5
2,9261E-5
3,0224E-5
3,1876E-5
2,7796E-5
2,4273E-5
2,5993E-5
3,3201E-5
2,4677E-5
3,2358E-5
2,7835E-5
2,6058E-5
2,833E-5
3,2362E-5
2,8576E-5
3,2024E-5
2,5193E-5
2,5831E-5
2,3897E-5
2,4675E-5
2,7989E-5
3,1813E-5
2,3969E-5
2,5573E-5
2,5086E-5
3,3553E-5
2,4909E-5
3,2707E-5
2,3447E-5
2,4773E-5
2,4887E-5
2,4307E-5
2,5569E-5
3,2338E-5
2,4271E-5
2,5517E-5
2,4391E-5
3,1613E-5
2,8486E-5
2,637E-5
2,4271E-5
2,8153E-5
3,3143E-5
2,4793E-5
2,4812E-5
3,2096E-5
3,3249E-5
2,6025E-5
2,6769E-5
2,5181E-5
2,6533E-5
2,5732E-5
2,6757E-5
2,5429E-5
3,2547E-5
2,4369E-5
2,4446E-5
2,9431E-5
3,3031E-5
3,2269E-5
3,2268E-5
3,2881E-5
2,4034E-5
2,8938E-5
3,2578E-5
3,2779E-5
2,8382E-5
2,6158E-5
2,6717E-5
3,3371E-5
2,6677E-5
3,2201E-5
3,2756E-5
3,1283E-5
3,2329E-5
3,2485E-5
2,71E-5
3,5801E-5
3,1304E-5
3,1739E-5
2,5005E-5
3,236E-5
3,4017E-5
3,1885E-5
2,9937E-5
2,5346E-5
3,2613E-5
2,6325E-5
2,4521E-5
3,2254E-5
2,5014E-5
2,513E-5
3,2746E-5
2,4138E-5
3,2797E-5
3,242E-5
2,437E-5
2,4866E-5
3,2158E-5
2,419E-5
3,1773E-5
3,1732E-5
2,5386E-5
3,122E-5
2,8415E-5
3,1674E-5
2,8153E-5
2,5367E-5
3,7202E-5
2,5871E-5
3,3435E-5
3,1633E-5
2,705E-5
3,1745E-5
2,8289E-5
2,4796E-5
2,424E-5
2,453E-5
2,5025E-5
2,3948E-5
3,3472E-5
3,3434E-5
2,4138E-5
3,149E-5
2,496E-5
3,1915E-5
2,5157E-5
2,4432E-5
2,8706E-5
2,5909E-5
3,2433E-5
2,5651E-5
3,5877E-5
2,3892E-5
2,8186E-5
2,5065E-5
2,469E-5
2,5163E-5
2,3747E-5
3,2179E-5
2,7808E-5
2,8679E-5
2,418E-5
3,2357E-5
2,8644E-5
3,347E-5
3,1553E-5
3,1547E-5
3,6856E-5
2,9372E-5
2,5655E-5
2,3559E-5
3,2151E-5
3,1982E-5
3,151E-5
2,8852E-5
2,7988E-5
2,3934E-5
2,3972E-5
3,2195E-5
3,2771E-5
2,4531E-5
2,8292E-5
2,4487E-5
2,4701E-5
3,2433E-5
3,14E-5
2,4478E-5
3,8329E-5
3,2583E-5
2,5657E-5
2,8069E-5
2,8031E-5
2,6772E-5
2,8185E-5
2,4116E-5
3,1553E-5
3,1303E-5
3,2005E-5
2,729E-5
2,8452E-5
2,4003E-5
3,2475E-5
2,5691E-5
2,9101E-5
2,7774E-5
2,8927E-5
2,5769E-5
3,6454E-5
3,2406E-5
2,4456E-5
2,8826E-5
2,5554E-5
2,3712E-5
3,3072E-5
2,6272E-5
2,4676E-5
2,7693E-5
3,3629E-5
2,4564E-5
3,2127E-5
3,0809E-5
2,5164E-5
2,759E-5
2,4127E-5
3,1987E-5
3,151E-5
3,1751E-5
3,2919E-5
2,7252E-5
3,3048E-5
2,5118E-5
2,4424E-5
3,2111E-5
3,4594E-5
2,7159E-5
2,4596E-5
2,5535E-5
3,222E-5
2,8269E-5
3,2928E-5
3,9056E-5
2,558E-5
3,2031E-5
2,7241E-5
2,74E-5
2,9359E-5
2,4985E-5
3,412E-5
2,98E-5
2,4743E-5
3,2601E-5
2,6534E-5
2,4849E-5
2,508E-5
3,2026E-5
2,754E-5
3,3307E-5
2,4618E-5
3,7028E-5
3,1521E-5
3,4537E-5
2,5897E-5
3,2356E-5
2,85E-5
2,4779E-5
2,4848E-5
3,1969E-5
3,1953E-5
3,1785E-5
2,5228E-5
2,4621E-5
3,1845E-5
2,4008E-5
2,5363E-5
2,4609E-5
2,8302E-5
3,1303E-5
2,5692E-5
2,8438E-5
2,5425E-5
2,7964E-5
2,6318E-5
3,1809E-5
2,476E-5
3,2703E-5
2,5676E-5
3,238E-5
2,4734E-5
2,5437E-5
2,8193E-5
3,2057E-5
3,1452E-5
2,5095E-5
2,8258E-5
2,5427E-5
2,6177E-5
3,2255E-5
2,5654E-5
2,9394E-5
2,3736E-5
3,273E-5
3,2889E-5
2,8935E-5
2,446E-5
2,6466E-5
3,2333E-5
2,512E-5
2,824E-5
2,4509E-5
3,2532E-5
2,5518E-5
3,1769E-5
3,1119E-5
3,3311E-5
3,2833E-5
3,2982E-5
2,4658E-5
2,8138E-5
2,6488E-5
3,1861E-5
2,5012E-5
3,0989E-5
2,6454E-5
2,4532E-5
2,4576E-5
3,196E-5
3,2848E-5
2,8583E-5
2,6241E-5
3,2921E-5
2,5472E-5
3,1297E-5
3,7027E-5
3,7795E-5
3,7737E-5
4,3595E-5
3,0063E-5
4,7755E-5
3,2836E-5
2,4583E-5
2,9258E-5
2,9323E-5
5,1601E-5
6,4431E-5
2,5343E-5
3,2832E-5
3,5245E-5
2,839E-5
3,5004E-5
2,4455E-5
2,4739E-5
3,2115E-5
3,2082E-5
2,5412E-5
2,4782E-5
3,3905E-5
2,5619E-5
2,4356E-5
3,2107E-5
2,4607E-5
2,6156E-5
2,8291E-5
3,2281E-5
3,5637E-5
2,5646E-5
2,83E-5
3,1898E-5
2,597E-5
2,4576E-5
2,4512E-5
3,2426E-5
2,8484E-5
2,7253E-5
4,7855E-5
3,3283E-5
3,2322E-5
3,2474E-5
2,5679E-5
2,5106E-5
3,3036E-5
3,3293E-5
3,2146E-5
2,4945E-5
2,4378E-5
3,2368E-5
3,2419E-5
2,5442E-5
3,0487E-5
3,1754E-5
2,6096E-5
2,5154E-5
3,3071E-5
2,4604E-5
3,1987E-5
3,1823E-5
3,2301E-5
2,4809E-5
2,8277E-5
2,6479E-5
3,3019E-5
2,6523E-5
2,8186E-5
2,5435E-5
3,182E-5
2,4289E-5
3,373E-5
2,9309E-5
2,5634E-5
3,126E-5
2,6471E-5
2,8795E-5
2,4225E-5
2,5536E-5
3,3627E-5
2,5793E-5
2,5524E-5
3,6061E-5
3,2042E-5
3,1469E-5
3,2565E-5
2,8237E-5
2,8149E-5
3,2335E-5
3,3327E-5
3,2725E-5
2,3969E-5
3,2363E-5
2,429E-5
2,5487E-5
3,2804E-5
2,5403E-5
3,2926E-5
2,5397E-5
2,616E-5
3,4524E-5
2,4828E-5
2,5858E-5
2,8271E-5
2,8311E-5
3,2863E-5
3,2668E-5
3,4198E-5
2,8941E-5
2,6323E-5
3,2102E-5
2,8309E-5
3,2749E-5
2,8264E-5
2,5581E-5
3,2367E-5
3,2209E-5
3,2854E-5
3,2929E-5
3,2526E-5
2,8971E-5
3,184E-5
2,4922E-5
4,0249E-5
2,8321E-5
2,6662E-5
3,1862E-5
2,6258E-5
3,3301E-5
3,2229E-5
2,4728E-5
2,8197E-5
3,276E-5
3,2786E-5
3,2535E-5
3,2679E-5
3,222E-5
3,1877E-5
2,8146E-5
2,8423E-5
3,2838E-5
2,6682E-5
2,8017E-5
3,2493E-5
3,229E-5
2,498E-5
2,9407E-5
3,3237E-5
2,5514E-5
2,9208E-5
3,2796E-5
3,2271E-5
2,59E-5
3,4405E-5
3,3513E-5
3,153E-5
2,5205E-5
3,0956E-5
3,3536E-5
3,2612E-5
2,7727E-5
2,6098E-5
2,5755E-5
3,1449E-5
2,9835E-5
2,5431E-5
2,5793E-5
2,7856E-5
3,1746E-5
2,8591E-5
2,4836E-5
2,6733E-5
2,4937E-5
3,5374E-5
2,5528E-5
3,2602E-5
3,12E-5
2,8709E-5
2,702E-5
3,2166E-5
2,5532E-5
3,2796E-5
2,4756E-5
3,1946E-5
3,2902E-5
3,2026E-5
2,4538E-5
3,2559E-5
2,822E-5
3,3046E-5
3,2926E-5
2,8666E-5
3,3478E-5
2,5614E-5
3,2203E-5
2,514E-5
2,9275E-5
3,2796E-5
2,5345E-5
3,4248E-5
2,8859E-5
3,3123E-5
3,3168E-5
3,2381E-5
2,6934E-5
2,8057E-5
3,3025E-5
3,2172E-5
3,1921E-5
3,3786E-5
2,4401E-5
3,2699E-5
2,9053E-5
3,284E-5
2,4781E-5
3,2152E-5
3,2668E-5
3,2638E-5
2,8618E-5
3,341E-5
3,3015E-5
3,3436E-5
2,5289E-5
3,1436E-5
2,4403E-5
3,3001E-5
3,3277E-5
2,8448E-5
3,2116E-5
3,312E-5
2,8828E-5
3,2736E-5
2,5268E-5
2,8731E-5
2,904E-5
3,3007E-5
3,1399E-5
3,8138E-5
2,9939E-5
3,1509E-5
3,181E-5
3,3046E-5
3,3678E-5
2,817E-5
3,231E-5
3,3184E-5
2,6562E-5
2,4849E-5
3,2321E-5
3,3195E-5
2,8635E-5
2,601E-5
3,3558E-5
3,3105E-5
3,8055E-5
3,331E-5
2,8093E-5
3,1949E-5
3,2726E-5
2,6818E-5
3,2302E-5
2,4727E-5
3,3357E-5
2,9275E-5
2,4929E-5
2,605E-5
2,5125E-5
2,9636E-5
2,5204E-5
2,4654E-5
3,3443E-5
2,8296E-5
3,3314E-5
2,4899E-5
2,5042E-5
2,8715E-5
2,8206E-5
3,2892E-5
3,1662E-5
2,4867E-5
2,8578E-5
3,172E-5
2,9125E-5
3,1623E-5
2,5437E-5
3,2618E-5
2,4905E-5
2,8565E-5
3,2317E-5
3,3002E-5
3,3454E-5
3,2627E-5
3,3159E-5
2,7956E-5
2,3782E-5
2,4777E-5
2,8822E-5
2,5222E-5
2,8198E-5
3,1598E-5
3,1824E-5
3,2119E-5
2,4872E-5
2,5997E-5
3,1793E-5
2,606E-5
3,3106E-5
3,2083E-5
3,243E-5
2,7927E-5
2,4096E-5
3,1765E-5
3,3188E-5
2,4524E-5
2,8442E-5
3,163E-5
3,1254E-5
3,3105E-5
2,5329E-5
2,5107E-5
2,8064E-5
2,4504E-5
3,233E-5
3,2348E-5
2,4014E-5
2,9094E-5
3,218E-5
2,9075E-5
3,1727E-5
3,7015E-5
2,4744E-5
2,6717E-5
2,8641E-5
3,2596E-5
3,1864E-5
2,5311E-5
2,6038E-5
2,4635E-5
2,8545E-5
3,1699E-5
2,576E-5
2,5243E-5
3,2852E-5
9,2241E-5
4,1361E-5
4,5487E-5
8,7182E-5
6,8268E-5
4,8679E-5
8,0344E-5
7,4002E-5
3,895E-5
7,646E-5
4,7369E-5
5,7126E-5
7,7976E-5
6,9579E-5
5,6345E-5
4,7698E-5
3,7072E-5
3,3004E-5
2,9277E-5
3,3031E-5
2,8617E-5
2,4964E-5
3,7813E-5
4,1477E-5
2,666E-5
3,3034E-5
2,5806E-5
3,1505E-5
3,6492E-5
2,3862E-5
2,4333E-5
2,8931E-5
3,223E-5
3,2543E-5
2,5728E-5
2,6534E-5
2,6735E-5
2,4885E-5
2,7759E-5
2,504E-5
2,7536E-5
2,5538E-5
2,4857E-5
2,5528E-5
2,8518E-5
3,1999E-5
2,6102E-5
3,5701E-5
3,344E-5
3,449E-5
2,5993E-5
3,1169E-5
3,1821E-5
2,6119E-5
3,2491E-5
3,2311E-5
2,5075E-5
2,4455E-5
2,8838E-5
2,9297E-5
3,2619E-5
2,473E-5
2,4432E-5
3,2352E-5
2,5341E-5
3,2016E-5
2,3863E-5
3,6716E-5
2,5795E-5
2,838E-5
2,5523E-5
3,2418E-5
3,6121E-5
2,5043E-5
2,6659E-5
3,1175E-5
3,1535E-5
3,2457E-5
2,6061E-5
2,498E-5
2,4721E-5
3,2745E-5
2,4117E-5
2,4812E-5
3,2234E-5
3,1342E-5
3,2942E-5
3,1841E-5
2,469E-5
2,5025E-5
2,4711E-5
2,4077E-5
3,2763E-5
2,3775E-5
2,5522E-5
2,8064E-5
3,4542E-5
3,242E-5
3,2501E-5
2,6253E-5
3,1593E-5
2,8665E-5
2,4054E-5
3,1198E-5
2,5555E-5
2,5401E-5
2,9398E-5
3,5272E-5
3,2105E-5
2,4683E-5
2,3682E-5
3,1398E-5
2,887E-5
3,4336E-5
3,1139E-5
2,414E-5
2,4177E-5
3,1659E-5
2,4105E-5
3,1498E-5
2,444E-5
2,5582E-5
2,7497E-5
2,859E-5
2,4999E-5
3,181E-5
2,5435E-5
2,5099E-5
3,1226E-5
2,5151E-5
3,1422E-5
3,1496E-5
2,6754E-5
2,8207E-5
3,7385E-5
2,4764E-5
2,5539E-5
6,8308E-5
5,4673E-5
3,3843E-5
3,2728E-5
2,433E-5
6,883E-5
3,7673E-5
6,0913E-5
7,912E-5
5,8152E-5
3,6769E-5
4,1898E-5
5,7158E-5
2,5E-5
2,488E-5
2,5638E-5
2,8744E-5
2,518E-5
3,2663E-5
2,8743E-5
2,5239E-5
2,8956E-5
2,752E-5
3,2006E-5
3,2324E-5
3,0951E-5
3,5327E-5
3,1735E-5
2,7034E-5
3,3872E-5
3,3185E-5
2,9295E-5
3,2613E-5
2,4781E-5
2,7574E-5
3,1636E-5
3,6325E-5
2,7762E-5
2,5351E-5
3,154E-5
3,2028E-5
3,3045E-5
3,2584E-5
3,1942E-5
3,4181E-5
3,749E-5
2,5763E-5
3,2181E-5
5,0107E-5
3,1724E-5
5,2197E-5
6,38E-5
4,1862E-5
6,0847E-5
4,4277E-5
4,1309E-5
5,8905E-5
6,0018E-5
4,8795E-5
4,2095E-5
6,2393E-5
5,9376E-5
5,739E-5
6,0039E-5
4,2331E-5
6,0139E-5
4,5268E-5
5,781E-5
4,1178E-5
5,5089E-5
4,1375E-5
6,0645E-5
6,2115E-5
5,6904E-5
3,4369E-5
2,4967E-5
3,168E-5
2,4243E-5
2,7566E-5
3,1574E-5
2,4086E-5
2,8459E-5
2,4586E-5
3,2275E-5
2,4042E-5
3,1823E-5
2,4863E-5
3,2919E-5
3,1972E-5
2,422E-5
3,6929E-5
2,85E-5
2,423E-5
3,3228E-5
3,2246E-5
2,8159E-5
3,346E-5
3,2867E-5
2,3704E-5
2,3848E-5
3,0976E-5
3,2071E-5
3,2453E-5
2,3791E-5
2,8911E-5
3,1792E-5
2,5754E-5
2,8708E-5
2,497E-5
3,2646E-5
2,585E-5
2,4858E-5
4,1132E-5
3,241E-5
2,8932E-5
3,1321E-5
2,8677E-5
3,2241E-5
2,4771E-5
2,4388E-5
2,3835E-5
2,4574E-5
2,536E-5
2,8782E-5
2,4668E-5
4,2543E-5
2,4396E-5
2,3603E-5
2,8578E-5
2,4824E-5
3,8315E-5
3,2822E-5
3,1798E-5
2,5778E-5
2,4709E-5
2,5052E-5
3,1473E-5
2,798E-5
2,8386E-5
3,2296E-5
2,5606E-5
2,5209E-5
2,7857E-5
2,4775E-5
2,8363E-5
3,1643E-5
2,4979E-5
3,229E-5
3,1316E-5
3,2375E-5
2,9294E-5
2,4711E-5
3,2216E-5
2,6356E-5
2,5258E-5
2,4286E-5
2,5584E-5
2,5134E-5
2,4434E-5
3,4874E-5
3,2729E-5
2,5632E-5
2,3869E-5
3,4218E-5
2,472E-5
2,5297E-5
2,789E-5
2,7853E-5
2,8219E-5
3,1712E-5
3,0913E-5
2,5209E-5
3,2175E-5
2,9362E-5
2,8444E-5
2,5313E-5
3,207E-5
2,6449E-5
2,4306E-5
3,1909E-5
3,3544E-5
3,2992E-5
4,8401E-5
3,3079E-5
2,5384E-5
3,5309E-5
3,6595E-5
2,7854E-5
3,2642E-5
3,2101E-5
3,2781E-5
2,5183E-5
2,4939E-5
2,8785E-5
2,732E-5
2,4926E-5
2,5014E-5
2,8199E-5
3,9812E-5
2,5947E-5
2,3472E-5
2,8482E-5
3,2469E-5
2,5643E-5
2,5091E-5
2,9241E-5
3,4569E-5
2,405E-5
2,4072E-5
2,8841E-5
3,1316E-5
2,5612E-5
3,137E-5
3,1815E-5
3,222E-5
3,1912E-5
2,4614E-5
2,8143E-5
2,8249E-5
3,3191E-5
2,7972E-5
3,2249E-5
2,4251E-5
3,2809E-5
2,547E-5
2,7565E-5
3,2532E-5
2,4441E-5
2,528E-5
2,4006E-5
3,2884E-5
3,592E-5
3,2426E-5
2,4678E-5
3,181E-5
2,4036E-5
2,8263E-5
3,2204E-5
2,7255E-5
2,7007E-5
2,3641E-5
3,1322E-5
4,5409E-5
2,569E-5
2,7273E-5
2,472E-5
3,1493E-5
3,1806E-5
3,1812E-5
2,5828E-5
3,0932E-5
3,9115E-5
3,4268E-5
3,2195E-5
2,8143E-5
3,8096E-5
2,8089E-5
3,3073E-5
2,4474E-5
2,4545E-5
2,5668E-5
2,5058E-5
2,8069E-5
2,3618E-5
3,1988E-5
2,7931E-5
2,8477E-5
2,7651E-5
2,5122E-5
3,263E-5
2,534E-5
2,7494E-5
2,5911E-5
3,2655E-5
3,2566E-5
3,1913E-5
2,7107E-5
2,4835E-5
2,5058E-5
3,1219E-5
2,4913E-5
3,136E-5
2,8959E-5
3,3111E-5
3,3133E-5
2,4791E-5
3,323E-5
2,7512E-5
3,2265E-5
3,2594E-5
2,4156E-5
3,1579E-5
2,8516E-5
3,1892E-5
2,4762E-5
2,8736E-5
2,4977E-5
3,3354E-5
3,481E-5
2,7584E-5
2,4691E-5
2,5436E-5
2,847E-5
3,1942E-5
2,4263E-5
2,5197E-5
4,0316E-5
2,7892E-5
2,4626E-5
2,5534E-5
3,219E-5
2,951E-5
2,8883E-5
2,8763E-5
3,1873E-5
2,4331E-5
2,765E-5
2,6409E-5
3,2566E-5
2,3771E-5
2,8028E-5
2,9145E-5
3,1162E-5
3,291E-5
2,8218E-5
2,9487E-5
3,1829E-5
3,2396E-5
2,7543E-5
3,0754E-5
3,2071E-5
3,4988E-5
2,5302E-5
2,5538E-5
2,3581E-5
3,2985E-5
2,6045E-5
2,7587E-5
2,5196E-5
3,3113E-5
2,5211E-5
3,592E-5
3,0835E-5
3,3191E-5
3,25E-5
3,3393E-5
2,9187E-5
3,1021E-5
3,4953E-5
2,5475E-5
3,2779E-5
3,4138E-5
3,3662E-5
2,511E-5
2,6439E-5
3,285E-5
3,2179E-5
2,4657E-5
3,3424E-5
2,6375E-5
2,6783E-5
3,3434E-5
2,9898E-5
2,8292E-5
3,339E-5
2,505E-5
2,4719E-5
3,2282E-5
3,4841E-5
3,311E-5
2,429E-5
3,1773E-5
3,1556E-5
3,2118E-5
3,2554E-5
2,5761E-5
3,3476E-5
3,1385E-5
3,2077E-5
2,7936E-5
3,6906E-5
3,2705E-5
3,1538E-5
3,7962E-5
2,7044E-5
2,8093E-5
2,5858E-5
2,5347E-5
2,8416E-5
2,5747E-5
3,3062E-5
2,5154E-5
3,5888E-5
2,8625E-5
2,5889E-5
2,4944E-5
3,3009E-5
4,2993E-5
3,2241E-5
2,4642E-5
3,2474E-5
3,1854E-5
2,8522E-5
2,5309E-5
2,4739E-5
3,2537E-5
3,1821E-5
2,6774E-5
3,314E-5
2,4875E-5
2,5965E-5
3,2089E-5
2,3914E-5
2,42E-5
2,8116E-5
2,5637E-5
2,4548E-5
2,494E-5
3,2022E-5
3,2309E-5
3,3022E-5
2,8707E-5
3,2666E-5
3,463E-5
2,8319E-5
3,2732E-5
2,574E-5
3,3299E-5
3,2409E-5
3,1647E-5
3,6233E-5
3,1703E-5
2,5887E-5
3,1975E-5
3,1633E-5
4,3902E-5
2,7684E-5
2,8838E-5
3,1279E-5
2,49E-5
2,4812E-5
3,2583E-5
3,1728E-5
2,5496E-5
3,3077E-5
2,5668E-5
3,5559E-5
3,1874E-5
2,8894E-5
2,951E-5
3,2636E-5
2,8934E-5
3,2143E-5
2,4811E-5
3,2775E-5
2,451E-5
2,5786E-5
2,4097E-5
2,8572E-5
2,7936E-5
2,4256E-5
2,5568E-5
3,3511E-5
2,8436E-5
2,4062E-5
2,8852E-5
3,2727E-5
3,4251E-5
2,4975E-5
2,6015E-5
3,1919E-5
2,8791E-5
2,5227E-5
2,4875E-5
3,2255E-5
3,1947E-5
4,2965E-5
2,5442E-5
2,5769E-5
2,7565E-5
2,8204E-5
2,3654E-5
3,1992E-5
3,0272E-5
3,2506E-5
2,5276E-5
2,8816E-5
2,4746E-5
3,2431E-5
2,612E-5
2,5603E-5
3,1593E-5
2,4165E-5
3,1463E-5
3,1352E-5
2,7842E-5
2,4608E-5
2,8063E-5
2,8345E-5
3,2302E-5
2,5024E-5
2,826E-5
3,5633E-5
2,4771E-5
2,819E-5
3,2508E-5
3,1809E-5
2,8376E-5
3,1277E-5
2,4021E-5
2,4571E-5
3,1963E-5
3,1966E-5
2,4512E-5
3,1239E-5
2,8212E-5
2,8236E-5
3,182E-5
3,1188E-5
2,857E-5
3,2583E-5
2,468E-5
2,8295E-5
3,6456E-5
2,5242E-5
2,4419E-5
2,4906E-5
2,4717E-5
3,2214E-5
3,1649E-5
3,2095E-5
2,8826E-5
2,5164E-5
3,2923E-5
2,4457E-5
2,7572E-5
3,4289E-5
3,1662E-5
2,5039E-5
2,5431E-5
2,5085E-5
2,7769E-5
3,1418E-5
2,511E-5
2,5495E-5
3,166E-5
3,5027E-5
3,172E-5
3,2872E-5
3,2127E-5
3,2672E-5
2,4637E-5
3,2881E-5
3,4079E-5
2,5163E-5
2,8242E-5
3,3359E-5
3,2252E-5
2,5437E-5
2,3925E-5
3,2342E-5
2,9377E-5
3,2744E-5
3,2029E-5
2,8777E-5
3,5517E-5
4,1741E-5
2,4726E-5
2,6196E-5
3,29E-5
2,8771E-5
2,4474E-5
3,3565E-5
5,1393E-5
2,663E-5
2,4201E-5
2,5362E-5
3,185E-5
3,1687E-5
2,5565E-5
3,2136E-5
3,8856E-5
2,4025E-5
3,128E-5
3,4872E-5
2,5922E-5
2,8379E-5
2,6074E-5
2,4709E-5
2,4085E-5
3,1675E-5
3,1343E-5
3,2392E-5
2,4997E-5
2,8365E-5
2,4608E-5
2,5823E-5
2,4413E-5
2,4872E-5
3,3828E-5
2,596E-5
2,4426E-5
2,4749E-5
2,4491E-5
2,4827E-5
4,0638E-5
3,1381E-5
2,8632E-5
2,415E-5
2,901E-5
2,7932E-5
2,446E-5
2,541E-5
2,6307E-5
2,5722E-5
2,6341E-5
3,7549E-5
2,4691E-5
3,2513E-5
3,4521E-5
2,6214E-5
4,2558E-5
2,8972E-5
2,4335E-5
2,5885E-5
3,2764E-5
3,2361E-5
2,8926E-5
3,3172E-5
2,497E-5
2,5021E-5
2,9561E-5
2,4866E-5
3,2572E-5
3,2241E-5
3,2318E-5
3,2379E-5
3,1631E-5
2,4723E-5
3,3039E-5
2,3839E-5
3,3209E-5
3,2043E-5
2,7415E-5
2,8896E-5
3,3006E-5
3,2076E-5
2,535E-5
3,211E-5
3,366E-5
2,6111E-5
3,2808E-5
2,547E-5
2,7836E-5
3,2661E-5
3,3216E-5
3,2746E-5
3,2689E-5
3,3518E-5
3,2033E-5
2,5522E-5
2,4309E-5
2,4945E-5
3,1895E-5
3,6121E-5
2,5541E-5
4,8961E-5
2,5666E-5
2,4801E-5
3,1371E-5
2,5716E-5
3,2173E-5
2,4432E-5
2,5744E-5
2,4321E-5
2,4844E-5
2,4294E-5
2,7436E-5
3,2958E-5
2,5847E-5
2,4634E-5
2,5858E-5
3,403E-5
2,451E-5
2,6843E-5
2,5086E-5
2,5878E-5
3,1979E-5
2,8759E-5
3,1511E-5
2,8884E-5
2,8854E-5
3,2745E-5
2,4382E-5
2,4644E-5
3,2263E-5
2,8281E-5
3,1921E-5
3,2598E-5
3,1514E-5
2,4885E-5
2,7338E-5
2,6308E-5
3,2105E-5
3,1393E-5
2,6257E-5
2,4599E-5
2,926E-5
3,3344E-5
2,5615E-5
3,2111E-5
3,3099E-5
2,9056E-5
2,7723E-5
2,4933E-5
3,2203E-5
2,5095E-5
3,1863E-5
2,8543E-5
2,4784E-5
2,4545E-5
3,2883E-5
2,6462E-5
3,5818E-5
2,568E-5
2,754E-5
2,4805E-5
3,2438E-5
2,5607E-5
2,7818E-5
3,6753E-5
3,7334E-5
2,7428E-5
3,3434E-5
2,5026E-5
3,2672E-5
2,5393E-5
3,2294E-5
3,1228E-5
2,5121E-5
2,644E-5
2,3755E-5
2,9367E-5
2,3883E-5
3,2321E-5
3,2656E-5
2,5076E-5
3,2447E-5
3,3745E-5
2,8125E-5
2,7009E-5
2,4457E-5
2,5727E-5
3,3191E-5
2,6391E-5
2,8774E-5
2,8442E-5
2,437E-5
2,8926E-5
3,2244E-5
2,8198E-5
2,5065E-5
2,8679E-5
2,6496E-5
3,2494E-5
3,3882E-5
3,3289E-5
3,028E-5
2,4181E-5
3,3084E-5
2,4589E-5
3,2101E-5
2,4974E-5
3,2467E-5
3,3139E-5
3,3033E-5
2,804E-5
2,4095E-5
3,2284E-5
3,3003E-5
2,5632E-5
2,4484E-5
2,5081E-5
4,5522E-5
2,4856E-5
2,9439E-5
3,2309E-5
2,6006E-5
2,6819E-5
2,8055E-5
2,9543E-5
2,4896E-5
2,6553E-5
3,4879E-5
3,3448E-5
3,1788E-5
3,1538E-5
3,1993E-5
3,2917E-5
2,7933E-5
3,179E-5
2,5159E-5
3,243E-5
2,8701E-5
2,6257E-5
2,4245E-5
2,8561E-5
3,2326E-5
3,199E-5
2,4668E-5
2,5698E-5
2,4043E-5
2,6139E-5
3,2123E-5
2,5864E-5
3,3342E-5
3,3055E-5
2,7868E-5
3,351E-5
3,2016E-5
2,4818E-5
2,5156E-5
3,2086E-5
2,4229E-5
3,2876E-5
2,6259E-5
2,8241E-5
2,6524E-5
3,3151E-5
3,1979E-5
3,251E-5
3,1967E-5
2,565E-5
2,7501E-5
3,2149E-5
2,5281E-5
2,8452E-5
2,5785E-5
2,5669E-5
3,2992E-5
2,4811E-5
2,8559E-5
3,1278E-5
2,9203E-5
2,407E-5
2,9769E-5
3,2076E-5
3,1826E-5
2,4144E-5
2,9024E-5
3,2256E-5
3,1807E-5
2,591E-5
2,8938E-5
3,2376E-5
3,1333E-5
2,4463E-5
3,268E-5
2,5153E-5
2,636E-5
2,5166E-5
2,8795E-5
4,1475E-5
5,9272E-5
4,9193E-5
5,8806E-5
4,799E-5
2,5234E-5
3,298E-5
3,3154E-5
2,8761E-5
3,7904E-5
3,414E-5
6,7336E-5
4,228E-5
5,8546E-5
4,7929E-5
5,9347E-5
5,9038E-5
5,7798E-5
4,9338E-5
5,7904E-5
5,4115E-5
4,2661E-5
5,2172E-5
4,1814E-5
4,445E-5
6,225E-5
5,6167E-5
5,228E-5
4,6781E-5
4,3409E-5
4,8309E-5
5,776E-5
5,6754E-5
6,1475E-5
4,5692E-5
4,1329E-5
4,1811E-5
4,1544E-5
5,706E-5
6,3092E-5
5,1417E-5
4,1859E-5
5,0739E-5
4,3209E-5
5,0433E-5
5,419E-5
5,9839E-5
6,0181E-5
4,5302E-5
6,0018E-5
4,0767E-5
4,8928E-5
4,519E-5
4,3846E-5
4,7517E-5
4,2243E-5
5,8992E-5
5,803E-5
6,1625E-5
4,8338E-5
5,7303E-5
5,8581E-5
3,8494E-5
3,1542E-5
2,6308E-5
2,485E-5
3,5747E-5
2,8029E-5
2,8992E-5
3,2793E-5
2,5266E-5
3,2651E-5
3,2932E-5
3,3415E-5
2,6108E-5
2,7604E-5
2,4419E-5
3,4685E-5
3,2452E-5
3,226E-5
4,2009E-5
3,2818E-5
4,1208E-5
2,8983E-5
3,2483E-5
3,3715E-5
2,5366E-5
3,2524E-5
2,578E-5
3,294E-5
3,165E-5
2,5262E-5
3,3502E-5
2,523E-5
3,1892E-5
2,5668E-5
4,946E-5
2,5063E-5
2,3943E-5
3,1712E-5
3,2169E-5
2,668E-5
2,8378E-5
2,4664E-5
2,5997E-5
3,1876E-5
2,66E-5
3,3039E-5
2,4484E-5
3,2377E-5
3,1538E-5
2,4638E-5
2,5424E-5
2,5426E-5
2,3922E-5
2,4857E-5
3,134E-5
2,4685E-5
3,2308E-5
3,1508E-5
2,8268E-5
3,2067E-5
2,6765E-5
2,5399E-5
3,6461E-5
2,81E-5
2,8421E-5
2,544E-5
3,4407E-5
4,2942E-5
3,6467E-5
3,264E-5
3,2371E-5
3,2934E-5
2,7218E-5
3,2353E-5
4,7658E-5
2,7592E-5
3,1316E-5
2,4733E-5
2,497E-5
2,8797E-5
3,1902E-5
3,3371E-5
3,2235E-5
2,5001E-5
3,3137E-5
3,65E-5
2,445E-5
3,2932E-5
2,5484E-5
3,218E-5
3,2929E-5
3,2444E-5
2,5011E-5
2,4642E-5
2,4262E-5
3,5393E-5
3,3544E-5
3,8204E-5
3,1109E-5
2,7481E-5
3,3964E-5
2,8804E-5
3,1818E-5
2,8373E-5
3,2305E-5
2,4397E-5
2,4935E-5
2,8098E-5
3,2465E-5
2,5236E-5
2,7818E-5
3,631E-5
2,5869E-5
3,2481E-5
2,5901E-5
3,243E-5
2,4539E-5
2,3918E-5
3,311E-5
3,1264E-5
2,4904E-5
3,2053E-5
3,2507E-5
3,2019E-5
2,9282E-5
3,2711E-5
3,1335E-5
2,4018E-5
2,5261E-5
2,458E-5
2,4477E-5
4,4296E-5
2,5145E-5
2,6421E-5
2,4714E-5
2,9228E-5
2,7671E-5
3,3051E-5
2,5742E-5
2,731E-5
2,6143E-5
2,4082E-5
2,5809E-5
2,4881E-5
3,3332E-5
2,5309E-5
2,4842E-5
2,538E-5
3,284E-5
2,4002E-5
2,5161E-5
2,4763E-5
3,1917E-5
2,5212E-5
2,5056E-5
2,5137E-5
3,0953E-5
2,4756E-5
2,3939E-5
2,7798E-5
3,1922E-5
2,4264E-5
2,3989E-5
2,815E-5
3,4682E-5
2,4757E-5
2,8988E-5
2,8408E-5
3,2931E-5
3,1921E-5
2,9142E-5
2,7558E-5
3,3009E-5
3,2243E-5
2,9418E-5
2,7714E-5
3,1074E-5
4,5043E-5
2,83E-5
3,1596E-5
3,2276E-5
2,8607E-5
2,4612E-5
4,7974E-5
3,2424E-5
2,3809E-5
3,2913E-5
3,2279E-5
3,3039E-5
3,1652E-5
3,3043E-5
2,3898E-5
2,823E-5
3,1398E-5
2,4201E-5
3,1382E-5
3,9807E-5
3,1159E-5
3,1314E-5
2,4675E-5
2,8668E-5
3,1902E-5
2,5407E-5
3,1188E-5
3,2317E-5
2,5513E-5
3,9709E-5
2,4347E-5
2,796E-5
3,1942E-5
2,4635E-5
3,1439E-5
3,2865E-5
2,5246E-5
3,2471E-5
2,4865E-5
2,8124E-5
3,2503E-5
2,4609E-5
3,1635E-5
3,2145E-5
3,0921E-5
2,8931E-5
2,4057E-5
3,3587E-5
2,5638E-5
2,3941E-5
3,1713E-5
3,2572E-5
3,1514E-5
2,77E-5
2,4401E-5
3,1138E-5
3,2472E-5
2,4382E-5
2,7782E-5
3,1377E-5
2,5682E-5
3,1936E-5
2,5279E-5
2,9674E-5
3,3316E-5
2,4841E-5
3,1267E-5
3,1694E-5
3,2049E-5
3,0962E-5
2,4097E-5
3,2196E-5
3,2103E-5
2,5631E-5
3,2636E-5
3,1951E-5
3,2105E-5
2,7576E-5
2,8236E-5
3,1153E-5
2,4725E-5
2,3725E-5
3,2214E-5
2,552E-5
2,9262E-5
3,2678E-5
3,2447E-5
2,4246E-5
2,8497E-5
3,3554E-5
2,4354E-5
3,2796E-5
2,7844E-5
3,1646E-5
3,2107E-5
2,8423E-5
2,8208E-5
3,3134E-5
3,4085E-5
2,9086E-5
3,3482E-5
2,465E-5
2,4781E-5
3,3087E-5
2,599E-5
3,2197E-5
2,8706E-5
3,3289E-5
2,4337E-5
2,424E-5
3,1539E-5
2,8804E-5
3,2336E-5
3,2936E-5
2,8208E-5
2,632E-5
2,6269E-5
3,2885E-5
3,3485E-5
2,919E-5
4,2147E-5
2,9766E-5
3,2626E-5
2,8473E-5
3,2182E-5
2,412E-5
3,1546E-5
2,7986E-5
2,4514E-5
3,1948E-5
2,5926E-5
3,0679E-5
2,4657E-5
2,78E-5
3,1895E-5
3,2558E-5
2,8629E-5
2,5586E-5
2,8333E-5
3,0999E-5
2,4701E-5
2,5343E-5
3,2728E-5
3,2925E-5
2,5938E-5
3,2075E-5
3,3097E-5
3,9933E-5
2,8368E-5
3,2453E-5
3,2187E-5
2,445E-5
2,6078E-5
3,6388E-5
3,2312E-5
3,242E-5
2,492E-5
2,8156E-5
3,2204E-5
2,4815E-5
2,4839E-5
2,9825E-5
3,3612E-5
2,6205E-5
3,2553E-5
3,2873E-5
3,3096E-5
2,5071E-5
2,5298E-5
3,1849E-5
3,1536E-5
2,5657E-5
3,3162E-5
2,8774E-5
3,1077E-5
2,5636E-5
3,5215E-5
3,1292E-5
3,35E-5
2,8162E-5
3,1596E-5
2,6091E-5
3,2166E-5
3,2087E-5
2,8968E-5
3,239E-5
3,2521E-5
2,4611E-5
3,3926E-5
3,2034E-5
2,5449E-5
2,492E-5
2,8614E-5
2,9919E-5
3,2664E-5
2,4494E-5
2,7834E-5
3,203E-5
3,1738E-5
3,1778E-5
2,8503E-5
3,1464E-5
3,3188E-5
2,5165E-5
2,8954E-5
3,1246E-5
3,1011E-5
2,4526E-5
2,8522E-5
3,2875E-5
2,5206E-5
3,2599E-5
3,344E-5
2,8709E-5
3,2448E-5
2,4657E-5
2,4621E-5
3,2584E-5
3,0975E-5
3,2957E-5
3,2746E-5
3,2519E-5
3,2589E-5
3,2129E-5
2,5345E-5
3,2764E-5
2,6209E-5
2,4656E-5
3,014E-5
3,2361E-5
2,5794E-5
2,6777E-5
2,4732E-5
2,4021E-5
3,4394E-5
4,2725E-5
3,4251E-5
3,183E-5
2,7951E-5
2,5164E-5
3,19E-5
2,5309E-5
2,5709E-5
3,2178E-5
2,7774E-5
2,5944E-5
3,2878E-5
2,5434E-5
2,4786E-5
3,2993E-5
3,8668E-5
2,8024E-5
2,4343E-5
2,6199E-5
3,1469E-5
2,7111E-5
3,1559E-5
2,5433E-5
2,3998E-5
3,1562E-5
2,5067E-5
3,1624E-5
5,0934E-5
5,3717E-5
6,1194E-5
2,5369E-5
3,217E-5
3,2369E-5
3,8099E-5
3,2001E-5
2,8067E-5
4,8024E-5
4,8496E-5
4,5071E-5
3,4495E-5
2,9737E-5
3,2233E-5
2,6271E-5
2,8486E-5
2,5695E-5
2,7789E-5
3,2631E-5
2,7835E-5
2,8031E-5
3,1672E-5
2,8782E-5
2,4595E-5
2,8327E-5
2,4066E-5
2,4545E-5
3,2813E-5
2,6881E-5
3,2475E-5
3,2908E-5
3,2402E-5
2,8093E-5
3,3223E-5
2,7631E-5
2,9145E-5
3,268E-5
3,2218E-5
3,2517E-5
2,461E-5
3,221E-5
2,7839E-5
2,8531E-5
3,2656E-5
2,8357E-5
2,5111E-5
3,1774E-5
2,999E-5
2,4883E-5
2,8591E-5
2,867E-5
3,1693E-5
2,8469E-5
2,7756E-5
2,8012E-5
3,1564E-5
2,9171E-5
2,5697E-5
2,5552E-5
2,535E-5
3,2145E-5
3,2688E-5
3,2527E-5
2,6177E-5
3,2282E-5
3,1611E-5
2,7795E-5
3,2596E-5
2,6868E-5
2,5026E-5
2,4699E-5
3,2792E-5
2,8839E-5
2,4794E-5
3,2069E-5
3,2988E-5
2,8362E-5
2,7639E-5
3,4398E-5
2,6062E-5
3,3413E-5
2,5307E-5
2,4836E-5
2,5503E-5
2,5542E-5
3,3177E-5
3,2921E-5
3,0727E-5
3,1925E-5
2,8916E-5
3,2757E-5
3,2424E-5
3,1667E-5
2,7749E-5
3,3488E-5
3,0047E-5
2,4693E-5
2,7446E-5
2,5989E-5
2,9598E-5
2,4561E-5
3,237E-5
3,1916E-5
3,6348E-5
2,519E-5
2,8795E-5
3,2307E-5
3,1715E-5
3,2297E-5
3,0358E-5
3,2389E-5
2,613E-5
2,5453E-5
2,413E-5
2,4893E-5
3,1799E-5
3,486E-5
3,2006E-5
3,2877E-5
2,8105E-5
2,8517E-5
2,7201E-5
2,5153E-5
3,1018E-5
3,8138E-5
3,1956E-5
2,7949E-5
2,8536E-5
2,5554E-5
3,312E-5
2,7896E-5
2,4714E-5
3,2379E-5
2,7865E-5
2,5253E-5
3,1926E-5
2,5657E-5
2,8422E-5
3,3244E-5
2,4351E-5
2,7102E-5
2,569E-5
3,0547E-5
2,5411E-5
3,3433E-5
3,3296E-5
2,4684E-5
3,2274E-5
2,6724E-5
2,5666E-5
3,2281E-5
3,3459E-5
3,1597E-5
2,6482E-5
2,6283E-5
2,6237E-5
3,2235E-5
2,514E-5
3,1802E-5
2,4831E-5
2,5316E-5
3,2233E-5
2,8254E-5
3,2366E-5
2,5693E-5
2,5224E-5
2,4585E-5
3,3639E-5
3,5559E-5
2,4566E-5
2,753E-5
2,5394E-5
2,4814E-5
2,5425E-5
2,8554E-5
3,2213E-5
3,2276E-5
2,5084E-5
2,8238E-5
2,5243E-5
3,4386E-5
2,8113E-5
2,8309E-5
3,3434E-5
2,5038E-5
3,1574E-5
2,8719E-5
3,2263E-5
3,3066E-5
2,7717E-5
2,451E-5
3,1021E-5
3,2326E-5
3,1492E-5
2,8163E-5
3,2453E-5
2,4421E-5
3,1492E-5
2,8799E-5
3,1679E-5
3,5876E-5
2,7658E-5
2,492E-5
3,3082E-5
2,4261E-5
3,1827E-5
2,8515E-5
3,219E-5
2,4698E-5
3,2738E-5
2,9121E-5
3,1849E-5
2,4675E-5
3,1163E-5
2,8188E-5
3,2873E-5
2,4609E-5
3,3292E-5
2,8759E-5
3,202E-5
2,4772E-5
4,9243E-5
3,3543E-5
2,5437E-5
2,4823E-5
2,5877E-5
3,415E-5
2,5941E-5
3,2459E-5
2,4811E-5
2,43E-5
2,8807E-5
3,2844E-5
3,1895E-5
3,3072E-5
2,5096E-5
2,5302E-5
2,4892E-5
2,8712E-5
2,4414E-5
3,1591E-5
3,1375E-5
2,4785E-5
3,3107E-5
3,3162E-5
2,4832E-5
3,1898E-5
3,1757E-5
2,5436E-5
3,216E-5
2,7566E-5
2,8361E-5
2,4648E-5
2,4295E-5
2,8831E-5
2,5141E-5
3,1362E-5
2,3678E-5
3,1226E-5
2,5287E-5
3,1159E-5
2,7409E-5
3,5891E-5
4,6818E-5
3,4083E-5
3,0798E-5
3,1689E-5
2,5277E-5
3,2786E-5
2,6083E-5
3,4037E-5
3,077E-5
3,3575E-5
2,8823E-5
2,6378E-5
3,2004E-5
3,2042E-5
3,2818E-5
2,7452E-5
4,0188E-5
3,0878E-5
2,478E-5
3,1589E-5
2,3835E-5
2,5816E-5
3,0938E-5
2,4487E-5
2,8233E-5
3,1011E-5
2,4193E-5
3,3489E-5
2,9503E-5
4,3537E-5
3,2146E-5
2,7283E-5
2,404E-5
2,8133E-5
3,1902E-5
2,6442E-5
3,31E-5
3,2951E-5
3,0919E-5
3,2817E-5
3,1571E-5
2,4411E-5
2,8273E-5
3,5756E-5
2,4916E-5
3,5883E-5
3,2008E-5
2,4644E-5
3,277E-5
2,5532E-5
2,8235E-5
3,3216E-5
3,195E-5
2,4631E-5
2,9046E-5
2,4186E-5
3,3405E-5
2,4944E-5
2,7586E-5
3,2119E-5
3,1404E-5
2,5704E-5
3,2081E-5
2,7472E-5
3,5658E-5
2,4413E-5
2,7512E-5
2,5238E-5
3,4244E-5
2,4702E-5
2,7681E-5
3,1133E-5
3,1594E-5
2,4892E-5
3,1378E-5
3,2739E-5
3,2174E-5
2,5394E-5
3,1578E-5
3,1893E-5
3,2711E-5
2,8628E-5
2,7751E-5
3,1884E-5
3,4113E-5
3,1474E-5
3,6131E-5
2,4384E-5
2,3896E-5
2,4177E-5
3,1817E-5
2,5154E-5
3,3531E-5
2,4422E-5
3,065E-5
2,4526E-5
3,2125E-5
2,4256E-5
2,8627E-5
2,4776E-5
3,2358E-5
2,5433E-5
3,1184E-5
3,1356E-5
3,303E-5
2,5242E-5
2,7045E-5
2,5104E-5
2,3515E-5
3,6463E-5
3,104E-5
2,4381E-5
3,236E-5
2,5846E-5
3,2449E-5
2,406E-5
2,6354E-5
3,2932E-5
2,8827E-5
3,1921E-5
2,8477E-5
3,1367E-5
2,4617E-5
2,7829E-5
3,2585E-5
3,1727E-5
2,5293E-5
2,5933E-5
5,1718E-5
5,7892E-5
5,7744E-5
4,1372E-5
5,1245E-5
4,9284E-5
4,5731E-5
5,6687E-5
4,4947E-5
5,4187E-5
4,0064E-5
4,3359E-5
5,7443E-5
5,8664E-5
6,3486E-5
5,4101E-5
4,3023E-5
4,0804E-5
5,6923E-5
4,1624E-5
4,8302E-5
4,7213E-5
5,5946E-5
4,7444E-5
4,5938E-5
5,8611E-5
6,1323E-5
4,0247E-5
5,8797E-5
4,8431E-5
4,3514E-5
5,9593E-5
6,3004E-5
4,5627E-5
4,1836E-5
4,4386E-5
5,8843E-5
5,9874E-5
4,3507E-5
5,0001E-5
4,5939E-5
5,94E-5
4,1983E-5
4,7141E-5
4,2509E-5
5,8304E-5
4,3606E-5
4,9286E-5
4,2744E-5
5,327E-5
4,0767E-5
4,2111E-5
5,784E-5
5,8998E-5
4,4141E-5
4,3743E-5
4,1848E-5
4,8793E-5
6,1981E-5
4,662E-5
5,6142E-5
4,5863E-5
4,1991E-5
4,5238E-5
5,9686E-5
4,7453E-5
6,2716E-5
5,6863E-5
4,1843E-5
4,6455E-5
2,5532E-5
3,2194E-5
3,1595E-5
3,1402E-5
2,489E-5
3,1619E-5
2,7923E-5
2,7433E-5
2,8711E-5
2,7804E-5
2,4679E-5
2,594E-5
2,6858E-5
2,4855E-5
3,1706E-5
2,8699E-5
2,5799E-5
3,2489E-5
2,4142E-5
2,8744E-5
2,8542E-5
2,7991E-5
2,8633E-5
2,5185E-5
3,2749E-5
2,9574E-5
2,4776E-5
2,4296E-5
2,5149E-5
2,4438E-5
3,3369E-5
3,2125E-5
2,4876E-5
3,1987E-5
3,222E-5
2,4352E-5
3,1491E-5
2,4933E-5
2,4574E-5
3,156E-5
2,819E-5
3,1578E-5
3,1572E-5
2,709E-5
2,8583E-5
2,3615E-5
2,5117E-5
3,3706E-5
3,1576E-5
2,5102E-5
3,5505E-5
2,7975E-5
2,5418E-5
3,1297E-5
2,8713E-5
3,1983E-5
2,9033E-5
2,8661E-5
2,7504E-5
2,4351E-5
2,5365E-5
3,2121E-5
2,5474E-5
2,74E-5
2,5005E-5
2,6323E-5
2,7607E-5
2,4673E-5
2,4759E-5
2,8767E-5
3,2722E-5
2,4396E-5
2,816E-5
3,1024E-5
2,3178E-5
2,8394E-5
2,4656E-5
2,9867E-5
2,574E-5
2,6918E-5
3,1263E-5
2,4916E-5
2,3988E-5
3,2061E-5
3,1554E-5
3,2757E-5
3,072E-5
2,5179E-5
2,8755E-5
3,2328E-5
3,4921E-5
2,4679E-5
2,4466E-5
3,2458E-5
2,5204E-5
2,7828E-5
3,3085E-5
3,2535E-5
2,4527E-5
3,8065E-5
3,1245E-5
3,1111E-5
2,4358E-5
2,8053E-5
3,2284E-5
2,8089E-5
2,4027E-5
2,7904E-5
3,2455E-5
2,9085E-5
2,4373E-5
2,5126E-5
3,2078E-5
3,1217E-5
2,4745E-5
2,5394E-5
4,0551E-5
2,8495E-5
2,507E-5
2,8192E-5
4,4071E-5
2,4834E-5
2,5075E-5
3,7332E-5
3,2122E-5
2,4781E-5
3,2983E-5
2,7364E-5
3,7286E-5
2,4566E-5
3,3036E-5
2,6967E-5
3,5455E-5
2,8318E-5
2,3861E-5
2,8497E-5
3,3262E-5
2,9164E-5
2,399E-5
2,399E-5
3,2252E-5
3,1597E-5
2,5854E-5
2,7261E-5
3,2004E-5
3,1483E-5
2,5777E-5
2,4385E-5
3,2116E-5
3,2447E-5
3,4308E-5
2,8136E-5
3,1929E-5
2,3755E-5
3,2405E-5
2,3944E-5
4,4478E-5
2,5215E-5
3,2473E-5
3,3119E-5
2,7956E-5
2,5037E-5
3,1869E-5
3,1866E-5
2,8153E-5
2,5318E-5
3,1772E-5
3,2467E-5
2,785E-5
2,7257E-5
3,3085E-5
3,2912E-5
2,7849E-5
2,4994E-5
3,1656E-5
2,4544E-5
2,5855E-5
3,074E-5
3,119E-5
2,4481E-5
2,7046E-5
3,0873E-5
3,1817E-5
2,4549E-5
2,4114E-5
2,4475E-5
3,2094E-5
2,4247E-5
3,2067E-5
2,5302E-5
4,014E-5
3,2926E-5
3,3163E-5
2,8502E-5
2,6291E-5
3,4328E-5
2,6319E-5
2,7886E-5
2,7445E-5
2,8377E-5
2,4451E-5
2,4696E-5
3,2026E-5
3,063E-5
3,2707E-5
2,3861E-5
3,1576E-5
3,2214E-5
2,4443E-5
2,9445E-5
3,5364E-5
2,4684E-5
2,6289E-5
2,435E-5
2,4216E-5
3,1914E-5
2,3828E-5
3,2882E-5
2,5583E-5
2,7516E-5
4,1254E-5
3,1323E-5
2,4758E-5
2,4021E-5
3,9558E-5
2,521E-5
4,1785E-5
2,4978E-5
2,9524E-5
2,5032E-5
2,5162E-5
3,331E-5
3,0917E-5
2,4388E-5
3,2138E-5
3,273E-5
2,3734E-5
3,2419E-5
2,7016E-5
2,7358E-5
2,3993E-5
3,3217E-5
3,3655E-5
2,4549E-5
3,1532E-5
3,2557E-5
3,2035E-5
3,1871E-5
3,194E-5
2,4845E-5
3,1289E-5
2,4453E-5
3,2038E-5
2,3852E-5
3,1446E-5
3,1701E-5
2,694E-5
3,2801E-5
3,1027E-5
2,7267E-5
2,4749E-5
3,1865E-5
4,5486E-5
2,5967E-5
2,7304E-5
2,5121E-5
2,5188E-5
2,5245E-5
3,2269E-5
2,9058E-5
2,5819E-5
3,1436E-5
3,1397E-5
2,4544E-5
2,4474E-5
2,4574E-5
2,8587E-5
2,7843E-5
2,4309E-5
3,1704E-5
3,1066E-5
2,4231E-5
3,2417E-5
3,0601E-5
3,0712E-5
3,1594E-5
3,1432E-5
3,1041E-5
2,7497E-5
3,1306E-5
3,1556E-5
3,2535E-5
2,4411E-5
2,8584E-5
2,5077E-5
2,7779E-5
2,3842E-5
3,2777E-5
3,1022E-5
3,1777E-5
2,7317E-5
3,2605E-5
3,2118E-5
2,7441E-5
2,3863E-5
3,59E-5
2,7121E-5
3,1929E-5
3,7024E-5
2,7567E-5
3,2744E-5
2,454E-5
2,6639E-5
3,2324E-5
3,2173E-5
3,6284E-5
3,2338E-5
3,1753E-5
2,5094E-5
3,2042E-5
2,4449E-5
3,323E-5
2,4518E-5
3,1088E-5
2,404E-5
3,2484E-5
2,4819E-5
3,2304E-5
2,5183E-5
3,173E-5
2,7819E-5
3,2242E-5
2,8091E-5
3,251E-5
3,3085E-5
3,0902E-5
2,7669E-5
3,1482E-5
3,1993E-5
3,1443E-5
2,5452E-5
3,2874E-5
3,2324E-5
2,4157E-5
2,6249E-5
2,4563E-5
2,3943E-5
2,4604E-5
2,6739E-5
2,4894E-5
2,694E-5
2,5368E-5
2,5343E-5
2,4942E-5
2,4929E-5
2,4321E-5
2,4977E-5
3,2831E-5
2,4818E-5
3,1265E-5
2,4126E-5
3,2601E-5
2,4278E-5
3,2183E-5
3,2721E-5
2,4793E-5
3,1396E-5
3,2467E-5
3,3385E-5
3,1438E-5
3,0897E-5
3,1561E-5
3,1455E-5
3,0749E-5
2,8279E-5
3,1119E-5
3,0491E-5
3,2751E-5
2,9519E-5
3,1316E-5
3,2107E-5
3,1607E-5
2,7562E-5
3,1462E-5
3,7511E-5
3,2276E-5
2,5437E-5
2,5811E-5
3,2783E-5
3,3457E-5
3,9944E-5
3,2578E-5
2,4477E-5
3,1798E-5
2,48E-5
2,4727E-5
2,8702E-5
3,202E-5
3,1556E-5
3,3732E-5
2,869E-5
3,2482E-5
2,5916E-5
2,4358E-5
3,1837E-5
3,153E-5
2,4564E-5
2,4236E-5
3,1905E-5
3,4252E-5
2,3233E-5
2,3927E-5
2,9048E-5
3,2262E-5
2,3462E-5
2,5483E-5
2,8184E-5
3,3274E-5
2,775E-5
3,0806E-5
3,3019E-5
3,2632E-5
2,4205E-5
2,3865E-5
2,7569E-5
3,9566E-5
2,4796E-5
3,1528E-5
3,3456E-5
2,4687E-5
3,3096E-5
3,1222E-5
3,2151E-5
2,4241E-5
2,407E-5
2,915E-5
2,8444E-5
2,5402E-5
3,2346E-5
3,1433E-5
2,7234E-5
2,4743E-5
2,367E-5
2,8825E-5
3,1388E-5
3,2056E-5
2,4488E-5
2,4589E-5
3,3253E-5
3,2794E-5
2,5382E-5
3,1873E-5
2,3848E-5
2,5786E-5
3,2665E-5
3,2916E-5
2,4721E-5
2,4754E-5
2,4628E-5
2,4623E-5
2,8308E-5
3,215E-5
2,4814E-5
3,5523E-5
2,387E-5
2,5198E-5
2,5677E-5
2,3736E-5
2,8006E-5
2,5928E-5
2,6379E-5
2,3613E-5
2,8239E-5
2,5016E-5
2,4713E-5
2,503E-5
2,8295E-5
3,1088E-5
2,8272E-5
3,1711E-5
2,4939E-5
2,4957E-5
3,2452E-5
2,4726E-5
2,4558E-5
3,2239E-5
2,4981E-5
2,4271E-5
3,1596E-5
2,6344E-5
2,4682E-5
3,2554E-5
3,1696E-5
2,553E-5
2,4629E-5
3,1749E-5
3,4261E-5
2,819E-5
2,4288E-5
2,4847E-5
3,2039E-5
3,1926E-5
2,6825E-5
2,4573E-5
2,575E-5
3,2625E-5
2,7795E-5
3,1578E-5
3,3742E-5
2,7422E-5
2,4747E-5
2,78E-5
3,225E-5
3,0996E-5
3,1414E-5
3,3583E-5
2,4863E-5
2,4689E-5
2,4594E-5
2,5946E-5
3,1903E-5
3,2322E-5
3,224E-5
3,1379E-5
2,4236E-5
2,4324E-5
2,7069E-5
2,5375E-5
3,1327E-5
2,4288E-5
2,7394E-5
2,4542E-5
3,1505E-5
2,8161E-5
3,3342E-5
3,0562E-5
3,1134E-5
2,4216E-5
3,2193E-5
3,2796E-5
3,5695E-5
2,7613E-5
3,2328E-5
3,2821E-5
2,433E-5
2,4678E-5
2,6991E-5
3,2457E-5
2,4217E-5
3,2225E-5
3,2529E-5
3,0822E-5
3,1788E-5
2,4042E-5
3,1614E-5
3,1441E-5
3,1305E-5
2,4202E-5
2,7448E-5
3,0822E-5
3,2103E-5
2,5018E-5
2,5985E-5
3,1848E-5
3,1276E-5
2,4663E-5
2,3456E-5
4,0769E-5
2,5095E-5
2,3229E-5
3,3251E-5
3,1908E-5
3,0969E-5
2,7321E-5
3,961E-5
2,5877E-5
2,8973E-5
3,9371E-5
2,4244E-5
3,2497E-5
3,3017E-5
3,2581E-5
2,3677E-5
4,2816E-5
3,1544E-5
3,2671E-5
2,8391E-5
3,3414E-5
2,5247E-5
2,621E-5
2,8432E-5
3,2146E-5
2,7625E-5
4,7013E-5
2,8104E-5
3,2519E-5
2,7651E-5
2,5179E-5
2,671E-5
3,7193E-5
3,2905E-5
3,1827E-5
2,4083E-5
3,265E-5
3,1959E-5
4,2753E-5
2,9026E-5
4,7807E-5
2,7183E-5
2,543E-5
3,1997E-5
3,259E-5
3,0535E-5
3,2388E-5
3,2578E-5
2,5175E-5
2,4015E-5
2,6227E-5
2,5706E-5
3,1592E-5
2,4618E-5
2,4298E-5
5,9751E-5
2,6043E-5
3,246E-5
2,4897E-5
2,4893E-5
3,1028E-5
2,5084E-5
3,1345E-5
2,7064E-5
2,399E-5
2,7182E-5
2,4638E-5
2,8978E-5
2,5261E-5
2,4004E-5
3,2773E-5
3,147E-5
2,751E-5
3,2914E-5
2,7802E-5
2,5077E-5
2,4821E-5
2,5421E-5
2,4775E-5
2,3756E-5
2,4663E-5
3,1927E-5
2,8591E-5
3,17E-5
2,8734E-5
2,4231E-5
2,5667E-5
2,6267E-5
2,8541E-5
2,5428E-5
3,1343E-5
2,4929E-5
4,355E-5
4,1799E-5
2,6937E-5
3,3594E-5
3,183E-5
3,1838E-5
2,555E-5
2,4591E-5
2,4314E-5
2,4341E-5
2,3533E-5
3,2494E-5
2,4757E-5
2,4201E-5
3,2553E-5
2,3578E-5
2,8411E-5
3,2362E-5
2,454E-5
2,5077E-5
2,4364E-5
2,4899E-5
2,7783E-5
2,871E-5
2,5564E-5
2,4689E-5
2,5882E-5
2,4163E-5
3,4291E-5
3,2831E-5
3,6817E-5
2,846E-5
3,3049E-5
2,7472E-5
3,2165E-5
3,2407E-5
3,6985E-5
3,2093E-5
3,0925E-5
2,3645E-5
2,9522E-5
2,4362E-5
3,2297E-5
2,5405E-5
2,6219E-5
3,3575E-5
2,4577E-5
2,7464E-5
3,2674E-5
2,5807E-5
3,1916E-5
3,2501E-5
2,8602E-5
2,8045E-5
3,1731E-5
3,3027E-5
2,8377E-5
3,3156E-5
3,2125E-5
3,2248E-5
2,4077E-5
3,2431E-5
3,2735E-5
2,328E-5
3,292E-5
2,568E-5
2,4027E-5
3,1829E-5
3,1196E-5
2,4795E-5
3,1898E-5
2,8804E-5
2,5753E-5
2,4223E-5
2,3446E-5
2,8143E-5
2,4744E-5
3,277E-5
2,4215E-5
2,3716E-5
2,4268E-5
2,599E-5
2,4405E-5
3,1222E-5
2,4481E-5
2,6243E-5
2,4389E-5
2,4233E-5
2,8126E-5
2,5358E-5
3,2135E-5
3,2054E-5
2,7711E-5
2,7742E-5
2,5018E-5
3,1886E-5
2,8302E-5
2,679E-5
2,9972E-5
3,1407E-5
3,0954E-5
3,1806E-5
3,3164E-5
2,8026E-5
2,5639E-5
2,4606E-5
2,5394E-5
3,104E-5
2,3804E-5
3,2538E-5
2,6731E-5
2,7055E-5
3,1757E-5
2,8788E-5
3,1586E-5
2,7854E-5
3,1736E-5
2,8046E-5
6,2564E-5
5,7282E-5
2,4579E-5
2,8222E-5
3,3031E-5
3,1394E-5
2,4148E-5
2,4749E-5
3,2042E-5
3,1036E-5
2,3289E-5
2,8097E-5
2,5085E-5
3,1586E-5
2,701E-5
3,0305E-5
3,1891E-5
2,5964E-5
3,3542E-5
2,6785E-5
2,8735E-5
2,5497E-5
2,7139E-5
3,2829E-5
2,4871E-5
2,3978E-5
2,8224E-5
2,3148E-5
3,1993E-5
3,1935E-5
2,4288E-5
2,6907E-5
2,8527E-5
3,2118E-5
2,519E-5
2,3951E-5
3,2248E-5
2,4922E-5
3,2527E-5
2,4964E-5
3,3372E-5
2,4367E-5
2,8637E-5
2,884E-5
2,5293E-5
2,4213E-5
3,0904E-5
3,1877E-5
3,2403E-5
3,3067E-5
3,1642E-5
3,1559E-5
3,2965E-5
3,2354E-5
2,7637E-5
3,2149E-5
3,2796E-5
2,4276E-5
2,8116E-5
2,4743E-5
2,5055E-5
3,2013E-5
2,4562E-5
2,7566E-5
2,8375E-5
3,2953E-5
3,1551E-5
3,1414E-5
3,226E-5
2,7774E-5
2,4138E-5
3,1461E-5
2,5265E-5
3,1623E-5
2,4357E-5
2,749E-5
2,4428E-5
3,1948E-5
3,2766E-5
2,4987E-5
2,4876E-5
2,8754E-5
3,2198E-5
2,8592E-5
3,2351E-5
2,8013E-5
3,1342E-5
2,8406E-5
2,805E-5
2,4638E-5
2,759E-5
3,1784E-5
4,1758E-5
3,29E-5
4,0036E-5
2,4439E-5
2,7476E-5
3,2432E-5
2,5364E-5
2,4726E-5
3,2325E-5
2,4754E-5
2,7576E-5
2,4138E-5
2,5774E-5
2,7723E-5
2,5374E-5
3,3028E-5
2,6021E-5
2,8623E-5
2,5304E-5
3,3695E-5
2,4579E-5
2,4003E-5
3,3384E-5
3,2561E-5
2,4285E-5
2,5032E-5
3,2714E-5
2,7881E-5
3,1454E-5
4,1278E-5
3,3405E-5
2,4891E-5
2,3697E-5
2,5098E-5
2,795E-5
2,4699E-5
2,8891E-5
2,4754E-5
3,3781E-5
3,2283E-5
2,5384E-5
3,2273E-5
2,4511E-5
2,5685E-5
3,2184E-5
3,2169E-5
2,8549E-5
3,3458E-5
2,4295E-5
2,4655E-5
2,488E-5
3,2092E-5
2,4747E-5
2,4603E-5
3,2203E-5
3,1548E-5
3,2569E-5
2,5039E-5
3,6439E-5
3,1491E-5
3,3301E-5
3,1541E-5
3,194E-5
2,5124E-5
2,4178E-5
2,4184E-5
2,8151E-5
3,2751E-5
3,2509E-5
3,1489E-5
2,5258E-5
2,5269E-5
3,2175E-5
3,1525E-5
3,2234E-5
2,3444E-5
3,3494E-5
2,3827E-5
3,232E-5
2,9385E-5
3,2391E-5
2,4854E-5
2,715E-5
3,221E-5
3,2507E-5
2,4657E-5
2,5998E-5
3,7068E-5
2,517E-5
2,4465E-5
3,1699E-5
2,8471E-5
2,4399E-5
3,2313E-5
2,5295E-5
2,5127E-5
2,4321E-5
2,8333E-5
3,2845E-5
2,9175E-5
2,5234E-5
3,152E-5
2,5798E-5
2,3538E-5
3,1922E-5
2,8338E-5
3,2096E-5
3,3559E-5
2,6906E-5
2,8066E-5
3,1651E-5
2,9458E-5
3,2255E-5
2,8271E-5
2,5863E-5
2,8464E-5
2,5417E-5
3,3826E-5
2,4167E-5
2,4948E-5
2,8913E-5
2,5541E-5
2,5478E-5
3,1756E-5
3,214E-5
2,8316E-5
3,1352E-5
2,8761E-5
3,0665E-5
2,4911E-5
3,2684E-5
2,4875E-5
3,136E-5
2,4517E-5
3,3657E-5
3,6428E-5
2,6715E-5
3,1076E-5
3,2423E-5
2,4333E-5
2,7961E-5
2,6327E-5
2,5489E-5
2,5077E-5
3,079E-5
2,7008E-5
3,1527E-5
3,2255E-5
3,1952E-5
2,5547E-5
4,8272E-5
2,3848E-5
3,3262E-5
2,53E-5
3,1217E-5
2,4782E-5
3,2469E-5
2,7496E-5
3,3068E-5
2,3719E-5
3,6665E-5
2,6267E-5
3,1817E-5
2,4282E-5
3,2668E-5
2,4832E-5
3,2188E-5
3,6597E-5
3,2146E-5
3,1401E-5
3,845E-5
2,4557E-5
3,1681E-5
2,5108E-5
3,19E-5
3,7389E-5
2,3922E-5
2,7022E-5
2,3608E-5
2,778E-5
3,1601E-5
3,2642E-5
2,5425E-5
2,8323E-5
2,4859E-5
2,4496E-5
2,8139E-5
2,8718E-5
2,7891E-5
4,428E-5
3,5396E-5
2,8711E-5
3,3467E-5
2,435E-5
3,1962E-5
2,8861E-5
3,178E-5
3,2464E-5
3,1858E-5
2,7674E-5
3,397E-5
2,5172E-5
3,2786E-5
2,8263E-5
5,1652E-5
3,2386E-5
2,8206E-5
3,3806E-5
2,4074E-5
2,8289E-5
3,1534E-5
3,2238E-5
3,1214E-5
2,4332E-5
2,7556E-5
2,5129E-5
3,097E-5
2,5176E-5
2,8119E-5
2,4393E-5
2,6138E-5
2,4954E-5
3,2335E-5
3,2668E-5
3,1678E-5
3,2445E-5
2,5515E-5
3,1254E-5
3,3201E-5
2,873E-5
3,3144E-5
2,8642E-5
2,9489E-5
2,8822E-5
2,7347E-5
3,1494E-5
3,1156E-5
2,4944E-5
2,3922E-5
2,799E-5
3,2684E-5
3,2447E-5
3,1823E-5
2,4401E-5
2,4585E-5
2,7969E-5
2,8416E-5
3,319E-5
2,4914E-5
2,7737E-5
3,204E-5
2,5295E-5
3,2391E-5
2,4983E-5
3,2246E-5
3,2084E-5
5,8541E-5
4,4126E-5
3,4322E-5
3,1276E-5
2,7833E-5
2,4398E-5
3,2361E-5
3,0765E-5
5,0138E-5
5,9449E-5
5,752E-5
4,2799E-5
5,1065E-5
5,7931E-5
5,7531E-5
5,4512E-5
6,2048E-5
5,7499E-5
5,7806E-5
5,937E-5
4,7744E-5
4,0716E-5
5,7739E-5
5,7567E-5
4,5932E-5
5,7389E-5
4,8203E-5
4,123E-5
5,7689E-5
4,6281E-5
5,7937E-5
5,718E-5
4,5212E-5
4,8474E-5
4,275E-5
4,1595E-5
5,8383E-5
5,4936E-5
5,793E-5
5,778E-5
6,3771E-5
4,4286E-5
4,6144E-5
5,765E-5
4,1418E-5
4,6143E-5
4,9869E-5
4,1017E-5
4,0222E-5
5,8144E-5
5,8943E-5
4,1744E-5
5,8723E-5
5,6285E-5
4,3663E-5
5,026E-5
6,0621E-5
4,9816E-5
4,2319E-5
6,785E-5
6,1536E-5
6,3348E-5
5,7136E-5
4,3695E-5
4,5511E-5
4,6172E-5
5,7414E-5
4,6416E-5
5,8741E-5
4,4686E-5
4,0717E-5
5,7301E-5
4,6328E-5
4,2346E-5
4,8682E-5
5,8284E-5
5,4393E-5
5,8842E-5
5,8592E-5
4,1551E-5
4,3874E-5
6,0976E-5
6,1622E-5
4,1689E-5
5,1478E-5
6,2977E-5
4,5564E-5
5,1925E-5
4,6194E-5
4,159E-5
5,6728E-5
6,0992E-5
5,832E-5
4,2375E-5
5,071E-5
5,5839E-5
4,2158E-5
4,3101E-5
5,6193E-5
5,8098E-5
5,8217E-5
4,7827E-5
4,4883E-5
4,2297E-5
4,9602E-5
4,21E-5
8,0871E-5
8,3782E-5
4,1263E-5
7,8041E-5
9,3378E-5
4,7738E-5
5,7753E-5
4,5704E-5
4,4511E-5
4,0211E-5
5,1797E-5
5,6511E-5
4,2383E-5
5,8093E-5
4,8839E-5
6,4578E-5
4,6792E-5
5,8638E-5
4,3093E-5
4,2375E-5
5,7327E-5
5,761E-5
4,4711E-5
4,174E-5
5,9552E-5
4,0487E-5
5,5357E-5
5,8418E-5
4,0757E-5
5,831E-5
4,7445E-5
5,8738E-5
4,2323E-5
4,8124E-5
5,874E-5
3,9841E-5
5,4544E-5
4,7624E-5
4,0344E-5
2,5229E-5
2,342E-5
2,5164E-5
2,5397E-5
3,0941E-5
2,5543E-5
2,5869E-5
3,2116E-5
3,1501E-5
2,4775E-5
2,3833E-5
3,1865E-5
3,2484E-5
2,8559E-5
2,3951E-5
3,0858E-5
3,3116E-5
3,1038E-5
2,8455E-5
2,5921E-5
2,3545E-5
2,4277E-5
3,2337E-5
2,5152E-5
2,4259E-5
2,8849E-5
3,1307E-5
2,4333E-5
3,3183E-5
2,8261E-5
3,1888E-5
3,0765E-5
3,2943E-5
3,1506E-5
2,4052E-5
3,15E-5
3,3538E-5
3,1708E-5
2,5018E-5
3,1148E-5
3,1338E-5
2,8092E-5
3,0387E-5
3,1256E-5
3,3733E-5
3,2078E-5
2,4721E-5
2,8389E-5
2,5759E-5
3,1796E-5
3,3371E-5
2,571E-5
2,4338E-5
3,2514E-5
3,2343E-5
2,4889E-5
3,2859E-5
2,5875E-5
2,5135E-5
2,8374E-5
3,2325E-5
2,8994E-5
3,1401E-5
2,3969E-5
3,2311E-5
3,1753E-5
2,784E-5
2,4583E-5
2,8292E-5
2,4042E-5
2,4793E-5
3,0819E-5
2,6142E-5
3,2756E-5
3,2758E-5
2,8855E-5
3,1561E-5
2,7304E-5
3,2571E-5
2,8292E-5
3,2959E-5
2,3956E-5
3,1662E-5
2,8225E-5
2,3864E-5
3,1828E-5
3,2115E-5
4,2587E-5
2,384E-5
3,2253E-5
2,675E-5
3,1569E-5
2,474E-5
3,0962E-5
2,4963E-5
3,5998E-5
2,8213E-5
3,1579E-5
3,3084E-5
2,8896E-5
2,3574E-5
3,2014E-5
3,1481E-5
2,639E-5
2,8262E-5
3,1463E-5
2,4677E-5
2,4365E-5
2,7329E-5
3,1239E-5
3,1831E-5
2,5166E-5
2,4864E-5
2,5088E-5
3,2849E-5
3,1305E-5
2,7393E-5
2,7894E-5
4,1988E-5
3,2331E-5
2,4157E-5
2,781E-5
2,7425E-5
3,0877E-5
3,3865E-5
2,8124E-5
2,3684E-5
3,1859E-5
3,2406E-5
2,5497E-5
2,6068E-5
3,2178E-5
3,1148E-5
2,4995E-5
2,7443E-5
2,8521E-5
3,1655E-5
3,2217E-5
3,1259E-5
2,8371E-5
3,2703E-5
3,2607E-5
2,5048E-5
2,7486E-5
2,5421E-5
3,2528E-5
2,3862E-5
3,3737E-5
2,4615E-5
3,2629E-5
3,2586E-5
2,8151E-5
2,7669E-5
4,2729E-5
2,5184E-5
2,4813E-5
3,2676E-5
2,5233E-5
3,2851E-5
3,1664E-5
3,1008E-5
2,7529E-5
2,5733E-5
2,7525E-5
3,1187E-5
3,3103E-5
2,9283E-5
2,505E-5
3,109E-5
3,6135E-5
3,1798E-5
3,1208E-5
2,4066E-5
3,2255E-5
2,3761E-5
2,8487E-5
3,0755E-5
2,7196E-5
3,1793E-5
2,6002E-5
3,2692E-5
3,2229E-5
2,9148E-5
2,4022E-5
2,4911E-5
3,1278E-5
4,0497E-5
2,5231E-5
3,1878E-5
3,2384E-5
3,3236E-5
3,2639E-5
2,822E-5
2,4311E-5
2,5737E-5
3,5203E-5
2,3811E-5
2,5287E-5
2,4744E-5
2,7887E-5
2,8271E-5
2,4693E-5
2,4764E-5
2,8451E-5
3,1505E-5
3,1774E-5
3,0318E-5
2,8055E-5
2,5893E-5
2,6295E-5
2,4396E-5
3,2489E-5
2,7386E-5
2,5294E-5
3,2146E-5
3,2001E-5
3,3076E-5
2,9862E-5
2,7432E-5
2,5017E-5
2,7533E-5
2,7352E-5
2,5304E-5
2,7511E-5
3,1617E-5
3,1983E-5
3,1009E-5
3,1836E-5
3,1824E-5
2,5658E-5
2,8264E-5
2,7128E-5
3,2149E-5
3,1425E-5
2,7587E-5
2,4067E-5
3,2528E-5
2,427E-5
3,9388E-5
2,423E-5
2,4964E-5
2,54E-5
3,1713E-5
3,3859E-5
2,41E-5
2,7511E-5
2,5123E-5
2,605E-5
2,4188E-5
2,5214E-5
2,3821E-5
2,4975E-5
3,1516E-5
2,7168E-5
2,4345E-5
2,5553E-5
2,3444E-5
2,4766E-5
3,332E-5
3,2049E-5
2,41E-5
3,2423E-5
3,1797E-5
3,1843E-5
2,3983E-5
2,7046E-5
2,5589E-5
3,2224E-5
2,4041E-5
3,2062E-5
2,576E-5
3,7341E-5
2,4307E-5
3,211E-5
3,1728E-5
3,172E-5
2,4658E-5
3,2163E-5
2,5279E-5
3,1335E-5
2,4169E-5
3,2064E-5
3,7775E-5
3,2168E-5
3,1858E-5
4,2741E-5
2,4412E-5
3,2019E-5
5,0358E-5
3,2191E-5
3,8876E-5
2,4556E-5
3,1618E-5
3,3579E-5
3,2797E-5
2,432E-5
3,177E-5
3,1455E-5
2,8789E-5
2,3747E-5
3,1518E-5
3,1157E-5
2,3932E-5
3,1431E-5
3,2632E-5
4,4101E-5
2,4099E-5
2,4986E-5
3,0797E-5
2,7021E-5
2,4819E-5
3,2627E-5
3,2993E-5
3,2102E-5
2,4047E-5
2,7263E-5
3,2506E-5
2,3957E-5
2,4809E-5
2,837E-5
3,1321E-5
3,0943E-5
3,8963E-5
2,4249E-5
3,211E-5
2,4692E-5
2,7536E-5
3,1829E-5
3,1227E-5
2,4694E-5
2,8514E-5
3,1877E-5
3,1969E-5
2,6015E-5
2,4928E-5
2,4225E-5
2,3265E-5
2,7725E-5
3,138E-5
3,1268E-5
2,5007E-5
2,9041E-5
4,0278E-5
3,0927E-5
3,0974E-5
2,3861E-5
3,3139E-5
2,8333E-5
3,1173E-5
2,4164E-5
2,5962E-5
3,5934E-5
2,4719E-5
2,4282E-5
2,581E-5
3,1765E-5
2,5948E-5
2,8607E-5
2,8536E-5
2,7705E-5
3,0788E-5
2,4964E-5
3,1845E-5
2,5386E-5
2,6326E-5
2,4171E-5
2,4288E-5
2,4047E-5
3,1917E-5
3,1364E-5
2,3163E-5
3,1957E-5
3,8452E-5
3,152E-5
3,1264E-5
2,4915E-5
4,1058E-5
3,1997E-5
2,4999E-5
3,2152E-5
2,6014E-5
2,353E-5
2,7946E-5
2,587E-5
3,216E-5
2,4628E-5
3,1785E-5
2,5972E-5
3,1824E-5
2,4418E-5
3,637E-5
3,6099E-5
3,1488E-5
2,557E-5
2,7567E-5
2,37E-5
3,2391E-5
2,463E-5
2,8181E-5
2,3835E-5
2,4793E-5
3,2726E-5
2,8028E-5
3,2969E-5
3,2228E-5
2,5453E-5
4,4589E-5
2,582E-5
2,7971E-5
2,5763E-5
2,4701E-5
3,1505E-5
3,2454E-5
2,8873E-5
2,6988E-5
3,0567E-5
2,4631E-5
2,8748E-5
2,3775E-5
3,1673E-5
3,2939E-5
2,4922E-5
2,8166E-5
3,1166E-5
2,6979E-5
2,4439E-5
2,8599E-5
2,3936E-5
2,6495E-5
2,9178E-5
2,8147E-5
2,3416E-5
2,4905E-5
2,389E-5
3,0846E-5
3,2366E-5
2,5303E-5
2,4251E-5
3,1064E-5
3,1834E-5
2,5549E-5
2,8538E-5
3,2397E-5
3,2698E-5
3,319E-5
3,1669E-5
3,0384E-5
3,0739E-5
2,7639E-5
3,2606E-5
2,3453E-5
3,2157E-5
3,0556E-5
3,2531E-5
2,7788E-5
3,2338E-5
3,1894E-5
2,414E-5
3,2074E-5
3,0387E-5
3,1936E-5
2,4363E-5
2,8177E-5
3,1485E-5
3,2693E-5
2,4842E-5
2,8959E-5
2,5993E-5
3,2801E-5
2,4059E-5
2,7744E-5
2,4246E-5
3,3669E-5
2,4519E-5
3,1706E-5
2,5386E-5
3,2077E-5
2,5713E-5
2,3723E-5
2,5607E-5
3,3577E-5
3,1E-5
3,1564E-5
2,8976E-5
2,7762E-5
3,2348E-5
2,4282E-5
2,4552E-5
2,742E-5
3,2494E-5
2,5698E-5
2,453E-5
3,2053E-5
3,2273E-5
2,5198E-5
3,1106E-5
3,1362E-5
2,783E-5
2,4198E-5
3,1547E-5
3,1496E-5
2,8573E-5
2,5342E-5
3,5616E-5
2,8247E-5
2,713E-5
2,4098E-5
3,2275E-5
2,7491E-5
2,7378E-5
2,6308E-5
3,1621E-5
3,2109E-5
2,7394E-5
2,4353E-5
3,254E-5
3,1127E-5
2,7291E-5
2,441E-5
3,1647E-5
3,5561E-5
2,8006E-5
2,5061E-5
3,2657E-5
3,1443E-5
2,7146E-5
2,4051E-5
3,1721E-5
3,1039E-5
2,7217E-5
2,4459E-5
3,2831E-5
3,2172E-5
2,7221E-5
2,5332E-5
3,1494E-5
3,4896E-5
2,5206E-5
3,263E-5
2,8321E-5
3,0932E-5
2,4793E-5
3,1967E-5
3,3625E-5
2,3896E-5
2,4758E-5
3,1522E-5
3,1625E-5
3,1677E-5
2,6519E-5
2,552E-5
3,2813E-5
2,5938E-5
3,0806E-5
2,8488E-5
3,21E-5
3,1777E-5
2,9333E-5
2,6164E-5
3,1398E-5
3,1102E-5
2,5757E-5
2,5155E-5
3,2949E-5
3,1975E-5
2,7786E-5
3,1672E-5
3,2232E-5
3,2029E-5
2,7793E-5
3,3318E-5
3,2042E-5
3,1899E-5
2,7152E-5
3,0968E-5
3,2233E-5
3,2514E-5
2,8034E-5
3,147E-5
3,1447E-5
3,2526E-5
2,7696E-5
3,0866E-5
3,1009E-5
3,0484E-5
2,6774E-5
3,2105E-5
3,1336E-5
3,3062E-5
2,7642E-5
3,3567E-5
3,0593E-5
3,1699E-5
2,5353E-5
3,0909E-5
2,4582E-5
2,8148E-5
2,5062E-5
2,4983E-5
2,3872E-5
2,7987E-5
2,5493E-5
2,4569E-5
2,473E-5
3,1351E-5
2,5524E-5
3,2128E-5
4,5124E-5
2,3327E-5
2,6176E-5
3,1467E-5
3,0718E-5
2,4229E-5
3,1562E-5
3,4991E-5
3,1182E-5
2,4148E-5
3,1777E-5
3,1943E-5
3,616E-5
2,5816E-5
3,7692E-5
2,4559E-5
2,5898E-5
3,1607E-5
2,511E-5
3,1412E-5
3,1844E-5
2,4387E-5
3,2419E-5
3,1508E-5
3,1554E-5
2,8419E-5
3,1244E-5
3,2519E-5
3,5672E-5
2,726E-5
3,108E-5
3,3199E-5
3,165E-5
2,7177E-5
3,1052E-5
2,4522E-5
3,1936E-5
2,4617E-5
3,2239E-5
3,2084E-5
3,2209E-5
2,8302E-5
3,1458E-5
2,4054E-5
3,0812E-5
2,8554E-5
3,134E-5
2,5079E-5
3,5529E-5
2,7915E-5
3,2519E-5
3,303E-5
3,2657E-5
2,6896E-5
3,0809E-5
2,4261E-5
2,4448E-5
2,8107E-5
2,6336E-5
2,4373E-5
2,4572E-5
3,1427E-5
2,3931E-5
2,5103E-5
3,116E-5
3,3972E-5
2,7206E-5
2,5249E-5
2,5156E-5
2,4026E-5
2,4268E-5
2,5531E-5
2,8106E-5
3,1446E-5
3,2648E-5
3,2426E-5
3,2865E-5
3,0542E-5
2,4179E-5
2,4254E-5
3,0473E-5
2,838E-5
2,6813E-5
2,4689E-5
3,2337E-5
3,1895E-5
2,8499E-5
2,792E-5
2,9381E-5
3,2576E-5
2,4828E-5
2,3959E-5
2,3558E-5
3,1878E-5
2,621E-5
2,3724E-5
2,4007E-5
4,6167E-5
3,2096E-5
3,1633E-5
3,1978E-5
2,4575E-5
2,701E-5
2,4021E-5
3,7798E-5
3,2769E-5
2,7487E-5
3,8688E-5
3,1546E-5
2,5637E-5
3,1644E-5
2,5005E-5
4,0942E-5
2,7764E-5
3,1916E-5
2,9752E-5
3,2692E-5
2,4018E-5
3,1636E-5
2,8112E-5
3,2183E-5
3,2867E-5
3,1881E-5
2,8062E-5
3,1359E-5
2,4582E-5
3,1956E-5
2,8172E-5
3,153E-5
3,2138E-5
3,2968E-5
2,4274E-5
3,3446E-5
2,8393E-5
3,1848E-5
2,4241E-5
2,409E-5
3,1564E-5
2,8148E-5
2,4928E-5
2,554E-5
3,2699E-5
3,2067E-5
2,6516E-5
3,266E-5
3,2192E-5
3,1332E-5
3,2101E-5
2,84E-5
2,8134E-5
3,327E-5
3,1344E-5
2,4607E-5
2,7902E-5
2,3336E-5
3,1682E-5
2,3192E-5
2,4808E-5
2,544E-5
3,1864E-5
2,9301E-5
2,4764E-5
2,3529E-5
2,8026E-5
3,2631E-5
2,7481E-5
3,2379E-5
2,913E-5
3,2385E-5
2,9727E-5
2,8338E-5
2,6312E-5
2,731E-5
3,1782E-5
2,5656E-5
2,3895E-5
2,8132E-5
2,5661E-5
2,8185E-5
3,1453E-5
2,4012E-5
3,2809E-5
2,8821E-5
2,4367E-5
3,1953E-5
3,275E-5
3,2322E-5
3,1666E-5
3,3048E-5
2,5962E-5
3,3566E-5
2,4249E-5
2,7931E-5
2,517E-5
2,7904E-5
2,4418E-5
2,4297E-5
3,1714E-5
2,725E-5
2,4178E-5
2,815E-5
2,4284E-5
3,157E-5
2,3953E-5
2,4783E-5
3,2358E-5
3,0977E-5
2,4793E-5
3,2529E-5
2,3682E-5
3,1655E-5
2,4768E-5
3,1427E-5
3,2684E-5
2,6923E-5
3,2949E-5
2,3733E-5
3,1774E-5
3,1567E-5
2,5349E-5
3,2854E-5
3,1137E-5
3,1945E-5
3,2707E-5
2,8502E-5
2,4049E-5
2,7943E-5
2,6002E-5
4,876E-5
2,5345E-5
3,1429E-5
2,3917E-5
2,4538E-5
3,2877E-5
2,7493E-5
3,2313E-5
3,2374E-5
3,2136E-5
3,2996E-5
2,9332E-5
2,5129E-5
2,4642E-5
3,2731E-5
2,6337E-5
3,2951E-5
3,2151E-5
3,4566E-5
3,4848E-5
2,4092E-5
2,4317E-5
3,2078E-5
2,5022E-5
3,2354E-5
3,4251E-5
3,1999E-5
3,2354E-5
2,6329E-5
2,7428E-5
2,5779E-5
3,2531E-5
2,7209E-5
2,4294E-5
2,9435E-5
3,2337E-5
2,5173E-5
2,4316E-5
2,8426E-5
2,6776E-5
2,5219E-5
2,4389E-5
2,7425E-5
2,4972E-5
2,487E-5
2,5082E-5
2,7725E-5
3,1253E-5
2,5311E-5
2,5205E-5
2,7457E-5
3,2432E-5
2,3246E-5
3,1418E-5
2,526E-5
3,2051E-5
2,4531E-5
3,2047E-5
2,7206E-5
3,3289E-5
2,3994E-5
3,1383E-5
3,1059E-5
3,2148E-5
2,5457E-5
2,6805E-5
2,7663E-5
2,453E-5
2,4995E-5
2,5417E-5
2,7962E-5
2,4275E-5
3,1587E-5
2,4882E-5
3,1803E-5
2,5206E-5
2,7996E-5
3,2329E-5
3,2335E-5
3,2614E-5
2,3524E-5
2,4892E-5
3,2401E-5
3,2898E-5
2,6506E-5
3,1488E-5
2,5233E-5
2,5114E-5
3,2841E-5
2,4971E-5
2,4203E-5
3,3012E-5
2,8141E-5
3,188E-5
2,8613E-5
3,3052E-5
2,7196E-5
2,5279E-5
2,6181E-5
3,1598E-5
3,4743E-5
3,2679E-5
2,6031E-5
3,2567E-5
3,2169E-5
2,7589E-5
2,7762E-5
3,0532E-5
2,4324E-5
2,7525E-5
2,7914E-5
2,4232E-5
3,6147E-5
3,1846E-5
2,5702E-5
2,4111E-5
3,1424E-5
3,3365E-5
2,8488E-5
2,3858E-5
2,4553E-5
2,7951E-5
2,6086E-5
3,3138E-5
2,5122E-5
2,7741E-5
2,6879E-5
2,4984E-5
3,1358E-5
3,531E-5
2,7681E-5
2,3775E-5
2,4235E-5
3,2913E-5
2,8724E-5
2,4592E-5
3,3551E-5
2,4835E-5
2,4015E-5
2,8816E-5
3,5804E-5
2,4236E-5
3,326E-5
2,7657E-5
3,2137E-5
3,2285E-5
2,5609E-5
2,4267E-5
2,6903E-5
3,1901E-5
3,1498E-5
2,4317E-5
2,6703E-5
2,3913E-5
2,4563E-5
2,365E-5
2,8723E-5
3,2971E-5
2,4013E-5
2,4608E-5
2,8242E-5
3,2704E-5
2,5302E-5
2,6158E-5
2,7746E-5
2,8687E-5
2,5653E-5
2,5665E-5
2,8841E-5
3,1898E-5
2,7886E-5
2,892E-5
3,3419E-5
3,2889E-5
2,4784E-5
3,2911E-5
2,3679E-5
2,4169E-5
3,105E-5
3,3943E-5
2,447E-5
2,4977E-5
2,5532E-5
2,806E-5
2,8243E-5
3,1538E-5
2,7483E-5
2,4059E-5
3,2E-5
3,2049E-5
2,4253E-5
3,1255E-5
2,8385E-5
2,4183E-5
3,2022E-5
3,094E-5
3,2552E-5
2,4873E-5
2,5087E-5
3,1038E-5
2,8197E-5
2,4579E-5
3,1511E-5
2,4315E-5
3,0724E-5
3,1151E-5
2,4938E-5
2,472E-5
3,1058E-5
3,2299E-5
3,1247E-5
2,4704E-5
2,5216E-5
2,4052E-5
2,38E-5
3,2043E-5
3,158E-5
3,1251E-5
2,4187E-5
2,8412E-5
3,2528E-5
2,5384E-5
2,4795E-5
2,5906E-5
2,5142E-5
3,5304E-5
3,2818E-5
3,2056E-5
3,0978E-5
2,7754E-5
2,5398E-5
3,128E-5
2,4311E-5
2,8301E-5
2,3573E-5
2,3777E-5
3,1241E-5
3,2005E-5
3,083E-5
2,824E-5
2,4022E-5
2,503E-5
3,3889E-5
3,2024E-5
2,8431E-5
3,2309E-5
2,5044E-5
3,2346E-5
2,7986E-5
3,1784E-5
3,8983E-5
3,1052E-5
2,73E-5
3,2723E-5
3,0903E-5
3,1223E-5
2,7237E-5
3,2885E-5
2,4828E-5
3,1272E-5
3,0925E-5
3,3273E-5
3,1144E-5
2,9064E-5
3,1718E-5
3,2877E-5
3,1483E-5
2,8612E-5
2,3504E-5
3,3228E-5
3,34E-5
2,8556E-5
2,4295E-5
3,3162E-5
3,1661E-5
2,7844E-5
2,3968E-5
3,2983E-5
3,2242E-5
2,9084E-5
2,3334E-5
3,241E-5
3,2723E-5
2,8279E-5
2,4022E-5
2,4705E-5
3,1198E-5
2,7922E-5
2,3852E-5
3,2792E-5
3,2074E-5
3,3316E-5
2,4357E-5
2,4861E-5
3,1121E-5
4,539E-5
2,5191E-5
3,2955E-5
3,0701E-5
3,0949E-5
2,374E-5
2,4201E-5
3,165E-5
3,2277E-5
2,4167E-5
2,3969E-5
3,1082E-5
2,7948E-5
2,4916E-5
2,4661E-5
3,6407E-5
2,7545E-5
2,4643E-5
2,5677E-5
3,2415E-5
2,8001E-5
2,5359E-5
2,9471E-5
2,7784E-5
2,4789E-5
2,7931E-5
3,2216E-5
3,2823E-5
2,9364E-5
2,8287E-5
3,178E-5
2,4874E-5
2,3807E-5
3,2633E-5
2,5585E-5
3,4199E-5
3,099E-5
3,3216E-5
2,3813E-5
2,4973E-5
3,2309E-5
3,2977E-5
2,3744E-5
2,4735E-5
2,8535E-5
3,2146E-5
3,3085E-5
2,4457E-5
2,5608E-5
3,153E-5
2,5361E-5
2,4902E-5
2,4445E-5
3,2711E-5
2,3982E-5
2,4546E-5
2,8961E-5
3,2366E-5
3,2097E-5
2,5505E-5
2,5006E-5
3,8545E-5
3,4023E-5
2,5891E-5
2,5431E-5
3,3493E-5
3,1526E-5
2,491E-5
2,576E-5
3,1956E-5
3,2327E-5
3,2413E-5
2,5101E-5
2,876E-5
2,4214E-5
3,3436E-5
2,6066E-5
2,4255E-5
3,1823E-5
3,269E-5
3,2651E-5
3,2177E-5
2,5192E-5
2,5764E-5
2,8662E-5
3,298E-5
3,1695E-5
3,2224E-5
2,7591E-5
2,3914E-5
3,2675E-5
2,6538E-5
3,3178E-5
2,4271E-5
2,8537E-5
2,3608E-5
2,4553E-5
3,107E-5
3,1566E-5
2,818E-5
2,5892E-5
3,1719E-5
2,4877E-5
2,8532E-5
2,4119E-5
3,1889E-5
2,7154E-5
3,1997E-5
2,3806E-5
2,4564E-5
3,3795E-5
2,4126E-5
3,1362E-5
2,9121E-5
3,2433E-5
3,3374E-5
2,5119E-5
2,7868E-5
2,5058E-5
3,1936E-5
2,7937E-5
3,1871E-5
2,6998E-5
2,443E-5
3,2532E-5
2,489E-5
2,4361E-5
2,5619E-5
2,5228E-5
3,2458E-5
2,9516E-5
2,7742E-5
3,0646E-5
3,1061E-5
2,47E-5
2,7558E-5
2,5396E-5
3,1939E-5
3,2914E-5
3,1465E-5
3,1689E-5
3,4875E-5
2,4439E-5
3,1538E-5
2,5624E-5
2,4154E-5
2,8954E-5
2,8455E-5
2,4722E-5
3,2952E-5
2,4685E-5
2,75E-5
3,1587E-5
2,5924E-5
2,4474E-5
2,4037E-5
3,229E-5
2,7467E-5
2,3602E-5
2,9466E-5
2,4676E-5
3,167E-5
2,8365E-5
2,8374E-5
2,3841E-5
2,543E-5
2,4774E-5
2,4596E-5
2,807E-5
2,846E-5
2,5157E-5
2,5584E-5
2,7971E-5
2,7388E-5
2,3656E-5
3,2851E-5
3,1624E-5
3,2596E-5
3,1865E-5
3,3249E-5
3,1944E-5
2,812E-5
2,778E-5
2,4785E-5
3,1549E-5
3,1719E-5
2,7225E-5
2,6415E-5
3,4248E-5
2,8647E-5
2,5592E-5
2,8188E-5
3,2242E-5
2,8674E-5
3,1696E-5
2,8124E-5
2,5182E-5
2,8453E-5
2,4176E-5
2,6232E-5
2,8294E-5
2,4352E-5
3,2574E-5
3,2908E-5
2,5005E-5
3,2352E-5
3,2218E-5
3,1448E-5
2,5562E-5
3,3975E-5
3,1267E-5
3,1549E-5
2,5068E-5
3,1742E-5
3,2309E-5
4,0718E-5
2,4617E-5
2,7951E-5
3,1934E-5
2,5581E-5
2,7107E-5
3,1249E-5
3,2503E-5
3,1883E-5
2,7824E-5
3,5851E-5
3,2809E-5
3,1774E-5
2,6712E-5
3,1099E-5
3,3376E-5
3,331E-5
2,7118E-5
3,1885E-5
2,8743E-5
2,4745E-5
2,7024E-5
3,1791E-5
2,533E-5
2,4297E-5
2,3905E-5
3,1524E-5
2,9527E-5
3,1921E-5
2,8181E-5
3,2042E-5
2,523E-5
2,3869E-5
2,4475E-5
3,1099E-5
2,5064E-5
2,8759E-5
2,5487E-5
3,1371E-5
2,5528E-5
3,2044E-5
2,7524E-5
3,1004E-5
2,5621E-5
2,4463E-5
2,5522E-5
3,0668E-5
2,5592E-5
3,0863E-5
2,7961E-5
3,141E-5
2,4801E-5
2,5369E-5
2,5096E-5
3,2467E-5
2,4803E-5
3,6677E-5
4,0579E-5
3,2223E-5
3,219E-5
2,6868E-5
3,3378E-5
3,1161E-5
3,3978E-5
3,2099E-5
3,2647E-5
2,4516E-5
3,2071E-5
3,2092E-5
2,5393E-5
2,5837E-5
3,1814E-5
2,8604E-5
2,4812E-5
3,1929E-5
3,747E-5
3,1269E-5
2,3611E-5
3,2965E-5
2,615E-5
3,2093E-5
3,4162E-5
3,2504E-5
2,4508E-5
2,9231E-5
2,4257E-5
2,4115E-5
3,5211E-5
3,169E-5
2,7998E-5
3,2052E-5
3,2389E-5
2,5141E-5
2,4113E-5
2,7416E-5
2,4562E-5
2,6717E-5
3,1306E-5
2,7417E-5
3,2846E-5
2,534E-5
4,2815E-5
2,9072E-5
3,0967E-5
2,5369E-5
2,4038E-5
2,8709E-5
2,4271E-5
3,182E-5
2,4437E-5
3,1747E-5
2,4246E-5
3,5498E-5
4,254E-5
2,4066E-5
3,1801E-5
2,7634E-5
3,9803E-5
2,7197E-5
5,7131E-5
3,1598E-5
3,1538E-5
2,4484E-5
2,8358E-5
3,2282E-5
2,376E-5
2,5541E-5
3,6921E-5
3,136E-5
2,5367E-5
3,1131E-5
2,6085E-5
3,1151E-5
4,7899E-5
5,7527E-5
2,5887E-5
5,6195E-5
4,0902E-5
4,3098E-5
4,6258E-5
4,0933E-5
5,8899E-5
4,2208E-5
4,2829E-5
4,0057E-5
4,6492E-5
4,4161E-5
5,9186E-5
6,0155E-5
4,7243E-5
6,0292E-5
5,7571E-5
6,3586E-5
4,1711E-5
6,111E-5
4,6887E-5
5,9194E-5
4,8966E-5
5,9972E-5
4,6928E-5
4,8235E-5
5,8358E-5
4,3526E-5
6,1919E-5
4,0356E-5
4,7255E-5
5,6606E-5
6,0818E-5
4,7764E-5
5,5132E-5
5,8624E-5
5,968E-5
5,6432E-5
6,0209E-5
5,0617E-5
4,5614E-5
5,7148E-5
5,0139E-5
4,867E-5
5,698E-5
4,7847E-5
4,329E-5
4,1375E-5
4,5119E-5
5,9993E-5
4,8908E-5
4,7946E-5
5,6841E-5
5,7711E-5
6,1014E-5
5,6367E-5
4,284E-5
6,705E-5
1,14065E-4
5,2647E-5
4,8684E-5
4,8007E-5
4,0913E-5
4,3812E-5
5,9047E-5
5,4882E-5
5,8967E-5
6,1935E-5
8,035E-5
5,8649E-5
6,2091E-5
4,3818E-5
4,4709E-5
4,2163E-5
4,1518E-5
4,4981E-5
4,2622E-5
5,9956E-5
4,2358E-5
4,2711E-5
4,5684E-5
4,0292E-5
5,8289E-5
5,9374E-5
5,9978E-5
4,4135E-5
4,1164E-5
6,4363E-5
4,2431E-5
5,309E-5
4,3787E-5
5,8088E-5
5,9613E-5
6,3526E-5
4,1443E-5
5,4511E-5
4,2697E-5
4,7251E-5
4,7356E-5
4,3294E-5
6,1013E-5
5,9411E-5
6,0431E-5
4,7506E-5
4,1922E-5
5,8502E-5
5,4647E-5
7,0253E-5
7,949E-5
5,8599E-5
4,3979E-5
4,4004E-5
4,5872E-5
6,1727E-5
4,9531E-5
6,0441E-5
6,6086E-5
4,3495E-5
5,6499E-5
5,8712E-5
5,8758E-5
4,164E-5
7,0973E-5
5,4899E-5
4,5023E-5
5,034E-5
5,4989E-5
5,1128E-5
4,6592E-5
4,0374E-5
5,9157E-5
5,6855E-5
4,0946E-5
5,7656E-5
3,3409E-5
2,4536E-5
3,2362E-5
6,2898E-5
3,134E-5
3,2345E-5
3,2814E-5
3,3162E-5
3,6726E-5
2,562E-5
2,4836E-5
2,8588E-5
2,5755E-5
3,1374E-5
2,7069E-5
3,2125E-5
2,931E-5
3,3436E-5
2,5191E-5
2,4963E-5
3,3186E-5
3,2432E-5
3,2329E-5
3,1063E-5
2,7929E-5
2,4488E-5
3,19E-5
3,2302E-5
2,6562E-5
2,4098E-5
3,3028E-5
3,1665E-5
3,1788E-5
3,261E-5
2,4689E-5
2,4859E-5
3,2011E-5
3,3489E-5
3,3146E-5
2,4064E-5
2,5912E-5
3,1517E-5
3,1603E-5
2,7542E-5
2,4967E-5
2,5354E-5
2,8446E-5
3,3294E-5
3,1068E-5
2,7821E-5
2,4748E-5
3,3481E-5
3,1175E-5
2,7011E-5
2,4787E-5
2,4954E-5
2,9476E-5
3,1221E-5
2,8458E-5
2,7788E-5
2,4199E-5
3,3671E-5
3,1924E-5
3,1764E-5
2,4101E-5
2,4441E-5
2,3689E-5
3,1654E-5
3,1928E-5
3,1647E-5
3,2749E-5
3,3302E-5
2,4347E-5
3,3203E-5
3,1753E-5
3,3486E-5
3,3961E-5
3,2481E-5
3,2038E-5
2,4743E-5
3,2545E-5
4,0909E-5
2,4622E-5
2,9405E-5
2,5802E-5
3,2682E-5
2,7491E-5
2,8705E-5
2,8399E-5
2,4607E-5
2,9448E-5
3,2241E-5
2,4772E-5
2,443E-5
3,2807E-5
2,8313E-5
3,2609E-5
3,0839E-5
2,5498E-5
3,2167E-5
3,4207E-5
2,4633E-5
3,4071E-5
2,8457E-5
3,1972E-5
3,1883E-5
3,1464E-5
2,5588E-5
3,2397E-5
3,1375E-5
2,4427E-5
3,1568E-5
2,3511E-5
2,7766E-5
3,2212E-5
2,4184E-5
3,216E-5
2,4616E-5
3,2407E-5
3,301E-5
2,8521E-5
3,1917E-5
2,7733E-5
2,7779E-5
2,3489E-5
3,1048E-5
9,09E-5
2,7901E-5
3,3347E-5
3,2121E-5
3,207E-5
2,797E-5
2,3247E-5
3,1407E-5
2,3615E-5
2,8037E-5
2,5261E-5
3,1604E-5
2,3671E-5
3,1551E-5
3,1713E-5
3,1738E-5
2,3942E-5
3,1359E-5
2,7699E-5
3,1894E-5
2,4554E-5
3,3285E-5
2,7986E-5
3,3001E-5
3,2727E-5
3,2471E-5
3,3062E-5
3,1678E-5
2,4914E-5
3,2196E-5
2,4205E-5
2,9119E-5
2,7235E-5
2,449E-5
3,1661E-5
2,4193E-5
2,8497E-5
2,4442E-5
3,1822E-5
2,7085E-5
3,2948E-5
2,7808E-5
3,2171E-5
3,2807E-5
3,1861E-5
3,1836E-5
3,1563E-5
2,4433E-5
2,8811E-5
2,411E-5
2,4234E-5
2,7052E-5
2,8212E-5
2,4024E-5
3,0728E-5
3,0697E-5
3,1732E-5
2,5212E-5
2,4264E-5
2,4177E-5
3,2156E-5
3,2805E-5
2,9099E-5
2,8993E-5
2,8062E-5
2,5795E-5
3,3142E-5
3,2113E-5
3,1512E-5
3,3031E-5
3,1684E-5
3,2166E-5
3,2366E-5
2,8279E-5
2,3619E-5
3,1879E-5
2,7656E-5
3,2506E-5
3,1142E-5
2,7487E-5
2,7152E-5
2,8411E-5
2,4149E-5
2,8453E-5
2,3481E-5
2,8095E-5
3,1739E-5
3,1569E-5
2,5398E-5
4,0761E-5
3,1103E-5
3,1878E-5
2,4124E-5
3,2321E-5
2,4182E-5
3,3166E-5
3,2219E-5
2,5278E-5
3,4764E-5
2,7944E-5
2,4566E-5
3,255E-5
2,7876E-5
3,508E-5
2,7204E-5
3,1248E-5
3,199E-5
3,0877E-5
2,4204E-5
3,3257E-5
3,2232E-5
2,7937E-5
2,4285E-5
3,1373E-5
3,2934E-5
3,277E-5
3,8992E-5
3,277E-5
3,1537E-5
2,4843E-5
3,309E-5
2,3876E-5
2,7746E-5
2,7716E-5
2,6758E-5
2,8183E-5
2,4018E-5
2,416E-5
2,413E-5
2,4029E-5
2,4212E-5
2,4859E-5
2,522E-5
3,2171E-5
3,2186E-5
3,1797E-5
2,764E-5
2,3496E-5
2,7753E-5
2,7796E-5
5,5078E-5
3,1432E-5
3,0995E-5
3,1319E-5
2,8303E-5
2,3963E-5
2,538E-5
3,0529E-5
2,7678E-5
3,1533E-5
3,1463E-5
3,2844E-5
2,4262E-5
3,0844E-5
3,2159E-5
3,2705E-5
2,8327E-5
3,176E-5
2,7504E-5
2,7998E-5
2,7284E-5
2,7719E-5
2,7975E-5
3,2206E-5
3,1813E-5
2,7551E-5
2,7881E-5
2,6949E-5
3,1335E-5
3,0786E-5
3,0751E-5
3,1213E-5
2,7792E-5
2,7044E-5
2,7313E-5
3,1611E-5
3,1237E-5
3,3042E-5
3,1446E-5
3,1344E-5
3,1731E-5
3,1412E-5
3,144E-5
3,1497E-5
3,1815E-5
3,1045E-5
3,2351E-5
3,1219E-5
3,1419E-5
3,1697E-5
3,0906E-5
3,0981E-5
2,7443E-5
3,1181E-5
2,7235E-5
3,043E-5
2,7462E-5
2,7788E-5
2,7839E-5
3,1488E-5
3,158E-5
3,0977E-5
3,1692E-5
3,1466E-5
3,1962E-5
3,102E-5
3,1257E-5
3,1433E-5
3,0913E-5
3,0727E-5
