8,9954E-5
8,6762E-5
8,5454E-5
9,2977E-5
8,4803E-5
8,599E-5
8,4892E-5
8,4578E-5
8,4188E-5
8,6682E-5
8,3979E-5
8,7858E-5
8,6736E-5
8,6238E-5
8,5438E-5
1,14433E-4
8,2214E-5
8,5469E-5
8,2906E-5
8,3619E-5
8,5143E-5
8,6679E-5
8,6758E-5
8,3236E-5
8,6056E-5
8,2771E-5
9,8017E-5
9,3111E-5
8,6776E-5
8,3957E-5
8,0813E-5
9,205E-5
8,4934E-5
8,6367E-5
8,3688E-5
8,5418E-5
8,6585E-5
8,1125E-5
8,4318E-5
8,7938E-5
8,1704E-5
8,4721E-5
8,705E-5
8,5928E-5
8,7223E-5
8,5945E-5
1,02653E-4
8,5951E-5
8,7158E-5
8,4331E-5
8,2557E-5
9,695E-5
8,7061E-5
8,3946E-5
9,1703E-5
8,3602E-5
8,0857E-5
9,449E-5
8,2341E-5
9,9813E-5
8,475E-5
8,7738E-5
9,0786E-5
8,7479E-5
8,6895E-5
9,0532E-5
8,4762E-5
8,4022E-5
9,1687E-5
8,5589E-5
8,8417E-5
8,8031E-5
8,5275E-5
7,8696E-5
8,8576E-5
9,0376E-5
8,6056E-5
8,4236E-5
8,613E-5
8,9153E-5
9,2723E-5
8,9345E-5
8,2988E-5
8,5516E-5
8,2857E-5
8,9855E-5
9,1724E-5
9,2043E-5
8,4787E-5
8,4573E-5
9,0677E-5
8,5541E-5
8,7848E-5
1,06017E-4
8,4324E-5
8,7828E-5
8,411E-5
9,0155E-5
8,8807E-5
8,5504E-5
8,3437E-5
8,7323E-5
8,374E-5
9,0259E-5
8,8062E-5
8,4497E-5
8,7012E-5
8,9572E-5
8,7347E-5
8,6127E-5
8,5455E-5
8,6704E-5
8,657E-5
8,5917E-5
9,4044E-5
7,7998E-5
9,4701E-5
8,9962E-5
8,8114E-5
8,6416E-5
8,5294E-5
8,8004E-5
8,6205E-5
8,9368E-5
8,6242E-5
9,2945E-5
9,0736E-5
9,2882E-5
8,5721E-5
8,6452E-5
9,072E-5
8,6182E-5
9,0568E-5
8,8705E-5
9,0084E-5
8,5574E-5
9,3911E-5
9,102E-5
8,4603E-5
1,34509E-4
1,35165E-4
1,21252E-4
1,3885E-4
1,4252E-4
9,0301E-5
8,878E-5
8,8988E-5
9,1512E-5
8,7217E-5
8,9079E-5
8,9044E-5
1,54218E-4
8,6353E-5
8,8164E-5
9,1965E-5
8,6183E-5
8,7679E-5
8,7728E-5
9,2571E-5
9,4524E-5
9,0032E-5
7,9667E-5
8,8516E-5
9,2094E-5
8,7274E-5
9,6948E-5
8,7718E-5
9,7376E-5
9,5595E-5
9,2501E-5
9,026E-5
8,5534E-5
7,7445E-5
8,9885E-5
8,9557E-5
8,5792E-5
9,0919E-5
9,4786E-5
8,8252E-5
9,0671E-5
8,7671E-5
7,8556E-5
8,7149E-5
9,1117E-5
1,31978E-4
9,1451E-5
9,0941E-5
9,1093E-5
8,5713E-5
8,9407E-5
9,1514E-5
8,1777E-5
8,284E-5
9,1456E-5
8,8502E-5
9,5338E-5
8,965E-5
8,8107E-5
8,5655E-5
8,9757E-5
8,6854E-5
8,9797E-5
8,5802E-5
8,5512E-5
7,8775E-5
9,2313E-5
7,8701E-5
8,8003E-5
9,1799E-5
8,9619E-5
9,15E-5
8,5674E-5
9,0753E-5
8,3772E-5
9,2327E-5
8,3006E-5
8,7062E-5
8,4315E-5
8,9246E-5
9,3044E-5
8,683E-5
8,5815E-5
7,7224E-5
8,4707E-5
8,4378E-5
8,7503E-5
8,795E-5
8,8132E-5
9,143E-5
8,486E-5
8,8468E-5
8,9041E-5
9,1424E-5
8,7125E-5
8,493E-5
8,6875E-5
9,1307E-5
8,5143E-5
9,2814E-5
9,1685E-5
8,8389E-5
8,5247E-5
9,1042E-5
8,4612E-5
8,9243E-5
9,2971E-5
9,2098E-5
1,61075E-4
1,48103E-4
1,33547E-4
1,46506E-4
1,69779E-4
1,42277E-4
1,19178E-4
1,34349E-4
1,38371E-4
1,48781E-4
1,45826E-4
1,31928E-4
1,4295E-4
1,11133E-4
1,09509E-4
1,63238E-4
1,15506E-4
1,29432E-4
1,13938E-4
1,19166E-4
1,798E-4
1,26124E-4
1,05182E-4
1,15194E-4
1,38591E-4
1,40806E-4
1,25377E-4
1,41217E-4
1,21206E-4
1,08563E-4
1,4089E-4
1,26046E-4
1,38512E-4
1,51138E-4
1,50182E-4
1,21489E-4
1,2566E-4
1,24202E-4
9,2013E-5
1,12415E-4
1,47074E-4
1,16518E-4
1,39134E-4
1,41034E-4
1,41521E-4
1,48487E-4
1,37035E-4
8,4128E-5
8,9424E-5
8,6934E-5
1,01793E-4
9,5733E-5
9,3509E-5
9,112E-5
8,9527E-5
8,6178E-5
8,5557E-5
9,1983E-5
9,9994E-5
9,3887E-5
8,9986E-5
8,9752E-5
9,2758E-5
8,81E-5
9,0043E-5
9,057E-5
8,938E-5
8,827E-5
8,9316E-5
9,0595E-5
8,8508E-5
9,232E-5
8,726E-5
9,5304E-5
8,6155E-5
8,291E-5
8,5408E-5
8,5536E-5
1,03155E-4
8,3544E-5
9,0358E-5
8,5548E-5
9,1487E-5
8,8928E-5
9,2911E-5
8,8854E-5
9,083E-5
8,4005E-5
7,8171E-5
8,5802E-5
8,5345E-5
9,1423E-5
8,5732E-5
8,9978E-5
7,7723E-5
8,585E-5
9,0819E-5
1,06463E-4
8,7013E-5
8,9522E-5
8,7425E-5
8,6339E-5
8,4688E-5
8,5255E-5
9,1402E-5
9,0265E-5
7,8291E-5
8,874E-5
8,3828E-5
9,0321E-5
8,6709E-5
9,0531E-5
8,4406E-5
8,664E-5
8,3514E-5
9,1797E-5
8,7298E-5
9,1064E-5
8,5521E-5
8,4826E-5
8,7954E-5
9,0617E-5
9,0561E-5
8,8694E-5
8,7105E-5
8,7034E-5
8,5215E-5
8,5945E-5
9,0477E-5
9,1242E-5
8,9779E-5
8,49E-5
8,9969E-5
8,8285E-5
8,9421E-5
1,11451E-4
8,4696E-5
9,291E-5
9,0782E-5
8,4282E-5
8,8452E-5
9,2473E-5
8,9026E-5
0,002649669
8,7374E-5
9,0791E-5
8,925E-5
1,743E-4
1,5432E-4
1,37639E-4
1,23847E-4
1,43992E-4
1,31302E-4
1,24879E-4
1,07308E-4
1,44755E-4
1,25334E-4
9,5865E-5
1,41427E-4
1,58499E-4
1,29151E-4
1,3103E-4
3,10912E-4
8,7657E-5
9,2198E-5
7,7727E-5
8,6552E-5
8,7441E-5
8,8812E-5
8,6473E-5
9,0793E-5
8,9055E-5
9,1893E-5
8,2047E-5
9,5383E-5
9,2247E-5
9,3587E-5
8,7438E-5
8,5119E-5
9,3795E-5
8,9822E-5
7,9717E-5
9,6186E-5
9,1068E-5
7,9426E-5
1,15571E-4
8,5771E-5
9,235E-5
8,8607E-5
8,4709E-5
9,0808E-5
7,9973E-5
9,4133E-5
8,6382E-5
9,5148E-5
8,9832E-5
9,4079E-5
9,0208E-5
8,8432E-5
8,7222E-5
8,7869E-5
8,5656E-5
9,0856E-5
8,7615E-5
8,6636E-5
8,9775E-5
8,8266E-5
8,5119E-5
8,6115E-5
1,07099E-4
9,4253E-5
8,4429E-5
8,5557E-5
8,5771E-5
8,9886E-5
9,0385E-5
7,7335E-5
8,4658E-5
9,0915E-5
8,8549E-5
8,6027E-5
8,5885E-5
8,8623E-5
9,0544E-5
7,7944E-5
8,6169E-5
8,9619E-5
9,1975E-5
1,01353E-4
9,2117E-5
9,0573E-5
9,0545E-5
8,4415E-5
8,3613E-5
9,5262E-5
8,9169E-5
7,8476E-5
8,6384E-5
9,0091E-5
8,5092E-5
7,7662E-5
8,5747E-5
9,2693E-5
8,4284E-5
8,6259E-5
8,7547E-5
8,9217E-5
1,01345E-4
8,4625E-5
8,8958E-5
9,0599E-5
8,4325E-5
7,9237E-5
8,9515E-5
9,1822E-5
9,0708E-5
8,6338E-5
8,5592E-5
8,8696E-5
8,4731E-5
8,5771E-5
8,5822E-5
9,8626E-5
8,6602E-5
8,5959E-5
9,0906E-5
9,2099E-5
8,5309E-5
8,4518E-5
7,8655E-5
8,7174E-5
9,4437E-5
8,4021E-5
9,1183E-5
8,8714E-5
9,5642E-5
9,8351E-5
8,6075E-5
9,513E-5
8,6341E-5
9,1101E-5
9,4029E-5
9,1237E-5
9,2403E-5
8,6953E-5
8,7726E-5
8,7906E-5
8,7094E-5
9,2052E-5
8,7274E-5
1,01665E-4
8,7316E-5
8,4279E-5
9,7019E-5
8,7142E-5
8,9809E-5
8,5447E-5
7,9729E-5
8,7015E-5
8,6089E-5
9,4976E-5
9,0397E-5
9,285E-5
8,4806E-5
9,1188E-5
9,1375E-5
8,5302E-5
0,002583333
9,4029E-5
8,7501E-5
9,0436E-5
8,6422E-5
9,3987E-5
8,9536E-5
9,5429E-5
9,2209E-5
9,5972E-5
7,8744E-5
1,10493E-4
1,05873E-4
1,19343E-4
1,18798E-4
1,16844E-4
1,20394E-4
1,15057E-4
1,49893E-4
1,00581E-4
9,2232E-5
1,30932E-4
1,11572E-4
1,16782E-4
1,30945E-4
1,16249E-4
1,01795E-4
1,18215E-4
9,1184E-5
1,11166E-4
1,17928E-4
1,40076E-4
1,18885E-4
1,19043E-4
9,5787E-5
1,14983E-4
9,7594E-5
8,9654E-5
1,16691E-4
1,02214E-4
9,4551E-5
1,218E-4
1,43565E-4
1,37465E-4
1,31221E-4
1,49539E-4
1,64907E-4
1,3975E-4
1,56266E-4
1,07328E-4
1,46621E-4
1,61567E-4
8,5322E-5
9,184E-5
9,3159E-5
8,6043E-5
8,6325E-5
8,2898E-5
8,5178E-5
8,5745E-5
8,7752E-5
8,5417E-5
8,561E-5
9,5629E-5
8,7175E-5
8,9353E-5
8,5109E-5
8,9408E-5
8,8397E-5
8,8693E-5
8,6132E-5
8,6602E-5
8,8795E-5
8,6268E-5
8,9438E-5
8,4627E-5
8,6302E-5
8,4918E-5
9,6778E-5
8,5025E-5
8,9155E-5
8,975E-5
9,2668E-5
9,1283E-5
9,0104E-5
8,991E-5
9,2701E-5
8,6085E-5
8,6524E-5
9,4909E-5
8,6003E-5
8,9593E-5
8,3874E-5
8,6609E-5
9,2552E-5
8,5875E-5
8,5052E-5
9,0451E-5
1,02328E-4
8,5802E-5
8,4536E-5
8,8957E-5
8,498E-5
9,183E-5
9,968E-5
8,6576E-5
8,7327E-5
8,6148E-5
1,11695E-4
8,4423E-5
9,049E-5
9,0022E-5
9,2645E-5
7,9173E-5
8,7073E-5
8,9619E-5
8,6047E-5
9,5841E-5
9,0369E-5
8,6805E-5
9,9856E-5
8,4927E-5
9,1338E-5
8,585E-5
8,6993E-5
8,5696E-5
8,8823E-5
7,8335E-5
8,7673E-5
8,7597E-5
9,2572E-5
8,9582E-5
8,98E-5
9,0741E-5
8,7718E-5
9,2509E-5
8,4962E-5
8,8717E-5
8,6055E-5
9,378E-5
8,9082E-5
8,7479E-5
8,8348E-5
8,4872E-5
9,1324E-5
8,9258E-5
1,03268E-4
8,4196E-5
8,7766E-5
8,4869E-5
8,7438E-5
9,2663E-5
8,3081E-5
8,7541E-5
8,6353E-5
8,428E-5
9,7068E-5
7,9701E-5
9,1378E-5
8,729E-5
9,1699E-5
9,0622E-5
9,137E-5
9,1192E-5
8,9627E-5
9,7894E-5
8,7253E-5
7,7186E-5
8,4394E-5
8,7636E-5
8,5645E-5
8,4717E-5
9,9769E-5
8,5277E-5
8,6123E-5
9,0513E-5
8,7993E-5
8,4448E-5
7,7205E-5
8,3862E-5
8,5205E-5
8,5955E-5
8,4797E-5
9,1754E-5
1,0511E-4
9,3093E-5
9,2846E-5
8,7287E-5
9,1225E-5
8,9542E-5
8,9873E-5
9,2834E-5
8,8959E-5
9,0275E-5
8,4897E-5
8,7597E-5
9,0736E-5
8,8239E-5
8,5902E-5
7,7963E-5
9,1317E-5
8,6682E-5
8,871E-5
1,00219E-4
8,6857E-5
9,6917E-5
7,9621E-5
9,1544E-5
8,8802E-5
9,5721E-5
8,6304E-5
8,9476E-5
8,7603E-5
8,7927E-5
8,6358E-5
8,7431E-5
8,9199E-5
8,5272E-5
8,4765E-5
9,1679E-5
8,9035E-5
8,5065E-5
8,6993E-5
9,0109E-5
8,9865E-5
8,3904E-5
9,146E-5
8,6785E-5
8,6194E-5
8,7682E-5
9,2116E-5
8,603E-5
8,4136E-5
8,8317E-5
9,036E-5
9,0015E-5
8,5263E-5
8,3839E-5
9,427E-5
8,9165E-5
8,989E-5
7,8608E-5
8,4045E-5
9,1544E-5
8,886E-5
9,5067E-5
8,8598E-5
8,7545E-5
8,6204E-5
8,8623E-5
8,5344E-5
9,1511E-5
7,8739E-5
8,2843E-5
9,0132E-5
8,5811E-5
9,062E-5
8,7604E-5
9,1576E-5
8,6941E-5
8,5934E-5
9,0327E-5
9,2629E-5
8,5418E-5
8,4892E-5
8,5629E-5
8,5888E-5
9,4701E-5
8,6266E-5
8,6586E-5
9,1247E-5
9,4378E-5
9,0578E-5
8,5673E-5
8,7734E-5
8,6244E-5
8,5254E-5
8,7627E-5
9,034E-5
8,8955E-5
9,1071E-5
8,7762E-5
8,6179E-5
9,2071E-5
9,3823E-5
9,3491E-5
9,4678E-5
8,5831E-5
7,9293E-5
8,5326E-5
8,9554E-5
8,7367E-5
8,5051E-5
8,9621E-5
8,5422E-5
8,8101E-5
8,8413E-5
7,7648E-5
9,0674E-5
9,3141E-5
8,955E-5
7,9521E-5
9,1701E-5
8,7683E-5
8,7679E-5
8,8427E-5
8,8813E-5
8,4054E-5
8,8051E-5
9,4055E-5
8,7277E-5
8,6109E-5
8,8778E-5
9,2633E-5
8,7469E-5
8,7301E-5
8,9696E-5
9,1592E-5
8,7065E-5
9,2014E-5
9,4777E-5
9,3004E-5
8,5358E-5
8,5296E-5
9,0154E-5
7,7964E-5
8,4297E-5
8,7105E-5
8,986E-5
8,649E-5
9,4058E-5
8,5544E-5
9,2934E-5
9,2287E-5
8,6186E-5
9,0301E-5
9,0509E-5
8,8466E-5
8,5944E-5
9,0725E-5
8,6389E-5
9,0115E-5
8,4746E-5
8,3754E-5
9,0991E-5
9,1701E-5
8,7229E-5
8,4405E-5
9,0923E-5
8,2322E-5
8,3495E-5
1,03538E-4
8,8932E-5
9,1924E-5
8,7507E-5
8,4765E-5
8,7851E-5
8,7062E-5
8,5635E-5
8,5238E-5
9,1863E-5
8,5138E-5
8,6962E-5
8,6172E-5
9,2726E-5
8,8117E-5
8,3869E-5
9,3986E-5
9,4911E-5
8,5787E-5
9,7829E-5
8,5923E-5
9,0353E-5
9,2948E-5
8,5598E-5
8,928E-5
9,2164E-5
9,0323E-5
8,853E-5
9,0683E-5
8,5835E-5
9,347E-5
8,4926E-5
8,7082E-5
9,0212E-5
8,8743E-5
9,4952E-5
9,2347E-5
7,9608E-5
8,7535E-5
8,8717E-5
8,8781E-5
8,9124E-5
8,8841E-5
8,7342E-5
9,0698E-5
7,8333E-5
9,284E-5
9,2679E-5
9,4869E-5
8,4759E-5
8,4311E-5
9,1736E-5
8,8857E-5
8,926E-5
8,5684E-5
8,5493E-5
8,7005E-5
9,1424E-5
8,5743E-5
8,5811E-5
9,1961E-5
8,6706E-5
8,6037E-5
8,832E-5
8,3411E-5
8,682E-5
8,5977E-5
9,4025E-5
8,8985E-5
9,0244E-5
8,6497E-5
9,1162E-5
9,1951E-5
9,6296E-5
8,7592E-5
8,7256E-5
9,1182E-5
7,8251E-5
8,9587E-5
8,5997E-5
8,9032E-5
9,032E-5
9,0178E-5
8,7672E-5
9,0698E-5
7,7615E-5
8,9684E-5
8,4349E-5
8,7425E-5
8,9299E-5
8,5702E-5
8,9434E-5
8,4937E-5
8,2954E-5
9,0644E-5
8,5329E-5
8,6337E-5
8,9282E-5
8,4975E-5
8,7523E-5
8,5232E-5
8,4759E-5
9,1348E-5
8,5029E-5
9,7128E-5
8,7948E-5
8,5687E-5
8,6511E-5
8,6127E-5
7,7823E-5
1,06061E-4
8,5936E-5
8,7108E-5
9,1019E-5
8,5468E-5
8,6376E-5
8,355E-5
7,8217E-5
8,6731E-5
8,4174E-5
8,7253E-5
9,0942E-5
8,7588E-5
8,8549E-5
8,9869E-5
7,9679E-5
9,0997E-5
8,4338E-5
8,6739E-5
9,0881E-5
8,9129E-5
8,9697E-5
8,6267E-5
8,1187E-5
8,6791E-5
8,4742E-5
8,8067E-5
8,8898E-5
8,7523E-5
8,7276E-5
8,6517E-5
9,097E-5
7,6362E-5
8,4395E-5
9,141E-5
9,0653E-5
8,4795E-5
8,721E-5
9,057E-5
9,1021E-5
8,6437E-5
8,5828E-5
8,6688E-5
9,5588E-5
9,0388E-5
8,4706E-5
8,6885E-5
9,5591E-5
9,4075E-5
8,5946E-5
8,8832E-5
9,0954E-5
8,433E-5
9,0468E-5
8,7151E-5
7,8025E-5
8,6632E-5
9,1446E-5
8,6067E-5
8,9002E-5
8,705E-5
8,4652E-5
7,9337E-5
8,9477E-5
8,4903E-5
8,6303E-5
7,9295E-5
9,0009E-5
8,4375E-5
9,1215E-5
9,2411E-5
9,1527E-5
1,13293E-4
9,2115E-5
8,9681E-5
8,436E-5
8,223E-5
9,1603E-5
9,7343E-5
9,5978E-5
1,163E-4
9,8873E-5
7,759E-5
9,1476E-5
9,6534E-5
8,8554E-5
1,01768E-4
8,8997E-5
8,6652E-5
8,5815E-5
8,6031E-5
8,5987E-5
9,1711E-5
8,9066E-5
9,0917E-5
1,0855E-4
8,9409E-5
1,00603E-4
8,5105E-5
9,4143E-5
8,7504E-5
9,1427E-5
8,7259E-5
9,5304E-5
8,7151E-5
8,6337E-5
9,0349E-5
8,4952E-5
8,4624E-5
9,5058E-5
1,03774E-4
1,05843E-4
8,6563E-5
8,423E-5
8,561E-5
8,5147E-5
8,6012E-5
9,1458E-5
1,0038E-4
9,2455E-5
8,5431E-5
9,764E-5
8,9199E-5
9,1383E-5
8,7895E-5
7,8085E-5
8,5549E-5
8,8967E-5
7,9035E-5
8,5883E-5
8,9871E-5
1,09541E-4
7,8599E-5
8,6003E-5
8,6039E-5
8,7626E-5
8,4925E-5
9,0713E-5
8,578E-5
8,3145E-5
8,9843E-5
8,581E-5
8,5994E-5
8,4282E-5
9,2473E-5
8,7762E-5
8,9194E-5
8,8026E-5
8,4052E-5
9,0801E-5
9,0128E-5
8,6161E-5
8,728E-5
8,3472E-5
9,0957E-5
9,2441E-5
8,4369E-5
1,06588E-4
8,9785E-5
9,0034E-5
9,0271E-5
8,3488E-5
8,9379E-5
8,7534E-5
8,5888E-5
9,1072E-5
8,6681E-5
9,7212E-5
8,4637E-5
9,0413E-5
8,9155E-5
8,451E-5
1,23955E-4
2,0781E-4
1,53703E-4
1,0161E-4
1,57904E-4
1,20208E-4
1,55604E-4
1,24259E-4
1,50072E-4
1,88967E-4
1,66367E-4
1,45071E-4
1,70395E-4
1,552E-4
1,52198E-4
1,89091E-4
1,1225E-4
1,65019E-4
1,67673E-4
1,42724E-4
1,47564E-4
1,39613E-4
2,07945E-4
1,27669E-4
1,77271E-4
1,49675E-4
1,42575E-4
1,69542E-4
1,7735E-4
1,58423E-4
1,33431E-4
1,85185E-4
9,6144E-5
8,935E-5
7,849E-5
8,6361E-5
9,1474E-5
9,2224E-5
8,6387E-5
8,8402E-5
8,8248E-5
9,1261E-5
8,7919E-5
1,63669E-4
9,1338E-5
8,9303E-5
9,4421E-5
8,7471E-5
8,687E-5
9,1299E-5
9,1356E-5
8,8366E-5
9,1325E-5
8,5662E-5
9,6621E-5
8,9461E-5
1,00099E-4
8,7981E-5
1,02492E-4
8,5379E-5
8,3741E-5
9,162E-5
8,6948E-5
8,6521E-5
8,5797E-5
9,2725E-5
8,8343E-5
8,9236E-5
9,5252E-5
1,00996E-4
1,58562E-4
1,35697E-4
1,34009E-4
1,43001E-4
1,09741E-4
1,31114E-4
1,21073E-4
1,74715E-4
1,09957E-4
1,46323E-4
1,12165E-4
8,505E-5
1,00368E-4
8,9962E-5
8,4552E-5
8,7029E-5
9,7948E-5
8,9676E-5
8,7736E-5
9,3331E-5
8,4163E-5
8,5703E-5
8,8455E-5
9,1488E-5
9,6799E-5
1,0022E-4
1,00217E-4
9,3126E-5
9,0016E-5
8,597E-5
9,014E-5
8,9999E-5
9,2336E-5
8,5911E-5
8,948E-5
8,6467E-5
8,4531E-5
7,6426E-5
8,7646E-5
8,9598E-5
8,6615E-5
8,9967E-5
1,00721E-4
1,43434E-4
1,88575E-4
1,38236E-4
1,19784E-4
1,26408E-4
1,35726E-4
1,78145E-4
1,54392E-4
2,12031E-4
1,86589E-4
1,97264E-4
2,18271E-4
1,77395E-4
1,46992E-4
1,92295E-4
1,87092E-4
2,06833E-4
1,91673E-4
1,62366E-4
2,06157E-4
1,89792E-4
1,80501E-4
2,07665E-4
1,95259E-4
1,75714E-4
2,06942E-4
1,73891E-4
1,92369E-4
2,04577E-4
1,65619E-4
2,40512E-4
2,03821E-4
2,0197E-4
1,81604E-4
1,87269E-4
1,96247E-4
2,04367E-4
2,17245E-4
2,03308E-4
2,17109E-4
0,003448262
1,3316E-4
1,80368E-4
1,61625E-4
1,67263E-4
1,41891E-4
1,72285E-4
1,55382E-4
1,28784E-4
1,63682E-4
1,45699E-4
1,68932E-4
1,34565E-4
1,44282E-4
1,52869E-4
1,37576E-4
1,65388E-4
1,17539E-4
1,33842E-4
1,08584E-4
1,27922E-4
1,46041E-4
1,28748E-4
1,36016E-4
1,14126E-4
1,94577E-4
8,7434E-5
8,5569E-5
8,9948E-5
8,9063E-5
9,2127E-5
8,626E-5
9,4294E-5
9,1087E-5
8,3656E-5
9,0338E-5
9,1024E-5
1,14211E-4
1,39759E-4
9,5182E-5
1,48535E-4
1,4158E-4
7,7143E-5
9,0934E-5
9,1225E-5
9,2152E-5
8,9026E-5
1,01089E-4
8,6788E-5
9,7475E-5
1,16909E-4
1,54511E-4
1,37192E-4
1,0468E-4
1,51946E-4
1,66324E-4
1,90454E-4
1,09577E-4
8,4189E-5
8,9872E-5
8,9465E-5
8,8459E-5
9,2425E-5
8,8099E-5
9,2934E-5
8,5547E-5
8,5322E-5
7,8277E-5
9,1482E-5
8,9744E-5
8,6069E-5
9,3978E-5
8,7007E-5
8,9216E-5
7,7868E-5
8,9375E-5
8,7845E-5
8,7093E-5
8,6476E-5
8,9934E-5
8,7382E-5
7,6183E-5
9,7189E-5
8,6353E-5
8,6017E-5
7,7469E-5
9,0421E-5
8,4616E-5
8,6035E-5
8,0136E-5
8,6933E-5
9,0292E-5
8,4513E-5
7,7531E-5
1,06438E-4
1,05913E-4
8,4441E-5
7,8967E-5
9,1424E-5
9,4023E-5
9,2946E-5
8,5548E-5
9,0704E-5
9,8279E-5
8,5794E-5
8,2352E-5
8,4505E-5
8,9352E-5
8,818E-5
1,03632E-4
8,8505E-5
8,6323E-5
8,9039E-5
1,01479E-4
1,15584E-4
9,6405E-5
7,7998E-5
9,0473E-5
8,9675E-5
9,0844E-5
9,2455E-5
8,8576E-5
7,7466E-5
8,86E-5
9,1879E-5
8,7111E-5
7,7817E-5
8,8919E-5
9,9022E-5
8,9908E-5
9,0019E-5
8,7338E-5
9,04E-5
8,9609E-5
8,5673E-5
9,5252E-5
9,1718E-5
8,4461E-5
8,6255E-5
8,3536E-5
8,6681E-5
9,108E-5
8,6391E-5
9,0161E-5
8,4872E-5
9,1196E-5
8,4932E-5
8,5671E-5
8,4687E-5
9,0912E-5
1,00427E-4
8,5117E-5
8,5097E-5
8,921E-5
9,3021E-5
8,7035E-5
1,01029E-4
8,4842E-5
8,6006E-5
8,6783E-5
8,9167E-5
7,7732E-5
8,654E-5
9,6071E-5
8,9802E-5
8,546E-5
8,6109E-5
9,1787E-5
9,0193E-5
9,2065E-5
8,9057E-5
8,3662E-5
9,0418E-5
7,9512E-5
8,4309E-5
8,7439E-5
9,0641E-5
8,8137E-5
8,3306E-5
8,7807E-5
8,6938E-5
8,5775E-5
8,3251E-5
8,6492E-5
8,7516E-5
8,589E-5
9,1083E-5
8,8584E-5
5,6772E-4
8,6131E-5
8,6669E-5
9,2153E-5
8,7337E-5
8,6614E-5
9,0302E-5
8,6718E-5
8,878E-5
9,1634E-5
9,0489E-5
9,3611E-5
9,1015E-5
8,5877E-5
8,865E-5
8,4746E-5
8,5324E-5
8,3557E-5
8,7691E-5
9,2239E-5
8,807E-5
8,8722E-5
8,5829E-5
8,6222E-5
8,6991E-5
8,5585E-5
9,1355E-5
1,09857E-4
8,6172E-5
8,7412E-5
8,5976E-5
8,5196E-5
8,9769E-5
8,7019E-5
8,7112E-5
8,465E-5
9,1788E-5
8,4867E-5
1,00807E-4
8,6543E-5
8,2161E-5
9,6874E-5
9,5506E-5
9,0037E-5
9,2584E-5
9,6236E-5
1,05732E-4
8,9401E-5
8,7992E-5
8,6936E-5
8,4232E-5
8,3971E-5
9,0401E-5
8,8831E-5
8,9726E-5
9,0409E-5
8,6622E-5
8,8883E-5
8,6197E-5
8,6739E-5
8,504E-5
8,9363E-5
8,7168E-5
8,4624E-5
9,9614E-5
1,01319E-4
8,8305E-5
9,144E-5
8,7265E-5
8,8091E-5
7,7689E-5
9,134E-5
8,5662E-5
8,9978E-5
9,1146E-5
9,1426E-5
8,7176E-5
8,6395E-5
9,2512E-5
9,0943E-5
9,4876E-5
8,5183E-5
9,1497E-5
9,357E-5
8,6495E-5
8,5991E-5
8,6935E-5
9,1873E-5
9,2447E-5
1,13401E-4
1,00817E-4
1,08284E-4
9,0826E-5
1,00828E-4
9,2582E-5
9,1508E-5
8,3202E-5
9,08E-5
8,5168E-5
1,06666E-4
8,7042E-5
9,0516E-5
8,9119E-5
9,0834E-5
8,5561E-5
9,1057E-5
8,2398E-5
9,1626E-5
8,4113E-5
8,7278E-5
8,6368E-5
8,5095E-5
9,2224E-5
8,4735E-5
8,8521E-5
8,6902E-5
8,5532E-5
9,3215E-5
8,809E-5
8,581E-5
9,1007E-5
1,30713E-4
1,30932E-4
9,3589E-5
8,768E-5
7,692E-5
8,9788E-5
8,5087E-5
8,3567E-5
8,6149E-5
9,4947E-5
9,1069E-5
8,8741E-5
8,8019E-5
8,5922E-5
8,548E-5
8,5397E-5
8,327E-5
9,0742E-5
8,986E-5
8,5421E-5
8,7291E-5
7,839E-5
8,7861E-5
1,3948E-4
0,003164495
9,1689E-5
9,0668E-5
8,619E-5
9,1371E-5
8,8331E-5
8,538E-5
9,14E-5
8,5189E-5
9,1958E-5
7,8129E-5
8,8105E-5
8,8407E-5
8,5824E-5
8,6632E-5
8,4797E-5
9,0616E-5
8,9589E-5
8,4421E-5
8,5655E-5
7,7543E-5
8,5441E-5
7,5876E-5
8,5583E-5
8,6949E-5
7,8402E-5
9,2643E-5
9,1655E-5
8,6619E-5
8,9715E-5
8,7709E-5
8,4717E-5
8,6797E-5
9,1751E-5
8,8892E-5
9,1418E-5
8,7854E-5
8,806E-5
9,1829E-5
9,1508E-5
8,7124E-5
1,02242E-4
1,0515E-4
7,7591E-5
9,5974E-5
9,3416E-5
8,7065E-5
9,0167E-5
8,988E-5
9,1538E-5
8,9359E-5
9,4267E-5
8,4964E-5
9,1522E-5
8,8481E-5
8,5985E-5
8,985E-5
1,04156E-4
8,4824E-5
9,1197E-5
8,6558E-5
9,115E-5
9,0406E-5
9,1336E-5
8,8017E-5
9,1232E-5
7,8554E-5
8,6621E-5
8,6362E-5
8,296E-5
8,625E-5
9,0235E-5
9,1833E-5
9,0842E-5
8,7922E-5
8,6989E-5
8,4618E-5
9,205E-5
8,7598E-5
9,0185E-5
9,2741E-5
8,5011E-5
8,9196E-5
9,0323E-5
8,4195E-5
9,228E-5
8,8181E-5
8,6482E-5
9,1682E-5
8,5515E-5
9,0461E-5
8,5146E-5
8,2687E-5
8,2286E-5
8,8456E-5
8,5421E-5
8,4775E-5
1,00448E-4
8,69E-5
8,9841E-5
9,4569E-5
9,0509E-5
8,5108E-5
9,4193E-5
8,815E-5
8,519E-5
8,5078E-5
9,1331E-5
8,9528E-5
8,9121E-5
9,2642E-5
9,732E-5
7,6951E-5
8,6733E-5
8,5709E-5
8,9404E-5
9,221E-5
9,1285E-5
8,5722E-5
8,5588E-5
9,4858E-5
9,2041E-5
8,8851E-5
8,6069E-5
9,1835E-5
7,9131E-5
8,6856E-5
9,0329E-5
8,9383E-5
8,7252E-5
8,6614E-5
7,8672E-5
8,6389E-5
9,8273E-5
8,7398E-5
8,7927E-5
8,4115E-5
8,7993E-5
8,7233E-5
8,5599E-5
7,6799E-5
8,9485E-5
8,5993E-5
8,3222E-5
8,7032E-5
8,654E-5
8,5788E-5
8,7492E-5
8,7628E-5
9,0168E-5
8,283E-5
8,6732E-5
8,829E-5
8,8573E-5
8,3912E-5
8,8919E-5
9,1277E-5
8,6773E-5
9,066E-5
8,5997E-5
9,3147E-5
8,5827E-5
1,13871E-4
8,4972E-5
8,5449E-5
1,03299E-4
8,5156E-5
8,9375E-5
9,8361E-5
8,8314E-5
8,9907E-5
8,5713E-5
8,7986E-5
1,15405E-4
9,0825E-5
8,6009E-5
8,8368E-5
9,2567E-5
8,7449E-5
8,4664E-5
7,7205E-5
1,07698E-4
9,9641E-5
8,5602E-5
8,3265E-5
8,5456E-5
9,1029E-5
8,5324E-5
9,1317E-5
8,9239E-5
8,5291E-5
9,1369E-5
8,8494E-5
8,535E-5
8,801E-5
8,9789E-5
9,0936E-5
8,5877E-5
8,4172E-5
9,13E-5
8,7038E-5
8,7192E-5
8,4975E-5
8,873E-5
9,1512E-5
8,5307E-5
9,8378E-5
7,7971E-5
9,2488E-5
8,5767E-5
8,6221E-5
8,7871E-5
8,9825E-5
8,5811E-5
9,0548E-5
9,0931E-5
8,4914E-5
8,6107E-5
9,1308E-5
7,8659E-5
1,07948E-4
8,3164E-5
9,018E-5
8,625E-5
8,8739E-5
7,7872E-5
8,5802E-5
8,6565E-5
9,8474E-5
8,6114E-5
8,7141E-5
8,4435E-5
9,1189E-5
8,6826E-5
7,7877E-5
8,5693E-5
8,5224E-5
9,0924E-5
8,4067E-5
9,5095E-5
8,6759E-5
9,0516E-5
8,8746E-5
8,3675E-5
9,5344E-5
8,7993E-5
8,8788E-5
9,3852E-5
8,8202E-5
8,9554E-5
8,9612E-5
8,502E-5
9,1632E-5
9,0759E-5
8,4592E-5
8,7634E-5
8,7039E-5
8,5402E-5
8,9646E-5
8,7719E-5
8,5001E-5
8,6356E-5
9,2781E-5
8,741E-5
8,4584E-5
9,7786E-5
8,8605E-5
9,0392E-5
8,968E-5
8,7651E-5
8,4823E-5
7,7523E-5
8,9792E-5
8,8068E-5
7,8279E-5
8,4801E-5
9,2909E-5
8,4356E-5
9,2886E-5
7,78E-5
8,5265E-5
8,7569E-5
8,6607E-5
8,6594E-5
9,1525E-5
9,0252E-5
7,7214E-5
8,7929E-5
9,029E-5
8,5771E-5
9,0626E-5
9,0376E-5
8,601E-5
7,8214E-5
8,6956E-5
8,705E-5
9,0918E-5
9,486E-5
8,9115E-5
8,8166E-5
8,9205E-5
9,2739E-5
9,0279E-5
8,5239E-5
9,4186E-5
9,2656E-5
8,5322E-5
8,4823E-5
8,3958E-5
9,2115E-5
8,5493E-5
8,6099E-5
8,6995E-5
8,9111E-5
8,4838E-5
8,6589E-5
8,5721E-5
1,05326E-4
8,5477E-5
8,9582E-5
9,4175E-5
1,4583E-4
1,53155E-4
1,48297E-4
1,39735E-4
1,588E-4
1,40017E-4
1,64229E-4
1,34829E-4
1,43247E-4
1,39707E-4
1,37714E-4
1,40161E-4
1,37825E-4
1,4102E-4
1,52746E-4
1,42571E-4
1,38718E-4
1,34046E-4
1,40863E-4
1,40777E-4
1,34475E-4
1,31512E-4
1,42976E-4
1,36704E-4
1,3758E-4
1,31821E-4
1,44273E-4
1,41877E-4
1,23684E-4
1,39168E-4
1,42943E-4
1,41174E-4
1,32369E-4
1,35698E-4
1,44197E-4
1,44189E-4
1,25578E-4
1,41958E-4
1,45875E-4
1,40334E-4
1,38403E-4
1,38489E-4
1,54269E-4
1,42076E-4
1,34196E-4
1,37235E-4
1,3354E-4
1,3336E-4
1,34954E-4
1,65716E-4
1,44913E-4
1,29407E-4
1,35523E-4
1,45464E-4
1,35188E-4
1,3978E-4
1,50358E-4
1,42191E-4
1,42999E-4
1,3509E-4
1,28021E-4
1,35675E-4
1,40287E-4
1,51146E-4
1,6053E-4
1,4034E-4
1,40984E-4
8,48534E-4
1,42635E-4
1,35873E-4
1,3887E-4
1,41468E-4
1,43579E-4
1,43192E-4
1,46758E-4
1,38821E-4
1,40125E-4
1,42666E-4
0,003129107
8,6784E-5
9,8266E-5
7,8605E-5
8,7547E-5
8,8801E-5
9,6055E-5
8,5281E-5
9,4559E-5
9,1661E-5
8,5585E-5
8,7062E-5
9,2102E-5
8,7993E-5
8,4864E-5
8,8959E-5
9,1388E-5
8,5914E-5
8,7623E-5
1,07143E-4
1,24872E-4
9,1757E-5
9,8623E-5
9,0812E-5
8,7311E-5
8,6266E-5
8,8459E-5
8,5487E-5
8,7749E-5
8,7807E-5
9,4816E-5
8,6794E-5
9,2898E-5
1,02652E-4
9,6466E-5
8,7407E-5
8,6559E-5
8,4389E-5
9,8777E-5
8,8437E-5
1,04129E-4
9,7045E-5
9,7495E-5
8,8162E-5
8,5537E-5
8,484E-5
8,5237E-5
8,5851E-5
8,4871E-5
9,0878E-5
8,5683E-5
8,7613E-5
9,859E-5
8,8055E-5
8,4893E-5
8,6866E-5
8,8209E-5
8,891E-5
7,773E-5
8,6199E-5
8,8636E-5
9,5131E-5
8,532E-5
8,484E-5
8,7559E-5
8,6109E-5
8,6231E-5
8,9664E-5
8,9575E-5
9,362E-5
8,7654E-5
8,6926E-5
9,415E-5
8,9245E-5
9,6673E-5
8,7456E-5
9,0939E-5
8,5878E-5
8,3856E-5
8,847E-5
8,775E-5
9,8601E-5
8,8383E-5
8,6142E-5
8,5298E-5
8,9811E-5
8,6901E-5
9,034E-5
9,1536E-5
8,5424E-5
8,5514E-5
9,6095E-5
8,8402E-5
8,8883E-5
8,7106E-5
8,5638E-5
8,6277E-5
9,2793E-5
8,9496E-5
8,5727E-5
1,05751E-4
8,6959E-5
8,4189E-5
9,148E-5
8,4366E-5
8,9616E-5
9,3196E-5
9,0435E-5
1,05401E-4
9,2266E-5
8,3714E-5
9,1378E-5
8,9137E-5
9,3115E-5
9,0478E-5
8,5327E-5
7,9679E-5
8,4795E-5
8,9146E-5
8,6278E-5
8,892E-5
8,2332E-5
9,2467E-5
8,989E-5
8,9628E-5
9,0462E-5
9,2017E-5
8,5845E-5
8,6755E-5
8,5793E-5
9,6869E-5
8,8844E-5
8,3592E-5
8,6083E-5
9,054E-5
8,771E-5
9,0655E-5
8,8549E-5
9,0183E-5
8,9E-5
8,8251E-5
1,02465E-4
8,9409E-5
8,5623E-5
8,3476E-5
9,3174E-5
9,8861E-5
9,0082E-5
9,0434E-5
8,9182E-5
8,57E-5
9,1884E-5
9,2387E-5
8,6461E-5
9,6025E-5
9,0772E-5
9,2152E-5
8,816E-5
9,0839E-5
7,8311E-5
8,6749E-5
8,5445E-5
9,0966E-5
7,9385E-5
8,3443E-5
8,6189E-5
8,9939E-5
8,5688E-5
8,3717E-5
8,5797E-5
9,6049E-5
9,567E-5
8,6699E-5
8,6276E-5
9,4575E-5
9,2839E-5
8,8802E-5
9,2765E-5
8,8683E-5
9,4062E-5
8,4864E-5
8,9734E-5
8,9547E-5
8,7752E-5
8,9869E-5
8,7024E-5
8,7084E-5
9,3896E-5
8,9593E-5
8,6974E-5
7,7221E-5
8,4576E-5
8,5882E-5
9,0844E-5
8,4608E-5
8,2476E-5
8,7401E-5
8,4369E-5
9,0233E-5
1,01413E-4
9,0885E-5
8,6255E-5
8,8847E-5
9,2518E-5
8,6612E-5
8,9762E-5
9,6698E-5
8,3861E-5
8,8888E-5
8,8543E-5
8,9542E-5
8,6625E-5
8,9575E-5
1,03144E-4
8,9021E-5
9,4414E-5
8,8254E-5
7,6562E-5
8,4226E-5
8,5954E-5
9,0614E-5
8,4782E-5
8,5768E-5
8,4507E-5
9,6602E-5
8,9711E-5
1,00758E-4
9,6035E-5
8,6418E-5
9,0327E-5
8,9966E-5
9,0576E-5
8,4832E-5
8,3794E-5
9,0418E-5
8,5032E-5
8,91E-5
8,4298E-5
9,1313E-5
8,3851E-5
8,4663E-5
9,0669E-5
9,5538E-5
8,7727E-5
8,7133E-5
8,5863E-5
9,0429E-5
8,4278E-5
9,0592E-5
9,0019E-5
8,773E-5
9,3179E-5
8,5713E-5
9,7454E-5
8,9776E-5
8,9445E-5
9,0676E-5
9,5866E-5
8,9079E-5
8,755E-5
8,3447E-5
9,1682E-5
8,8922E-5
9,0617E-5
8,4702E-5
9,0509E-5
9,0644E-5
8,8476E-5
8,956E-5
9,2638E-5
8,4155E-5
8,7562E-5
8,9207E-5
9,0606E-5
9,1439E-5
8,6086E-5
8,9215E-5
9,3825E-5
1,03716E-4
9,093E-5
8,5912E-5
8,6153E-5
7,8835E-5
9,096E-5
8,9797E-5
8,3986E-5
8,2438E-5
8,9549E-5
8,6254E-5
8,9849E-5
8,4995E-5
8,5899E-5
8,8522E-5
7,8661E-5
9,2533E-5
9,3276E-5
8,4544E-5
8,6035E-5
8,8654E-5
8,9739E-5
8,9274E-5
8,9325E-5
8,6067E-5
9,1051E-5
9,1909E-5
8,8359E-5
8,718E-5
8,6148E-5
9,1682E-5
8,6563E-5
9,2469E-5
7,8018E-5
8,9196E-5
8,725E-5
9,0642E-5
8,5197E-5
8,8284E-5
9,3198E-5
9,2995E-5
8,5122E-5
9,166E-5
8,8292E-5
8,8768E-5
9,7774E-5
9,0384E-5
8,8491E-5
1,01765E-4
8,6183E-5
8,6466E-5
8,808E-5
8,9009E-5
8,4851E-5
8,3521E-5
8,5078E-5
9,2624E-5
8,7953E-5
8,5463E-5
8,3605E-5
8,7449E-5
8,7909E-5
8,5663E-5
8,46E-5
1,08996E-4
9,29E-5
7,8717E-5
9,0204E-5
8,1762E-5
9,9514E-5
8,5932E-5
7,6247E-5
9,2513E-5
9,1296E-5
8,9767E-5
8,9693E-5
8,7498E-5
8,4616E-5
8,4562E-5
9,1327E-5
8,8822E-5
1,21831E-4
1,19544E-4
1,35562E-4
1,54376E-4
7,863E-5
8,5898E-5
8,3397E-5
8,897E-5
8,5184E-5
9,041E-5
8,8087E-5
9,0273E-5
9,1828E-5
8,5266E-5
8,4413E-5
9,6884E-5
8,6875E-5
1,32028E-4
1,41765E-4
9,2173E-5
9,3826E-5
9,0812E-5
1,03641E-4
8,5947E-5
8,7112E-5
8,6128E-5
8,7146E-5
8,6511E-5
9,1633E-5
8,6223E-5
8,4764E-5
9,052E-5
8,4365E-5
9,0654E-5
8,5596E-5
8,5771E-5
8,4923E-5
9,165E-5
8,8952E-5
9,3163E-5
8,6017E-5
8,7407E-5
8,7044E-5
7,8046E-5
8,8829E-5
9,2826E-5
9,8907E-5
9,1446E-5
9,2947E-5
8,8522E-5
8,8146E-5
8,9207E-5
8,9808E-5
8,5531E-5
9,0558E-5
8,8914E-5
7,7391E-5
9,1307E-5
9,2606E-5
8,6073E-5
8,7109E-5
9,0601E-5
9,1478E-5
8,3849E-5
9,2618E-5
8,5421E-5
9,14E-5
9,1117E-5
9,2068E-5
9,1121E-5
8,8766E-5
8,4789E-5
8,8158E-5
8,6E-5
9,0598E-5
8,6059E-5
7,7525E-5
9,291E-5
8,892E-5
9,1782E-5
9,1469E-5
9,1607E-5
8,5061E-5
8,5553E-5
8,9811E-5
9,1966E-5
9,369E-5
8,4704E-5
8,4992E-5
9,0769E-5
8,7373E-5
7,8827E-5
8,6964E-5
8,9703E-5
9,1481E-5
9,2993E-5
9,7115E-5
8,7855E-5
8,8691E-5
8,6614E-5
9,3849E-5
1,00772E-4
9,1836E-5
8,6303E-5
8,564E-5
7,794E-5
8,5626E-5
8,7025E-5
9,1944E-5
8,5489E-5
8,4483E-5
8,4472E-5
8,711E-5
8,7687E-5
9,0879E-5
9,3182E-5
8,6472E-5
8,6009E-5
9,0195E-5
8,5775E-5
8,5305E-5
9,2216E-5
8,6347E-5
8,6031E-5
9,1284E-5
8,5122E-5
8,6815E-5
8,8025E-5
9,2454E-5
1,01594E-4
8,9999E-5
8,9541E-5
8,7838E-5
8,3098E-5
9,9227E-5
9,3641E-5
8,587E-5
9,1706E-5
8,3642E-5
9,1635E-5
8,6092E-5
9,2684E-5
9,1656E-5
8,6778E-5
8,9551E-5
8,5572E-5
8,8035E-5
9,3411E-5
9,2225E-5
8,3562E-5
8,7773E-5
9,3569E-5
9,2127E-5
8,8804E-5
8,9113E-5
9,1573E-5
9,2306E-5
8,4843E-5
8,9019E-5
9,132E-5
8,8297E-5
8,717E-5
8,8155E-5
8,7566E-5
8,589E-5
8,7077E-5
8,8119E-5
8,6604E-5
8,5861E-5
9,1207E-5
8,9813E-5
8,8387E-5
8,9576E-5
9,0254E-5
8,5213E-5
8,7196E-5
8,8359E-5
8,7784E-5
8,8861E-5
7,8097E-5
9,0545E-5
8,687E-5
8,9848E-5
8,5934E-5
8,6872E-5
8,9988E-5
8,7004E-5
8,7203E-5
8,5751E-5
8,6199E-5
8,9832E-5
7,9798E-5
9,0849E-5
8,7614E-5
8,895E-5
8,8486E-5
8,7162E-5
8,4317E-5
8,8751E-5
8,984E-5
8,5496E-5
8,6802E-5
8,9727E-5
8,9278E-5
8,4394E-5
8,7035E-5
1,06418E-4
8,9086E-5
8,5423E-5
8,5393E-5
9,3328E-5
8,7564E-5
8,9996E-5
8,3575E-5
8,5577E-5
9,222E-5
8,9986E-5
8,4522E-5
8,8649E-5
8,9811E-5
8,5763E-5
8,3653E-5
9,1786E-5
8,8756E-5
8,6815E-5
8,6846E-5
9,0675E-5
9,0869E-5
9,9891E-5
8,7201E-5
9,2072E-5
8,8538E-5
8,666E-5
9,0783E-5
8,5777E-5
8,0391E-5
8,518E-5
8,5078E-5
8,9341E-5
9,7201E-5
8,8117E-5
8,6002E-5
8,724E-5
9,2436E-5
8,7484E-5
9,2191E-5
1,04519E-4
8,6535E-5
9,0754E-5
1,02271E-4
8,6894E-5
8,4818E-5
8,6786E-5
8,8134E-5
8,5482E-5
8,6265E-5
8,6397E-5
8,698E-5
8,9474E-5
9,5887E-5
9,8044E-5
8,838E-5
9,2438E-5
9,5194E-5
9,6221E-5
8,8187E-5
8,7047E-5
9,2996E-5
9,1778E-5
8,6742E-5
8,6085E-5
8,6087E-5
8,9288E-5
8,7417E-5
8,4771E-5
9,1821E-5
8,9852E-5
7,8978E-5
9,2657E-5
8,7556E-5
8,6979E-5
8,6631E-5
8,7208E-5
9,0234E-5
9,0878E-5
9,1342E-5
8,9429E-5
7,7652E-5
9,2005E-5
8,9537E-5
8,7192E-5
8,8166E-5
8,31E-5
8,4028E-5
8,9499E-5
9,0151E-5
8,2742E-5
9,0989E-5
8,9608E-5
8,9565E-5
8,3405E-5
8,357E-5
8,8737E-5
8,9543E-5
8,3124E-5
8,3306E-5
8,576E-5
8,8012E-5
8,322E-5
8,2137E-5
8,5434E-5
8,9759E-5
8,3177E-5
8,5362E-5
8,5164E-5
8,6384E-5
8,9969E-5
9,1305E-5
8,5187E-5
8,7013E-5
9,0341E-5
8,6823E-5
8,5663E-5
9,007E-5
9,795E-5
8,6063E-5
9,1492E-5
8,9744E-5
8,5691E-5
8,6567E-5
8,5775E-5
9,0708E-5
8,7237E-5
8,5781E-5
9,2582E-5
8,9117E-5
8,688E-5
8,5289E-5
9,761E-5
9,056E-5
8,7829E-5
9,0631E-5
9,0421E-5
8,9426E-5
8,6807E-5
8,8224E-5
8,7232E-5
9,8549E-5
8,7218E-5
8,436E-5
8,7727E-5
9,0908E-5
9,8026E-5
8,4561E-5
8,4332E-5
9,7306E-5
8,6771E-5
8,4043E-5
8,5266E-5
1,01291E-4
9,214E-5
8,4642E-5
8,4996E-5
9,5531E-5
9,1374E-5
8,972E-5
1,05044E-4
9,0437E-5
9,2909E-5
1,00868E-4
8,3774E-5
9,3154E-5
9,1567E-5
9,8458E-5
8,5685E-5
9,4319E-5
8,8763E-5
9,9306E-5
8,7167E-5
1,03806E-4
9,8363E-5
8,9693E-5
8,6088E-5
9,1983E-5
8,4727E-5
8,4553E-5
8,6377E-5
9,0332E-5
1,37205E-4
1,33296E-4
9,5757E-5
8,7547E-5
9,8571E-5
8,3949E-5
8,7575E-5
8,6766E-5
8,3793E-5
8,8564E-5
9,1045E-5
9,3583E-5
8,6489E-5
8,6284E-5
8,524E-5
8,4306E-5
8,3007E-5
8,5233E-5
8,6158E-5
8,8115E-5
1,06913E-4
1,00098E-4
8,3468E-5
1,28107E-4
1,52538E-4
8,8073E-5
8,7819E-5
9,257E-5
8,4382E-5
1,02413E-4
8,7862E-5
8,3487E-5
8,3037E-5
1,36685E-4
1,46846E-4
1,48327E-4
1,4267E-4
1,40143E-4
1,34114E-4
1,3971E-4
1,42231E-4
1,39628E-4
1,37585E-4
1,3044E-4
1,34369E-4
1,29157E-4
1,35855E-4
1,45304E-4
1,45009E-4
1,4477E-4
1,38707E-4
1,21391E-4
1,33779E-4
1,32933E-4
1,39339E-4
1,32487E-4
1,40858E-4
1,30985E-4
1,40617E-4
1,43039E-4
1,4445E-4
1,43581E-4
1,33544E-4
1,32912E-4
1,35437E-4
1,525E-4
1,41484E-4
1,31732E-4
1,34538E-4
1,32356E-4
1,43188E-4
1,3448E-4
1,35302E-4
1,35294E-4
1,40814E-4
1,36836E-4
1,47453E-4
1,34646E-4
1,42916E-4
1,36458E-4
1,35553E-4
1,34941E-4
1,41372E-4
1,34905E-4
1,31842E-4
1,36948E-4
1,44154E-4
1,57322E-4
1,35129E-4
1,38232E-4
1,44523E-4
1,349E-4
1,29997E-4
1,40225E-4
1,39961E-4
1,4069E-4
1,30496E-4
1,40829E-4
1,42852E-4
9,1743E-5
1,02468E-4
9,0135E-5
9,1137E-5
9,2458E-5
8,8431E-5
9,1371E-5
8,9E-5
9,1385E-5
9,3691E-5
8,0197E-5
9,2174E-5
8,6764E-5
8,7583E-5
8,9556E-5
9,4811E-5
9,3853E-5
8,4697E-5
1,05564E-4
8,4086E-5
8,9926E-5
8,623E-5
9,0462E-5
8,5432E-5
9,0572E-5
8,9004E-5
9,1058E-5
9,1412E-5
9,4304E-5
8,6071E-5
1,03611E-4
9,0319E-5
8,6274E-5
8,5404E-5
8,8083E-5
9,2368E-5
8,4196E-5
8,7464E-5
8,7482E-5
7,7716E-5
9,8823E-5
8,6811E-5
8,402E-5
8,4628E-5
8,5966E-5
7,7459E-5
9,1487E-5
9,2068E-5
8,5671E-5
8,2794E-5
8,6547E-5
9,9146E-5
8,4455E-5
7,8839E-5
9,0646E-5
9,1369E-5
8,8177E-5
9,543E-5
8,7558E-5
1,07278E-4
8,9228E-5
9,1571E-5
8,8205E-5
8,4337E-5
8,347E-5
9,0889E-5
9,0965E-5
8,7041E-5
8,5496E-5
9,1311E-5
1,02814E-4
9,9519E-5
9,7757E-5
9,0253E-5
1,01443E-4
8,9214E-5
9,6237E-5
8,4656E-5
8,5029E-5
8,9479E-5
8,6868E-5
9,0668E-5
9,1395E-5
7,8247E-5
9,1793E-5
8,5892E-5
9,2397E-5
7,7164E-5
9,0371E-5
8,567E-5
1,07281E-4
8,9021E-5
9,1034E-5
8,5358E-5
8,3921E-5
7,9515E-5
9,1393E-5
8,5665E-5
8,5314E-5
8,4448E-5
8,9525E-5
8,6061E-5
9,4837E-5
8,2172E-5
1,01748E-4
1,0441E-4
8,5706E-5
8,2332E-5
9,2074E-5
9,1845E-5
1,05801E-4
7,7316E-5
9,0098E-5
9,1615E-5
8,6557E-5
9,9065E-5
9,3616E-5
9,1036E-5
8,7087E-5
7,6568E-5
9,1493E-5
9,4099E-5
8,6668E-5
7,7884E-5
9,2401E-5
9,2157E-5
8,2234E-5
7,6806E-5
8,7905E-5
8,8082E-5
8,5319E-5
8,6207E-5
8,6496E-5
8,7946E-5
9,3735E-5
8,9989E-5
9,2716E-5
9,1133E-5
8,3557E-5
9,2043E-5
9,087E-5
9,1861E-5
8,4601E-5
8,6008E-5
9,2334E-5
8,3827E-5
8,6776E-5
8,5381E-5
8,6674E-5
8,7942E-5
9,1576E-5
8,9785E-5
8,9017E-5
8,9788E-5
8,8355E-5
8,9495E-5
8,737E-5
9,0206E-5
8,5453E-5
8,8044E-5
8,946E-5
8,8602E-5
8,8829E-5
8,5529E-5
8,9645E-5
8,9463E-5
8,7694E-5
8,5862E-5
8,6076E-5
8,428E-5
8,7336E-5
9,2002E-5
8,835E-5
8,3347E-5
9,9064E-5
8,6166E-5
9,0665E-5
8,5715E-5
8,437E-5
8,8317E-5
8,4133E-5
9,0797E-5
1,06984E-4
7,7517E-5
8,7679E-5
8,4365E-5
9,1012E-5
8,9313E-5
9,0297E-5
8,4066E-5
9,0968E-5
8,7937E-5
8,5207E-5
8,6712E-5
8,9562E-5
8,4499E-5
8,3448E-5
9,0442E-5
8,7263E-5
7,7514E-5
8,4891E-5
9,8946E-5
9,077E-5
8,866E-5
9,1536E-5
8,4933E-5
8,7777E-5
8,8499E-5
8,6371E-5
8,637E-5
8,0258E-5
8,5469E-5
8,413E-5
9,102E-5
9,2546E-5
9,178E-5
8,4685E-5
9,1105E-5
8,5102E-5
8,754E-5
9,9428E-5
8,5628E-5
8,9145E-5
8,6041E-5
8,5254E-5
8,9164E-5
8,9161E-5
9,1845E-5
9,2336E-5
8,7971E-5
8,3429E-5
8,4235E-5
8,7841E-5
9,438E-5
8,4065E-5
8,2917E-5
8,7186E-5
9,1663E-5
9,1843E-5
9,1079E-5
8,5847E-5
8,7822E-5
9,0098E-5
8,4612E-5
8,9899E-5
8,4666E-5
9,004E-5
8,353E-5
8,7105E-5
8,9998E-5
8,5367E-5
7,78E-5
8,6465E-5
9,5019E-5
9,027E-5
8,624E-5
7,7795E-5
8,959E-5
8,8892E-5
9,1486E-5
8,9409E-5
7,7234E-5
9,1543E-5
8,6407E-5
8,752E-5
8,6649E-5
8,0357E-5
8,6602E-5
9,1636E-5
8,4867E-5
8,7509E-5
8,3628E-5
9,0675E-5
9,5736E-5
8,7113E-5
8,4668E-5
8,9483E-5
8,5994E-5
9,094E-5
8,7702E-5
1,07336E-4
8,5831E-5
7,7784E-5
9,0944E-5
8,9281E-5
1,029E-4
8,5674E-5
8,3284E-5
8,9314E-5
8,6658E-5
8,7533E-5
8,5322E-5
8,3867E-5
1,01477E-4
8,6351E-5
8,6942E-5
8,923E-5
8,6131E-5
9,0735E-5
8,9231E-5
8,6559E-5
9,1459E-5
9,0489E-5
9,0998E-5
1,04364E-4
8,8585E-5
8,6336E-5
9,0241E-5
8,4906E-5
8,4326E-5
8,596E-5
8,6858E-5
9,0648E-5
9,1334E-5
8,5585E-5
8,7896E-5
8,514E-5
8,7788E-5
8,3958E-5
8,7368E-5
1,1013E-4
8,9949E-5
8,8426E-5
8,7492E-5
9,2474E-5
9,015E-5
1,02335E-4
9,2686E-5
8,8232E-5
9,6199E-5
8,6287E-5
8,6512E-5
8,8116E-5
8,853E-5
1,55076E-4
1,34885E-4
1,66446E-4
1,16855E-4
1,34349E-4
1,33556E-4
1,31868E-4
1,5012E-4
1,25201E-4
1,02959E-4
1,17709E-4
1,27675E-4
1,17866E-4
1,2239E-4
1,21088E-4
1,39739E-4
1,44792E-4
1,46873E-4
1,56822E-4
1,13149E-4
1,26207E-4
1,28872E-4
1,45107E-4
1,17285E-4
1,08531E-4
1,08191E-4
1,08365E-4
1,34105E-4
1,13633E-4
1,34046E-4
1,17544E-4
1,00393E-4
1,49965E-4
1,13407E-4
9,2728E-5
1,06002E-4
1,17278E-4
9,9251E-5
1,10106E-4
1,27069E-4
1,02651E-4
1,10641E-4
1,02611E-4
1,24088E-4
1,02863E-4
1,32234E-4
1,29406E-4
1,71539E-4
1,11497E-4
1,20718E-4
1,20708E-4
1,16888E-4
1,30064E-4
1,49698E-4
1,44531E-4
1,63274E-4
1,09962E-4
1,60177E-4
1,55531E-4
8,9606E-5
8,5827E-5
8,6457E-5
8,6709E-5
8,6115E-5
8,2852E-5
1,00874E-4
8,4836E-5
8,6655E-5
8,3275E-5
9,1098E-5
8,7026E-5
8,9616E-5
8,6615E-5
8,4452E-5
9,1225E-5
7,9797E-5
8,3483E-5
8,5862E-5
9,6365E-5
8,8879E-5
8,3661E-5
9,0296E-5
8,6466E-5
7,7744E-5
9,6319E-5
9,1922E-5
8,3026E-5
8,6996E-5
9,3621E-5
8,7256E-5
9,0536E-5
8,7724E-5
8,4673E-5
8,755E-5
8,9806E-5
8,6476E-5
8,9911E-5
8,8859E-5
8,9571E-5
8,4374E-5
8,387E-5
8,7898E-5
9,1794E-5
8,8125E-5
8,6644E-5
8,6162E-5
8,7618E-5
8,9035E-5
8,888E-5
8,3808E-5
8,4227E-5
8,763E-5
1,01766E-4
8,6279E-5
9,369E-5
8,888E-5
8,8424E-5
8,833E-5
8,9896E-5
9,1478E-5
9,3319E-5
8,5472E-5
8,6045E-5
9,2204E-5
8,8544E-5
8,5546E-5
8,7144E-5
8,9743E-5
9,0797E-5
8,4979E-5
9,1029E-5
8,9896E-5
9,5491E-5
8,7799E-5
9,0231E-5
8,9389E-5
8,5701E-5
9,1578E-5
9,0527E-5
8,8968E-5
8,8656E-5
8,558E-5
8,8029E-5
8,7108E-5
8,7327E-5
8,7251E-5
8,9522E-5
8,9389E-5
8,9825E-5
8,9633E-5
7,7234E-5
9,1716E-5
9,1795E-5
1,09141E-4
8,4868E-5
8,481E-5
8,5188E-5
9,0321E-5
8,8037E-5
8,5466E-5
8,9026E-5
8,8394E-5
8,5667E-5
8,739E-5
8,849E-5
8,4855E-5
8,4976E-5
8,5195E-5
8,7374E-5
7,6625E-5
9,6011E-5
8,3762E-5
9,2074E-5
8,5799E-5
9,4868E-5
8,91E-5
8,5329E-5
8,4652E-5
7,6334E-5
9,1423E-5
8,9783E-5
8,4078E-5
8,7524E-5
9,1746E-5
8,3924E-5
9,1054E-5
8,8259E-5
9,6851E-5
8,504E-5
1,12257E-4
8,6915E-5
9,0246E-5
9,0076E-5
8,9351E-5
8,709E-5
8,6198E-5
8,4719E-5
9,0293E-5
8,706E-5
8,4924E-5
9,1744E-5
9,2367E-5
8,6391E-5
1,43612E-4
7,7077E-5
8,362E-5
8,7179E-5
9,3458E-5
1,09785E-4
8,5046E-5
8,5552E-5
9,0929E-5
8,8475E-5
8,4635E-5
1,32501E-4
1,3202E-4
9,5932E-5
8,451E-5
1,33681E-4
1,3287E-4
1,29572E-4
1,37662E-4
1,16525E-4
8,6197E-5
9,0523E-5
9,0549E-5
9,1923E-5
9,2584E-5
8,5769E-5
8,7718E-5
8,6698E-5
9,1851E-5
8,4916E-5
8,6214E-5
8,5975E-5
8,9696E-5
8,8773E-5
8,9209E-5
8,5375E-5
8,4924E-5
9,012E-5
8,5609E-5
8,354E-5
8,8797E-5
9,4393E-5
8,6884E-5
8,3828E-5
8,8697E-5
8,6448E-5
8,3108E-5
9,0612E-5
8,9962E-5
8,9737E-5
8,6437E-5
8,7487E-5
9,2541E-5
8,8907E-5
9,0072E-5
8,7948E-5
8,6415E-5
8,919E-5
8,91E-5
7,8272E-5
8,5879E-5
8,5841E-5
8,7494E-5
9,1196E-5
7,7883E-5
9,0195E-5
9,0625E-5
8,5141E-5
8,0265E-5
9,0958E-5
8,7287E-5
8,6956E-5
8,6037E-5
8,386E-5
9,0371E-5
8,4463E-5
7,781E-5
9,2371E-5
8,9554E-5
9,2218E-5
8,5055E-5
8,6547E-5
8,6977E-5
9,0079E-5
9,1801E-5
9,2071E-5
8,8352E-5
1,00686E-4
8,5536E-5
9,6086E-5
8,9937E-5
9,1462E-5
8,6491E-5
8,4707E-5
8,5731E-5
8,6503E-5
9,5824E-5
8,8109E-5
8,5988E-5
8,9926E-5
8,5185E-5
8,756E-5
8,144E-5
8,6037E-5
8,5962E-5
9,0835E-5
7,8108E-5
9,1994E-5
7,7456E-5
9,5536E-5
9,4071E-5
8,4391E-5
8,7872E-5
9,1996E-5
8,9901E-5
8,6404E-5
8,9881E-5
9,2034E-5
8,5429E-5
9,2971E-5
9,3531E-5
9,6458E-5
8,6824E-5
8,8919E-5
9,0979E-5
8,9034E-5
8,7917E-5
9,1214E-5
8,619E-5
1,01599E-4
8,7899E-5
8,3658E-5
8,6242E-5
8,5738E-5
9,086E-5
9,1395E-5
7,689E-5
9,8068E-5
8,6715E-5
8,926E-5
9,656E-5
9,8398E-5
9,5575E-5
8,5853E-5
8,6314E-5
8,4677E-5
8,8142E-5
8,3651E-5
8,8796E-5
8,441E-5
8,9185E-5
8,8923E-5
8,6042E-5
9,0124E-5
8,5128E-5
8,4992E-5
8,5064E-5
9,0838E-5
9,0395E-5
8,5763E-5
9,1532E-5
8,8513E-5
7,6658E-5
8,2983E-5
8,5956E-5
8,4331E-5
8,8174E-5
9,9082E-5
9,1097E-5
8,7827E-5
9,5345E-5
8,5418E-5
8,9545E-5
8,1234E-5
9,1805E-5
8,6042E-5
8,4834E-5
8,97E-5
7,6897E-5
9,1356E-5
9,0067E-5
8,9488E-5
8,707E-5
8,4989E-5
7,718E-5
8,4127E-5
8,7267E-5
9,0685E-5
8,9346E-5
8,5801E-5
8,7169E-5
9,0334E-5
9,6167E-5
8,8802E-5
9,1201E-5
8,1128E-5
9,056E-5
8,7737E-5
8,6367E-5
8,6496E-5
8,6797E-5
8,9133E-5
8,9223E-5
8,8728E-5
8,9436E-5
8,5817E-5
9,3251E-5
9,147E-5
8,6598E-5
8,8376E-5
8,9122E-5
8,6477E-5
8,5584E-5
8,8926E-5
9,1232E-5
8,4668E-5
8,3659E-5
7,8129E-5
8,8545E-5
8,4225E-5
9,0216E-5
8,7183E-5
8,814E-5
8,5299E-5
8,8896E-5
8,8085E-5
8,5802E-5
9,115E-5
9,1522E-5
8,879E-5
8,7842E-5
8,5505E-5
9,0676E-5
9,3979E-5
8,6737E-5
9,1465E-5
8,5383E-5
8,3554E-5
8,6314E-5
9,0717E-5
8,791E-5
8,4935E-5
8,5967E-5
8,8397E-5
8,9784E-5
9,0301E-5
8,4074E-5
1,07651E-4
8,5292E-5
8,9465E-5
8,5056E-5
9,1146E-5
8,6207E-5
8,8647E-5
8,413E-5
9,0371E-5
8,5432E-5
8,6521E-5
8,4437E-5
9,0331E-5
9,0086E-5
9,163E-5
9,6017E-5
8,9669E-5
8,8216E-5
9,1583E-5
8,6936E-5
9,0859E-5
8,6605E-5
8,6156E-5
9,0987E-5
8,4875E-5
8,5783E-5
9,0843E-5
8,7752E-5
8,4664E-5
9,2047E-5
9,0055E-5
8,425E-5
9,249E-5
8,7697E-5
7,7782E-5
8,6112E-5
1,61236E-4
1,57143E-4
1,54511E-4
1,54087E-4
1,51747E-4
1,433E-4
1,56289E-4
1,28536E-4
1,46401E-4
1,41216E-4
1,12548E-4
1,45912E-4
1,23558E-4
9,2053E-5
8,6939E-5
8,7443E-5
9,1775E-5
8,8211E-5
7,7101E-5
9,389E-5
9,1105E-5
7,9192E-5
9,2421E-5
9,0286E-5
8,5793E-5
8,9819E-5
8,6936E-5
9,2873E-5
8,8005E-5
8,8509E-5
8,6013E-5
9,2775E-5
8,7231E-5
8,5397E-5
9,3183E-5
8,6678E-5
1,11471E-4
8,5821E-5
9,2346E-5
8,512E-5
9,9623E-5
9,0632E-5
1,06076E-4
8,9451E-5
9,2918E-5
8,3103E-5
8,3522E-5
9,3758E-5
8,4661E-5
8,7186E-5
8,5406E-5
9,9871E-5
8,4821E-5
9,7699E-5
8,4176E-5
8,839E-5
1,04957E-4
9,3583E-5
9,2592E-5
9,5428E-5
8,8766E-5
9,1391E-5
8,7923E-5
9,0523E-5
8,7696E-5
8,8152E-5
7,6595E-5
8,3742E-5
8,6456E-5
8,8831E-5
8,4825E-5
9,028E-5
8,7994E-5
9,3782E-5
1,06777E-4
1,03901E-4
9,188E-5
8,8919E-5
9,0412E-5
7,773E-5
8,4433E-5
8,6411E-5
8,6467E-5
8,4762E-5
8,8339E-5
8,4155E-5
9,2157E-5
9,0105E-5
8,8548E-5
9,0447E-5
8,5643E-5
9,0115E-5
8,789E-5
1,11511E-4
8,5265E-5
8,7113E-5
8,8865E-5
7,8266E-5
8,5595E-5
9,1327E-5
8,5026E-5
8,8972E-5
9,0007E-5
8,5562E-5
8,6733E-5
9,0713E-5
8,441E-5
8,3849E-5
8,6905E-5
8,7815E-5
8,9329E-5
8,4809E-5
8,5858E-5
8,6643E-5
8,776E-5
9,4846E-5
8,8721E-5
8,9568E-5
8,8444E-5
8,8363E-5
8,4814E-5
8,6752E-5
9,3839E-5
9,0888E-5
8,7354E-5
9,0676E-5
9,1074E-5
8,9237E-5
8,5388E-5
9,3045E-5
8,5901E-5
9,1756E-5
8,6224E-5
8,6864E-5
8,6484E-5
1,02076E-4
8,5814E-5
9,0237E-5
8,5442E-5
8,4996E-5
8,8262E-5
8,9509E-5
8,6557E-5
8,6085E-5
8,8283E-5
9,1517E-5
9,0435E-5
9,243E-5
9,09E-5
8,8427E-5
8,5207E-5
9,018E-5
9,0234E-5
8,4987E-5
8,7314E-5
9,0106E-5
9,1577E-5
8,8745E-5
9,3424E-5
8,4438E-5
8,8176E-5
8,4954E-5
8,4534E-5
9,0095E-5
8,4583E-5
9,1058E-5
9,1264E-5
9,1583E-5
8,6646E-5
9,1531E-5
8,7167E-5
9,37E-5
8,632E-5
8,5339E-5
9,1602E-5
8,9502E-5
8,5715E-5
7,7584E-5
9,8513E-5
9,1054E-5
8,5444E-5
8,2715E-5
9,0588E-5
9,9027E-5
8,6823E-5
7,8004E-5
8,5339E-5
8,6408E-5
8,4162E-5
8,668E-5
8,9964E-5
8,3527E-5
8,9781E-5
8,5405E-5
7,7841E-5
8,8045E-5
8,4609E-5
8,6596E-5
9,5042E-5
8,9189E-5
9,108E-5
8,5973E-5
8,4657E-5
7,8022E-5
8,7788E-5
8,6329E-5
8,5311E-5
8,7349E-5
8,8806E-5
9,1421E-5
8,2654E-5
9,1058E-5
8,946E-5
9,0833E-5
8,5007E-5
9,0532E-5
8,9466E-5
8,9117E-5
8,6962E-5
7,8922E-5
9,0197E-5
8,7998E-5
7,6915E-5
9,0571E-5
9,0896E-5
8,8221E-5
8,4878E-5
8,6632E-5
8,4881E-5
8,5206E-5
8,6849E-5
7,6263E-5
8,5886E-5
8,8332E-5
8,6022E-5
8,1755E-5
8,6777E-5
8,3861E-5
8,7843E-5
7,8536E-5
9,0298E-5
8,6885E-5
8,7314E-5
9,2572E-5
8,3726E-5
8,5249E-5
9,89E-5
7,7726E-5
1,00932E-4
8,4814E-5
1,01805E-4
7,6426E-5
8,4112E-5
8,6303E-5
8,9087E-5
1,10651E-4
8,8056E-5
8,4196E-5
9,301E-5
8,1748E-5
9,0318E-5
8,6512E-5
8,9903E-5
7,759E-5
8,9353E-5
8,5412E-5
9,3949E-5
9,0439E-5
8,7786E-5
8,6677E-5
1,08558E-4
9,3416E-5
8,9891E-5
8,4346E-5
1,08742E-4
9,978E-5
8,9357E-5
9,1588E-5
9,7348E-5
9,8274E-5
8,7176E-5
8,6614E-5
8,437E-5
9,0041E-5
8,7801E-5
8,6113E-5
8,4663E-5
8,9008E-5
9,8612E-5
8,7223E-5
8,458E-5
1,05626E-4
8,7511E-5
1,06316E-4
1,05578E-4
9,0168E-5
9,2853E-5
8,9029E-5
8,5167E-5
8,9534E-5
8,7253E-5
8,8999E-5
8,49E-5
8,8501E-5
8,6827E-5
9,3638E-5
8,5413E-5
8,8159E-5
8,6868E-5
9,049E-5
8,6028E-5
8,7614E-5
1,03323E-4
8,4257E-5
9,0725E-5
8,6743E-5
1,15489E-4
1,01387E-4
1,03588E-4
1,27437E-4
1,03592E-4
1,60336E-4
1,13852E-4
1,57882E-4
2,40578E-4
1,27806E-4
1,69938E-4
1,34515E-4
1,54594E-4
1,52991E-4
1,4974E-4
1,43957E-4
1,32977E-4
1,18662E-4
1,4951E-4
2,14942E-4
1,93686E-4
1,85884E-4
1,19019E-4
1,21144E-4
8,6041E-5
2,58766E-4
1,76812E-4
1,03899E-4
1,80708E-4
2,10684E-4
1,88875E-4
1,66705E-4
1,39805E-4
1,91338E-4
2,0132E-4
1,63881E-4
1,95675E-4
1,89556E-4
1,73594E-4
2,1517E-4
2,09453E-4
1,77358E-4
1,70402E-4
1,83403E-4
1,92176E-4
1,49168E-4
1,7693E-4
2,03064E-4
1,69788E-4
1,23685E-4
1,35442E-4
1,38288E-4
1,40017E-4
1,3665E-4
1,35074E-4
1,41696E-4
1,34024E-4
1,31645E-4
1,43634E-4
1,3597E-4
1,29204E-4
1,47031E-4
1,37317E-4
1,45312E-4
1,40829E-4
1,3625E-4
1,4256E-4
1,34713E-4
1,43313E-4
1,39843E-4
1,39813E-4
1,20191E-4
1,36505E-4
1,37865E-4
1,4537E-4
1,57924E-4
1,41642E-4
1,37712E-4
1,40512E-4
1,30904E-4
1,38213E-4
1,4051E-4
1,45131E-4
1,34427E-4
1,3906E-4
1,3433E-4
1,34552E-4
1,46069E-4
1,33471E-4
1,44263E-4
1,36312E-4
1,31456E-4
1,4475E-4
1,51293E-4
1,31191E-4
1,36078E-4
1,42723E-4
1,43626E-4
1,34822E-4
1,41827E-4
1,26815E-4
1,42886E-4
1,3757E-4
1,34376E-4
1,31002E-4
1,42771E-4
1,4028E-4
1,32237E-4
1,33801E-4
1,35029E-4
1,41787E-4
1,33907E-4
1,46673E-4
1,35605E-4
1,35654E-4
1,46996E-4
1,45514E-4
1,32816E-4
1,38742E-4
1,36569E-4
1,4349E-4
1,37364E-4
1,49885E-4
1,3858E-4
1,46202E-4
1,35679E-4
1,21776E-4
1,55466E-4
1,6261E-4
1,37272E-4
1,46715E-4
1,39621E-4
1,34864E-4
1,42366E-4
1,36216E-4
1,22596E-4
1,35032E-4
1,496E-4
1,46081E-4
1,65943E-4
1,51329E-4
1,36475E-4
1,40136E-4
1,37598E-4
1,42176E-4
1,38178E-4
1,42835E-4
1,34675E-4
1,37309E-4
1,50571E-4
1,31871E-4
1,48033E-4
1,33904E-4
1,52962E-4
1,35765E-4
1,21655E-4
1,50338E-4
1,30775E-4
1,32484E-4
1,44208E-4
1,36839E-4
1,58718E-4
1,42405E-4
1,45117E-4
1,32757E-4
1,41512E-4
1,4824E-4
1,3508E-4
1,40724E-4
1,47489E-4
1,41732E-4
1,34793E-4
1,21081E-4
1,41961E-4
1,35005E-4
1,41732E-4
1,38475E-4
1,56508E-4
1,32259E-4
0,003954505
9,0178E-5
9,0325E-5
9,8868E-5
8,4725E-5
1,24005E-4
9,004E-5
8,6093E-5
1,52157E-4
1,05618E-4
1,41427E-4
1,50544E-4
1,47242E-4
1,7152E-4
1,33853E-4
1,81012E-4
1,55729E-4
1,3307E-4
1,46734E-4
1,61757E-4
1,17885E-4
1,56038E-4
1,48044E-4
1,16115E-4
1,43113E-4
1,75127E-4
1,43836E-4
1,31026E-4
1,25309E-4
1,57278E-4
1,20845E-4
1,40906E-4
9,6357E-5
1,46034E-4
1,31384E-4
1,48702E-4
1,22453E-4
9,2115E-5
1,14211E-4
1,44481E-4
1,33802E-4
1,29502E-4
1,16071E-4
1,27132E-4
1,11566E-4
1,43538E-4
9,731E-5
1,38328E-4
1,12289E-4
1,48286E-4
1,3668E-4
1,32302E-4
1,20043E-4
1,2895E-4
1,28165E-4
1,8287E-4
1,41815E-4
1,34129E-4
1,30721E-4
1,54002E-4
1,41627E-4
1,70797E-4
1,24756E-4
1,20909E-4
1,33506E-4
1,19201E-4
1,19167E-4
1,36982E-4
1,37223E-4
1,43172E-4
1,30857E-4
1,29106E-4
9,6878E-5
1,48911E-4
1,42504E-4
1,525E-4
1,55684E-4
1,06415E-4
1,10109E-4
1,10278E-4
1,32414E-4
1,02243E-4
1,09113E-4
9,3837E-5
9,3706E-5
8,7261E-5
9,1259E-5
8,8996E-5
8,5423E-5
9,2297E-5
8,63E-5
9,1461E-5
9,7023E-5
8,754E-5
1,10578E-4
8,6073E-5
8,599E-5
8,5858E-5
8,9112E-5
8,7207E-5
8,5269E-5
9,0583E-5
8,4192E-5
1,02195E-4
9,5456E-5
8,5431E-5
8,73E-5
8,5657E-5
9,0583E-5
8,5721E-5
8,668E-5
8,5695E-5
8,8995E-5
8,8138E-5
7,7626E-5
9,3957E-5
9,9461E-5
9,0909E-5
8,1282E-5
8,4675E-5
8,4311E-5
8,5388E-5
9,1587E-5
8,4662E-5
9,4106E-5
1,13617E-4
8,928E-5
9,0513E-5
8,4698E-5
9,1799E-5
8,6409E-5
9,1228E-5
9,0405E-5
9,0978E-5
8,9955E-5
1,07599E-4
8,7139E-5
9,3132E-5
9,0249E-5
8,4212E-5
8,6837E-5
8,5941E-5
8,797E-5
8,8055E-5
8,9598E-5
8,8392E-5
9,5608E-5
8,539E-5
9,052E-5
8,9125E-5
8,5409E-5
9,1E-5
8,9048E-5
9,4416E-5
8,3328E-5
8,7037E-5
9,0265E-5
8,8427E-5
8,5771E-5
8,4405E-5
8,557E-5
8,729E-5
8,5164E-5
8,5289E-5
8,6908E-5
9,5128E-5
8,5704E-5
9,2133E-5
9,0738E-5
8,7095E-5
8,6129E-5
8,6901E-5
9,1891E-5
8,9779E-5
8,8672E-5
9,1009E-5
9,1062E-5
8,6814E-5
8,601E-5
8,9441E-5
8,7205E-5
8,8605E-5
9,9407E-5
9,0827E-5
8,7996E-5
8,9967E-5
9,0847E-5
9,0682E-5
8,7756E-5
8,8544E-5
8,5022E-5
8,9327E-5
8,8258E-5
7,8655E-5
8,8589E-5
9,0979E-5
8,5298E-5
8,8513E-5
8,6002E-5
9,5818E-5
8,4247E-5
1,05183E-4
1,02225E-4
8,5371E-5
9,0533E-5
8,9961E-5
1,13217E-4
9,0661E-5
8,7747E-5
8,3564E-5
8,8092E-5
8,6993E-5
9,1127E-5
9,4118E-5
9,1862E-5
9,817E-5
9,0837E-5
8,5516E-5
9,6812E-5
8,4254E-5
8,6329E-5
8,8676E-5
9,1515E-5
8,8873E-5
1,09617E-4
8,8296E-5
8,6704E-5
8,9137E-5
1,08007E-4
7,6592E-5
9,1559E-5
7,8815E-5
8,6157E-5
8,7007E-5
9,2082E-5
8,5724E-5
8,7617E-5
8,9131E-5
9,1345E-5
8,7314E-5
8,7261E-5
9,1519E-5
9,124E-5
8,6189E-5
8,6685E-5
1,06023E-4
9,137E-5
8,5751E-5
8,581E-5
8,763E-5
8,5467E-5
8,7535E-5
9,6517E-5
8,7616E-5
8,8625E-5
8,8079E-5
1,01653E-4
8,3108E-5
8,77E-5
8,6847E-5
9,0102E-5
8,6415E-5
9,8295E-5
8,5215E-5
8,4785E-5
8,5135E-5
7,8547E-5
9,7341E-5
8,9295E-5
9,107E-5
7,7789E-5
1,02702E-4
8,5728E-5
9,1422E-5
8,982E-5
9,2327E-5
8,4336E-5
8,4845E-5
9,0944E-5
9,001E-5
8,9297E-5
7,8041E-5
8,7632E-5
8,9383E-5
8,3727E-5
8,5992E-5
7,9661E-5
8,6692E-5
9,5032E-5
8,9063E-5
7,7416E-5
9,6041E-5
9,1434E-5
8,5183E-5
8,8873E-5
8,5583E-5
9,2149E-5
8,5044E-5
8,7712E-5
1,51546E-4
8,7571E-5
8,1836E-5
8,4591E-5
8,9935E-5
8,2524E-5
8,7672E-5
9,6376E-5
7,7313E-5
1,00224E-4
8,7921E-5
8,5061E-5
9,0122E-5
8,4912E-5
8,7788E-5
8,3644E-5
9,1037E-5
8,4504E-5
8,8053E-5
8,7966E-5
8,4546E-5
9,0569E-5
9,1995E-5
8,5385E-5
8,5756E-5
9,0377E-5
8,911E-5
9,1383E-5
8,6007E-5
9,316E-5
8,4341E-5
8,5421E-5
7,8678E-5
8,3983E-5
9,3718E-5
8,6345E-5
9,3113E-5
8,4224E-5
9,2237E-5
8,719E-5
8,5143E-5
8,4117E-5
9,3623E-5
8,6278E-5
9,5546E-5
8,4694E-5
8,7002E-5
9,1207E-5
8,5171E-5
8,4591E-5
8,5016E-5
8,638E-5
8,8882E-5
9,1087E-5
8,8335E-5
1,01075E-4
8,5635E-5
9,1747E-5
8,4751E-5
8,515E-5
8,4598E-5
9,4955E-5
8,5615E-5
8,4067E-5
7,7507E-5
9,1515E-5
8,9746E-5
9,0333E-5
8,0391E-5
9,1405E-5
9,2722E-5
8,5599E-5
8,768E-5
8,5506E-5
7,8266E-5
8,8071E-5
8,6648E-5
8,7308E-5
9,0115E-5
8,6826E-5
8,3373E-5
8,6486E-5
9,032E-5
8,5555E-5
8,5997E-5
8,7839E-5
9,1072E-5
8,4951E-5
9,8551E-5
8,8641E-5
8,4654E-5
8,495E-5
9,0004E-5
8,6811E-5
8,4457E-5
8,5549E-5
8,5399E-5
8,6746E-5
8,5069E-5
8,4349E-5
8,5624E-5
8,7323E-5
8,4087E-5
8,4613E-5
8,5276E-5
8,844E-5
8,4972E-5
8,4854E-5
8,3259E-5
8,6956E-5
8,5237E-5
8,4665E-5
9,4128E-5
8,6516E-5
8,5006E-5
8,8858E-5
9,2677E-5
8,5796E-5
8,616E-5
9,1579E-5
8,2567E-5
9,0454E-5
8,4553E-5
8,8131E-5
8,7372E-5
8,6613E-5
8,5442E-5
8,8696E-5
7,8406E-5
9,2639E-5
8,9787E-5
8,5506E-5
7,8816E-5
8,5426E-5
8,9616E-5
8,6298E-5
8,085E-5
8,5901E-5
8,3977E-5
8,7478E-5
7,8597E-5
8,7113E-5
8,3504E-5
8,5664E-5
7,7267E-5
8,643E-5
8,4302E-5
8,4831E-5
9,4557E-5
8,5593E-5
1,1867E-4
9,124E-5
8,6511E-5
9,2311E-5
9,207E-5
8,5351E-5
8,5081E-5
8,8968E-5
7,7668E-5
8,4328E-5
9,0004E-5
8,5411E-5
9,1355E-5
8,9355E-5
8,3682E-5
8,5854E-5
8,3996E-5
8,8791E-5
8,7379E-5
9,1394E-5
1,01732E-4
9,1296E-5
8,4403E-5
7,645E-5
9,0034E-5
9,0031E-5
8,6371E-5
8,3716E-5
9,2898E-5
8,8026E-5
8,2352E-5
8,6138E-5
9,0114E-5
8,5887E-5
8,4243E-5
9,1027E-5
8,3215E-5
8,8667E-5
8,5983E-5
9,1962E-5
8,5407E-5
8,3963E-5
7,7286E-5
9,3519E-5
9,2522E-5
9,031E-5
8,7381E-5
9,181E-5
8,5716E-5
8,8079E-5
8,5296E-5
8,3082E-5
8,976E-5
7,8569E-5
9,1284E-5
8,5421E-5
8,7739E-5
7,8837E-5
9,2014E-5
1,04284E-4
8,4504E-5
9,0874E-5
8,6376E-5
9,6854E-5
8,5357E-5
9,2454E-5
8,5781E-5
8,4824E-5
9,0976E-5
9,2201E-5
8,5826E-5
8,4497E-5
9,0664E-5
9,1194E-5
8,5023E-5
8,5262E-5
9,3574E-5
9,0005E-5
1,01949E-4
8,3952E-5
9,0376E-5
8,8706E-5
8,5721E-5
9,0998E-5
9,0665E-5
7,7008E-5
9,1031E-5
9,5291E-5
9,1437E-5
7,8216E-5
8,7071E-5
9,1444E-5
9,2054E-5
8,0494E-5
8,7409E-5
9,0292E-5
9,1358E-5
8,6021E-5
8,8728E-5
8,6717E-5
8,5144E-5
8,6014E-5
9,9408E-5
8,3736E-5
9,1119E-5
8,5862E-5
9,0439E-5
8,5594E-5
8,9942E-5
8,5795E-5
8,4141E-5
8,6312E-5
8,4277E-5
8,6355E-5
8,6136E-5
9,314E-5
8,7794E-5
8,8446E-5
8,4713E-5
8,51E-5
8,7371E-5
7,9969E-5
8,7639E-5
8,7758E-5
8,8773E-5
8,6975E-5
9,1196E-5
8,4397E-5
9,5806E-5
8,9177E-5
9,4186E-5
9,1217E-5
8,248E-5
9,3015E-5
8,9472E-5
8,8456E-5
8,6204E-5
1,47141E-4
1,35464E-4
1,42147E-4
1,39275E-4
1,30461E-4
9,1662E-5
8,4709E-5
8,741E-5
8,7846E-5
8,5795E-5
8,8488E-5
8,8123E-5
9,0746E-5
8,6211E-5
8,9091E-5
8,6628E-5
9,1525E-5
8,7708E-5
1,0916E-4
1,40875E-4
8,5561E-5
9,0582E-5
8,5368E-5
8,9516E-5
9,0469E-5
8,9511E-5
8,8246E-5
8,4734E-5
8,7237E-5
8,6049E-5
8,4453E-5
9,1561E-5
8,4842E-5
8,7403E-5
9,0723E-5
8,6541E-5
8,6811E-5
8,7007E-5
8,5727E-5
9,2675E-5
8,4905E-5
9,4139E-5
8,8813E-5
9,1422E-5
8,9615E-5
8,5205E-5
9,5312E-5
8,6042E-5
9,1443E-5
8,4909E-5
8,6892E-5
9,2005E-5
7,8201E-5
8,9114E-5
8,6454E-5
9,6502E-5
8,6313E-5
8,4419E-5
8,8553E-5
7,932E-5
9,2794E-5
9,7624E-5
8,6996E-5
9,064E-5
9,2215E-5
8,4653E-5
8,3872E-5
9,405E-5
9,0612E-5
8,7665E-5
8,5421E-5
8,4577E-5
8,6784E-5
8,5118E-5
8,7707E-5
7,9138E-5
8,3933E-5
9,2799E-5
8,5397E-5
9,108E-5
9,0035E-5
8,4622E-5
8,5343E-5
8,7622E-5
8,9515E-5
8,6333E-5
7,7446E-5
8,9331E-5
8,5418E-5
8,5302E-5
9,1711E-5
8,4951E-5
8,8753E-5
8,5395E-5
9,023E-5
8,9929E-5
9,0057E-5
8,368E-5
9,0527E-5
8,8419E-5
9,1647E-5
8,6808E-5
1,09418E-4
8,5751E-5
9,2711E-5
9,1152E-5
8,5684E-5
9,0313E-5
8,9812E-5
9,2265E-5
8,9754E-5
8,6562E-5
8,6881E-5
7,7903E-5
9,1002E-5
8,6835E-5
8,7758E-5
8,0333E-5
8,577E-5
9,1214E-5
8,9858E-5
8,1979E-5
9,0778E-5
9,4999E-5
8,9684E-5
7,8664E-5
9,1607E-5
8,9242E-5
8,9554E-5
7,8417E-5
1,06779E-4
8,9024E-5
8,7343E-5
9,017E-5
8,9479E-5
8,5688E-5
8,7491E-5
9,2295E-5
9,0491E-5
8,892E-5
8,7084E-5
8,2084E-5
9,1072E-5
8,6356E-5
8,5378E-5
9,1874E-5
9,0544E-5
8,5352E-5
8,8984E-5
7,7407E-5
8,5439E-5
9,0019E-5
8,7511E-5
7,6868E-5
9,3284E-5
9,0105E-5
8,5061E-5
8,6762E-5
8,3439E-5
8,5536E-5
9,1891E-5
9,2406E-5
9,3763E-5
8,6973E-5
8,5461E-5
8,589E-5
8,7933E-5
8,4405E-5
8,9597E-5
9,1409E-5
9,1114E-5
8,6234E-5
9,0614E-5
9,3458E-5
8,7191E-5
8,7197E-5
8,6319E-5
9,121E-5
8,7474E-5
8,977E-5
9,1026E-5
8,8377E-5
9,2497E-5
8,6177E-5
9,0521E-5
8,5734E-5
9,065E-5
9,045E-5
8,9118E-5
9,0338E-5
8,537E-5
8,005E-5
9,0645E-5
9,1538E-5
9,3248E-5
8,4866E-5
8,8957E-5
9,0431E-5
9,369E-5
8,4912E-5
9,0164E-5
1,11061E-4
8,457E-5
8,5342E-5
8,9568E-5
9,0464E-5
8,6173E-5
8,4994E-5
8,9836E-5
8,3606E-5
9,1905E-5
8,5287E-5
8,9308E-5
8,3441E-5
9,0128E-5
8,5404E-5
9,2272E-5
8,5022E-5
9,3957E-5
8,5827E-5
5,7573E-4
8,6471E-5
8,0E-5
8,9369E-5
8,0313E-5
9,0661E-5
1,05286E-4
1,01511E-4
8,737E-5
8,5354E-5
8,9829E-5
8,7279E-5
8,6475E-5
8,6189E-5
9,0143E-5
7,8826E-5
9,125E-5
8,6729E-5
8,9852E-5
7,7931E-5
9,1091E-5
8,5882E-5
8,9596E-5
9,2189E-5
9,0555E-5
8,389E-5
8,943E-5
8,3642E-5
9,1599E-5
9,0389E-5
8,8569E-5
8,9825E-5
8,8888E-5
8,4424E-5
8,6277E-5
9,0958E-5
8,6032E-5
9,0514E-5
8,6513E-5
8,7474E-5
8,7984E-5
9,2162E-5
9,9176E-5
8,7158E-5
8,772E-5
9,0953E-5
9,2354E-5
9,0222E-5
9,041E-5
9,2404E-5
9,3442E-5
8,6094E-5
9,6042E-5
8,5428E-5
8,4457E-5
8,9163E-5
9,0271E-5
8,9886E-5
8,6348E-5
8,8626E-5
8,8052E-5
9,1541E-5
7,8594E-5
9,0797E-5
9,185E-5
9,5989E-5
8,726E-5
8,4428E-5
8,6673E-5
8,6235E-5
8,5652E-5
8,4825E-5
9,026E-5
9,2195E-5
8,839E-5
8,4391E-5
8,9475E-5
8,6554E-5
9,2788E-5
8,4138E-5
8,8281E-5
8,6179E-5
8,8378E-5
8,9043E-5
8,597E-5
8,6358E-5
8,8287E-5
8,6824E-5
9,2331E-5
8,7291E-5
9,3542E-5
1,58709E-4
1,40625E-4
1,45857E-4
1,52141E-4
1,45238E-4
1,43547E-4
1,42638E-4
1,49725E-4
1,35867E-4
1,18771E-4
1,43187E-4
1,1314E-4
1,38386E-4
1,14075E-4
1,44336E-4
1,29705E-4
1,22841E-4
1,20089E-4
1,05089E-4
1,39891E-4
1,36466E-4
1,36883E-4
1,69053E-4
9,1996E-5
9,7155E-5
1,21933E-4
9,8115E-5
1,48165E-4
1,21616E-4
1,31049E-4
1,0082E-4
1,40807E-4
1,09943E-4
9,7075E-5
1,26222E-4
9,7154E-5
1,25274E-4
1,08045E-4
1,21146E-4
1,33183E-4
1,22651E-4
1,30659E-4
1,25427E-4
1,2418E-4
1,02489E-4
1,23006E-4
1,38194E-4
1,25367E-4
1,25836E-4
1,26215E-4
1,86655E-4
1,41109E-4
1,29227E-4
1,03565E-4
9,4732E-5
1,51354E-4
1,39494E-4
1,48897E-4
1,42185E-4
1,26379E-4
1,83358E-4
1,35267E-4
1,76142E-4
1,60279E-4
1,37078E-4
1,68704E-4
1,49965E-4
1,53752E-4
1,48244E-4
1,01915E-4
1,56743E-4
1,44582E-4
1,51911E-4
1,17657E-4
1,32291E-4
1,52397E-4
1,06521E-4
1,53128E-4
1,46769E-4
1,5352E-4
1,47384E-4
1,35969E-4
1,88879E-4
9,2673E-5
1,32104E-4
1,28573E-4
1,51388E-4
1,37536E-4
1,44434E-4
1,41576E-4
1,32731E-4
1,04427E-4
8,8633E-5
1,11024E-4
1,32952E-4
1,06627E-4
1,49887E-4
1,20411E-4
1,14583E-4
1,71604E-4
8,8738E-5
7,8531E-5
9,601E-5
8,7979E-5
8,3976E-5
8,8551E-5
9,3358E-5
8,8738E-5
8,7166E-5
1,0056E-4
8,9068E-5
9,9877E-5
8,6664E-5
8,8215E-5
8,622E-5
8,5626E-5
8,3674E-5
8,9665E-5
8,5895E-5
8,5031E-5
9,3686E-5
9,1374E-5
1,3355E-4
1,33465E-4
1,41291E-4
1,41054E-4
1,42659E-4
1,3533E-4
1,46395E-4
1,35218E-4
1,38058E-4
1,5494E-4
1,35324E-4
1,37917E-4
1,41547E-4
1,63855E-4
1,30162E-4
1,52029E-4
1,39473E-4
1,33217E-4
1,37254E-4
1,44807E-4
1,33913E-4
1,41876E-4
1,40935E-4
1,32547E-4
1,30805E-4
1,35657E-4
1,33242E-4
1,36249E-4
1,52339E-4
1,39823E-4
1,32028E-4
1,4273E-4
1,41314E-4
1,36184E-4
1,47828E-4
1,38943E-4
1,34243E-4
1,35014E-4
1,4513E-4
1,88453E-4
2,03994E-4
1,37386E-4
1,42041E-4
1,40109E-4
1,35438E-4
1,24668E-4
1,51746E-4
1,43071E-4
1,6956E-4
1,40728E-4
1,37279E-4
1,25827E-4
1,38074E-4
1,35493E-4
1,22639E-4
1,27471E-4
1,5553E-4
1,19474E-4
1,37493E-4
1,46069E-4
1,47408E-4
1,35825E-4
1,34103E-4
1,4793E-4
1,4035E-4
1,42636E-4
1,35841E-4
1,31022E-4
1,3532E-4
1,45708E-4
1,32185E-4
1,33818E-4
1,37769E-4
1,40794E-4
1,40503E-4
1,34419E-4
1,21318E-4
1,42105E-4
1,42208E-4
1,38739E-4
1,45125E-4
1,38933E-4
1,43126E-4
1,33403E-4
1,44027E-4
1,3403E-4
1,40146E-4
1,40169E-4
1,5428E-4
1,45663E-4
1,61123E-4
1,36095E-4
1,45737E-4
1,46356E-4
1,39361E-4
1,51734E-4
1,52888E-4
1,40934E-4
1,49314E-4
1,3645E-4
1,4577E-4
0,012573508
9,3366E-5
8,5378E-5
8,7191E-5
8,8573E-5
8,5389E-5
9,1312E-5
9,2202E-5
9,9207E-5
1,49028E-4
2,21874E-4
1,16973E-4
1,28177E-4
1,29669E-4
1,25961E-4
1,25126E-4
1,1053E-4
1,01331E-4
1,42282E-4
1,04928E-4
1,36635E-4
1,2438E-4
1,32869E-4
1,18245E-4
1,36923E-4
1,25903E-4
1,18663E-4
1,14382E-4
1,04107E-4
1,30155E-4
1,08418E-4
1,06512E-4
1,02008E-4
1,07768E-4
1,40443E-4
1,10099E-4
1,48069E-4
1,38833E-4
1,52251E-4
1,2846E-4
1,23584E-4
1,16547E-4
1,24342E-4
1,19905E-4
1,2784E-4
1,70716E-4
8,6607E-5
9,2133E-5
8,5185E-5
8,5389E-5
9,1216E-5
8,6895E-5
8,9987E-5
9,0422E-5
8,2759E-5
8,7415E-5
8,7195E-5
1,058E-4
8,9468E-5
8,2676E-5
8,9785E-5
8,8356E-5
8,9795E-5
8,5149E-5
9,0312E-5
8,4182E-5
8,4167E-5
8,7941E-5
8,5325E-5
9,0005E-5
8,4684E-5
7,8659E-5
8,555E-5
9,6825E-5
8,6332E-5
8,6967E-5
1,03147E-4
8,0126E-5
9,6622E-5
8,9811E-5
1,00752E-4
9,1647E-5
8,399E-5
8,5334E-5
8,7759E-5
9,0961E-5
8,7168E-5
7,613E-5
9,1975E-5
8,9041E-5
9,1609E-5
8,8778E-5
8,6028E-5
9,0177E-5
8,5958E-5
8,8866E-5
8,8282E-5
8,5558E-5
8,4406E-5
7,8416E-5
8,6368E-5
7,8652E-5
8,6461E-5
8,6892E-5
8,6892E-5
8,4235E-5
8,5037E-5
9,2962E-5
8,35E-5
1,04013E-4
7,7818E-5
8,5747E-5
8,9732E-5
8,6517E-5
8,6188E-5
8,9249E-5
8,5696E-5
7,9236E-5
8,424E-5
7,5957E-5
8,5284E-5
8,4874E-5
9,8008E-5
8,453E-5
8,6067E-5
8,5377E-5
8,5406E-5
8,6779E-5
8,5875E-5
9,0013E-5
9,058E-5
8,4502E-5
8,8776E-5
9,9318E-5
9,504E-5
8,5784E-5
7,6905E-5
1,06221E-4
7,7178E-5
9,1677E-5
9,2202E-5
8,8614E-5
8,3897E-5
9,2766E-5
8,596E-5
8,4683E-5
9,1532E-5
8,3933E-5
9,0281E-5
9,6845E-5
8,9735E-5
9,029E-5
8,5574E-5
7,9268E-5
8,8444E-5
8,5173E-5
7,7045E-5
8,6592E-5
8,9749E-5
7,7383E-5
8,5516E-5
8,5535E-5
7,8926E-5
8,5175E-5
8,5465E-5
7,805E-5
8,5645E-5
8,3333E-5
7,8271E-5
9,5954E-5
9,0495E-5
9,4102E-5
7,6952E-5
8,7978E-5
8,5785E-5
9,4752E-5
8,8069E-5
8,4936E-5
9,1625E-5
8,5956E-5
8,461E-5
7,812E-5
9,0752E-5
8,3784E-5
8,7323E-5
8,8633E-5
8,8306E-5
8,5198E-5
8,6001E-5
9,3855E-5
8,5866E-5
9,692E-5
8,9026E-5
8,5765E-5
8,9351E-5
7,74E-5
9,1623E-5
8,4802E-5
8,4814E-5
7,796E-5
9,113E-5
8,4661E-5
8,4776E-5
7,8542E-5
9,0092E-5
1,06541E-4
1,00732E-4
9,8227E-5
8,4478E-5
9,0083E-5
8,9628E-5
8,7814E-5
8,6105E-5
8,551E-5
9,2482E-5
8,619E-5
8,5244E-5
7,84E-5
9,2651E-5
8,763E-5
1,04181E-4
8,4655E-5
8,6692E-5
7,8735E-5
9,0564E-5
9,0009E-5
9,0303E-5
8,6244E-5
9,653E-5
8,4805E-5
9,0293E-5
8,3895E-5
8,5288E-5
9,3849E-5
8,3698E-5
8,3264E-5
8,744E-5
9,1437E-5
9,5994E-5
8,947E-5
7,9564E-5
8,8619E-5
9,2889E-5
1,08551E-4
8,808E-5
9,4843E-5
9,1092E-5
9,5336E-5
8,9263E-5
8,6696E-5
9,067E-5
7,8253E-5
8,7419E-5
1,08179E-4
7,9467E-5
9,2183E-5
9,1707E-5
1,01714E-4
9,1189E-5
8,9656E-5
9,0224E-5
9,0499E-5
8,9417E-5
9,1308E-5
8,4279E-5
8,9771E-5
9,4904E-5
9,1417E-5
8,8433E-5
8,8947E-5
8,9429E-5
8,8583E-5
8,3637E-5
8,3232E-5
8,349E-5
8,3152E-5
8,9994E-5
9,0619E-5
8,9681E-5
9,5589E-5
9,1142E-5
9,1378E-5
8,5287E-5
8,4844E-5
8,9158E-5
8,5227E-5
8,933E-5
9,0012E-5
9,0496E-5
8,457E-5
8,3444E-5
1,03452E-4
8,9537E-5
8,7738E-5
8,7547E-5
8,8654E-5
8,7845E-5
9,1716E-5
8,8865E-5
8,9004E-5
