0,052490603	0,0075211795
0,018959228	0,008401703
0,023237005	0,012338738
0,01794076	0,013749157
0,016902693	0,0124106575
0,014115136	0,007889683
0,011303648	0,0025562495
0,013821244	0,0025622225
0,0143800825	0,005673569
0,014402859	0,0034427755
0,016170613	0,004116866
0,01482313	0,0047156606
0,014385042	0,0048569674
0,013641291	0,0016768804
0,012694244	0,0028929873
0,015062458	0,0019005389
0,014220141	0,003451056
0,018973654	0,0036760722
0,020429423	0,0027897006
0,01967738	0,0058624884
0,014775236	0,0042604064
0,014302127	0,004454504
0,014170942	0,0017534427
0,011685017	0,0017701364
0,01307427	0,0014414347
0,015438828	0,0016787318
0,0134989945	0,0021761458
0,014399283	0,0012089391
0,013058442	9,82987E-4
0,014204578	0,0012895853
0,0127489865	0,0014873405
0,013568167	0,0017018744
0,016506026	0,0044171615
0,017973134	0,0033209366
0,01851691	0,0020994118
0,02083552	4,7695005E-4
0,020571576	2,3541834E-4
0,020567207	5,503845E-4
0,01786839	0,0041844593
0,018868284	0,0037134457
0,014350631	0,0015103131
0,011486868	0,0016270215
0,01290927	0,0016708011
0,013938579	0,0015691286
0,013684082	0,0010914004
0,015309341	0,0014778213
0,012458641	0,0010376753
0,013574575	0,0011489529
0,01466817	0,002013462
0,015062749	0,0010942399
0,012054159	0,0017473205
0,013258219	0,001015902
0,014247149	0,0010836622
0,01387276	0,001059445
0,015322223	0,0019974508
0,01252095	9,634861E-4
0,013700624	8,714139E-4
0,014582522	0,0011979172
0,013262111	0,0010402016
0,0135907205	6,8763085E-4
0,01392458	4,6695356E-4
0,01369923	0,0023249942
0,014965255	8,8366494E-4
0,018389788	0,0056233103
0,014606327	0,0042826207
0,017069528	0,0040073693
0,018590761	0,0022565275
0,018588373	0,0055810595
0,021193756	0,001494814
0,02093921	5,850391E-4
0,01880574	0,0048290687
0,01804636	0,0043510697
0,018967038	0,0022646703
0,016161406	0,00426781
0,015057173	0,00383333
0,015992172	0,0027971233
0,013814057	0,0013360928
0,0125913955	0,001686551
0,013790912	9,5884554E-4
0,014367959	3,900651E-5
0,01289267	0,002193104
0,013869651	6,637402E-4
0,014765336	4,6171813E-4
0,013156208	0,0017542989
0,015894199	0,003182563
0,014477807	9,171334E-5
0,013376534	0,0011051941
0,015093128	5,480998E-4
0,0139828	0,004044686
0,013599294	8,534614E-4
0,013687409	6,0589303E-4
0,012996932	0,0022181848
0,01604761	3,6082336E-5
0,0119946115	9,36151E-4
0,0135712335	7,366335E-4
0,015127755	7,7804865E-4
0,012972069	0,0016338793
0,01448091	6,0775166E-4
0,013634707	8,218548E-4
0,013335935	0,003558354
0,014026269	4,6610332E-4
0,014225922	5,123364E-4
0,0132231265	0,0020714607
0,014095309	0,001016221
0,014581185	0,0012823945
0,013674169	8,9830335E-4
0,01337378	0,0014414503
0,014312512	2,0421286E-4
0,015091888	0,0019430085
0,0150506785	0,0037706194
0,016200677	0,0047485395
0,017333942	0,0046672295
0,01689121	0,0030374047
0,017218849	0,0027644138
0,017664276	0,0036355017
0,017429734	0,004512075
0,018442057	0,0029905192
0,017998159	0,0033145493
0,017696938	0,004021844
0,019263035	0,002494504
0,01589814	0,003572447
0,017656669	0,0037394639
0,019081056	0,0030643502
0,018544186	0,0030407868
0,018230507	0,0032505528
0,015348821	0,0038131273
0,016408041	0,0048638284
0,01749005	0,0032327005
0,016693512	0,0027976364
0,016202422	0,0036555952
0,01673021	0,002583311
0,017383315	0,004912847
0,014104045	4,571274E-4
0,014219343	0,0010043401
0,012973327	0,0021801896
0,01371412	9,814992E-4
0,013966302	6,4926234E-4
0,013770285	0,0010706652
0,013848741	8,0037443E-4
0,012621007	0,0025567717
0,0142311035	3,752783E-4
0,014068444	5,13681E-4
0,013794436	8,624418E-4
0,013803645	8,7501964E-4
0,013954931	7,37095E-4
0,013582041	0,0012404991
0,014065885	5,532802E-4
0,013498555	0,001484127
0,01429968	1,08567205E-4
0,014216221	3,747469E-4
0,01340498	0,0023267488
0,015923217	0,0014338378
0,011551314	7,0257875E-4
0,013903104	0,0010576381
0,014483571	0,0013403834
0,0134389475	0,0011501617
0,011602822	0,0014201442
0,015005664	0,001950572
0,013539624	0,0010306988
0,014281404	0,0013393696
0,012967489	7,870408E-4
0,013556962	9,716402E-4
0,01406607	0,0011394636
0,014410091	5,067478E-4
0,013172851	0,0017932535
0,013797292	0,0015828549
0,015047451	0,0010837917
0,013338536	0,0010414851
0,014734082	0,0022114892
0,01429475	8,034219E-4
0,012887639	1,3972835E-4
0,013762403	8,4959896E-4
0,014399346	0,0014539197
0,014278191	0,0022132944
0,01431534	0,0020446803
0,013614268	0,0011443908
0,013006543	5,5424025E-4
0,015413326	0,0012286358
0,013713628	0,00205683
0,012339522	5,2820536E-4
0,014486889	0,0013122708
0,014091405	0,0010419668
0,014006008	0,001185226
0,014524394	0,0020475267
0,012390967	6,3412444E-4
0,014428492	0,0018374075
0,013672703	0,0012244981
0,013340923	8,449611E-4
0,014364862	0,0014335157
0,013175343	0,0017348091
0,014390376	4,9284706E-4
0,013079581	2,6111383E-4
0,013636653	6,7855173E-4
0,01560922	0,0022039693
0,014170599	0,0010348194
0,013166989	0,0013643681
0,013774913	4,2285147E-4
0,013899609	0,0013819145
0,014165208	0,0011915383
0,013399546	0,0012411304
0,013204261	6,1027036E-4
0,014658715	0,0013069911
0,013355735	0,0015318091
0,014383587	0,0010258869
0,013628483	0,0020337077
0,013076519	0,0010502489
0,0144810425	0,0011984465
0,01374666	0,0019454343
0,013139244	4,12656E-4
0,014727354	0,0011433148
0,0126913935	0,0016230065
0,014199891	0,0017039537
0,013683115	0,0015352498
0,013972475	0,002646524
0,014097844	0,0019934443
0,014211654	0,0019574172
0,014314375	0,0011154151
0,011667996	0,0013366223
0,015043589	0,0014161066
0,014071214	0,0012903903
0,014206477	0,002342426
0,014152325	0,0016753996
0,013085343	5,9271185E-4
0,012531474	0,0023762842
0,01375555	4,968071E-4
0,015102215	0,0012925118
0,014071766	0,0013226102
0,012394797	6,5511646E-4
0,014598121	3,936569E-4
0,0128025105	0,0023849232
0,014236738	0,0010439988
0,014042075	0,0014973347
0,012593586	0,0024955797
0,014228673	0,0012859232
0,013892964	0,001023222
0,01486823	1,5548347E-4
0,0136609925	0,0034751804
0,013094276	0,0015127382
0,013387387	6,8537035E-4
0,01372077	7,802362E-4
0,014471087	0,0015304249
0,014436928	0,0012650825
0,013262379	8,690226E-4
0,013388916	7,798966E-4
0,013965151	0,0015673857
0,013939762	3,112111E-4
0,014083321	0,0018414295
0,013328853	0,0014421786
0,014203884	0,0011255107
0,012816757	0,0013244409
0,014098778	0,0021348598
0,015098135	8,119935E-4
0,013663697	0,0013738498
0,013108111	0,0017324465
0,012111035	7,7912E-4
0,01501369	9,7541395E-4
0,014823221	8,6774677E-4
0,015678419	0,001861934
0,013938266	0,0022271895
0,013196934	0,0014430592
0,012800813	8,2144013E-4
0,014269124	0,0013720971
0,015162647	0,0018205169
0,012412856	0,0014719671
0,0136973215	0,0016544716
0,013152781	0,0026314715
0,014354759	1,4718428E-4
0,0132823335	0,0015492704
0,013621465	0,0012087955
0,013896391	9,0632634E-4
0,01266718	0,0024215572
0,014526206	6,4609817E-4
0,014263454	7,2313903E-4
0,013330956	8,7162975E-4
0,013799437	7,320231E-4
0,013866232	8,7676104E-4
0,013854771	8,2758575E-4
0,014219438	0,0013924693
0,013379459	7,8443036E-4
0,013874053	8,48568E-4
0,013957228	7,224742E-4
0,0137950145	7,9872116E-4
0,014455673	0,0016617972
0,01322933	8,283102E-4
0,013855009	8,7635784E-4
0,013813101	8,694704E-4
0,013771892	6,6297577E-4
0,01518667	0,0017948797
0,013810472	8,3318097E-4
0,013329756	8,439037E-4
0,013284631	8,9107896E-4
0,014377147	0,0014924034
0,013927598	0,0015206601
0,014069676	0,0010217073
0,013641666	6,7092694E-4
0,013115798	7,6583587E-4
0,014560443	0,0014222922
0,014182422	0,0018311382
0,013987779	4,3114615E-4
0,0138839185	9,3157304E-4
0,013313714	8,18918E-4
0,014471303	0,0013965617
0,013876093	8,625136E-4
0,013971385	9,0965227E-4
0,013792225	8,579108E-4
0,013225697	9,4829156E-4
0,013776542	9,388346E-4
0,014373216	0,0013540116
0,01420956	0,0011108825
0,013042006	0,0010233747
0,0142878	0,0014630187
0,013524753	8,043285E-4
0,014299179	0,0012609249
0,013927817	0,0011722835
0,013299455	5,119441E-4
0,013873213	8,036998E-4
0,014842098	0,001466761
0,013297867	7,843337E-4
0,013758543	8,92342E-4
0,0130796945	9,919638E-4
0,014179103	9,4115577E-4
0,013880772	9,152413E-4
0,014470515	0,0014754621
0,013485144	6,549598E-4
0,014518765	0,0014820399
0,013946917	6,26278E-4
0,012699194	0,0014337595
0,014642067	0,0013045584
0,0140546365	0,0010916111
0,013212292	3,815241E-4
0,014112524	0,0013939997
0,013824165	0,0010784724
0,014591259	0,0017536127
0,013647924	0,0013421953
0,013541187	7,8729185E-4
0,014381182	0,0013251125
0,013775234	8,990807E-4
0,01381911	8,590941E-4
0,014374292	0,0013882691
0,0133922035	7,3176704E-4
0,014219047	0,0012440018
0,013520199	8,616454E-4
0,013838616	8,344708E-4
0,013823449	9,903342E-4
0,015340611	0,0019722378
0,013666845	7,5855554E-4
0,013079879	8,9371717E-4
0,0137402965	7,525587E-4
0,013398361	7,8363536E-4
0,014354858	0,0012196756
0,0138271535	0,0012244186
0,014176951	0,0011354701
0,014095795	0,0011066666
0,012803565	0,0014040887
0,013847959	0,0016557511
0,014400226	9,711857E-4
0,011600104	0,0020922837
0,014644921	9,315311E-4
0,014561425	9,709057E-4
0,015218315	0,004233175
0,015384185	0,0010930155
0,014185418	6,9504743E-4
0,013232942	0,0013232466
0,013199803	0,0016012985
0,013900948	8,664659E-4
0,0142093105	0,0010873259
0,014109111	9,778944E-4
0,012978011	0,0011269134
0,014558663	0,0012156873
0,013832361	9,289012E-4
0,01387987	7,4198964E-4
0,015095173	0,002153346
0,0129326405	0,0011026082
0,014366016	0,0016066523
0,012981415	0,0010948085
0,014617659	0,0014456008
0,013879728	8,9153653E-4
0,01387091	8,8610564E-4
0,014041707	9,800897E-4
0,013140568	0,0019299927
0,013708274	0,0010545822
0,014135825	0,0014398181
0,014210616	0,0010518391
0,013173859	8,925005E-4
0,01374542	8,6685363E-4
0,013879217	8,5533736E-4
0,013918427	8,936824E-4
0,013872433	8,647444E-4
0,014102819	0,0011571761
0,012742757	0,001637711
0,014071657	0,0013458082
0,013851441	7,985716E-4
0,013960533	7,471757E-4
0,015389673	0,002160147
0,012332841	7,9214235E-4
0,013832234	8,009834E-4
0,014751274	0,0019106027
0,013433932	8,067377E-4
0,014219101	0,0014369794
0,012678675	1,7240751E-4
0,014035267	0,0010352718
0,014016186	0,0010337512
0,014295772	0,0012220806
0,0139394	4,146616E-4
0,0135810925	0,0011074061
0,014016989	0,0011583472
0,014245287	0,0011761918
0,012518431	6,547229E-4
0,014209427	0,0014437328
0,015013958	0,0023201713
0,013790964	4,4307526E-4
0,012507907	3,851046E-4
0,014020011	4,9287203E-4
0,015303534	0,0013441707
0,013108314	0,0010649716
0,013913843	7,8964356E-4
0,013807784	8,5058954E-4
0,013820569	8,6704345E-4
0,013812984	9,2769647E-4
0,013895539	8,631649E-4
0,013799306	8,35361E-4
0,013812013	8,133345E-4
0,013931349	7,7133486E-4
0,01396884	0,0011641546
0,013307924	8,20459E-4
0,014203962	9,903118E-4
0,012651554	0,0014074312
0,013548109	8,012724E-4
0,013467363	8,336522E-4
0,013730851	0,0012303666
0,013493103	6,4571993E-4
0,013706154	0,0012648121
0,014413844	0,0014995779
0,014971919	0,0016230764
0,012985576	0,0022774425
0,013817485	8,2986103E-4
0,013909969	0,0015193619
0,01353179	0,0013303596
0,013723032	7,085754E-4
0,014256034	0,0015778616
0,014507395	0,0015313068
0,01293699	8,7917235E-4
0,013667028	6,8582554E-4
0,013794986	0,0011039395
0,013754137	8,082892E-4
0,014970423	0,0016610206
0,013787734	8,2646305E-4
0,012940469	1,19834884E-4
0,01429044	0,0010355057
0,014497809	3,9795818E-4
0,01335381	0,002467429
0,014450225	4,546724E-4
0,013482993	7,183591E-4
0,013676602	0,001123161
0,013883534	6,930573E-4
0,014898839	0,0011676076
0,014062934	2,6041924E-4
0,01336556	0,0023975435
0,014037457	0,0016014721
0,013630557	6,586176E-4
0,014336183	0,0021405034
0,014013828	0,0017862393
0,014278628	9,612889E-4
0,011430104	0,0016731989
0,014019889	0,001660573
0,014774053	0,001603205
0,014442154	2,9399848E-4
0,0127779795	0,0027358034
0,013490118	5,9783546E-4
0,014644474	0,0011510561
0,0139953345	0,0018060205
0,012590408	0,0017769461
0,01515004	0,0011670935
0,012326944	4,0856947E-4
0,014646527	8,7656744E-4
0,013763145	0,0018455335
0,013784583	5,772207E-4
0,015576933	0,0019988907
0,011393376	0,001577519
0,014405909	1,5972993E-4
0,014512044	0,0015236642
0,013687488	7,6926505E-4
0,013470795	7,5668487E-4
0,013262242	8,320617E-4
0,013883929	0,0015814796
0,013885313	8,380076E-4
0,0146051375	0,0016308319
0,013826865	0,0016154717
0,012674253	8,620436E-5
0,014857178	0,0019524487
0,013879433	8,516977E-4
0,013340335	0,0015643705
0,014135945	0,0011122326
0,01369786	7,760285E-4
0,013609752	0,0010478597
0,014294076	0,001337714
0,0136664165	7,657943E-4
0,01351422	0,0011438364
0,014709684	4,124764E-4
0,013479289	0,0018336123
0,012816362	0,0014434521
0,013924346	8,3685835E-4
0,014549129	1,6649769E-4
0,01362529	0,0011285516
0,014321092	0,0014120829
0,013318908	8,084078E-4
0,014054275	0,0013574365
0,013791758	0,0014844568
0,013105851	0,0015852222
0,013866303	0,0021199335
0,014371452	0,0011341644
0,013923378	0,0013336873
0,013818049	0,0014880262
0,013805811	8,5674E-4
0,013855182	7,505189E-4
0,012803849	6,956023E-4
0,014647697	0,0011704732
0,014576227	3,3015592E-4
0,012087255	0,0018069638
0,014048495	8,4822E-4
0,01416421	1,7219616E-4
0,014346243	9,464976E-4
0,01383508	0,0020090588
0,014206973	0,0010048939
0,013042827	0,0013808156
0,014517478	0,0020691047
0,013575007	7,266957E-4
0,013364233	9,570006E-4
0,014220295	8,2562765E-4
0,013818879	8,5963967E-4
0,0137639465	0,0010155238
0,01437341	0,0013509528
0,013356115	0,0022945674
0,013781725	9,648491E-4
0,013710756	7,152138E-4
0,013989101	0,0013388905
0,014137973	0,0010088384
0,01381433	8,474454E-4
0,013921189	8,3962106E-4
0,013475957	7,496848E-4
0,014228384	0,0011543048
0,013805133	9,69717E-4
0,013906297	7,5652625E-4
0,013819163	9,12969E-4
0,014074146	0,0010901797
0,013874183	6,9707615E-4
0,013729289	0,00112783
0,013796847	0,0025473987
0,013662484	0,0012492877
0,013894384	0,0013675631
0,013625812	0,0012024773
0,013811782	8,7124825E-4
0,013855454	8,296107E-4
0,014047965	9,5003314E-4
0,014245973	0,0012795784
0,013314683	7,99953E-4
0,013661952	6,8057945E-4
0,014726908	0,001485582
0,014501553	0,0013617012
0,014287329	0,0012287116
0,012811641	0,0014619755
0,0134059815	6,2588457E-4
0,013638448	9,5857575E-4
0,014365883	0,0015618223
0,014036615	0,0012507975
0,013836794	8,671824E-4
0,01364277	7,5733964E-4
0,013932738	0,0016632263
0,015870618	0,00442534
0,01260326	0,0026752604
0,01343586	0,002137787
0,013849457	0,0012829767
0,015136578	0,0023165962
0,013753757	0,0019966771
0,013413496	0,0032792573
0,014072689	0,0010687452
0,012912123	0,0026456993
0,014615473	0,0016815139
0,013886417	9,36518E-4
0,013052437	2,8274438E-4
0,013638817	9,427372E-4
0,013016117	0,002169733
0,014070938	0,0011209782
0,014402905	0,0014698706
0,014056983	0,001091294
0,01305298	0,001054799
0,013470764	7,2162045E-4
0,016577909	0,0019330422
0,012381166	0,003149451
0,013230983	0,0011747552
0,013759217	0,0019767461
0,016235003	0,0038384355
0,013082414	0,001024593
0,013046348	0,0011452961
0,012473137	3,2443696E-4
0,01482822	6,515154E-4
0,014185737	0,0034549388
0,013320376	9,799941E-4
0,0146969715	8,88577E-4
0,012647726	0,0025046999
0,01366295	0,00207697
0,014447966	0,0011004773
0,014344667	2,545631E-4
0,013453373	5,766921E-4
0,013937305	9,6926215E-4
0,014176772	0,0015432774
0,013651115	8,5470104E-4
0,013560298	6,816225E-4
0,013428341	0,001683109
0,014605152	0,0020639335
0,015090461	0,0016543876
0,013785767	0,001794194
0,013033568	0,0011121902
0,013420732	3,836709E-4
0,014690891	0,0016417593
0,014063896	0,0018749177
0,012209785	0,0018789114
0,013826978	4,6771317E-4
0,014526967	8,910228E-4
0,014763025	0,0014357237
0,013744014	9,4667036E-4
0,013521886	0,0010860064
0,013611145	6,555471E-4
0,014241225	0,0019068981
0,015134075	0,002113544
0,0138938725	0,002669249
0,012796514	0,0016808892
0,012911483	3,8102068E-4
0,01448636	0,0015042719
0,0144109605	0,0012342378
0,014011634	0,001120523
0,013394594	6,890088E-4
0,013110194	0,0024128929
0,013782973	0,0019094439
0,013531872	1,7772305E-4
0,015790978	0,0010453765
0,01375706	0,0025862071
0,012876063	0,0010425196
0,014650828	2,9186474E-4
0,014562639	0,0019490873
0,012341878	9,388994E-4
0,013870542	0,0020122563
0,01455162	0,0015747922
0,0139775025	0,0010038865
0,013759675	0,0013061791
0,012602485	6,148787E-5
0,014764993	0,0017780385
0,01476809	0,0013510401
0,014156137	0,0014224751
0,013424196	0,001910924
0,012738599	2,754454E-4
0,014217517	0,0023453454
0,014534394	2,9515385E-4
0,01461862	0,0014437045
0,013403756	0,0013586072
0,015376839	0,0016468705
0,014362224	7,359483E-4
0,01172005	0,0017106186
0,0145408185	0,0024536583
0,013149212	0,0037080015
0,014746276	0,0013531419
0,014746648	0,0016178731
0,0116898725	0,0016800949
0,014671725	0,0014457079
0,013834099	0,0014174131
0,013973479	0,002097041
0,012817539	9,4761123E-4
0,013925857	7,145038E-4
0,0150317205	0,0017857106
0,013798651	7,134704E-4
0,013523836	6,951175E-4
0,01410009	0,0015779578
0,013444692	6,792161E-4
0,014126615	0,0012672534
0,014003939	0,0013901427
0,012812816	0,0012940746
0,01511735	0,0018761574
0,013472396	0,0011884402
0,013100172	1,9727576E-4
0,014722939	0,0015681852
0,013846345	7,453163E-4
0,013689882	7,771065E-4
0,013827686	0,0015828876
0,014024929	3,898113E-4
0,014072639	0,0012807342
0,012584184	0,0018105753
0,014203939	0,0019215543
0,011867718	0,0016684881
0,016414331	0,001218817
0,015039724	4,8352557E-4
0,0141815925	9,1994024E-4
0,013325152	0,0015410478
0,013122759	8,6735905E-4
0,013563342	0,0017167649
0,015422457	0,0011080329
0,014356879	0,0010175707
0,014031149	0,0033039888
0,014164061	0,002692531
0,012996994	6,298589E-4
0,014649226	0,0015047936
0,012804124	3,867496E-4
0,013620298	6,709558E-4
0,015016344	0,0018159932
0,014354713	9,834217E-4
0,013030739	7,945468E-4
0,013633215	0,0013486245
0,01486292	3,3941175E-4
0,012258518	0,003218655
0,0141753955	0,00200519
0,014372782	3,240084E-4
0,013900471	0,0013787203
0,013724744	8,2453183E-4
0,013814406	0,0014882642
0,013954769	9,6773444E-4
0,013445246	0,0011696705
0,012769905	0,001773492
0,015180886	4,1430982E-4
0,014161532	4,4564492E-4
0,013845122	0,0020759113
0,014176917	4,3933923E-4
0,013108474	0,0012782844
0,014795554	0,0016201785
0,012379709	0,0024581577
0,013248529	9,1947895E-4
0,015270834	0,0021405611
0,013628648	9,0395735E-4
0,01493571	0,001670323
0,012632671	0,0012726419
0,0133791985	9,847889E-4
0,014570075	0,0015287906
0,014204893	0,0013119363
0,013877094	8,821214E-4
0,013181694	0,002242486
0,013731514	7,1486103E-4
0,014576106	0,0015690923
0,014256597	0,0016363406
0,013268759	0,0014613377
0,013203618	5,0233514E-4
0,014266397	0,0012261526
0,013880528	9,101825E-4
0,01467587	0,0019764905
0,012856922	0,0014537243
0,013899823	7,7104365E-4
0,013526945	0,0012945158
0,012601656	0,0015897701
0,014972088	0,0011034415
0,013470382	9,2551764E-4
0,013634634	0,0018627085
0,014222576	7,100839E-4
0,013411201	0,0012642205
0,013416368	0,0024872308
0,014773215	0,0011415392
0,012463495	2,2806067E-4
0,014065507	0,001504249
0,015115743	0,0014635131
0,013628618	0,0017051368
0,013833615	0,0011910271
0,014242551	0,0012417306
0,013541582	0,0026668354
0,014214091	3,1768795E-4
0,012695401	0,0025917983
0,014259666	0,0020799797
0,013608524	7,720212E-4
0,013305866	0,0016004929
0,014555447	2,4841065E-4
0,0123298615	0,0011880003
0,013490636	0,0019259814
0,015128239	0,0010860931
0,013711885	0,0012542189
0,013709097	0,0012102696
0,014100798	0,0011159524
0,014488597	0,0014009813
0,01438303	0,0011740922
0,013357042	0,0013204231
0,013988506	9,1096427E-4
0,014332093	0,001066878
0,014104354	0,0023571777
0,014250733	0,0010305606
0,011548024	0,002126067
0,014186363	6,2955735E-4
0,014074733	7,324871E-4
0,012771756	0,0023176055
0,016431155	0,0011289027
0,012099533	0,0011354679
0,0130329775	0,0013236064
0,014004673	0,0013069866
0,013945367	0,0011269355
0,013388391	5,676269E-4
0,013675773	9,606498E-4
0,013216112	3,5119915E-4
0,013704053	8,839392E-4
0,014234598	0,0020417038
0,013221026	0,0012834006
0,013598201	7,8520225E-4
0,013660539	0,0023596396
0,013830428	5,090775E-4
0,013625548	0,002706618
0,012816861	0,001968691
0,014943962	0,0012568046
0,014515095	5,527652E-4
0,012757823	0,001369935
0,014322239	0,0020575975
0,013753618	0,0012038621
0,013457847	0,0020641992
0,014419064	7,040783E-4
0,014049508	0,0012408679
0,012904677	0,0017764717
0,014063557	0,0018172738
0,014352574	8,993655E-4
0,013405003	0,0020585929
0,014218192	0,0012370711
0,013757593	7,2770973E-4
0,013423172	0,0027685107
0,01438425	1,0096795E-4
0,014304875	0,0013224025
0,01292219	0,0011792085
0,013888713	8,006754E-4
0,014363945	0,001476614
0,013793091	9,1814704E-4
0,013677058	0,0014270882
0,012771887	0,002266981
0,014126529	0,0019434075
0,015536979	0,0010864964
0,0134915905	7,326013E-4
0,012636897	3,1591835E-4
0,013479027	6,6557125E-4
0,01586113	0,0018538657
0,012163497	9,2608714E-4
0,013335702	8,994711E-4
0,014441185	4,0775485E-4
0,013478289	0,0023202384
0,012925561	2,177134E-4
0,014400747	0,0013835665
0,013865105	0,0016179526
0,014251936	0,0012048774
0,01342883	0,001736847
0,011963337	7,103958E-4
0,014937195	0,0012837703
0,013809838	0,0012807254
0,014446664	0,0013731766
0,012161509	0,0014066707
0,014851955	4,583706E-4
0,015537928	0,0025371949
0,012695324	6,3915155E-4
0,012015863	3,5676913E-4
0,013553362	5,574235E-4
0,015508935	9,3470176E-4
0,011292025	0,0021931727
0,014148299	4,960087E-4
0,014953346	0,0011118656
0,013100428	0,0030055672
0,014456308	2,3858668E-4
0,013448971	0,0018375843
0,014364905	0,0025679842
0,014422505	0,0015400393
0,0131143965	0,0030278778
0,015672421	5,634807E-4
0,013917494	8,789761E-4
0,013280583	0,0011450086
0,012973662	0,0010354492
0,014609073	1,6514724E-4
0,013903807	0,0014900694
0,012712042	0,0017903566
0,013760272	0,0017423235
0,01345646	8,670557E-4
0,013371646	9,0841233E-4
0,014509998	0,0013779934
0,014425543	0,0015063048
0,013444602	0,0016269393
0,0126299495	0,0015150754
0,015404665	0,0019903323
0,012706026	0,0019838584
0,014020904	0,0013800748
0,013776346	0,0010671818
0,014987293	9,0566796E-4
0,012972705	0,0013367356
0,0138462065	0,0014160558
0,013485364	0,0015111045
0,01295501	0,001393956
0,014798456	7,488054E-4
0,013648505	0,0010587785
0,013075921	0,0025224346
0,012751005	0,0021194525
0,0144986035	6,37185E-4
0,013678408	0,0029580698
0,015512179	8,6043676E-4
0,011704891	0,0031001428
0,013120116	0,002221913
0,014348608	0,0012920297
0,014064687	0,0012989368
0,014879416	9,808084E-4
0,012981627	0,0021548835
0,013067291	5,139388E-4
0,014688171	0,0011608847
0,014485069	6,598847E-5
0,01334529	0,0021439514
0,013165607	0,0018553288
0,013197377	8,5114315E-4
0,014205515	0,0016635612
0,014373866	0,0013677736
0,013902023	5,434343E-4
0,0137388995	0,0011179025
0,014150634	0,0010978841
0,0127192	0,001463881
0,014554206	0,0012125962
0,0123396395	3,4308594E-4
0,013459315	7,192898E-4
0,013657029	0,0014588273
0,014045731	0,0010078017
0,014293556	0,0028056195
0,01252025	0,0010653925
0,013278309	0,0014256478
0,013113693	0,0018333874
0,013137615	0,0018943828
0,015593175	0,0013502307
0,013487858	0,0015308798
0,013240464	0,0010728785
0,014927405	0,0011220742
0,013391517	8,4849884E-4
0,015616109	9,503557E-4
0,014037948	5,414718E-4
0,014267611	5,65309E-4
0,013844629	0,0017503463
0,013400287	9,376768E-4
0,014275604	0,0022036105
0,014837824	0,0016538796
0,01395261	0,0014879903
0,01396992	0,0014225849
0,013332267	0,0011953013
0,014623289	0,0013921825
0,012404692	0,0027123964
0,013264955	0,0012229589
0,015522939	3,3736278E-4
0,013700396	0,0030923751
0,013800256	0,0011339908
0,012809089	0,0015814711
0,013694127	7,33931E-4
0,0145601155	0,0016204737
0,014910209	0,0020738353
0,013464548	0,0011467935
0,013372789	7,631851E-4
0,013483289	7,222258E-4
0,014368645	0,0012671725
0,013122334	9,530448E-4
0,013408049	8,056863E-4
0,013755779	7,9016027E-4
0,014417718	0,001467361
0,012976061	0,0011064127
0,015001081	0,0011352138
0,012227648	0,002321087
0,014665966	0,0015326731
0,013904646	4,3342807E-4
0,014131148	0,0023323086
0,013791575	0,0016765157
0,013581361	8,0380804E-4
0,014500576	2,9491432E-4
0,013162743	0,0015755487
0,014047186	0,0015492018
0,013457451	7,698875E-4
0,013831531	0,0019331271
0,013642263	0,001042553
0,013154593	0,001063714
0,014305797	2,595493E-4
0,013445753	0,0014158341
0,015154983	0,0022658545
0,013398846	3,9307543E-4
0,012990832	9,3862874E-4
0,013926223	0,0015191239
0,0133107975	0,0017154338
0,01330531	9,838616E-4
0,014003694	0,0010934684
0,012954436	0,0011545684
0,013633777	7,792942E-4
0,014589778	1,8018037E-4
0,013945014	0,0026872293
0,01408387	5,431764E-4
0,01465986	0,0016576493
0,013556578	0,003533216
0,013644643	6,8257836E-4
0,014732619	2,655035E-4
0,012868625	0,0019403736
0,013460736	7,933854E-4
0,013678737	9,963034E-4
0,0139991455	7,4067723E-4
0,0148649765	8,076218E-4
0,014565353	0,0020423636
0,011956002	0,0016924192
0,014755498	6,8023766E-4
0,013649184	0,0021865852
0,014224256	1,6593593E-4
0,013520996	5,6520564E-4
0,013598691	0,0019295808
0,013769384	9,538256E-4
0,014147264	4,0418253E-4
0,013521311	0,002591662
0,013231241	7,6755945E-4
0,015722714	0,0010580574
0,014468719	0,0012775401
0,01210557	0,0016386422
0,013209839	0,0017849358
0,013773101	0,0022259864
0,0141937025	0,0012555157
0,013455736	0,0031340367
0,015988626	0,0011142768
0,013950515	0,0012531931
0,012518823	0,0015086025
0,015967162	0,0011394894
0,012038697	9,781988E-4
0,014283526	0,0013252991
0,014682303	0,0019247289
0,012706635	8,5900375E-4
0,013947652	0,001580878
0,0133544365	0,0016120453
0,014162916	0,0024685138
0,013080985	3,1453045E-4
0,014993387	0,0027253276
0,014446857	0,0019717559
0,014009266	0,0015089391
0,014048614	7,21154E-4
0,01288683	0,0017426172
0,014639013	7,653022E-4
0,013403938	8,524987E-4
0,014361094	0,0016438325
0,013926983	0,0015897453
0,012256432	0,003780353
0,013537679	0,0014196641
0,014064211	7,698208E-4
0,012653316	0,0025259256
0,014373459	0,0012522573
0,015014495	0,0012646964
0,010834824	0,0015981706
0,014070653	8,678756E-4
0,015530481	0,0027986763
0,012426564	0,0026016736
0,012706675	0,0021352728
0,014854574	0,0015329343
0,014246789	0,0023203623
0,013819367	0,0017396889
0,013881286	7,569964E-4
0,01178699	3,4960182E-4
0,014578254	0,0019742807
0,015040188	7,7122205E-4
0,014371824	0,0021445623
0,012992184	0,0015761133
0,012714458	6,9829985E-4
0,014647207	5,1376224E-4
0,013461127	0,00231945
0,015635855	0,0015613846
0,014388509	0,0015105939
0,01376237	0,001220205
0,012198498	0,002537542
0,015112163	0,0016647575
0,01391082	0,0014578829
0,012482882	9,971486E-4
0,013793559	0,0014985368
0,015367753	0,0020872669
0,015087374	0,002562727
0,012991406	0,0018880909
0,013277784	0,0011277692
0,012697269	0,0025521193
0,015860619	7,3701463E-4
0,014744314	0,0011908552
0,011224396	0,0010041094
0,01491639	0,0016601641
0,014372478	8,075761E-4
0,012573461	0,0025177763
0,013252658	0,002091179
0,013196465	3,5853818E-4
0,0140522765	0,0014618287
0,014525585	0,003003746
0,014526512	0,001691407
0,012230829	8,5888925E-4
0,013575975	9,5668103E-4
0,014786042	9,0926123E-4
0,013812187	0,0024342944
0,013342035	0,001627629
0,01430246	3,8568166E-4
0,013914581	0,0023517995
0,012606694	0,0016343743
0,013546144	0,0011768878
0,014211287	0,001200407
0,013727832	7,508455E-4
0,014307596	7,7421137E-4
0,012919705	0,0027562329
0,0147006875	4,512133E-4
0,013688691	5,9456023E-4
0,01303092	0,0021017052
0,014776575	7,9833006E-4
0,013659216	0,0035049652
0,013366315	6,111172E-4
0,013979112	5,3607713E-4
0,013493056	0,001535411
0,0139426505	3,5343613E-4
0,013835534	0,0019582596
0,013486001	7,418744E-4
0,013960729	0,0017879942
0,014422547	0,0013124599
0,012549297	0,0021890972
0,013977647	0,0017254346
0,014388278	0,0012114228
0,014523809	0,0018395009
0,013412715	5,135134E-4
0,012881952	7,970937E-4
0,014893621	0,0011873785
0,014486202	0,0014098247
0,013286768	3,591089E-4
0,014340836	0,0010885214
0,012546602	0,0015699919
0,015496343	0,0025941806
0,014648243	0,0017584467
0,013334338	7,4325886E-4
0,013440479	0,0010145643
0,013961202	9,579836E-4
0,013906814	9,950281E-4
0,014648636	0,0017510309
0,011751216	0,0018136408
0,014592261	0,001049014
0,01368206	0,001394918
0,014330235	0,0012318213
0,014031082	6,965692E-4
0,014359302	6,0615526E-4
0,013761715	0,0018469613
0,013460544	0,0016442226
0,0133554125	0,0018463448
0,0146118915	0,0015948893
0,014582008	0,0018556869
0,01302964	0,00118938
0,013178724	0,0010122582
0,0123106055	8,6904183E-4
0,014526971	0,001124421
0,0149779795	8,060329E-4
0,013585851	7,5901276E-4
0,013168116	0,001845548
0,0150835635	9,7237196E-4
0,012244298	0,0017214677
0,01468799	0,0012182804
0,0136339525	7,283665E-4
0,013960759	9,593814E-4
0,014813202	0,0020778638
0,013177596	0,0013997807
0,0133272745	7,5169024E-4
0,013908817	0,002623803
0,013950183	0,0014527666
0,014402402	0,0013113683
0,013202908	0,0014196072
0,013072182	0,0012980168
0,014108036	7,0598105E-4
0,014779185	7,517433E-4
0,0138638085	0,0014113361
0,014074936	0,002594771
0,013361522	6,775525E-4
0,013493054	8,8266894E-4
0,014413167	0,0015538988
0,015554161	0,0017828533
0,011829294	0,0018748749
0,014120541	0,001046118
0,014193629	2,928146E-4
0,014548175	0,0021266125
0,012782554	0,0013168743
0,013536985	0,0014620952
0,014266312	8,6595997E-4
0,0138584105	9,0967905E-4
0,014312939	0,00135065
0,013573446	0,0013843639
0,013454321	4,9824716E-4
0,014932712	5,415313E-4
0,0128583545	0,0025065213
0,01423918	2,9730398E-4
0,014087435	6,0890237E-4
0,012600006	4,90255E-4
0,014044006	0,00104765
0,014727577	0,0014704169
0,014557504	0,0013967378
0,012803778	0,0011998258
0,01394333	8,147673E-4
0,014141038	0,0014917253
0,015608951	9,1351854E-4
0,0138706295	0,00204107
0,013154849	0,0023478766
0,014971532	0,0019321771
0,013612229	7,9365494E-4
0,015374082	0,0010601212
0,011891064	6,0286635E-4
0,013944018	0,0018376647
0,014776369	6,871976E-4
0,014853187	0,0023567567
0,0135367075	6,9665915E-4
0,012895894	7,376634E-4
0,013715863	5,549251E-4
0,014376017	0,0013628552
0,013601266	7,748761E-4
0,013549021	6,8878225E-4
0,014000058	9,998913E-4
0,014908615	0,001739589
0,012738864	0,0012679854
0,013934572	4,7182947E-4
0,013812948	0,0018036065
0,014346235	9,715202E-4
0,01309858	9,6187525E-4
0,014120779	0,0014783001
0,013764353	0,0014595176
0,014822364	0,0015222518
0,013342604	8,340255E-4
0,013965343	9,2983653E-4
0,014314714	0,0014612422
0,012391237	5,7094346E-4
0,014306735	4,3658642E-4
0,015584891	0,0011168008
0,012989086	0,0017740863
0,013582223	0,0015663783
0,013765003	6,5966597E-4
0,013736717	0,0013476552
0,014095086	7,578325E-4
0,014679301	7,5713E-4
0,0127418935	0,0013938474
0,014558084	0,0020461504
0,013772077	9,900754E-4
0,014646363	7,5329223E-4
0,013790444	0,002606158
0,012529745	0,0014774519
0,0134152295	3,1668975E-4
0,014018587	0,0033581308
0,013941981	7,970121E-4
0,014360197	6,060683E-4
0,014232517	0,0016080469
0,0134418765	0,0012085603
0,01240291	0,0019150467
0,014616075	6,821061E-4
0,013700985	9,628592E-4
0,014670518	0,0015085525
0,013663289	8,2032307E-4
0,013843459	7,020253E-4
0,014386232	9,81936E-4
0,013688748	0,001563623
0,014456149	0,0010482934
0,015413806	0,004177122
0,01374974	0,0033918768
0,012659979	0,0025896286
0,012739497	0,0019875257
0,014897893	9,470653E-4
0,014541614	0,0012377924
0,011213698	0,0019457781
0,016905114	0,0018290658
0,013625565	0,0010668293
0,012911189	0,0011832883
0,014007849	9,4194704E-4
0,013906297	0,0015750023
0,0152551485	0,001871594
0,012907992	4,6307794E-4
0,012429132	0,0011250078
0,0144872675	7,830838E-4
0,014740308	0,002622709
0,012066579	3,016486E-4
0,012792196	5,8561127E-4
0,016084917	0,002450551
0,015195742	0,0029689132
0,013274185	0,0013798276
0,012440252	1,13596056E-4
0,01535062	0,0014142793
0,0136849815	0,0022605793
0,0140689565	0,001062905
0,013305233	0,0012146045
0,013198096	0,0017619274
0,014132391	0,0011651153
0,013243186	8,3974947E-4
0,012088213	0,001133927
0,016212864	0,001206858
0,015373327	0,0028540962
0,01167824	8,743406E-4
0,012969741	0,0010579268
0,01473363	0,001748388
0,015103516	6,150654E-4
0,011011976	0,0022269534
0,014200735	6,806372E-4
0,017020427	0,001687245
0,013620687	0,0020208852
0,011738679	0,002679731
0,014428954	0,0017125392
0,013903466	0,0015234435
0,014663853	0,0014145988
0,013281747	0,0011544409
0,013000726	0,001466984
0,015135047	0,0025724513
0,012826435	0,0014082027
0,014601756	0,0016203758
0,012852024	0,0021941608
0,013881889	9,419708E-4
0,014439686	6,46675E-4
0,014376447	0,0018717502
0,013797265	0,0013396407
0,013051656	0,0018824021
0,013949153	0,0018761482
0,014877177	0,0019528222
0,012776167	0,0012091884
0,013575303	5,570565E-4
0,013450701	7,1076857E-4
0,013889196	0,0018408952
0,014830589	0,0013123855
0,012828973	0,002038707
0,014812286	0,0027088546
0,012200621	0,0018653389
0,014844882	9,469446E-5
0,013341392	0,001136859
0,014584814	0,001467885
0,014021039	9,22183E-4
0,013914641	0,0014814697
0,013562317	0,0017896671
0,013979629	5,977802E-4
0,015051555	0,0021386717
0,014313878	9,910052E-4
0,012928173	0,0022980915
0,0144097945	9,731623E-4
0,013245498	2,6148753E-4
0,013891342	8,7831117E-4
0,014415833	0,0014861169
0,014382549	2,7811888E-4
0,014356627	0,0020515916
0,012978572	3,6124064E-4
0,014768067	0,0018765095
0,013050996	0,0012516377
0,014456731	0,0012892684
0,014561708	8,6256495E-4
0,012629368	1,9702656E-4
0,01403504	0,0015662012
0,013262686	8,795393E-4
0,013869942	7,52522E-4
0,013354428	0,0018607291
0,014269906	8,9516595E-4
0,013396564	0,0013818396
0,014046692	9,651928E-4
0,013300014	8,22758E-4
0,015375194	7,285663E-4
0,013986447	0,0012294954
0,0129096955	0,0032172487
0,014513437	2,6313507E-4
0,0123619735	0,0026049567
0,014156073	4,4488593E-4
0,01311329	0,0010745084
0,015292524	1,7045476E-4
0,013779663	0,0013424362
0,0130921425	0,0014734842
0,013943833	0,0011220133
0,013914172	0,00121119
0,014711294	0,0015514612
0,01494808	0,0013270128
0,012023762	0,0018118313
0,014323309	8,6853124E-4
0,01300666	0,0027927833
0,01393839	0,0010285855
0,014929403	0,003555766
0,013958986	0,001769984
0,013588491	0,0017332691
0,014626871	8,3611073E-4
0,012123291	7,7378115E-4
0,013810282	8,4578746E-4
0,015561991	0,0024663946
0,012795036	0,00213002
0,014058545	3,6248282E-4
0,014776877	9,868573E-4
0,012249082	0,0017672494
0,014749547	9,5177797E-4
0,013371169	7,9995E-4
0,0127328895	0,0015245591
0,01413149	0,0011505682
0,0135565335	0,0011372988
0,015038294	7,176059E-4
0,01325997	0,0023475676
0,012201748	9,1369665E-4
0,014543391	7,5939554E-4
0,013577615	0,0018129088
0,013613187	0,0012401373
0,013551314	0,0019217681
0,013847859	8,761129E-4
0,014415647	0,0013337383
0,013364625	8,4479933E-4
0,0141863115	3,584506E-4
0,013486117	0,0018641301
0,013324365	0,0016308936
0,014643788	3,9314668E-4
0,014368868	9,201438E-4
0,013689636	0,0019435255
0,013259248	0,0012157953
0,014949717	0,0017090358
0,0128546255	0,001319685
0,013686524	5,7335105E-4
0,014008286	0,0013968117
0,0137222195	0,001108698
0,014080982	5,1068846E-4
0,013305065	0,0014467534
0,013979286	3,9201512E-4
0,013398054	0,002904637
0,014544253	3,8818733E-5
0,013562255	0,0011734252
0,013554645	7,139864E-4
0,012931901	0,0025569482
0,014542426	3,5522302E-4
0,014999274	6,517105E-4
0,01268853	0,0014194968
0,013100113	0,001379879
0,013923963	5,634421E-4
0,013377596	8,04883E-4
0,013320439	0,0014958312
0,014348871	3,3540753E-4
0,014613412	2,3982933E-4
0,013959157	7,797087E-4
0,013701002	9,90485E-4
0,014117014	4,6013933E-4
0,013984892	0,0013418244
0,012570683	0,0017760472
0,014685995	7,301332E-4
0,013656974	7,334177E-4
0,013088767	0,0025541654
0,014037504	3,6537627E-4
0,013368675	7,6651166E-4
0,015313123	5,9145124E-4
0,014198597	0,0017446358
0,0126335025	0,0023881793
0,013969419	2,8522985E-4
0,0134376325	7,4712595E-4
0,013246263	0,0011577648
0,015617904	0,0013201394
0,01311593	3,741382E-4
0,013475661	0,0021910598
0,014773267	0,0023307782
0,013863734	9,407639E-4
0,014711461	0,001902337
0,013296895	0,0010435686
0,013656367	0,0015132616
0,014613804	0,0024387282
0,014431901	0,0017575744
0,013966384	2,9501054E-4
0,014134449	0,0014415602
0,012885156	0,0011432988
0,014087145	9,044978E-4
0,014720391	0,0020417583
0,013778285	0,0012160501
0,013345391	0,001508045
0,012391356	0,0025314265
0,014855012	0,0015125405
0,015422851	0,0013986311
0,013692692	0,0011740298
0,012495247	0,00204759
0,013501201	0,0015546564
0,013446876	0,0016041113
0,014860265	8,645353E-4
0,013654138	0,0032986356
0,012406957	0,002357113
0,013643441	7,299237E-4
0,013644997	0,002323929
0,015255213	3,432822E-4
0,013089533	0,0014716021
0,012057573	0,0022419982
0,015159746	7,947537E-4
0,013405482	7,0066104E-4
0,013734602	0,0010784888
0,01477109	0,0014556663
0,014816222	0,0022756758
0,013025251	0,0030862903
0,014044342	0,0010825241
0,013396017	6,500201E-4
0,015160705	0,0015930415
0,01330863	0,0029972605
0,013470285	0,0030421633
0,013568874	2,3837712E-4
0,0136291385	0,0025887608
0,015324171	6,207347E-4
0,014021877	0,0015552083
0,01135533	0,0022821676
0,013384362	5,952755E-4
0,013953955	9,178865E-4
0,013552572	0,0033135875
0,013202037	0,0017363584
0,014678213	0,0012623591
0,013623706	0,0019749412
0,013191271	5,1584636E-4
0,014692441	0,0020037843
0,01399887	0,0013833151
0,014806	2,87337E-4
0,012904756	0,0021528478
0,013411776	7,35561E-4
0,015925327	0,0020858322
0,014352672	0,0013040775
0,012236197	4,3305985E-4
0,014007617	0,0010681314
0,014503919	0,0014277811
0,0136365825	7,8893855E-4
0,014092217	0,0013047749
0,012325413	0,0013951384
0,014007327	8,807054E-4
0,014682673	0,0014867733
0,013501744	7,5061683E-4
0,013622061	0,001117041
0,0136048645	0,0018553609
0,013961878	0,002166602
0,0145890415	4,2209012E-4
0,013788975	0,0014808028
0,014108888	0,0013846566
0,012268286	6,031155E-4
0,013331347	4,6525846E-4
0,0148485005	8,5456733E-4
0,012778419	0,0027038336
0,014121607	2,7853018E-4
0,013219598	3,6283472E-4
0,014000005	0,0017023447
0,014163591	0,0016888011
0,013696022	0,0018944027
0,013751681	0,0014331614
0,013705228	0,0016054331
0,012652173	0,0016010184
0,014518318	0,0017296084
0,014232212	0,001483784
0,0134346085	7,7781075E-4
0,013892546	0,0016513787
0,014458418	0,0013684867
0,013369915	8,6750294E-4
0,014251749	3,3397457E-4
0,013120943	0,0018601489
0,014412791	8,637884E-4
0,013611375	7,261391E-4
0,013479081	8,0989173E-4
0,014300038	0,0010694561
0,013945739	0,001445237
0,011871153	8,1123924E-4
0,014639863	0,0010908669
0,014734707	0,002298886
0,01394252	9,42024E-4
0,013542575	7,493244E-4
0,013461132	0,001370275
0,013930176	0,0018716293
0,015472089	0,0011615233
0,01339629	9,2444936E-4
0,014307099	0,0013345605
0,012313244	7,6476973E-4
0,014754844	0,001732376
0,015814712	0,0018911848
0,012049611	5,2751414E-4
0,013551838	0,001035192
0,014312163	0,0010992736
0,013379675	0,0011839118
0,014741737	0,0014107409
0,01426712	2,4739126E-4
0,012774709	0,0017881707
0,014840741	4,2090914E-4
0,013803384	0,0010199877
0,012583976	0,0028023205
0,014629136	2,1012257E-4
0,014107204	0,001652878
0,013959292	0,0020021326
0,012670613	0,0024620325
0,013552643	0,0022831708
0,014318726	0,0018157233
0,013493564	3,841492E-4
0,013856436	0,0011030246
0,013572712	0,0035541255
0,01376099	5,6397985E-4
0,013961822	4,243478E-4
0,014035358	7,743703E-4
0,015620484	0,0019924657
0,012895334	0,001176053
0,014867022	0,0013916651
0,012668724	2,0251995E-4
0,014296788	0,0015430468
0,013568784	0,001890419
0,013980768	0,0013765544
0,013090505	0,0013814197
0,0144922035	0,0010226746
0,01418147	0,001202833
0,014831099	0,0021430983
0,012651104	0,0013706967
0,0144239105	6,59348E-4
0,01249382	0,0022938186
0,013578273	0,0023538177
0,015423965	6,549368E-4
0,015586724	0,0017050311
0,013307162	0,0030130916
0,01249225	0,0018462301
0,013942152	0,0010443365
0,014311593	4,5442022E-4
0,014208692	0,002392343
0,012550258	7,863315E-4
0,013872991	9,953203E-4
0,014956306	0,0018177705
0,014563635	0,0010947688
0,01230171	0,0021689674
0,013516176	9,938466E-4
0,014101148	8,8964973E-4
0,015044096	0,0021264213
0,013864622	0,001626789
0,013517662	0,001292354
0,01319161	0,0023763436
0,014135905	9,3814137E-4
0,013994109	3,7282077E-4
0,014446285	0,0019127467
0,01326044	0,0012797683
0,0146430805	5,3007074E-4
0,014879967	4,0660286E-4
0,013076756	0,0011059154
0,0134945875	0,0014053744
0,013621914	7,923436E-4
0,01374996	7,744473E-4
0,015328082	7,720623E-4
0,012477598	4,072097E-4
0,013786255	0,002477866
0,015357983	0,0012007135
0,012686542	0,0021719157
0,012930895	9,962699E-4
0,01548234	0,0014264971
0,012406749	0,002868306
0,015137623	0,0015678732
0,01249567	3,1757684E-4
0,013494723	0,001301166
0,014476488	7,381177E-5
0,013915679	8,763963E-4
0,015629562	0,0020849672
0,012808882	0,001139437
0,013084027	5,764129E-4
0,015623135	7,353721E-4
0,014391862	1,7661176E-4
0,013371584	7,8354485E-4
0,013289693	0,0029348535
0,014237023	0,0011304237
0,014349273	0,0010624122
0,013870063	0,0015290611
0,012972058	3,5368148E-4
0,01438534	0,0014011015
0,012823604	9,4582466E-4
0,013251687	0,0015521877
0,015551649	0,0010511581
0,013877585	6,5710157E-4
0,012832843	2,2127902E-5
0,014622829	8,888232E-4
0,013522324	0,0027336194
0,01450202	4,937428E-5
0,014231225	8,079981E-4
0,013781975	0,0014065425
0,013109393	0,0019079522
0,014752786	0,0012746692
0,0142012015	0,0013421639
0,013042164	0,0026802213
0,013762985	0,0026928256
0,0137738	0,0011821414
0,013380688	0,0025943888
0,015648197	0,0015938551
0,012936822	0,0011875492
0,014103803	7,233714E-4
0,013667078	0,0013026985
0,014783905	0,0014697256
0,013195145	0,0014155603
0,014486618	0,001489613
0,014314242	0,0014118565
0,011622208	0,0011199886
0,014688127	0,0014879003
0,014755107	0,0019422164
0,012846465	0,0013343145
0,013889618	0,0011470795
0,013744461	0,0014839394
0,014158373	0,0010201378
0,012462801	0,0026751366
0,01436052	0,001134313
0,013712428	9,322546E-4
0,013225481	6,4550835E-4
0,013423148	0,0010941738
0,014074556	0,0014682368
0,0134129925	0,0013494736
0,013182871	0,0023782367
0,014100328	3,8014207E-4
0,015507378	4,2236873E-4
0,013400611	0,0026156239
0,013793769	5,2307895E-4
0,014430034	1,6884597E-4
0,013989913	0,0030428893
0,01247933	0,0014166915
0,013419275	7,4164645E-4
0,0146662	0,0016986595
0,014082189	0,0017274574
0,012136358	0,0013208977
0,015660344	9,961184E-4
0,0133506125	0,0016529401
0,012925178	3,6275465E-4
0,01257022	0,0025204162
0,014294027	0,0011612438
0,015261244	0,0023891935
0,012489888	0,0021165302
0,012361561	0,0027799055
0,014911483	0,0010524668
0,015505756	0,0016543187
0,0135336695	0,0022705344
0,012126739	0,0021956018
0,014960629	7,7345694E-4
0,012587027	0,0022764844
0,014483844	7,380336E-4
0,015238586	6,779008E-4
0,013049784	0,0017610355
0,013160593	9,879507E-4
0,013485398	0,0010690594
0,01473564	0,003108776
0,013705877	5,256602E-4
0,014898095	8,49886E-4
0,013299738	0,0017576099
0,013769467	7,985616E-4
0,013714616	6,6929776E-4
0,013916436	0,0010290531
0,013941667	8,9294923E-4
0,013804668	5,739847E-4
0,0137446	9,6101884E-4
0,015070614	1,8326825E-4
0,01207777	0,0018857799
0,013631515	6,9444766E-4
0,013721101	6,2076165E-4
0,013965731	0,0016174878
0,014952782	0,0010708258
0,014006991	0,0011083843
0,012610826	0,0014688832
0,013185653	9,348306E-4
0,014571746	8,5737156E-5
0,014625858	0,0014728062
0,0138509525	6,699457E-4
0,013269388	0,0018425699
0,013584569	5,625529E-4
0,014441011	0,0014996395
0,013833857	0,0016252074
0,013563454	6,997303E-4
0,013556983	0,0013047163
0,01461074	0,0015139208
0,014318994	0,0014091617
0,015127371	0,0016995603
0,0124843335	0,0018235267
0,013808248	0,0012865079
0,013453025	8,3029474E-4
0,013474696	9,52107E-4
0,01306371	0,0020700344
0,014609543	0,002005441
0,014555766	9,958774E-4
0,012797978	2,5834996E-4
0,013868819	5,091965E-4
0,014283825	7,0333906E-4
0,013990697	0,0032208844
0,012589215	4,049831E-4
0,012977079	0,0012957128
0,015159006	0,0011139065
0,015415084	0,0021044144
0,011851079	0,001155001
0,01340843	7,015669E-4
0,0138888955	6,6634425E-4
0,014610182	0,0018748415
0,012401495	0,0017621907
0,014865257	0,0011273408
0,013400977	0,0017133262
0,015776897	0,0020647584
0,014403817	0,0016616954
0,012655447	5,6152575E-4
0,014062132	0,0011457705
0,013935418	0,0010676028
0,0136919385	7,852684E-4
0,013730287	8,163507E-4
0,014336459	3,3029402E-4
0,01312301	0,0015221805
0,013107867	9,298849E-4
0,014298218	0,0011106135
0,014435214	0,0013047146
0,014546794	0,003266918
0,012768897	8,771367E-4
0,014065396	0,002042254
0,0144960405	0,0013619043
0,0134514235	0,0019226869
0,012785941	4,5520495E-4
0,014573965	0,0018956055
0,014786207	0,0017469965
0,01335132	7,417006E-4
0,013001703	4,641857E-4
0,014378537	0,0012558268
0,014350973	0,0012050278
0,013279573	0,0021972212
0,013696524	0,0016636001
0,013656317	0,0010134653
0,013467199	6,942256E-4
0,013209134	9,3594234E-4
0,013286713	0,001452271
0,014608264	0,0019239526
0,013920657	0,0013553202
0,01517916	9,2415157E-4
0,011188176	0,0028369317
0,013739091	4,566726E-4
0,013235125	0,0021230332
0,014477608	0,0014441373
0,015883341	0,0021794292
0,012882691	0,0018348674
0,013235544	0,0012463076
0,014654518	0,0019071772
0,014787233	0,0021545764
0,013072676	5,3733727E-4
0,013470317	0,003015199
0,01341432	3,649199E-4
0,014773048	0,0018468782
0,012836943	0,0015920326
0,013904055	0,0010252519
0,014510675	5,184497E-4
0,013155445	0,0027249695
0,014173604	8,347455E-4
0,013637364	0,0016972908
0,013810092	0,0010421582
0,013891016	9,593685E-4
0,014887358	7,5022154E-4
0,013514594	0,0035188994
0,013350283	0,0010681719
0,014859735	0,0015767149
0,013690173	8,9379784E-4
0,012909639	3,4184544E-4
0,013558321	7,196277E-4
0,014733563	0,0014294217
0,014140956	9,2363276E-4
0,01381395	8,689484E-4
0,0131406905	5,0057075E-4
0,014552039	0,0013839931
0,013877839	8,563108E-4
0,014940663	0,0017943125
0,014116938	0,0013324966
0,01243502	8,201914E-4
0,01295747	9,036491E-4
0,015061341	0,0018257239
0,014159982	0,0020219043
0,012149997	0,0020016618
0,014049877	0,0010543283
0,015294266	0,003152921
0,0149134165	9,930368E-4
0,0139616905	0,001912566
0,013400007	7,295661E-4
0,0139824925	0,0017093265
0,013370857	0,0010302543
0,0151448	7,329268E-4
0,0137445005	0,0022540595
0,012707942	0,0017185467
0,014967234	0,0016922848
0,014607035	0,0017577118
0,013450548	0,0010548526
0,013332208	0,0018623308
0,013922542	7,600541E-4
0,014780042	0,0016566277
0,012360026	4,7830507E-4
0,013929742	7,7191606E-4
0,013871637	7,689534E-4
0,013921057	9,146386E-4
0,015384518	0,0013798241
0,012836243	0,0016979584
0,014025266	0,0020689091
0,014854918	0,0016268331
0,013291546	5,491936E-4
0,013966181	0,001359658
0,016361762	0,0023339628
0,01299524	7,850343E-4
0,014039993	0,0028605552
0,014311078	0,0011135119
0,01408644	0,0018201751
0,0137778735	0,002888852
0,013921519	0,0012430608
0,012306436	0,0029507922
0,014967357	0,0012323478
0,013778682	5,4598035E-4
0,0148138	2,4165935E-4
0,013122346	0,001100542
0,015536114	0,0014666829
0,013443601	0,0012742709
0,012820433	0,0023712183
0,014246725	0,0011806884
0,014320585	0,0013167321
0,014789727	0,0013664706
0,014194741	3,7273366E-4
0,015396782	0,002002227
0,012863125	0,0029693295
0,012740915	6,284119E-4
0,01523485	0,0015565058
0,01310853	0,0018278721
0,013374608	0,0011411207
0,014067064	4,3113905E-4
0,01321694	8,551994E-4
0,013289143	0,0011982282
0,015805842	8,8630326E-4
0,014027079	9,552078E-4
0,012961014	0,0025920996
0,014082882	0,0015608522
0,013753109	0,0012433075
0,01409134	0,0023342876
0,014150043	0,001778981
0,013383515	0,0025773349
0,013354731	0,0011446308
0,015606324	0,0030734632
0,013370466	0,0010011327
0,014967355	0,0017566683
0,013765335	0,0016973276
0,014030066	0,0021001722
0,013560887	6,6364754E-4
0,014563146	8,772831E-4
0,014114407	0,0028712999
0,013192475	4,6898233E-4
0,013149672	0,0010647906
0,01352546	0,0013053303
0,014689271	0,0014817173
0,014962624	8,756251E-4
0,015367362	0,001702547
0,011920718	0,0019728753
0,014283493	0,0025112238
0,014946925	4,5489433E-4
0,01387262	5,949089E-4
0,01285004	0,0013351816
0,014303134	1,5223512E-4
0,013731204	9,00887E-4
0,013121522	0,0028512238
0,014309928	5,364821E-4
0,014566927	5,589819E-4
0,0129015045	0,0017579389
0,014191244	5,1292905E-4
0,014923078	8,9251564E-4
0,014199781	2,4373278E-4
0,013101891	0,0031170908
0,014201202	0,0013799153
0,013123627	0,0014680915
0,014802482	0,0015510869
0,014434286	6,790263E-5
0,012810512	0,0022094864
0,014146268	4,734511E-4
0,014022119	0,001447295
0,01346907	0,0016440499
0,014030076	0,0011436243
0,014452614	0,0017876015
0,01332936	6,9535914E-4
0,014258076	0,0015271547
0,014195061	0,0010574913
0,013573647	0,0010015436
0,014353565	6,750142E-4
0,0131494	0,0014732358
0,0148495985	0,0032264565
0,013073503	9,6222997E-4
0,013810337	8,142427E-4
0,013767163	7,563481E-4
0,013939533	9,726775E-4
0,014569518	0,001301623
0,013661425	0,0018964405
0,012906103	0,0011219986
0,0136899315	7,622651E-4
0,014220099	0,0011406261
0,013995557	9,967755E-4
0,013967802	8,7104604E-4
0,013190885	0,0011315203
0,013516471	9,110081E-4
0,015002452	0,0021134235
0,013564874	8,9471316E-4
0,014210881	8,059305E-4
0,013083597	0,0010045622
0,014806323	0,0017979135
0,0136484625	3,9056956E-4
0,013361923	0,0011370017
0,014166295	0,0011047077
0,0139605	9,76574E-4
0,013590065	6,3636416E-4
0,014509191	0,0012958135
0,012909207	3,5651604E-4
0,014352587	0,0012986411
0,01343181	0,0013708976
0,013989549	7,9441175E-4
0,013665751	0,0012944591
0,014558181	0,0016360058
0,013597462	6,461209E-4
0,013466667	8,873517E-4
0,01501947	9,940444E-4
0,013677515	0,0018551677
0,012758899	0,0018045285
0,014972508	4,935033E-4
0,014274442	8,151011E-4
0,013454569	0,0026344794
0,01316728	0,0033833687
0,013057164	0,0018184996
0,014215067	0,0017508196
0,015651012	9,96962E-4
0,015674697	6,283866E-4
0,0113944225	0,0023503539
0,014334407	9,440694E-5
0,01340956	0,001142107
0,013799938	0,0019396314
0,014073599	4,9282715E-4
0,011991095	0,0016788616
0,014260051	0,0013396946
0,014124933	3,8053526E-4
0,014132504	9,851826E-4
0,013019628	6,463266E-4
0,013686791	7,3679537E-4
0,014125046	0,0012651659
0,013553259	0,0012952808
0,01524691	0,0016413465
0,012578279	0,0020662453
0,01358747	0,0017633874
0,014057703	0,0017778043
0,01434363	0,0026033737
0,014099517	0,0012644267
0,014031743	0,0015698448
0,013632823	9,935296E-4
0,013355445	0,0020853863
0,01437668	5,425732E-4
0,013894361	0,0017178591
0,012808512	0,0012762147
0,014492215	1,5819776E-4
0,014437555	0,0013194025
0,012592431	0,0024237141
0,014831158	5,640639E-4
0,015012474	0,0013425754
0,013005885	1,11568435E-4
0,014370301	0,002614231
0,012683903	0,001274478
0,015427145	6,8531325E-4
0,0127702495	0,001567391
0,015077077	0,0015251758
0,0135549465	6,527473E-4
0,012406777	0,0022219606
0,01654203	0,0029481635
0,014429881	0,0010980207
0,015342743	0,0016125333
0,011955127	0,0022738015
0,015219185	0,0022339371
0,012888257	0,0036546602
0,0141263055	0,0026316377
0,01417547	0,0010516746
0,013043367	0,002482459
0,013435681	0,0018302511
0,014200829	0,0019768218
0,015206327	7,909376E-4
0,01268096	0,0014898378
0,012176293	0,001190701
0,015410428	7,0812716E-4
0,013725828	0,0016973899
0,012860007	0,0029781521
0,013405192	0,0016282594
0,01498399	3,6947292E-4
0,012256693	0,0019607064
0,014172807	5,6333106E-4
0,013936203	6,3805975E-4
0,014310956	4,0448716E-4
0,013219443	0,0016509629
0,01444188	8,2900695E-4
0,013947457	0,0012016888
0,013290339	8,220761E-4
0,014190362	0,0012426022
0,014262162	0,0011280947
0,013732904	7,648599E-4
0,014884527	6,502111E-4
0,0129625015	0,001058862
0,013141467	0,0010814223
0,0147100715	0,0011982871
0,0147799775	9,4543E-4
0,012582461	0,0017378603
0,014379243	8,2593695E-5
0,013450782	6,778422E-4
0,013433513	0,0016369849
0,015528853	9,374419E-4
0,012411817	0,0018975303
0,014026556	9,319035E-4
0,014444205	0,0015417825
0,013942125	0,0038938117
0,01390643	0,001710096
0,01378553	6,399107E-4
0,014354345	0,0011918695
0,012483711	0,0023934518
0,014702677	6,1091763E-4
0,012788677	0,0024555793
0,013957345	3,7643954E-4
0,015369129	7,546787E-4
0,011180903	0,0020023438
0,016413944	0,0011155496
0,013387638	0,0010299314
0,0126365395	0,0028226923
0,014275204	0,0013202577
0,012862955	0,0022049083
0,01498612	8,216457E-4
0,013750437	8,080349E-4
0,014244488	0,0011556993
0,013567977	5,294741E-4
0,0133718485	0,0013614367
0,0140816	0,0014388136
0,014500954	6,381582E-5
0,013496194	0,0019654615
0,013211074	0,0016789335
0,0141434865	2,05023E-4
0,014646896	4,9988605E-4
0,012774064	0,0025530907
0,015212268	9,474199E-4
0,013104237	6,712331E-4
0,0133375125	6,331198E-4
0,0143835535	0,0014372715
0,01348856	6,793476E-4
0,013724086	8,477049E-4
0,013886281	8,554939E-4
0,014456163	0,0010799596
0,0140546	0,0011503584
0,014021057	0,00108178
0,012901786	6,1545405E-5
0,015244144	0,0011747503
0,012857255	0,0012330085
0,014425493	0,0013356507
0,012792858	1,3488649E-4
0,013552543	9,916518E-4
0,015445053	0,0021516848
0,014841661	0,001784579
0,013475114	6,1871565E-4
0,012995154	0,0011734233
0,014910654	9,43046E-4
0,01374685	0,0019247471
0,01333372	0,0015070433
0,0145461755	0,0015540514
0,014013141	0,0014392098
0,013414721	0,0020343878
0,014380048	0,0014183593
0,0139354775	9,6495537E-4
0,014269102	0,0011612112
0,012806225	1,8586661E-4
0,014049769	0,0010382219
0,013554615	0,0011176375
0,0134101445	4,5700514E-4
0,013969553	9,966261E-4
0,01405364	9,308173E-4
0,01350923	8,4786623E-4
0,013952654	0,0010973074
0,013930143	8,141484E-4
0,014465419	8,7656366E-4
0,01440835	0,0016933454
0,01472601	0,0014378264
0,012000329	4,8383363E-4
0,014279366	3,857102E-4
0,013475693	0,0018813565
0,014132584	0,0026666955
0,014001128	0,0037126679
0,014157668	0,0016992718
0,012923203	7,1801513E-4
0,013779673	0,0016891266
0,014707409	3,274028E-4
0,013997248	0,0016277797
0,013161887	0,0011434901
0,014028196	0,0019351062
0,012690329	0,0014309551
0,01424966	0,0012639046
0,013431062	6,932822E-4
0,013790368	0,0021251657
0,014015424	0,002004745
0,013792936	7,542947E-4
0,015942127	0,0012204332
0,012304732	9,5512613E-4
0,013515264	0,0019393628
0,014393984	9,4101E-5
0,013189297	8,908464E-4
0,01481462	9,837421E-4
0,013090008	0,0010283762
0,014601805	0,002640566
0,01287612	0,0012197302
0,014563498	1,9177476E-4
0,0133569995	6,8112725E-4
0,01499671	0,001596195
0,013189697	2,9483598E-4
0,014566454	0,0010419565
0,012918708	0,002402024
0,01383964	6,869396E-4
0,014258736	0,00140532
0,013545665	0,0011872587
0,0142181935	0,0010088374
0,0141741475	0,0039505735
0,0133696245	0,0017147005
0,014039057	0,001616041
0,013218942	0,002414404
0,013693939	6,436243E-4
0,012388048	0,002584767
0,014125183	0,0015897133
0,013816339	6,469061E-4
0,015017875	9,0482726E-4
0,0137483245	0,0015485961
0,013104905	0,0019335668
0,014149517	9,670537E-4
0,013548181	4,94506E-4
0,014450274	0,0039481865
0,013438958	0,0027164882
0,013276498	0,0017208892
0,013419498	0,0024963715
0,015733512	0,001147328
0,014404724	0,0015553192
0,012219156	8,6437265E-4
0,014438744	0,0011360366
0,015098101	7,322623E-4
0,012126415	0,0018929879
0,014942381	5,526058E-4
0,013024707	0,0013881385
0,01239527	0,0025711607
0,014406922	5,3421455E-4
0,014743454	0,0012371327
0,013581585	0,0022275685
0,01281279	3,8345638E-4
0,01562807	7,8650744E-4
0,0143657075	0,0010570608
0,011749995	0,0016764471
0,014792174	0,0011074325
0,013558783	0,0016243332
0,012755313	0,0013421783
0,015739921	0,0014374491
0,013493515	0,001115987
0,013113718	0,0024710933
0,0140097765	0,0016520502
0,01496135	6,5842655E-4
0,012861557	0,0024180028
0,013359033	3,641285E-4
0,014139064	0,001366954
0,015421018	0,0021892018
0,013833516	9,821302E-4
0,012914337	4,5927372E-4
0,015101968	0,0010145145
0,0125664	8,7713863E-4
0,01530575	0,002197232
0,013692097	0,0019419655
0,01435409	0,0013427194
0,012911183	0,0015767333
0,013976476	0,00214735
0,016571553	6,9364224E-4
0,012053349	0,0022470965
0,013363905	0,0014308011
0,015115107	0,0024212794
0,013360068	1,4767802E-4
0,013346684	4,324877E-4
0,014906342	0,0016653505
0,01343294	0,0010558247
0,014790204	0,0016834254
0,013162069	0,0015088206
0,012221534	0,001940042
0,014656049	0,0014211552
0,0149067715	0,0014315195
0,013102148	0,0015686394
0,0136871105	7,8449294E-4
0,013225219	7,6267973E-4
0,014147031	0,0021560444
0,013548087	7,034271E-4
0,015256486	0,0010867191
0,013644268	0,0025804404
0,012761343	4,146039E-5
0,013926286	8,6662354E-4
0,014903513	0,0017630458
0,014720502	5,2179233E-4
0,012167558	7,2713057E-4
0,01416374	0,0025160725
0,013974305	4,860115E-4
0,014147843	0,0013678087
0,013624054	0,0015450286
0,013082416	9,4564096E-4
0,014614656	0,001654948
0,013538785	0,0025038668
0,01464352	8,0230384E-4
0,013944878	0,0017006001
0,012069131	0,0019342417
0,0156000005	0,005745038
0,013205562	4,918143E-4
0,014479834	0,0012000399
0,014564484	0,0015833601
0,014461012	0,002326054
0,013180033	3,0618993E-4
0,01493843	0,0015135843
0,013147928	5,720598E-4
0,01414473	0,001592534
0,012915616	2,512533E-4
0,01626992	0,0036713223
0,013544962	3,3262177E-4
0,011712346	0,0021177218
0,015039838	0,0016842437
0,015760105	0,0031673207
0,013396703	0,0012830872
0,0131834885	9,886186E-4
0,014140222	0,0010200111
0,013648267	0,0019934038
0,014953359	0,0024143418
0,013556558	0,0027918664
0,013581078	7,7586155E-4
0,014714311	0,0022013993
0,015934268	0,0030152972
0,015067671	0,0031141348
0,015629971	0,0020961426
0,014224549	8,046048E-4
0,013791136	0,0012971495
0,014400363	0,0011262008
0,013268344	0,0029765537
0,013637748	2,2225926E-4
0,014258874	0,001357224
0,01336516	6,906939E-4
0,014582629	0,0018643707
0,012560411	4,0676037E-4
0,014235075	0,001173802
0,013987017	8,7981106E-4
0,013419199	0,0010432411
0,014721871	4,838064E-4
0,013246586	0,0022560495
0,01282175	6,245862E-4
0,015312448	0,0028077592
0,013983595	0,0020277011
0,014713484	0,0019394669
0,01437785	0,0016093265
0,013681978	4,5041E-4
0,013866357	9,578329E-4
0,013882165	0,00213346
0,013833654	6,446008E-4
0,015330151	0,0030457198
0,013137989	4,3379125E-4
0,012747541	0,0014339385
0,013874373	0,0014767165
0,014091045	0,0014083062
0,015367441	0,0015240504
0,012715478	3,4257837E-4
0,012898696	0,0014614211
0,015397694	0,0016521689
0,013670613	0,0027329824
0,012970272	0,002284447
0,013982733	5,922226E-4
0,014071996	0,0010421932
0,013912019	0,0010464528
0,013997023	0,0010115909
0,012877832	1,6610412E-4
0,01468121	0,0016941116
0,014357559	7,067399E-4
0,013306924	0,0018174258
0,013590504	0,0012566359
0,013789657	0,001984946
0,013473917	0,0011849086
0,013918719	8,664236E-4
0,014714028	0,0017474428
0,013775856	6,7207636E-4
0,015165259	4,367251E-4
0,012526896	0,001675236
0,013538784	5,9040624E-4
0,013859473	8,0292695E-4
0,014166072	0,0014700004
0,013893113	9,634457E-4
0,012976579	0,0010699489
0,0144114345	0,0014074468
0,014776267	5,161664E-4
0,013111961	2,6937525E-4
0,0139209675	0,0032440217
0,014634556	0,0011809153
0,013271599	9,140754E-4
0,01381613	0,0018476747
0,0130180055	0,0015120527
0,015035952	0,0010282842
0,015179784	0,002371242
0,0137594305	0,0015028495
0,012562093	0,0023144016
0,013254213	6,430808E-4
0,014632384	0,0011610432
0,013021504	0,0019436758
0,014023284	5,891213E-4
0,015094716	7,215876E-4
0,013379545	0,0017613698
0,013690758	0,0016937159
0,014541871	0,0014983584
0,013489813	7,489245E-4
0,013936606	0,0017405963
0,0145634385	0,0015269504
0,01321824	4,7732578E-4
0,016702378	0,0040128203
0,014148214	0,0017515854
0,013886012	0,00159118
0,012638754	0,0019114095
0,014136094	9,805326E-4
0,01472639	6,69459E-4
0,013435203	0,0015819755
0,013496191	8,232112E-4
0,014259234	4,922308E-4
0,015443464	0,0027610485
0,013365339	0,0022195957
0,013159686	9,75215E-4
0,01463421	8,543941E-4
0,012622011	0,0020048346
0,014750414	0,0011092831
0,01500949	2,4493193E-4
0,013133238	0,0013466554
0,015078367	0,0015365386
0,015368595	8,1641E-4
0,0109522985	0,0026619455
0,014683959	8,3147874E-4
0,014610131	0,0026426464
0,016083304	0,0014807989
0,012838476	0,0020903563
0,012916379	0,0013038962
0,015688948	0,0013109989
0,014898658	0,0017403688
0,012019694	0,001692124
0,015285852	6,7296595E-4
0,012908348	0,0036950337
0,014536571	8,8426657E-4
0,01338613	0,0021037695
0,012914884	0,0024545114
0,014938931	0,0011476862
0,012773874	0,0013757242
0,01405391	0,001401738
0,01435797	0,001721909
0,014930074	0,0016737367
0,012742646	0,0023322399
0,013230157	4,9771386E-4
0,015703682	6,2486494E-4
0,012098734	0,0021041618
0,014341686	0,0029277394
0,014530529	0,0017962189
0,013021462	0,0010243517
0,013331213	0,002418508
0,014662378	9,747832E-4
0,01382231	0,0015807888
0,012988319	0,0010131111
0,013458609	0,001097106
0,017454019	0,0019047078
0,0141047565	0,001147042
0,013061032	9,975024E-4
0,013337935	0,0033566405
0,014020401	3,7561826E-4
0,014174897	5,481591E-4
0,012564068	0,0016976716
0,0146988155	1,0950437E-4
0,015078387	8,973846E-4
0,012789492	0,0011246842
0,0136215575	0,0017528736
0,014080681	0,0013338878
0,0138660045	7,066195E-4
0,014441073	7,053801E-4
0,013070232	0,0021023243
0,013337217	0,0011466627
0,013605109	0,0012411296
0,014606938	6,135184E-4
0,0149536105	0,0014428105
0,01447418	0,0012935114
0,011463326	0,0022449482
0,0152377365	0,0011011
0,015342732	6,344579E-4
0,012618475	0,0019409457
0,012455173	0,0015071194
0,016299348	0,0014847812
0,013711557	0,0034604855
0,013405762	0,0018705786
0,014302153	0,0014719119
0,012681156	0,0030127373
0,012637481	0,0017773324
0,015597236	5,0401414E-4
0,013913721	0,0016555224
0,014010708	0,0015527986
0,013420063	0,001697741
0,013721866	8,792541E-4
0,015693082	0,001735491
0,014105402	0,0020270525
0,0135152	0,0013605041
0,012319352	2,3896925E-4
0,015449834	0,0018556718
0,014278862	7,9195003E-4
0,0131581435	0,0013222359
0,012868886	4,254503E-4
0,015042695	0,0021045192
0,014306098	0,0013406171
0,015324316	0,001350489
0,012945083	0,0017597193
0,011406402	6,702864E-4
0,014132493	0,0014480852
0,015250395	6,978309E-4
0,014017598	5,802728E-4
0,013012797	0,0022115824
0,014922903	0,001043341
0,0135142505	6,2843214E-4
0,014137291	2,9451094E-4
0,01311181	0,0036757179
0,014441639	4,8214733E-4
0,015419369	0,0016654878
0,014279708	0,0015391031
0,011843109	0,0013263486
0,015209116	0,0014726693
0,013685615	7,0553675E-4
0,01398423	0,0011794264
0,014820363	5,259322E-4
0,012838605	0,0015844507
0,012987852	0,0012681057
0,014102993	0,0022501452
0,014736779	3,5495518E-4
0,013905573	9,023119E-4
0,012398626	0,0019311745
0,013906582	7,8225497E-4
0,016546207	0,0010000494
0,013003968	0,0024017014
0,013496571	0,001333839
0,0131565295	9,70108E-4
0,01309846	0,0015579218
0,0143267615	8,245055E-4
0,01351745	0,0032513435
0,012201085	0,0019295553
0,014058252	5,698008E-4
0,013969925	0,0026418727
0,012185889	0,0019835373
0,014296231	0,0011572618
0,013945025	0,001050531
0,01444566	9,846108E-4
0,013097189	3,74195E-4
0,013573945	0,001764724
0,014688087	0,0013251479
0,015104911	9,5394196E-4
0,0125050945	6,6209474E-4
0,015727462	0,0011089558
0,011877157	0,0017030961
0,013243966	9,4559655E-4
0,014712409	0,0010347755
0,014273748	0,001297472
0,015241868	0,0011638692
0,011988335	3,8236962E-4
0,013799074	8,3794526E-4
0,01445099	0,001449431
0,015886499	7,8401185E-4
0,011974226	0,00282184
0,013415511	4,6369561E-4
0,014694345	4,7491107E-4
0,01379659	0,0022030256
0,014468343	0,0015838087
0,013524246	0,001397987
0,012500265	0,0022021704
0,014293473	0,0014349615
0,014538583	8,1126246E-4
0,013526633	0,0010788807
0,013841085	0,001456857
0,0140221985	4,2138452E-4
0,013654658	0,0011751654
0,0148379775	0,0019991293
0,014375001	0,0013779744
0,012950289	2,9894485E-4
0,014420658	6,376284E-5
0,013523166	0,0018965192
0,014324374	0,0025412336
0,013911032	4,877294E-4
0,014119617	4,5513306E-4
0,013800219	0,0021896013
0,014748552	0,0011264937
0,012440789	6,358076E-4
0,015080969	0,0010032484
0,012503591	0,0016572777
0,015716493	0,0016246964
0,014053616	0,0013409867
0,0124462	0,0020836955
0,014506884	9,353005E-4
0,013770111	7,043117E-4
0,014007698	0,0010194825
0,0150724305	0,0012162888
0,013112842	0,001263861
0,013332603	8,993999E-4
0,013824002	9,856169E-4
0,013545785	0,0012160791
0,014223136	0,0010595461
0,01214581	0,0023441974
0,014181197	0,0011926213
0,014050665	9,3723123E-4
0,013753465	8,4825326E-4
0,014545432	0,0014329356
0,01316342	9,4432646E-4
0,013646409	7,44615E-4
0,013557938	0,0026963109
0,013817883	0,0013309851
0,0147726135	7,2407903E-4
0,015181035	0,0010279327
0,011637724	0,0016788185
0,013236317	0,0018291441
0,016480817	0,0010417129
0,0131216375	5,659895E-4
0,012081478	0,002542114
0,014958449	8,5415284E-4
0,014660875	0,0014431092
0,01623862	0,0013497073
0,011992867	0,0013997359
0,013689544	6,621516E-4
0,01355799	7,330875E-4
0,014102757	0,0019004447
0,014643746	0,0015521293
0,0135852	0,0012808486
0,011943678	0,001540844
0,014020906	0,0022251415
0,0141947465	0,0023550906
0,015643917	2,3786059E-4
0,013066135	0,0014662165
0,013560605	0,0011367182
0,0141775	0,0011019831
0,0158317	2,5117214E-4
0,010556412	0,0015554231
0,014363434	0,002399012
0,015535328	6,744401E-4
0,012860697	0,0013936905
0,013139266	0,0013367347
0,015385014	7,6895347E-4
0,014082304	6,217517E-4
0,013607454	0,0015761813
0,0126364725	3,7901325E-4
0,014297401	0,0012336632
0,013932227	7,4376684E-4
0,014029875	0,0019498096
0,013179052	0,0012716178
0,013481352	6,9725874E-4
0,014592658	0,002715069
0,012776391	2,5005685E-4
0,01372949	7,365205E-4
0,0139009105	0,002138105
0,013764587	6,7803124E-4
0,01566933	0,0016879275
0,013012764	0,001138749
0,01332853	0,001104044
0,013998713	0,0015305561
0,013910442	5,615513E-4
0,014767545	0,0015527034
0,01246425	0,0022907204
0,014008589	4,247453E-4
0,014260638	0,0029661052
0,013077197	5,143988E-4
0,013386723	4,7185196E-4
0,015713284	0,0011912001
0,012288629	0,002397202
0,01279558	0,0018987325
0,01370925	4,55603E-4
0,014105546	0,0019390814
0,013283151	0,001613016
0,014896237	0,001065651
0,01551216	9,461239E-4
0,011199144	0,0024655939
0,016011417	5,788691E-4
0,013336596	0,0014555793
0,014609739	0,0018830906
0,012612347	0,0016168607
0,014127591	4,8872526E-4
0,014594946	0,0015073543
0,012794665	9,403587E-4
0,013817206	0,0013173972
0,014590296	0,0018804821
0,013893272	8,5064326E-4
0,014051635	0,0010414555
0,013965081	8,096767E-4
0,013173774	0,0015371096
0,012702995	0,0012085905
0,01355682	3,6196646E-4
0,013953493	7,8363734E-4
0,016309088	0,0021035648
0,012720186	7,9968886E-4
0,014099094	0,0019067583
0,013683324	8,1266125E-4
0,014578999	0,0016042857
0,013384108	5,4251665E-4
0,013928171	0,0013173878
0,014337047	0,0019613646
0,014453978	3,0064394E-4
0,014539215	0,0020790182
0,013747074	7,272622E-4
0,012825442	0,002416162
0,0130146695	4,5253514E-4
0,01443509	0,0014456741
0,012563062	0,0016386947
0,014376222	0,0013832157
0,014192934	0,0010748997
0,012394003	6,9196965E-4
0,014215785	0,0023371424
0,014330697	9,423417E-4
0,015571989	0,0028498734
0,012036003	0,0031839889
0,014374849	0,0013959322
0,015315548	0,0010011242
0,012320541	1,5392795E-4
0,01223527	0,0012878372
0,0139998	0,0015119535
0,016343296	0,0033723137
0,012077813	0,0022878044
0,014631038	0,0017553647
0,012998589	4,7370885E-4
0,014529802	0,0010676119
0,014773835	0,0024370993
0,013404508	0,0026081244
0,013085571	0,0010377106
0,013886246	0,0012349966
0,014501635	0,0014609902
0,014825133	0,0012172099
0,012309112	0,0015111346
0,013152639	0,0022886435
0,014584199	7,4208615E-4
0,014107429	0,0011444918
0,014395592	0,0013442463
0,012905293	2,98933E-4
0,015209894	6,3522696E-4
0,012803368	0,0020911978
0,013152163	0,0011582713
0,015202612	0,0017032373
0,013600844	0,0017344573
0,013966496	0,001271945
0,0138681615	4,366371E-4
0,011672133	0,0016406638
0,016496949	0,0027924594
0,014042522	5,008771E-4
0,01495766	0,001337754
0,0127988355	8,859041E-4
0,014354378	5,790393E-4
0,012507106	0,0025508932
0,013833019	0,0015610376
0,014669067	0,0018429841
0,0121875	4,332167E-4
0,01326638	4,887103E-4
0,013666571	7,430091E-4
0,013168875	0,0017504393
0,015351658	0,0029066699
0,016134469	0,0031600823
0,012426534	4,2991416E-4
0,013890152	0,0015182891
0,01395644	4,1973413E-4
0,015020828	0,0010491594
0,013679867	0,0018413687
0,0117221745	0,001993428
0,014808655	8,311734E-4
0,013916712	8,698729E-4
0,014545608	8,942254E-4
0,013752238	0,0014521314
0,012464599	4,7503685E-4
0,015072321	8,5261033E-4
0,015218116	0,0015647104
0,013530496	7,1564055E-4
0,014442265	1,0262244E-4
0,013677739	0,0010217009
0,013599113	0,003463763
0,014519404	6,475865E-4
0,013601959	6,859556E-4
0,013521946	0,0012659339
0,013842675	0,002083332
0,014519808	8,1935905E-5
0,012252194	0,002136272
0,013649606	0,0010827958
0,014016551	7,7736523E-4
0,013202463	0,0020276825
0,01399259	6,052522E-4
0,013926852	0,0012794618
0,013991934	0,0018474868
0,013476555	7,7465735E-4
0,013970315	4,7894407E-4
0,014223523	0,00219429
0,015320964	7,146645E-4
0,012922394	0,0020830554
0,011906532	0,002053055
0,014894374	0,0012557986
0,014007751	0,0012265907
0,013544266	0,001665969
0,014270432	8,5408194E-4
0,013627232	9,2232594E-4
0,014295015	0,0019174425
0,015215356	0,0012947813
0,013093648	0,0025315809
0,012992895	0,0020194175
0,013738521	6,745215E-4
0,013249949	8,5771916E-4
0,015007057	8,4439496E-4
0,01403227	0,0015406458
0,012964209	0,0010789132
0,013820586	5,686054E-4
0,014127008	0,002213885
0,0155245485	0,0031860664
0,013589411	0,0011618787
0,0131762875	0,0026471652
0,013468263	9,852835E-4
0,014433689	9,424837E-4
0,012895939	0,0014836666
0,014502015	0,0020428635
0,012933414	6,345227E-4
0,014526676	2,5581832E-5
0,013173896	0,0027739133
0,014978358	7,507675E-4
0,013460445	2,4492323E-4
0,014297095	0,0015799569
0,013669357	0,0018412222
0,014375604	8,510894E-4
0,013253287	0,0019986406
0,01361167	0,0011822323
0,013366704	7,2300003E-4
0,014592345	0,0013680398
0,014862117	6,610618E-4
0,014716953	0,0017287656
0,013789457	9,807599E-4
0,011649433	0,0017664935
0,016254617	0,0027039363
0,014362474	9,3372044E-4
0,014094978	0,0014447257
0,012495051	0,002629384
0,01484787	5,8616826E-4
0,014402986	3,9018862E-4
0,012932784	0,0022139214
0,0143540315	0,0012014819
0,014818758	0,0010079102
0,012659128	0,0022393877
0,014594182	0,0015538171
0,014357944	0,0018470658
0,01516996	0,0055290544
0,013394198	0,0012771995
0,012508616	0,0025704955
0,014538143	8,334973E-4
0,0141215725	0,0015948124
0,013438392	0,0011039624
0,013675741	0,0012948745
0,013599587	0,0013602604
0,011927745	0,0018629833
0,016826265	0,0032298663
0,014806536	0,0016203779
0,014415152	0,0025649476
0,012457027	5,318827E-4
0,013096727	8,275635E-4
0,014537814	5,2280276E-4
0,014891463	0,001467211
0,013780702	0,0013731255
0,013435868	2,9355983E-4
0,0133631155	0,0019257596
0,014831197	9,425726E-4
0,014068055	9,3864434E-4
0,014754028	0,0017984826
0,013477407	6,811513E-4
0,012631233	0,0025778974
0,014199596	4,2403556E-4
0,0134794675	0,0013300092
0,013837713	0,0035096318
0,013150376	0,0016219702
0,014669791	0,0018233967
0,012836753	0,0013659868
0,014082172	0,0019289287
0,014704111	7,814079E-4
0,013773085	0,0014474257
0,013524757	0,0017666381
0,013702124	7,7411847E-4
0,014614987	0,001067649
0,015275617	0,0019251199
0,012862862	0,0034831367
0,013565454	5,534005E-4
0,016048746	1,6856012E-4
0,012152965	0,0017862595
0,013765241	0,0023178873
0,01388793	0,0012900757
0,014660447	0,0015704529
0,013654478	5,6409143E-4
0,013399336	9,999367E-4
0,014387106	0,0013161137
0,01379604	4,8918906E-4
0,01421319	7,263401E-4
0,013202646	0,0025489165
0,014063333	5,029969E-4
0,014202752	2,6095385E-4
0,013925371	0,0019366211
0,014414187	0,00125199
0,013470642	0,0028689133
0,01394035	3,9836453E-4
0,013633255	9,630118E-4
0,013617415	6,669769E-4
0,014922897	0,0014827852
0,013745543	0,0016388412
0,013293453	0,0015204914
0,0143281175	9,555924E-5
0,013012824	2,8894492E-4
0,014332275	0,0031766826
0,015333294	0,0012629436
0,012716374	0,0010232799
0,012999158	0,0032267412
0,015575453	8,369415E-4
0,014871605	0,0013943616
0,013656702	0,0013142945
0,01353474	8,736884E-4
0,0128489	2,7031414E-4
0,013895254	0,0023894194
0,014743107	8,5426995E-4
0,013475153	7,4866595E-4
0,01279493	8,6123473E-4
0,0152711	7,764882E-4
0,013294291	9,305433E-4
0,01420394	0,0016685998
0,01359966	1,5373688E-4
0,012288856	0,0018002504
0,014732382	7,0037926E-4
0,013320317	0,002911553
0,014746242	9,4373734E-4
0,014176379	7,5564085E-4
0,013234525	0,0010653569
0,013935678	0,0016545095
0,012927937	0,0021322465
0,014323484	0,0017089095
0,013942125	0,0011976485
0,01575392	0,0027849055
0,013714194	9,507493E-4
0,012685015	0,0013978219
0,014263605	0,0017383583
0,015268643	0,0020735508
0,013131894	0,002229878
0,0134523185	0,0023470856
0,0139581775	0,0016693693
0,01423297	0,0016948277
0,014730605	0,0020130808
0,013215239	5,1646883E-4
0,0123347705	0,0018449307
0,01380672	6,640835E-4
0,016153121	0,002663622
0,0126594	5,972407E-4
0,012797561	0,0012008772
0,014488526	9,0019655E-4
0,012537663	7,5083674E-4
0,013635459	7,514572E-4
0,017207973	0,0033107316
0,0127401715	0,0013962208
0,013222534	0,0011929465
0,013092533	9,1159553E-4
0,015224765	0,0021053576
0,012249266	4,4955238E-4
0,013859757	4,1595602E-4
0,013560192	0,0010516187
0,015052124	0,0017672833
0,013448621	7,221584E-4
0,0128654195	7,542699E-4
0,015799506	0,0019013849
0,013844236	0,001385958
0,01398014	0,003603271
0,013812363	0,0018846687
0,0141902	0,0017114934
0,01307838	0,0015271357
0,014946111	0,0017302749
0,013061393	2,5123544E-4
0,013744845	4,8262163E-4
0,011935234	0,0025253412
0,01548675	0,0018053898
0,0149054555	9,247809E-4
0,011990454	0,0024714547
0,013651884	6,459667E-4
0,013693635	8,0848206E-4
0,015110783	0,0011842821
0,013924122	0,0011872352
0,0147587	0,0029363257
0,0130330995	0,0026901138
0,014421042	0,0013286413
0,012745992	0,0012159663
0,014093302	4,430017E-4
0,014849366	0,0018601487
0,014593122	0,002665149
0,013722838	0,0011571757
0,015060226	2,0253124E-4
0,01221865	0,0016221114
0,013569395	9,62227E-4
0,014715623	7,700958E-4
0,013398559	0,0025334305
0,014617431	0,0014464239
0,013211091	0,0015728924
0,01363377	0,0033797722
0,015690109	9,908645E-4
0,014181338	0,0017052809
0,012308425	0,0010216759
0,014258525	0,0013853603
0,014284278	0,0019509946
0,013189231	5,613297E-4
0,014750078	0,0017551443
0,014490131	9,7060786E-4
0,014135528	0,0019275771
0,012796793	0,0020444728
0,01318501	0,0021381208
0,014745787	0,0017761884
0,013478398	0,0019394695
0,01328696	1,0760037E-4
0,014197219	0,0016583037
0,013378429	0,0010047666
0,014615305	0,0011707521
0,0134467855	0,0018163094
0,013888799	0,0011045082
0,011956386	0,00201834
0,014123503	0,0010475855
0,013437542	9,409321E-4
0,01188999	0,0018590435
0,015307568	0,0015082406
0,014132354	0,0017085291
0,014809065	0,001850723
0,01310128	0,0027999207
0,013666001	0,002103837
0,013540991	0,003193009
0,015275291	0,0013348787
0,012620047	0,0027019673
0,012913969	0,002290155
0,014818287	0,0014406935
0,014416922	0,0018313911
0,012625988	0,0010034471
0,012691048	4,0152954E-4
0,015388799	0,0011349253
0,014306682	0,001300063
0,013177913	0,001697986
0,013083006	0,00161364
0,013559542	7,18163E-4
0,015861647	0,0021699644
0,014514342	0,0013672357
0,013047986	0,0010356661
0,013739933	6,7332515E-4
0,014222537	0,0013640018
0,0139768915	0,001033651
0,013625689	0,0024594988
0,014067168	9,784609E-4
0,013518051	6,134414E-4
0,01492815	0,0022017197
0,0138309775	0,0018310734
0,015058356	0,0012555979
0,014664342	0,0012412118
0,0129561415	2,1186155E-4
0,01406248	0,0016988682
0,014384463	7,5201114E-4
0,012358113	0,0020873912
0,014082138	4,5623965E-4
0,014050071	4,7312587E-4
0,014567372	0,0012072332
0,014056549	0,0014125075
0,012936345	0,0012898281
0,0136881815	0,0014661916
0,014177368	0,0011487788
0,014441867	0,0013442532
0,014074222	0,0016065496
0,012291913	0,0017198476
0,013984036	8,303917E-4
0,014257651	0,0021003752
0,015399965	0,001107491
0,011484322	0,0017715787
0,014642417	0,0017399888
0,0134200165	0,001578878
0,013958453	0,0010998715
0,013836082	0,001651792
0,013678824	0,0013917
0,014067646	0,0022231096
0,013979168	4,412648E-4
0,012876899	2,402578E-4
0,013957621	9,196356E-4
0,015460123	0,0016962844
0,014274967	0,0017458085
0,013163504	0,0023406786
0,014140415	0,0016209201
0,014548003	0,0016365738
0,013559674	0,0012975906
0,0126515925	3,6432015E-4
0,014073704	0,0017977671
0,014117916	0,0010562029
0,013660897	8,6469826E-4
0,0138888145	9,801865E-4
0,013368371	3,001407E-4
0,014859737	0,0021859114
0,014045387	0,0012377846
0,014292338	5,159518E-4
0,012221291	0,0018811292
0,015064652	7,9831824E-4
0,0135828145	0,0010969288
0,014140411	0,0013968563
0,013900422	6,603192E-4
0,0135554485	0,0014535135
0,013787846	0,0014444432
0,014783899	0,0017543163
0,013563577	8,7229256E-4
0,013736243	0,0010420486
0,013925332	0,0026449682
0,014461182	0,0021968912
0,013454001	0,0027354374
0,013946876	9,826361E-4
0,0133430315	0,0014053712
0,014288731	0,001011179
0,014751591	0,001500769
0,013860143	8,7699323E-4
0,013543021	8,194204E-4
0,013472293	0,0012124049
0,015004818	0,0017465514
0,013345006	6,441141E-4
0,013962965	0,0010115784
0,014004602	9,263306E-4
0,013660058	5,877792E-4
0,013591426	6,146116E-4
0,013547722	0,0022358724
0,0162236	0,0014342605
0,012560424	7,7431515E-4
0,013127553	0,0030564917
0,01462206	9,6529344E-4
0,014404319	9,5559645E-4
0,014347094	0,0016299988
0,013372544	0,0012601292
0,014145481	0,0010835674
0,0141052855	0,0010017958
0,014401159	5,8737773E-5
0,013146485	0,0015642504
0,0126078455	9,183286E-4
0,014530469	0,0011548415
0,014676385	0,0012180115
0,013389852	8,0537744E-4
0,013777621	8,016455E-4
0,014987982	0,0021648929
0,013878484	8,5216766E-4
0,01361537	4,7861697E-4
0,013022427	0,0014914657
0,013458525	0,0017706269
0,014886367	4,298669E-4
0,014116335	0,0013383528
0,014666271	0,0011130004
0,012360126	3,546825E-4
0,014956329	0,0018192418
0,0149600245	6,579781E-4
0,012898927	0,0026857306
0,013834787	9,005477E-4
0,013527778	9,1459457E-4
0,014681529	0,0016162304
0,013597668	9,744115E-4
0,01408668	0,001238904
0,012383069	0,0010427899
0,013763214	0,0013881784
0,015094834	0,0028490296
0,01452574	8,177808E-4
0,013608355	0,0018254834
0,011739387	0,0020500775
0,015251219	7,3427084E-4
0,012835182	0,0029884167
0,013273484	8,22837E-4
0,015865779	0,0024297675
0,012422384	3,8972448E-4
0,015138105	0,0016262259
0,014094651	9,207275E-4
0,014010221	0,0016949899
0,013507801	6,303346E-4
0,013828094	8,918716E-4
0,014455602	5,754921E-4
0,014153164	5,426026E-4
0,013957755	6,717951E-4
0,012831745	0,002075436
0,0142266145	3,4000594E-4
0,013916242	0,001793873
0,0123459725	7,386264E-4
0,014402304	3,2945035E-4
0,013726727	0,0014502772
0,011857691	7,0251746E-4
0,015340545	0,0012935351
0,013876106	8,2182564E-4
0,014449478	4,989288E-5
0,013710062	0,0020549851
0,012370397	9,924117E-4
0,015659904	2,6287074E-4
0,01379099	0,0013889709
0,013904554	9,747151E-4
0,014074207	0,0019726309
0,012948048	0,0010539453
0,014674013	0,0016373008
0,013959378	0,0013821216
0,01444706	9,159112E-4
0,013201475	7,4362603E-4
0,0146258185	0,0011637522
0,013119883	0,0011313108
0,014414514	0,0013557548
0,013863352	8,4241916E-4
0,0147789745	0,0015719952
0,0125819715	0,0015275482
0,01279392	0,001596941
0,014290181	0,0013424151
0,014736901	0,001198896
0,014681764	0,001875384
0,012809954	0,001295482
0,013365635	7,6241384E-4
0,01381658	0,0010054063
0,014593824	0,0014086829
0,013425206	0,0011225543
0,013854641	0,0010646834
0,0139849065	7,457277E-4
0,013956505	8,6422166E-4
0,014226881	0,0012411153
0,013601005	0,0023637826
0,0136244595	6,0783455E-4
0,013811701	8,201298E-4
0,014680472	0,0015712653
0,014036846	0,0012092604
0,0143102305	0,0011969305
0,013237524	6,9499656E-4
0,01312682	0,0010288275
0,013873585	8,651741E-4
0,0149715915	0,0016438784
0,014398236	0,0014002465
0,0130453035	0,0015217373
0,013082006	0,0022776022
0,015000857	0,002638455
0,01427605	0,0010969274
0,01319468	5,895275E-4
0,013755183	7,5062073E-4
0,014191125	9,368184E-4
0,013677756	0,0017478494
0,012541198	0,0013820725
0,014510053	0,0014848966
0,013069934	0,001170288
0,014995714	0,0012175764
0,014517657	9,6978375E-4
0,013534238	7,025583E-4
0,012313381	7,425739E-4
0,014424093	0,0020999843
0,014151327	5,164876E-4
0,014322863	0,0014710611
0,013976507	6,9726E-4
0,014138095	0,0013436944
0,012856233	0,0011212097
0,013977717	0,002243616
0,0134966215	0,0015621027
0,0145576475	3,1294543E-4
0,013610925	6,917361E-4
0,012924905	0,0021571934
0,014688942	0,00123774
0,015260565	8,371066E-4
0,012561664	0,0012907026
0,012855298	0,0011848317
0,014158302	4,873213E-4
0,015346363	0,001551859
0,012862604	0,0011554643
0,013662491	8,14426E-4
0,013045844	0,0012124343
0,014826289	0,0011830591
0,013855383	7,0219557E-4
0,013633822	0,0018873037
0,013513997	0,0020195418
0,0150454715	0,0020856098
0,012990157	5,018549E-4
0,014249855	0,0011925303
0,014276068	0,0012516975
0,012900739	3,8118896E-4
0,01467219	8,240292E-4
0,013324042	0,0023736511
0,01469332	5,568626E-4
0,013714542	7,94713E-4
0,013967097	0,0015099426
0,013424593	9,0981106E-4
0,01487371	0,0016228101
0,014375232	0,0012533979
0,012506723	8,333395E-4
0,0133586675	4,5695895E-4
0,014703344	0,0012521461
0,014647077	0,0018558567
0,014927338	0,0015640233
0,013186939	0,0010170586
0,013541372	7,4098667E-4
0,01321008	0,0011688825
0,014952249	0,0016307149
0,013842356	8,333365E-4
0,01388071	8,013108E-4
0,013906896	5,6417595E-4
0,013510931	0,0023156772
0,0139061175	0,0013169231
0,015497923	6,2855496E-4
0,013129299	9,771108E-4
0,0134131415	0,0013349344
0,014314261	0,0012254259
0,013994526	0,0017189602
0,0140119195	0,0016455937
0,013802254	3,9358198E-4
0,013165354	8,768965E-4
0,014095745	0,0010063524
0,013434012	0,0018987233
0,014310417	0,001995546
0,012659718	0,0012593886
0,014044836	0,001767773
0,014339973	0,0018077096
0,014296758	6,013448E-4
0,013506991	0,0010761194
0,012927994	1,4591213E-4
0,014776002	9,607237E-4
0,013363638	0,0022593818
0,013846052	0,0017340727
0,014004451	9,98549E-4
0,013410397	0,0020332541
0,014286249	0,0012019716
0,014660205	7,920133E-4
0,012741878	0,0019841106
0,014079403	5,0075783E-4
0,013901342	7,358198E-4
0,014736471	0,0012703522
0,014511059	5,1450304E-4
0,013021327	0,0019629293
0,014238507	0,0012139651
0,013312626	0,0010340818
0,0139762005	0,0019171226
0,013837666	0,001721433
0,013636112	3,2335683E-4
0,013256953	0,001070863
0,017539658	0,0038455988
0,01205701	0,0018919036
0,012711455	0,0011033599
0,0140301855	0,0022638347
0,014874171	3,2752956E-4
0,013440214	0,0014184889
0,01437448	0,0015039259
0,013294841	8,624975E-4
0,014277316	1,4568187E-4
0,012767789	0,0025026733
0,015748836	0,0014859849
0,01271492	0,0021731753
0,0139407255	8,3704194E-4
0,014074045	9,2879665E-4
0,012722923	0,002790041
0,014914016	0,0016174003
0,013976764	0,001096886
0,014007941	3,5055832E-4
0,013400595	0,002681426
0,013744906	5,787331E-4
0,01455501	0,0016329437
0,013720605	0,0011913611
0,013055422	0,0017950208
0,013780131	0,0011484644
0,014593194	0,00138952
0,013905627	8,6682325E-4
0,01294228	1,7683765E-4
0,013554189	6,9207005E-4
0,014720074	0,0015389683
0,014488951	8,5819414E-4
0,013823538	6,736089E-4
0,012615231	1,952248E-4
0,014250296	0,0027508603
0,013533011	8,525894E-4
0,014388937	0,0014362906
0,013957229	9,1746735E-4
0,012720744	1,4181124E-4
0,013891301	9,5322676E-4
0,014489179	0,0013143931
0,014290295	0,00123236
0,013049063	2,0874779E-4
0,0136013925	0,0011472203
0,014091094	5,960353E-4
0,013976563	0,0011951276
0,013713402	8,434146E-4
0,014611696	0,0013473815
0,013517947	8,917457E-4
0,012895803	1,8432498E-4
0,0143199125	0,0012725323
0,014319534	9,922093E-4
0,013714601	0,001020336
0,014100754	0,001912086
0,01432642	0,0013334182
0,013063391	0,001108065
0,013800097	7,089169E-4
0,0141788125	0,0010260488
0,01412724	0,0010925594
0,013933358	8,8988186E-4
0,01387889	8,854995E-4
0,014055838	0,0010020368
0,013126411	0,0010545913
0,013828282	9,295242E-4
0,014422931	9,066395E-4
0,012638003	0,0013528875
0,014098133	6,6343625E-4
0,014474192	0,0012933597
0,014262925	0,0012264489
0,013292864	8,251495E-4
0,013522032	7,3257927E-4
0,014372724	0,0014791951
0,015614134	0,0027549788
0,013875566	0,0010403915
0,013983026	9,3658624E-4
0,013425148	3,9993555E-4
0,013648338	0,0018647811
0,015419404	0,002698972
0,015295987	9,153964E-4
0,012646773	0,0017841057
0,0138644455	0,0014013778
0,015117556	0,002301949
0,013749068	7,811219E-4
0,01378942	9,783386E-4
0,013302418	7,846423E-4
0,013012026	0,0011259171
0,01400685	0,0010853412
0,014498788	0,0014277161
0,013542901	7,831983E-4
0,013065755	0,0010088491
0,014094182	0,0010241804
0,013400204	9,382637E-4
0,014093359	0,0014505363
0,013522257	7,702174E-4
0,014483362	0,0015055886
0,014183271	0,0010852567
0,012796678	6,676729E-4
0,014236833	0,0011794317
0,014354762	0,0013246901
0,0147071155	0,0014351705
0,0129612945	7,640987E-4
0,013571412	7,5505854E-4
0,014163292	0,0011191773
0,013288949	9,053052E-4
0,015473302	0,0021171845
0,012974267	0,0017564256
0,013965581	0,0018072426
0,013946791	0,0010099523
0,014334214	0,0022394836
0,013965487	0,0015468682
0,014368527	9,049421E-4
0,013207271	7,5641175E-4
0,014369843	5,8032526E-4
0,013862136	0,0017368158
0,012377694	0,0026467512
0,015221581	5,211388E-4
0,0147207165	0,0011691524
0,01206886	0,0017109943
0,0143302865	0,0014300621
0,014977994	0,0017001826
0,012577619	0,0018951392
0,014221118	0,0015496896
0,015057649	4,6559615E-4
0,012363803	0,0011140346
0,013900369	0,0014983256
0,015545368	0,0012246775
0,0126745375	2,4131249E-4
0,012713537	7,110878E-4
0,01498855	0,0021198872
0,013700274	0,001414423
0,014329918	0,0011764073
0,013480631	8,812008E-4
0,015329356	8,517099E-4
0,011793143	0,0017392256
0,013201711	0,0017028454
0,014205796	8,677001E-4
0,014391392	0,0022752231
0,01381906	8,841892E-4
0,01143851	8,1566744E-4
0,01507393	0,0027207187
0,0151299685	0,0012150847
0,013857325	0,0010439067
0,0144152	0,0012511911
0,012577328	0,0026229073
0,014920864	0,0017267221
0,015220691	6,337802E-4
0,014896515	0,002068741
0,01314724	0,0019946888
0,014501825	6,831168E-4
0,013237857	9,83794E-4
0,013254548	4,3603993E-4
0,015368422	0,0010270788
0,015453442	0,0011002363
0,010976684	0,0010392047
0,013412134	0,0013964142
0,01534351	0,0010971487
0,012673691	0,002703409
0,013394461	7,334095E-4
0,013413628	4,2036676E-4
0,014235906	0,0021236967
0,01380214	0,0017811744
0,013906007	9,62937E-4
0,013303853	0,0012919484
0,011732099	0,001102819
0,014831349	4,924648E-4
0,013966623	0,0022414613
0,015180943	0,0015636361
0,012927167	8,4191555E-4
0,012778652	0,0019458203
0,015874915	2,1225298E-4
0,014713793	0,0023833225
0,01206757	6,337358E-4
0,012745652	0,00126994
0,015188791	0,001630442
0,014365758	7,704489E-4
0,014773302	0,0019200115
0,011640399	0,0017646106
0,013105161	7,2133704E-4
0,01573504	0,0015504286
0,013945304	0,0014567714
0,014653803	0,0026449848
0,012820852	0,0013359147
0,013250306	0,0010823737
0,014410042	0,0013143515
0,01539503	0,0012790095
0,01434046	0,0022314542
0,012209784	0,0015737071
0,013704278	9,0509624E-4
0,013744467	0,002429544
0,014011127	7,267194E-4
0,01553448	0,0014612267
0,0126925185	0,00251773
0,013552046	7,374771E-4
0,015152469	0,0010116465
0,013661998	0,002930257
0,014000393	6,4485683E-4
0,0147620365	0,0011866124
0,012195445	0,0013580933
0,013680592	0,0020113606
0,01573999	0,0010231396
0,014296067	0,0032724715
0,01449994	0,0011758264
0,012986749	5,7209545E-4
0,012521819	9,842966E-4
0,015215643	0,0013957545
0,016379438	5,9033115E-4
0,0124630295	0,003168606
0,013315775	9,957807E-4
0,014376943	0,0013047325
0,01301624	0,002305951
0,012679748	0,0011655197
0,01533306	0,0024376789
0,011977346	0,00201272
0,013472897	8,579801E-5
0,014274624	0,0026480653
0,012523341	0,0026454495
0,01472964	0,0016069871
0,013719893	0,0018042397
0,013665372	5,528003E-4
0,01442599	7,664268E-4
0,011911494	0,0021089064
0,013778222	7,9770555E-4
0,014216931	0,0019301178
0,012658775	0,0016644235
0,013661529	0,0012427766
0,016162245	0,0011009963
0,01378006	0,0013284726
0,011990252	0,002229729
0,014615197	8,4485114E-4
0,0149326995	4,7597903E-4
0,013993128	0,0036344707
0,013766789	0,0016537512
0,015066505	0,0010824043
0,012445808	0,0026661789
0,014336268	0,001109586
0,0129653765	0,002381245
0,013822049	0,001463867
0,013488662	0,0025033078
0,013977933	0,0021208704
0,013628689	0,0012410064
0,013191934	5,42626E-4
0,014822826	9,801533E-4
0,013089031	0,003564457
0,013451294	0,0012060062
0,014752957	0,0016724915
0,013271804	4,6823078E-4
0,013832347	0,0022728236
0,013950333	0,0012764271
0,013189136	9,3187037E-4
0,014287547	0,0013070862
0,014623134	0,001442776
0,013334087	0,0013014851
0,014012498	0,0016872992
0,014737941	0,0018034737
0,013935347	9,360106E-4
0,012950911	0,0030545902
0,0135935135	8,212555E-5
0,0147530185	0,0022468087
0,012917322	0,0023497348
0,013725729	0,0019969593
0,0144988345	0,0013314555
0,014493011	0,001447509
0,0140077025	8,337519E-4
0,012301065	0,0019022382
0,013868148	0,0022278603
0,01567773	8,732024E-4
0,01223123	0,0018628353
0,0142391985	0,0011732613
0,014031138	8,159163E-4
0,013294178	0,0028272057
0,014654078	0,0010553926
0,013671562	7,312486E-4
0,013479427	7,233291E-4
0,013912357	0,0012785675
0,015212757	0,0010492203
0,014105308	6,0240325E-4
0,013296232	0,0018189824
0,013402167	8,690541E-4
0,015693858	4,6422367E-4
0,011312616	0,0017421306
0,01452363	4,8798366E-4
0,014081371	8,972554E-4
0,013720927	0,0013131424
0,012702347	0,0011870309
0,014952782	0,0010205775
0,013104607	0,0018049997
0,014773431	0,0010005161
0,01479162	0,0012088963
0,014386281	0,0020598995
0,011864164	0,0014712802
0,01402445	0,0015852401
0,0139822075	0,0014001852
0,014083627	0,0016506973
0,012874004	0,0028658882
0,014477506	0,0018331337
0,013238445	0,0021739376
0,014379829	5,344786E-4
0,012797557	0,0021101723
0,013592021	0,0015195973
0,013785429	5,8271165E-4
0,015895715	0,0011941802
0,013284742	0,0020340832
0,013767543	7,240583E-4
0,013310462	8,1736274E-4
0,015560731	0,0012773029
0,013117501	0,0027458093
0,013822027	8,04422E-4
0,014480069	0,0014131049
0,013742228	0,0016683452
0,014084463	0,0010301905
0,013162973	0,0013321112
0,013657111	0,0014801344
0,014776426	9,01538E-4
0,013902371	0,001526887
0,014549621	0,0011876657
0,013275501	3,928875E-4
0,013697444	0,0016028758
0,013383861	0,0017220882
0,01238013	0,001352586
0,015325959	0,0026196137
0,015138574	0,0020597323
0,013996405	7,55949E-4
0,012780842	7,4398115E-5
0,0142419115	4,054927E-4
0,013902401	0,0016468527
0,014214606	0,0013217822
0,011997457	0,002231736
0,012906353	0,0018306209
0,011437985	0,0016506618
0,011903561	0,0019405616
0,012680065	0,0015332032
0,0145286685	0,0015678081
0,012158238	6,601604E-4
0,013359378	0,0019704264
0,0101179695	0,002755177
0,009118124	0,0016257467
0,009194001	0,0024325624
0,010330246	0,0029080065
