0,03839257	0,0
0,019239273	0,0
0,021585291	0,0
0,021494059	0,0
0,02153952	0,0
0,02223623	0,0
0,045359418	0,0
0,034175705	0,0
0,026041478	0,0
0,03263864	0,0
0,04513378	0,0
0,021859495	0,0
0,022943981	0,0
0,06525822	0,0
0,0329386	0,0
0,033261023	0,0
0,049649145	0,0
0,044309188	0,0
0,037242047	0,0
0,022679057	0,0
0,033549182	0,0
0,031999096	0,0
0,03139024	0,0
0,023618937	0,0
0,027198024	0,0
0,030817548	0,0
0,03306011	0,0
0,03452835	0,0
0,030415863	0,0
0,029572107	0,0
0,079581894	0,0
0,049881432	0,0
0,046660405	0,0
0,02767805	0,0
0,022400394	0,0
0,03201436	0,0
0,034631252	0,0
0,026614126	0,0
0,034926552	0,0
0,033160556	0,0
0,032490883	0,0
0,031130781	0,0
0,031947438	0,0
0,031076737	0,0
0,027768005	0,0
0,034279436	0,0
0,028698198	0,0
0,027984653	0,0
0,031588092	0,0
0,030310959	0,0
0,03098889	0,0
0,06749266	0,0
0,043073103	0,0
0,038844135	0,0
0,043129057	0,0
0,045778446	0,0
0,04770217	0,0
0,024866417	0,0
0,024896443	0,0
0,03691979	0,0
0,028608277	0,0
0,02496828	0,0
0,02976832	0,0
0,029055133	0,0
0,026825143	0,0
0,02851893	0,0
0,03278692	0,0
0,02793481	0,0
0,028307853	0,0
0,02798956	0,0
0,033570636	0,0
0,03356892	0,0
0,028870573	0,0
0,03110238	0,0
0,04766551	0,0
0,023829775	0,0
0,02713322	0,0
0,03213363	0,0
0,029884955	0,0
0,024134535	0,0
0,030937903	0,0
0,02892895	0,0
0,030358948	0,0
0,03085779	0,0
0,029837992	0,0
0,03909095	0,0
0,034786418	0,0
0,024352172	0,0
0,03355077	0,0
0,027409015	0,0
0,032186493	0,0
0,04166097	0,0
0,029389733	0,0
0,03138008	0,0
0,02891166	0,0
0,027820075	0,0
0,033478983	0,0
0,03407893	0,0
0,031758133	0,0
0,03449254	0,0
0,029442579	0,0
0,03245434	0,0
0,06094511	0,0
0,025772162	0,0
0,030438978	0,0
0,03311876	0,0
0,0363589	0,0
0,03134951	0,0
0,032849636	0,0
0,032029934	0,0
0,03301992	0,0
0,030596705	0,0
0,02211667	0,0
0,028431624	0,0
0,026934745	0,0
0,032288212	0,0
0,02893139	0,0
0,02928412	0,0
0,030286573	0,0
0,026566815	0,0
0,032865424	0,0
0,027584009	0,0
0,026582725	0,0
0,024923772	0,0
0,037344977	0,0
0,025667328	0,0
0,021766437	0,0
0,03532346	0,0
0,031299282	0,0
0,041403383	0,0
0,03307611	0,0
0,033895362	0,0
0,035479996	0,0
0,026712773	0,0
0,030510647	0,0
0,032061644	0,0
0,025505291	0,0
0,027663708	0,0
0,029619178	0,0
0,032644562	0,0
0,024894264	0,0
0,0733064	0,0
0,03013752	0,0
0,03566006	0,0
0,034855317	0,0
0,030527402	0,0
0,032075748	0,0
0,037587393	0,0
0,040057294	0,0
0,03598283	0,0
0,031215874	0,0
0,036023356	0,0
0,030167287	0,0
0,032325383	0,0
0,032570273	0,0
0,033476934	0,0
0,027651083	0,0
0,032819968	0,0
0,03352883	0,0
0,028628213	0,0
0,0337018	0,0
0,031177236	0,0
0,03316013	0,0
0,033754107	0,0
0,033274982	0,0
0,032444753	0,0
0,033139892	0,0
0,030825678	0,0
0,027973298	0,0
0,028762504	0,0
0,033160824	0,0
0,03327093	0,0
0,033144522	0,0
0,042623308	0,0
0,035778858	0,0
0,033262476	0,0
0,029140258	0,0
0,03251578	0,0
0,028880268	0,0
0,033289537	0,0
0,030731417	0,0
0,032703668	0,0
0,032553475	0,0
0,035214946	0,0
0,031429347	0,0
0,026828386	0,0
0,032171763	0,0
0,028091965	0,0
0,029660124	0,0
0,030698987	0,0
0,031542923	0,0
0,033378102	0,0
0,02862776	0,0
0,031202352	0,0
0,03681572	0,0
0,025355436	0,0
0,028737504	0,0
0,027092393	0,0
0,030467117	0,0
0,03565738	0,0
0,030451981	0,0
0,027453005	0,0
0,028311223	0,0
0,030887432	0,0
0,028212197	0,0
0,025502238	0,0
0,023299582	0,0
0,028038435	0,0
0,29796746	0,0
0,033313777	0,0
0,033127137	0,0
0,03310598	0,0
0,02932628	0,0
0,032723103	0,0
0,02784712	0,0
0,03211201	0,0
0,03295629	0,0
0,029866507	0,0
0,033053383	0,0
0,026050517	0,0
0,031280063	0,0
0,02572351	0,0
0,032236885	0,0
0,027933428	0,0
0,031227695	0,0
0,023703445	0,0
0,028814543	0,0
0,033407286	0,0
0,030175122	0,0
0,030726472	0,0
0,031365186	0,0
0,029021556	0,0
0,038366277	0,0
0,026197387	0,0
0,030321712	0,0
0,047664147	0,0
0,028840084	0,0
0,027460866	0,0
0,024032906	0,0
0,033320293	0,0
0,038601015	0,0
0,028280383	0,0
0,03508331	0,0
0,031044979	0,0
0,034014132	0,0
0,030465698	0,0
0,029798051	0,0
0,03310577	0,0
0,03608382	0,0
0,027119141	0,0
0,03443771	0,0
0,031002652	0,0
0,032871813	0,0
0,03475102	0,0
0,031112703	0,0
0,028550588	0,0
0,032869037	0,0
0,032348435	0,0
0,026871704	0,0
0,027403124	0,0
0,03210548	0,0
0,033361744	0,0
0,029631823	0,0
0,038651925	0,0
0,026333679	0,0
0,03223557	0,0
0,025545562	0,0
0,034361675	0,0
0,030845398	0,0
0,058638655	0,0
0,026138538	0,0
0,032678887	0,0
0,031807616	0,0
0,03164217	0,0
0,0333615	0,0
0,034653015	0,0
0,021508962	0,0
0,03521733	0,0
0,04312349	0,0
0,027661378	0,0
0,03449383	0,0
0,03656158	0,0
0,033758715	0,0
0,03232276	0,0
0,031284265	0,0
0,032270733	0,0
0,03228535	0,0
0,033004936	0,0
0,026391964	0,0
0,028516324	0,0
0,036332227	0,0
0,1022986	0,0
0,029759683	0,0
0,037303362	0,0
0,032750465	0,0
0,030274682	0,0
0,038068704	0,0
0,02779313	0,0
0,029397216	0,0
0,03135158	0,0
0,030251116	0,0
0,03604247	0,0
0,030655691	0,0
0,030600743	0,0
0,03929118	0,0
0,03295833	0,0
0,0320711	0,0
0,035565756	0,0
0,024666278	0,0
0,09849834	0,0
0,034406997	0,0
0,032367174	0,0
0,031329367	0,0
0,04773544	0,0
0,031500112	0,0
0,026895454	0,0
0,024791054	0,0
0,034823753	0,0
0,033361033	0,0
0,032871287	0,0
0,03121968	0,0
0,03127872	0,0
0,03204793	0,0
0,03161224	0,0
0,03131203	0,0
0,032907132	0,0
0,031542912	0,0
0,037567753	0,0
0,030789742	0,0
0,03024015	0,0
0,035669014	0,0
0,032137163	0,0
0,029929472	0,0
0,028580513	0,0
0,026058188	0,0
0,020444412	0,0
0,024743343	0,0
0,02491826	0,0
0,022061145	0,0
0,026919236	0,0
0,027471352	0,0
0,026326949	0,0
0,024106791	0,0
0,03219148	0,0
0,032835186	0,0
0,029446363	0,0
0,033847902	0,0
0,028304862	0,0
0,033273187	0,0
0,03187398	0,0
0,030197242	0,0
0,03264578	0,0
0,031343065	0,0
0,032013375	0,0
0,02134111	0,0
0,031109944	0,0
0,027079662	0,0
0,0691088	0,0
0,038719527	0,0
0,032449897	0,0
0,030278442	0,0
0,03344728	0,0
0,025100637	0,0
0,030757897	0,0
0,03176784	0,0
0,041408315	0,0
0,049686555	0,0
0,043193918	0,0
0,040854912	0,0
0,042957142	0,0
0,03278191	0,0
0,028094618	0,0
0,026805006	0,0
0,038439345	0,0
0,03018281	0,0
0,026348626	0,0
0,046651326	0,0
0,046560083	0,0
0,0373355	0,0
0,029175844	0,0
0,031816848	0,0
0,033463705	0,0
0,034844913	0,0
0,033111107	0,0
0,03133852	0,0
0,02844843	0,0
0,03781061	0,0
0,028794196	0,0
0,036793504	0,0
0,033296462	0,0
0,027102018	0,0
0,030993002	0,0
0,029178796	0,0
0,028303562	0,0
0,033015214	0,0
0,03032456	0,0
0,03394229	0,0
0,030185616	0,0
0,036976088	0,0
0,033322833	0,0
0,026276335	0,0
0,032613438	0,0
0,033341166	0,0
0,033304974	0,0
0,03164774	0,0
0,028229203	0,0
0,06210672	0,0
0,069109015	0,0
0,033511452	0,0
0,031657096	0,0
0,09419241	0,0
0,055399064	0,0
0,050051827	0,0
0,114520855	0,0
0,06317487	0,0
0,05274973	0,0
0,03833132	0,0
0,03372003	0,0
0,04511811	0,0
0,036705956	0,0
0,028970864	0,0
0,027382363	0,0
0,027438935	0,0
0,031941626	0,0
0,030474499	0,0
0,03314859	0,0
0,03034898	0,0
0,02471749	0,0
0,03016386	0,0
0,033051424	0,0
0,034880806	0,0
0,034050148	0,0
0,03308902	0,0
0,025449075	0,0
0,028333258	0,0
0,031516604	0,0
0,035873633	0,0
0,020667005	0,0
0,028399281	0,0
0,03210047	0,0
0,0286512	0,0
0,028996266	0,0
0,025663473	0,0
0,031302355	0,0
0,027015734	0,0
0,031787243	0,0
0,034554355	0,0
0,033540502	0,0
0,032820586	0,0
0,029067023	0,0
0,023017129	0,0
0,02753103	0,0
0,029123668	0,0
0,030931113	0,0
0,028877875	0,0
0,030940695	0,0
0,023102911	0,0
0,02537953	0,0
0,07102023	0,0
0,025466658	0,0
0,028869022	0,0
0,027538573	0,0
0,027042694	0,0
0,0542186	0,0
0,030487489	0,0
0,033292312	0,0
0,03302813	0,0
0,02224787	0,0
0,03623949	0,0
0,021318885	0,0
0,03278862	0,0
0,028790945	0,0
0,028878901	0,0
0,028973082	0,0
0,02921743	0,0
0,030847942	0,0
0,030656785	0,0
0,029769188	0,0
0,0331976	0,0
0,02830852	0,0
0,0328795	0,0
0,031831834	0,0
0,034827694	0,0
0,026148535	0,0
0,031350803	0,0
0,03382557	0,0
0,028922806	0,0
0,02782394	0,0
0,066308096	0,0
0,031116446	0,0
0,026862083	0,0
0,032103036	0,0
0,035991326	0,0
0,03105325	0,0
0,029445274	0,0
0,031085307	0,0
0,03135158	0,0
0,034964327	0,0
0,055811748	0,0
0,03250205	0,0
0,032247033	0,0
0,029669132	0,0
0,034092713	0,0
0,033265434	0,0
0,03283355	0,0
0,032951776	0,0
0,029681595	0,0
0,0330702	0,0
0,033534665	0,0
0,035635144	0,0
0,03200543	0,0
0,022955038	0,0
0,03194933	0,0
0,02733736	0,0
0,030552693	0,0
0,033897836	0,0
0,030736217	0,0
0,028139545	0,0
0,022040622	0,0
0,031187523	0,0
0,03187839	0,0
0,028604886	0,0
0,028430834	0,0
0,032161202	0,0
0,032575306	0,0
0,02387153	0,0
0,03114622	0,0
0,028813891	0,0
0,056756966	0,0
0,02993164	0,0
0,018621461	0,0
0,033767678	0,0
0,03470454	0,0
0,027833736	0,0
0,0289298	0,0
0,019446533	0,0
0,033290017	0,0
0,029496215	0,0
0,028311083	0,0
0,029456973	0,0
0,028553624	0,0
0,03141862	0,0
0,027813556	0,0
0,031148097	0,0
0,030533316	0,0
0,036209494	0,0
0,030429648	0,0
0,02730206	0,0
0,065925784	0,0
0,028241478	0,0
0,03769915	0,0
0,029333727	0,0
0,025515199	0,0
0,02629485	0,0
0,029469147	0,0
0,03266477	0,0
0,03576988	0,0
0,031960696	0,0
0,031160463	0,0
0,03224446	0,0
0,035750374	0,0
0,029264884	0,0
0,031160887	0,0
0,09428563	0,0
0,036410917	0,0
0,049562447	0,0
0,027940113	0,0
0,035236556	0,0
0,03039023	0,0
0,030330094	0,0
0,034069218	0,0
0,031997643	0,0
0,03292382	0,0
0,035145387	0,0
0,028299935	0,0
0,031070367	0,0
0,030603614	0,0
0,03131047	0,0
0,03828848	0,0
0,023733249	0,0
0,03143863	0,0
0,034558635	0,0
0,03253947	0,0
0,03244642	0,0
0,023679597	0,0
0,031127024	0,0
0,036072705	0,0
0,03370494	0,0
0,032828745	0,0
0,035440825	0,0
0,022748247	0,0
0,029789876	0,0
0,05590492	0,0
0,032911263	0,0
0,030383497	0,0
0,025270076	0,0
0,022928815	0,0
0,032192692	0,0
0,031089112	0,0
0,02880291	0,0
0,030722303	0,0
0,029267777	0,0
0,03167819	0,0
0,0313886	0,0
0,032502897	0,0
0,035280254	0,0
0,029541861	0,0
0,02618265	0,0
0,02928114	0,0
0,066372946	0,0
0,03330866	0,0
0,02950684	0,0
0,031450383	0,0
0,029948326	0,0
0,02954227	0,0
0,03186827	0,0
0,030387344	0,0
0,030647714	0,0
0,032237366	0,0
0,03527134	0,0
0,03122068	0,0
0,033153683	0,0
0,033403777	0,0
0,03334878	0,0
0,062263966	0,0
0,030410945	0,0
0,030966884	0,0
0,028610537	0,0
0,026897145	0,0
0,02706411	0,0
0,035813697	0,0
0,027123602	0,0
0,026454372	0,0
0,06082697	0,0
0,032169078	0,0
0,026254483	0,0
0,028641744	0,0
0,030923245	0,0
0,025488818	0,0
0,034893025	0,0
0,030176954	0,0
0,03295249	0,0
0,03343726	0,0
0,036706768	0,0
0,030203687	0,0
0,032593235	0,0
0,029704532	0,0
0,03850027	0,0
0,032794345	0,0
0,033197697	0,0
0,030802855	0,0
0,03217175	0,0
0,034222726	0,0
0,025876421	0,0
0,03129075	0,0
0,022331474	0,0
0,057927314	0,0
0,028095856	0,0
0,028062614	0,0
0,02775318	0,0
0,029989228	0,0
0,029342145	0,0
0,033105087	0,0
0,033138324	0,0
0,030434936	0,0
0,025425782	0,0
0,027843283	0,0
0,029303266	0,0
0,057192113	0,0
0,024846867	0,0
0,033268362	0,0
0,03316488	0,0
0,03356777	0,0
0,032861754	0,0
0,029372297	0,0
0,03542397	0,0
0,031612117	0,0
0,03453486	0,0
0,02251598	0,0
0,027102321	0,0
0,025697315	0,0
0,02956698	0,0
0,02914592	0,0
0,028878095	0,0
0,022949087	0,0
0,029268589	0,0
0,031926047	0,0
0,03121494	0,0
0,058544468	0,0
0,029647252	0,0
0,038740978	0,0
0,02635085	0,0
0,033213764	0,0
0,030173084	0,0
0,029964197	0,0
0,029167019	0,0
0,031238826	0,0
0,023330253	0,0
0,032372158	0,0
0,031267557	0,0
0,031490453	0,0
0,037197504	0,0
0,030056667	0,0
0,031154362	0,0
0,034518942	0,0
0,025028141	0,0
0,031399086	0,0
0,024718625	0,0
0,023396501	0,0
0,056510873	0,0
0,028478943	0,0
0,028665766	0,0
0,032839637	0,0
0,032106757	0,0
0,029824827	0,0
0,02459851	0,0
0,026115265	0,0
0,032267317	0,0
0,030016353	0,0
0,036037996	0,0
0,03077386	0,0
0,030029884	0,0
0,034072354	0,0
0,029750586	0,0
0,030248879	0,0
0,03264073	0,0
0,031300403	0,0
0,033902247	0,0
0,027401835	0,0
0,024070907	0,0
0,025079992	0,0
0,028022224	0,0
0,035882384	0,0
0,03336775	0,0
0,0319197	0,0
0,0272998	0,0
0,028517338	0,0
0,03457006	0,0
0,023911413	0,0
0,056810413	0,0
0,031976573	0,0
0,033173136	0,0
0,034511816	0,0
0,02145415	0,0
0,032021288	0,0
0,034698527	0,0
0,032675494	0,0
0,035959233	0,0
0,0323959	0,0
0,033217404	0,0
0,031899683	0,0
0,03437294	0,0
0,024229158	0,0
0,026651245	0,0
0,034377895	0,0
0,03379792	0,0
0,02945849	0,0
0,03201591	0,0
0,033421174	0,0
0,023334263	0,0
0,07212767	0,0
0,033819564	0,0
0,032600217	0,0
0,031805743	0,0
0,02828928	0,0
0,033164084	0,0
0,0342633	0,0
0,031820826	0,0
0,028690293	0,0
0,028980844	0,0
0,027828362	0,0
0,03087655	0,0
0,022910122	0,0
0,03547579	0,0
0,029065236	0,0
0,025618771	0,0
0,030256892	0,0
0,03468483	0,0
0,028128939	0,0
0,035284966	0,0
0,031603787	0,0
0,03024299	0,0
0,03614573	0,0
0,031226123	0,0
0,032674506	0,0
0,03140673	0,0
0,03146022	0,0
0,02792179	0,0
0,03239771	0,0
0,047341786	0,0
0,03173066	0,0
0,028164236	0,0
0,030135361	0,0
0,024604997	0,0
0,029561285	0,0
0,029251058	0,0
0,029253233	0,0
0,031189745	0,0
0,026874036	0,0
0,028015107	0,0
0,0223905	0,0
0,031124376	0,0
0,03650125	0,0
0,028908972	0,0
0,032049946	0,0
0,032034796	0,0
0,036040895	0,0
0,028267678	0,0
0,055362783	0,0
0,032873984	0,0
0,032208428	0,0
0,032861646	0,0
0,026226649	0,0
0,035920642	0,0
0,033111505	0,0
0,030950012	0,0
0,033658475	0,0
0,03212879	0,0
0,032883137	0,0
0,026442042	0,0
0,047222767	0,0
0,03575061	0,0
0,029376991	0,0
0,026600491	0,0
0,029606648	0,0
0,027539028	0,0
0,03439406	0,0
0,026170619	0,0
0,029311247	0,0
0,036420796	0,0
0,030254116	0,0
0,03187515	0,0
0,02747816	0,0
0,029787742	0,0
0,02667897	0,0
0,031408664	0,0
0,033362433	0,0
0,032867268	0,0
0,033968505	0,0
0,033229128	0,0
0,033362422	0,0
0,0299756	0,0
0,033531934	0,0
0,03196271	0,0
0,03076584	0,0
0,035507888	0,0
0,034517284	0,0
0,028701548	0,0
0,033180915	0,0
0,032367144	0,0
0,031632647	0,0
0,03438256	0,0
0,030834617	0,0
0,023365196	0,0
0,025225798	0,0
0,04568414	0,0
0,03203752	0,0
0,033147726	0,0
0,026412562	0,0
0,04403454	0,0
0,028385248	0,0
0,031862978	0,0
0,030874599	0,0
0,03198538	0,0
0,029832225	0,0
0,029226296	0,0
0,028963538	0,0
0,029032677	0,0
0,031045826	0,0
0,022807822	0,0
0,029212704	0,0
0,033184845	0,0
0,032503385	0,0
0,032911237	0,0
0,036535677	0,0
0,02686934	0,0
0,026859367	0,0
0,039942596	0,0
0,029825931	0,0
0,029622901	0,0
0,032094963	0,0
0,030680917	0,0
0,02972755	0,0
0,050149985	0,0
0,029511195	0,0
0,030824265	0,0
0,031540077	0,0
0,03266337	0,0
0,029503133	0,0
0,03325188	0,0
0,03134624	0,0
0,034055997	0,0
0,026651083	0,0
0,029128363	0,0
0,025568914	0,0
0,061484583	0,0
0,03101036	0,0
0,030810744	0,0
0,030554108	0,0
0,033440057	0,0
0,033003837	0,0
0,033725493	0,0
0,033984024	0,0
0,029961674	0,0
0,026946377	0,0
0,026378376	0,0
0,03364415	0,0
0,03324107	0,0
0,031705417	0,0
0,030174872	0,0
0,032687027	0,0
0,025587069	0,0
0,033340435	0,0
0,032073036	0,0
0,026104223	0,0
0,031675052	0,0
0,031131463	0,0
0,061877836	0,0
0,032915454	0,0
0,030599738	0,0
0,032057784	0,0
0,033379614	0,0
0,033925906	0,0
0,027611557	0,0
0,031165667	0,0
0,03025201	0,0
0,029783405	0,0
0,035401255	0,0
0,035110608	0,0
0,029853607	0,0
0,029541444	0,0
0,06760367	0,0
0,03694612	0,0
0,022010349	0,0
0,041880045	0,0
0,043380562	0,0
0,040165134	0,0
0,03605879	0,0
0,035672326	0,0
0,033349015	0,0
0,032676406	0,0
0,025643252	0,0
0,050912935	0,0
0,036123417	0,0
0,038532507	0,0
0,03084812	0,0
0,028038152	0,0
0,033394862	0,0
0,03159464	0,0
0,029575584	0,0
0,026250528	0,0
0,03657719	0,0
0,034675755	0,0
0,033421755	0,0
0,026039232	0,0
0,02609136	0,0
0,032504506	0,0
0,032561082	0,0
0,025705103	0,0
0,05418254	0,0
0,03285098	0,0
0,025045924	0,0
0,029718999	0,0
0,038219046	0,0
0,031823248	0,0
0,028828338	0,0
0,034372985	0,0
0,033739634	0,0
0,036474094	0,0
0,028523918	0,0
0,025267346	0,0
0,027140113	0,0
0,027102573	0,0
0,022958687	0,0
0,034155987	0,0
0,032348655	0,0
0,030770699	0,0
0,03384742	0,0
0,033674438	0,0
0,028962238	0,0
0,027973052	0,0
0,031800877	0,0
0,023130152	0,0
0,03179758	0,0
0,032384098	0,0
0,025248813	0,0
0,032158848	0,0
0,025193853	0,0
0,03571922	0,0
0,030155158	0,0
0,036243737	0,0
0,024955275	0,0
0,0276946	0,0
0,0339995	0,0
0,031118305	0,0
0,03613372	0,0
0,030717377	0,0
0,032960758	0,0
0,032208495	0,0
0,051085796	0,0
0,021521525	0,0
0,029586596	0,0
0,034490388	0,0
0,024520464	0,0
0,052343708	0,0
0,026157884	0,0
0,025561819	0,0
0,03205886	0,0
0,034432027	0,0
0,02693636	0,0
0,026909146	0,0
0,034417134	0,0
0,036747444	0,0
0,02999122	0,0
0,032819744	0,0
0,036725186	0,0
0,030253978	0,0
0,033164505	0,0
0,03220964	0,0
0,029779132	0,0
0,034801964	0,0
0,026496122	0,0
0,03359777	0,0
0,032644104	0,0
0,030100336	0,0
0,027098672	0,0
0,026087388	0,0
0,0308848	0,0
0,03273572	0,0
0,031846244	0,0
0,033916548	0,0
0,03189983	0,0
0,035537425	0,0
0,030058421	0,0
0,065719165	0,0
0,032664645	0,0
0,033617914	0,0
0,02984247	0,0
0,036822002	0,0
0,03187423	0,0
0,02907106	0,0
0,029824087	0,0
0,031512965	0,0
0,016896373	0,0
0,03103399	0,0
0,033403393	0,0
0,02808491	0,0
0,030254839	0,0
0,03313801	0,0
0,023322351	0,0
0,030555697	0,0
0,027914347	0,0
0,030035488	0,0
0,034516707	0,0
0,03165992	0,0
0,029478885	0,0
0,030615238	0,0
0,034694582	0,0
0,03142276	0,0
0,03333828	0,0
0,032469045	0,0
0,03177597	0,0
0,029459974	0,0
0,03349327	0,0
0,033342004	0,0
0,033110723	0,0
0,031763397	0,0
0,028962635	0,0
0,029525302	0,0
0,03100242	0,0
0,033885814	0,0
0,02714764	0,0
0,03594029	0,0
0,03001066	0,0
0,029701477	0,0
0,027860114	0,0
0,03408366	0,0
0,031389453	0,0
0,04778016	0,0
0,028429562	0,0
0,02831782	0,0
0,035409514	0,0
0,03259631	0,0
0,034259494	0,0
0,030592931	0,0
0,032348257	0,0
0,0351359	0,0
0,030258777	0,0
0,03204248	0,0
0,02470187	0,0
0,029923659	0,0
0,029118698	0,0
0,031692818	0,0
0,031992845	0,0
0,03737497	0,0
0,029995533	0,0
0,032191925	0,0
0,032365065	0,0
0,03157193	0,0
0,03387561	0,0
0,05508754	0,0
0,029036699	0,0
0,028024094	0,0
0,025047738	0,0
0,03414848	0,0
0,029446846	0,0
0,0293583	0,0
0,03400467	0,0
0,031010661	0,0
0,026315697	0,0
0,033395905	0,0
0,032331813	0,0
0,029938266	0,0
0,032065224	0,0
0,03137027	0,0
0,03278011	0,0
0,0245755	0,0
0,028471965	0,0
0,030484725	0,0
0,025272483	0,0
0,03371201	0,0
0,029927667	0,0
0,033481166	0,0
0,031183496	0,0
0,0610924	0,0
0,039050378	0,0
0,025810195	0,0
0,030127227	0,0
0,035028942	0,0
0,022650294	0,0
0,03302749	0,0
0,027775275	0,0
0,029964432	0,0
0,034966234	0,0
0,030496119	0,0
0,024155166	0,0
0,03150212	0,0
0,032891203	0,0
0,027143285	0,0
0,027670268	0,0
0,05222449	0,0
0,031469543	0,0
0,035665035	0,0
0,02680989	0,0
0,03264029	0,0
0,02961399	0,0
0,030413918	0,0
0,03104621	0,0
0,031608228	0,0
0,10241348	0,0
0,0457469	0,0
0,03602076	0,0
0,034473326	0,0
0,04567065	0,0
0,033193026	0,0
0,032353014	0,0
0,031731352	0,0
0,033303957	0,0
0,033108223	0,0
0,021860002	0,0
0,02766493	0,0
0,030696347	0,0
0,032886922	0,0
0,031540167	0,0
0,036917783	0,0
0,02944006	0,0
0,032188334	0,0
0,03042783	0,0
0,040571928	0,0
0,0280931	0,0
0,024224564	0,0
0,03238368	0,0
0,029444326	0,0
0,035903983	0,0
0,025776006	0,0
0,034108687	0,0
0,032599617	0,0
0,034826532	0,0
0,033851046	0,0
0,03334349	0,0
0,029151242	0,0
0,036989655	0,0
0,029526386	0,0
0,03344479	0,0
0,03235368	0,0
0,027760094	0,0
0,032683358	0,0
0,029686917	0,0
0,022971323	0,0
0,07798695	0,0
0,10794034	0,0
0,035434812	0,0
0,032330047	0,0
0,029461835	0,0
0,0331968	0,0
0,033511087	0,0
0,03299476	0,0
0,029466305	0,0
0,029691258	0,0
0,03571517	0,0
0,02721216	0,0
0,0314817	0,0
0,029954586	0,0
0,03173692	0,0
0,033295654	0,0
0,03295727	0,0
0,03313477	0,0
0,03548841	0,0
0,037629835	0,0
0,030282078	0,0
0,032777093	0,0
0,02985734	0,0
0,026167024	0,0
0,033801556	0,0
0,02986345	0,0
0,033067767	0,0
0,032996055	0,0
0,030952655	0,0
0,031818975	0,0
0,035890125	0,0
0,026707122	0,0
0,027236905	0,0
0,07480296	0,0
0,031137343	0,0
0,029611183	0,0
0,027575172	0,0
0,03371498	0,0
0,03464623	0,0
0,023844311	0,0
0,028573416	0,0
0,04063987	0,0
0,032219928	0,0
0,029378988	0,0
0,02471358	0,0
0,030314395	0,0
0,027185284	0,0
0,026832717	0,0
0,030475033	0,0
0,034152895	0,0
0,03534205	0,0
0,033729885	0,0
0,033372264	0,0
0,03314027	0,0
0,031449202	0,0
0,031968076	0,0
0,025471164	0,0
0,033255942	0,0
0,032377157	0,0
0,028756034	0,0
0,032612946	0,0
0,035225447	0,0
0,065016404	0,0
0,033640135	0,0
0,03328534	0,0
0,0324758	0,0
0,030140985	0,0
0,033994302	0,0
0,031022461	0,0
0,035407007	0,0
0,030079374	0,0
0,0351131	0,0
0,031166576	0,0
0,030080058	0,0
0,027264996	0,0
0,028207809	0,0
0,029904867	0,0
0,02919258	0,0
0,031147068	0,0
0,027968854	0,0
0,030355118	0,0
0,029526096	0,0
0,029030325	0,0
0,029220512	0,0
0,029776346	0,0
0,054669756	0,0
0,034606274	0,0
0,026736852	0,0
0,029620754	0,0
0,03329739	0,0
0,03325911	0,0
0,034409057	0,0
0,033295568	0,0
0,031966094	0,0
0,045327432	0,0
0,031451043	0,0
0,025988566	0,0
0,030945791	0,0
0,026214877	0,0
0,03168707	0,0
0,036262613	0,0
0,024739524	0,0
0,031555235	0,0
0,031769034	0,0
0,027020551	0,0
0,05922947	0,0
0,033263516	0,0
0,039182648	0,0
0,026877107	0,0
0,03676833	0,0
0,031139296	0,0
0,03169112	0,0
0,023478024	0,0
0,03527171	0,0
0,027774269	0,0
0,033286225	0,0
0,0301049	0,0
0,047758896	0,0
0,02410706	0,0
0,028168285	0,0
0,031832594	0,0
0,037512578	0,0
0,030121198	0,0
0,027575064	0,0
0,028342914	0,0
0,01905851	0,0
0,039045207	0,0
0,032502014	0,0
0,027035015	0,0
0,031825773	0,0
0,030388445	0,0
0,02800715	0,0
0,029836265	0,0
0,033169646	0,0
0,027295562	0,0
0,030198228	0,0
0,030001497	0,0
0,02784063	0,0
0,033364672	0,0
0,032880954	0,0
0,033863075	0,0
0,03266917	0,0
0,028533887	0,0
0,034334213	0,0
0,036302812	0,0
0,029057704	0,0
0,023282886	0,0
0,06782386	0,0
0,03603858	0,0
0,03351511	0,0
0,033459168	0,0
0,033222556	0,0
0,03327879	0,0
0,03342318	0,0
0,033666335	0,0
0,032666966	0,0
0,029758822	0,0
0,02967505	0,0
0,029143669	0,0
0,035220806	0,0
0,030382851	0,0
0,030843748	0,0
0,01827115	0,0
0,023881048	0,0
0,028654812	0,0
0,029066749	0,0
0,03129839	0,0
0,028148394	0,0
0,029203702	0,0
0,027127374	0,0
0,032174222	0,0
0,03463613	0,0
0,028599082	0,0
0,026691878	0,0
0,03249314	0,0
0,031531855	0,0
0,027886355	0,0
0,033223335	0,0
0,027994823	0,0
0,029242326	0,0
0,033285692	0,0
0,028489508	0,0
0,021933317	0,0
0,06558577	0,0
0,0317993	0,0
0,032034695	0,0
0,027912917	0,0
0,029799366	0,0
0,03369279	0,0
0,03256687	0,0
0,029676715	0,0
0,032304157	0,0
0,02985811	0,0
0,033276193	0,0
0,02896024	0,0
0,033543695	0,0
0,02847484	0,0
0,02485121	0,0
0,07556733	0,0
0,03499034	0,0
0,036144618	0,0
0,030551767	0,0
0,03280532	0,0
0,025744025	0,0
0,033236384	0,0
0,03983274	0,0
0,024331825	0,0
0,047599208	0,0
0,032891948	0,0
0,03372795	0,0
0,025700212	0,0
0,034935247	0,0
0,030591391	0,0
0,029147658	0,0
0,05606337	0,0
0,030021265	0,0
0,036832165	0,0
0,033390187	0,0
0,02579365	0,0
0,02743662	0,0
0,033092096	0,0
0,034578715	0,0
0,03117655	0,0
0,03311734	0,0
0,03347345	0,0
0,027666587	0,0
0,030380813	0,0
0,031856827	0,0
0,035730626	0,0
0,023927335	0,0
0,03029108	0,0
0,033203356	0,0
0,034264907	0,0
0,03177575	0,0
0,034885194	0,0
0,0307941	0,0
0,033155624	0,0
0,031761978	0,0
0,026558813	0,0
0,027642397	0,0
0,030718874	0,0
0,025535544	0,0
0,06835114	0,0
0,033061787	0,0
0,028341914	0,0
0,021872854	0,0
0,042007647	0,0
0,025751228	0,0
0,030206084	0,0
0,03084489	0,0
0,029148092	0,0
0,035114743	0,0
0,08197722	0,0
0,0351089	0,0
0,02510985	0,0
0,031923603	0,0
0,03385103	0,0
0,032086298	0,0
0,03580303	0,0
0,040292475	0,0
0,020859255	0,0
0,034308214	0,0
0,035913106	0,0
0,030543815	0,0
0,037896562	0,0
0,031778034	0,0
0,030793661	0,0
0,034237754	0,0
0,025973761	0,0
0,029084127	0,0
0,031764872	0,0
0,031762663	0,0
0,032423154	0,0
0,031226277	0,0
0,031089658	0,0
0,031735744	0,0
0,032907456	0,0
0,031184614	0,0
0,030331977	0,0
0,030528972	0,0
0,03468797	0,0
0,030070093	0,0
0,024183659	0,0
0,07009141	0,0
0,033467084	0,0
0,026323508	0,0
0,026697343	0,0
0,03572732	0,0
0,03276806	0,0
0,027571367	0,0
0,032061357	0,0
0,03359161	0,0
0,026591796	0,0
0,03156838	0,0
0,034100264	0,0
0,027412757	0,0
0,028203148	0,0
0,029857887	0,0
0,028956903	0,0
0,07175874	0,0
0,027073264	0,0
0,03278682	0,0
0,03316992	0,0
0,031893373	0,0
0,03545516	0,0
0,03157112	0,0
0,028166292	0,0
0,026268182	0,0
0,032453	0,0
0,032736782	0,0
0,022227498	0,0
0,035707634	0,0
0,027434463	0,0
0,07151278	0,0
0,029576005	0,0
0,03850471	0,0
0,030073542	0,0
0,029279472	0,0
0,029639505	0,0
0,03274861	0,0
0,033918913	0,0
0,03471084	0,0
0,032444436	0,0
0,03144643	0,0
0,03230269	0,0
0,03322823	0,0
0,029565705	0,0
0,032078013	0,0
0,028799746	0,0
0,031391975	0,0
0,031216962	0,0
0,030625554	0,0
0,039071612	0,0
0,032418974	0,0
0,03226061	0,0
0,02814147	0,0
0,0364643	0,0
0,028646842	0,0
0,027254509	0,0
0,07076362	0,0
0,021658633	0,0
0,049734328	0,0
0,038052168	0,0
0,036306787	0,0
0,031902753	0,0
0,038753074	0,0
0,04165912	0,0
0,03745836	0,0
0,035349164	0,0
0,033680853	0,0
0,032617275	0,0
0,036565725	0,0
0,032879643	0,0
0,031542074	0,0
0,023733959	0,0
0,026930787	0,0
0,034539513	0,0
0,027067237	0,0
0,0218793	0,0
0,025804903	0,0
0,027045587	0,0
0,02826788	0,0
0,030437222	0,0
0,03120514	0,0
0,029420938	0,0
0,03629007	0,0
0,030197399	0,0
0,046084657	0,0
0,031958416	0,0
0,029768933	0,0
0,023517702	0,0
0,034808204	0,0
0,03346387	0,0
0,029618368	0,0
0,056760374	0,0
0,035893857	0,0
0,030630482	0,0
0,02424555	0,0
0,030761043	0,0
0,025771065	0,0
0,031148495	0,0
0,035468757	0,0
0,0289038	0,0
0,03325602	0,0
0,029672654	0,0
0,03321374	0,0
0,031168634	0,0
0,03307181	0,0
0,03501067	0,0
0,025207054	0,0
0,024801256	0,0
0,028120235	0,0
0,030019572	0,0
0,032838408	0,0
0,029167706	0,0
0,022151873	0,0
0,02736503	0,0
0,029250683	0,0
0,025499385	0,0
0,029980142	0,0
0,033202596	0,0
0,027601793	0,0
0,023810292	0,0
0,03068002	0,0
0,031641588	0,0
0,031110767	0,0
0,024325196	0,0
0,031489242	0,0
0,023503654	0,0
0,029052908	0,0
0,026245514	0,0
