0,0498532	0,0
0,0377469	0,0
0,019800153	0,0
0,016891342	0,0
0,012541308	0,0
0,015102553	0,0
0,030073905	0,0
0,053366568	0,0
0,03263493	0,0
0,026987877	0,0
0,03603123	0,0
0,046667103	0,0
0,02683792	0,0
0,033006288	0,0
0,02917016	0,0
0,033174437	0,0
0,028954737	0,0
0,037551347	0,0
0,060087588	0,0
0,043623462	0,0
0,025196133	0,0
0,032166827	0,0
0,03284653	0,0
0,022112511	0,0
0,043982655	0,0
0,029111935	0,0
0,032977927	0,0
0,03266933	0,0
0,034030553	0,0
0,035091437	0,0
0,030551255	0,0
0,03809348	0,0
0,04091393	0,0
0,043705653	0,0
0,042781822	0,0
0,02807013	0,0
0,024452252	0,0
0,027463632	0,0
0,03519895	0,0
0,02956132	0,0
0,032521155	0,0
0,036047045	0,0
0,032691643	0,0
0,033041157	0,0
0,0290889	0,0
0,034685448	0,0
0,026972916	0,0
0,031577844	0,0
0,033011403	0,0
0,028489819	0,0
0,03781458	0,0
0,028298985	0,0
0,030671032	0,0
0,036107052	0,0
0,04530852	0,0
0,043602873	0,0
0,044172637	0,0
0,041800022	0,0
0,044613075	0,0
0,030428289	0,0
0,025690647	0,0
0,03405807	0,0
0,03308525	0,0
0,021888288	0,0
0,034490027	0,0
0,021834219	0,0
0,02952656	0,0
0,032598544	0,0
0,031090347	0,0
0,019988375	0,0
0,033237126	0,0
0,032209083	0,0
0,03309729	0,0
0,028977567	0,0
0,03748049	0,0
0,028973904	0,0
0,032993186	0,0
0,028983185	0,0
0,031754255	0,0
0,028505318	0,0
0,022619544	0,0
0,03303974	0,0
0,025254771	0,0
0,029094812	0,0
0,02777356	0,0
0,031344105	0,0
0,02841748	0,0
0,03311308	0,0
0,029547881	0,0
0,03487586	0,0
0,026169015	0,0
0,036194295	0,0
0,027728114	0,0
0,03218839	0,0
0,03722987	0,0
0,030656712	0,0
0,031253833	0,0
0,054710925	0,0
0,031174462	0,0
0,035780918	0,0
0,028739111	0,0
0,046606224	0,0
0,033075124	0,0
0,03323954	0,0
0,031984843	0,0
0,023015548	0,0
0,031751733	0,0
0,03335645	0,0
0,029999165	0,0
0,03171918	0,0
0,034459975	0,0
0,029229226	0,0
0,033171378	0,0
0,03313889	0,0
0,032579992	0,0
0,026643218	0,0
0,024446478	0,0
0,027622433	0,0
0,026518034	0,0
0,026933722	0,0
0,043420084	0,0
0,020786693	0,0
0,024462674	0,0
0,049511272	0,0
0,015699932	0,0
0,027969372	0,0
0,036584727	0,0
0,02400461	0,0
0,03006188	0,0
0,037006993	0,0
0,033230394	0,0
0,044304725	0,0
0,028463157	0,0
0,031375434	0,0
0,03307967	0,0
0,025053445	0,0
0,032835685	0,0
0,031271007	0,0
0,023928076	0,0
0,0216478	0,0
0,028814975	0,0
0,05698867	0,0
0,031057753	0,0
0,028838275	0,0
0,029445786	0,0
0,02979008	0,0
0,031431545	0,0
0,030782813	0,0
0,029500276	0,0
0,033044983	0,0
0,042849947	0,0
0,034831848	0,0
0,030556886	0,0
0,029678939	0,0
0,028460743	0,0
0,04370062	0,0
0,03525701	0,0
0,035481013	0,0
0,03598463	0,0
0,030614182	0,0
0,030669037	0,0
0,030988637	0,0
0,030565886	0,0
0,032333013	0,0
0,029099619	0,0
0,033908077	0,0
0,033293203	0,0
0,035065632	0,0
0,031281803	0,0
0,033102874	0,0
0,024547728	0,0
0,03279086	0,0
0,033853	0,0
0,03536355	0,0
0,032284725	0,0
0,03413929	0,0
0,033079315	0,0
0,03247386	0,0
0,03212309	0,0
0,033265285	0,0
0,031160444	0,0
0,047198687	0,0
0,03938955	0,0
0,025483202	0,0
0,033123244	0,0
0,032511175	0,0
0,030659614	0,0
0,04559512	0,0
0,02979484	0,0
0,026828907	0,0
0,029190289	0,0
0,029570557	0,0
0,032613248	0,0
0,0341299	0,0
0,028991535	0,0
0,033561323	0,0
0,03267616	0,0
0,029120577	0,0
0,035826672	0,0
0,029979052	0,0
0,029396174	0,0
0,03319034	0,0
0,028613096	0,0
0,031217812	0,0
0,026439486	0,0
0,023856746	0,0
0,023460984	0,0
0,026363319	0,0
0,07492227	0,0
0,033856623	0,0
0,027810393	0,0
0,029242951	0,0
0,028840845	0,0
0,030174395	0,0
0,026222678	0,0
0,030661376	0,0
0,031823505	0,0
0,027582146	0,0
0,029373894	0,0
0,034045868	0,0
0,034145217	0,0
0,03181657	0,0
0,025266416	0,0
0,032478847	0,0
0,028419001	0,0
0,027176054	0,0
0,028130941	0,0
0,028303677	0,0
0,058447033	0,0
0,033826508	0,0
0,02638252	0,0
0,030591963	0,0
0,030587193	0,0
0,028715756	0,0
0,019780451	0,0
0,033809446	0,0
0,03009515	0,0
0,03122119	0,0
0,032927807	0,0
0,033979077	0,0
0,03032454	0,0
0,038596295	0,0
0,024978686	0,0
0,032510933	0,0
0,032556713	0,0
0,029806295	0,0
0,02862162	0,0
0,029862931	0,0
0,035973635	0,0
0,028243965	0,0
0,031000355	0,0
0,035908986	0,0
0,030397411	0,0
0,032198463	0,0
0,02732832	0,0
0,04877959	0,0
0,0336188	0,0
0,035042915	0,0
0,030901246	0,0
0,03305024	0,0
0,032603156	0,0
0,029494017	0,0
0,034268074	0,0
0,033495985	0,0
0,031138754	0,0
0,034561303	0,0
0,03566701	0,0
0,0293693	0,0
0,029139973	0,0
0,03148836	0,0
0,036117423	0,0
0,031387534	0,0
0,026094122	0,0
0,027161136	0,0
0,04459726	0,0
0,02450078	0,0
0,031463813	0,0
0,035103202	0,0
0,028749557	0,0
0,024375172	0,0
0,032595444	0,0
0,030341985	0,0
0,031693485	0,0
0,03211875	0,0
0,03172495	0,0
0,03440278	0,0
0,027390238	0,0
0,025987875	0,0
0,031171517	0,0
0,030890549	0,0
0,032945167	0,0
0,03427818	0,0
0,03355026	0,0
0,032363754	0,0
0,032392047	0,0
0,03114165	0,0
0,03221452	0,0
0,033026364	0,0
0,027370866	0,0
0,033168584	0,0
0,03421407	0,0
0,033854604	0,0
0,024689723	0,0
0,030486992	0,0
0,030000383	0,0
0,032416217	0,0
0,027007274	0,0
0,028846677	0,0
0,027268156	0,0
0,07067299	0,0
0,03224507	0,0
0,029133527	0,0
0,04561357	0,0
0,03343737	0,0
0,034625866	0,0
0,03297317	0,0
0,032689393	0,0
0,032164164	0,0
0,03680679	0,0
0,023544317	0,0
0,033949118	0,0
0,029250862	0,0
0,031300917	0,0
0,031367827	0,0
0,033733383	0,0
0,030623775	0,0
0,032824613	0,0
0,02855898	0,0
0,022321505	0,0
0,051698506	0,0
0,034205645	0,0
0,033858124	0,0
0,025516354	0,0
0,031235984	0,0
0,035406884	0,0
0,031293925	0,0
0,030173492	0,0
0,030756084	0,0
0,028780643	0,0
0,028482972	0,0
0,033105098	0,0
0,030019939	0,0
0,046860043	0,0
0,03482916	0,0
0,028843066	0,0
0,032058917	0,0
0,026768964	0,0
0,043130033	0,0
0,023956655	0,0
0,03889391	0,0
0,025535421	0,0
0,029187001	0,0
0,03118573	0,0
0,03252405	0,0
0,032165207	0,0
0,03106374	0,0
0,029996337	0,0
0,03234955	0,0
0,03440584	0,0
0,027890887	0,0
0,036633983	0,0
0,02988603	0,0
0,02524211	0,0
0,032568213	0,0
0,023722066	0,0
0,030275524	0,0
0,024091272	0,0
0,03450046	0,0
0,029219797	0,0
0,02942279	0,0
0,02234903	0,0
0,029629258	0,0
0,0279952	0,0
0,033648413	0,0
0,035549387	0,0
0,029623326	0,0
0,033629745	0,0
0,029738763	0,0
0,035991922	0,0
0,027866205	0,0
0,05994059	0,0
0,03718961	0,0
0,028296197	0,0
0,032819726	0,0
0,033910654	0,0
0,028466914	0,0
0,027743364	0,0
0,03228961	0,0
0,029169993	0,0
0,03015661	0,0
0,040139563	0,0
0,029622272	0,0
0,034848325	0,0
0,033760305	0,0
0,033639397	0,0
0,033293758	0,0
0,0330297	0,0
0,03291083	0,0
0,033027936	0,0
0,034864783	0,0
0,03337887	0,0
0,036126833	0,0
0,03025671	0,0
0,032874327	0,0
0,034949277	0,0
0,031237325	0,0
0,028948402	0,0
0,032638952	0,0
0,033313435	0,0
0,034597173	0,0
0,030744592	0,0
0,03212262	0,0
0,03807965	0,0
0,026716	0,0
0,028314406	0,0
0,028096203	0,0
0,03324141	0,0
0,033865556	0,0
0,033364706	0,0
0,032376405	0,0
0,034304652	0,0
0,030905044	0,0
0,033245582	0,0
0,02822829	0,0
0,0294535	0,0
0,029434854	0,0
0,029539643	0,0
0,045615997	0,0
0,017424602	0,0
0,033791047	0,0
0,034517318	0,0
0,026149495	0,0
0,027488535	0,0
0,02852387	0,0
0,047481727	0,0
0,02397692	0,0
0,02954271	0,0
0,03211105	0,0
0,03569327	0,0
0,030363653	0,0
0,02435852	0,0
0,029670488	0,0
0,021010019	0,0
0,027694393	0,0
0,028789094	0,0
0,030692164	0,0
0,029255208	0,0
0,028721618	0,0
0,02957758	0,0
0,03259363	0,0
0,032767892	0,0
0,03255003	0,0
0,028910302	0,0
0,025638811	0,0
0,030051881	0,0
0,036698792	0,0
0,033368513	0,0
0,03036515	0,0
0,029384827	0,0
0,025163742	0,0
0,053612992	0,0
0,0315823	0,0
0,028809356	0,0
0,026443282	0,0
0,029315831	0,0
0,02889568	0,0
0,028820613	0,0
0,029344274	0,0
0,031685375	0,0
0,028291183	0,0
0,032022625	0,0
0,029209131	0,0
0,029762225	0,0
0,029713288	0,0
0,026434088	0,0
0,027136652	0,0
0,059414443	0,0
0,027754003	0,0
0,03751053	0,0
0,033432264	0,0
0,023008963	0,0
0,025772192	0,0
0,03246133	0,0
0,033344254	0,0
0,024996825	0,0
0,030032795	0,0
0,02869126	0,0
0,027505126	0,0
0,03362001	0,0
0,031007256	0,0
0,03538551	0,0
0,0319852	0,0
0,033158146	0,0
0,026072243	0,0
0,02984475	0,0
0,021383964	0,0
0,030562116	0,0
0,030546168	0,0
0,029190922	0,0
0,025379717	0,0
0,03248353	0,0
0,028638778	0,0
0,03455235	0,0
0,0323243	0,0
0,031559054	0,0
0,035019588	0,0
0,03206695	0,0
0,029467655	0,0
0,034361616	0,0
0,035256848	0,0
0,046148453	0,0
0,027412575	0,0
0,033872414	0,0
0,033011068	0,0
0,02632223	0,0
0,032422155	0,0
0,025990322	0,0
0,03262052	0,0
0,03537258	0,0
0,03731814	0,0
0,026681708	0,0
0,032509603	0,0
0,03251141	0,0
0,0336437	0,0
0,03102235	0,0
0,02085287	0,0
0,031533577	0,0
0,03183187	0,0
0,031093301	0,0
0,032510642	0,0
0,048898287	0,0
0,030174917	0,0
0,033092935	0,0
0,030445151	0,0
0,03280242	0,0
0,032468766	0,0
0,02856389	0,0
0,03860782	0,0
0,026744017	0,0
0,027957814	0,0
0,03145088	0,0
0,024391014	0,0
0,028759865	0,0
0,0551422	0,0
0,03836008	0,0
0,023499524	0,0
0,030814964	0,0
0,03613918	0,0
0,027651437	0,0
0,028677238	0,0
0,03151128	0,0
0,034068987	0,0
0,032295424	0,0
0,03646795	0,0
0,0339487	0,0
0,028789151	0,0
0,029143319	0,0
0,031115584	0,0
0,029821595	0,0
0,034701314	0,0
0,025192464	0,0
0,031034628	0,0
0,025810318	0,0
0,025414402	0,0
0,02688532	0,0
0,030076487	0,0
0,026824472	0,0
0,03020655	0,0
0,02948367	0,0
0,029255496	0,0
0,031105045	0,0
0,032832067	0,0
0,035356883	0,0
0,03023498	0,0
0,02821517	0,0
0,029563587	0,0
0,029283972	0,0
0,03931784	0,0
0,037655443	0,0
0,029064693	0,0
0,03485966	0,0
0,030446595	0,0
0,034729928	0,0
0,031246124	0,0
0,034450006	0,0
0,027976234	0,0
0,032992013	0,0
0,028576052	0,0
0,038048934	0,0
0,028924368	0,0
0,030493217	0,0
0,021379374	0,0
0,02583047	0,0
0,05470624	0,0
0,033776484	0,0
0,03304148	0,0
0,030755553	0,0
0,035247877	0,0
0,023778385	0,0
0,03218671	0,0
0,031397257	0,0
0,03239478	0,0
0,032576565	0,0
0,031230675	0,0
0,02867848	0,0
0,028463736	0,0
0,03279999	0,0
0,03765747	0,0
0,024458606	0,0
0,029132217	0,0
0,032000892	0,0
0,03573411	0,0
0,032058343	0,0
0,025826663	0,0
0,037363537	0,0
0,030299867	0,0
0,036084134	0,0
0,03272087	0,0
0,028609352	0,0
0,026549296	0,0
0,03416272	0,0
0,03127992	0,0
0,02928258	0,0
0,03694756	0,0
0,018912204	0,0
0,03145521	0,0
0,033215843	0,0
0,021276724	0,0
0,03377354	0,0
0,024304744	0,0
0,024310522	0,0
0,031638484	0,0
0,033051956	0,0
0,03330148	0,0
0,030049343	0,0
0,03327432	0,0
0,036428805	0,0
0,03015167	0,0
0,032746684	0,0
0,022919716	0,0
0,032257073	0,0
0,03663127	0,0
0,03234639	0,0
0,030110216	0,0
0,03134242	0,0
0,0327752	0,0
0,029221568	0,0
0,029251691	0,0
0,033151116	0,0
0,032669634	0,0
0,033439994	0,0
0,033219725	0,0
0,032754872	0,0
0,033827417	0,0
0,033062354	0,0
0,030837094	0,0
0,032008402	0,0
0,020777347	0,0
0,028181095	0,0
0,032930832	0,0
0,030153342	0,0
0,024522116	0,0
0,07686002	0,0
0,031787824	0,0
0,034151983	0,0
0,03018671	0,0
0,026249727	0,0
0,028409256	0,0
0,04317641	0,0
0,02905146	0,0
0,034460872	0,0
0,03328338	0,0
0,03341199	0,0
0,033246838	0,0
0,03098642	0,0
0,032592043	0,0
0,03348791	0,0
0,036527418	0,0
0,029185941	0,0
0,02756709	0,0
0,030283997	0,0
0,028498525	0,0
0,06609389	0,0
0,027462393	0,0
0,03395561	0,0
0,03012518	0,0
0,027593827	0,0
0,028809862	0,0
0,047802366	0,0
0,03060989	0,0
0,031419605	0,0
0,027238479	0,0
0,03241388	0,0
0,035686586	0,0
0,031582862	0,0
0,02484176	0,0
0,033185568	0,0
0,031475753	0,0
0,044029377	0,0
0,030996388	0,0
0,030924702	0,0
0,032931864	0,0
0,033103205	0,0
0,02967825	0,0
0,031557616	0,0
0,03438377	0,0
0,03071106	0,0
0,05682167	0,0
0,03154893	0,0
0,02499184	0,0
0,027524708	0,0
0,027500957	0,0
0,03320644	0,0
0,020519748	0,0
0,02768551	0,0
0,03277341	0,0
0,02930693	0,0
0,03081361	0,0
0,029383976	0,0
0,03222358	0,0
0,038740885	0,0
0,03205206	0,0
0,030823557	0,0
0,031390447	0,0
0,0346503	0,0
0,029152026	0,0
0,044869136	0,0
0,037326097	0,0
0,030419718	0,0
0,032624595	0,0
0,03565369	0,0
0,029160995	0,0
0,025317509	0,0
0,032980707	0,0
0,025117766	0,0
0,028561546	0,0
0,028488807	0,0
0,03031892	0,0
0,023603007	0,0
0,024193056	0,0
0,062328544	0,0
0,045464057	0,0
0,045292083	0,0
0,037947893	0,0
0,032657392	0,0
0,033574503	0,0
0,034601893	0,0
0,04349305	0,0
0,036460854	0,0
0,038011506	0,0
0,042797457	0,0
0,03579908	0,0
0,032081954	0,0
0,03370011	0,0
0,029607125	0,0
0,030504571	0,0
0,028630074	0,0
0,024935974	0,0
0,034149162	0,0
0,028747058	0,0
0,046943016	0,0
0,031092128	0,0
0,033027522	0,0
0,027475473	0,0
0,03273317	0,0
0,032007758	0,0
0,03497891	0,0
0,03619299	0,0
0,030844208	0,0
0,029945528	0,0
0,02557919	0,0
0,03311864	0,0
0,033423193	0,0
0,0326846	0,0
0,026777962	0,0
0,032820284	0,0
0,035634752	0,0
0,032040004	0,0
0,026763085	0,0
0,021826427	0,0
0,030168261	0,0
0,03435501	0,0
0,033036314	0,0
0,02691942	0,0
0,0652057	0,0
0,04372056	0,0
0,0411927	0,0
0,030464314	0,0
0,032800358	0,0
0,030736662	0,0
0,030976761	0,0
0,03502581	0,0
0,032604907	0,0
0,035631165	0,0
0,022414846	0,0
0,030550482	0,0
0,030361718	0,0
0,029258428	0,0
0,032952618	0,0
0,02532236	0,0
0,028994296	0,0
0,035479635	0,0
0,030963764	0,0
0,030687649	0,0
0,02977902	0,0
0,03093959	0,0
0,03602741	0,0
0,032534044	0,0
0,028363895	0,0
0,033466212	0,0
0,028772516	0,0
0,032382637	0,0
0,033791255	0,0
0,033191923	0,0
0,033356693	0,0
0,030620057	0,0
0,035110693	0,0
0,022382392	0,0
0,030488687	0,0
0,026280126	0,0
0,02923745	0,0
0,029042883	0,0
0,029107165	0,0
0,029311428	0,0
0,027710695	0,0
0,05215091	0,0
0,030384632	0,0
0,030436728	0,0
0,034776285	0,0
0,03237995	0,0
0,031081326	0,0
0,031370196	0,0
0,032140613	0,0
0,032507747	0,0
0,026989412	0,0
0,029488323	0,0
0,030138532	0,0
0,029138623	0,0
0,03219516	0,0
0,030134495	0,0
0,035799123	0,0
0,029130392	0,0
0,05502737	0,0
0,035491023	0,0
0,032777894	0,0
0,035723794	0,0
0,028054258	0,0
0,033786945	0,0
0,02906319	0,0
0,028755004	0,0
0,023598207	0,0
0,026971148	0,0
0,030844491	0,0
0,025341311	0,0
0,034939453	0,0
0,027419522	0,0
0,06653867	0,0
0,03468737	0,0
0,029063812	0,0
0,029171435	0,0
0,03103428	0,0
0,034950115	0,0
0,03378532	0,0
0,029877184	0,0
0,038535543	0,0
0,029766448	0,0
0,033000566	0,0
0,030709403	0,0
0,033355173	0,0
0,0336151	0,0
0,03295971	0,0
0,032476913	0,0
0,03155198	0,0
0,03252458	0,0
0,030442607	0,0
0,028398005	0,0
0,028800497	0,0
0,060708325	0,0
0,027845327	0,0
0,025982061	0,0
0,035189934	0,0
0,029184911	0,0
0,02690981	0,0
0,03314934	0,0
0,028904703	0,0
0,03020364	0,0
0,03412988	0,0
0,032602876	0,0
0,017628893	0,0
0,029496795	0,0
0,030769525	0,0
0,031450912	0,0
0,030751249	0,0
0,029604878	0,0
0,028969537	0,0
0,025676452	0,0
0,027494114	0,0
0,05090403	0,0
0,03313901	0,0
0,021215191	0,0
0,033744365	0,0
0,046870183	0,0
0,024223335	0,0
0,02860844	0,0
0,03093226	0,0
0,036290344	0,0
0,032492165	0,0
0,03089258	0,0
0,03520383	0,0
0,030748466	0,0
0,032718368	0,0
0,0320741	0,0
0,030586451	0,0
0,035077397	0,0
0,033420473	0,0
0,025876172	0,0
0,033311766	0,0
0,030110499	0,0
0,029014738	0,0
0,03290732	0,0
0,031469762	0,0
0,02872722	0,0
0,048188068	0,0
0,028456002	0,0
0,03397556	0,0
0,03268703	0,0
0,034044635	0,0
0,029614575	0,0
0,08612074	0,0
0,030506253	0,0
0,02954669	0,0
0,030620148	0,0
0,027277354	0,0
0,028382042	0,0
0,032852083	0,0
0,032150906	0,0
0,027681125	0,0
0,025900397	0,0
0,03339279	0,0
0,034229316	0,0
0,0347731	0,0
0,030378882	0,0
0,032763574	0,0
0,039083827	0,0
0,036650967	0,0
0,029895559	0,0
0,030148724	0,0
0,02469755	0,0
0,030871525	0,0
0,032775927	0,0
0,029167868	0,0
0,03647628	0,0
0,031300552	0,0
0,032185785	0,0
0,03334556	0,0
0,029493904	0,0
0,02374588	0,0
0,03077458	0,0
0,030504633	0,0
0,03605333	0,0
0,028737202	0,0
0,030628925	0,0
0,03320555	0,0
0,03067506	0,0
0,036285695	0,0
0,028579041	0,0
0,06699737	0,0
0,025814015	0,0
0,04616172	0,0
0,026527425	0,0
0,035808187	0,0
0,030275062	0,0
0,03195322	0,0
0,029127622	0,0
0,063432686	0,0
0,041475568	0,0
0,045383528	0,0
0,036449216	0,0
0,031007675	0,0
0,029120594	0,0
0,03315717	0,0
0,035643052	0,0
0,04063319	0,0
0,031578235	0,0
0,033623908	0,0
0,031163823	0,0
0,02798744	0,0
0,03404927	0,0
0,03657308	0,0
0,030719366	0,0
0,030881561	0,0
0,03556029	0,0
0,031570945	0,0
0,034189455	0,0
0,026987651	0,0
0,03434515	0,0
0,023003822	0,0
0,030987289	0,0
0,027097926	0,0
0,02960173	0,0
0,029663024	0,0
0,035807952	0,0
0,026568383	0,0
0,034289934	0,0
0,021420898	0,0
0,06662834	0,0
0,025932495	0,0
0,030865619	0,0
0,033004206	0,0
0,030054837	0,0
0,03515712	0,0
0,03311874	0,0
0,033370435	0,0
0,030998364	0,0
0,023605539	0,0
0,030502532	0,0
0,03382622	0,0
0,033906873	0,0
0,031979285	0,0
0,031956088	0,0
0,035037275	0,0
0,03040999	0,0
0,027609231	0,0
0,026906965	0,0
0,028022924	0,0
0,029869556	0,0
0,023593543	0,0
0,02680127	0,0
0,05940223	0,0
0,031017998	0,0
0,031562943	0,0
0,029308407	0,0
0,032009553	0,0
0,026406858	0,0
0,029604053	0,0
0,038532734	0,0
0,02786228	0,0
0,03257779	0,0
0,04767889	0,0
0,032719895	0,0
0,029690223	0,0
0,03256696	0,0
0,032242514	0,0
0,031622496	0,0
0,023661772	0,0
0,042322747	0,0
0,02256899	0,0
0,031016096	0,0
0,027929572	0,0
0,02862858	0,0
0,033459228	0,0
0,03467484	0,0
0,027169146	0,0
0,033517774	0,0
0,03331119	0,0
0,032991745	0,0
0,03330482	0,0
0,036462624	0,0
0,026237112	0,0
0,028486744	0,0
0,03578185	0,0
0,030865742	0,0
0,03080426	0,0
0,059275467	0,0
0,03235692	0,0
0,029862793	0,0
0,024844788	0,0
0,029175144	0,0
0,026364656	0,0
0,024190037	0,0
0,03398706	0,0
0,031595264	0,0
0,025936306	0,0
0,050212927	0,0
0,030927043	0,0
0,035291176	0,0
0,028874846	0,0
0,030802334	0,0
0,031106995	0,0
0,02925389	0,0
0,030313669	0,0
0,036589798	0,0
0,031891316	0,0
0,029725172	0,0
0,030146172	0,0
0,033103902	0,0
0,0373493	0,0
0,02987599	0,0
0,03684039	0,0
0,024655309	0,0
0,058576986	0,0
0,056426115	0,0
0,04381257	0,0
0,032530863	0,0
0,028472653	0,0
0,028199878	0,0
0,0289005	0,0
0,03269326	0,0
0,032975744	0,0
0,03248557	0,0
0,03690974	0,0
0,03194785	0,0
0,032949783	0,0
0,03372014	0,0
0,030070323	0,0
0,035894487	0,0
0,032439332	0,0
0,025445264	0,0
0,06119174	0,0
0,018600432	0,0
0,03287268	0,0
0,031829312	0,0
0,03563	0,0
0,03243305	0,0
0,034858458	0,0
0,031901196	0,0
0,03522935	0,0
0,032452	0,0
0,033984646	0,0
0,03161126	0,0
0,022959592	0,0
0,02890796	0,0
0,030586757	0,0
0,030017495	0,0
0,026086206	0,0
0,02998764	0,0
0,028178217	0,0
0,055731926	0,0
0,031065185	0,0
0,025219465	0,0
0,033427432	0,0
0,036057506	0,0
0,029436862	0,0
0,03278499	0,0
0,02816011	0,0
0,035656724	0,0
0,02570964	0,0
0,032473613	0,0
0,03528914	0,0
0,033190247	0,0
0,03289143	0,0
0,035074975	0,0
0,028927876	0,0
0,034032732	0,0
0,029721241	0,0
0,028354466	0,0
0,025734698	0,0
0,030851854	0,0
0,03142549	0,0
0,027199717	0,0
0,03276243	0,0
0,030838924	0,0
0,07604371	0,0
0,031232111	0,0
0,03133417	0,0
0,028632363	0,0
0,026790798	0,0
0,029456904	0,0
0,028470783	0,0
0,03009198	0,0
0,02856617	0,0
0,035233486	0,0
0,033737943	0,0
0,033771813	0,0
0,033033267	0,0
0,03237386	0,0
0,026972124	0,0
0,032937936	0,0
0,028255431	0,0
0,030163424	0,0
0,024074132	0,0
0,030240081	0,0
0,047727037	0,0
0,028369715	0,0
0,019531744	0,0
0,03212947	0,0
0,04319292	0,0
0,029525207	0,0
0,03199576	0,0
0,03324409	0,0
0,03158753	0,0
0,061427746	0,0
0,04464757	0,0
0,04158878	0,0
0,03331615	0,0
0,036883272	0,0
0,028133715	0,0
0,035159223	0,0
0,030558899	0,0
0,030952666	0,0
0,09753712	0,0
0,04736839	0,0
0,0332032	0,0
0,03334345	0,0
0,03577596	0,0
0,03152822	0,0
0,032409046	0,0
0,03558019	0,0
0,03475888	0,0
0,03425771	0,0
0,024796076	0,0
0,037034173	0,0
0,03526781	0,0
0,029545354	0,0
0,031847265	0,0
0,030365944	0,0
0,028129276	0,0
0,033906884	0,0
0,030439273	0,0
0,03369817	0,0
0,024420973	0,0
0,02574656	0,0
0,028158184	0,0
0,034137182	0,0
0,029738562	0,0
0,029422238	0,0
0,053790998	0,0
0,02566786	0,0
0,0302629	0,0
0,02991919	0,0
0,033003658	0,0
0,032947935	0,0
0,031810068	0,0
0,05077548	0,0
0,033386845	0,0
0,03308741	0,0
0,033477016	0,0
0,03501167	0,0
0,024115358	0,0
0,03472009	0,0
0,030453825	0,0
0,030750113	0,0
0,02950496	0,0
0,02719895	0,0
0,0340377	0,0
0,0316326	0,0
0,030521197	0,0
0,045677755	0,0
0,030408118	0,0
0,031757765	0,0
0,033606604	0,0
0,031733397	0,0
0,024359753	0,0
0,040337346	0,0
0,036143385	0,0
0,04851733	0,0
0,028784195	0,0
0,03186618	0,0
0,036314666	0,0
0,025946734	0,0
0,028430179	0,0
0,033106342	0,0
0,028261758	0,0
0,02734947	0,0
0,04519204	0,0
0,03028259	0,0
0,027144706	0,0
0,024392106	0,0
0,035802793	0,0
0,03176102	0,0
0,034264028	0,0
0,03711177	0,0
0,03339214	0,0
0,032379884	0,0
0,026566086	0,0
0,03551006	0,0
0,027631447	0,0
0,028318891	0,0
0,032063525	0,0
0,02787312	0,0
0,054530103	0,0
0,028886855	0,0
0,030788485	0,0
0,02056303	0,0
0,048299722	0,0
0,046364795	0,0
0,028138166	0,0
0,034074742	0,0
0,031324867	0,0
0,03607393	0,0
0,02797124	0,0
0,033761404	0,0
0,031121455	0,0
0,032057792	0,0
0,026669072	0,0
0,028966261	0,0
0,029082239	0,0
0,029183201	0,0
0,029258665	0,0
0,032995034	0,0
0,028897366	0,0
0,022772819	0,0
0,031330977	0,0
0,05900976	0,0
0,03703871	0,0
0,031737182	0,0
0,03271238	0,0
0,033561245	0,0
0,029488215	0,0
0,028621217	0,0
0,03319899	0,0
0,035969492	0,0
0,033172157	0,0
0,030513333	0,0
0,044212773	0,0
0,033137307	0,0
0,030635128	0,0
0,034558233	0,0
0,03923817	0,0
0,03207772	0,0
0,024749205	0,0
0,028942542	0,0
0,06376802	0,0
0,033805344	0,0
0,03166925	0,0
0,038707413	0,0
0,036078937	0,0
0,029295156	0,0
0,03983699	0,0
0,034766823	0,0
0,030763367	0,0
0,030782104	0,0
0,026359096	0,0
0,030946586	0,0
0,030081311	0,0
0,0349197	0,0
0,033062525	0,0
0,027656361	0,0
0,026294462	0,0
0,031306855	0,0
0,03645744	0,0
0,029428001	0,0
0,032997686	0,0
0,034243118	0,0
0,07668731	0,0
0,020320607	0,0
0,032185625	0,0
0,024021463	0,0
0,029014396	0,0
0,03381603	0,0
0,031809304	0,0
0,03113355	0,0
0,048653428	0,0
0,034028172	0,0
0,025801126	0,0
0,032617427	0,0
0,030790843	0,0
0,032408733	0,0
0,03676522	0,0
0,029253071	0,0
0,028407658	0,0
0,034427848	0,0
0,03361746	0,0
0,03166849	0,0
0,026515862	0,0
0,028436016	0,0
0,032657553	0,0
0,032075778	0,0
0,03668428	0,0
0,030123316	0,0
0,033036992	0,0
0,034100156	0,0
0,03250738	0,0
0,032665987	0,0
0,03364126	0,0
0,03321295	0,0
0,031978555	0,0
0,05491715	0,0
0,042697325	0,0
0,035896633	0,0
0,03705366	0,0
0,03673385	0,0
0,026562572	0,0
0,025130916	0,0
0,029567972	0,0
0,026516687	0,0
0,02987316	0,0
0,032906022	0,0
0,02966366	0,0
0,032460477	0,0
0,031056099	0,0
0,033711165	0,0
0,02289995	0,0
0,028063597	0,0
0,049790755	0,0
0,034331106	0,0
0,029493745	0,0
0,030309193	0,0
0,025459945	0,0
0,03331293	0,0
0,03337321	0,0
0,031613987	0,0
0,03231374	0,0
0,030787705	0,0
0,0322734	0,0
0,029392816	0,0
0,03435406	0,0
0,02650272	0,0
0,031928305	0,0
0,032004464	0,0
0,029529555	0,0
0,03228997	0,0
0,07327205	0,0
0,029566849	0,0
0,030112823	0,0
0,03285645	0,0
0,035656974	0,0
0,032549646	0,0
0,029975902	0,0
0,029507196	0,0
0,03324062	0,0
0,035269555	0,0
0,027168967	0,0
0,03304335	0,0
0,028361244	0,0
0,03230381	0,0
0,026778486	0,0
0,07632101	0,0
0,026544414	0,0
0,037012503	0,0
0,024541596	0,0
0,03631065	0,0
0,03039162	0,0
0,03314152	0,0
0,02949243	0,0
0,029724143	0,0
0,032529745	0,0
0,03446118	0,0
0,0334772	0,0
0,02913997	0,0
0,03504507	0,0
0,027425863	0,0
0,03086922	0,0
0,027159916	0,0
0,035156403	0,0
0,02736054	0,0
0,03286935	0,0
0,033083137	0,0
0,029806292	0,0
0,03553613	0,0
0,03356088	0,0
0,03557177	0,0
0,024376597	0,0
0,06348642	0,0
0,025547069	0,0
0,033895046	0,0
0,02777829	0,0
0,031813156	0,0
0,03329421	0,0
0,03397151	0,0
0,030598722	0,0
0,035003737	0,0
0,030743258	0,0
0,03188414	0,0
0,03323683	0,0
0,0278257	0,0
0,02959343	0,0
0,028607095	0,0
0,03305226	0,0
0,028550979	0,0
0,025580466	0,0
0,069722064	0,0
0,037396297	0,0
0,031121608	0,0
0,03831823	0,0
0,025868358	0,0
0,029957592	0,0
0,03704141	0,0
0,032797605	0,0
0,032485373	0,0
0,029541828	0,0
0,022422507	0,0
0,03250318	0,0
0,025383504	0,0
0,034586005	0,0
0,02699024	0,0
0,030970776	0,0
0,031636585	0,0
0,031530935	0,0
0,03311707	0,0
0,032922287	0,0
0,028162116	0,0
0,033281926	0,0
0,03557963	0,0
0,0337581	0,0
0,031957343	0,0
0,030249529	0,0
0,03453214	0,0
0,030200966	0,0
0,031049337	0,0
0,030610684	0,0
0,028646586	0,0
0,062282804	0,0
0,032600008	0,0
0,031130778	0,0
0,030665187	0,0
0,028786914	0,0
0,026546776	0,0
0,044754963	0,0
0,036475014	0,0
0,0338037	0,0
0,024277251	0,0
0,030246463	0,0
0,032664616	0,0
0,02750739	0,0
0,032342132	0,0
0,028601592	0,0
0,024969447	0,0
0,030381175	0,0
0,03342294	0,0
0,032940876	0,0
0,04638916	0,0
0,031912442	0,0
0,031611186	0,0
0,025198625	0,0
0,03403186	0,0
0,046726234	0,0
0,04811994	0,0
0,032918245	0,0
0,031764325	0,0
0,028689362	0,0
0,027628804	0,0
0,03187626	0,0
0,029715842	0,0
0,033090897	0,0
0,02720265	0,0
0,03616144	0,0
0,03243844	0,0
0,030721262	0,0
0,03193647	0,0
0,029575722	0,0
0,0289358	0,0
0,029869322	0,0
0,048170485	0,0
0,036705405	0,0
0,03112307	0,0
0,03592843	0,0
0,027393293	0,0
0,035440534	0,0
0,028812664	0,0
0,036334295	0,0
0,034473445	0,0
0,032541264	0,0
0,029217074	0,0
0,029562498	0,0
0,028863147	0,0
0,030778553	0,0
0,03447191	0,0
0,024846107	0,0
0,047559265	0,0
0,055462588	0,0
0,04324139	0,0
0,030902522	0,0
0,024437444	0,0
0,029352237	0,0
0,026102882	0,0
0,035917215	0,0
0,033339407	0,0
0,033294555	0,0
0,033529967	0,0
0,030434508	0,0
0,03955797	0,0
0,026784094	0,0
0,027544033	0,0
0,03221302	0,0
0,02945584	0,0
0,02456832	0,0
0,023952235	0,0
0,034111302	0,0
0,030807573	0,0
0,032043546	0,0
0,031080985	0,0
0,029658046	0,0
0,034894098	0,0
0,03311467	0,0
0,03308608	0,0
0,028067064	0,0
0,028330216	0,0
0,023124563	0,0
0,031310417	0,0
0,034176663	0,0
0,03308343	0,0
0,03454891	0,0
0,027473453	0,0
0,03073046	0,0
0,05271454	0,0
0,04515544	0,0
0,04722702	0,0
0,029778164	0,0
0,02904458	0,0
0,02852235	0,0
0,029857729	0,0
0,031238714	0,0
0,035112247	0,0
0,03309232	0,0
0,033380322	0,0
0,029841412	0,0
0,028445292	0,0
0,032245845	0,0
0,03479252	0,0
