0,043191007
0,001580188
0,001016385
9,80574E-4
8,68889E-4
9,38101E-4
0,004146829
7,79727E-4
7,58243E-4
7,09767E-4
7,71653E-4
8,85715E-4
8,57379E-4
8,73823E-4
7,61245E-4
7,30546E-4
8,73756E-4
8,83574E-4
9,22888E-4
0,002178919
8,44494E-4
7,40893E-4
7,79818E-4
8,71499E-4
9,02077E-4
6,94711E-4
7,78898E-4
7,79095E-4
8,38629E-4
8,98088E-4
7,37121E-4
8,76939E-4
9,5513E-4
8,63665E-4
9,40679E-4
7,26338E-4
8,71812E-4
8,75708E-4
0,001011723
7,54271E-4
7,82235E-4
9,00589E-4
7,5583E-4
8,69678E-4
7,6996E-4
8,58426E-4
8,3331E-4
7,28615E-4
9,35957E-4
8,50136E-4
9,41237E-4
8,08601E-4
7,46541E-4
9,00056E-4
8,60304E-4
7,82956E-4
7,51552E-4
7,38928E-4
8,9769E-4
9,21485E-4
7,82405E-4
8,8775E-4
7,18943E-4
7,27341E-4
8,82917E-4
9,15715E-4
8,81664E-4
9,38866E-4
8,91575E-4
7,25406E-4
7,51862E-4
6,82535E-4
8,23799E-4
8,32382E-4
9,5954E-4
8,53219E-4
7,38766E-4
8,14397E-4
7,44863E-4
8,43245E-4
8,58472E-4
7,95358E-4
7,70983E-4
8,17921E-4
8,90775E-4
9,49778E-4
0,001986163
7,86831E-4
9,39349E-4
8,44696E-4
8,65355E-4
8,5495E-4
7,49919E-4
8,1417E-4
7,43469E-4
7,95106E-4
7,95583E-4
8,32754E-4
9,1424E-4
9,04746E-4
7,97318E-4
7,63185E-4
8,24704E-4
7,52652E-4
8,941E-4
7,39907E-4
8,86612E-4
9,48773E-4
8,91349E-4
8,08383E-4
7,52884E-4
8,48641E-4
8,73443E-4
8,58821E-4
7,5087E-4
7,41428E-4
8,50405E-4
8,64798E-4
9,22125E-4
8,55252E-4
7,82917E-4
8,08097E-4
0,001069468
0,001124878
0,001093279
8,75535E-4
8,33187E-4
9,48658E-4
7,9596E-4
7,96975E-4
7,85411E-4
8,8493E-4
8,91344E-4
7,71365E-4
7,69372E-4
7,2166E-4
8,42065E-4
9,31777E-4
8,10282E-4
7,6358E-4
7,6666E-4
7,29576E-4
8,63576E-4
8,25904E-4
0,001803548
8,19178E-4
8,86564E-4
7,9432E-4
7,51087E-4
8,12321E-4
9,07585E-4
9,02504E-4
7,24305E-4
7,36699E-4
8,08189E-4
7,92148E-4
9,23041E-4
8,72754E-4
9,1874E-4
7,92617E-4
7,55527E-4
7,55574E-4
7,93833E-4
7,6284E-4
9,13723E-4
9,41931E-4
9,09408E-4
9,65962E-4
8,82677E-4
7,6233E-4
7,59709E-4
8,48988E-4
8,97844E-4
8,64367E-4
7,71492E-4
7,37971E-4
8,15324E-4
7,67196E-4
7,70252E-4
9,24484E-4
8,87231E-4
7,4421E-4
7,52882E-4
7,76635E-4
8,79432E-4
9,07181E-4
8,50087E-4
8,42719E-4
9,1485E-4
8,62514E-4
8,01408E-4
8,45473E-4
7,96971E-4
7,3717E-4
7,78426E-4
7,45947E-4
8,37204E-4
8,11131E-4
8,27038E-4
7,72787E-4
8,72839E-4
9,00063E-4
7,57196E-4
8,17697E-4
0,001819042
7,5188E-4
7,60126E-4
8,90196E-4
8,68797E-4
7,7206E-4
8,09086E-4
7,63579E-4
7,92937E-4
8,14677E-4
8,67972E-4
9,0023E-4
8,58315E-4
0,001006937
7,63126E-4
7,58619E-4
7,82951E-4
7,49303E-4
7,75013E-4
8,6426E-4
8,99417E-4
8,57457E-4
7,9313E-4
7,47392E-4
9,00607E-4
9,04228E-4
8,59424E-4
7,42456E-4
8,91624E-4
8,92729E-4
9,10227E-4
8,70652E-4
8,22954E-4
8,74853E-4
8,59784E-4
8,71021E-4
7,80807E-4
7,03576E-4
7,94585E-4
8,32019E-4
9,02013E-4
8,84045E-4
8,98583E-4
8,99421E-4
8,12981E-4
8,40601E-4
7,87813E-4
7,95099E-4
9,26371E-4
8,45103E-4
9,24916E-4
9,38093E-4
8,81241E-4
9,08165E-4
9,19845E-4
8,66937E-4
9,2978E-4
8,61908E-4
8,75641E-4
8,7007E-4
8,02161E-4
7,65274E-4
7,47721E-4
8,99727E-4
8,58307E-4
8,83473E-4
0,001002515
7,58465E-4
8,68453E-4
7,71583E-4
7,91099E-4
9,07603E-4
9,03712E-4
7,91179E-4
7,72028E-4
8,27835E-4
8,52464E-4
8,72383E-4
8,67066E-4
8,85999E-4
9,16473E-4
8,48435E-4
9,06078E-4
7,67333E-4
7,65601E-4
7,71413E-4
7,54061E-4
7,87495E-4
7,49178E-4
7,55145E-4
7,5985E-4
7,65679E-4
7,53215E-4
8,17651E-4
7,37111E-4
7,27126E-4
7,46955E-4
7,38522E-4
8,57725E-4
8,57353E-4
8,92785E-4
8,70487E-4
8,5381E-4
9,04502E-4
8,8066E-4
8,72667E-4
8,21582E-4
7,87667E-4
7,9552E-4
9,15227E-4
8,79852E-4
7,41774E-4
8,45147E-4
9,07937E-4
8,31496E-4
8,67378E-4
8,6363E-4
8,29032E-4
8,42934E-4
8,59508E-4
8,39663E-4
9,08569E-4
7,27127E-4
9,6485E-4
8,6807E-4
8,10852E-4
7,13291E-4
8,49687E-4
7,98636E-4
8,81477E-4
8,00541E-4
7,62534E-4
7,4316E-4
7,1094E-4
7,66202E-4
9,20018E-4
7,05572E-4
7,31452E-4
7,49219E-4
8,06475E-4
8,3313E-4
8,94506E-4
7,91176E-4
7,42288E-4
7,58996E-4
7,11796E-4
8,52873E-4
8,91703E-4
7,45894E-4
7,10685E-4
9,14357E-4
9,20233E-4
6,92336E-4
8,3144E-4
8,55308E-4
9,6419E-4
8,5342E-4
7,47303E-4
8,71526E-4
9,22794E-4
7,57288E-4
7,55972E-4
8,71507E-4
7,49793E-4
7,39257E-4
8,40055E-4
7,76892E-4
8,17412E-4
8,95076E-4
7,44493E-4
7,88483E-4
7,48902E-4
7,32764E-4
7,49037E-4
8,57245E-4
8,88741E-4
8,12752E-4
7,83692E-4
7,81864E-4
8,51309E-4
7,68664E-4
8,64422E-4
8,43904E-4
8,68734E-4
7,47569E-4
9,0902E-4
8,56623E-4
7,00653E-4
7,38714E-4
8,42747E-4
8,59087E-4
8,62149E-4
7,35246E-4
7,73215E-4
8,11466E-4
7,70557E-4
8,30763E-4
9,05403E-4
8,46961E-4
8,35778E-4
7,69285E-4
7,25958E-4
7,12638E-4
8,71676E-4
0,001037885
8,48843E-4
8,12742E-4
8,09987E-4
8,03853E-4
7,29486E-4
7,58225E-4
8,65901E-4
9,01892E-4
8,20932E-4
7,25583E-4
7,621E-4
8,98958E-4
9,3273E-4
8,48545E-4
7,92309E-4
7,88784E-4
7,76279E-4
8,65684E-4
7,95033E-4
8,88754E-4
7,56496E-4
8,76636E-4
8,11881E-4
7,56849E-4
8,48889E-4
8,61472E-4
9,01149E-4
7,32624E-4
7,5523E-4
7,3377E-4
8,89628E-4
8,82643E-4
7,49558E-4
7,35264E-4
7,21159E-4
8,15464E-4
7,45977E-4
8,66109E-4
9,02753E-4
9,31367E-4
7,7056E-4
7,45436E-4
7,9888E-4
9,11025E-4
8,70437E-4
9,10823E-4
8,65723E-4
9,2938E-4
7,91483E-4
7,3561E-4
9,12421E-4
9,11783E-4
8,85646E-4
8,1042E-4
9,15534E-4
8,38929E-4
8,91183E-4
7,55648E-4
7,71954E-4
8,36365E-4
8,00792E-4
8,11951E-4
7,69764E-4
7,44942E-4
8,30811E-4
8,66178E-4
9,08185E-4
7,94893E-4
7,86114E-4
8,69997E-4
8,69737E-4
7,31904E-4
7,69837E-4
0,002022779
8,50446E-4
8,65363E-4
7,90014E-4
7,82148E-4
7,56914E-4
8,77348E-4
8,74786E-4
7,61584E-4
7,43663E-4
7,36787E-4
7,35695E-4
7,74353E-4
8,88844E-4
8,6482E-4
7,62224E-4
7,32996E-4
7,23716E-4
8,66003E-4
0,001965321
7,79458E-4
7,81031E-4
8,92543E-4
9,23478E-4
8,86648E-4
8,80089E-4
7,67444E-4
7,77692E-4
7,78636E-4
8,34432E-4
7,71012E-4
8,77687E-4
7,6357E-4
7,96897E-4
8,31436E-4
8,68305E-4
8,56685E-4
9,75051E-4
9,29322E-4
8,85249E-4
6,95758E-4
7,73208E-4
7,86728E-4
7,51012E-4
8,33533E-4
9,18939E-4
8,73386E-4
7,69526E-4
7,71735E-4
8,10774E-4
7,78539E-4
7,85542E-4
8,20645E-4
7,12531E-4
8,39986E-4
9,29261E-4
7,51472E-4
7,10637E-4
8,91247E-4
8,45755E-4
8,81995E-4
7,9999E-4
7,32369E-4
8,97873E-4
7,87827E-4
9,1891E-4
8,79595E-4
9,24528E-4
7,68111E-4
8,84903E-4
9,04292E-4
8,76124E-4
9,08716E-4
9,23085E-4
8,57169E-4
9,28923E-4
8,07136E-4
7,9935E-4
8,82668E-4
8,78257E-4
7,59409E-4
7,00235E-4
8,6147E-4
9,17438E-4
7,24044E-4
9,16671E-4
8,34578E-4
8,56947E-4
7,93586E-4
7,0457E-4
8,82224E-4
8,94374E-4
7,13082E-4
7,24007E-4
8,30684E-4
7,30995E-4
8,53864E-4
8,79126E-4
7,66894E-4
7,54105E-4
8,15395E-4
6,94186E-4
8,20238E-4
7,22987E-4
8,55632E-4
7,18492E-4
7,8171E-4
7,06033E-4
8,46861E-4
8,85958E-4
7,20009E-4
7,47558E-4
7,51891E-4
9,05634E-4
8,6842E-4
6,89902E-4
8,16939E-4
9,09741E-4
8,99727E-4
7,3541E-4
7,79582E-4
7,2782E-4
8,55049E-4
9,1367E-4
7,50383E-4
7,75603E-4
7,56719E-4
8,13308E-4
7,80929E-4
9,08789E-4
8,45744E-4
8,88131E-4
8,79657E-4
7,61408E-4
7,58246E-4
9,64993E-4
8,43195E-4
9,64153E-4
7,69528E-4
7,57618E-4
8,12507E-4
8,97762E-4
8,80807E-4
7,33507E-4
7,37377E-4
8,98864E-4
8,71422E-4
8,05746E-4
7,5091E-4
8,97959E-4
9,04083E-4
7,30295E-4
7,62664E-4
8,79161E-4
8,65487E-4
7,043E-4
8,42716E-4
7,76747E-4
7,18821E-4
9,10426E-4
8,96797E-4
7,51878E-4
7,65361E-4
8,79428E-4
0,001013718
8,02864E-4
7,37836E-4
8,54703E-4
8,49172E-4
8,71129E-4
7,83585E-4
8,43889E-4
8,14162E-4
8,81052E-4
8,60479E-4
8,09465E-4
8,46416E-4
7,8056E-4
7,3021E-4
9,41781E-4
0,00223083
8,87638E-4
7,66594E-4
8,51492E-4
9,01485E-4
8,5005E-4
7,37155E-4
8,66315E-4
9,23209E-4
9,01986E-4
8,36563E-4
6,88706E-4
9,04429E-4
8,39167E-4
9,04204E-4
7,39162E-4
9,06835E-4
8,30492E-4
8,51325E-4
7,09074E-4
8,85135E-4
8,44559E-4
9,23297E-4
7,56682E-4
8,76802E-4
8,80601E-4
8,77062E-4
7,58894E-4
7,92659E-4
7,85343E-4
8,74552E-4
8,50786E-4
7,87151E-4
7,21564E-4
7,66858E-4
8,59577E-4
8,56955E-4
7,80233E-4
7,01271E-4
8,7157E-4
8,60423E-4
9,32904E-4
7,68905E-4
7,47621E-4
7,50276E-4
8,01581E-4
7,39502E-4
8,70748E-4
7,438E-4
8,40672E-4
7,20077E-4
0,001918671
8,78651E-4
7,56438E-4
7,31324E-4
7,27648E-4
8,19844E-4
8,18444E-4
8,29606E-4
9,03431E-4
8,56482E-4
8,48438E-4
8,54878E-4
8,80796E-4
8,47167E-4
8,65371E-4
8,59413E-4
8,50341E-4
9,28132E-4
8,65774E-4
8,0494E-4
8,76889E-4
8,69587E-4
8,85752E-4
8,4058E-4
8,83778E-4
8,46982E-4
8,57465E-4
8,60297E-4
8,27736E-4
8,49661E-4
8,78523E-4
8,40762E-4
8,5732E-4
8,44422E-4
9,03495E-4
8,69624E-4
9,111E-4
9,304E-4
8,67566E-4
0,001135192
