0,0170585
0,016521861
0,047493684
0,00192459
0,00192806
0,002119258
0,002147443
0,002668309
0,00250756
0,003083825
0,002917242
0,002507898
0,002431572
0,002528324
0,002315719
0,00288994
0,002279825
0,002513932
0,003844358
0,002897857
0,002886585
0,006346919
0,002024662
0,00226085
0,00223809
0,002687727
0,002263872
0,002767669
0,002550227
0,00235553
0,002550102
0,003131866
0,005998318
0,002283516
0,002357017
0,002345185
0,002402912
0,00244236
0,00254605
0,002414033
0,002466903
0,002176942
0,002405544
0,002489917
0,0027604
0,00252655
0,002935205
0,00297921
0,00212213
0,00269537
0,002991648
0,004283748
0,00338219
0,002484199
0,002595416
0,002258712
0,004189739
0,002577022
0,002507986
0,002973793
0,002788495
0,002538667
0,002222275
0,002278374
0,002328584
0,002632551
0,002922482
0,0026356
0,002834475
0,003004597
0,002704204
0,00296307
0,005972129
0,00602003
0,001700519
0,002296624
0,002436036
0,002391295
0,002272255
0,002946039
0,002432988
0,003019277
0,002991241
0,002363994
0,002524055
0,002917806
0,002560505
0,002337444
0,002794625
0,002184587
0,002420088
0,002439635
0,002571036
0,004032055
0,002538167
0,002459052
0,002109157
0,002407864
0,002311311
0,004293952
0,004543181
0,002328807
0,002643749
0,003517241
0,002540432
0,002509053
0,00222805
0,002422838
0,003089392
0,003163057
0,003343617
0,003265787
0,001974101
0,002610502
0,002779492
0,002657275
0,002723448
0,002779842
0,003933154
0,004211537
0,006776976
0,002792826
0,002518493
0,002412579
0,002450593
0,003735315
0,002677842
0,002702677
0,002403186
0,003075233
0,002632931
0,002470171
0,002436308
0,002292194
0,002779764
0,00257127
0,00237212
0,002404872
0,002758356
0,002917957
0,002713855
0,002602375
0,002860955
0,002773758
0,002323326
0,002789334
0,002285635
0,002427079
0,002468803
0,002406119
0,002343023
0,002403864
0,002463691
0,002497328
0,002311338
0,002425012
0,002448634
0,002497383
0,00267151
0,002281965
0,003155668
0,003957074
0,003031656
0,002583837
0,002362182
0,002461031
0,002685562
0,002819235
0,003736877
0,002733453
0,002625298
0,002220958
0,002121147
0,002377639
0,002714347
0,002799437
0,00209651
0,002219439
0,002364952
0,002544205
0,0028103
0,0023839
0,002408142
0,002362472
0,002059469
0,002611261
0,002969952
0,002708394
0,002215403
0,002288127
0,002272405
0,002724404
0,003200264
0,002563755
0,003076223
0,002359478
0,002047487
0,003025507
0,002539794
0,002952504
0,002395013
0,002755234
0,003408135
0,002890564
0,003007508
0,002923069
0,002972282
0,00290771
0,004099512
0,00189343
0,003532725
0,003198525
0,003130768
0,00300931
0,002357099
0,00236323
0,002538749
0,002698678
0,002653375
0,002141475
0,002754743
0,002182957
0,002397652
0,002462034
0,00243777
0,002872532
0,002744879
0,002251444
0,002196194
0,00213791
0,002574811
0,003090983
0,002979216
0,002629441
0,002340307
0,002599338
0,002318331
0,002267235
0,002625765
0,002572597
0,002377922
0,002375628
0,002407051
0,002447823
0,002234154
0,003028537
0,003477391
0,003903092
0,003966118
0,002757286
0,002106854
0,002449183
0,002348096
0,002368778
0,004460381
0,002407289
0,004564868
0,003332494
0,002161081
0,002960021
0,002076361
0,002293214
0,002347637
0,002400874
0,002338037
0,004306593
0,006068325
0,004434464
0,001777044
0,002787225
0,002793266
0,002666669
0,002218583
0,002389221
0,002374491
0,002475685
0,002551893
0,002636253
0,002275611
0,002260869
0,002082154
0,002504233
0,002635699
0,002662578
0,003268349
0,004094934
0,004683604
0,004305359
0,001700614
0,003364164
0,002555511
0,002797126
0,002670199
0,002823482
0,003437004
0,00255924
0,003090609
0,003013791
0,004499166
0,002042025
0,002931815
0,00289847
0,002834591
0,00275627
0,002510391
0,002923363
0,002560282
0,002204838
0,002086756
0,002699928
0,002712564
0,002421208
0,002401701
0,002187416
0,002428411
0,003038662
0,002422685
0,00245096
0,002802024
0,003902793
0,00409598
0,00183343
0,002460365
0,002451189
0,002441712
0,00250697
0,002747839
0,002304409
0,002067017
0,002473397
0,002357029
0,002633522
0,002374212
0,002579627
0,002610876
0,002555836
0,002429591
0,002486213
0,002266523
0,002403723
0,002367509
0,002494246
0,002734186
0,002319973
0,002298002
0,003985649
0,005292746
0,005309705
0,004762734
0,00525062
0,004628725
0,005003747
0,004893154
0,004715381
0,002235896
0,002496243
0,002679773
0,003572015
0,003060004
0,002426631
0,002939191
0,003033697
0,002737478
0,00301977
0,002968927
0,00250714
0,002379126
0,002089229
0,002470653
0,002902134
0,002331828
0,002088684
0,002546031
0,002384609
0,002852758
0,002468366
0,002747259
0,002449949
0,004131234
0,002694091
0,002289691
0,002563191
0,003174874
0,00265043
0,002809736
0,003790626
0,002619191
0,001921571
0,002351628
0,002523299
0,004421147
0,004043733
0,00195641
0,002571158
0,002859089
0,002309127
0,002257251
0,002362407
0,002796172
0,002922113
0,002911497
0,002987564
0,002871862
0,004724131
0,00234159
0,002827783
0,002578028
0,002737646
0,004871214
0,00374533
0,002397079
0,00291694
0,003027577
0,002759495
0,002544082
0,0028413
0,002408425
0,002401031
0,002391761
0,002431455
0,002628338
0,00238756
0,002312871
0,002384611
0,002482944
0,002486374
0,002412043
0,002348388
0,002459723
0,002602238
0,0023485
0,002420455
0,002689032
0,002313138
0,002310408
0,002620767
0,002172112
0,002769542
0,002957279
0,003905431
0,002817404
0,001900752
0,003036136
0,002330451
0,002278608
0,002400358
0,00239072
0,00241295
0,002344037
0,002531566
0,002379542
0,002438239
0,002861394
0,003520252
0,008785784
0,002668629
0,002469947
0,00255727
0,002333702
0,002371807
0,002020894
0,002914791
0,002594555
0,002334491
0,002418149
0,002363826
0,0026665
0,002629272
0,002184217
0,003317136
0,003610846
0,002645988
0,002630237
0,002366489
0,003253699
0,004305428
0,002255835
0,002593699
0,002989953
0,002209667
0,002367563
0,00250656
0,002551918
0,002502236
0,002365929
0,002507368
0,002413878
0,002471919
0,002365967
0,002650725
0,002795151
0,003022343
0,002961442
0,002752188
0,002825852
0,002611775
0,002592197
0,002131513
0,002567405
0,003439169
0,004109461
0,004446155
0,003771424
0,002252612
0,003049392
0,002231088
0,002307255
0,002546464
0,002682973
0,002702963
0,002065914
0,00279893
0,002893001
0,002763232
0,003244328
0,002846105
0,002214225
0,002341535
0,00276174
0,002740067
0,003032911
0,002962341
0,002612289
0,002224388
0,002716753
0,002160422
0,00195417
0,00322304
0,002654011
0,003067811
0,002621255
0,002543706
0,002313449
0,003167394
0,001995699
0,002473689
0,002944093
0,002569604
0,002692611
0,00243074
0,002396774
0,002450941
0,002492375
0,002591191
0,002327265
0,00207836
0,002365807
0,002831618
0,00393917
0,002449096
0,002671175
0,002952578
0,003577418
0,006037955
0,00424698
0,002053036
0,002949693
0,002526047
0,002124477
0,00216095
0,00261976
0,002628228
0,002319318
0,003588027
0,002381252
0,002704364
0,002634322
0,003028974
0,002514358
0,002561719
0,002747789
0,002685842
0,003254054
0,003305618
0,002891818
0,002730036
0,002218659
0,002135413
0,002692321
0,002216646
0,002167592
0,003034216
0,003151866
0,001941823
0,002982863
0,002524326
0,002612486
0,0029311
0,002920296
0,002972195
0,004664064
0,00225712
0,003431705
0,003899392
0,001723711
0,002248849
0,002899845
0,002200411
0,002189793
0,003073927
0,002892415
0,002902807
0,002260673
0,002351018
0,002353042
0,002938056
0,002702093
0,00273574
0,002274622
0,002532485
0,002190467
0,002427049
0,002695107
0,002941348
0,003024897
0,002411551
0,002382526
0,002567973
0,002939225
0,003201656
0,002124975
0,002357947
0,002616305
0,002800996
0,002394059
0,002256128
0,002499111
0,003927058
0,003924824
0,002153234
0,002876792
0,002736814
0,004288122
0,002263444
0,002614909
0,002586561
0,003063622
0,002397629
0,002717997
0,002370181
0,00227474
0,003150446
0,003183032
0,003776088
0,002412018
0,002404069
0,002497059
0,002409304
0,002696304
0,002464844
0,00239262
0,002624169
0,002570035
0,002546716
0,002283343
0,002063621
0,002967151
0,002699531
0,0023701
0,002391395
0,003030245
0,004522386
0,00457497
0,002475234
0,002493562
0,002964607
0,002803455
0,003010489
0,002997913
0,00372404
0,001871806
0,004305684
0,002528109
0,002840704
0,002966621
0,002437661
0,002422203
0,002433728
0,002229217
0,002750327
0,002419713
0,002408657
0,002500106
0,00243487
0,002516613
0,002574529
0,002319156
0,002418242
0,002468291
0,0022194
0,002560785
0,002480534
0,002056981
0,002889308
0,002497646
0,002882521
0,003787137
0,002974843
0,002133684
0,002614957
0,002362678
0,002332388
0,003573669
0,00312331
0,002363933
0,003171196
0,003784873
0,003984689
0,003070684
0,004023255
0,002263032
0,002527838
0,003033312
0,002875948
0,002447979
0,002278205
0,002213254
0,002605613
0,002928775
0,00266948
0,002545622
0,002014846
0,002530993
0,002581643
0,002509938
0,002214473
0,002914222
0,002549805
0,002557712
0,002408573
0,002416099
0,002104691
0,002920954
0,002390429
0,002315454
0,00219904
0,003010406
0,00253683
0,002472436
0,002496984
0,002419032
0,002044757
0,002581889
0,002699556
0,00252873
0,002494388
0,002568215
0,00401547
0,002533572
0,0024072
0,00221656
0,003005688
0,002178452
0,002364298
0,002448908
0,002384839
0,002505398
0,002643029
0,00298797
0,002991196
0,002932711
0,003100333
0,002352738
0,003117194
0,002261577
0,003398229
0,003075212
0,002802718
0,002950082
0,002229308
0,002089502
0,002616346
0,003248544
0,002512044
0,002800031
0,002997158
0,003976322
0,003928175
0,003081749
0,001865057
0,002557724
0,002766873
0,002435284
0,002117529
0,00282027
0,002579562
0,002820985
0,003567783
0,003974133
0,00740316
0,002011377
0,002884438
0,002636448
0,002813329
0,003072888
0,003069671
0,003017498
0,002886636
0,002767141
0,00280497
0,003885258
0,002517057
0,002399966
0,002498552
0,002541505
0,002393417
0,002227144
0,002687802
0,002376574
0,002761438
0,002629831
0,002161477
0,002360921
0,002318485
0,003637112
0,002434383
0,002193995
0,002284012
0,00257596
0,003213482
0,003623935
0,002228102
0,002492766
0,002281843
0,002805398
0,002657558
0,002443803
0,002770435
0,002431559
0,002186739
0,002542939
0,00253404
0,002083942
0,0027023
0,00246308
0,002403093
0,002475825
0,002504594
0,002411042
0,00240397
0,002436753
0,002454753
0,002386622
0,004354514
0,002522424
0,0025744
0,002510355
0,002967928
0,002964482
0,004033106
0,002027131
0,002489885
0,002853661
0,002582465
0,002479106
0,003514906
0,002183152
0,002903678
0,002382044
0,002424029
0,002651414
0,002822997
0,002206728
0,00231824
0,002388427
0,002385427
0,002396186
0,002637532
0,002849043
0,00265981
0,002387861
0,003926555
0,005988103
0,002452551
0,003190863
0,002818596
0,00302089
0,003012718
0,002854713
0,003042807
0,002779241
0,003118624
0,003039311
0,002913092
0,00287222
0,002541343
0,003867414
0,00259624
0,002548782
0,002612019
0,002991221
0,002678126
0,003983373
0,002545813
0,002459999
0,002489845
0,002629173
0,002531523
0,0021717
0,002579096
0,003753094
0,004129551
0,002259473
0,002646786
0,002376618
0,002475763
0,002886047
0,002408899
0,00237683
0,002674862
0,003756677
0,003003124
0,002023219
0,002382523
0,002432894
0,002727809
0,003050619
0,002739763
0,003061192
0,002643169
0,00275775
0,002478836
0,0025819
0,002590642
0,002465564
0,003099411
0,002196863
0,002693139
0,003397151
0,002471611
0,002582573
0,002427002
0,00246993
0,002378869
0,004351723
0,006021952
0,003091259
0,002382507
0,002720493
0,002517591
0,004001196
0,003042226
0,002498968
0,002370036
0,002518765
0,002346235
0,002505071
0,00254958
0,002430913
0,002342852
0,002446471
0,002507365
0,002714488
0,002774967
0,002521599
0,002370503
0,002098448
0,002476299
0,002463933
0,003251906
0,003251156
0,002402679
0,002398668
0,002942585
0,002756993
0,002623435
0,002594336
0,002577565
0,002376079
0,002525455
0,003189394
0,00259412
0,003069795
0,003058589
0,003022248
0,002292841
0,002187603
0,002662479
0,002681521
0,002908661
0,002748082
0,002426041
0,002979335
0,002217246
0,002651081
0,003197966
0,004283921
0,002827082
0,002243696
0,00324517
0,003196651
0,001907722
0,003100806
0,00261334
0,003391383
0,002782614
0,002444323
0,002362574
0,002527419
0,003055667
0,002580824
0,003691848
0,002995945
0,002213503
0,002454362
0,002245336
0,002557752
0,003148651
0,002750194
0,002583186
0,002242526
0,002097769
0,002367305
0,002669658
0,00223554
0,002394675
0,00247872
0,003103726
0,002191097
0,002349515
0,002759123
0,002746708
0,002718503
0,002550616
0,003461338
0,003891681
0,003324589
0,001915591
0,002335449
0,00201414
0,00240239
0,004057664
0,0030252
0,002049286
0,002250084
0,003082346
0,00336303
0,003761123
0,002390878
0,002304829
0,002819836
0,003056991
0,002416832
0,002331865
0,003224346
0,004027736
0,003387026
0,002296796
0,002338051
0,002498873
0,002288008
0,002314766
0,002618915
0,002357579
0,002347711
0,002524429
0,002319268
0,003212196
0,003278638
0,002200684
0,002284169
0,002448101
0,002377959
0,002762841
0,002679751
0,002086443
0,002368009
0,002348047
0,002361246
0,00236419
0,00233589
0,002762941
0,002825912
0,002236646
0,00377109
0,001944736
0,003001584
0,002624017
0,002237365
0,002493201
0,002359633
0,002707488
0,003023226
0,003003619
0,002495175
0,00233181
0,002222119
0,002075168
0,002898577
0,002604063
0,002927225
0,00270609
0,002613117
0,002513945
0,002213616
0,002242664
0,002023575
0,002530494
0,003071729
0,002736981
0,00210481
0,003276175
0,003944752
0,004004117
0,003813105
0,001859818
0,002663616
0,003925375
0,002162407
0,002677194
0,002474268
0,00297136
0,002584805
0,002186093
0,002359854
0,003642436
0,002214663
0,002334881
0,00246089
0,003519894
0,001910756
0,003055474
0,002934672
0,002527841
0,002451929
0,002543301
0,002475486
0,00239316
0,002500592
0,002417448
0,002383672
0,002324446
0,002480138
0,002371832
0,002411041
0,002379171
0,002223427
0,002310696
0,002330026
0,002572457
0,002611955
0,00248296
0,002445711
0,003377361
0,001750936
0,003058088
0,003296159
0,00280492
0,003244976
0,002650301
0,002797777
0,002862718
0,002167288
0,002369673
0,002089968
0,00242696
0,002721989
0,002423759
0,002414684
0,002374615
0,002514185
0,002386656
0,002978653
0,003798164
0,003184052
0,004761635
0,00268597
0,00314681
0,003052149
0,00263919
0,002537142
0,002554004
0,002088422
0,002583269
0,00385736
0,002452535
0,003033251
0,002784658
0,002741936
0,002381387
0,002879537
0,002697154
0,002292268
0,002045108
0,002455771
0,002786042
0,00248019
0,002350329
0,002369272
0,00240887
0,002929386
0,002400504
0,00236511
0,002687985
0,002523024
0,002625939
0,002231302
0,002278622
0,002547204
0,002950845
0,002697037
0,002581586
0,002162013
0,002251771
0,002281866
0,00252012
0,00248387
0,002453401
0,002562804
0,002204757
0,002741279
0,002197306
0,002437995
0,003775983
0,003815818
0,003099659
0,002435087
0,002247297
0,002507704
0,002487597
0,004249288
0,002213545
0,002997187
0,002608143
0,002942836
0,003724042
0,003269041
0,002186649
0,002350372
0,002424903
0,003376178
0,004583926
0,002063065
0,00208582
0,002550056
0,002904238
0,002941211
0,002906973
0,003013645
0,002734779
0,002604675
0,00265566
0,002577269
0,00238135
0,002729279
0,002730956
0,002833358
0,002262386
0,002322394
0,002276284
0,002583816
0,002653217
0,002790656
0,002938811
0,003571826
0,004708031
0,002636649
0,003120083
0,002715797
0,002988118
0,003065008
0,002971588
0,002307889
0,002572896
0,002515509
0,002205545
0,002080075
0,002402518
0,002589508
0,003263896
0,002835463
0,002177529
0,004285494
0,006592413
0,006280486
0,003100081
0,006132996
0,002289862
0,00221638
0,003308899
0,003185013
0,003134627
0,002617536
0,0031495
0,003902151
0,004187448
0,002806359
0,002987326
0,003003488
0,003525603
0,006027517
0,00418926
0,002620686
0,002339476
0,002678236
0,002350707
0,002387318
0,003056001
0,002255654
0,002586595
0,002636336
0,003364837
0,004405931
0,002394293
0,002266342
0,002384043
0,002295656
0,002097729
0,00233765
0,002976058
0,002394116
0,002942312
0,003132097
0,00244424
0,002146923
0,002179727
0,00233337
0,002721669
0,002296042
0,002540839
0,002684183
0,002519581
0,002561513
0,002513322
0,002266842
0,002916373
0,002902395
0,003010667
0,002887873
0,002970915
0,002952522
0,003879107
0,002511282
0,002564257
0,002435187
0,002471104
0,003060202
0,004039149
0,004361854
0,003348751
0,002382051
0,002594614
0,002419056
0,002381843
0,002514498
0,002461661
0,002390143
0,002556899
0,002322477
0,003273766
0,002128804
0,002432838
0,002576443
0,00241527
0,002386265
0,002504188
0,002412592
0,002106395
0,002316421
0,002473019
0,003120975
0,003980703
0,003906131
0,00211096
0,002387026
0,002190983
0,002223374
0,002448521
0,002644626
0,002629607
0,002213305
0,002452712
0,002780269
0,004316557
0,003508252
0,001909585
0,002294578
0,002396717
0,002601742
0,00289159
0,002504047
0,002378196
0,002507287
0,002391846
0,002588689
0,00407477
0,002359859
0,002852324
0,002605463
0,002458294
0,002273355
0,003733255
0,00323038
0,00248592
0,002692274
0,004441748
0,006202123
0,002154529
0,002772265
0,002592955
0,002242644
0,002279733
0,003096135
0,002548484
0,002322889
0,002556502
0,00270475
0,002829585
0,002386527
0,00255566
0,0021942
0,002973594
0,00400338
0,004061211
0,002459052
0,002052984
0,002421865
0,002670052
0,003385058
0,002763815
0,002157764
0,002423037
0,002334081
0,002430491
0,002295128
0,002229981
0,002505754
0,002156385
0,002640146
0,002444167
0,002426335
0,002611935
0,002629804
0,002321139
0,002571423
0,002933401
0,003065269
0,00745678
0,002803794
0,002375886
0,00249647
0,002791658
0,002789172
0,002420331
0,002227429
0,002817411
0,002821971
0,002293011
0,002534637
0,002126118
0,002593147
0,003161473
0,00227356
0,002229127
0,002557939
0,002381397
0,002540174
0,002583357
0,002704767
0,002409083
0,003144211
0,002577475
0,002242298
0,002316115
0,002384589
0,002443985
0,00276357
0,002866174
0,00558414
0,002839444
0,003090542
0,0025588
0,002249843
0,002779079
0,002086896
0,002239371
0,00258688
0,002185055
0,002604208
0,003188348
0,002316461
0,00242598
0,002468005
0,002460719
0,00232581
0,00242693
0,002157525
0,002374931
0,003816141
0,002621778
0,002737245
0,002615596
0,002752637
0,002933959
0,002778802
0,002053159
0,002374134
0,002977309
0,002399525
0,002408641
0,002239612
0,002377411
0,002591727
0,002575238
0,002622116
0,002418929
0,002239227
0,003009521
0,004431692
0,00239795
0,002617679
0,003105878
0,002750936
0,002406512
0,002334737
0,00234036
0,002515333
0,00223167
0,003193731
0,003493194
0,002544327
0,002962008
0,002477793
0,002112428
0,002877161
0,002546213
0,002361027
0,002386907
0,002347629
0,002159263
0,002741878
0,00224844
0,002503842
0,002441602
0,002133259
0,002362832
0,003925118
0,001774963
0,002423268
0,003088212
0,002304553
0,002633482
0,00343745
0,00450907
0,004482276
0,001814398
0,003210119
0,002654451
0,002199592
0,002187021
0,002515995
0,002098865
0,00305112
0,003763549
0,002356205
0,002151809
0,00359696
0,001880957
0,002527824
0,002494663
0,002845594
0,002433028
0,002402187
0,00290103
0,002802824
0,002654806
0,002917341
0,003078419
0,004418163
0,002555692
0,00235246
0,002414694
0,0030076
0,002062685
0,002254904
0,002557018
0,002383984
0,002315378
0,002634577
0,002169944
0,004022994
0,002185568
0,002759604
0,003246336
0,002785503
0,00240671
0,002686721
0,004617368
0,003719412
0,00216637
0,002599437
0,002653203
0,00202849
0,002370855
0,002568149
0,002375117
0,002101317
0,002638
0,002216924
0,002904053
0,002160797
0,002467743
0,002556187
0,002473966
0,002185912
0,002565256
0,002258967
0,002514783
0,002379443
0,002395861
0,003783316
0,002226875
0,002610633
0,002546974
0,002901443
0,00337056
0,002675416
0,002593246
0,002376299
0,0024022
0,002381048
0,002515643
0,003484644
0,002780656
0,00407792
0,002339542
0,002641489
0,003669834
0,002437023
0,002894343
0,003021213
0,003119316
0,003012115
0,003402747
0,002266446
0,002633197
0,002683289
0,00233969
0,002775121
0,002732637
0,002244091
0,002382953
0,002359801
0,002600747
0,002233522
0,00282732
0,002492853
0,00220259
0,004076608
0,002400087
0,003387435
0,004332834
0,004476661
0,003077636
0,002761442
0,003161774
0,002504323
0,003338443
0,002583879
0,003709876
0,003881614
0,003847755
0,002369955
0,002099762
0,002980475
0,002843929
0,002409274
0,00286601
0,003849524
0,0045293
0,002316008
0,002689023
0,002782049
0,004575053
0,002071617
0,002691159
0,002110557
0,004557677
0,005686647
0,001927703
0,002665926
0,002893981
0,002163357
0,002357764
0,002408446
0,002771262
0,002739794
0,002885062
0,002837629
0,002528203
0,002232245
0,002011435
0,002867816
0,002354851
0,002103854
0,003130851
0,00266205
0,002864604
0,002106876
0,00281409
0,002556442
0,002802497
0,002878201
0,00246991
0,002573836
0,002594124
0,002424746
0,002368594
0,002362311
0,002573499
0,002325631
0,002345552
0,002469905
0,002498408
0,002560876
0,002645898
0,002463819
0,002341115
0,002501982
0,002327208
0,001992205
0,002366021
0,002774576
0,002640529
0,002587373
0,002399422
0,002274221
0,002333977
0,002699048
0,002605765
0,00297156
0,003007838
0,00254471
0,004182838
0,002038958
0,002018194
0,002852819
0,002427589
0,002397733
0,002490844
0,002647777
0,00291504
0,002730119
0,003094614
0,002891892
0,00279721
0,002177336
0,002724799
0,002849966
0,002158368
0,002941211
0,002360833
0,002736778
0,002611305
0,002919739
0,002555449
0,00249713
0,002156287
0,00265052
0,00219098
0,002383942
0,002406075
0,00237387
0,002431403
0,002297538
0,002201241
0,002599827
0,002389218
0,001980996
0,002716802
0,002925506
0,002141423
0,002423273
0,002982465
0,004246437
0,002460961
0,002323516
0,002456165
0,002449956
0,002875615
0,003124491
0,00219918
0,00284184
0,002106832
0,002066899
0,002899099
0,002604928
0,00257583
0,004575626
0,001980743
0,002270865
0,004672599
0,002485079
0,00236603
0,002285857
0,002394998
0,002398395
0,002542393
0,003103567
0,002809073
0,002544386
0,002328504
0,002332507
0,00261818
0,002334941
0,002292434
0,0027079
0,002176587
0,002690738
0,00240659
0,003697133
0,002597468
0,003116708
0,002867341
0,002130755
0,002445146
0,002453515
0,00261753
0,002914028
0,002617322
0,002023611
0,002566798
0,002704639
0,002312558
0,002539366
0,00231076
0,002632108
0,002667983
0,002710178
0,002819414
0,002457477
0,002439458
0,002349713
0,002611196
0,002606085
0,00327287
0,003869175
0,002526861
0,002384876
0,002463455
0,002336055
0,002984562
0,004763029
0,001892607
0,002350847
0,00370774
0,002176799
0,002919691
0,003104065
0,002831425
0,002574842
0,002165958
0,002329756
0,002393921
0,00370243
0,001812607
0,002439885
0,002655383
0,002012563
0,002842886
0,002916972
0,002604983
0,002311081
0,002532681
0,002183323
0,00232501
0,002734829
0,002986811
0,002598137
0,002506596
0,002874934
0,002159611
0,002356552
0,002420737
0,00248682
0,002373157
0,002440468
0,002383759
0,002617194
0,00215827
0,002411569
0,002441935
0,003010425
0,002628541
0,003027374
0,003082619
0,003623035
0,002756706
0,002447008
0,002686547
0,002814038
0,002606767
0,002244856
0,002741845
0,002617221
0,002114504
0,002420349
0,00411763
0,002490967
0,002913865
0,00266021
0,002588758
0,002037931
0,002829679
0,002464596
0,002333675
0,002650852
0,002635066
0,002926861
0,002620084
0,002223523
0,002411719
0,002625293
0,002628266
0,002382536
0,00276682
0,002175179
0,002114957
0,002507109
0,002446409
0,002782299
0,002420312
0,002415432
0,002413475
0,002270372
0,002715162
0,002454403
0,002368679
0,002541663
0,002574223
0,002939667
0,003116062
0,003163997
0,00265287
0,001902865
0,002957749
0,003841134
0,004127284
0,003177777
0,001792513
0,002697744
0,002763633
0,002620196
0,002593779
0,00228157
0,003406583
0,002246437
0,002436422
0,002368948
0,002388429
0,002381798
0,002414773
0,002724324
0,004767572
0,001662392
0,003398421
0,002686604
0,004403816
0,004042428
0,003843653
0,002037157
0,003334754
0,005961479
0,002763043
0,00271946
0,002540489
0,002348462
0,002196255
0,002604557
0,002430527
0,003000393
0,002753839
0,002539535
0,002406108
0,002783474
0,002234854
0,002419975
0,002239368
0,002444681
0,002230917
0,002473536
0,002781942
0,002756276
0,00223695
0,002361164
0,002447957
0,00285416
0,002816155
0,002535846
0,002346661
0,00240884
0,002193183
0,002479873
0,003182982
0,002646884
0,002222927
0,002738384
0,001978938
0,002586031
0,003097199
0,00256567
0,002285124
0,002481496
0,00272471
0,002837393
0,002467776
0,002400275
0,002396867
0,002417536
0,002418319
0,002659223
0,002749024
0,00223713
0,002769912
0,00220201
0,002429006
0,0024744
0,002517698
0,002183086
0,002984983
0,0038397
0,002314922
0,002148466
0,00254019
0,002529684
0,00225716
0,002951334
0,003124181
0,00293403
0,003350511
0,002606511
0,002494941
0,002989422
0,003300305
0,002627483
0,002709327
0,002883165
0,002977629
0,003414176
0,004011608
0,003156608
0,002778194
0,00232407
0,002374962
0,002402777
0,002739382
0,002337306
0,00266537
0,002236375
0,002532285
0,003009062
0,00376736
0,003971131
0,002796965
0,002790916
0,002446734
0,00276235
0,002712563
0,002611704
0,002231417
0,002130252
0,002965966
0,002396487
0,002478175
0,002628408
0,002444977
0,002542068
0,00236721
0,002466032
0,002504221
0,00231365
0,002437551
0,002748944
0,002951762
0,004380013
0,002145784
0,002724714
0,00236369
0,002602776
0,002551234
0,002328868
0,003061158
0,002939517
0,002557245
0,002592827
0,002521484
0,002437621
0,002405688
0,002350012
0,002441314
0,002502189
0,002469726
0,002262609
0,002438616
0,002451636
0,003403051
0,002720381
0,002185573
0,002505634
0,002558522
0,002858291
0,003611775
0,002473388
0,00355151
0,00283368
0,002602862
0,002485766
0,002668766
0,002157177
0,002456443
0,002052909
0,002766947
0,002808505
0,002790857
0,002346396
0,002147897
0,002387327
0,003903861
0,004451322
0,004037125
0,00303678
0,001953566
0,002598762
0,002814508
0,002390673
0,002919488
0,002667814
0,002170712
0,002150203
0,004406345
0,002307083
0,002530753
0,002883606
0,003117989
0,002644432
0,00253447
0,00244858
0,002269468
0,002550662
0,002719423
0,00269893
0,002987102
0,001751408
0,003133211
0,002362753
0,002798793
0,003050828
0,002839772
0,001885551
0,002705426
0,002910342
0,002602497
0,003007835
0,002188207
0,002503235
0,002381598
0,002383536
0,002081553
0,002801035
0,003381146
0,002096507
0,002268966
0,002417004
0,004398195
0,005913239
0,00191483
0,002425647
0,00306477
0,002704348
0,003179071
0,003051604
0,002142234
0,00281038
0,002796412
0,002427812
0,002558276
0,002384233
0,002608608
0,002604031
0,003189898
0,004049201
0,002764758
0,00274671
0,002394462
0,002150031
0,002418292
0,003384606
0,003151704
0,002559252
0,002836289
0,002626297
0,002591463
0,00253706
0,003250619
0,002571418
0,003130874
0,002893769
0,002867463
0,003003189
0,003995746
0,004173333
0,002806988
0,002332256
0,002608679
0,00268787
0,002169802
0,002041928
0,002793816
0,002802079
0,00247572
0,00258153
0,00248829
0,002142009
0,002192094
0,001933665
0,002534786
0,003832085
0,00396568
0,002464595
0,002963627
0,002526275
0,002621151
0,003258531
0,00300472
0,0021895
0,002076963
0,00264219
0,002672899
0,004228842
0,002348303
0,002505684
0,002288963
0,002198413
0,002993804
0,003221655
0,00321298
0,002925218
0,002009407
0,002725878
0,002116538
0,002485518
0,003417202
0,002415359
0,002606702
0,002231407
0,002177311
0,002481691
0,002550152
0,002393691
0,002358083
0,00281209
0,002343194
0,002430314
0,00247313
0,002677142
0,002362318
0,002700041
0,002396133
0,003069496
0,002579933
0,002255241
0,002327803
0,00324751
0,002102761
0,002280534
0,002714841
0,002345151
0,002066399
0,002432009
0,002344799
0,002799565
0,004249312
0,002038839
0,002759913
0,002598937
0,003003523
0,004039574
0,002761762
0,002488041
0,002873374
0,002059297
0,002827958
0,002515911
0,003020542
0,002844131
0,002841699
0,002828653
0,002609177
0,002469266
0,0023796
0,002043083
0,002783955
0,002576786
0,003099472
0,003091155
0,002567704
0,003288129
0,004683975
0,003244511
0,002629249
0,00260594
0,002367334
0,00235123
0,002384299
0,002350954
0,002560704
0,002713907
0,0022457
0,003156883
0,002804545
0,002967981
0,002771046
0,002666284
0,002636195
0,002152275
0,002215138
0,00254728
0,002828301
0,002347961
0,002872804
0,003367609
0,002461478
0,002954705
0,002732502
0,002991688
0,003076422
0,00310223
0,003089078
0,003791641
0,002645232
0,002089888
0,002722204
0,002595125
0,00239699
0,002366391
0,002661418
0,002194109
0,002478322
0,00247168
0,002731276
0,002861649
0,00279265
0,003104103
0,002604262
0,002415359
0,002589295
0,002689782
0,002527679
0,002798553
0,003069324
0,002969843
0,002545437
0,002164399
0,002559818
0,002741019
0,002312778
0,00245697
0,002430571
0,002456796
0,0023392
0,002466423
0,002506009
0,004144272
0,001985329
0,003908682
0,002956547
0,002426975
0,002536213
0,002845033
0,003957194
0,004143054
0,001819311
0,002274557
0,002391987
0,002622585
0,002983336
0,003397307
0,002508371
0,002454527
0,002542445
0,002420642
0,002565027
0,002578159
0,002177297
0,00234024
0,002622793
0,003310124
0,003089463
0,002660493
0,002570441
0,002613318
0,002384399
0,00274288
0,00253323
0,00289592
0,0022949
0,002430153
0,002365339
0,002627476
0,002475737
0,003095873
0,00248206
0,002642412
0,002304566
0,003028173
0,003009856
0,003195698
0,002299331
0,002620048
0,002917341
0,002612447
0,002299961
0,002168847
0,004163831
0,002147359
0,002714143
0,002571575
0,002412814
0,002476109
0,003505016
0,004574197
0,003835842
0,0028027
0,002072073
0,00270827
0,002517959
0,002516796
0,002440438
0,002381165
0,00227975
0,002425198
0,002567769
0,002603653
0,002527594
0,002394909
0,002682665
0,00233494
0,003070688
0,003087232
0,002594355
0,001930758
0,002406333
0,002444061
0,002839122
0,004489386
0,004308517
0,00245967
0,002376815
0,002713423
0,002894221
0,003068668
0,003119697
0,002501607
0,002119013
0,002845992
0,002996829
0,002978844
0,00332394
0,00183706
0,002467039
0,002579555
0,002261283
0,002423319
0,002389169
0,002483815
0,002373217
0,002446133
0,002506425
0,002969143
0,00208446
0,002519822
0,002804696
0,002297443
0,002766892
0,00258938
0,004216804
0,004224512
0,002738323
0,002428344
0,002152543
0,002527446
0,003248663
0,003181682
0,002775523
0,002531174
0,002378715
0,003096366
0,003730553
0,003943872
0,003350377
0,001942451
0,002547941
0,002526114
0,002854862
0,002311913
0,002155014
0,00296629
0,002521781
0,002371862
0,00342278
0,004591733
0,002136936
0,003058503
0,002411922
0,00317265
0,004191246
0,004244669
0,00301178
0,002168185
0,002169914
0,002342243
0,002930595
0,002362711
0,002558572
0,002758203
0,002656425
0,002442918
0,002099282
0,002416752
0,002835056
0,002338787
0,002360134
0,003867316
0,002560547
0,002211328
0,002417717
0,002351294
0,002444261
0,002432521
0,002432023
0,002952479
0,002188345
0,002408914
0,00290319
0,004469666
0,002968761
0,003078104
0,0023344
0,002418782
0,002090032
0,002476383
0,002647727
0,002433902
0,003408535
0,00302355
0,002781296
0,002641963
0,00337943
0,004012074
0,004112308
0,002004679
0,002208216
0,002754984
0,002664325
0,002351924
0,002386679
0,002499285
0,002458247
0,002107483
0,002567143
0,0022636
0,002528043
0,002908905
0,002579414
0,002288724
0,002119196
0,002468319
0,002585816
0,003193706
0,003408868
0,003293621
0,005600047
0,002097956
0,002484205
0,002741792
0,002366131
0,002377652
0,002473345
0,002500008
0,002938833
0,002624575
0,002666254
0,002323283
0,002377484
0,002355975
0,002311252
0,00224052
0,002214438
0,002488977
0,002613297
0,002097093
0,004797132
0,002668368
0,002090497
0,002903727
0,002985543
0,003268248
0,004271854
0,002223783
0,002900425
0,002902943
0,003040599
0,002940429
0,002208107
0,002175025
0,00270253
0,002567119
0,002627915
0,00215954
0,002675485
0,002511037
0,002655881
0,002618932
0,002292524
0,002611722
0,002201382
0,00287044
0,00268835
0,002847257
0,002395258
0,002758088
0,002226114
0,002818796
0,003100766
0,00358661
0,002417837
0,003177827
0,002360507
0,002406635
0,002426116
0,002335952
0,002508008
0,00245792
0,002724801
0,003086777
0,002106237
0,002177182
0,00308298
0,002681202
0,002234897
0,002169295
0,002618427
0,002563863
0,00296744
0,004397
0,002643767
0,002607803
0,002101737
0,003786361
0,00208167
0,002345475
0,002244757
0,002714858
0,002537529
0,003586595
0,002283214
0,003359614
0,003226686
0,002982719
0,003356354
0,002574165
0,003211887
0,002912615
0,002632931
0,002587629
0,002805486
0,002464936
0,002654225
0,002352952
0,002404417
0,002523636
0,002366711
0,002413989
0,002381614
0,002491495
0,002389353
0,002562367
0,002430482
0,00245183
0,002774599
0,003800694
0,003191931
0,002518847
0,002410015
0,002487736
0,00239542
0,002449101
0,002398948
0,002386926
0,002413304
0,002303151
0,00238732
0,002426588
0,003719239
0,002367939
0,003027071
0,005153818
0,005417441
0,002376573
0,003112145
0,002687746
0,002902146
0,002730997
0,003171444
0,002670131
0,00216625
0,002486455
0,002346943
0,002496525
0,002466566
0,002328691
0,002406646
0,002419081
0,002470224
0,002445456
0,00255288
0,002755289
0,002188464
0,002365403
0,002396202
0,002422943
0,002483044
0,002824443
0,002339791
0,002346355
0,002465111
0,002427909
0,002419581
0,002226503
0,002112475
0,002997277
0,003089099
0,003998149
0,003957519
0,003326683
0,001965827
0,002269344
0,002097931
0,002405591
0,002495331
0,002814437
0,002500184
0,002450576
0,002360636
0,002444901
0,002495304
0,004447127
0,002261746
0,002530532
0,002338946
0,002214928
0,002570166
0,002789262
0,002323219
0,003301652
0,002572414
0,002178115
0,002455108
0,002292827
0,003379719
0,004445221
0,001955257
0,003016076
0,006539597
0,006209727
0,002582379
0,00200867
0,002857347
0,002317716
0,002285253
0,003829178
0,00245851
0,002454711
0,00270165
0,003552292
0,003008105
0,002808958
0,002858294
0,002495206
0,002478398
0,002768174
0,002224381
0,002575449
0,003333491
0,002711844
0,002218992
0,002707916
0,002648235
0,003357485
0,002584936
0,002418447
0,002934263
0,002656201
0,00410938
0,002302652
0,003319932
0,002792212
0,002655396
0,002745224
0,002141019
0,002527623
0,003248377
0,003955597
0,004092396
0,002055048
0,002174549
0,002342775
0,002108363
0,003045006
0,003346668
0,002241731
0,002419949
0,002285573
0,002048784
0,003074676
0,002318346
0,002469794
0,00307423
0,002418199
0,002154644
0,002328811
0,003243728
0,002654776
0,002621362
0,00240284
0,002185049
0,00237971
0,003117138
0,004188321
0,003247626
0,002297089
0,002886202
0,002505087
0,002362881
0,002398016
0,0023179
0,002304596
0,002868829
0,0055816
0,002578187
0,003094823
0,002796098
0,002299151
0,002004469
0,002428189
0,002980949
0,002476336
0,002750747
0,002575033
0,002480711
0,002421767
0,002649448
0,002796069
0,002238025
0,002547681
0,002439259
0,0023052
0,00247618
0,002396076
0,002598798
0,002810318
0,003061605
0,00232148
0,00272362
0,002413382
0,002774617
0,002934947
0,002691603
0,002280194
0,002416871
0,002766217
0,002310187
0,003769897
0,002439407
0,002463459
0,002498014
0,002222003
0,002705119
0,00225495
0,002434886
0,002398043
0,002498147
0,002383359
0,004153046
0,002538503
0,002711513
0,00243693
0,002466168
0,002251469
0,00264857
0,002985718
0,002581301
0,002506067
0,002731155
0,002249362
0,002194487
0,002664069
0,002327022
0,002433543
0,002647929
0,002391485
0,00304281
0,003753029
0,00378751
0,003631498
0,001752017
0,002398789
0,002460055
0,002057143
0,002231203
0,002368193
0,002802855
0,002722838
0,002200147
0,002182973
0,002546865
0,003129144
0,002577545
0,003347868
0,004386664
0,004368848
0,00218293
0,002614731
0,003103131
0,002226598
0,004337126
0,002347859
0,00210086
0,003059622
0,003452934
0,003527228
0,003101183
0,00200949
0,003236367
0,006762393
0,004495058
0,002446324
0,00252111
0,002569158
0,003057256
0,002602496
0,002877787
0,002275945
0,002237848
0,002052334
0,002016194
0,00225267
0,002272979
0,00222436
0,002489502
0,002375314
0,002935237
0,00242549
0,002478246
0,002359352
0,002413659
0,002474923
0,002531097
0,002478342
0,002383252
0,002306305
0,002363904
0,0024573
0,002359613
0,002381353
0,002053242
0,002217621
0,002103602
0,002357205
0,002408962
0,002326911
0,003347645
0,002025999
0,002285732
0,002340703
0,002078157
0,002115727
0,011793736
0,002245897
0,002152536
0,00217905
0,002306781
0,002229638
0,002206483
0,002693543
0,002133016
0,002038055
0,003571534
0,002526662
0,002025056
0,001981682
0,002248389
0,002597217
0,003733854
0,002775923
0,002369579
0,001987427
0,002723483
0,002947455
0,002586105
