0,019252271
0,007493322
0,045454474
0,002745737
0,00386115
0,003492299
0,001870361
0,002459059
0,00377892
0,007359064
0,003813953
0,004424683
0,004471902
0,005130176
0,002141777
0,003669507
0,004575554
0,003901259
0,003174951
0,004227899
0,006318623
0,004200972
0,003404127
0,004324338
0,003685709
0,003870218
0,003860807
0,003794691
0,003372071
0,003581423
0,005268275
0,001842947
0,003878819
0,005290758
0,004438166
0,002699755
0,003348958
0,00371837
0,004961161
0,002944239
0,00371438
0,00435422
0,003754967
0,003767799
0,003748447
0,003790382
0,003899344
0,003839549
0,004868941
0,006001839
0,005502901
0,002053267
0,004123715
0,004254695
0,004450909
0,004362522
0,003614684
0,002311531
0,004090365
0,003515953
0,003729376
0,003965724
0,003956971
0,005004279
0,002715937
0,003038803
0,00403842
0,00329715
0,006496182
0,003340032
0,002689576
0,003748061
0,004146286
0,003614142
0,004191717
0,003528149
0,003400932
0,00344327
0,002718875
0,002996677
0,00369114
0,00279994
0,00358129
0,004935156
0,004560981
0,004598389
0,001680838
0,003613045
0,003304502
0,004161481
0,004552926
0,002852763
0,004184399
0,004057524
0,003170513
0,004114064
0,004176981
0,003575496
0,00381492
0,003626896
0,003837647
0,004139078
0,004196438
0,002598867
0,004261141
0,004461221
0,003831297
0,003977672
0,003988366
0,003737198
0,004033378
0,004185271
0,003708731
0,004764362
0,004004967
0,002480329
0,003206599
0,002751508
0,003239734
0,005608502
0,003108723
0,002367732
0,003704322
0,003927404
0,003708049
0,003853298
0,003975255
0,003849494
0,00357029
0,003928708
0,003794985
0,003800624
0,003607878
0,004034368
0,003732364
0,003846453
0,003932989
0,003866294
0,003176994
0,004114892
0,003877716
0,00328356
0,003532586
0,003037613
0,004512777
0,003370305
0,002970803
0,003581118
0,005816383
0,0026446
0,003555752
0,003579908
0,003148332
0,003083282
0,002199505
0,004380946
0,003496847
0,003429136
0,004220754
0,003808379
0,004007651
0,00391751
0,004022815
0,003460495
0,003438484
0,00416857
0,003698672
0,004141659
0,00362129
0,003821758
0,003658906
0,004185645
0,003861764
0,003892044
0,004672156
0,004242534
0,003879423
0,003700882
0,001942999
0,004566289
0,005900256
0,002714929
0,004065129
0,005022366
0,002943273
0,003100131
0,004268571
0,003612313
0,004361609
0,005969472
0,005958637
0,002922195
0,004014695
0,003836567
0,004150949
0,003953067
0,003989477
0,003551529
0,004048159
0,004030822
0,003794067
0,004789237
0,005010529
0,004336495
0,006404274
0,003915544
0,003776229
0,003250019
0,003952961
0,004217682
0,003577189
0,002896469
0,006107823
0,002151578
0,003801269
0,003414053
0,003560885
0,003466268
0,003912312
0,003962178
0,003919703
0,003868633
0,003995171
0,004108844
0,003552765
0,004190207
0,004641647
0,004089351
0,002908007
0,003093914
0,003727981
0,003875204
0,003956727
0,003917572
0,003610948
0,003914658
0,00411308
0,004274575
0,003509484
0,003862245
0,003907985
0,003604118
0,00408949
0,003752762
0,005541265
0,005922121
0,006994442
0,006873942
0,007989331
0,008556423
0,002659001
0,003703678
0,00415311
0,003913651
0,00230242
0,003534095
0,00363593
0,003635889
0,00347351
0,003461976
0,003954431
0,004321223
0,003954563
0,003684222
0,003665953
0,003948423
0,003861749
0,005344501
0,004261612
0,002156239
0,004108824
0,003481983
0,003707865
0,005317885
0,002316824
0,003680903
0,003995881
0,004161407
0,003073272
0,002195173
0,003469475
0,003743179
0,003888487
0,004463362
0,002352385
0,003127725
0,00437155
0,003370613
0,00465303
0,001914735
0,004093306
0,003384544
0,006220685
0,002768212
0,003091751
0,003645712
0,00403759
0,003783745
0,003975175
0,004272362
0,004010765
0,004071095
0,003843846
0,003979808
0,003950683
0,004082063
0,003957392
0,003796811
0,003984302
0,003579085
0,003846275
0,004519993
0,00441207
0,003049613
0,002167204
0,00494347
0,002761888
0,003623059
0,003815664
0,004162428
0,003963046
0,004382572
0,004462767
0,008502398
0,002569017
0,003454105
0,003955247
0,00366745
0,004237203
0,003544811
0,003227424
0,003942789
0,003611546
0,003852307
0,004824084
0,001751931
0,004026069
0,004612547
0,004557736
0,002299307
0,003913151
0,003413679
0,002425508
0,004353736
0,004190332
0,004300546
0,003568127
0,003880124
0,00388337
0,004079427
0,00342121
0,003752065
0,003781521
0,003865713
0,003938165
0,00477055
0,004772935
0,005618959
0,001798987
0,003908437
0,004257832
0,003934093
0,004233649
0,002340641
0,004202466
0,002735055
0,005982149
0,002421475
0,003450491
0,00412746
0,004275753
0,003544139
0,003407128
0,003710451
0,003875848
0,004254965
0,004059884
0,003003165
0,00198128
0,004130718
0,003861658
0,003991118
0,00398557
0,003708104
0,004397694
0,003376746
0,00363398
0,003763122
0,003899219
0,006151745
0,002717275
0,00314644
0,00374841
0,005903816
0,005983457
0,00207291
0,003647355
0,002775056
0,004457642
0,003916059
0,004109255
0,004115685
0,001957879
0,00414323
0,005056245
0,002333523
0,003563535
0,003889511
0,003761564
0,002955826
0,003875921
0,003999086
0,0041095
0,003798364
0,005776622
0,002954305
0,003808073
0,003528319
0,003650554
0,003960026
0,003962374
0,00462328
0,002531036
0,004577588
0,001960976
0,004021674
0,003498325
0,003765838
0,004106817
0,003236525
0,003503087
0,004340719
0,003410863
0,003604022
0,003621095
0,004027205
0,003951577
0,003565784
0,003499965
0,002621965
0,004596093
0,004491253
0,002523383
0,003928746
0,003817681
0,004037732
0,003092324
0,005379465
0,003859376
0,002716401
0,003891415
0,00597629
0,00233303
0,00380283
0,003705068
0,003641999
0,004080481
0,003757575
0,003980976
0,004671295
0,002278849
0,003005715
0,004016654
0,00389926
0,003981636
0,003996666
0,003609544
0,003945554
0,003765405
0,003770557
0,003881258
0,005250786
0,00467646
0,003423131
0,001952431
0,004333313
0,004076814
0,003148079
0,003011187
0,003147671
0,002217972
0,004115173
0,003318039
0,002423484
0,003075384
0,003754893
0,00441158
0,00352682
0,004044926
0,004238937
0,003774457
0,00363528
0,004040459
0,004023036
0,00442694
0,003523143
0,004213249
0,004676138
0,003940175
0,00201937
0,003294365
0,003435885
0,00496002
0,003084368
0,002631484
0,003383359
0,004169819
0,004013542
0,002423873
0,004929186
0,002643557
0,004007077
0,003557538
0,003809654
0,003743304
0,003815072
0,003720848
0,004203
0,003757973
0,004457589
0,003459631
0,003881494
0,003947252
0,004001975
0,003877868
0,003910453
0,004058107
0,003821568
0,003858298
0,003923903
0,004215793
0,003913471
0,003729954
0,003743584
0,005100465
0,002251772
0,003730592
0,003221618
0,003704475
0,003861197
0,004093952
0,004014985
0,00403092
0,002630217
0,003500723
0,002538074
0,004474437
0,003731374
0,003724984
0,00362937
0,003725491
0,003756354
0,003755712
0,003880708
0,004271799
0,004577722
0,003943636
0,003679299
0,00171323
0,003997628
0,004001657
0,004151414
0,003781757
0,004885591
0,004134641
0,003961853
0,002350004
0,004258411
0,002827003
0,00288446
0,003208715
0,003849358
0,003671428
0,003238244
0,004034754
0,004033464
0,003633639
0,003316294
0,00386261
0,003942799
0,003993907
0,004025644
0,003462198
0,003913178
0,004415084
0,004440505
0,002332793
0,00376668
0,004789741
0,00372593
0,00204356
0,003555324
0,004131015
0,003667106
0,003806808
0,003997959
0,00387693
0,004345946
0,003534809
0,004194151
0,003912953
0,003850065
0,00403559
0,003951425
0,005368324
0,003125951
0,003435087
0,002918177
0,004649007
0,004021847
0,002054241
0,003373412
0,00389569
0,003649513
0,00388979
0,002199174
0,003655309
0,003906008
0,003787334
0,003955728
0,004311551
0,003815511
0,004357466
0,002778167
0,003767062
0,006424117
0,00505079
0,002147133
0,003878242
0,003327537
0,003750046
0,004122624
0,003256746
0,003651474
0,003769177
0,00393474
0,003519495
0,004735089
0,003056391
0,002755702
0,003421127
0,00388527
0,004491405
0,002537018
0,002950266
0,003394839
0,00354567
0,004225929
0,004517703
0,003990582
0,003032131
0,003484294
0,003837619
0,003555486
0,004211086
0,00497153
0,003459603
0,002764979
0,002682993
0,003376334
0,003999442
0,00363263
0,003956106
0,003612115
0,00366688
0,0040216
0,005353367
0,002276118
0,003480999
0,003881387
0,003590004
0,003711075
0,003833383
0,006515645
0,005927902
0,001968905
0,003457643
0,005698783
0,002327089
0,003031734
0,002945193
0,003136019
0,00337945
0,004397392
0,003771455
0,003871179
0,00380579
0,003733032
0,003889903
0,004324882
0,004232167
0,0043073
0,002812251
0,002428438
0,003571671
0,002839071
0,003598385
0,003221733
0,003725572
0,00388826
0,002928955
0,002994644
0,002923011
0,002999367
0,003173444
0,002096705
0,00339314
0,003905539
0,003002685
0,003440033
0,005962084
0,003019051
0,003381763
0,004606181
0,002263204
0,004253106
0,003156224
0,002231863
0,002515964
0,002702584
0,0030009
0,003195905
0,00357702
0,003353107
0,003631204
0,003171085
0,005001702
0,002825404
0,002693951
0,002458856
0,003420408
0,003375895
0,003330763
0,003260194
0,003358239
0,003413339
0,003230023
0,003704287
0,003341162
0,003174371
0,003438077
0,003130524
0,003380291
0,003326753
0,004052091
0,003872133
0,003256744
0,002441625
0,003345081
0,004833733
0,002679243
0,002481543
0,002193011
0,003086645
0,003577304
0,003728007
0,003562939
0,002624662
0,003530494
0,003444947
0,003914301
0,005372854
0,004023844
0,002694498
0,003467837
0,003534604
0,003521205
0,004017821
0,004288576
0,003865879
0,005354405
0,002497676
0,003689623
0,00358957
0,004078581
0,003939642
0,003832579
0,004015799
0,003652328
0,004283798
0,003645526
0,004726228
0,002751859
0,003771727
0,003749608
0,004208582
0,004227313
0,003322159
0,003153943
0,00416567
0,003532546
0,00395327
0,00385661
0,003742043
0,003964888
0,004019829
0,003780764
0,004310858
0,003493268
0,004813478
0,003954081
0,004023942
0,00335553
0,002037312
0,005172568
0,002026456
0,003585414
0,003791196
0,003857528
0,003947273
0,005073031
0,002987833
0,003135879
0,003048621
0,001938527
0,004211456
0,0040967
0,004005755
0,003965453
0,003873832
0,003960099
0,004036891
0,004258768
0,003613999
0,004172379
0,003797583
0,004001049
0,004346505
0,004085872
0,0033932
0,004140018
0,00317083
0,002185728
0,005285958
0,001841774
0,003900196
0,003397221
0,003954542
0,003569878
0,004357827
0,003977696
0,004066435
0,003648109
0,004505821
0,003258417
0,004076289
0,001939923
0,003383057
0,003386504
0,003061645
0,003539189
0,003760526
0,004199286
0,004513014
0,002013312
0,003456502
0,004126278
0,00412078
0,004050091
0,003584501
0,004013592
0,00380609
0,004273695
0,004064844
0,004206153
0,003757599
0,004223122
0,004182019
0,004096818
0,003735131
0,003080353
0,004060378
0,003499759
0,003998955
0,004104343
0,003410204
0,003710493
0,003946584
0,00453571
0,0037303
0,004172994
0,002280643
0,003378641
0,003936715
0,005326594
0,001847984
0,003874224
0,003767807
0,004781895
0,002970851
0,002613155
0,003726449
0,005060326
0,004417428
0,001938849
0,003841443
0,004075623
0,00382049
0,003872247
0,004246812
0,0033845
0,003768084
0,003866789
0,00374241
0,004003303
0,00347694
0,00397399
0,004114086
0,003854049
0,003504162
0,003209431
0,002110954
0,004770552
0,003655785
0,003961859
0,003440915
0,003171349
0,001820457
0,003919825
0,003302979
0,004139812
0,003679175
0,003655039
0,004194155
0,006949992
0,007679075
0,003701551
0,006227358
0,002206426
0,002614345
0,004356481
0,003817008
0,002402564
0,004262538
0,003935805
0,003934258
0,003477549
0,001951487
0,004221864
0,005017919
0,005959227
0,003357209
0,002847015
0,003134449
0,003972924
0,004269827
0,002663811
0,003772091
0,00506935
0,004186544
0,002801655
0,003538461
0,003637849
0,003924768
0,004088526
0,004090138
0,003825416
0,002722362
0,003988232
0,004145145
0,003740825
0,004400331
0,004462809
0,004022797
0,002622157
0,003666542
0,00329823
0,003862205
0,003435498
0,00561426
0,003402423
0,003076918
0,002615717
0,003143634
0,00464798
0,004339996
0,005567935
0,002917364
0,003098635
0,003856077
0,004171768
0,00380734
0,004461509
0,002445868
0,004495814
0,003978382
0,00376691
0,003960108
0,004025698
0,004526543
0,004327048
0,004028377
0,002215372
0,003313084
0,003803045
0,003789364
0,00395738
0,003966942
0,004610154
0,004205614
0,003092307
0,002779819
0,003591783
0,003672565
0,003905204
0,004212476
0,003748123
0,005802201
0,003598689
0,003542663
0,003164133
0,003908859
0,003974161
0,002542923
0,003031847
0,004794168
0,00611608
0,002657353
0,003295846
0,00394086
0,004392423
0,003518109
0,003697712
0,003899864
0,003966646
0,003888037
0,00385941
0,004919537
0,004205974
0,003338352
0,002463364
0,00329389
0,003940269
0,003815927
0,003649504
0,004236188
0,004025407
0,004073197
0,003958666
0,00421214
0,003678287
0,003918571
0,004036151
0,004924022
0,007939593
0,002240992
0,003474551
0,00311048
0,003792505
0,003276658
0,003780936
0,003762308
0,003548487
0,003922332
0,003456104
0,00376162
0,0041906
0,003573817
0,003744901
0,003740528
0,003778808
0,004055028
0,003999093
0,003983909
0,003724754
0,003678393
0,0072125
0,002845443
0,003563336
0,004495702
0,003341484
0,00428611
0,003815184
0,004127359
0,003793499
0,003467793
0,004315463
0,003828122
0,003896581
0,00535452
0,002571092
0,00277533
0,004145845
0,003814763
0,004222563
0,003478993
0,003739399
0,003922209
0,003901014
0,004284057
0,003740816
0,004143052
0,004371229
0,003775672
0,002900041
0,003130865
0,003530158
0,004422771
0,004079118
0,003934293
0,004524469
0,003017852
0,003206055
0,002757426
0,003749159
0,0040315
0,00389022
0,004012489
0,003744674
0,004366837
0,003553202
0,003950515
0,005116795
0,002217617
0,004343537
0,003036494
0,003788866
0,005161055
0,00452772
0,003095276
0,002964925
0,003433457
0,003850488
0,004062439
0,004689767
0,004393872
0,002270113
0,003934711
0,00267913
0,004093912
0,003907963
0,003964271
0,003760247
0,00375774
0,004148073
0,003986558
0,003029225
0,002815925
0,003788775
0,004715641
0,002246231
0,003719585
0,004219257
0,003643978
0,003843998
0,004555019
0,002440296
0,00415448
0,003676963
0,004277779
0,005953029
0,002886814
0,003336129
0,003565606
0,003775482
0,003802617
0,004206078
0,003736883
0,00399408
0,004292386
0,003843579
0,003820067
0,003638819
0,003843964
0,00398626
0,005065624
0,003732881
0,003315979
0,003772989
0,003805145
0,003562765
0,003754712
0,004031332
0,004391567
0,002825186
0,005015482
0,002159954
0,004015891
0,003622608
0,003615881
0,003786867
0,003082303
0,003273454
0,002563056
0,002098405
0,004098813
0,004055728
0,003794573
0,004633259
0,004058787
0,003945005
0,003843846
0,003815928
0,005528777
0,00197026
0,004897014
0,003791829
0,006208347
0,003439125
0,003579059
0,003545606
0,002351813
0,005096421
0,003909495
0,004495499
0,002137338
0,004491343
0,003530385
0,003911877
0,005325009
0,004605932
0,002941806
0,004038182
0,005399218
0,002638163
0,004982961
0,006043729
0,003418598
0,00314239
0,004015309
0,004012035
0,004273415
0,003894848
0,003592017
0,003767609
0,003508765
0,003910777
0,004174349
0,004129407
0,003826419
0,003691325
0,003940348
0,00383398
0,004001777
0,003798365
0,003816441
0,004239988
0,003770594
0,003859078
0,004005355
0,004138135
0,003669612
0,004017145
0,003960666
0,003627539
0,003694372
0,003970004
0,003787646
0,004069897
0,003566948
0,003389767
0,004515935
0,003653998
0,005417758
0,002278773
0,003720541
0,004394897
0,003963439
0,003459024
0,004147747
0,004139108
0,003675377
0,00350838
0,004375426
0,002997426
0,003749317
0,00390149
0,003577407
0,003982948
0,003753648
0,003616711
0,003690566
0,004033859
0,004259949
0,004310933
0,004303169
0,004014186
0,003951609
0,004014873
0,004131603
0,0044923
0,002674305
0,002662096
0,0042132
0,004099283
0,003762751
0,003463052
0,003300124
0,003884769
0,003764582
0,005921359
0,002452305
0,005700787
0,00323819
0,00289523
0,004541434
0,002872109
0,004362071
0,00363396
0,004193016
0,004119651
0,004357786
0,004125617
0,004297182
0,003815719
0,003653243
0,002418732
0,00349959
0,003076532
0,004057985
0,00413773
0,003973383
0,003876103
0,004100318
0,003808617
0,003792747
0,004449391
0,003535934
0,003934475
0,003638954
0,004098769
0,00343386
0,005068115
0,003845142
0,002465954
0,003543165
0,004371629
0,004352754
0,002931651
0,002133328
0,00545527
0,002242929
0,003215294
0,003667244
0,003787172
0,003517281
0,004203773
0,003780075
0,003930112
0,003805629
0,004231708
0,00320549
0,003744695
0,004130361
0,003584617
0,003994067
0,003884033
0,003864454
0,003596551
0,004126918
0,004191754
0,003600116
0,003846844
0,00403748
0,003451375
0,004583846
0,0036782
0,003930841
0,003253366
0,002666345
0,00227609
0,003708358
0,004132314
0,004271674
0,00386816
0,003588923
0,00585123
0,002622433
0,003827217
0,003195142
0,003067746
0,004448774
0,003997326
0,003687903
0,0040559
0,003567495
0,004336078
0,004227598
0,003761916
0,004030598
0,004113493
0,00418013
0,003641534
0,004310483
0,003953278
0,003884753
0,003995747
0,004817396
0,003976543
0,003355897
0,002998899
0,002019283
0,004325211
0,003872523
0,004111018
0,002411813
0,002571435
0,003827664
0,003799864
0,004223708
0,002905056
0,004625549
0,004276215
0,004028796
0,004372662
0,003902067
0,002229484
0,004366888
0,005121972
0,003894085
0,004679688
0,002253376
0,00642448
0,003964028
0,003160559
0,003439699
0,003731401
0,003867674
0,00362461
0,00346659
0,004599345
0,003949505
0,003596032
0,003826308
0,004066103
0,004132657
0,003441096
0,003923753
0,004045766
0,003890357
0,003981571
0,004160075
0,003779135
0,003740605
0,003752025
0,003389642
0,004011184
0,003543609
0,004382864
0,003851407
0,003782552
0,003484428
0,004596292
0,003806604
0,003935615
0,003504297
0,003848171
0,004655842
0,004005247
0,00411367
0,006542264
0,002057566
0,003661519
0,004636609
0,003368247
0,003817317
0,003966914
0,003503844
0,003511824
0,003707779
0,003365065
0,004263821
0,003756671
0,00373547
0,003578531
0,003108146
0,002222706
0,003620072
0,004011622
0,003974216
0,003874213
0,004269232
0,003289665
0,004426365
0,004348598
0,003961164
0,002649434
0,003696537
0,003557384
0,003524717
0,003678451
0,004374953
0,003803835
0,003860054
0,003904657
0,00393789
0,003660069
0,004298254
0,004799982
0,003111789
0,005257586
0,00222087
0,003540565
0,004619361
0,002352361
0,003880842
0,003603306
0,003534754
0,004101142
0,003827359
0,003843787
0,004392985
0,003536857
0,004083972
0,004066653
0,00419028
0,003014916
0,003573717
0,004189474
0,003257173
0,00355909
0,002473233
0,004132768
0,004327475
0,004225786
0,003470076
0,003864302
0,004225953
0,003799975
0,003900949
0,005159465
0,004234544
0,004285926
0,002702644
0,003209997
0,003369957
0,004386832
0,003630687
0,004069195
0,005057174
0,002094998
0,003563504
0,00373348
0,003912757
0,004000647
0,003794314
0,003877932
0,00445782
0,002829256
0,004113912
0,004296599
0,003217276
0,003023993
0,002068857
0,004467066
0,003539095
0,00289864
0,00371529
0,004162796
0,003723707
0,004422063
0,003526956
0,002397827
0,003805632
0,006533857
0,003816953
0,002975023
0,003917476
0,003568864
0,004772614
0,002123947
0,003702337
0,00398628
0,003891333
0,003814238
0,003602257
0,005747419
0,002062809
0,003228584
0,003828505
0,003298831
0,003497452
0,004118621
0,00277676
0,003584264
0,003698534
0,004010419
0,003678161
0,004244455
0,003872967
0,004509238
0,004092057
0,004263571
0,003144592
0,002719688
0,00306758
0,003799891
0,003986506
0,00393576
0,004387389
0,004144974
0,00369125
0,003982262
0,005230474
0,004307926
0,002299584
0,003761164
0,004303011
0,003858981
0,002824814
0,001957699
0,003379765
0,003288233
0,004453803
0,002986915
0,003578597
0,003889899
0,003790695
0,003216567
0,003460787
0,002172347
0,004153184
0,003725833
0,003924588
0,003729736
0,003911238
0,003778174
0,004027424
0,003752665
0,00376179
0,003838671
0,003892589
0,004084227
0,00374247
0,003543606
0,002227789
0,003733286
0,004196325
0,00365575
0,004515236
0,004471485
0,00419031
0,002456949
0,003916942
0,003297637
0,003633124
0,003044492
0,004754442
0,002545042
0,004936914
0,003009234
0,003746231
0,003776847
0,003601511
0,004301748
0,003155476
0,00401954
0,003153048
0,003891001
0,004334518
0,003649652
0,003360216
0,003547708
0,002307785
0,003640753
0,004125317
0,003833524
0,004286081
0,003784247
0,0037204
0,003684875
0,003654747
0,00351683
0,004002267
0,003434178
0,003239019
0,004175026
0,003580947
0,003906766
0,004696683
0,002353325
0,004018493
0,003641005
0,003456391
0,003586085
0,003147261
0,003101693
0,002651749
0,001852193
0,004195603
0,003448909
0,00405153
0,00389351
0,003994604
0,003796247
0,004278007
0,004047196
0,003487248
0,004214545
0,00381061
0,00307931
0,003969161
0,003844418
0,003787793
0,003955569
0,003879149
0,00400097
0,00405021
0,003849533
0,003881022
0,0050948
0,002775139
0,003569058
0,002071036
0,003875905
0,003901153
0,004500028
0,003194772
0,002926042
0,003781192
0,003850674
0,004430416
0,003535593
0,003900977
0,003729048
0,003920924
0,003947439
0,003680661
0,004225999
0,003210876
0,004081581
0,003935711
0,004517688
0,003671841
0,003136191
0,004450398
0,003935331
0,00394202
0,003753469
0,003648843
0,003814727
0,003679249
0,005612425
0,003592533
0,004307349
0,003873476
0,00507296
0,002004495
0,004012545
0,003852068
0,005097233
0,004245903
0,004808704
0,002289156
0,004195681
0,003953257
0,003975902
0,003853836
0,003717069
0,00363124
0,003918442
0,004188087
0,003978178
0,003369636
0,003093389
0,00218208
0,003959223
0,004960501
0,004346512
0,004177746
0,002655074
0,004024476
0,003916548
0,002771044
0,003744914
0,002412207
0,004266978
0,00332255
0,003497994
0,003095946
0,004170671
0,003565707
0,003985319
0,004084512
0,004158426
0,003887797
0,003733803
0,003605771
0,003372538
0,003563142
0,004623028
0,005791906
0,002355121
0,00393755
0,00363384
0,003412185
0,003810911
0,003315832
0,004224356
0,004296047
0,003935222
0,003947521
0,002782486
0,002062222
0,004390639
0,004160169
0,004342023
0,003779151
0,004223768
0,004965454
0,003054652
0,002837468
0,003933328
0,005133939
0,003957666
0,004323121
0,001634227
0,003752224
0,003962777
0,003682017
0,003696008
0,003739311
0,003906779
0,004085029
0,003815181
0,003495864
0,004421995
0,002202793
0,003767324
0,00361097
0,003791824
0,003093838
0,00400333
0,003740053
0,003673071
0,00475203
0,002604793
0,004586351
0,003890944
0,003732819
0,003550231
0,003503805
0,003949441
0,003908188
0,004610791
0,004119711
0,003947876
0,00202069
0,00303685
0,00367591
0,003878101
0,004113349
0,004201738
0,004098039
0,003976596
0,004063794
0,003906216
0,003281283
0,003927314
0,00379034
0,00395998
0,003045622
0,00256528
0,003954392
0,00416744
0,004319566
0,003952608
0,004149011
0,003395382
0,003616567
0,003265445
0,00365346
0,003906996
0,004388036
0,003876913
0,005315361
0,003162266
0,003441459
0,003141603
0,003600935
0,005367416
0,002038361
0,002910928
0,004338929
0,003385504
0,003530102
0,004066144
0,00349133
0,003746506
0,004332121
0,004080539
0,002840144
0,003612724
0,004194561
0,003627858
0,003523714
0,003845471
0,004329289
0,003777586
0,004839127
0,002827203
0,002933868
0,002607289
0,004253085
0,004030774
0,004428016
0,004823437
0,002120755
0,004389722
0,003846569
0,003548225
0,004150706
0,003787469
0,003895401
0,004204864
0,00227759
0,003676193
0,004416871
0,003403809
0,003456629
0,004249499
0,004404335
0,002567443
0,003736992
0,003054165
0,003860196
0,004070547
0,003710174
0,003746394
0,003748029
0,004210504
0,003511846
0,003608508
0,004139292
0,004246395
0,004080688
0,003860099
0,003995389
0,004321469
0,004259741
0,003404661
0,002472898
0,004114506
0,003845166
0,003981607
0,004170553
0,003619356
0,00416263
0,00554262
0,002600368
0,005580539
0,004765932
0,00369835
0,002483187
0,003664322
0,003945523
0,003898715
0,003725759
0,003670379
0,003927138
0,003951164
0,003957955
0,004124205
0,003825717
0,003948107
0,003759727
0,004017673
0,00400374
0,004275436
0,002951625
0,003985931
0,004410566
0,004008865
0,00372567
0,005556405
0,004014779
0,003991206
0,002115863
0,003611753
0,004272032
0,003650332
0,003482139
0,003993128
0,00439158
0,003833238
0,004122054
0,002929809
0,002707364
0,004134423
0,003972262
0,003844294
0,00443696
0,003833741
0,003747737
0,004722719
0,003178316
0,002269745
0,007181166
0,006318756
0,003285491
0,003469618
0,003931569
0,00458497
0,00325088
0,002952543
0,003740298
0,003695534
0,004058128
0,002278778
0,003564246
0,00411913
0,003981817
0,005447658
0,002766376
0,002962997
0,004257559
0,00413598
0,004268197
0,003738983
0,005584219
0,002527669
0,003182558
0,004104422
0,002983838
0,003326707
0,003485389
0,005153403
0,004137442
0,002842343
0,003321278
0,004469738
0,003849442
0,003665605
0,003748341
0,003428687
0,003567596
0,003652101
0,004280305
0,002326057
0,004465545
0,003910209
0,004207427
0,003681759
0,003974144
0,005313406
0,004124055
0,002084667
0,003623191
0,003868715
0,004039518
0,003947947
0,005226512
0,004217696
0,002799107
0,003341893
0,00368051
0,003574636
0,003829967
0,003573472
0,003459544
0,003669117
0,004204599
0,003619151
0,004296146
0,003981878
0,003810553
0,003681067
0,00407479
0,00283831
0,00432362
0,004311204
0,004101421
0,003209243
0,003072814
0,003935483
0,004907216
0,003596517
0,002364991
0,00384052
0,003954403
0,004053644
0,003847683
0,003861871
0,004591972
0,003392138
0,003098969
0,003644308
0,00365534
0,003466986
0,003698156
0,004168294
0,004077386
0,004153953
0,003489401
0,003992346
0,004677717
0,004547813
0,003916448
0,003125493
0,002285093
0,004237677
0,004100632
0,003921685
0,003864802
0,003938696
0,003497485
0,004436821
0,004481998
0,004484165
0,004279974
0,002094935
0,003458261
0,003307277
0,004788556
0,002413374
0,003507108
0,003981147
0,00378726
0,003076271
0,00250129
0,005858666
0,00660909
0,003681347
0,003037791
0,002916679
0,003449286
0,003628975
0,003376807
0,00338532
0,003996936
0,003266676
0,002903448
0,003443429
0,003557898
0,002925119
0,003608351
0,003817645
0,003173056
0,003365883
0,003536459
0,003616486
0,00343225
0,003591464
0,003648514
0,003856413
0,003913523
0,003238046
0,004316544
0,00185024
0,003506152
0,00333658
0,013755386
0,002626907
0,003778702
0,003285049
0,002834526
0,002890102
0,003470485
0,004909154
0,002521192
0,003127798
0,002701652
0,003041994
0,00367261
0,003003065
0,001882629
0,003022576
0,002827839
0,002848052
0,002244774
0,002384563
0,002359842
0,002979285
0,002931641
0,00246494
0,003408199
0,002795857
0,001980093
0,002273462
0,002919529
0,002323022
0,002421033
0,002514454
0,002371499
0,003269238
0,002282202
0,002231673
0,002526162
0,002260485
0,001870632
0,002616963
0,002626636
0,002667067
0,002592245
0,003137715
0,003365202
0,00305551
0,003099521
0,003552951
0,002039214
0,001911283
0,002379816
0,002385209
0,004068528
0,004507976
0,004129763
0,002156969
0,002917118
0,00242719
0,001905925
0,002559965
0,002610487
0,002513187
0,002520203
0,002283299
0,002853847
0,003043311
0,003013013
0,002130819
0,001783705
0,002521033
0,002982004
0,003044018
0,003102804
0,00201155
0,002015744
0,002805502
0,00242694
0,002304336
0,002698616
0,002220469
0,002434439
0,002551506
0,002694022
0,002352608
0,002846841
0,002636007
0,002298255
0,002508248
0,002336231
0,002417352
0,003067013
0,002719912
0,002251789
0,001806591
0,002046807
0,002407147
0,002272807
0,004855016
0,002210577
0,003178772
0,002003717
0,001798733
0,00294583
0,002993052
0,003024103
0,003466052
0,001852793
0,002153635
0,002456012
0,002520392
0,001695598
0,002373161
0,002431132
0,002191093
0,00228728
0,002502165
0,002424854
0,002320873
0,002880985
0,002601091
0,002467045
0,002397911
0,00232654
0,003794316
0,003830337
0,002153012
0,001976375
0,002551588
0,002003523
0,002573127
0,002716567
0,00233056
0,002499882
0,002414336
0,002358711
0,002615824
0,002215603
0,002631931
0,002462145
0,002228612
0,002467493
0,002238791
0,002642581
0,002288279
0,0022047
0,002528565
0,002618949
0,002821116
0,002243571
0,002727662
0,002265518
0,002849183
0,002309676
0,002620859
0,002445068
0,002245471
0,002750395
0,003655202
0,002142895
0,002912055
0,002534381
0,002524557
0,002304944
0,002448149
0,002478109
0,002590947
0,002161815
0,002325774
0,002797982
0,002090894
0,002089691
0,002155981
0,002000021
0,002164103
0,002148389
0,002234093
0,001911434
0,002125083
0,002150906
0,00221004
0,002162995
0,001965133
0,00234226
0,001858527
0,002259227
0,002117228
0,002248628
0,002145002
0,002289726
0,002217206
0,002274898
0,002435639
0,002866678
0,002586114
0,002839301
0,002395931
0,00213616
0,002039102
0,001848213
0,001742533
0,001902821
0,002463803
0,002526148
0,001533698
0,002584719
0,001807138
0,001996412
0,001874126
0,002006908
0,001912728
0,001848263
0,001755145
0,001696398
0,001929198
0,001864633
0,001669318
0,001694591
0,001736781
0,001840386
0,001726582
0,001809685
0,001764218
0,003312053
0,001671979
0,001662812
0,003449587
0,003120995
0,001465248
0,002247457
0,001672469
0,00186328
0,001979784
0,001981592
0,002265166
0,002206223
0,001529069
0,001675642
0,001631393
0,001739176
0,001631765
0,001672457
0,001798479
0,001864611
0,00205033
0,001897149
0,001842392
0,001904893
0,001700133
0,001604333
0,001555495
0,001718719
0,00155058
0,001762589
0,001525615
0,00160414
0,001677317
0,00161597
0,001594594
0,001665178
0,001574462
0,00170964
0,001609507
0,001701363
0,00187977
0,001638375
0,001612942
0,001579428
0,001680991
0,001821133
0,001524246
0,00158386
0,001696354
0,00178433
0,001571601
0,001538806
0,0015947
0,001545801
0,001705271
0,001868726
0,001512792
0,001784533
0,001509643
0,001762852
0,001540527
0,001542346
0,001530669
0,001639485
0,001594229
0,001690574
0,001627698
0,001620788
0,001538017
0,00166489
0,001704072
0,001678701
0,00168612
0,00163243
0,001616343
0,001553801
0,001623101
0,001614166
0,001619578
0,001633342
0,00172905
0,001670015
0,001604759
0,001578469
0,001526349
0,001521656
0,001721508
0,001572637
0,001525992
0,001688645
0,003297072
0,001960817
0,001787422
0,001592454
0,001648377
0,001714246
0,001928483
0,001878088
0,001744448
0,001824098
0,002058576
0,001542607
0,001633166
0,001871335
0,001927512
0,001875312
0,001819055
0,001633397
0,001973908
0,001727949
0,002169137
0,001691947
0,001582362
0,001688166
0,001495784
0,001709569
0,001585004
0,001558476
0,001579275
0,001709029
0,001526009
0,001758619
0,001599683
0,001658212
0,001690717
0,00160958
0,001566395
0,001709911
0,001861372
0,001502371
0,001493527
0,001802801
0,001587432
0,001521569
0,001570309
0,001526744
0,001616854
0,001500892
0,001518976
0,001634227
0,001526761
0,001575717
0,001579453
0,001599888
0,001735825
0,001486007
0,001655152
0,001700236
0,001637386
0,001692897
0,001609689
0,001519554
0,001765198
0,001989766
0,001624773
0,001648358
0,001840643
0,002237924
0,001841175
0,001588423
0,001584066
0,001586639
0,001738624
0,001840472
0,001751067
0,001616338
0,001867722
0,001678526
0,001568835
0,001590562
0,001780111
0,00154042
0,00150317
0,00159209
0,001526665
0,001643945
0,001572379
0,001547992
0,002646505
0,002651586
0,00146306
0,001550754
0,003348609
0,001574754
0,001522553
0,001651971
0,001575707
0,001596268
0,001627018
0,001871677
0,001682504
0,001568091
0,001649014
0,001916992
0,001887595
0,001871897
0,001889401
0,001968671
0,001622788
0,001481334
0,001489492
0,001516762
0,001691598
0,001487923
0,001737311
0,001553281
0,001569022
0,001670105
0,001490817
0,001656168
0,001740607
0,001535911
0,001722013
0,001665625
0,001844642
0,00159832
0,001525519
0,001603487
0,001623404
0,001545474
0,001625199
0,00149404
0,001501021
0,001703646
0,001847637
0,001715506
0,001636086
0,001916236
0,001676221
0,001675023
0,001886985
0,001760202
0,00154049
0,001754118
0,001483709
0,00164649
0,001595858
0,001609063
0,001750892
0,001732702
0,001769966
0,001552357
0,001709633
0,001628449
0,001523578
0,001569471
0,001557791
0,001647582
0,001899
0,001521672
0,001513107
0,001509341
0,001701945
0,001593145
0,001618231
0,001583096
0,001733697
0,001580359
0,001660917
0,001673372
0,001863225
0,00153709
0,001925968
0,001688771
0,001718058
0,001935943
0,00193335
0,001589712
0,001651032
0,001561978
0,00157804
0,001612768
0,003542035
0,001900873
0,002052053
0,00188447
0,001961846
0,001565388
0,001595948
0,001622543
0,001545401
0,001583961
0,001551957
0,001659024
0,001655856
0,001624122
0,001800743
0,001685391
0,001682881
0,001594111
0,0016497
0,001555195
0,001647539
0,001587246
0,001563101
0,00176028
0,001630341
0,001600733
0,001586304
0,001546613
0,001526486
0,001762941
0,001651208
0,001468613
0,001544896
0,001487412
0,001695216
0,001650055
0,001719556
0,001717007
0,001938432
0,001726027
0,001481089
0,001604451
0,001535889
0,001659055
0,001550064
0,001802123
0,00157299
0,001561125
0,001601551
0,001547672
0,00164522
0,001590817
0,001629018
0,001562852
0,001678525
0,001720397
0,001476254
0,001678324
0,001516125
0,001640153
0,00156833
0,001595754
0,001826355
0,002005673
0,001595254
0,001570527
0,001796059
0,001768267
0,001544494
0,001638859
0,00191371
0,001627008
0,001863187
0,001771977
0,00170312
0,00167463
0,001891923
0,001701266
0,00160367
0,001567534
0,001533281
0,001756483
0,00155952
0,001718728
0,001584772
0,001530231
0,00320124
0,001556983
0,001625655
0,001539661
0,001512059
0,001561905
0,001793972
0,001838618
0,001708097
0,001711434
0,001851905
0,001569221
0,001424518
0,001530673
0,001492118
0,001573153
0,001733821
0,001635208
0,001601215
0,00157139
0,001468428
0,001617018
0,001583951
0,001533945
0,001611496
0,001723773
0,001655025
0,001817725
0,001535938
0,001552103
0,001611824
0,001652348
0,001710989
0,001759037
0,001553156
0,001708012
0,00170674
0,001603171
0,001589526
0,001628934
0,001618272
0,001800564
0,00157108
0,001626774
0,001490475
0,001510931
0,001803437
0,001479012
0,001680573
0,001555287
0,001541629
0,001543365
0,001917148
0,001699145
0,001663344
0,001555166
0,001554147
0,001622575
0,001596216
0,001605665
0,00156268
0,001741774
0,001549572
0,001627799
0,001581258
0,001743711
0,001867611
0,001549838
0,001679848
0,001609602
0,001521976
0,001587355
0,001567143
0,001786207
0,001479172
0,001497015
0,001575978
0,001944157
0,001563553
0,001601555
0,00184599
0,001514338
0,003383751
0,00186553
0,001673695
0,001659076
0,001613256
0,001663999
0,001580009
0,001547832
0,001673902
0,001663042
0,001629562
0,002018873
0,001577762
0,001532596
0,001683685
0,00162449
0,001729367
0,001803967
0,001511532
0,001453294
0,001525882
0,001805338
0,001656559
0,001640471
0,001771385
0,001603539
0,001901905
0,001862461
0,00153718
0,001543475
0,001665645
0,001778824
0,001583189
0,001894173
0,002022411
0,001730217
0,001736942
0,001652254
0,001557234
0,001697246
0,001669573
0,00169307
0,001562387
0,001527383
0,00157774
0,001696263
0,001581584
0,001522792
0,001665317
0,001639803
0,001725166
0,001540264
0,001741737
0,001740501
0,001651238
0,001832535
0,001895434
0,001725772
0,001594654
0,001536171
0,001511222
0,001554863
0,001649403
0,001651131
0,001618217
0,001627096
0,001647705
0,00161916
0,001595702
0,001540901
0,001542068
0,001589992
0,001523639
0,001575132
0,001563479
0,001650793
0,001706124
0,00159789
0,001589072
0,003199386
0,001718533
0,001772171
0,001567966
0,001557498
0,001462619
0,001545824
0,001544088
0,001481665
0,001529034
0,001632628
0,001951484
0,001725147
0,001569085
0,001633109
0,001522192
0,001510325
0,001526539
0,001772792
0,001581912
0,00167242
0,001600718
0,001569612
0,001482648
0,001524036
0,001613638
0,001571276
0,001565134
0,001500644
0,001611032
0,001834893
0,001665484
0,001563055
0,00156009
0,001485339
0,001537595
0,00158099
0,001551987
0,001694104
0,001498472
0,001753882
0,001486238
0,001588385
0,001609401
0,001545054
0,001760666
0,001555432
0,001745238
0,001488536
0,001576469
0,001567563
0,00150996
0,001576412
0,001529024
0,001527001
0,001559114
0,001490967
0,001493835
0,001622135
0,001552306
0,001477905
0,001451333
0,001476926
0,001499233
0,001567263
0,001745373
0,001656548
0,001496804
0,001588831
0,001593432
0,001560856
0,001490321
0,001663673
0,001599487
0,001491401
0,001491952
0,001581183
0,001528582
0,001602745
0,001579438
0,001593593
0,001551452
0,001558897
0,001487086
0,00160941
0,001585529
0,001510589
0,001535467
0,001584463
0,00148903
0,001550915
0,003340713
0,0015789
0,001552662
0,001555315
0,001595853
0,001549468
0,00149848
0,001529897
0,001497444
0,001510119
0,001501817
0,001623661
0,001476054
0,001466277
0,001547552
0,001678105
0,001525949
0,001510619
0,001546609
0,001502649
0,00151104
0,001537226
0,001522869
0,001486511
0,001475774
0,001516286
