8,4686E-5
8,4296E-5
7,9805E-5
8,4862E-5
7,9317E-5
7,9476E-5
7,9187E-5
8,109E-5
8,0089E-5
7,821E-5
8,308E-5
8,8025E-5
8,0215E-5
8,1729E-5
8,3304E-5
7,9175E-5
7,9374E-5
8,0293E-5
7,9996E-5
7,9481E-5
8,6149E-5
7,7581E-5
8,3823E-5
7,8604E-5
8,0866E-5
7,9519E-5
8,1523E-5
7,9404E-5
7,913E-5
7,977E-5
7,6928E-5
7,7966E-5
7,7911E-5
8,0406E-5
7,8523E-5
7,8834E-5
7,8354E-5
7,7451E-5
7,8071E-5
7,8884E-5
8,2645E-5
7,8473E-5
7,785E-5
8,0157E-5
7,762E-5
7,7763E-5
7,668E-5
7,8769E-5
7,7569E-5
7,9987E-5
7,8514E-5
8,2336E-5
8,1637E-5
8,0615E-5
8,1758E-5
7,8601E-5
8,2739E-5
8,832E-5
8,0246E-5
8,0604E-5
8,0674E-5
7,8754E-5
8,1944E-5
1,44621E-4
1,39158E-4
8,031E-5
8,4143E-5
8,0161E-5
7,8588E-5
7,8963E-5
7,9954E-5
7,8026E-5
7,6795E-5
7,9505E-5
8,0077E-5
8,1329E-5
7,9411E-5
7,9057E-5
8,0191E-5
7,9893E-5
8,0885E-5
7,9857E-5
8,0052E-5
7,9138E-5
7,9018E-5
7,9821E-5
8,1268E-5
7,9124E-5
7,9431E-5
7,9432E-5
7,9426E-5
8,0063E-5
1,41911E-4
1,40015E-4
1,43896E-4
1,44282E-4
8,0705E-5
7,9136E-5
7,9814E-5
8,0814E-5
8,1086E-5
7,8827E-5
8,3581E-5
7,9232E-5
7,8615E-5
7,9828E-5
8,1114E-5
8,0444E-5
8,4996E-5
8,0147E-5
8,0751E-5
8,1206E-5
8,0986E-5
8,0997E-5
8,8336E-5
7,9446E-5
7,6409E-5
7,595E-5
9,1116E-5
7,6303E-5
7,5837E-5
7,7357E-5
7,6768E-5
7,7572E-5
7,9165E-5
7,6201E-5
8,4722E-5
7,6251E-5
7,7685E-5
7,5942E-5
8,1027E-5
7,9679E-5
8,0324E-5
8,0113E-5
7,9975E-5
7,9292E-5
7,9831E-5
8,0414E-5
8,0753E-5
8,2079E-5
7,9393E-5
8,0402E-5
7,9546E-5
8,3088E-5
7,974E-5
7,9865E-5
9,3521E-5
7,8799E-5
8,0576E-5
7,9872E-5
8,0057E-5
7,9082E-5
7,6494E-5
7,718E-5
1,0241E-4
7,668E-5
9,0765E-5
8,1191E-5
8,0705E-5
7,9693E-5
8,2938E-5
7,9523E-5
7,8105E-5
8,0205E-5
8,3261E-5
7,7797E-5
7,9358E-5
7,9564E-5
1,04327E-4
8,1121E-5
8,1095E-5
7,9866E-5
8,4828E-5
7,981E-5
8,7773E-5
7,8574E-5
7,9589E-5
7,9426E-5
8,6783E-5
7,9729E-5
7,8736E-5
7,9294E-5
9,2648E-5
8,0003E-5
7,9617E-5
8,0042E-5
7,9161E-5
7,9516E-5
8,2168E-5
8,0882E-5
8,2196E-5
8,0387E-5
8,0561E-5
8,352E-5
8,2695E-5
8,1138E-5
8,1594E-5
9,6128E-5
8,4058E-5
8,0075E-5
7,9841E-5
8,2205E-5
8,2928E-5
7,9663E-5
8,1592E-5
7,9043E-5
8,1318E-5
7,8247E-5
8,134E-5
7,9129E-5
9,1228E-5
7,8944E-5
8,0685E-5
7,7602E-5
7,6647E-5
7,7668E-5
8,096E-5
7,8301E-5
7,9522E-5
8,2519E-5
8,8395E-5
8,0332E-5
7,9716E-5
8,2428E-5
8,0091E-5
7,5242E-5
7,9914E-5
7,8665E-5
7,932E-5
8,0214E-5
7,6605E-5
7,8933E-5
7,8269E-5
7,6941E-5
7,7754E-5
7,6706E-5
7,6535E-5
7,851E-5
7,5699E-5
8,0397E-5
7,889E-5
7,6715E-5
7,8207E-5
7,7655E-5
8,438E-5
8,0035E-5
7,7831E-5
7,7781E-5
7,8658E-5
7,6881E-5
7,837E-5
7,6545E-5
7,8299E-5
7,6492E-5
7,8533E-5
7,6799E-5
1,05343E-4
7,6613E-5
7,8213E-5
7,7882E-5
7,7189E-5
7,8129E-5
7,7601E-5
7,7019E-5
7,8593E-5
7,8606E-5
7,916E-5
7,634E-5
7,7144E-5
7,6965E-5
7,6063E-5
7,7487E-5
7,7486E-5
7,7226E-5
9,5536E-5
7,6999E-5
7,8436E-5
7,8649E-5
8,2145E-5
7,6339E-5
9,3972E-5
7,7507E-5
7,6512E-5
7,6034E-5
7,6109E-5
7,6434E-5
7,7531E-5
7,6932E-5
7,7386E-5
7,8342E-5
7,8245E-5
7,7024E-5
7,7959E-5
7,6666E-5
7,827E-5
7,8157E-5
7,8232E-5
7,8895E-5
7,793E-5
7,637E-5
7,7079E-5
7,5894E-5
7,7502E-5
7,8126E-5
7,8337E-5
7,8018E-5
8,298E-5
7,9513E-5
7,9396E-5
7,8834E-5
9,9714E-5
7,7785E-5
7,8016E-5
7,7836E-5
7,8458E-5
7,8372E-5
7,8581E-5
7,8962E-5
7,7561E-5
7,8721E-5
7,7912E-5
7,9027E-5
7,8611E-5
7,7884E-5
7,9068E-5
7,9702E-5
7,7737E-5
7,7016E-5
7,8084E-5
7,7909E-5
7,6911E-5
7,8174E-5
7,8121E-5
7,9986E-5
7,8623E-5
7,8878E-5
7,8485E-5
7,7856E-5
7,7827E-5
7,9196E-5
7,7963E-5
7,7769E-5
8,2077E-5
7,8059E-5
7,9968E-5
7,798E-5
7,7015E-5
7,7465E-5
7,9283E-5
7,6566E-5
7,6917E-5
7,5991E-5
7,7682E-5
7,8124E-5
9,3351E-5
7,9126E-5
7,5851E-5
7,7824E-5
7,7413E-5
7,7632E-5
7,8457E-5
7,7331E-5
7,6355E-5
7,7782E-5
7,5966E-5
7,5682E-5
7,6791E-5
7,7297E-5
7,7137E-5
7,8083E-5
7,7447E-5
7,7407E-5
7,6694E-5
7,8328E-5
7,7257E-5
7,7904E-5
7,7025E-5
7,7261E-5
7,6201E-5
9,3231E-5
7,6819E-5
7,6709E-5
7,6205E-5
7,72E-5
7,5877E-5
7,507E-5
7,4877E-5
7,5653E-5
7,6792E-5
7,8587E-5
7,6061E-5
7,8334E-5
7,6268E-5
8,013E-5
7,6415E-5
7,6028E-5
7,5408E-5
7,595E-5
8,0246E-5
7,6884E-5
7,594E-5
8,0343E-5
7,5636E-5
7,6697E-5
7,5114E-5
7,728E-5
7,8268E-5
7,5079E-5
7,7616E-5
7,6971E-5
7,7859E-5
9,2444E-5
7,7611E-5
7,77E-5
7,6492E-5
7,7911E-5
7,7841E-5
7,737E-5
7,6218E-5
7,6926E-5
7,8487E-5
7,7943E-5
9,5948E-5
7,9482E-5
8,1425E-5
7,6978E-5
7,6877E-5
7,7436E-5
7,8262E-5
7,663E-5
7,6018E-5
7,8353E-5
8,1093E-5
7,6571E-5
7,6056E-5
7,9187E-5
8,1968E-5
9,7985E-5
7,9971E-5
7,729E-5
7,9957E-5
7,9089E-5
7,8175E-5
7,7925E-5
7,9239E-5
7,7432E-5
7,6695E-5
7,6115E-5
7,5649E-5
9,5294E-5
7,6186E-5
7,694E-5
7,7696E-5
7,6937E-5
7,814E-5
7,8975E-5
7,8258E-5
7,8437E-5
7,8065E-5
7,7218E-5
7,8361E-5
7,8317E-5
7,7434E-5
7,7359E-5
7,9972E-5
7,9186E-5
7,7652E-5
7,7036E-5
8,0004E-5
7,8654E-5
7,9728E-5
7,8411E-5
7,8839E-5
7,8545E-5
7,7916E-5
7,8516E-5
7,8463E-5
7,7688E-5
8,1742E-5
7,6933E-5
7,679E-5
7,8881E-5
7,8269E-5
7,8567E-5
7,7419E-5
7,9001E-5
7,7628E-5
7,8193E-5
7,8675E-5
7,9851E-5
7,7371E-5
7,8147E-5
7,8235E-5
7,8784E-5
8,0179E-5
7,83E-5
7,9526E-5
7,9663E-5
7,67E-5
7,7896E-5
7,8526E-5
7,972E-5
7,8256E-5
7,9047E-5
7,9033E-5
8,076E-5
7,7791E-5
7,6366E-5
7,827E-5
7,8633E-5
7,547E-5
7,9089E-5
7,7065E-5
7,7727E-5
9,067E-5
8,4946E-5
7,6723E-5
7,7914E-5
7,7781E-5
7,7151E-5
7,6932E-5
7,6817E-5
8,647E-5
1,03238E-4
8,4604E-5
7,991E-5
7,9083E-5
7,8418E-5
7,8487E-5
7,7653E-5
7,8667E-5
8,0713E-5
7,8176E-5
7,7116E-5
7,6514E-5
7,8155E-5
7,8397E-5
8,7325E-5
8,899E-5
8,0561E-5
7,7555E-5
7,8333E-5
7,5025E-5
7,8771E-5
7,5254E-5
7,7855E-5
7,723E-5
7,7541E-5
9,3892E-5
7,7694E-5
7,6679E-5
7,6985E-5
7,7834E-5
7,5897E-5
7,7279E-5
7,7298E-5
7,6197E-5
7,8304E-5
7,6951E-5
8,2339E-5
7,9353E-5
7,6309E-5
7,9361E-5
7,6039E-5
7,6371E-5
7,8424E-5
7,6705E-5
7,7133E-5
8,0199E-5
7,6691E-5
7,7753E-5
7,7895E-5
7,7801E-5
7,6287E-5
7,6659E-5
7,7207E-5
8,1871E-5
7,69E-5
7,6921E-5
8,7105E-5
7,5637E-5
7,8181E-5
7,6828E-5
7,6946E-5
7,78E-5
7,7562E-5
8,078E-5
8,113E-5
7,9777E-5
8,0545E-5
8,0516E-5
8,0646E-5
8,0074E-5
8,1138E-5
8,0373E-5
8,9197E-5
8,022E-5
7,9773E-5
8,1591E-5
7,9694E-5
8,2464E-5
7,9835E-5
8,0754E-5
8,1355E-5
8,4307E-5
8,019E-5
8,3019E-5
8,0714E-5
8,1094E-5
7,983E-5
8,14E-5
8,2505E-5
7,988E-5
8,2169E-5
7,8871E-5
7,6074E-5
7,7841E-5
7,7228E-5
7,8247E-5
7,6985E-5
8,0201E-5
7,6639E-5
7,7609E-5
7,9896E-5
8,4065E-5
7,9236E-5
8,2212E-5
7,9453E-5
8,189E-5
7,9639E-5
7,8363E-5
7,9007E-5
7,9163E-5
7,9953E-5
7,8895E-5
7,9101E-5
7,8516E-5
7,9791E-5
7,7875E-5
8,0108E-5
8,069E-5
8,0389E-5
8,2314E-5
7,8747E-5
7,9316E-5
7,8298E-5
8,0026E-5
8,2496E-5
7,8611E-5
8,1792E-5
7,9821E-5
9,6064E-5
7,8521E-5
7,8155E-5
7,9159E-5
7,839E-5
7,9011E-5
7,7801E-5
8,0315E-5
7,8206E-5
7,7933E-5
7,5172E-5
7,6216E-5
7,7473E-5
7,6493E-5
7,6409E-5
7,5551E-5
7,6912E-5
7,587E-5
7,5863E-5
7,6365E-5
7,979E-5
7,7608E-5
7,6998E-5
7,7317E-5
7,6494E-5
7,7956E-5
7,5099E-5
7,8068E-5
7,575E-5
7,7802E-5
7,7398E-5
7,7439E-5
7,5849E-5
7,8033E-5
9,8751E-5
9,1769E-5
8,0474E-5
8,0538E-5
7,8988E-5
7,8502E-5
8,331E-5
9,3805E-5
7,8598E-5
8,0471E-5
7,8653E-5
8,0207E-5
8,2044E-5
8,0844E-5
8,2107E-5
9,2393E-5
8,2577E-5
8,5076E-5
8,1249E-5
8,0392E-5
8,0863E-5
8,2231E-5
8,1638E-5
8,0994E-5
8,2107E-5
8,1692E-5
1,5989E-4
8,961E-5
7,9619E-5
8,4074E-5
8,1759E-5
7,9194E-5
8,0964E-5
8,1775E-5
7,76E-5
8,9592E-5
7,8392E-5
8,201E-5
8,0154E-5
7,8912E-5
7,9378E-5
8,1576E-5
7,9099E-5
8,0647E-5
8,4022E-5
8,2443E-5
7,8443E-5
7,9457E-5
7,9945E-5
7,976E-5
7,8651E-5
8,0332E-5
8,0256E-5
8,265E-5
7,9686E-5
8,0516E-5
7,8844E-5
8,0801E-5
7,8737E-5
8,0776E-5
7,9328E-5
7,9689E-5
8,0597E-5
