3,1508E-5
2,26749E-4
3,4329E-5
5,4421E-5
5,5717E-5
5,8726E-5
6,5875E-5
5,7335E-5
3,4392E-5
5,0068E-5
3,4906E-5
3,1222E-5
3,346E-5
3,1561E-5
3,1331E-5
4,7569E-5
3,4259E-5
3,3405E-5
3,1173E-5
3,4918E-5
4,0259E-5
3,5927E-5
3,5399E-5
3,4596E-5
3,5518E-5
3,3611E-5
3,4123E-5
5,0117E-5
4,7974E-5
3,4351E-5
3,3684E-5
3,2114E-5
3,3854E-5
3,086E-5
3,5451E-5
3,4196E-5
3,4688E-5
4,6314E-5
3,2573E-5
3,4343E-5
3,369E-5
3,41E-5
3,5907E-5
3,6004E-5
3,3278E-5
3,5833E-5
6,7369E-5
3,156E-5
5,1157E-5
3,0836E-5
3,4155E-5
3,4678E-5
3,1809E-5
3,3727E-5
3,5895E-5
3,504E-5
3,6169E-5
3,4532E-5
3,4267E-5
3,7648E-5
3,8622E-5
3,6216E-5
3,4824E-5
3,5015E-5
3,4269E-5
3,6795E-5
3,1393E-5
3,6251E-5
3,3551E-5
3,3715E-5
4,8964E-5
3,335E-5
3,872E-5
3,3595E-5
3,1693E-5
3,3034E-5
3,0562E-5
3,5114E-5
3,3963E-5
3,3265E-5
3,4409E-5
3,4823E-5
3,414E-5
3,531E-5
3,5354E-5
3,5002E-5
3,5308E-5
3,5044E-5
3,5945E-5
3,5075E-5
3,4286E-5
3,6548E-5
3,4567E-5
3,4433E-5
3,4196E-5
3,3256E-5
3,4357E-5
3,5915E-5
3,6264E-5
3,43E-5
3,6024E-5
3,5053E-5
3,63E-5
3,4192E-5
3,5775E-5
3,3859E-5
3,5404E-5
3,5121E-5
3,5796E-5
3,48E-5
3,4133E-5
3,9672E-5
3,5993E-5
3,4326E-5
3,5438E-5
3,6299E-5
3,507E-5
3,3841E-5
3,5553E-5
3,4064E-5
3,3372E-5
3,4406E-5
3,4446E-5
3,4053E-5
3,3829E-5
3,2284E-5
3,4169E-5
6,5524E-5
3,6319E-5
3,3343E-5
3,6046E-5
3,6496E-5
3,6E-5
3,6145E-5
3,6922E-5
3,5182E-5
3,495E-5
3,1416E-5
3,4875E-5
3,626E-5
3,2565E-5
3,335E-5
3,5138E-5
3,1392E-5
3,2712E-5
3,5806E-5
3,4048E-5
3,3983E-5
3,1482E-5
3,557E-5
3,4594E-5
3,3363E-5
4,6784E-5
3,5307E-5
3,2088E-5
3,3628E-5
3,4922E-5
3,7338E-5
3,3327E-5
3,287E-5
3,7153E-5
3,1786E-5
4,3054E-5
3,5779E-5
3,6727E-5
3,2439E-5
3,9549E-5
3,1979E-5
6,594E-5
3,423E-5
3,416E-5
3,384E-5
3,2988E-5
3,2977E-5
3,4783E-5
3,5221E-5
3,3486E-5
4,9603E-5
3,475E-5
3,3287E-5
3,6154E-5
3,4934E-5
3,4147E-5
3,4015E-5
3,3292E-5
3,4392E-5
3,4125E-5
3,5292E-5
3,4379E-5
3,4791E-5
3,4875E-5
3,6979E-5
3,379E-5
3,49E-5
3,4524E-5
3,3736E-5
3,3726E-5
3,3665E-5
3,4355E-5
3,4861E-5
3,5514E-5
3,5113E-5
3,511E-5
3,53E-5
3,5737E-5
3,1831E-5
3,2014E-5
4,8266E-5
3,2886E-5
3,3665E-5
3,5513E-5
5,0246E-5
3,2714E-5
3,4275E-5
3,5231E-5
4,6619E-5
3,5388E-5
3,5504E-5
3,5628E-5
3,4347E-5
3,4472E-5
3,4348E-5
3,5715E-5
3,6583E-5
3,652E-5
3,6652E-5
3,7946E-5
3,4387E-5
3,4325E-5
6,341E-5
3,3093E-5
3,1151E-5
3,2127E-5
3,5553E-5
3,4232E-5
3,387E-5
3,6476E-5
3,1804E-5
3,3494E-5
3,5564E-5
3,4331E-5
3,1783E-5
4,9512E-5
3,6797E-5
3,5021E-5
3,5164E-5
3,3667E-5
3,43E-5
3,5516E-5
3,6351E-5
3,2844E-5
3,4977E-5
3,5422E-5
3,3146E-5
3,3326E-5
3,4531E-5
3,347E-5
3,4894E-5
3,5803E-5
3,6226E-5
3,1837E-5
3,2727E-5
3,4046E-5
3,564E-5
3,1627E-5
3,3213E-5
3,5319E-5
3,7558E-5
3,2099E-5
3,503E-5
5,0605E-5
3,729E-5
3,6177E-5
3,5562E-5
3,5221E-5
3,3852E-5
3,3495E-5
3,4415E-5
3,5458E-5
5,0482E-5
3,3555E-5
0,001257983
3,5371E-5
3,5986E-5
3,5185E-5
3,5111E-5
3,4409E-5
3,4787E-5
3,3387E-5
3,5032E-5
3,5332E-5
3,2129E-5
3,3859E-5
3,4974E-5
3,9296E-5
3,5251E-5
3,2898E-5
4,9026E-5
3,4166E-5
3,3783E-5
3,4866E-5
3,5536E-5
3,5457E-5
3,6048E-5
3,8833E-5
3,7363E-5
3,6362E-5
3,7928E-5
3,7719E-5
3,6118E-5
3,7032E-5
3,5618E-5
3,5764E-5
3,5444E-5
3,499E-5
3,4478E-5
3,4461E-5
3,5834E-5
3,5937E-5
3,5407E-5
4,9897E-5
3,5089E-5
3,5798E-5
3,3679E-5
3,4852E-5
3,5499E-5
3,3636E-5
3,5159E-5
4,9656E-5
3,4641E-5
3,4912E-5
3,4254E-5
3,4606E-5
3,5132E-5
3,5521E-5
3,6683E-5
3,5883E-5
3,8572E-5
4,0294E-5
4,0878E-5
4,0955E-5
4,0285E-5
4,0602E-5
3,9373E-5
3,8455E-5
3,7873E-5
3,8882E-5
4,2181E-5
3,6691E-5
4,054E-5
3,9367E-5
4,2374E-5
3,7971E-5
4,2139E-5
3,6898E-5
3,8949E-5
3,8568E-5
3,742E-5
3,7937E-5
3,8609E-5
3,7262E-5
4,1815E-5
3,6813E-5
3,7952E-5
4,0022E-5
3,8171E-5
3,9394E-5
3,9099E-5
3,5835E-5
3,765E-5
3,85E-5
3,8008E-5
3,7785E-5
3,5315E-5
3,9031E-5
3,444E-5
3,4641E-5
3,4615E-5
3,44E-5
3,5038E-5
3,5628E-5
3,5013E-5
3,5646E-5
4,3165E-5
3,6773E-5
3,6114E-5
3,9542E-5
3,7286E-5
3,4581E-5
3,5328E-5
3,5261E-5
3,5425E-5
3,4804E-5
3,4582E-5
3,7759E-5
4,0027E-5
3,6311E-5
3,4514E-5
3,4509E-5
3,3866E-5
3,5513E-5
3,5327E-5
3,542E-5
3,5194E-5
3,6118E-5
3,5936E-5
3,8375E-5
3,5834E-5
3,8048E-5
3,6518E-5
3,6463E-5
3,9959E-5
3,4241E-5
3,8035E-5
3,6048E-5
3,6093E-5
3,4621E-5
3,4279E-5
3,4357E-5
3,456E-5
3,5643E-5
3,6316E-5
3,6947E-5
3,6341E-5
3,5745E-5
3,5539E-5
3,4856E-5
3,5319E-5
3,5925E-5
3,7096E-5
3,7397E-5
3,649E-5
3,6151E-5
3,5435E-5
3,4484E-5
3,1981E-5
4,8101E-5
3,327E-5
3,485E-5
3,3514E-5
3,3856E-5
3,4903E-5
3,3587E-5
3,4524E-5
3,1803E-5
3,462E-5
3,534E-5
3,0846E-5
3,5995E-5
3,5031E-5
3,3013E-5
4,8736E-5
3,5982E-5
3,6671E-5
3,5851E-5
3,6164E-5
3,4792E-5
3,3679E-5
4,8787E-5
3,3427E-5
3,2072E-5
4,7471E-5
3,3557E-5
3,5082E-5
4,8968E-5
3,5112E-5
3,5342E-5
3,5428E-5
3,5078E-5
3,4822E-5
3,2978E-5
3,7938E-5
3,5037E-5
3,4252E-5
3,2955E-5
3,4981E-5
3,4686E-5
3,7545E-5
3,6141E-5
3,5868E-5
3,8758E-5
3,615E-5
4,0842E-5
3,531E-5
3,4535E-5
3,4529E-5
3,7522E-5
3,6274E-5
3,529E-5
3,6896E-5
3,5906E-5
3,9318E-5
3,6315E-5
3,7961E-5
3,5254E-5
3,5952E-5
4,2595E-5
3,8816E-5
3,4404E-5
3,6329E-5
3,6736E-5
3,5438E-5
3,5352E-5
3,5059E-5
3,408E-5
3,5201E-5
3,6214E-5
3,5444E-5
3,5225E-5
3,5778E-5
3,4893E-5
3,403E-5
3,4363E-5
3,5391E-5
3,4862E-5
3,3964E-5
3,4706E-5
3,4441E-5
3,4028E-5
3,4877E-5
3,6704E-5
3,7243E-5
3,5781E-5
4,8053E-5
3,6264E-5
3,5234E-5
3,717E-5
3,7334E-5
5,2035E-5
3,5395E-5
3,4805E-5
3,524E-5
3,4332E-5
3,7065E-5
3,4944E-5
3,5492E-5
3,5809E-5
3,6424E-5
3,4903E-5
3,3799E-5
3,5137E-5
3,5965E-5
3,3765E-5
3,4599E-5
3,5413E-5
3,4092E-5
3,4781E-5
3,5705E-5
3,5604E-5
3,472E-5
3,5451E-5
3,4574E-5
3,4518E-5
3,4955E-5
3,6782E-5
3,7596E-5
3,485E-5
3,5084E-5
3,4398E-5
3,5043E-5
3,4627E-5
3,7052E-5
3,3665E-5
3,727E-5
3,5257E-5
3,483E-5
3,5839E-5
3,6174E-5
3,5284E-5
3,4857E-5
3,4833E-5
3,549E-5
3,4046E-5
3,4266E-5
3,5511E-5
3,4852E-5
4,8227E-5
3,551E-5
3,4392E-5
3,663E-5
3,386E-5
3,3929E-5
3,4505E-5
3,595E-5
3,4257E-5
3,4458E-5
3,357E-5
3,5633E-5
3,5565E-5
4,6343E-5
3,4576E-5
3,5111E-5
3,3546E-5
3,4582E-5
3,4925E-5
3,5566E-5
3,5007E-5
3,4022E-5
3,3913E-5
3,4755E-5
3,4779E-5
3,3986E-5
3,422E-5
3,5173E-5
3,4451E-5
3,4703E-5
3,3585E-5
3,377E-5
3,7183E-5
3,4392E-5
3,3226E-5
3,587E-5
5,4684E-5
6,4125E-5
6,2638E-5
4,6244E-5
3,3839E-5
5,0209E-5
4,9909E-5
5,1203E-5
5,0349E-5
4,8888E-5
4,9713E-5
5,5237E-5
5,5509E-5
5,5236E-5
5,3867E-5
3,3784E-5
5,8556E-5
5,6364E-5
3,3867E-5
5,5567E-5
3,3886E-5
3,6809E-5
5,4573E-5
5,5822E-5
3,5495E-5
3,5773E-5
3,6194E-5
3,5066E-5
3,6164E-5
3,4493E-5
3,4643E-5
3,4353E-5
3,4434E-5
3,508E-5
3,4823E-5
3,4517E-5
3,4493E-5
3,574E-5
3,5538E-5
3,5377E-5
3,4011E-5
3,4097E-5
3,3436E-5
3,4634E-5
3,4904E-5
3,5207E-5
3,5316E-5
3,4455E-5
3,6379E-5
3,6141E-5
3,5507E-5
3,6231E-5
3,6161E-5
3,4334E-5
3,4139E-5
3,5422E-5
3,4825E-5
3,5201E-5
3,4589E-5
3,8552E-5
3,4374E-5
3,5784E-5
3,4875E-5
3,3586E-5
3,372E-5
3,4469E-5
3,5165E-5
3,5512E-5
3,4648E-5
3,3921E-5
3,4638E-5
3,4033E-5
3,6971E-5
3,5795E-5
3,5795E-5
3,5384E-5
3,4865E-5
3,6918E-5
3,779E-5
3,8643E-5
3,475E-5
3,8793E-5
3,6183E-5
3,8191E-5
3,7596E-5
3,7257E-5
3,8171E-5
3,7566E-5
3,7312E-5
3,7094E-5
3,5797E-5
3,4582E-5
3,5655E-5
3,5094E-5
3,8298E-5
3,7328E-5
3,6054E-5
3,6044E-5
3,6179E-5
3,4582E-5
3,4512E-5
3,5575E-5
3,5171E-5
3,3669E-5
3,4809E-5
3,4883E-5
3,4892E-5
3,5044E-5
3,7768E-5
3,5392E-5
3,485E-5
3,6065E-5
3,4622E-5
3,533E-5
3,4927E-5
3,7091E-5
3,4926E-5
3,5371E-5
3,666E-5
3,6006E-5
3,5848E-5
3,7761E-5
3,63E-5
3,5994E-5
3,6238E-5
3,6132E-5
3,569E-5
3,5836E-5
3,538E-5
3,5632E-5
3,5713E-5
3,6127E-5
3,5914E-5
3,5851E-5
4,5795E-5
3,7314E-5
3,5352E-5
3,7079E-5
3,4113E-5
3,6549E-5
3,6801E-5
3,7296E-5
3,5014E-5
3,6387E-5
3,466E-5
3,746E-5
3,5172E-5
3,363E-5
3,449E-5
3,7282E-5
3,3885E-5
3,4313E-5
3,5305E-5
3,5255E-5
3,4714E-5
3,5188E-5
3,5837E-5
3,6162E-5
3,5443E-5
3,5969E-5
3,8854E-5
3,5531E-5
3,8379E-5
3,7998E-5
3,4965E-5
3,5219E-5
3,4884E-5
3,5347E-5
3,4767E-5
3,4915E-5
3,5525E-5
3,3691E-5
3,4207E-5
3,3777E-5
3,5531E-5
3,4882E-5
3,1995E-5
3,3703E-5
3,6576E-5
5,1835E-5
3,9799E-5
3,576E-5
3,4999E-5
3,7887E-5
3,5718E-5
3,7614E-5
3,5245E-5
3,5192E-5
3,3748E-5
3,5131E-5
3,4317E-5
3,3869E-5
3,5159E-5
3,5739E-5
3,6754E-5
3,5826E-5
3,6983E-5
3,5774E-5
3,615E-5
3,504E-5
3,3515E-5
3,5541E-5
3,4209E-5
3,574E-5
3,7249E-5
3,5882E-5
3,4768E-5
3,5641E-5
3,5898E-5
3,3966E-5
3,4426E-5
3,3523E-5
3,2897E-5
3,4942E-5
3,4237E-5
3,5365E-5
3,5498E-5
3,4798E-5
3,5226E-5
3,5081E-5
3,4008E-5
3,4174E-5
4,4459E-5
3,6035E-5
3,421E-5
3,542E-5
3,5712E-5
3,5284E-5
3,4845E-5
4,1214E-5
3,4172E-5
3,5453E-5
3,5037E-5
3,5334E-5
3,4108E-5
3,3896E-5
3,4544E-5
3,6367E-5
3,6043E-5
3,3946E-5
3,5393E-5
3,4051E-5
3,5948E-5
3,426E-5
3,3839E-5
3,4922E-5
3,4196E-5
3,4184E-5
3,5823E-5
3,6118E-5
3,6162E-5
3,528E-5
3,29E-5
3,5911E-5
3,6081E-5
3,4157E-5
3,3528E-5
3,4139E-5
3,5649E-5
3,4433E-5
3,6455E-5
3,6489E-5
3,6806E-5
3,3058E-5
3,4056E-5
3,2853E-5
3,313E-5
3,2843E-5
3,1684E-5
3,4177E-5
3,3911E-5
3,5669E-5
3,5111E-5
3,436E-5
3,372E-5
3,1972E-5
3,4176E-5
3,4719E-5
3,6275E-5
3,4435E-5
3,508E-5
3,3763E-5
3,5784E-5
3,4112E-5
3,3835E-5
3,4025E-5
3,279E-5
3,3548E-5
3,4272E-5
3,6769E-5
3,3122E-5
3,3628E-5
3,4736E-5
3,8261E-5
3,6745E-5
3,5933E-5
3,4709E-5
3,5182E-5
3,5066E-5
3,4038E-5
3,545E-5
3,3769E-5
3,4658E-5
3,319E-5
3,3799E-5
3,657E-5
3,4996E-5
3,4912E-5
3,4693E-5
3,409E-5
3,3993E-5
3,4367E-5
3,488E-5
3,517E-5
3,2665E-5
3,5097E-5
3,4788E-5
5,1604E-5
3,3204E-5
3,3393E-5
4,9589E-5
3,4231E-5
3,5019E-5
3,4742E-5
3,4276E-5
3,3547E-5
3,2122E-5
3,391E-5
3,5332E-5
3,1989E-5
3,5857E-5
3,3305E-5
3,4599E-5
3,156E-5
3,2077E-5
3,4012E-5
3,2548E-5
3,4267E-5
3,414E-5
3,4278E-5
3,5603E-5
3,1209E-5
4,8391E-5
3,3153E-5
3,4465E-5
3,3091E-5
3,446E-5
3,4856E-5
7,1489E-5
4,5732E-5
3,3964E-5
3,4343E-5
3,5086E-5
3,5349E-5
3,4955E-5
3,4118E-5
3,4045E-5
3,6485E-5
3,3397E-5
3,5464E-5
3,3169E-5
3,5481E-5
3,5813E-5
3,5369E-5
3,3613E-5
3,4216E-5
3,3008E-5
3,408E-5
3,6183E-5
3,2152E-5
3,4789E-5
3,7003E-5
3,3649E-5
3,2268E-5
3,4494E-5
3,3851E-5
3,3785E-5
4,9603E-5
3,4412E-5
3,3087E-5
3,3841E-5
3,1322E-5
3,3814E-5
5,0041E-5
4,2419E-5
3,5572E-5
3,4273E-5
3,7443E-5
3,3126E-5
3,3646E-5
3,3233E-5
3,3773E-5
3,5296E-5
3,8038E-5
4,3828E-5
3,3968E-5
3,3579E-5
3,0977E-5
3,3606E-5
5,8854E-5
3,3988E-5
3,421E-5
3,2012E-5
3,4333E-5
3,4572E-5
3,3373E-5
3,4547E-5
3,4583E-5
5,4798E-5
3,4919E-5
3,3509E-5
3,3991E-5
3,4809E-5
3,4277E-5
3,5449E-5
3,5329E-5
3,3738E-5
3,4641E-5
3,5075E-5
3,4686E-5
3,405E-5
3,5339E-5
3,537E-5
3,457E-5
3,4564E-5
3,4592E-5
3,348E-5
3,4714E-5
3,4819E-5
3,4006E-5
3,4459E-5
3,6094E-5
3,5156E-5
3,6269E-5
4,9175E-5
3,7041E-5
3,409E-5
3,5893E-5
3,4187E-5
3,7079E-5
3,3947E-5
3,5665E-5
3,351E-5
3,2341E-5
3,4251E-5
3,4349E-5
3,535E-5
3,4249E-5
3,4236E-5
3,41E-5
3,3901E-5
3,3657E-5
3,397E-5
3,4255E-5
3,5157E-5
3,4719E-5
3,4465E-5
3,4349E-5
3,3407E-5
3,3364E-5
3,4293E-5
3,3043E-5
3,3428E-5
3,5152E-5
3,299E-5
3,644E-5
3,3063E-5
4,7684E-5
3,5248E-5
3,6391E-5
3,508E-5
3,6711E-5
3,535E-5
3,432E-5
3,4741E-5
3,4442E-5
3,658E-5
3,4462E-5
3,4192E-5
3,4705E-5
3,3418E-5
3,5068E-5
3,5469E-5
3,5875E-5
3,5243E-5
3,146E-5
3,3814E-5
3,7757E-5
3,4028E-5
3,4238E-5
3,5565E-5
3,379E-5
3,1744E-5
3,3456E-5
3,6191E-5
3,4104E-5
3,4215E-5
3,2298E-5
3,5993E-5
3,4774E-5
3,5438E-5
3,4315E-5
3,3843E-5
3,0887E-5
3,3375E-5
3,2375E-5
3,4543E-5
3,4113E-5
3,1125E-5
3,5084E-5
5,2555E-5
3,4889E-5
3,2002E-5
3,4481E-5
3,3271E-5
3,2816E-5
3,319E-5
3,4084E-5
3,3182E-5
4,5494E-5
3,4887E-5
3,4791E-5
3,4189E-5
3,3396E-5
3,2052E-5
3,399E-5
3,3254E-5
3,7672E-5
3,3129E-5
3,3878E-5
3,5509E-5
3,5418E-5
3,3853E-5
3,3985E-5
3,4877E-5
3,4165E-5
3,4373E-5
3,4367E-5
3,4296E-5
3,4041E-5
3,3336E-5
3,8436E-5
3,5002E-5
3,413E-5
3,4737E-5
3,2539E-5
3,4482E-5
3,4598E-5
3,3076E-5
3,5334E-5
3,5596E-5
3,6119E-5
3,7022E-5
3,7352E-5
3,7387E-5
3,7972E-5
3,6364E-5
3,6178E-5
3,5445E-5
3,6568E-5
3,4508E-5
3,6014E-5
3,4392E-5
3,4384E-5
3,6045E-5
3,2518E-5
3,4214E-5
3,3647E-5
3,4779E-5
3,3337E-5
3,4357E-5
3,3393E-5
3,3338E-5
3,4272E-5
3,3849E-5
3,3907E-5
3,4636E-5
4,8658E-5
3,4391E-5
3,364E-5
3,243E-5
3,3648E-5
3,3323E-5
3,4342E-5
3,4763E-5
3,2042E-5
3,3941E-5
3,4276E-5
3,5187E-5
3,2829E-5
3,486E-5
3,3886E-5
3,2851E-5
3,338E-5
3,428E-5
3,4881E-5
3,3443E-5
3,5514E-5
3,9259E-5
3,8141E-5
3,47E-5
3,7788E-5
3,7872E-5
4,9577E-5
3,7359E-5
3,4733E-5
3,4935E-5
3,6175E-5
3,94E-5
3,4851E-5
3,3659E-5
3,7054E-5
3,521E-5
3,5468E-5
3,5545E-5
5,0432E-5
3,4726E-5
3,3757E-5
3,5804E-5
3,6129E-5
3,7595E-5
3,5084E-5
3,5321E-5
3,3E-5
3,5043E-5
3,0736E-5
3,3985E-5
3,4094E-5
3,3551E-5
3,4134E-5
3,5075E-5
3,5005E-5
3,4681E-5
3,3801E-5
3,4048E-5
3,5599E-5
3,3903E-5
3,3862E-5
3,2237E-5
3,5399E-5
3,424E-5
3,4014E-5
4,504E-5
3,5487E-5
3,4173E-5
3,3658E-5
3,6169E-5
3,2608E-5
3,6525E-5
3,203E-5
3,3415E-5
3,5766E-5
3,356E-5
3,5746E-5
3,4099E-5
3,5752E-5
3,3402E-5
3,6406E-5
3,37E-5
3,4706E-5
3,4374E-5
3,434E-5
3,4515E-5
3,249E-5
3,3608E-5
3,3563E-5
3,3781E-5
3,537E-5
3,614E-5
3,8049E-5
3,5599E-5
3,4836E-5
3,5478E-5
3,521E-5
3,7013E-5
3,8115E-5
3,4268E-5
3,3334E-5
3,361E-5
3,2884E-5
3,5438E-5
3,5905E-5
3,5721E-5
3,5649E-5
3,5969E-5
3,4469E-5
3,354E-5
3,3714E-5
3,3375E-5
3,4446E-5
3,4426E-5
3,4491E-5
3,4048E-5
3,4016E-5
3,4704E-5
4,8869E-5
3,557E-5
3,4271E-5
3,4835E-5
3,3496E-5
3,3506E-5
3,3282E-5
3,2875E-5
3,5365E-5
3,4024E-5
3,6793E-5
5,0654E-5
3,3515E-5
3,2878E-5
3,3722E-5
3,6774E-5
3,2574E-5
3,5037E-5
3,4633E-5
3,6487E-5
3,5166E-5
3,4988E-5
3,4088E-5
3,5322E-5
3,5109E-5
3,1965E-5
3,1253E-5
3,3246E-5
3,2729E-5
3,4385E-5
3,4234E-5
3,5614E-5
3,5441E-5
3,4697E-5
3,4689E-5
3,4988E-5
3,3987E-5
3,4028E-5
3,0633E-5
3,5233E-5
4,222E-5
3,5726E-5
3,5786E-5
3,6032E-5
5,0583E-5
3,4725E-5
3,6424E-5
3,1169E-5
5,0714E-5
3,3449E-5
4,9436E-5
3,3673E-5
3,6226E-5
3,24E-5
3,5149E-5
3,2545E-5
3,3722E-5
3,3677E-5
3,2735E-5
3,448E-5
3,2952E-5
3,0349E-5
3,4701E-5
3,4573E-5
3,4718E-5
3,241E-5
6,5968E-5
3,4216E-5
3,3845E-5
3,4819E-5
3,3663E-5
3,0979E-5
3,426E-5
3,5004E-5
3,5774E-5
3,4616E-5
3,5526E-5
3,4896E-5
3,5608E-5
3,5204E-5
3,3659E-5
3,4204E-5
4,9713E-5
3,4318E-5
5,7896E-5
3,2991E-5
3,4561E-5
3,3421E-5
4,9179E-5
3,3914E-5
3,4054E-5
3,3946E-5
6,6468E-5
3,5726E-5
3,6004E-5
3,6566E-5
3,5099E-5
3,5433E-5
3,6143E-5
3,7229E-5
3,4978E-5
3,5337E-5
3,4528E-5
3,3711E-5
3,4581E-5
4,7912E-5
3,2942E-5
3,2091E-5
3,7252E-5
3,4798E-5
3,6653E-5
3,3659E-5
3,622E-5
3,3233E-5
3,3802E-5
3,3216E-5
3,3481E-5
3,2003E-5
3,4809E-5
3,6091E-5
3,4383E-5
3,4183E-5
3,4101E-5
5,2352E-5
3,4323E-5
3,4686E-5
3,8587E-5
3,5527E-5
3,23E-5
3,4879E-5
3,3182E-5
3,5075E-5
3,4869E-5
3,4892E-5
3,2317E-5
3,3338E-5
3,3437E-5
3,4909E-5
3,4622E-5
3,449E-5
3,3406E-5
3,4961E-5
3,4328E-5
3,4125E-5
4,1837E-5
3,3977E-5
3,5022E-5
3,4988E-5
3,4824E-5
3,5328E-5
3,5168E-5
3,4237E-5
3,5243E-5
3,4759E-5
3,5997E-5
3,4593E-5
3,5073E-5
3,3956E-5
3,4751E-5
3,6997E-5
3,6278E-5
3,7054E-5
3,5285E-5
3,6785E-5
3,4653E-5
3,5941E-5
3,4338E-5
3,697E-5
3,5438E-5
3,5914E-5
3,3702E-5
3,5797E-5
3,3178E-5
3,4824E-5
3,3797E-5
3,4147E-5
3,4163E-5
3,4406E-5
3,4855E-5
3,6028E-5
3,3248E-5
3,2787E-5
3,4447E-5
3,3696E-5
3,3131E-5
3,381E-5
3,454E-5
3,3399E-5
3,0979E-5
3,3969E-5
3,4099E-5
3,5466E-5
3,383E-5
4,8964E-5
3,4236E-5
3,5078E-5
5,1802E-5
3,5539E-5
3,5592E-5
3,5501E-5
3,6076E-5
3,5029E-5
3,5063E-5
3,3936E-5
3,4784E-5
3,5165E-5
3,4086E-5
3,3821E-5
3,3748E-5
3,3701E-5
3,5336E-5
3,5773E-5
3,6601E-5
3,6081E-5
3,3715E-5
3,5571E-5
3,6731E-5
3,2557E-5
3,5443E-5
3,1901E-5
3,6856E-5
4,5095E-5
3,5059E-5
3,6381E-5
3,7411E-5
4,713E-5
3,4903E-5
3,4973E-5
3,3779E-5
3,4642E-5
3,1623E-5
3,5375E-5
3,3263E-5
3,3465E-5
3,3352E-5
3,3932E-5
3,5097E-5
3,3553E-5
3,4363E-5
3,3591E-5
3,3755E-5
3,4136E-5
3,391E-5
3,3584E-5
3,3796E-5
3,4618E-5
3,5021E-5
3,5336E-5
3,4292E-5
3,5171E-5
3,4239E-5
3,3595E-5
3,5162E-5
3,478E-5
3,4805E-5
3,5665E-5
3,4746E-5
3,459E-5
3,6421E-5
3,4222E-5
3,515E-5
3,3083E-5
4,3233E-5
3,3881E-5
3,3094E-5
3,4243E-5
3,4902E-5
3,3328E-5
3,5971E-5
3,6279E-5
3,5421E-5
3,2989E-5
3,6084E-5
3,421E-5
3,0951E-5
3,4322E-5
3,4182E-5
3,3513E-5
3,0425E-5
3,4026E-5
3,4654E-5
3,5029E-5
3,3975E-5
3,4221E-5
3,4698E-5
3,6836E-5
3,8036E-5
3,5597E-5
3,4898E-5
3,3051E-5
3,455E-5
3,5123E-5
3,642E-5
3,4484E-5
3,2616E-5
3,9642E-5
3,3226E-5
3,538E-5
3,4944E-5
3,2556E-5
3,3767E-5
3,3313E-5
3,3159E-5
3,4366E-5
3,2842E-5
3,3906E-5
3,398E-5
3,3383E-5
3,4477E-5
3,3904E-5
3,4528E-5
3,3855E-5
3,3522E-5
3,4018E-5
3,3783E-5
3,5285E-5
3,1474E-5
3,3889E-5
3,3905E-5
3,6468E-5
3,424E-5
3,3641E-5
3,5456E-5
3,4E-5
3,4765E-5
3,3052E-5
3,6636E-5
3,0536E-5
3,5542E-5
3,4039E-5
3,3645E-5
3,3189E-5
3,5668E-5
3,3787E-5
3,3903E-5
3,2345E-5
3,3891E-5
3,4445E-5
3,4744E-5
3,516E-5
3,2854E-5
3,4113E-5
3,5427E-5
3,9324E-5
3,3768E-5
3,4861E-5
3,6253E-5
3,5209E-5
3,4461E-5
3,5166E-5
3,4015E-5
3,5115E-5
3,5019E-5
3,4569E-5
3,3006E-5
3,468E-5
3,5623E-5
3,4395E-5
3,4847E-5
3,3972E-5
3,6521E-5
3,5298E-5
3,5133E-5
3,246E-5
3,3595E-5
3,3001E-5
3,4095E-5
3,2944E-5
3,2544E-5
3,3901E-5
3,3747E-5
3,3664E-5
3,4606E-5
3,3041E-5
3,6521E-5
3,5239E-5
3,4761E-5
3,349E-5
3,531E-5
3,4205E-5
3,323E-5
3,3975E-5
3,277E-5
3,6502E-5
3,5858E-5
3,6259E-5
3,5804E-5
3,8554E-5
3,3415E-5
3,5393E-5
3,3925E-5
3,4625E-5
3,415E-5
3,3693E-5
3,3889E-5
3,4766E-5
3,4826E-5
3,4533E-5
3,5601E-5
3,5483E-5
3,5918E-5
3,6492E-5
3,4989E-5
3,4652E-5
3,4843E-5
3,5539E-5
3,8136E-5
3,7162E-5
3,5843E-5
3,6438E-5
3,4742E-5
3,4572E-5
3,5807E-5
3,4697E-5
3,6464E-5
3,4521E-5
3,9487E-5
3,518E-5
3,6429E-5
3,3774E-5
3,4304E-5
3,3321E-5
3,3009E-5
3,4034E-5
3,2887E-5
3,5904E-5
3,3504E-5
3,7047E-5
3,3978E-5
3,5212E-5
3,4226E-5
3,6316E-5
3,4938E-5
3,1323E-5
3,3917E-5
3,3883E-5
3,384E-5
3,3613E-5
3,5454E-5
3,2902E-5
3,6615E-5
3,4307E-5
3,4058E-5
3,1169E-5
3,5029E-5
3,5154E-5
3,082E-5
3,1348E-5
3,3141E-5
3,2945E-5
3,4728E-5
3,6663E-5
3,5555E-5
3,5878E-5
3,5972E-5
3,4602E-5
3,4766E-5
3,224E-5
3,0806E-5
3,4542E-5
3,5115E-5
3,5372E-5
3,3373E-5
3,2971E-5
3,4103E-5
3,3823E-5
3,2172E-5
3,6213E-5
3,3535E-5
3,0933E-5
3,32E-5
3,5391E-5
4,0756E-5
3,4827E-5
3,4945E-5
3,5242E-5
3,4342E-5
3,4427E-5
3,4361E-5
3,2598E-5
3,3264E-5
3,2916E-5
3,3978E-5
3,0589E-5
3,5959E-5
4,9425E-5
3,4183E-5
3,1706E-5
3,3621E-5
3,3627E-5
3,2604E-5
3,4263E-5
3,5033E-5
3,4917E-5
3,3888E-5
3,2377E-5
3,2876E-5
3,5717E-5
3,5128E-5
3,3874E-5
3,4459E-5
3,4181E-5
3,3558E-5
3,4149E-5
3,3183E-5
3,3709E-5
3,1636E-5
3,3801E-5
3,5036E-5
3,3949E-5
3,515E-5
3,528E-5
3,1011E-5
3,315E-5
3,3985E-5
3,4615E-5
3,3197E-5
3,1681E-5
3,4665E-5
3,4114E-5
3,3936E-5
3,5969E-5
3,4147E-5
3,457E-5
3,3154E-5
3,5375E-5
3,4941E-5
3,3588E-5
3,1772E-5
3,458E-5
3,4281E-5
3,9339E-5
3,4199E-5
3,668E-5
3,4901E-5
3,6838E-5
3,129E-5
3,5047E-5
3,4692E-5
3,7265E-5
3,4329E-5
3,4337E-5
3,9226E-5
3,4126E-5
3,4896E-5
3,2893E-5
3,425E-5
3,2366E-5
3,469E-5
3,1098E-5
3,3978E-5
3,3607E-5
3,2982E-5
3,3359E-5
3,5633E-5
3,3193E-5
3,4624E-5
3,5945E-5
3,3881E-5
3,4108E-5
3,4651E-5
3,2609E-5
3,4979E-5
3,2021E-5
3,2819E-5
3,359E-5
3,2675E-5
3,399E-5
3,5846E-5
3,4286E-5
3,4751E-5
3,4374E-5
3,5655E-5
3,3316E-5
3,4962E-5
3,3272E-5
3,931E-5
3,3639E-5
3,3587E-5
3,488E-5
3,3116E-5
3,3457E-5
3,3921E-5
3,4033E-5
3,2632E-5
3,4544E-5
3,5621E-5
3,5078E-5
3,6679E-5
3,7151E-5
3,5317E-5
3,5034E-5
3,6265E-5
3,6414E-5
3,4345E-5
3,5418E-5
3,4448E-5
3,4489E-5
3,5309E-5
3,6717E-5
3,4705E-5
3,5724E-5
3,4583E-5
3,3433E-5
3,4089E-5
3,4626E-5
3,3697E-5
3,3431E-5
3,4841E-5
3,3089E-5
3,4481E-5
3,62E-5
3,5331E-5
3,4674E-5
3,496E-5
3,3716E-5
3,3743E-5
3,415E-5
3,4858E-5
3,3639E-5
3,2292E-5
3,6051E-5
3,6183E-5
3,5103E-5
3,4877E-5
3,5142E-5
3,2884E-5
3,2589E-5
3,3678E-5
3,369E-5
3,3648E-5
3,4459E-5
3,5335E-5
3,417E-5
4,9246E-5
3,5172E-5
3,3796E-5
3,4376E-5
3,4979E-5
3,3959E-5
3,3426E-5
3,4853E-5
3,3857E-5
3,5095E-5
3,6028E-5
3,8556E-5
3,6324E-5
3,8574E-5
3,5217E-5
3,655E-5
3,3126E-5
3,5188E-5
3,421E-5
3,7485E-5
3,5261E-5
3,5716E-5
3,4793E-5
3,5396E-5
3,4381E-5
3,4702E-5
3,4009E-5
3,3105E-5
3,3772E-5
3,346E-5
3,315E-5
3,3145E-5
3,4365E-5
3,6416E-5
4,2583E-5
3,3492E-5
3,5038E-5
3,3568E-5
3,3065E-5
3,4786E-5
3,2895E-5
3,3281E-5
3,4271E-5
3,4598E-5
3,4373E-5
3,4754E-5
3,4338E-5
3,4373E-5
3,4297E-5
3,5076E-5
3,4461E-5
3,037E-5
3,3206E-5
3,4048E-5
3,4437E-5
4,6103E-5
3,5058E-5
3,5103E-5
3,5729E-5
3,3753E-5
3,4902E-5
3,3638E-5
3,3005E-5
3,4915E-5
3,9158E-5
3,384E-5
3,3716E-5
3,4395E-5
3,3503E-5
3,1684E-5
3,5028E-5
3,4905E-5
3,409E-5
3,473E-5
3,5573E-5
3,6064E-5
3,6679E-5
3,6143E-5
3,5854E-5
3,4833E-5
3,7343E-5
3,1972E-5
3,5039E-5
3,4739E-5
3,4556E-5
3,3925E-5
3,4902E-5
3,3903E-5
3,5838E-5
3,3735E-5
3,4738E-5
3,5345E-5
3,3458E-5
3,4703E-5
3,5152E-5
3,5497E-5
3,4912E-5
3,6023E-5
3,5366E-5
3,458E-5
3,4427E-5
3,5743E-5
3,4172E-5
3,4011E-5
3,5104E-5
3,4108E-5
3,4548E-5
3,3606E-5
3,5049E-5
3,5371E-5
4,0112E-5
3,5154E-5
3,48E-5
3,4603E-5
3,7777E-5
3,7642E-5
3,6091E-5
3,8996E-5
3,109E-5
3,3796E-5
3,6703E-5
3,5431E-5
3,4934E-5
3,5155E-5
3,3815E-5
3,4672E-5
3,5471E-5
3,5518E-5
3,6656E-5
3,6194E-5
3,6151E-5
3,5398E-5
3,567E-5
3,5458E-5
3,3957E-5
3,5701E-5
3,5856E-5
3,4103E-5
3,4588E-5
3,4429E-5
3,4617E-5
3,4311E-5
3,5252E-5
3,4342E-5
3,4349E-5
3,49E-5
3,4431E-5
3,572E-5
3,4204E-5
3,4101E-5
3,2639E-5
3,4739E-5
3,3832E-5
3,5473E-5
3,3604E-5
3,3609E-5
3,4504E-5
3,4591E-5
3,4473E-5
3,3646E-5
3,4053E-5
3,711E-5
3,3821E-5
3,4453E-5
3,4408E-5
3,3434E-5
3,3718E-5
3,4592E-5
3,4198E-5
3,5438E-5
3,5023E-5
3,4571E-5
3,4276E-5
3,461E-5
3,4281E-5
3,5368E-5
3,3545E-5
3,338E-5
3,463E-5
3,4012E-5
3,5166E-5
3,3575E-5
3,3152E-5
3,2907E-5
3,4398E-5
3,6234E-5
3,4736E-5
3,4263E-5
3,4199E-5
3,3878E-5
4,9217E-5
3,0792E-5
3,9086E-5
3,4731E-5
3,4108E-5
3,3834E-5
3,4104E-5
3,3158E-5
3,4944E-5
3,3446E-5
3,4883E-5
3,3502E-5
3,4202E-5
3,3863E-5
3,3834E-5
3,5759E-5
3,372E-5
3,5118E-5
3,5768E-5
3,5201E-5
3,4516E-5
3,3864E-5
3,3914E-5
3,4157E-5
3,5651E-5
3,4259E-5
3,5188E-5
3,3381E-5
3,35E-5
3,5288E-5
3,7182E-5
3,437E-5
3,5113E-5
3,7056E-5
3,521E-5
3,4721E-5
3,4867E-5
3,4766E-5
3,6087E-5
3,3693E-5
3,606E-5
3,6739E-5
3,579E-5
3,5612E-5
3,448E-5
3,5254E-5
3,5543E-5
3,408E-5
3,3264E-5
3,3635E-5
3,4709E-5
3,4931E-5
3,537E-5
3,6427E-5
3,4226E-5
3,5103E-5
3,4241E-5
3,6521E-5
3,624E-5
3,571E-5
3,4936E-5
3,6497E-5
3,6304E-5
3,5473E-5
3,5312E-5
3,63E-5
3,7158E-5
3,5009E-5
3,6253E-5
3,5408E-5
3,7522E-5
3,4413E-5
3,4198E-5
3,3731E-5
3,4583E-5
3,4542E-5
3,5468E-5
3,4607E-5
3,3528E-5
3,3847E-5
3,3655E-5
3,5469E-5
3,4354E-5
3,3913E-5
3,3646E-5
3,4651E-5
3,5011E-5
3,4226E-5
3,471E-5
3,3295E-5
3,4255E-5
3,4262E-5
3,4835E-5
3,5848E-5
3,5348E-5
3,4457E-5
3,3895E-5
3,4971E-5
4,5791E-5
3,4121E-5
3,35E-5
3,4237E-5
3,2981E-5
3,6049E-5
3,4949E-5
3,5571E-5
3,3554E-5
3,4568E-5
3,5399E-5
3,5113E-5
3,6216E-5
3,5242E-5
3,6432E-5
3,4991E-5
3,5498E-5
3,4786E-5
3,4929E-5
3,4381E-5
3,4074E-5
4,5863E-5
3,5614E-5
3,4945E-5
4,3577E-5
3,5958E-5
3,351E-5
3,5492E-5
3,5971E-5
3,6525E-5
3,5311E-5
3,3608E-5
3,502E-5
3,5095E-5
3,506E-5
3,8288E-5
3,6759E-5
3,5981E-5
3,4678E-5
3,4955E-5
3,4825E-5
3,4284E-5
3,7787E-5
3,7523E-5
3,4188E-5
3,4403E-5
3,4171E-5
3,3719E-5
3,4584E-5
3,4785E-5
3,4684E-5
3,4787E-5
3,4768E-5
3,5718E-5
3,3925E-5
3,447E-5
3,5613E-5
3,4434E-5
3,4955E-5
3,7796E-5
3,6043E-5
3,6134E-5
3,6744E-5
3,6104E-5
3,5286E-5
3,5428E-5
3,4719E-5
3,6012E-5
3,5449E-5
3,4633E-5
3,3666E-5
3,4506E-5
3,4323E-5
3,4613E-5
3,4122E-5
3,5356E-5
3,5631E-5
3,695E-5
3,5848E-5
3,5337E-5
3,6269E-5
3,5754E-5
3,5447E-5
3,7252E-5
3,4459E-5
3,6203E-5
3,4207E-5
3,5577E-5
3,5054E-5
3,4988E-5
3,7984E-5
3,4722E-5
3,5512E-5
3,5144E-5
3,5158E-5
3,4904E-5
3,3094E-5
3,4437E-5
3,3931E-5
3,5154E-5
3,3705E-5
3,2632E-5
3,4045E-5
3,4238E-5
4,8456E-5
3,3909E-5
3,3163E-5
3,3431E-5
3,3438E-5
3,5877E-5
3,4435E-5
3,9387E-5
3,3188E-5
3,3254E-5
3,281E-5
3,314E-5
3,4533E-5
3,2655E-5
3,4296E-5
3,4284E-5
3,4384E-5
3,4767E-5
3,469E-5
3,4636E-5
3,4155E-5
3,5644E-5
3,5794E-5
3,6275E-5
3,6456E-5
3,6173E-5
3,5968E-5
3,4611E-5
3,3862E-5
3,5456E-5
3,5653E-5
4,1253E-5
3,6897E-5
3,5828E-5
3,5516E-5
4,227E-5
3,763E-5
3,647E-5
3,541E-5
3,5858E-5
3,7044E-5
4,6247E-5
3,6384E-5
4,2633E-5
3,5629E-5
3,6355E-5
3,4303E-5
3,9385E-5
3,5302E-5
3,636E-5
3,4572E-5
3,7747E-5
3,5072E-5
3,5101E-5
3,4182E-5
3,4693E-5
3,3796E-5
3,5096E-5
3,6237E-5
3,4929E-5
3,5207E-5
3,66E-5
3,6206E-5
3,4828E-5
3,3885E-5
3,8737E-5
3,4365E-5
3,3636E-5
3,4938E-5
3,4153E-5
3,3963E-5
3,528E-5
3,4933E-5
3,7287E-5
3,5666E-5
3,4308E-5
3,4023E-5
3,2992E-5
3,4619E-5
3,4899E-5
3,4141E-5
3,4826E-5
3,5005E-5
3,5782E-5
3,5806E-5
3,4923E-5
3,5723E-5
3,5461E-5
3,4999E-5
3,5641E-5
3,4924E-5
3,4554E-5
3,4508E-5
3,4767E-5
3,5969E-5
3,5608E-5
3,6126E-5
3,578E-5
3,5619E-5
3,4789E-5
3,4427E-5
3,3226E-5
3,2778E-5
3,4818E-5
3,6658E-5
5,2936E-5
3,2574E-5
3,5743E-5
3,4792E-5
3,6795E-5
3,3923E-5
3,6424E-5
3,4673E-5
3,9028E-5
3,3462E-5
3,703E-5
3,3039E-5
3,7771E-5
3,5815E-5
3,5594E-5
3,4057E-5
3,6131E-5
3,5413E-5
3,4223E-5
3,5097E-5
3,3988E-5
3,579E-5
3,3731E-5
3,4309E-5
3,3602E-5
3,5085E-5
3,4253E-5
3,3981E-5
3,4126E-5
3,3321E-5
3,4397E-5
3,4011E-5
4,0318E-5
4,6635E-5
3,7582E-5
3,5565E-5
3,8274E-5
3,5734E-5
3,4879E-5
3,5077E-5
3,3892E-5
3,5353E-5
3,3629E-5
3,3081E-5
3,6446E-5
3,3077E-5
3,3422E-5
3,437E-5
3,5196E-5
3,4158E-5
3,3212E-5
3,4562E-5
3,4388E-5
3,5852E-5
3,7762E-5
3,674E-5
3,6478E-5
3,661E-5
3,4417E-5
3,7233E-5
3,6118E-5
3,5391E-5
3,5071E-5
3,6828E-5
3,3978E-5
3,5835E-5
3,4279E-5
3,4431E-5
3,4335E-5
3,5036E-5
3,506E-5
3,5204E-5
3,5658E-5
3,5392E-5
3,4051E-5
3,2384E-5
3,4596E-5
3,3988E-5
3,4285E-5
3,276E-5
3,2991E-5
3,3569E-5
3,2948E-5
3,5416E-5
3,4139E-5
3,4884E-5
3,4204E-5
3,3363E-5
3,5425E-5
3,5558E-5
3,5582E-5
4,5773E-5
3,59E-5
3,5714E-5
3,3729E-5
3,4913E-5
3,583E-5
3,6144E-5
3,7059E-5
3,8422E-5
3,5903E-5
3,6107E-5
3,6086E-5
3,4225E-5
3,627E-5
3,4468E-5
3,5932E-5
3,5722E-5
3,4923E-5
3,5508E-5
3,5244E-5
3,2916E-5
3,5308E-5
4,9978E-5
3,3825E-5
3,4059E-5
3,6313E-5
3,6026E-5
3,6563E-5
3,6319E-5
3,7306E-5
3,8113E-5
3,661E-5
3,748E-5
3,4243E-5
3,6213E-5
3,1052E-5
3,5318E-5
3,3722E-5
3,5471E-5
3,4188E-5
3,4082E-5
3,4829E-5
3,4024E-5
3,4829E-5
3,4408E-5
3,2602E-5
3,478E-5
3,4656E-5
3,4641E-5
3,3713E-5
3,115E-5
3,3162E-5
3,559E-5
3,4981E-5
3,7841E-5
3,3729E-5
3,4592E-5
3,491E-5
3,7312E-5
3,5721E-5
3,2233E-5
3,6065E-5
3,5719E-5
3,4404E-5
3,8445E-5
3,4902E-5
3,4215E-5
3,6335E-5
3,6512E-5
3,6876E-5
3,445E-5
3,4608E-5
3,3523E-5
3,4723E-5
3,5569E-5
3,6552E-5
3,3923E-5
3,509E-5
3,4067E-5
3,6762E-5
3,7785E-5
3,7444E-5
3,7121E-5
3,6528E-5
3,5692E-5
3,7119E-5
3,4648E-5
3,5848E-5
3,5641E-5
3,4273E-5
3,5254E-5
3,5445E-5
3,1423E-5
3,5321E-5
3,3879E-5
3,4217E-5
3,2326E-5
3,4472E-5
3,347E-5
3,397E-5
3,4451E-5
3,5434E-5
3,4175E-5
3,4748E-5
3,502E-5
3,4293E-5
3,4894E-5
3,3607E-5
3,446E-5
3,4936E-5
3,561E-5
3,5638E-5
3,4738E-5
3,5551E-5
3,412E-5
3,5525E-5
3,5014E-5
4,8415E-5
4,864E-5
3,2414E-5
3,4184E-5
3,4177E-5
3,4696E-5
3,4239E-5
3,6025E-5
3,6377E-5
3,484E-5
3,766E-5
3,5396E-5
3,52E-5
3,6062E-5
3,489E-5
3,4199E-5
3,5157E-5
3,3961E-5
3,5265E-5
3,1709E-5
3,3182E-5
3,5563E-5
3,5613E-5
3,406E-5
3,4639E-5
3,5602E-5
3,7287E-5
3,6022E-5
3,6499E-5
3,7303E-5
3,7606E-5
3,6543E-5
3,7077E-5
3,5504E-5
3,7586E-5
3,3931E-5
3,5376E-5
3,4843E-5
3,4993E-5
3,4213E-5
3,6489E-5
3,5961E-5
3,4802E-5
3,506E-5
4,0873E-5
3,6034E-5
3,4871E-5
3,2729E-5
3,4896E-5
3,5189E-5
3,4748E-5
3,3853E-5
3,8115E-5
3,4427E-5
3,4218E-5
3,3652E-5
3,5164E-5
3,4214E-5
3,3181E-5
3,2421E-5
0,001142666
3,5417E-5
3,3773E-5
3,5331E-5
5,4192E-5
5,9957E-5
3,3617E-5
3,4112E-5
3,29E-5
3,4354E-5
3,5713E-5
3,8512E-5
3,409E-5
3,3886E-5
3,4473E-5
3,5443E-5
3,4347E-5
3,3285E-5
3,4455E-5
3,6238E-5
3,4986E-5
3,5642E-5
3,5242E-5
3,5279E-5
3,4321E-5
3,5173E-5
3,4985E-5
3,6252E-5
3,6294E-5
3,3055E-5
3,381E-5
4,9101E-5
3,4387E-5
3,5742E-5
3,4395E-5
3,4199E-5
3,2439E-5
4,9133E-5
3,4206E-5
3,415E-5
3,4018E-5
3,6186E-5
3,4851E-5
4,8643E-5
3,303E-5
3,4619E-5
3,4835E-5
3,3919E-5
4,1288E-5
3,4358E-5
3,4685E-5
3,5366E-5
3,3671E-5
3,4216E-5
3,4174E-5
3,5055E-5
3,3962E-5
3,3641E-5
3,3647E-5
3,4733E-5
3,5181E-5
3,362E-5
3,3492E-5
3,4592E-5
3,37E-5
3,4223E-5
3,4288E-5
5,8497E-5
3,5873E-5
3,5287E-5
3,576E-5
3,6887E-5
3,1645E-5
3,1717E-5
3,1308E-5
3,4168E-5
3,1075E-5
3,7159E-5
3,3567E-5
3,6071E-5
3,463E-5
3,4819E-5
3,2685E-5
3,4638E-5
3,4762E-5
3,7085E-5
3,4679E-5
3,6439E-5
3,3912E-5
3,6288E-5
3,378E-5
3,4065E-5
3,3114E-5
3,3763E-5
3,4742E-5
3,295E-5
3,2958E-5
3,53E-5
3,4486E-5
4,8242E-5
3,5494E-5
3,3139E-5
3,472E-5
3,3246E-5
4,6808E-5
3,3375E-5
3,4059E-5
3,6841E-5
3,4489E-5
3,4255E-5
3,4496E-5
3,3244E-5
3,4848E-5
3,3062E-5
3,8584E-5
3,5548E-5
4,7429E-5
3,3937E-5
3,3856E-5
3,4378E-5
3,4089E-5
3,3473E-5
3,0519E-5
3,3223E-5
3,4016E-5
3,3485E-5
3,3173E-5
3,3525E-5
3,5897E-5
3,5521E-5
3,7833E-5
3,4036E-5
3,7862E-5
3,7046E-5
3,4328E-5
3,3517E-5
3,6283E-5
3,5129E-5
3,4152E-5
3,3848E-5
4,6986E-5
3,2825E-5
3,4625E-5
3,5598E-5
3,5597E-5
3,323E-5
4,9276E-5
3,3924E-5
3,214E-5
3,3749E-5
3,4697E-5
3,4691E-5
3,4532E-5
3,678E-5
3,5318E-5
3,3948E-5
3,5676E-5
3,5593E-5
3,3943E-5
3,5284E-5
3,4849E-5
3,4442E-5
3,4737E-5
3,4778E-5
3,3116E-5
3,563E-5
3,5005E-5
3,4902E-5
3,5415E-5
3,4669E-5
3,373E-5
3,4242E-5
3,3421E-5
3,4066E-5
3,544E-5
3,5702E-5
3,4763E-5
4,4207E-5
3,3017E-5
3,4649E-5
3,5106E-5
3,5314E-5
3,4749E-5
3,423E-5
3,5205E-5
3,3121E-5
3,0899E-5
3,3953E-5
5,5863E-5
3,1234E-5
3,2805E-5
3,3545E-5
3,4927E-5
3,2498E-5
3,7167E-5
3,2338E-5
3,5573E-5
3,7613E-5
4,2977E-5
3,8486E-5
3,5404E-5
3,8519E-5
3,3654E-5
3,4433E-5
3,5971E-5
3,39E-5
3,3635E-5
3,4473E-5
4,4063E-5
4,8748E-5
3,5439E-5
3,5E-5
3,473E-5
3,3799E-5
3,4267E-5
4,9581E-5
3,628E-5
3,6385E-5
3,5136E-5
3,5319E-5
3,5488E-5
3,6434E-5
3,3959E-5
3,6407E-5
3,6792E-5
3,6587E-5
3,383E-5
3,6192E-5
3,4919E-5
3,5445E-5
3,4798E-5
3,396E-5
3,3736E-5
3,4334E-5
3,5147E-5
3,4395E-5
3,4375E-5
3,3784E-5
3,305E-5
3,3692E-5
3,4212E-5
3,7803E-5
3,5345E-5
3,3486E-5
3,6463E-5
3,4904E-5
3,4742E-5
3,7432E-5
3,6492E-5
3,5271E-5
3,4351E-5
3,5334E-5
3,3915E-5
3,413E-5
3,4299E-5
3,4489E-5
3,4871E-5
3,4817E-5
3,5628E-5
3,3742E-5
3,4231E-5
3,3724E-5
3,6176E-5
3,5289E-5
3,382E-5
3,4014E-5
3,541E-5
3,513E-5
3,7462E-5
3,5263E-5
3,6022E-5
3,8136E-5
3,7498E-5
3,6844E-5
3,6043E-5
3,4857E-5
3,5148E-5
3,4629E-5
3,5909E-5
3,5346E-5
3,6125E-5
3,6932E-5
3,6661E-5
3,5686E-5
3,4333E-5
3,3518E-5
3,2159E-5
3,4015E-5
3,3942E-5
3,5804E-5
3,5941E-5
3,5721E-5
3,5048E-5
