1,78492E-4
6,1996E-5
6,8076E-5
6,5861E-5
6,1377E-5
4,9676E-5
6,1315E-5
6,1239E-5
7,1759E-5
5,52E-5
6,1431E-5
5,9163E-5
9,429E-5
7,3731E-5
7,5267E-5
4,8775E-5
7,718E-5
5,8896E-5
6,032E-5
7,4095E-5
6,0524E-5
5,7658E-5
6,7759E-5
6,0267E-5
6,022E-5
7,2718E-5
7,4521E-5
5,052E-5
8,0901E-5
5,4624E-5
7,4163E-5
7,3445E-5
6,0546E-5
5,85E-5
7,07E-5
7,9886E-5
6,3754E-5
6,2036E-5
5,3612E-5
5,0384E-5
6,5136E-5
6,2178E-5
6,0514E-5
6,1251E-5
5,995E-5
6,2172E-5
5,9455E-5
5,8132E-5
5,9749E-5
7,0017E-5
6,135E-5
6,0649E-5
6,7604E-5
6,4897E-5
7,3404E-5
5,9617E-5
6,0019E-5
7,4762E-5
6,5317E-5
6,0126E-5
7,5533E-5
6,331E-5
5,4611E-5
6,0827E-5
6,0374E-5
6,23E-5
6,1671E-5
7,3463E-5
6,1005E-5
5,8948E-5
5,1275E-5
7,5616E-5
6,025E-5
7,0579E-5
6,2388E-5
6,2848E-5
6,9975E-5
7,6723E-5
6,28E-5
6,5044E-5
6,1689E-5
6,3761E-5
5,4851E-5
6,0638E-5
6,5275E-5
6,0662E-5
6,518E-5
5,9182E-5
6,2216E-5
6,5027E-5
5,896E-5
6,6252E-5
6,2299E-5
6,1107E-5
7,2885E-5
6,3481E-5
6,1177E-5
6,0446E-5
6,5142E-5
5,0693E-5
6,4873E-5
6,0553E-5
6,1019E-5
4,972E-5
6,6882E-5
5,8666E-5
6,2502E-5
6,5786E-5
4,8112E-5
6,2706E-5
6,1147E-5
5,454E-5
6,3189E-5
6,1284E-5
5,3446E-5
6,589E-5
5,9466E-5
6,4688E-5
4,9607E-5
4,9408E-5
5,6183E-5
5,9432E-5
4,8283E-5
5,6685E-5
4,9344E-5
4,8552E-5
0,001379483
4,5302E-5
5,1745E-5
4,9862E-5
4,9126E-5
4,9632E-5
4,9524E-5
5,0083E-5
4,9275E-5
5,5676E-5
5,1305E-5
4,9081E-5
4,9161E-5
4,9115E-5
5,0739E-5
4,9112E-5
4,8916E-5
4,9319E-5
6,0153E-5
5,9346E-5
6,0264E-5
5,4619E-5
5,9198E-5
5,9292E-5
5,8652E-5
6,4504E-5
6,0095E-5
6,6975E-5
5,8085E-5
5,5318E-5
6,8393E-5
6,6565E-5
6,1241E-5
6,202E-5
6,1212E-5
5,9392E-5
6,2785E-5
6,8622E-5
4,971E-5
5,2717E-5
5,0062E-5
4,9955E-5
4,9349E-5
5,0202E-5
4,9392E-5
5,047E-5
5,139E-5
5,2517E-5
4,9045E-5
4,7916E-5
5,0198E-5
4,8499E-5
4,9695E-5
5,2329E-5
5,2088E-5
5,3779E-5
5,3885E-5
6,6219E-5
5,3256E-5
6,3657E-5
5,325E-5
5,5304E-5
6,9271E-5
5,3858E-5
5,5195E-5
5,5529E-5
5,4698E-5
5,3647E-5
5,5088E-5
5,5166E-5
5,3769E-5
5,4365E-5
5,3939E-5
5,407E-5
6,2728E-5
5,3978E-5
4,8769E-5
5,4034E-5
6,1603E-5
5,3196E-5
5,3211E-5
6,2106E-5
6,233E-5
5,6039E-5
5,3986E-5
5,4822E-5
5,6577E-5
6,3656E-5
5,5895E-5
5,4117E-5
5,5617E-5
6,3026E-5
5,3598E-5
5,5728E-5
5,322E-5
5,3824E-5
5,4988E-5
5,4465E-5
5,3575E-5
6,0258E-5
5,5752E-5
5,6562E-5
5,5437E-5
5,3384E-5
5,3225E-5
5,4281E-5
5,3122E-5
5,4242E-5
6,0761E-5
5,3861E-5
5,6468E-5
5,3881E-5
5,4747E-5
4,9229E-5
5,0198E-5
5,2111E-5
4,9802E-5
4,8869E-5
5,1672E-5
5,4832E-5
5,0461E-5
5,0011E-5
5,0555E-5
4,9827E-5
5,2297E-5
5,0091E-5
6,2463E-5
4,9687E-5
4,9503E-5
5,4281E-5
5,0269E-5
4,8862E-5
4,9507E-5
5,2708E-5
5,2445E-5
5,503E-5
4,9224E-5
5,4018E-5
7,459E-5
5,3284E-5
5,2651E-5
4,9393E-5
5,3837E-5
5,3169E-5
5,235E-5
4,9844E-5
5,3141E-5
6,2718E-5
6,0008E-5
5,3525E-5
6,836E-5
5,2361E-5
5,4013E-5
7,1142E-5
6,0373E-5
5,3502E-5
5,3193E-5
6,3449E-5
5,3828E-5
5,4986E-5
5,3412E-5
5,28E-5
5,5288E-5
5,3587E-5
5,4486E-5
5,0971E-5
5,4646E-5
5,1798E-5
5,3875E-5
5,4746E-5
5,527E-5
5,5981E-5
5,5007E-5
5,8697E-5
5,0348E-5
5,8018E-5
5,2534E-5
5,4021E-5
5,3485E-5
5,5302E-5
5,5919E-5
5,4154E-5
5,6474E-5
5,4547E-5
5,4771E-5
5,3257E-5
5,5802E-5
5,2412E-5
5,3673E-5
5,341E-5
5,4487E-5
5,5735E-5
5,3534E-5
5,7716E-5
5,5483E-5
5,4457E-5
5,2911E-5
6,8861E-5
5,5402E-5
5,323E-5
5,3111E-5
5,3148E-5
5,2106E-5
5,3384E-5
5,3334E-5
5,3579E-5
5,5731E-5
5,4198E-5
5,3294E-5
5,466E-5
4,9618E-5
6,5495E-5
6,5131E-5
6,0503E-5
6,0236E-5
5,895E-5
5,784E-5
5,5375E-5
5,9175E-5
5,6433E-5
5,5905E-5
5,5063E-5
5,3647E-5
5,4122E-5
5,5531E-5
5,3963E-5
5,4549E-5
5,8147E-5
5,659E-5
5,3422E-5
5,4432E-5
5,4786E-5
5,5477E-5
5,5724E-5
5,5765E-5
5,6258E-5
5,5937E-5
5,5109E-5
5,5396E-5
5,5548E-5
5,6428E-5
5,528E-5
5,4267E-5
5,671E-5
5,4408E-5
5,3956E-5
5,4112E-5
5,4285E-5
5,4614E-5
5,3984E-5
5,3806E-5
5,5411E-5
5,3908E-5
6,2306E-5
5,5569E-5
5,4261E-5
5,3816E-5
4,9813E-5
6,4541E-5
5,2456E-5
5,8966E-5
5,472E-5
5,5939E-5
5,4785E-5
5,446E-5
5,5165E-5
5,6633E-5
5,4116E-5
5,9895E-5
5,5544E-5
5,5864E-5
5,4119E-5
5,4118E-5
5,4299E-5
5,4279E-5
5,437E-5
5,4605E-5
5,4998E-5
5,4603E-5
4,8178E-5
5,5272E-5
5,332E-5
5,4857E-5
5,5767E-5
5,4575E-5
5,4138E-5
5,4377E-5
5,6037E-5
5,3191E-5
5,4846E-5
5,3334E-5
5,3647E-5
5,3765E-5
5,3082E-5
5,4339E-5
4,8866E-5
6,2665E-5
5,2027E-5
5,3148E-5
5,3557E-5
5,2094E-5
5,2779E-5
5,4246E-5
5,5315E-5
4,8976E-5
5,2741E-5
5,3195E-5
5,3919E-5
5,3535E-5
5,4233E-5
5,3574E-5
5,2754E-5
4,8599E-5
5,377E-5
5,3235E-5
5,2428E-5
5,2324E-5
5,3269E-5
5,3758E-5
5,3694E-5
5,264E-5
5,3938E-5
5,4421E-5
5,441E-5
5,5275E-5
6,3851E-5
5,3859E-5
5,3836E-5
5,5725E-5
5,5007E-5
5,5736E-5
5,8982E-5
5,5373E-5
4,9008E-5
5,6391E-5
5,7775E-5
4,8629E-5
5,7483E-5
5,3797E-5
5,5163E-5
5,5427E-5
5,3544E-5
5,7251E-5
4,9354E-5
5,3371E-5
5,4978E-5
5,6572E-5
5,4038E-5
5,6343E-5
5,2354E-5
5,3038E-5
5,2773E-5
5,423E-5
5,7314E-5
5,3679E-5
5,4198E-5
5,5141E-5
5,5425E-5
5,6999E-5
4,8873E-5
5,5627E-5
5,405E-5
5,5964E-5
5,4139E-5
5,6257E-5
5,4643E-5
5,4449E-5
5,4521E-5
5,4602E-5
5,5748E-5
5,5866E-5
5,4857E-5
5,4777E-5
5,4577E-5
5,5075E-5
5,4627E-5
5,4101E-5
4,9849E-5
5,4676E-5
5,4797E-5
5,1561E-5
6,2075E-5
4,8989E-5
5,5569E-5
5,2451E-5
5,5825E-5
6,5086E-5
5,4731E-5
5,2504E-5
5,5362E-5
5,407E-5
5,4226E-5
5,0192E-5
5,57E-5
5,1113E-5
5,4274E-5
5,2784E-5
5,626E-5
5,4268E-5
5,4624E-5
5,463E-5
5,4504E-5
5,4517E-5
5,2904E-5
4,9398E-5
4,8811E-5
5,602E-5
5,5887E-5
5,6131E-5
5,0866E-5
5,5023E-5
5,3907E-5
5,4341E-5
5,4758E-5
5,3214E-5
4,9604E-5
5,3371E-5
6,5207E-5
5,3683E-5
5,4477E-5
5,3957E-5
6,7333E-5
5,4036E-5
5,549E-5
5,8953E-5
5,4827E-5
5,4835E-5
4,8882E-5
5,347E-5
5,3787E-5
5,6448E-5
5,4871E-5
5,2782E-5
5,4875E-5
4,9051E-5
6,0165E-5
5,4795E-5
5,8442E-5
5,6564E-5
5,5579E-5
5,6755E-5
5,3855E-5
5,4325E-5
5,2775E-5
5,525E-5
5,4496E-5
5,3189E-5
5,4155E-5
5,0147E-5
5,4313E-5
5,3962E-5
6,2963E-5
5,3759E-5
5,566E-5
5,4328E-5
5,5104E-5
5,3298E-5
5,3009E-5
5,4156E-5
5,4201E-5
5,2739E-5
5,5081E-5
5,6113E-5
5,4045E-5
5,4712E-5
5,5828E-5
5,4717E-5
5,4413E-5
5,6173E-5
6,2015E-5
5,496E-5
5,5804E-5
5,4308E-5
5,4296E-5
5,534E-5
5,3672E-5
5,3662E-5
5,4238E-5
6,8768E-5
5,3957E-5
5,5208E-5
5,0494E-5
5,189E-5
5,436E-5
5,0356E-5
5,0478E-5
4,8847E-5
4,8969E-5
3,5785E-5
4,8611E-5
3,6558E-5
4,9911E-5
5,4163E-5
5,4238E-5
3,5511E-5
5,4335E-5
5,2466E-5
5,4537E-5
3,5676E-5
3,6505E-5
4,9042E-5
4,8472E-5
3,5071E-5
5,3746E-5
4,8835E-5
4,9206E-5
4,8994E-5
4,8028E-5
4,9884E-5
4,9241E-5
5,1801E-5
5,0098E-5
5,0269E-5
5,0562E-5
4,9064E-5
4,944E-5
5,0603E-5
4,928E-5
5,391E-5
5,3336E-5
4,8245E-5
4,9867E-5
4,8142E-5
5,8247E-5
4,9674E-5
4,8754E-5
4,7248E-5
4,9268E-5
4,9575E-5
4,9078E-5
4,9265E-5
4,9132E-5
4,8102E-5
5,0506E-5
5,0973E-5
4,8744E-5
5,121E-5
4,9626E-5
5,151E-5
4,891E-5
4,9997E-5
4,81E-5
4,9725E-5
4,9628E-5
4,8814E-5
4,9357E-5
5,4348E-5
5,1254E-5
5,1428E-5
5,0034E-5
5,4907E-5
4,7528E-5
5,2103E-5
4,9054E-5
5,0292E-5
4,9218E-5
5,5385E-5
4,9026E-5
5,4366E-5
5,187E-5
5,8099E-5
5,4017E-5
5,2152E-5
5,0774E-5
4,9279E-5
5,5351E-5
4,7985E-5
5,077E-5
5,5299E-5
4,9043E-5
5,1652E-5
5,5943E-5
5,5372E-5
5,4283E-5
4,9831E-5
5,5669E-5
5,0756E-5
4,9279E-5
5,0427E-5
5,5195E-5
5,1103E-5
5,0019E-5
5,6603E-5
5,1263E-5
5,5564E-5
5,4739E-5
4,9322E-5
5,2413E-5
5,4416E-5
5,2988E-5
5,4966E-5
5,0542E-5
5,6053E-5
5,4343E-5
5,3847E-5
5,4059E-5
4,9847E-5
5,1096E-5
5,5606E-5
4,9501E-5
5,1725E-5
5,4195E-5
4,9752E-5
4,9617E-5
5,41E-5
5,1699E-5
5,2157E-5
4,8566E-5
5,5221E-5
5,139E-5
4,9487E-5
5,4606E-5
4,9626E-5
5,5403E-5
5,0519E-5
5,4843E-5
5,0095E-5
5,4672E-5
5,0095E-5
5,1339E-5
4,8912E-5
5,1517E-5
5,0667E-5
5,8352E-5
5,0576E-5
4,8894E-5
4,9006E-5
5,0034E-5
5,7977E-5
5,0402E-5
4,9463E-5
4,9085E-5
5,038E-5
4,8901E-5
4,9299E-5
5,0248E-5
5,492E-5
5,0735E-5
5,1041E-5
4,9807E-5
4,9926E-5
4,9466E-5
5,1088E-5
4,8661E-5
5,3681E-5
4,7704E-5
4,9888E-5
4,9782E-5
5,5069E-5
5,0023E-5
5,4617E-5
5,0473E-5
5,5163E-5
5,4297E-5
4,9067E-5
5,5897E-5
5,4561E-5
5,5293E-5
5,0007E-5
4,992E-5
4,9082E-5
5,4823E-5
4,8858E-5
4,8606E-5
4,7446E-5
4,6762E-5
4,9049E-5
6,1067E-5
5,0752E-5
4,9885E-5
5,4832E-5
6,641E-5
5,0913E-5
4,9992E-5
5,1339E-5
5,0536E-5
5,06E-5
5,1277E-5
5,57E-5
4,9208E-5
5,1477E-5
5,0119E-5
4,8944E-5
4,7497E-5
4,8807E-5
5,3838E-5
5,038E-5
5,003E-5
4,9411E-5
4,9826E-5
4,9286E-5
4,9389E-5
5,2081E-5
4,9135E-5
5,0795E-5
5,1996E-5
5,0176E-5
5,048E-5
4,7965E-5
5,1689E-5
4,7947E-5
5,2694E-5
4,8991E-5
5,1715E-5
4,8256E-5
5,202E-5
5,0556E-5
4,9482E-5
5,0003E-5
4,9009E-5
4,9605E-5
5,023E-5
5,0206E-5
4,9903E-5
4,9522E-5
4,9844E-5
5,4998E-5
4,992E-5
5,1542E-5
5,04E-5
5,1454E-5
4,9678E-5
5,0613E-5
4,9831E-5
4,9785E-5
5,8925E-5
5,0966E-5
5,0175E-5
4,8241E-5
5,148E-5
4,8478E-5
4,849E-5
4,8502E-5
4,9255E-5
4,8388E-5
5,103E-5
5,9925E-5
5,1795E-5
5,0665E-5
5,244E-5
5,0398E-5
5,1439E-5
5,6129E-5
4,9488E-5
5,0613E-5
5,0537E-5
4,8076E-5
5,2983E-5
5,1805E-5
4,9635E-5
5,0045E-5
6,585E-5
4,7911E-5
4,7976E-5
4,8618E-5
4,835E-5
4,8617E-5
4,8763E-5
5,4182E-5
5,068E-5
4,8275E-5
5,1305E-5
4,8292E-5
5,0442E-5
4,8327E-5
4,9342E-5
5,0746E-5
5,1068E-5
5,8844E-5
5,777E-5
5,1907E-5
5,6489E-5
5,0856E-5
7,7534E-5
4,8669E-5
4,8563E-5
5,1194E-5
4,9956E-5
5,0258E-5
5,2424E-5
4,796E-5
4,9138E-5
4,9526E-5
4,9678E-5
4,8899E-5
4,768E-5
4,9237E-5
4,8965E-5
4,7811E-5
4,8859E-5
4,7728E-5
4,9476E-5
5,0427E-5
5,0604E-5
4,9374E-5
4,9053E-5
4,9571E-5
4,8314E-5
4,8861E-5
4,9815E-5
5,0709E-5
5,2763E-5
4,8923E-5
4,8167E-5
4,8069E-5
5,0307E-5
5,1179E-5
4,9384E-5
5,108E-5
4,8457E-5
4,7994E-5
5,0171E-5
5,0067E-5
4,8858E-5
7,0398E-5
4,838E-5
4,8899E-5
4,7618E-5
5,0272E-5
5,0551E-5
5,0069E-5
4,8361E-5
6,3885E-5
5,4117E-5
4,9452E-5
4,9935E-5
5,7713E-5
8,0122E-5
4,9804E-5
4,9485E-5
4,9689E-5
4,7936E-5
4,758E-5
5,0548E-5
5,4605E-5
5,0346E-5
4,8746E-5
4,7851E-5
4,9485E-5
5,0142E-5
4,9415E-5
4,7595E-5
5,0122E-5
5,8274E-5
4,8071E-5
5,093E-5
4,9214E-5
4,7848E-5
4,7948E-5
4,9554E-5
4,9376E-5
4,9383E-5
4,9478E-5
4,9195E-5
4,8245E-5
4,9461E-5
4,8249E-5
4,979E-5
4,8799E-5
4,8448E-5
5,0525E-5
4,8103E-5
4,9557E-5
5,1131E-5
5,1398E-5
4,7281E-5
5,3193E-5
4,8566E-5
4,888E-5
4,9491E-5
4,995E-5
5,0091E-5
5,0839E-5
5,09E-5
6,1934E-5
5,0077E-5
4,8469E-5
5,8885E-5
4,8048E-5
4,923E-5
5,8989E-5
4,9355E-5
5,2616E-5
4,9859E-5
5,1375E-5
4,911E-5
5,1786E-5
4,9445E-5
5,0651E-5
5,5692E-5
4,9447E-5
5,5419E-5
5,5779E-5
5,752E-5
6,8513E-5
5,5201E-5
5,6416E-5
5,4416E-5
5,5259E-5
5,483E-5
5,394E-5
4,9904E-5
5,5254E-5
5,3748E-5
5,464E-5
5,4403E-5
5,33E-5
6,1207E-5
5,4706E-5
5,2954E-5
5,398E-5
5,441E-5
5,2505E-5
7,0363E-5
5,3488E-5
5,2261E-5
5,3524E-5
5,4405E-5
5,3771E-5
4,902E-5
5,5296E-5
5,4629E-5
5,3787E-5
5,4675E-5
5,3464E-5
5,3722E-5
5,4099E-5
5,2129E-5
5,3616E-5
5,6044E-5
6,8672E-5
5,3228E-5
5,4068E-5
5,2677E-5
4,9335E-5
5,467E-5
6,804E-5
5,4534E-5
6,254E-5
5,4407E-5
5,5067E-5
5,4028E-5
5,4519E-5
5,6939E-5
5,5789E-5
5,4328E-5
5,4233E-5
7,0491E-5
5,6034E-5
5,5116E-5
5,288E-5
5,5522E-5
4,8515E-5
5,4112E-5
5,3849E-5
5,3996E-5
5,4828E-5
5,5314E-5
5,5364E-5
4,844E-5
5,7247E-5
5,3923E-5
5,5131E-5
5,3975E-5
5,9766E-5
5,5266E-5
5,8296E-5
5,8923E-5
5,49E-5
5,3843E-5
5,7965E-5
5,8207E-5
5,6702E-5
5,7302E-5
5,2833E-5
6,0887E-5
5,4721E-5
5,416E-5
5,4215E-5
5,6505E-5
5,418E-5
5,4343E-5
5,4068E-5
5,5515E-5
6,647E-5
8,4329E-5
6,9951E-5
5,4466E-5
5,3403E-5
4,8941E-5
5,4455E-5
6,1138E-5
5,4338E-5
5,7059E-5
5,4641E-5
5,3317E-5
5,7075E-5
5,5029E-5
5,4917E-5
5,5775E-5
5,4444E-5
5,388E-5
5,5044E-5
5,3983E-5
5,3834E-5
5,4131E-5
5,4357E-5
5,4424E-5
0,001328893
6,9218E-5
5,1625E-5
5,5392E-5
6,1984E-5
5,4682E-5
5,6035E-5
5,4165E-5
6,2402E-5
5,3995E-5
5,4077E-5
4,8666E-5
5,4019E-5
6,9616E-5
5,4449E-5
5,4218E-5
5,4279E-5
5,4582E-5
5,3066E-5
5,339E-5
5,378E-5
5,5266E-5
4,8547E-5
5,0494E-5
5,5213E-5
5,6983E-5
5,5206E-5
5,4285E-5
5,4432E-5
6,3858E-5
5,3389E-5
5,3252E-5
5,1295E-5
6,319E-5
5,3697E-5
5,3113E-5
5,3861E-5
5,4446E-5
5,3514E-5
5,3057E-5
5,4266E-5
5,2742E-5
5,4054E-5
5,3222E-5
5,859E-5
5,3276E-5
5,4438E-5
5,3615E-5
5,4688E-5
5,3852E-5
5,322E-5
6,319E-5
5,4216E-5
5,188E-5
5,3814E-5
5,3949E-5
5,5033E-5
5,4435E-5
5,5118E-5
6,4817E-5
5,8001E-5
5,3434E-5
5,3904E-5
5,8189E-5
5,4115E-5
5,5021E-5
5,3762E-5
5,557E-5
6,1582E-5
5,3977E-5
5,3094E-5
5,4478E-5
5,3401E-5
4,8077E-5
5,4481E-5
5,8258E-5
5,5007E-5
5,3431E-5
5,497E-5
5,4508E-5
5,4945E-5
5,4229E-5
5,5317E-5
5,4146E-5
5,4835E-5
5,5079E-5
5,529E-5
5,6449E-5
4,9262E-5
5,3267E-5
5,443E-5
5,4023E-5
5,3262E-5
6,2409E-5
5,4545E-5
5,4686E-5
5,5514E-5
8,0548E-5
5,4305E-5
5,3946E-5
5,4052E-5
5,4041E-5
6,7756E-5
5,4734E-5
5,3768E-5
5,4257E-5
5,4243E-5
6,9649E-5
5,397E-5
5,388E-5
5,504E-5
5,4662E-5
5,4166E-5
5,4251E-5
5,5786E-5
5,2919E-5
5,3976E-5
5,3545E-5
5,279E-5
5,6257E-5
5,2832E-5
5,4369E-5
5,4504E-5
5,4759E-5
5,4901E-5
5,391E-5
5,3912E-5
5,3976E-5
5,398E-5
5,5236E-5
5,4794E-5
5,513E-5
5,3959E-5
5,5033E-5
5,4829E-5
5,5465E-5
5,3954E-5
6,3634E-5
6,0518E-5
5,4778E-5
5,6296E-5
5,4378E-5
5,5004E-5
6,357E-5
5,5413E-5
5,4407E-5
5,4544E-5
4,9937E-5
5,487E-5
5,6947E-5
5,436E-5
7,0085E-5
5,4497E-5
5,412E-5
5,4507E-5
5,4637E-5
5,4256E-5
5,3876E-5
5,3418E-5
5,2328E-5
6,3658E-5
5,4173E-5
5,3835E-5
4,8886E-5
4,8784E-5
4,8415E-5
5,1661E-5
5,0772E-5
6,1162E-5
5,1424E-5
5,1255E-5
5,4536E-5
5,0544E-5
5,0461E-5
5,0973E-5
4,858E-5
4,88E-5
4,918E-5
4,9807E-5
4,811E-5
5,111E-5
4,8129E-5
4,8003E-5
4,8423E-5
5,1755E-5
4,9078E-5
4,8356E-5
4,8028E-5
4,6738E-5
4,7407E-5
4,8167E-5
4,9289E-5
5,5373E-5
5,1627E-5
5,1332E-5
4,9747E-5
4,9864E-5
4,9174E-5
4,9027E-5
4,9774E-5
5,027E-5
4,8549E-5
4,8079E-5
4,8941E-5
4,9572E-5
5,0142E-5
5,1485E-5
4,98E-5
4,8435E-5
5,0038E-5
4,8805E-5
4,9893E-5
4,9299E-5
4,938E-5
5,025E-5
4,8595E-5
5,103E-5
4,8968E-5
5,013E-5
4,9708E-5
4,8565E-5
4,9641E-5
5,0016E-5
4,8536E-5
4,9596E-5
5,3752E-5
4,8741E-5
4,7398E-5
5,3044E-5
5,0031E-5
6,5444E-5
5,4431E-5
5,0117E-5
5,014E-5
4,7867E-5
6,5978E-5
6,3742E-5
5,0446E-5
5,2788E-5
4,9984E-5
4,8855E-5
4,838E-5
4,9349E-5
4,9211E-5
4,873E-5
4,9761E-5
4,8715E-5
4,9449E-5
5,0848E-5
5,2268E-5
5,0848E-5
4,8449E-5
4,8837E-5
6,4646E-5
4,9499E-5
4,9676E-5
5,0242E-5
4,7254E-5
5,1207E-5
4,9213E-5
5,5039E-5
5,1463E-5
4,9541E-5
5,0072E-5
6,5095E-5
4,9576E-5
4,911E-5
5,0207E-5
5,0487E-5
5,0221E-5
5,1115E-5
5,6622E-5
5,0421E-5
4,9009E-5
5,4378E-5
5,0421E-5
4,9024E-5
4,8961E-5
4,8142E-5
4,9457E-5
5,2742E-5
5,2261E-5
4,7931E-5
5,2595E-5
4,9143E-5
4,9733E-5
5,051E-5
5,6154E-5
5,2824E-5
5,3602E-5
4,9914E-5
5,0656E-5
5,1133E-5
4,9449E-5
5,0798E-5
4,9609E-5
4,902E-5
4,996E-5
4,9174E-5
5,4584E-5
5,1526E-5
5,7733E-5
4,8953E-5
5,1762E-5
5,0943E-5
4,8533E-5
5,0115E-5
5,0195E-5
5,144E-5
5,0038E-5
5,3596E-5
4,9755E-5
4,889E-5
5,4555E-5
4,9432E-5
5,0643E-5
5,0077E-5
4,9354E-5
5,0798E-5
4,8828E-5
4,8522E-5
4,9965E-5
4,942E-5
5,0058E-5
5,1983E-5
4,876E-5
5,0334E-5
4,9926E-5
5,7467E-5
4,9207E-5
5,7563E-5
5,1558E-5
5,5373E-5
4,8996E-5
5,0806E-5
4,9303E-5
4,9907E-5
5,2127E-5
4,8764E-5
4,998E-5
5,1654E-5
5,1614E-5
4,9122E-5
4,9814E-5
4,8752E-5
4,8455E-5
5,4607E-5
4,9268E-5
4,8983E-5
5,0073E-5
5,1473E-5
4,8327E-5
5,0443E-5
4,8218E-5
5,0975E-5
4,7179E-5
5,0663E-5
4,8542E-5
4,7677E-5
4,904E-5
4,875E-5
5,3132E-5
4,7539E-5
5,3302E-5
5,2376E-5
5,312E-5
5,597E-5
6,6093E-5
5,5555E-5
5,3912E-5
5,4517E-5
5,4408E-5
5,3462E-5
6,5509E-5
5,4555E-5
5,4629E-5
5,4302E-5
5,4636E-5
6,4033E-5
5,3413E-5
5,1558E-5
5,0118E-5
5,1359E-5
5,4957E-5
4,9137E-5
5,1549E-5
5,2721E-5
4,9277E-5
4,9366E-5
4,927E-5
4,9528E-5
5,0694E-5
4,8023E-5
5,159E-5
4,8411E-5
5,0509E-5
4,9658E-5
6,1645E-5
5,2204E-5
5,3175E-5
4,9514E-5
4,8137E-5
5,0147E-5
4,924E-5
4,9771E-5
4,9447E-5
4,9851E-5
4,9628E-5
5,0153E-5
4,8922E-5
4,9353E-5
4,9098E-5
4,9384E-5
5,0178E-5
4,9347E-5
4,9075E-5
4,826E-5
5,0051E-5
4,8445E-5
4,7653E-5
5,6116E-5
4,9567E-5
5,1039E-5
5,44E-5
4,9288E-5
4,8046E-5
4,9988E-5
4,9435E-5
5,2576E-5
5,6924E-5
4,77E-5
5,3787E-5
4,721E-5
4,7768E-5
4,9274E-5
4,9387E-5
4,8397E-5
4,8973E-5
4,847E-5
4,883E-5
4,83E-5
4,8319E-5
5,0699E-5
5,477E-5
4,889E-5
4,9309E-5
4,8E-5
5,0097E-5
4,8831E-5
5,0671E-5
5,1002E-5
5,1436E-5
4,9504E-5
5,1445E-5
4,7798E-5
5,2918E-5
4,8222E-5
5,0702E-5
4,8069E-5
5,0126E-5
4,916E-5
4,9596E-5
4,7638E-5
5,0952E-5
4,8387E-5
4,9368E-5
4,8958E-5
5,0527E-5
5,0339E-5
5,0203E-5
4,905E-5
4,9839E-5
4,8327E-5
5,4464E-5
4,8395E-5
4,8168E-5
5,0653E-5
5,0721E-5
4,9574E-5
5,0174E-5
4,9103E-5
4,9333E-5
4,8736E-5
4,9643E-5
5,3663E-5
0,00106347
4,8708E-5
5,3108E-5
5,3061E-5
4,9426E-5
5,7594E-5
5,064E-5
4,9277E-5
4,8762E-5
5,9237E-5
4,958E-5
4,9201E-5
5,1674E-5
5,5268E-5
4,955E-5
5,2106E-5
4,9605E-5
4,7723E-5
4,9038E-5
5,3966E-5
5,1166E-5
4,8245E-5
4,9129E-5
5,0698E-5
4,74E-5
5,3027E-5
4,8735E-5
4,9062E-5
5,2312E-5
4,9225E-5
4,8569E-5
5,0256E-5
4,8281E-5
5,4388E-5
4,9178E-5
4,9865E-5
4,9284E-5
4,9828E-5
4,9304E-5
5,0591E-5
4,9804E-5
4,9429E-5
4,9522E-5
4,9268E-5
4,9533E-5
5,1584E-5
5,0335E-5
4,987E-5
5,163E-5
4,8426E-5
4,7633E-5
4,9193E-5
4,9881E-5
4,8326E-5
4,8573E-5
4,9797E-5
4,9665E-5
5,0335E-5
4,8902E-5
5,4274E-5
4,9985E-5
5,0474E-5
5,3855E-5
4,8615E-5
4,9956E-5
5,0963E-5
4,9972E-5
4,8689E-5
4,8815E-5
5,3541E-5
4,8877E-5
5,3296E-5
4,8952E-5
5,0289E-5
5,1612E-5
5,3418E-5
4,939E-5
5,1176E-5
5,1531E-5
5,0136E-5
4,8613E-5
5,026E-5
4,986E-5
5,4925E-5
5,0882E-5
6,1004E-5
4,9923E-5
5,8216E-5
4,9466E-5
4,8894E-5
5,0655E-5
5,0337E-5
4,9819E-5
4,9852E-5
4,947E-5
4,9012E-5
5,3019E-5
5,043E-5
4,937E-5
4,9212E-5
4,9443E-5
4,9509E-5
5,1525E-5
5,1577E-5
4,9231E-5
5,1604E-5
4,9332E-5
4,976E-5
5,0439E-5
5,0784E-5
5,1387E-5
5,0265E-5
5,0336E-5
5,0611E-5
5,1752E-5
5,0391E-5
5,1768E-5
4,611E-5
4,8631E-5
5,0402E-5
4,8526E-5
5,359E-5
4,907E-5
4,7354E-5
4,843E-5
4,8648E-5
4,7309E-5
4,653E-5
5,2919E-5
5,3382E-5
5,5495E-5
5,3526E-5
5,3895E-5
5,0698E-5
5,5597E-5
5,3093E-5
5,3646E-5
5,4843E-5
5,4152E-5
7,0079E-5
6,893E-5
5,8511E-5
5,5127E-5
5,5601E-5
5,5272E-5
5,5021E-5
5,4611E-5
5,6552E-5
5,4319E-5
5,4025E-5
5,2886E-5
5,4471E-5
5,4958E-5
5,4478E-5
5,6904E-5
6,5844E-5
8,3732E-5
4,9762E-5
5,374E-5
5,3139E-5
5,3307E-5
5,4988E-5
5,3916E-5
5,4206E-5
5,4596E-5
5,5547E-5
5,9482E-5
5,9331E-5
5,3987E-5
7,0516E-5
5,3472E-5
7,9263E-5
5,3653E-5
5,3898E-5
5,4642E-5
6,8536E-5
5,4079E-5
5,4781E-5
5,5378E-5
5,4647E-5
5,4576E-5
5,5184E-5
5,4986E-5
5,5067E-5
5,4885E-5
5,4071E-5
5,4701E-5
5,4234E-5
5,5129E-5
5,5528E-5
5,4199E-5
5,2685E-5
5,4511E-5
5,4541E-5
5,5575E-5
5,4581E-5
4,8635E-5
4,8825E-5
6,1035E-5
6,4365E-5
4,9923E-5
4,854E-5
5,049E-5
5,2254E-5
4,9647E-5
5,0247E-5
5,0529E-5
4,9032E-5
4,9171E-5
5,2758E-5
5,0809E-5
5,0068E-5
5,3206E-5
5,8168E-5
5,4285E-5
4,9605E-5
5,4179E-5
5,5307E-5
5,4063E-5
4,9856E-5
5,7605E-5
6,1419E-5
5,155E-5
5,8408E-5
5,5109E-5
5,4799E-5
5,3981E-5
5,8012E-5
5,4184E-5
5,669E-5
5,4384E-5
4,9739E-5
5,5132E-5
5,3704E-5
5,4379E-5
5,4654E-5
5,1787E-5
6,9968E-5
5,5165E-5
6,914E-5
4,8202E-5
5,3053E-5
5,4039E-5
5,3103E-5
5,3129E-5
5,3686E-5
5,3077E-5
5,2233E-5
5,4715E-5
5,416E-5
6,3861E-5
5,3174E-5
4,8961E-5
5,4942E-5
5,2492E-5
5,2971E-5
5,559E-5
5,3546E-5
5,603E-5
5,4741E-5
5,0577E-5
5,1286E-5
5,3845E-5
5,3198E-5
5,3903E-5
4,7447E-5
5,3628E-5
5,3617E-5
5,4158E-5
5,1195E-5
5,3836E-5
5,0867E-5
5,4113E-5
5,326E-5
5,4079E-5
5,468E-5
5,1968E-5
5,3323E-5
5,544E-5
5,4411E-5
5,3153E-5
4,9369E-5
5,4139E-5
5,329E-5
5,445E-5
5,3094E-5
5,4011E-5
5,34E-5
5,2311E-5
5,4165E-5
5,3965E-5
5,324E-5
5,4634E-5
5,2791E-5
5,3422E-5
5,3461E-5
5,3877E-5
5,307E-5
5,3133E-5
5,3047E-5
5,3803E-5
5,4212E-5
5,7005E-5
5,4607E-5
5,3865E-5
5,5298E-5
5,5748E-5
5,4306E-5
5,3334E-5
5,3965E-5
5,3497E-5
5,3734E-5
5,4059E-5
5,5187E-5
5,546E-5
5,9102E-5
5,7745E-5
5,7693E-5
5,6216E-5
5,8434E-5
5,4327E-5
5,7323E-5
5,2732E-5
5,8419E-5
5,5127E-5
5,281E-5
5,4736E-5
5,424E-5
5,4677E-5
5,4142E-5
5,318E-5
5,3242E-5
5,4521E-5
5,3555E-5
6,9372E-5
5,3827E-5
5,3244E-5
5,3853E-5
5,2084E-5
5,2611E-5
5,4488E-5
5,406E-5
5,228E-5
5,4E-5
5,4997E-5
5,283E-5
5,3509E-5
5,3162E-5
5,5396E-5
5,3158E-5
6,0671E-5
5,2667E-5
5,2912E-5
4,9544E-5
5,4205E-5
5,3848E-5
5,2796E-5
5,5437E-5
5,472E-5
5,4428E-5
5,4712E-5
5,415E-5
5,4181E-5
5,5085E-5
5,4674E-5
5,414E-5
6,1233E-5
5,3474E-5
5,3593E-5
5,3838E-5
5,388E-5
5,4127E-5
4,8887E-5
5,4638E-5
5,4625E-5
5,3477E-5
5,3554E-5
5,3842E-5
5,4385E-5
5,4055E-5
5,6017E-5
5,5538E-5
5,4899E-5
5,8512E-5
5,4427E-5
5,3825E-5
5,4813E-5
5,3922E-5
5,4541E-5
5,5092E-5
5,3651E-5
5,4673E-5
5,4424E-5
5,4859E-5
5,3983E-5
5,6126E-5
5,511E-5
5,4242E-5
5,5063E-5
5,4421E-5
5,3152E-5
5,4054E-5
5,394E-5
5,2986E-5
5,1818E-5
5,2716E-5
5,3714E-5
5,228E-5
5,2578E-5
5,3651E-5
5,3091E-5
5,3265E-5
4,8259E-5
4,9777E-5
5,1975E-5
5,3784E-5
4,972E-5
5,1684E-5
4,9236E-5
5,1273E-5
4,98E-5
5,1199E-5
4,9676E-5
4,9221E-5
4,9862E-5
4,8198E-5
5,3035E-5
4,8928E-5
5,8496E-5
5,7385E-5
5,6572E-5
5,1398E-5
4,923E-5
4,9027E-5
5,5077E-5
5,0721E-5
5,5347E-5
5,7422E-5
5,2159E-5
5,0632E-5
5,0687E-5
4,9315E-5
4,9028E-5
4,9325E-5
4,9185E-5
4,976E-5
4,7826E-5
4,8285E-5
5,0125E-5
4,8693E-5
5,152E-5
4,963E-5
4,8522E-5
5,1203E-5
4,9066E-5
5,3782E-5
4,9803E-5
5,0839E-5
4,8897E-5
5,5245E-5
4,9732E-5
4,8376E-5
5,0158E-5
4,8891E-5
5,2895E-5
5,1791E-5
4,7647E-5
4,8416E-5
5,3827E-5
5,0126E-5
4,8883E-5
5,1512E-5
4,8886E-5
5,124E-5
4,9897E-5
5,0302E-5
5,1509E-5
4,9927E-5
4,8789E-5
5,0078E-5
4,9438E-5
5,1505E-5
5,1012E-5
4,9879E-5
4,9199E-5
5,3453E-5
5,0148E-5
4,8099E-5
5,4629E-5
4,9007E-5
4,7926E-5
5,113E-5
5,2611E-5
5,3458E-5
5,0262E-5
4,9536E-5
4,973E-5
4,9664E-5
4,9387E-5
4,9242E-5
4,8463E-5
4,7722E-5
4,8105E-5
4,704E-5
4,7651E-5
4,9122E-5
4,8845E-5
4,7645E-5
4,9689E-5
5,4613E-5
4,8189E-5
5,0267E-5
4,74E-5
4,9788E-5
4,8811E-5
4,7905E-5
4,9544E-5
4,8749E-5
4,9457E-5
4,8856E-5
4,8445E-5
4,7611E-5
4,8858E-5
4,9739E-5
4,8736E-5
4,8931E-5
4,8914E-5
4,9164E-5
4,9443E-5
5,2072E-5
4,767E-5
5,0767E-5
4,8999E-5
4,9534E-5
4,9777E-5
4,9788E-5
5,0729E-5
5,6166E-5
6,4839E-5
5,3281E-5
0,001320856
4,8849E-5
5,2602E-5
4,853E-5
4,9408E-5
5,7535E-5
5,1509E-5
4,9868E-5
4,9288E-5
4,9026E-5
5,0637E-5
5,0956E-5
4,9187E-5
4,9122E-5
4,8965E-5
5,0647E-5
5,7232E-5
4,9657E-5
4,9773E-5
4,9403E-5
5,1995E-5
5,119E-5
5,1302E-5
4,8793E-5
4,9241E-5
5,5079E-5
4,911E-5
5,046E-5
5,7505E-5
5,0068E-5
4,9238E-5
4,9123E-5
5,0137E-5
5,0214E-5
4,8862E-5
4,9363E-5
4,8929E-5
4,9309E-5
5,0569E-5
5,2135E-5
4,8035E-5
5,0727E-5
4,9349E-5
4,9187E-5
4,856E-5
4,8245E-5
4,907E-5
6,087E-5
4,9107E-5
4,8175E-5
4,92E-5
4,9269E-5
4,8459E-5
4,9662E-5
4,8293E-5
5,6745E-5
5,4888E-5
5,4412E-5
5,3332E-5
5,5803E-5
5,4539E-5
5,4889E-5
5,4455E-5
5,5517E-5
5,401E-5
5,476E-5
5,3317E-5
5,6139E-5
5,4263E-5
4,8091E-5
5,8437E-5
4,7738E-5
5,3499E-5
5,4499E-5
5,5184E-5
5,3645E-5
5,3691E-5
5,381E-5
5,2895E-5
5,6168E-5
5,4737E-5
5,3543E-5
5,4885E-5
5,4424E-5
5,5032E-5
5,5867E-5
5,5517E-5
5,5642E-5
5,3696E-5
5,441E-5
5,0307E-5
5,4442E-5
5,4379E-5
5,3859E-5
5,3354E-5
5,8067E-5
5,0669E-5
6,354E-5
4,9017E-5
5,7767E-5
4,8076E-5
5,0301E-5
5,0017E-5
5,4744E-5
4,9319E-5
5,2029E-5
5,0064E-5
5,1564E-5
4,8584E-5
4,8804E-5
5,5762E-5
4,9256E-5
5,4806E-5
5,0386E-5
5,0422E-5
5,0059E-5
4,8588E-5
4,9331E-5
5,1258E-5
5,0548E-5
5,1198E-5
5,0643E-5
4,9032E-5
5,0445E-5
5,0494E-5
4,9902E-5
4,8999E-5
5,4169E-5
5,0352E-5
5,0997E-5
5,1062E-5
5,0568E-5
5,0476E-5
5,2139E-5
4,9944E-5
5,0469E-5
5,0317E-5
5,0147E-5
5,0293E-5
4,9912E-5
4,9211E-5
4,9278E-5
5,1504E-5
4,9582E-5
5,4711E-5
5,1614E-5
5,0255E-5
5,0778E-5
4,9848E-5
4,8571E-5
4,9576E-5
5,9122E-5
5,1755E-5
4,928E-5
5,0882E-5
4,8915E-5
4,9107E-5
5,0554E-5
5,2048E-5
4,9091E-5
5,1659E-5
6,1252E-5
5,2297E-5
5,0385E-5
5,2876E-5
5,0453E-5
5,077E-5
5,203E-5
4,8403E-5
5,0365E-5
4,8983E-5
4,8764E-5
4,9268E-5
4,8342E-5
4,9761E-5
5,0174E-5
4,6239E-5
4,7913E-5
4,9206E-5
4,8819E-5
4,8968E-5
5,0706E-5
4,9375E-5
4,8407E-5
6,6432E-5
5,0332E-5
5,0131E-5
5,0423E-5
5,082E-5
5,0177E-5
5,0406E-5
5,2752E-5
5,069E-5
4,9142E-5
5,2071E-5
4,8877E-5
5,4334E-5
4,8238E-5
5,0219E-5
4,8783E-5
5,1608E-5
5,4716E-5
5,0397E-5
5,0251E-5
6,0344E-5
5,4754E-5
5,5789E-5
5,1333E-5
5,7158E-5
5,3343E-5
5,5715E-5
5,1492E-5
5,4945E-5
5,9731E-5
4,9907E-5
5,425E-5
4,9905E-5
5,9684E-5
5,1644E-5
5,088E-5
4,9428E-5
4,907E-5
4,8979E-5
5,0019E-5
4,8898E-5
4,9569E-5
4,9541E-5
4,9537E-5
4,9464E-5
4,9394E-5
5,0688E-5
5,1288E-5
5,0263E-5
4,768E-5
4,8332E-5
5,0598E-5
5,1017E-5
5,3757E-5
5,461E-5
5,3125E-5
5,142E-5
5,1314E-5
5,2648E-5
5,1904E-5
5,0386E-5
5,4632E-5
5,0235E-5
5,0917E-5
5,0734E-5
5,4229E-5
5,099E-5
4,8901E-5
5,011E-5
4,9523E-5
4,9965E-5
4,8028E-5
4,9637E-5
4,9612E-5
5,1157E-5
5,5034E-5
4,9893E-5
4,972E-5
4,8901E-5
5,0345E-5
4,8678E-5
5,0316E-5
4,9243E-5
4,8168E-5
5,1173E-5
4,9621E-5
5,1456E-5
5,553E-5
4,9225E-5
4,9279E-5
5,5246E-5
4,9448E-5
5,009E-5
4,8113E-5
6,3905E-5
4,7756E-5
4,7986E-5
4,7725E-5
4,8622E-5
4,78E-5
5,0531E-5
5,2066E-5
5,1451E-5
4,8982E-5
4,956E-5
4,9198E-5
4,7789E-5
4,7861E-5
4,8917E-5
5,3992E-5
4,8773E-5
5,1803E-5
5,0629E-5
4,9845E-5
4,9015E-5
5,2136E-5
4,9998E-5
5,1634E-5
4,8012E-5
4,9987E-5
4,8841E-5
4,9687E-5
4,9197E-5
5,6142E-5
4,8267E-5
4,9901E-5
4,9598E-5
5,0211E-5
5,6395E-5
5,4916E-5
5,6362E-5
5,3323E-5
5,0826E-5
5,9932E-5
4,9147E-5
4,9665E-5
4,8287E-5
4,8091E-5
5,0977E-5
5,0537E-5
5,2084E-5
4,8799E-5
4,9028E-5
5,6146E-5
4,9496E-5
5,1373E-5
4,9398E-5
4,9709E-5
4,9279E-5
4,948E-5
4,8756E-5
5,0619E-5
4,9334E-5
4,9502E-5
4,8347E-5
4,887E-5
5,1107E-5
5,3546E-5
4,9042E-5
5,0426E-5
4,8392E-5
4,8733E-5
4,9424E-5
4,8872E-5
5,0796E-5
5,0467E-5
4,9031E-5
4,94E-5
5,2099E-5
4,9781E-5
5,0566E-5
4,9309E-5
5,413E-5
4,9459E-5
5,0779E-5
4,9893E-5
4,926E-5
4,9552E-5
4,822E-5
4,9666E-5
4,9898E-5
6,0226E-5
6,29E-5
5,0023E-5
4,8485E-5
4,9001E-5
4,9626E-5
5,0258E-5
5,0655E-5
5,0725E-5
5,0658E-5
5,1224E-5
6,2814E-5
4,8877E-5
4,9021E-5
5,0303E-5
5,031E-5
5,2341E-5
5,1309E-5
5,0827E-5
4,9387E-5
4,9386E-5
5,024E-5
4,9281E-5
5,0905E-5
4,982E-5
5,0666E-5
4,9654E-5
4,9636E-5
4,8693E-5
5,0193E-5
5,0004E-5
4,908E-5
5,0054E-5
5,0539E-5
5,0529E-5
5,0267E-5
4,9918E-5
4,8377E-5
5,002E-5
4,8966E-5
4,8872E-5
5,0066E-5
4,8411E-5
4,9138E-5
4,8668E-5
5,0467E-5
4,9688E-5
5,0608E-5
4,9044E-5
5,4357E-5
5,0477E-5
5,3234E-5
4,9773E-5
4,9907E-5
6,944E-5
5,0682E-5
6,1427E-5
4,8447E-5
5,9844E-5
4,6522E-5
5,3353E-5
4,8922E-5
5,6014E-5
5,1788E-5
6,4297E-5
5,0543E-5
4,9755E-5
4,9396E-5
4,9401E-5
4,9465E-5
5,1653E-5
4,8302E-5
4,9057E-5
4,8619E-5
4,9917E-5
5,168E-5
5,0022E-5
4,8854E-5
5,022E-5
4,8877E-5
4,9021E-5
4,9444E-5
4,9781E-5
4,8952E-5
5,1353E-5
5,0274E-5
4,841E-5
5,1503E-5
4,9704E-5
5,0016E-5
5,0117E-5
4,9757E-5
4,927E-5
4,9971E-5
4,9822E-5
5,08E-5
5,1329E-5
4,9105E-5
4,8609E-5
4,8248E-5
5,02E-5
6,039E-5
4,8182E-5
4,8153E-5
5,0466E-5
4,7939E-5
5,0579E-5
4,9852E-5
4,9676E-5
4,9142E-5
4,8795E-5
5,1201E-5
5,2346E-5
5,1517E-5
4,9737E-5
5,0595E-5
5,0097E-5
5,124E-5
4,9584E-5
5,0478E-5
4,9678E-5
5,0404E-5
4,9041E-5
4,966E-5
5,0028E-5
6,5243E-5
5,0455E-5
4,9408E-5
4,9858E-5
4,7731E-5
4,8905E-5
4,9011E-5
5,0755E-5
5,0231E-5
5,1246E-5
4,9266E-5
5,0463E-5
5,0153E-5
4,9591E-5
5,0679E-5
5,0286E-5
5,329E-5
4,924E-5
5,0146E-5
5,0107E-5
5,397E-5
6,5114E-5
4,9487E-5
4,9781E-5
4,7966E-5
4,7865E-5
5,0256E-5
4,9747E-5
5,0506E-5
4,8401E-5
4,9855E-5
4,9897E-5
4,9165E-5
4,9826E-5
5,3234E-5
5,6081E-5
4,9755E-5
4,9273E-5
4,9339E-5
4,9989E-5
5,0998E-5
4,9597E-5
5,2059E-5
5,2836E-5
5,2059E-5
4,5614E-5
4,902E-5
5,0002E-5
4,7199E-5
4,9224E-5
4,8533E-5
4,9331E-5
5,0645E-5
4,8993E-5
5,0131E-5
6,2642E-5
5,074E-5
4,8331E-5
5,0019E-5
4,9163E-5
5,0048E-5
5,0638E-5
4,9392E-5
5,0845E-5
4,9491E-5
5,4421E-5
4,8684E-5
4,9587E-5
4,8671E-5
5,2667E-5
4,9941E-5
4,7873E-5
4,8412E-5
4,8518E-5
4,9009E-5
4,9349E-5
4,8805E-5
5,0032E-5
5,0407E-5
5,1115E-5
5,1018E-5
4,9752E-5
4,9902E-5
5,9558E-5
5,031E-5
5,0626E-5
5,1603E-5
4,9585E-5
5,0544E-5
5,2294E-5
4,4164E-5
4,9616E-5
4,951E-5
4,9806E-5
4,6606E-5
4,744E-5
4,8052E-5
5,052E-5
4,9348E-5
4,8216E-5
5,0753E-5
4,8583E-5
4,6338E-5
4,8085E-5
5,0602E-5
0,001327716
4,9679E-5
4,898E-5
4,9312E-5
5,3933E-5
4,8821E-5
5,046E-5
4,9566E-5
5,022E-5
4,8171E-5
4,9272E-5
5,0066E-5
5,0129E-5
4,9833E-5
4,8374E-5
4,9898E-5
5,0246E-5
6,4172E-5
4,9318E-5
4,9342E-5
4,9623E-5
4,9872E-5
4,9336E-5
5,0478E-5
4,8371E-5
4,8722E-5
4,4774E-5
4,4858E-5
4,8926E-5
5,2599E-5
5,053E-5
4,9481E-5
4,9402E-5
5,0627E-5
4,8712E-5
4,8961E-5
4,932E-5
4,9468E-5
5,1033E-5
5,1955E-5
4,8827E-5
5,7159E-5
4,9928E-5
4,8479E-5
4,9268E-5
5,0451E-5
4,8575E-5
4,9709E-5
5,4066E-5
4,8616E-5
5,0328E-5
4,9401E-5
4,9872E-5
4,9615E-5
4,4851E-5
4,9373E-5
4,7111E-5
4,8747E-5
4,8692E-5
6,3092E-5
4,8802E-5
4,95E-5
4,9172E-5
4,9402E-5
5,0026E-5
4,9147E-5
5,3501E-5
5,0389E-5
4,9686E-5
4,7907E-5
4,8046E-5
4,7749E-5
4,7946E-5
6,2172E-5
4,9392E-5
5,0752E-5
4,7605E-5
4,8608E-5
4,9089E-5
5,0523E-5
4,6922E-5
4,9088E-5
4,9173E-5
4,9693E-5
5,0157E-5
4,9728E-5
5,223E-5
5,1052E-5
4,9206E-5
4,8416E-5
5,2879E-5
4,9426E-5
4,8919E-5
4,8588E-5
4,8923E-5
4,9491E-5
4,948E-5
4,9663E-5
5,028E-5
5,0427E-5
4,9702E-5
4,8943E-5
4,8849E-5
5,168E-5
4,9175E-5
6,4633E-5
5,1109E-5
4,9488E-5
5,0074E-5
5,3585E-5
5,1352E-5
5,1047E-5
5,1746E-5
4,8047E-5
5,4125E-5
4,8152E-5
4,8902E-5
4,8718E-5
4,8359E-5
4,9976E-5
5,0685E-5
5,0062E-5
4,8813E-5
4,9577E-5
4,9644E-5
4,7752E-5
4,8751E-5
4,9554E-5
4,9045E-5
5,0643E-5
5,0268E-5
5,0786E-5
5,2078E-5
4,925E-5
4,9572E-5
4,938E-5
4,9952E-5
4,9508E-5
6,4352E-5
4,9466E-5
7,7542E-5
4,449E-5
4,7658E-5
5,0726E-5
4,9622E-5
5,0087E-5
4,7994E-5
4,7753E-5
4,7765E-5
5,1503E-5
6,3801E-5
4,903E-5
5,059E-5
4,8914E-5
5,0821E-5
4,9086E-5
4,8955E-5
4,8492E-5
5,2833E-5
4,8571E-5
4,8612E-5
5,1038E-5
4,7278E-5
4,7784E-5
5,0473E-5
4,8863E-5
4,8873E-5
5,0705E-5
4,8498E-5
4,908E-5
4,8722E-5
5,0035E-5
4,8241E-5
4,8231E-5
4,893E-5
4,9179E-5
6,2284E-5
4,9084E-5
4,9598E-5
6,7225E-5
4,9052E-5
6,0786E-5
5,0032E-5
4,8997E-5
4,8465E-5
4,8621E-5
5,0148E-5
4,9079E-5
4,9726E-5
4,8846E-5
4,8819E-5
4,7742E-5
4,876E-5
4,9453E-5
5,5429E-5
4,8289E-5
4,8962E-5
4,8043E-5
5,0231E-5
4,8621E-5
4,9557E-5
5,0528E-5
5,1294E-5
4,95E-5
4,8386E-5
4,8806E-5
4,9434E-5
4,801E-5
4,879E-5
4,8792E-5
4,8893E-5
4,9079E-5
4,8314E-5
4,9593E-5
5,0097E-5
5,2008E-5
4,9924E-5
4,985E-5
4,9672E-5
5,1258E-5
4,9046E-5
4,9688E-5
4,8431E-5
4,9412E-5
4,9475E-5
4,9547E-5
4,9317E-5
4,8303E-5
4,943E-5
4,9516E-5
5,1921E-5
5,0713E-5
4,8478E-5
5,0788E-5
4,7951E-5
4,8677E-5
4,9778E-5
4,8984E-5
4,8854E-5
4,679E-5
4,8383E-5
4,8643E-5
4,7888E-5
4,8597E-5
4,727E-5
4,9429E-5
4,9412E-5
0,001413851
