0,003164152
0,043569506
0,043481123
0,04391882
0,044062499
0,043874157
0,044168445
0,046010148
0,041785431
0,044055145
0,044061048
0,043847838
0,043843749
0,04431959
0,043739548
0,044046831
0,044945057
0,04284647
0,044090397
0,044100389
0,04391821
0,043953735
0,044102945
0,043885772
0,043482762
0,043985389
0,043935957
0,044214963
0,04373967
0,043902257
0,044210976
0,043853473
0,043931454
0,044050561
0,044024542
0,04397247
0,043982184
0,044005014
0,044099565
0,043730694
0,044212573
0,043836735
0,044010271
0,044020693
0,044093324
0,043913924
0,043863814
0,044092048
0,043982728
0,043893629
0,044015032
0,04422845
0,043776244
0,044000274
0,043979542
0,044242518
0,043661452
0,044141663
0,043844061
0,044078185
0,043947048
0,044177013
0,043660082
0,044116341
0,044007214
0,044181224
0,04396501
0,043835237
0,043979536
0,043878815
0,044164578
0,044926035
0,042929629
0,043990509
0,043992179
0,043974587
0,044169623
0,043882993
0,043947681
0,044062404
0,045023698
0,042932767
0,043869396
0,044023809
0,044002848
0,043965806
0,043960532
0,044014846
0,043955238
0,044037212
0,043945389
0,044071851
0,043826218
0,044000819
0,04404737
0,044141714
0,043914875
0,043998702
0,043835507
0,044159162
0,043895291
0,043983116
0,043964682
0,044099025
0,043815334
0,044115774
0,043978748
0,043924027
0,044048581
0,043982662
0,044023616
0,043860618
0,044075692
0,044021162
0,044060049
0,043855287
0,044208235
0,043809435
0,044170285
0,043668498
0,044089597
0,043918919
0,044107687
0,043967003
0,044110715
0,04388585
0,043985871
0,044204813
0,043746706
0,044078376
0,04387154
0,044001519
0,044156402
0,04394457
0,044032765
0,045128841
0,042750256
0,043979895
0,043982442
0,043992133
0,044020535
0,043902956
0,044092759
0,043924854
0,043934803
0,04413165
0,043916463
0,043940809
0,044016007
0,044177639
0,04371828
0,044216245
0,043861921
0,043933779
0,043912915
0,044077886
0,043995072
0,044308415
0,043616486
0,043995035
0,043874327
0,044251973
0,044149038
0,04378333
0,043879519
0,043947857
0,044019599
0,044115764
0,043912646
0,043996135
0,043915689
0,044107526
0,043862189
0,044012888
0,043916558
0,043937267
0,044057413
0,044015506
0,044025871
0,044004005
0,043834374
0,044076885
0,043939927
0,044044031
0,043988545
0,043979539
0,043984063
0,043931514
0,044007205
0,043963503
0,045182368
0,043124605
0,043743842
0,043930397
0,044337222
0,043705167
0,043879702
0,044029868
0,044533199
0,04478765
0,042805744
0,043919379
0,043927423
0,044072424
0,043933863
0,043985665
0,043948054
0,044072505
0,044023604
0,044054184
0,043668611
0,044104019
0,044051571
0,043945855
0,044050185
0,043968773
0,043872998
0,044124704
0,044000067
0,043993164
0,043846973
0,044227693
0,043897972
0,043972863
0,043991222
0,044075541
0,043921887
0,043931157
0,043981363
0,044105033
0,044024393
0,043840968
0,043862855
0,044131542
0,04411456
0,04404085
0,043830177
0,043981064
0,044065892
0,04396477
0,043780079
0,044246753
0,043915123
0,04397172
0,044094191
0,043778971
0,044016345
0,044017423
0,043976021
0,044235843
0,043630105
0,044154663
0,044023913
0,044108393
0,044861232
0,042983197
0,043841074
0,044060933
0,043996834
0,044202816
0,043826013
0,043913453
0,043998455
0,044099607
0,043960702
0,044000192
0,044121506
0,043681382
0,04400129
0,044104011
0,043895729
0,044085073
0,043965466
0,044021804
0,043855745
0,044112724
0,043948764
0,043939213
0,044132934
0,043968651
0,044034098
0,043771026
0,044148581
0,04400366
0,043940908
0,04406555
0,043984988
0,043974701
0,043997794
0,043906946
0,043948985
0,044009741
0,043974763
0,043921843
0,044130581
0,044036644
0,043949238
0,043988914
0,043914452
0,044113315
0,04393225
0,044003794
0,043948567
0,044005852
0,043995965
0,044041178
0,043884776
0,043937714
0,04409644
0,045285278
0,043836135
0,042835288
0,043918333
0,044028914
0,043919467
0,043979022
0,044135922
0,043852516
0,045357535
0,042679188
0,043988676
0,044006449
0,043945495
0,04395436
0,044068312
0,043889586
0,044050487
0,044942939
0,043173227
0,043944667
0,044221825
0,043743466
0,043919064
0,04401576
0,044292641
0,04388044
0,04391751
0,044181497
0,044041289
0,043860814
0,04407
0,04387859
0,044019564
0,044061477
0,043965447
0,043934269
0,044027383
0,043878867
0,04414862
0,043862528
0,043927058
0,043938925
0,044066479
0,043980242
0,044033487
0,043961769
0,044021283
0,044018587
0,043847599
0,044004833
0,04398427
0,043901042
0,044078231
0,043975585
0,045269449
0,042688707
0,04387994
0,044112231
0,04404256
0,043849476
0,043943516
0,044161361
0,043797261
0,045418604
0,042607826
0,044058049
0,043903157
0,044090307
0,043871564
0,04399373
0,044022089
0,043954923
0,043983345
0,043948876
0,044922643
0,043179852
0,044049416
0,043892929
0,043953898
0,043959063
0,044008868
0,043900794
0,044035341
0,043912998
0,044007072
0,044030074
0,043957594
0,04404978
0,043904321
0,043968877
0,043966471
0,044064718
0,043929234
0,044124624
0,043932784
0,043919694
0,044066568
0,04409407
0,043956995
0,043901302
0,044036719
0,044029342
0,043959724
0,043879908
0,04407296
0,043866581
0,044051962
0,044038627
0,044005464
0,043788813
0,044139004
0,043968108
0,044022739
0,04381132
0,044114135
0,04401541
0,044632636
0,043285398
0,045212763
0,042769328
0,044086201
0,043907164
0,044143087
0,043945132
0,043929842
0,044026871
0,043902789
0,04540202
0,042556979
0,044078342
0,043974944
0,043884186
0,044090961
0,04383043
0,044073
0,044096023
0,043820701
0,044087979
0,043947732
0,04419359
0,043743082
0,04400495
0,044040223
0,044006422
0,043925961
0,044040749
0,044012973
0,043937853
0,044181682
0,043903881
0,043868972
0,044017541
0,044028664
0,043886332
0,043996293
0,044102173
0,043907865
0,044012961
0,044025641
0,043937013
0,0439317
0,043918426
0,044079171
0,043933574
0,044043618
0,044151484
0,043859699
0,044033628
0,043897015
0,045732828
0,042357272
0,043856851
0,044077449
0,044061019
0,043920757
0,043837043
0,044175873
0,043919275
0,043996993
0,043959685
0,04403853
0,044036772
0,045282366
0,04269961
0,044404156
0,043489555
0,043940548
0,044037416
0,043953162
0,043942909
0,044170471
0,043833274
0,043963142
0,043884437
0,044034944
0,043917299
0,044003008
0,044216057
0,043867173
0,044133151
0,043762904
0,043954146
0,044049861
0,04405873
0,044205198
0,043647502
0,044151017
0,043898344
0,043910924
0,044009642
0,044048584
0,044110052
0,043814521
0,044473216
0,043962489
0,043598062
0,044096196
0,043764383
0,043968753
0,044181355
0,043974343
0,044010098
0,043914669
0,044090553
0,046029167
0,041833248
0,044013692
0,044001224
0,043827224
0,044165864
0,04393773
0,043955079
0,044079136
0,043923608
0,044019162
0,044014631
0,04394738
0,043994553
0,044047486
0,043935925
0,044082146
0,043809635
0,04410529
0,044048137
0,043835495
0,044070056
0,04533316
0,042843293
0,043820704
0,044004346
0,043946927
0,044085362
0,044066399
0,043713255
0,044164632
0,043922219
0,044006608
0,043992043
0,044070017
0,043800379
0,044134741
0,043920139
0,044062895
0,044210651
0,043869503
0,04379859
0,04412871
0,044001333
0,045369305
0,043099084
0,043738034
0,043591015
0,044079034
0,043971292
0,043933828
0,044000228
0,04415615
0,043915602
0,043922958
0,044125636
0,043980316
0,043963514
0,043965743
0,04387884
0,044034892
0,044190333
0,043886913
0,04382747
0,044019004
0,044124729
0,043938423
0,043970911
0,043949713
0,043977125
0,043990388
0,044053434
0,043922996
0,04404488
0,044380249
0,043853018
0,04372628
0,049752776
0,042339088
0,04453646
0,043310685
0,044306478
0,043750166
0,044041864
0,043921513
0,044050136
0,045431579
0,042536055
0,044015024
0,044161395
0,043913208
0,043924236
0,044006973
0,043864044
0,044068543
0,04554679
0,042404975
0,044020128
0,043978909
0,043973285
0,044042608
0,043964747
0,043995516
0,043903273
0,044168007
0,044045162
0,043817712
0,044051743
0,044014373
0,043948081
0,044024968
0,04416802
0,043799668
0,047342907
0,0447423
0,043963781
0,04389882
0,043980593
0,044008668
0,043982617
0,043998071
0,043997498
0,044027043
0,044033594
0,043977118
0,044146768
0,043837273
0,043892592
0,044198652
0,043862769
0,044092797
0,043892827
0,043924717
0,044100458
0,043872054
0,044086672
0,043986548
0,044050111
0,043840081
0,044175407
0,043904967
0,044040847
0,043943382
0,043951219
0,044102585
0,043868757
0,044013199
0,043975145
0,043879692
0,04413035
0,045183604
0,042824355
0,043943634
0,044214751
0,043803552
0,043988922
0,044008303
0,044016494
0,043906881
0,045320293
0,042692364
0,04402115
0,043934869
0,044058317
0,044002541
0,04403268
0,043968188
0,043964114
0,044025655
0,043926363
0,043946642
0,044043804
0,044104959
0,04390541
0,043987126
0,044037517
0,043957753
0,044016223
0,044039456
0,043991152
0,043880916
0,043982833
0,044058274
0,043964078
0,044069649
0,043863096
0,044086611
0,044064146
0,043845672
0,044024293
0,043896101
0,043985489
0,044173027
0,043970762
0,043858625
0,044015951
0,043981403
0,044124112
0,043989211
0,043959833
0,043926087
0,044005042
0,044037045
0,043988974
0,043912818
0,045264936
0,042669654
0,044177763
0,043953523
0,043991027
0,043986051
0,043983363
0,043991176
0,043985311
0,044991464
0,042987039
0,043982719
0,043995763
0,043943205
0,043985897
0,0440068
0,043996743
0,044126951
0,043896504
0,044229988
0,043980581
0,043763
0,044353733
0,043666874
0,043815316
0,044217945
0,043868429
0,044066201
0,043968576
0,044000585
0,044043192
0,043945122
0,043950201
0,043922581
0,044150242
0,04384533
0,044070312
0,044009082
0,043974385
0,043976855
0,04387096
0,04417738
0,046015351
0,042314572
0,043607001
0,043986182
0,043961834
0,044115819
0,043997242
0,043805553
0,044205345
0,043877296
0,043948466
0,04417764
0,043789928
0,045097873
0,042898781
0,044034857
0,044183523
0,043808751
0,04404313
0,045676856
0,042373475
0,043889215
0,045057766
0,043110987
0,04370197
0,044081885
0,043992798
0,044145884
0,044500069
0,04328856
0,044102337
0,051536613
0,044458115
0,043896008
0,044138942
0,043889391
0,0440199
0,043854004
0,044210132
0,043842742
0,044118003
0,043841317
0,044119405
0,044043727
0,043796729
0,043977537
0,044272355
0,043948903
0,046154851
0,041690276
0,044195131
0,043710773
0,044023733
0,043932452
0,044025845
0,043827932
0,044106215
0,043966442
0,044144566
0,04387389
0,044047286
0,043817985
0,044143502
0,044083317
0,043907712
0,044043686
0,043928732
0,043949014
0,043983213
0,043979807
0,044032468
0,043968745
0,044082016
0,044016206
0,044005596
0,043822711
0,044082279
0,045189194
0,04263157
0,044113381
0,044092717
0,043851352
0,044325434
0,043805565
0,04409103
0,043744535
0,04533969
0,04271424
0,043962287
0,044086217
0,043960256
0,04408361
0,043830516
0,044036462
0,044109125
0,043842272
0,044233094
0,043864689
0,04386189
0,044137966
0,044063581
0,044075204
0,043799668
0,043912626
0,04404177
0,043973285
0,044066338
0,044238396
0,043823925
0,04398858
0,043812
0,044069254
0,044063179
0,044085809
0,043932265
0,043948867
0,043895228
0,044019521
0,044094276
0,043816484
0,044125224
0,043859725
0,044107116
0,04404599
0,043974859
0,043925636
0,044016679
0,044058933
0,043971963
0,044240002
0,044054428
0,043707061
0,043926072
0,044151161
0,043907703
0,044142987
0,043812151
0,044059319
0,043852548
0,044004338
0,044011885
0,045240724
0,04281905
0,044049784
0,043913693
0,044024825
0,043977694
0,043943293
0,044012074
0,044265247
0,045017254
0,042858545
0,043927458
0,044046177
0,043952194
0,044038221
0,04384488
0,044037505
0,044033284
0,043878557
0,044111027
0,04393501
0,043907936
0,044022218
0,044115258
0,043999028
0,043907051
0,044225337
0,043815301
0,043917449
0,04405926
0,043893771
0,044188676
0,043881115
0,0439099
0,044147624
0,043971861
0,043950396
0,044047178
0,043974319
0,043949927
0,044028682
0,043905192
0,044065752
0,043979115
0,044060072
0,044064881
0,043804256
0,043898227
0,044181831
0,043868968
0,044018757
0,043956601
0,044408013
0,043859664
0,043755486
0,045358098
0,042710523
0,04409393
0,04378531
0,044126282
0,043852441
0,044000718
0,044003819
0,044037714
0,04505995
0,042854505
0,044036776
0,043984983
0,043931164
0,044128997
0,043862439
0,044020602
0,044016101
0,044039497
0,043957542
0,043975379
0,044042657
0,043950786
0,044027552
0,043937999
0,044009368
0,04424168
0,043787691
0,044005781
0,044012521
0,043892938
0,043916883
0,044182688
0,043870913
0,044095067
0,043764155
0,044127567
0,043998392
0,044096031
0,043909272
0,043923194
0,044080759
0,044130469
0,043886805
0,043937519
0,044146797
0,043736039
0,044048766
0,044035022
0,043901198
0,044088071
0,043958951
0,043995083
0,04413975
0,043960342
0,043927681
0,043874129
0,044081704
0,043955977
0,044141167
0,043789345
0,044067461
0,044141239
0,04389786
0,045236843
0,042756842
0,043895493
0,044115836
0,043938788
0,043937952
0,043915945
0,044064419
0,04402508
0,045211194
0,042831428
0,043910718
0,043966894
0,04403706
0,044053427
0,043898745
0,044123487
0,043901831
0,044012126
0,044038683
0,044044669
0,043900233
0,043918597
0,043952797
0,044095963
0,044010133
0,043979348
0,044027459
0,043985787
0,043989665
0,043915312
0,044090945
0,04416912
0,043737204
0,044117716
0,043932434
0,043934104
0,043910244
0,044075495
0,043874601
0,044041604
0,04421895
0,043774513
0,044048185
0,044068466
0,044124982
0,043878496
0,043999158
0,044339943
0,04361326
0,043984446
0,044034998
0,043915047
0,0439618
0,044164838
0,043827024
0,04407734
0,044020317
0,043911124
0,044075869
0,043919538
0,04394244
0,044029251
0,043988114
0,045376992
0,042577802
0,043997733
0,043914745
0,044133537
0,043996732
0,044092988
0,043896902
0,044013123
0,044089976
0,043908467
0,044026534
0,04383336
0,044049038
0,044061482
0,043997497
0,043961121
0,043879187
0,044119815
0,043956254
0,043923901
0,04402331
0,04404736
0,04399925
0,044064184
0,044050016
0,043889845
0,04388416
0,044119391
0,043936137
0,043888129
0,043921042
0,044115787
0,044008063
0,044096594
0,043943097
0,0438933
0,04402794
0,043987471
0,043946995
0,044082993
0,043982202
0,04402336
0,043936289
0,043962128
0,04408502
0,043904336
0,043966159
0,044064976
0,044039453
0,043983315
0,043919969
0,043989946
0,044027128
0,04402968
0,045109576
0,042869566
0,044013998
0,04389716
0,044035738
0,044074111
0,04387769
0,044002727
0,044163808
0,043798062
0,044003192
0,043909164
0,044184848
0,043985963
0,044006813
0,043909165
0,043986571
0,04397183
0,04412665
0,043756509
0,044094249
0,044058678
0,044090458
0,043981498
0,043886056
0,044045314
0,04395901
0,044133244
0,043872124
0,044011963
0,044049538
0,043938206
0,04396243
0,044005062
0,044054298
0,043937133
0,044031743
0,043872677
0,044068804
0,044066917
0,044035351
0,043834445
0,044126344
0,043802563
0,044201094
0,04401319
0,044146238
0,043747711
0,043941921
0,043942076
0,043934477
0,044109729
0,044105796
0,043814463
0,044070093
0,045075333
0,042955237
0,04396644
0,044011184
0,043934046
0,044025279
0,043927577
0,043992727
0,04402242
0,045336388
0,042699128
0,043947386
0,043929402
0,044125969
0,04407932
0,043954493
0,043907159
0,04397466
0,043964179
0,043996563
0,044070574
0,04393943
0,043893043
0,044073299
0,04407775
0,043940122
0,043960297
0,044027826
0,044020497
0,043931924
0,044078022
0,044139951
0,043892912
0,043961495
0,043922671
0,043961661
0,044038862
0,043828223
0,044144057
0,043859626
0,044059768
0,044001546
0,04414717
0,043743269
0,044314965
0,043903232
0,043797297
0,044274004
0,04392841
0,043999627
0,043954594
0,044181574
0,04377189
0,043946356
0,044069734
0,043933484
0,04392478
0,0439829
0,044174519
0,043856505
0,043978239
0,044214601
0,043874848
0,043884787
0,04539024
0,042706862
0,043890759
0,044335556
0,043733708
0,044013878
0,043842632
0,044357179
0,043707267
0,045273401
0,042790396
0,043978462
0,04403282
0,043824037
0,044024025
0,044023834
0,044026251
0,043919412
0,043981721
0,044071918
0,043904597
0,044171869
0,043884957
0,043890393
0,044042897
0,044172341
0,043982781
0,043766214
0,044150962
0,043906848
0,044111618
0,04402551
0,043985487
0,043991292
0,043877988
0,044065756
0,043889289
0,044174615
0,043814833
0,043990875
0,044129706
0,044002233
0,044086315
0,043837971
0,044182998
0,043802047
0,043966474
0,044009767
0,043978619
0,043964187
0,043941284
0,043948277
0,044053908
0,044221327
0,04398408
0,043704064
0,044090817
0,044071098
0,044008771
0,043953111
0,043977316
0,043914794
0,044022223
0,044083021
0,045109798
0,043018509
0,043815986
0,04396754
0,044107278
0,044045312
0,043823012
0,043973712
0,044074653
0,043947968
0,044087259
0,04387779
0,04394086
0,044320861
0,043739413
0,043989038
0,044093166
0,043906056
0,044012651
0,043934275
0,044064581
0,043871661
0,044248436
0,043697784
0,044033942
0,044017358
0,044158834
0,043958933
0,043864523
0,04399133
0,044040704
0,044081506
0,043903956
0,044021427
0,044035214
0,04396312
0,044041558
0,043927985
0,044016182
0,043975497
0,043918556
0,043981035
0,044017054
0,044043368
0,04409882
0,043886222
0,044084937
0,043989045
0,044010121
0,043772622
0,044163359
0,04391446
0,044035478
0,044015302
0,044022048
0,044867721
0,043078407
0,044010055
0,043857147
0,044055997
0,043949302
0,0440309
0,043866063
0,044172423
0,045125782
0,04284757
0,043893514
0,044102398
0,044040212
0,043967422
0,04395409
0,043965881
0,044054439
0,043932219
0,044036778
0,044054393
0,043850656
0,044143002
0,043886709
0,044120396
0,043959598
0,043865919
0,043943022
0,044012129
0,044020347
0,044006173
0,043966885
0,044104458
0,043872549
0,044070708
0,043921245
0,04405621
0,043953513
0,043941548
0,044374414
0,043727856
0,043889632
0,044124989
0,043898495
0,043999097
0,044079706
0,043861061
0,044052283
0,043980337
0,043993482
0,044111185
0,043869672
0,044012371
0,044012933
0,043975286
0,043935788
0,044100538
0,043945092
0,043933697
0,04408755
0,043918441
0,044069558
0,043889453
0,044004969
0,045168782
0,042898623
0,043961431
0,043929349
0,044010105
0,044037378
0,043929763
0,044067909
0,043942423
0,044022019
0,044037311
0,043878117
0,043990934
0,044083684
0,043940648
0,044094042
0,043880984
0,043995379
0,043995346
0,043991329
0,044025978
0,043908651
0,044107621
0,043897506
0,04410958
0,043963754
0,043935209
0,044107959
0,043811938
0,044073156
0,044105277
0,043903908
0,044018159
0,044075736
0,043874376
0,044070548
0,044059808
0,043855179
0,043953414
0,044023491
0,043907112
0,044043431
0,043974047
0,044110029
0,043941193
0,043950954
0,043974728
0,043954203
0,044043804
0,04391972
0,044108326
0,044030411
0,043820963
0,044052719
0,044085366
0,045251733
0,042588016
0,04409206
0,043995971
0,044148899
0,043858464
0,043936314
0,044100161
0,043932039
0,045270315
0,04274486
0,044022086
0,043999627
0,043911013
0,044122631
0,04379276
0,044171179
0,043735226
0,044101907
0,044103362
0,043888352
0,043893245
0,044106541
0,044089014
0,043860448
0,043994414
0,044082165
0,044003822
0,04390779
0,044033717
0,043944737
0,043996612
0,044065936
0,043921727
0,04405992
0,044063559
0,043833148
0,044106638
0,04402862
0,043959603
0,043945348
0,044059071
0,043809486
0,044064727
0,043908086
0,044091325
0,044094881
0,043788092
0,044165735
0,044112929
0,044025088
0,043709674
0,044046966
0,044225216
0,043810971
0,043874633
0,044119347
0,043907786
0,043985592
0,044037382
0,044013521
0,044232757
0,043888848
0,043839326
0,044045799
0,043811019
0,044114962
0,044119749
0,044026835
0,043809541
0,04416336
0,044020067
0,04386036
0,045162007
0,042765606
0,043982659
0,044031011
0,043991198
0,044041861
0,043868446
0,044193988
0,043890842
0,043954945
0,04402841
0,043964689
0,043990304
0,044235692
0,043951424
0,044013403
0,043992469
0,043888416
0,043850938
0,044092092
0,043881668
0,044051823
0,043951249
0,043917543
0,044074526
0,043967463
0,044230441
0,044027651
0,043917103
0,043747124
0,044243069
0,043824165
0,044068301
0,044179924
0,043815623
0,044060878
0,04392133
0,043956587
0,043989946
0,043947191
0,044074307
0,043871854
0,044053245
0,044032509
0,043989783
0,043941629
0,043991569
0,044069872
0,043926933
0,044071502
0,044002237
0,043904065
0,044076359
0,043958651
0,044198265
0,044939579
0,042830032
0,043924539
0,044211544
0,043793818
0,043899175
0,044163465
0,044002613
0,043905869
0,045074387
0,042929051
0,043985505
0,043868086
0,044145204
0,043963137
0,044099961
0,043846794
0,044029894
0,044058437
0,043941752
0,043993783
0,043917293
0,044056094
0,043999429
0,044021432
0,04395243
0,043951353
0,043923231
0,044081015
0,044082253
0,043930187
0,043984407
0,043950744
0,044062147
0,04397065
0,043965156
0,043962472
0,043970962
0,044037686
0,043949127
0,044184291
0,043860249
0,043908465
0,044042738
0,044060652
0,044013534
0,043881555
0,044033231
0,044012946
0,043889464
0,044098673
0,043922156
0,043942381
0,044084797
0,044016515
0,043969242
0,043978886
0,044054038
0,044064338
0,043984325
0,043906288
0,043928541
0,044189235
0,043863926
0,045143058
0,042805066
0,044137888
0,043893008
0,043914907
0,04404637
0,043852805
0,044067891
0,044001918
0,043998199
0,043996623
0,043966338
0,04403666
0,044104488
0,043905811
0,044038998
0,043898622
0,043967226
0,044079423
0,043897655
0,044028414
0,044112578
0,043855677
0,04405947
0,043974737
0,044248209
0,043785522
0,04403156
0,044006342
0,043894919
0,043917739
0,044089566
0,044047655
0,044007817
0,043992467
0,043901133
0,0439965
0,043997282
0,043990667
0,044082256
0,043951219
0,043929064
0,044124613
0,043921458
0,044130155
0,043960972
0,043742601
0,044155212
0,044051283
0,043831945
0,043966104
0,044078442
0,044098245
0,043768679
0,044156895
0,045173212
0,042812429
0,044050068
0,043943272
0,043968036
0,043975696
0,043856764
0,044028724
0,044140752
0,045062809
0,042846458
0,044140408
0,043858843
0,043850632
0,044062844
0,044048179
0,043936513
0,044202543
0,043888802
0,043931282
0,044129473
0,043953891
0,043783505
0,0439662
0,044170149
0,043920871
0,044112788
0,044083961
0,043918696
0,043825939
0,044126778
0,043961901
0,043976316
0,044024177
0,04392677
0,044093873
0,043963567
0,044009962
0,043968626
0,04387668
0,044015669
0,044004106
0,043950349
0,04414322
0,044155302
0,043841884
0,04397401
0,043876002
0,044099916
0,043988263
0,044155093
0,04366676
0,044150206
0,04391792
0,04400994
0,044050916
0,044136862
0,043793207
0,044027633
0,044033556
0,044021602
0,043993854
0,043928792
0,043973515
0,045182355
0,04280191
0,043871308
0,044108021
0,044026126
0,044426029
0,043671009
0,043905876
0,043990298
0,04391004
0,043950286
0,044040323
0,043925768
0,044152628
0,044181968
0,043885568
0,043753031
0,043977036
0,043968169
0,04414639
0,04379343
0,044222768
0,043996218
0,043842458
0,043871755
0,044201957
0,043873688
0,044121398
0,044049974
0,043814205
0,04388534
0,044237618
0,043938965
0,043897193
0,044080093
0,043945503
0,044116472
0,04395024
0,043937652
0,044007865
0,044033997
0,044047647
0,043983728
0,043943305
0,043847842
0,044187111
0,043827445
0,044046658
0,044051024
0,04406129
0,043870097
0,043926818
0,044078092
0,043934423
0,043899217
0,044056172
0,044085496
0,043921201
0,043990476
0,044470423
0,043527231
0,044053862
0,044041427
0,043911665
0,045147471
0,042844154
0,043993457
0,0439697
0,043954169
0,044075438
0,044042277
0,043946411
0,043957605
0,044044714
0,043931719
0,043956264
0,044066826
0,044010114
0,04397203
0,043952515
0,043956528
0,04403547
0,044025571
0,043919978
0,043931148
0,044099343
0,043892059
0,044344876
0,044022649
0,043711634
0,043988945
0,043957209
0,0439832
0,044063015
0,044048855
0,043897686
0,043995542
0,043989306
0,04409928
0,044033168
0,043803891
0,044022759
0,044119525
0,043808589
0,044144895
0,044036879
0,043847292
0,043941936
0,044037735
0,044211377
0,043797434
0,044025323
0,044021088
0,043976213
0,044187726
0,043703578
0,044116038
0,043990542
0,043974693
0,045221323
0,042618967
0,044136872
0,04391025
0,044053937
0,043964607
0,043920179
0,043953534
0,044234654
0,045162808
0,042694053
0,044056629
0,043997749
0,043933536
0,044103003
0,043855656
0,04413518
0,043891936
0,043941751
0,043954748
0,044055805
0,043948163
0,044050303
0,043965503
0,043957392
0,044077036
0,043923536
0,044009615
0,044031807
0,044013916
0,043979348
0,04388877
0,044221189
0,043993229
0,043851613
0,044026765
0,043926856
0,043983707
0,044057017
0,044016071
0,044003987
0,043973458
0,044024324
0,043950187
0,0441134
0,044020423
0,043857152
0,043865855
0,04406565
0,044024824
0,044020589
0,043992681
0,043930858
0,043872776
0,044036632
0,045295722
0,042597018
0,044219676
0,043907938
0,043998582
0,044009073
0,043973391
0,04403207
0,043982401
0,04520352
0,042711235
0,044072912
0,04398667
0,043966017
0,044005027
0,044103249
0,043872006
0,043941592
0,04421879
0,044075835
0,043886363
0,043880384
0,044000458
0,043892825
0,044068448
0,043915607
0,044040715
0,04402255
0,044033117
0,043917569
0,043977346
0,044053516
0,044101379
0,043953017
0,043824117
0,044086736
0,043980943
0,04397615
0,044075288
0,043891207
0,044021908
0,043996105
0,044050237
0,043996878
0,043837695
0,044229199
0,043857419
0,044001932
0,044065919
0,043945998
0,043903437
0,044041048
0,044057894
0,043931137
0,044071005
0,043788816
0,044097092
0,044098353
0,044009255
0,043886397
0,044111803
0,043879867
0,044008407
0,044092606
0,045117043
0,042797268
0,043917562
0,044197208
0,043881422
0,043880949
0,044086871
0,043905227
0,044120591
0,044015913
0,043883015
0,044057534
0,043990146
0,043987384
0,043936119
0,04405568
0,044036314
0,043908515
0,044042505
0,043985008
0,043900078
0,044042154
0,044006322
0,043938586
0,043971495
0,044039678
0,044035545
0,044006099
0,043997606
0,044035185
0,043887686
0,043950633
0,04415681
0,043993044
0,043888896
0,043997328
0,043926496
0,044055224
0,044034363
0,04398703
0,043899655
0,043912708
0,043964219
0,044211051
0,044031641
0,043939731
0,043984329
0,04394885
0,044065321
0,043982934
0,043973301
0,043886127
0,044047838
0,04402349
0,043992767
0,04389649
0,044084657
0,044021852
0,043945073
0,043974929
0,043952345
0,044050031
0,043865181
0,044089707
0,045352536
0,042712937
0,04388603
0,044059487
0,044035681
0,04397828
0,0439946
0,04400593
0,043964798
0,043962725
0,044038271
0,043898972
0,044135109
0,044020051
0,043904075
0,043927599
0,044201301
0,043733842
0,044105577
0,044021704
0,044021608
0,043772819
0,044138738
0,04420765
0,04380913
0,043847975
0,044098731
0,044283746
0,043714389
0,043982117
0,044037882
0,043952902
0,043967554
0,043944107
0,044044373
0,044119012
0,043802481
0,044119051
0,04395358
0,044022882
0,044107476
0,043842726
0,044085688
0,043865002
0,044117959
0,043914478
0,044019003
0,044086346
0,043844485
0,043997002
0,044038432
0,044049542
0,043957991
0,043994217
0,043937112
0,045540761
0,042471255
0,044010063
0,043951725
0,044046733
0,044038615
0,043923627
0,043995779
0,044053799
0,045068372
0,042888277
0,043946063
0,04420406
0,04382079
0,044003321
0,044033805
0,04392242
0,044027
0,043976412
0,044051202
0,043869882
0,044035276
0,044033775
0,043964919
0,043947913
0,04405141
0,044133792
0,043893048
0,043847251
0,044088565
0,044018113
0,043841767
0,044239829
0,043904924
0,044103192
0,04386972
0,043972051
0,043948765
0,044028165
0,044061836
0,043981857
0,043922877
0,044191121
0,043735656
0,044069103
0,043998294
0,044007834
0,043991536
0,043990512
0,043941703
0,044063018
0,044003485
0,043971955
0,043938365
0,044005623
0,044025902
0,043998313
0,044094825
0,043810845
0,044159295
0,043975789
0,043914961
0,043995446
0,044063575
0,04510165
0,042797459
0,044186623
0,043903706
0,043935353
0,044095878
0,04397235
0,043951695
0,044071283
0,043823912
0,044073524
0,044057696
0,043989055
0,043942846
0,044026839
0,043896075
0,044035778
0,044062991
0,043925126
0,043919599
0,044119275
0,043934475
0,043841517
0,044076677
0,044006369
0,043987618
0,044103786
0,04402596
0,044046944
0,043779211
0,04403478
0,043979848
0,044046497
0,043958703
0,044002174
0,043970609
0,044003253
0,044030771
0,044014694
0,044105354
0,043882146
0,043937598
0,044096433
0,044041686
0,043984529
0,043823162
0,044049848
0,043976984
0,044057748
0,043947149
0,043970108
0,044082044
0,04400192
0,043860502
0,044062012
0,045959187
0,042023755
0,043982683
0,044032773
0,043921335
0,044012479
0,044022955
0,044004447
0,043979233
0,045531688
0,042483192
0,043746438
0,044176583
0,044034419
0,04395506
0,044086236
0,043939142
0,044041358
0,043896506
0,04394292
0,044126758
0,043915895
0,044092253
0,043927377
0,043966266
0,043955938
0,04411389
0,044030645
0,043895278
0,043986094
0,044001831
0,043888267
0,044126835
0,043880458
0,044058455
0,044038955
0,04399444
0,044009245
0,043908464
0,043970792
0,044273898
0,043757457
0,044081997
0,043940437
0,043930526
0,043987383
0,044090292
0,044063605
0,043992684
0,043974865
0,043823706
0,044034367
0,043963617
0,044095205
0,043939684
0,04408454
0,043905466
0,044127584
0,043850689
0,044074749
0,043940493
0,044072227
0,043958703
0,044008826
0,045150372
0,042788734
0,044019086
0,04400899
0,043953537
0,044026937
0,043901076
0,044156908
0,043816823
0,045576265
0,042465121
0,044039102
0,043967461
0,044043453
0,043902081
0,044029665
0,043895484
0,044032988
0,043957198
0,044013331
0,044124276
0,043920937
0,044077489
0,043938921
0,043977925
0,043943516
0,044146335
0,043984825
0,043966787
0,043933025
0,043995725
0,044036288
0,043969868
0,043865278
0,044123788
0,043938036
0,044011998
0,043933947
0,044090931
0,044038081
0,043859942
0,044036046
0,043944378
0,044086688
0,043984319
0,043904755
0,044039098
0,044041483
0,044106305
0,043914792
0,044000886
0,043985964
0,043982352
0,043958933
0,044051799
0,043910091
0,044000733
0,044065823
0,04392215
0,044129563
0,043855012
0,044007986
0,043972179
0,043962429
0,045314213
0,042755427
0,043896781
0,044083777
0,043934421
0,044100184
0,044023556
0,043894316
0,044018008
0,044039248
0,043969479
0,047936525
0,044049253
0,044019413
0,043973426
0,043969697
0,04401912
0,043934682
0,044099825
0,043959016
0,044045734
0,043956828
0,043745851
0,044141358
0,043999122
0,04394765
0,044080773
0,044006405
0,044034986
0,043951653
0,043971368
0,043939735
0,044194152
0,043734672
0,044131967
0,043888465
0,044089178
0,043955979
0,043913447
0,044048409
0,044029395
0,044077419
0,04390177
0,043962558
0,04410514
0,043964222
0,043912711
0,043901215
0,044160143
0,044005732
0,043895738
0,044133544
0,044019615
0,043850969
0,044070945
0,045240316
0,042732556
0,04393494
0,044058704
0,043939793
0,043942675
0,04392781
0,044154259
0,043954653
0,045060162
0,042894568
0,04401607
0,044002497
0,043997907
0,043994431
0,043891222
0,044060264
0,04397115
0,044135639
0,043744196
0,044003688
0,043951511
0,044070123
0,044040124
0,043948676
0,044021951
0,044064137
0,043906888
0,044155496
0,04377916
0,04409964
0,043928932
0,04404523
0,044007955
0,043964581
0,044021164
0,044033367
0,043893689
0,044047471
0,043839241
0,044087496
0,044018529
0,044018227
0,043899063
0,044125494
0,043928022
0,043941194
0,044102644
0,043915399
0,043895045
0,044209638
0,04391794
0,043965778
0,043950741
0,044013562
0,044045242
0,043899973
0,044145327
0,043983231
0,04394767
0,043919848
0,044025844
0,044078313
0,044012526
0,045395638
0,042589487
0,043846899
0,044104101
0,043915523
0,044120939
0,043872748
0,044092669
0,043884269
0,044150536
0,043970726
0,043944235
0,043986853
0,044092263
0,043854669
0,04409624
0,043952891
0,044091243
0,04389977
0,043984457
0,044138719
0,04382877
0,043968415
0,044048119
0,043891527
0,044142986
0,044040518
0,043876001
0,044016521
0,043880297
0,044038144
0,044019472
0,044034244
0,043854773
0,044345608
0,043712272
0,043933325
0,044018959
0,044069799
0,04395861
0,044093689
0,043883591
0,044029157
0,043815131
0,04409222
0,044502815
0,043543234
0,044009913
0,044031369
0,043931387
0,04399353
0,044013106
0,044103019
0,043807479
0,044004542
0,045265872
0,042713652
0,044076656
0,043863728
0,044084865
0,044051481
0,04385826
0,044001501
0,044040854
0,045273293
0,042795563
0,043839106
0,044065989
0,043952799
0,044080509
0,04417847
0,043812425
0,043991644
0,044013391
0,043926428
0,04404178
0,044035125
0,043858019
0,04409862
0,043928567
0,043984644
0,043985733
0,044047722
0,04403772
0,043941548
0,04384694
0,044115065
0,044064115
0,04405451
0,043861819
0,043941329
0,044067239
0,044021966
0,043924969
0,044047914
0,043929186
0,04418324
0,043983631
0,043903555
0,043848916
0,044297902
0,043771612
0,043995561
0,044019219
0,043934072
0,044024875
0,044074665
0,043912778
0,043996519
0,04403795
0,043986857
0,043993689
0,044020723
0,044039885
0,043904424
0,043937989
0,043969334
0,044104825
0,044061764
0,045269886
0,042709907
0,04375487
0,044159102
0,043897128
0,04408332
0,043979723
0,043853607
0,044177789
0,043921123
0,04395666
0,04411687
0,044144872
0,043750647
0,04415738
0,043905461
0,043955811
0,044101731
0,043791411
0,044035827
0,044047152
0,043988647
0,044160045
0,043797807
0,044011066
0,044001659
0,044078527
0,043845188
0,044152693
0,043974765
0,043918844
0,044176162
0,043851646
0,043900975
0,044001202
0,043982311
0,044031835
0,043982225
0,044048874
0,043959864
0,044070766
0,043915995
0,043950586
0,044159994
0,043803858
0,043991156
0,043982292
0,044028016
0,044138032
0,043909982
0,043931495
0,043997601
0,044095813
0,043987572
0,043873082
0,045409705
0,042675854
0,04401052
0,04390443
0,043993537
0,044035412
0,044018484
0,044129891
0,043791361
0,045321207
0,042751441
0,043877277
0,043983402
0,044121691
0,044050282
0,043871647
0,044073608
0,04394698
0,043997616
0,043926742
0,044085836
0,044023881
0,043807998
0,0440872
0,044107362
0,044028772
0,044028087
0,043834581
0,043956468
0,044023119
0,044053742
0,043987083
0,043986066
0,043871566
0,044100182
0,043949579
0,044093578
0,04402595
0,043786141
0,04415551
0,04378879
0,04419459
0,043921074
0,044027564
0,043951753
0,044008591
0,044146197
0,043964903
0,043831499
0,044051031
0,043925481
0,044046266
0,043949468
0,043967465
0,044095862
0,043877106
0,044153496
0,043923127
0,043927207
0,044169294
0,043869734
0,044020326
0,044010906
0,043941044
0,043955106
0,044036884
0,043976486
0,043981692
0,044113981
0,043922365
0,044068715
0,043940363
0,044078585
0,045260569
0,042521335
0,043967649
0,045289397
0,042718431
0,044167323
0,043980474
0,044035942
0,043927052
0,043822414
0,044050375
0,044010757
0,044026972
0,044114067
0,043859513
0,044054646
0,043952241
0,044001254
0,044052956
0,043896294
0,044011188
0,044127785
0,043960459
0,043863376
0,044226366
0,043862568
0,043987766
0,044007095
0,043882734
0,044103553
0,043900454
0,044115787
0,043924106
0,043955315
0,044003282
0,043928338
0,044112743
0,044061599
0,043996197
0,043894901
0,044212684
0,043919174
0,043792667
0,044059812
0,044157075
0,04413381
0,043666483
0,044081162
0,043962435
0,044028209
0,044003777
0,044065798
0,043906418
0,044083602
0,043958741
0,045319033
0,042494756
0,04418355
0,043939289
0,043847842
0,044073493
0,044097126
0,043932956
0,043896775
0,04535623
0,04258822
0,044046643
0,044078538
0,04381343
0,044086203
0,043949464
0,044092862
0,043949918
0,044057987
0,043973549
0,043986536
0,043875506
0,044056114
0,044089397
0,043884226
0,044032005
0,043910786
0,044106334
0,043986589
0,043909229
0,044209417
0,043798137
0,044084621
0,044023186
0,04391384
0,043905055
0,044145618
0,044076547
0,043933286
0,044128605
0,04396982
0,043699548
0,044171345
0,044019641
0,043926371
0,044062692
0,044066222
0,043930995
0,0439191
0,044012686
0,044000274
0,043877593
0,043952641
0,044074945
0,043997076
0,043921893
0,044076575
0,044008992
0,044120576
0,04393163
0,044125928
0,043736691
0,044033595
0,043976858
0,045376297
0,04274466
0,043839823
0,043998324
0,044095223
0,043993705
0,043863787
0,044116484
0,043996456
0,043946735
0,043883527
0,044084162
0,044033757
0,043996553
0,044013436
0,04391972
0,044061956
0,043867113
0,043949393
0,044053415
0,044221776
0,043919798
0,043854604
0,044006882
0,044028436
0,043929969
0,044091886
0,043945009
0,044022123
0,043926229
0,04407223
0,04396243
0,043783682
0,044326743
0,04393587
0,04400517
0,043979181
0,044104219
0,043900198
0,043825084
0,044212601
0,043969097
0,043858987
0,044061127
0,044044424
0,043954709
0,043937539
0,044060641
0,043969092
0,043999409
0,043967224
0,043886551
0,044249836
0,043844845
0,043991261
0,045191617
0,042776761
0,044151111
0,043781625
0,044039564
0,043848587
0,044210452
0,043934728
0,044097525
0,045300354
0,042626039
0,043961848
0,043930388
0,043958576
0,04418834
0,043851948
0,044134957
0,043901802
0,043955831
0,044034526
0,044101948
0,043885348
0,044193528
0,043764328
0,044025727
0,044116763
0,043940991
0,043994378
