0,001043712
0,00106636
0,001128781
0,001010444
8,0992E-4
0,001096885
8,91988E-4
0,042971425
8,79657E-4
9,13029E-4
8,55428E-4
8,43235E-4
7,9129E-4
7,75831E-4
8,45683E-4
0,001025884
8,2734E-4
9,70828E-4
0,0022115
8,55506E-4
8,13995E-4
8,1111E-4
9,55759E-4
9,09269E-4
7,71533E-4
8,6014E-4
9,14345E-4
9,26315E-4
8,5348E-4
8,52118E-4
8,76912E-4
9,67302E-4
8,195E-4
9,3407E-4
8,09092E-4
9,82352E-4
0,001006289
7,37447E-4
9,34224E-4
8,48998E-4
9,66609E-4
8,17097E-4
9,02272E-4
8,92953E-4
9,87422E-4
7,98881E-4
8,89939E-4
8,41394E-4
7,87004E-4
9,90123E-4
8,23594E-4
0,002260384
8,62706E-4
9,29454E-4
7,7267E-4
9,00447E-4
0,001111059
9,71929E-4
9,21259E-4
9,06284E-4
8,24275E-4
9,73727E-4
8,43352E-4
8,13286E-4
9,00468E-4
8,89579E-4
9,69231E-4
9,55781E-4
0,001002345
0,001016358
8,71492E-4
9,04216E-4
0,001212437
9,63648E-4
9,52729E-4
9,28233E-4
9,26052E-4
9,14301E-4
9,22052E-4
0,001107094
9,23173E-4
8,48895E-4
0,002210738
8,41231E-4
8,8313E-4
7,73534E-4
8,84835E-4
9,05629E-4
8,91965E-4
8,75651E-4
9,66134E-4
9,45797E-4
8,41007E-4
9,84932E-4
9,84558E-4
8,00549E-4
9,21469E-4
8,49438E-4
9,59664E-4
7,78104E-4
8,35341E-4
8,29828E-4
8,65069E-4
8,91989E-4
0,001586952
8,04792E-4
0,001051149
9,52547E-4
0,001142128
8,64291E-4
7,76525E-4
0,001244225
0,001371438
0,001476532
0,001872078
0,001931576
8,80073E-4
9,41479E-4
9,46659E-4
9,48367E-4
8,60943E-4
8,4147E-4
0,00108517
8,25997E-4
9,56587E-4
9,91861E-4
9,32932E-4
9,50093E-4
9,52737E-4
7,4167E-4
9,97552E-4
0,001139965
0,001142786
0,001104746
0,001096172
9,08285E-4
0,001127517
0,001109546
9,99057E-4
9,00137E-4
8,86021E-4
7,19813E-4
9,90032E-4
8,93738E-4
8,56373E-4
8,60376E-4
8,46283E-4
0,001023562
7,62224E-4
8,3597E-4
0,001440216
0,001135078
7,52455E-4
7,51419E-4
0,001091051
8,10658E-4
8,65936E-4
8,33216E-4
7,46715E-4
8,35038E-4
8,61629E-4
8,63442E-4
8,37358E-4
0,001050049
8,76442E-4
0,001028667
8,95697E-4
8,42577E-4
8,91534E-4
9,42168E-4
8,66947E-4
7,51057E-4
7,67663E-4
0,001027225
8,68192E-4
8,60923E-4
8,23096E-4
8,7373E-4
8,4807E-4
7,5159E-4
9,95639E-4
0,001033429
8,6946E-4
8,35945E-4
8,53447E-4
8,71921E-4
8,50041E-4
0,001222647
0,001175356
0,001460167
0,001583353
0,001546289
0,001521549
0,001540356
0,001561783
0,001614362
0,001539261
0,001492624
0,001562676
0,001534898
0,001507437
0,001558718
0,001564673
0,001545132
0,001499189
0,001524391
0,001523271
0,001541894
0,001461433
0,002031825
0,001020929
9,43528E-4
8,56809E-4
8,74559E-4
8,82295E-4
9,54872E-4
9,08754E-4
9,44765E-4
0,001265078
9,84385E-4
0,001138761
7,82224E-4
0,001199959
8,82561E-4
9,31601E-4
9,59489E-4
8,877E-4
0,00100533
9,01753E-4
8,88706E-4
8,3716E-4
7,49253E-4
8,72285E-4
7,81465E-4
9,15313E-4
8,3991E-4
8,35419E-4
9,09263E-4
8,8953E-4
8,683E-4
9,72455E-4
8,76917E-4
0,001038464
7,90229E-4
8,49018E-4
8,91541E-4
7,97326E-4
0,001200682
9,22014E-4
0,001083517
9,76313E-4
9,41361E-4
8,05292E-4
8,32445E-4
9,19651E-4
8,13793E-4
9,08625E-4
9,50385E-4
8,22835E-4
9,05217E-4
8,80387E-4
0,001009061
0,001020911
8,0244E-4
8,57913E-4
8,21702E-4
8,86555E-4
0,002257152
9,79959E-4
8,56174E-4
9,49757E-4
8,99876E-4
7,91616E-4
7,67595E-4
9,10291E-4
0,00102434
7,89383E-4
8,33882E-4
9,34064E-4
9,0161E-4
8,81605E-4
9,4637E-4
9,0133E-4
7,8476E-4
9,46419E-4
8,35337E-4
8,73057E-4
9,4199E-4
9,47479E-4
8,75245E-4
8,30406E-4
7,12642E-4
7,73704E-4
8,23593E-4
7,99158E-4
0,001059755
0,001082328
0,002070176
9,48281E-4
0,001015131
8,89788E-4
8,16508E-4
9,84745E-4
8,19475E-4
8,27689E-4
8,77774E-4
8,71541E-4
7,98265E-4
8,63382E-4
8,01506E-4
8,44864E-4
8,04873E-4
8,78989E-4
8,69298E-4
9,43156E-4
0,001271546
0,001016826
8,60599E-4
8,80593E-4
8,2728E-4
8,18858E-4
7,36656E-4
8,84776E-4
9,06919E-4
0,001134212
0,001076621
0,00105167
0,00112731
9,63513E-4
0,001113282
9,7064E-4
0,001027932
9,11108E-4
9,96244E-4
9,3596E-4
9,14185E-4
0,001093415
9,47777E-4
0,001021803
0,001082044
0,001081108
0,00102071
8,59723E-4
9,81338E-4
8,88885E-4
9,27107E-4
9,83769E-4
8,24224E-4
8,2547E-4
8,75375E-4
9,08522E-4
0,001159
0,001302165
0,00152924
0,001473691
0,001445889
0,00149731
0,001646096
0,001450968
0,00158651
0,00152725
0,00154209
0,001517095
0,001534138
0,001460561
0,001520266
0,001505118
0,001577786
0,0014941
0,001544235
7,91373E-4
0,001029335
9,23966E-4
0,001648879
0,001074379
9,05739E-4
9,12912E-4
8,49007E-4
8,27207E-4
8,14674E-4
8,80365E-4
8,98931E-4
0,001019613
0,001534517
0,001167391
0,00132684
0,001436499
0,001564289
0,001474229
0,001552147
0,001443337
0,001422564
0,001372805
0,002614187
8,14731E-4
9,15744E-4
9,17424E-4
0,001283878
0,001197628
0,001536418
0,001600442
0,001606058
0,001597201
0,00157658
0,001609404
0,001613655
0,001174059
9,90562E-4
8,28084E-4
7,85778E-4
8,80828E-4
7,9217E-4
8,96547E-4
9,74501E-4
8,74154E-4
0,001160898
7,53757E-4
7,481E-4
8,97296E-4
9,80939E-4
7,89649E-4
8,9154E-4
9,62953E-4
8,91564E-4
9,19732E-4
8,78543E-4
0,001002082
8,88931E-4
8,41325E-4
8,05158E-4
8,6544E-4
0,001179237
0,001117247
0,001109318
9,23739E-4
8,22167E-4
8,86387E-4
8,85087E-4
8,64893E-4
8,7131E-4
9,06987E-4
8,6276E-4
8,10383E-4
9,10555E-4
8,78937E-4
7,86235E-4
7,14589E-4
7,85831E-4
9,66051E-4
9,19227E-4
7,65444E-4
8,56469E-4
7,65778E-4
8,33557E-4
9,38699E-4
0,00109944
8,70641E-4
8,07679E-4
7,57036E-4
8,97369E-4
9,63263E-4
0,001023205
9,85928E-4
7,7559E-4
0,002365197
7,46772E-4
7,4864E-4
8,62963E-4
0,001015492
0,001060868
9,65804E-4
8,24362E-4
9,10382E-4
9,19793E-4
8,44919E-4
9,18874E-4
7,99045E-4
9,56326E-4
0,001010517
8,64284E-4
8,57236E-4
9,04325E-4
8,04649E-4
7,97406E-4
8,36697E-4
8,60705E-4
0,001062321
0,001017844
9,64173E-4
9,9595E-4
8,97432E-4
8,10853E-4
0,001014629
8,05102E-4
9,1255E-4
8,19953E-4
9,28577E-4
9,14602E-4
7,74978E-4
8,32735E-4
0,001071733
8,70202E-4
7,23146E-4
8,91894E-4
7,81961E-4
8,55573E-4
7,85348E-4
8,00549E-4
8,29759E-4
8,41654E-4
9,39065E-4
9,37491E-4
9,03473E-4
7,5768E-4
7,0522E-4
0,001032306
7,29406E-4
8,99131E-4
9,70354E-4
9,39349E-4
8,81475E-4
0,00113663
0,001041
0,001163445
0,001008442
0,001140591
0,00119431
7,33237E-4
9,84485E-4
8,41133E-4
8,72807E-4
7,08351E-4
8,50562E-4
8,9545E-4
0,001163406
0,001421687
0,001328766
0,001245289
0,001199258
0,001595274
0,001524498
0,00126657
0,00138732
0,00147352
0,002863278
0,001106662
9,91126E-4
8,94352E-4
9,63985E-4
8,41699E-4
9,15931E-4
0,001000837
9,23769E-4
8,86837E-4
8,22321E-4
8,27639E-4
7,62808E-4
7,8247E-4
8,79338E-4
9,19502E-4
7,59123E-4
9,77208E-4
0,001026469
9,97287E-4
7,70092E-4
9,09731E-4
0,001047532
9,57857E-4
0,001034225
9,04179E-4
9,66948E-4
7,94756E-4
0,001117898
9,80392E-4
8,51232E-4
9,15627E-4
7,60152E-4
9,7155E-4
8,10522E-4
8,48276E-4
8,59305E-4
8,85727E-4
0,001009236
9,13681E-4
7,32462E-4
8,90038E-4
7,66328E-4
9,44228E-4
9,01314E-4
9,07097E-4
7,97227E-4
9,42945E-4
7,97733E-4
7,87313E-4
8,61817E-4
9,2076E-4
9,26928E-4
0,001039771
8,51231E-4
0,001080599
8,45307E-4
7,2855E-4
8,64697E-4
8,40974E-4
8,92197E-4
7,21306E-4
7,53831E-4
8,34525E-4
9,28912E-4
9,01898E-4
9,56595E-4
8,8977E-4
9,81457E-4
9,19377E-4
0,001014042
8,57654E-4
8,386E-4
9,45513E-4
7,43229E-4
8,74216E-4
7,54149E-4
7,76549E-4
0,002319724
9,16395E-4
8,52264E-4
8,00546E-4
7,97937E-4
7,77608E-4
8,0945E-4
8,06925E-4
8,97944E-4
9,14915E-4
8,5987E-4
8,243E-4
9,03334E-4
8,87919E-4
9,08663E-4
8,27954E-4
8,13213E-4
8,43824E-4
8,87028E-4
8,92719E-4
8,68879E-4
8,18385E-4
8,90924E-4
8,84258E-4
8,87416E-4
8,89955E-4
8,64792E-4
8,70567E-4
9,07843E-4
0,001026855
9,21237E-4
9,46536E-4
0,001221588
0,001113784
9,79015E-4
9,95344E-4
0,001046671
0,001106904
9,52786E-4
0,001204408
0,001206064
0,001037484
9,99177E-4
9,94561E-4
9,1012E-4
0,001139539
9,63504E-4
9,82161E-4
7,53468E-4
7,43083E-4
9,64258E-4
0,001139145
8,2789E-4
7,63895E-4
0,001158531
9,207E-4
8,6286E-4
7,24155E-4
8,61078E-4
9,61991E-4
0,001015507
9,2218E-4
8,5509E-4
9,77576E-4
9,65713E-4
8,3287E-4
8,8036E-4
0,001033923
9,68002E-4
9,873E-4
0,001159399
0,001326995
0,001073056
0,001158113
0,001183774
0,001027035
0,001088283
8,56763E-4
9,26511E-4
7,98273E-4
0,001014294
9,60041E-4
8,51615E-4
9,90577E-4
9,04737E-4
0,001282021
0,001721951
0,001398194
0,001440969
0,001318082
0,001257103
0,001544279
0,001471136
0,001482938
0,001696022
0,00126435
0,00244183
8,35014E-4
8,63112E-4
8,11141E-4
9,43385E-4
8,01648E-4
9,1353E-4
9,38559E-4
8,98931E-4
8,60489E-4
8,52216E-4
9,49492E-4
0,001017977
9,02143E-4
9,74086E-4
7,68562E-4
8,31132E-4
0,001065155
9,50946E-4
9,53797E-4
9,41224E-4
8,95615E-4
9,96423E-4
9,26825E-4
8,12865E-4
0,001067999
8,44419E-4
0,001051471
0,001177892
0,001179955
9,61377E-4
0,001206905
9,22251E-4
9,06078E-4
9,24326E-4
9,99954E-4
9,54761E-4
0,001051966
0,001097649
0,001145474
0,001090843
0,001075334
7,93949E-4
8,62832E-4
7,88334E-4
0,00102168
0,00119182
8,50411E-4
8,37001E-4
8,28199E-4
8,50244E-4
8,92867E-4
8,41309E-4
0,001067646
9,38475E-4
8,65226E-4
9,84355E-4
9,30885E-4
8,94138E-4
9,79466E-4
9,16386E-4
9,01573E-4
8,02518E-4
7,69895E-4
8,7873E-4
7,70323E-4
7,95337E-4
8,85638E-4
9,27108E-4
8,89247E-4
0,001060694
9,63953E-4
8,09318E-4
8,25533E-4
8,83646E-4
9,7238E-4
8,18764E-4
9,07981E-4
7,83189E-4
8,50832E-4
8,00438E-4
9,53005E-4
7,30095E-4
7,81522E-4
9,0499E-4
9,78423E-4
9,08327E-4
9,17564E-4
8,96936E-4
8,45683E-4
7,92658E-4
0,00101155
0,002199467
9,08558E-4
8,46739E-4
8,38485E-4
9,61401E-4
7,52947E-4
8,03123E-4
8,01636E-4
8,94065E-4
0,001085188
9,75885E-4
0,001041379
0,001045366
0,001155897
9,84578E-4
0,001095887
0,00103665
8,74983E-4
0,00127315
9,78451E-4
8,35223E-4
0,001137265
0,001029366
0,001052852
8,4675E-4
9,09848E-4
8,53959E-4
9,95575E-4
8,00291E-4
9,19863E-4
8,7971E-4
0,001029809
9,70491E-4
6,97055E-4
8,33234E-4
8,74309E-4
7,9012E-4
0,001078095
0,001333041
0,001001047
8,86046E-4
8,44529E-4
8,15375E-4
9,52086E-4
9,21194E-4
8,75256E-4
8,46271E-4
0,001049127
9,25778E-4
9,03176E-4
8,63621E-4
8,48289E-4
0,001097024
0,001163812
7,54704E-4
8,39192E-4
8,43957E-4
9,35612E-4
8,87621E-4
9,36059E-4
8,42009E-4
8,65982E-4
7,13513E-4
7,48936E-4
8,89433E-4
8,40357E-4
9,57076E-4
7,4501E-4
9,8948E-4
8,1298E-4
7,21225E-4
9,83407E-4
0,001046278
9,02091E-4
8,40478E-4
0,001219964
8,62385E-4
7,97019E-4
9,02195E-4
8,89335E-4
9,6679E-4
0,001005849
8,92996E-4
8,57923E-4
8,21932E-4
9,48229E-4
9,05994E-4
9,69403E-4
8,68318E-4
7,97804E-4
9,49086E-4
8,34537E-4
9,45073E-4
8,15797E-4
0,001040372
0,001063416
0,00104169
0,001464813
0,001392588
0,001460634
0,001166235
0,001326634
0,00166532
0,001362284
0,001396384
0,001530405
0,001423067
0,001414234
0,001367771
0,001803612
0,001194354
0,001219863
0,001214442
0,001343733
0,001359623
0,001325739
0,001329473
0,00319508
9,55687E-4
9,09706E-4
7,68305E-4
8,3365E-4
9,10464E-4
9,17988E-4
8,83624E-4
8,43474E-4
8,67097E-4
9,61773E-4
9,6625E-4
8,12739E-4
8,17716E-4
0,001163447
0,001216195
0,001095677
0,001025076
9,70537E-4
7,48681E-4
9,12066E-4
0,001120852
8,77125E-4
0,001051999
0,001058478
0,001151891
0,001114444
0,001238688
0,001228903
0,001094522
0,001117705
9,54024E-4
9,20207E-4
8,66336E-4
9,1274E-4
0,001046024
9,6949E-4
0,001082444
0,001135781
0,001053531
0,001138898
8,39492E-4
7,69789E-4
7,72483E-4
8,3119E-4
7,44454E-4
9,33955E-4
9,28927E-4
9,88478E-4
8,58677E-4
8,63187E-4
8,62279E-4
7,38182E-4
8,20123E-4
7,67244E-4
7,51475E-4
8,43853E-4
8,99683E-4
9,44131E-4
9,64033E-4
9,18022E-4
0,001137579
9,26374E-4
0,001094278
8,6828E-4
0,0011075
0,00117635
9,47709E-4
0,001064845
0,001033005
9,32906E-4
0,001009508
9,1607E-4
9,54114E-4
8,56308E-4
8,93912E-4
0,001463452
8,15424E-4
9,7038E-4
7,77196E-4
8,07694E-4
8,34183E-4
7,68118E-4
8,07305E-4
8,70606E-4
8,73002E-4
8,95347E-4
7,53563E-4
9,39471E-4
0,00103116
9,75186E-4
8,64929E-4
9,03294E-4
8,67351E-4
9,27979E-4
0,001067737
0,001064266
9,32847E-4
9,47638E-4
0,001086815
7,55653E-4
7,25853E-4
9,17533E-4
0,001063998
8,71115E-4
8,09169E-4
8,03765E-4
9,29899E-4
9,02875E-4
8,79772E-4
8,13507E-4
9,17063E-4
8,44004E-4
9,55042E-4
9,69416E-4
8,83084E-4
9,11041E-4
8,16274E-4
8,34875E-4
8,76708E-4
7,68815E-4
8,33545E-4
7,43017E-4
8,94447E-4
8,06466E-4
8,65907E-4
0,001037464
0,001054257
7,59581E-4
9,70279E-4
0,00101859
0,001038815
9,74374E-4
9,79434E-4
8,84814E-4
0,001011285
8,85492E-4
0,00102679
0,001003998
8,12053E-4
8,749E-4
9,54393E-4
9,46427E-4
9,7949E-4
9,59971E-4
8,31089E-4
9,92574E-4
8,79113E-4
0,001085341
9,85735E-4
8,78095E-4
7,407E-4
8,38971E-4
7,59056E-4
8,38418E-4
8,15754E-4
8,7585E-4
8,23649E-4
7,5041E-4
7,978E-4
8,33673E-4
8,46428E-4
8,24035E-4
7,98305E-4
9,01804E-4
8,30869E-4
8,68447E-4
7,79989E-4
8,07813E-4
7,35872E-4
0,001173991
9,3086E-4
9,27042E-4
0,001170782
7,97159E-4
8,32718E-4
8,63803E-4
8,89468E-4
9,93445E-4
9,17497E-4
9,17333E-4
8,10785E-4
8,52436E-4
9,02556E-4
8,24255E-4
9,50561E-4
0,001065668
8,45179E-4
0,001092169
9,85845E-4
0,001037698
8,90064E-4
9,22571E-4
9,63385E-4
9,35229E-4
9,48928E-4
9,11732E-4
8,20947E-4
8,72429E-4
8,15167E-4
8,44086E-4
8,11148E-4
0,001033219
9,4959E-4
0,001007982
8,16264E-4
7,59329E-4
7,79545E-4
0,003148566
0,002879587
0,001168346
0,00117496
0,001189837
0,001223128
0,001099398
0,001158389
0,001137195
8,81594E-4
0,001147914
8,9822E-4
0,001145697
9,37874E-4
8,55415E-4
7,46889E-4
8,21686E-4
9,26693E-4
9,16734E-4
9,02297E-4
0,001002747
9,68148E-4
0,001116188
9,64051E-4
0,001046393
9,85068E-4
9,39169E-4
9,57161E-4
0,001138029
0,001044829
0,001012922
0,001030803
9,65391E-4
8,69131E-4
0,001037768
0,001046459
0,001030721
0,00115896
9,76795E-4
8,77128E-4
9,63127E-4
0,001005445
0,001100027
0,001125676
9,91323E-4
9,76475E-4
0,001186864
0,001121715
9,84909E-4
8,42821E-4
8,87868E-4
8,5895E-4
8,02482E-4
8,61206E-4
9,04665E-4
8,4883E-4
7,6638E-4
8,54277E-4
8,33468E-4
0,001211273
9,89502E-4
7,58775E-4
9,92013E-4
0,001023614
0,001024403
9,41551E-4
0,001017575
0,001067458
9,78384E-4
7,19636E-4
9,06245E-4
8,50676E-4
9,1662E-4
9,39684E-4
8,48987E-4
7,46974E-4
8,75139E-4
9,03243E-4
9,40688E-4
0,00107892
8,42308E-4
8,51454E-4
8,63129E-4
7,88397E-4
9,99552E-4
8,83019E-4
9,12822E-4
8,15013E-4
8,76124E-4
8,09604E-4
9,0773E-4
9,16847E-4
8,6312E-4
7,87674E-4
7,32811E-4
8,65072E-4
9,65667E-4
7,97094E-4
9,72434E-4
9,62591E-4
8,72693E-4
9,75404E-4
0,002574072
8,20657E-4
9,9516E-4
7,91979E-4
7,98041E-4
7,7745E-4
9,51473E-4
8,33219E-4
9,83472E-4
9,11664E-4
9,63751E-4
8,10019E-4
8,47242E-4
8,69574E-4
8,97176E-4
7,24402E-4
8,78978E-4
9,87629E-4
0,001000341
9,68482E-4
0,001032497
0,001007105
8,44787E-4
8,19462E-4
7,92158E-4
7,5679E-4
8,04157E-4
8,00939E-4
7,80321E-4
7,61551E-4
8,27269E-4
9,99954E-4
8,86842E-4
8,96231E-4
8,07045E-4
7,21366E-4
7,48644E-4
8,83972E-4
8,6384E-4
8,77634E-4
8,56041E-4
8,66951E-4
7,92579E-4
8,34412E-4
8,39413E-4
9,34445E-4
9,92265E-4
9,55457E-4
8,14572E-4
9,5876E-4
9,20109E-4
9,58979E-4
8,39593E-4
7,7617E-4
9,28735E-4
7,87919E-4
8,18094E-4
7,99561E-4
8,38342E-4
7,60777E-4
0,001024499
0,001087783
9,95028E-4
0,001085218
0,001140816
0,001006444
9,98884E-4
8,43286E-4
9,91983E-4
0,001170552
0,001212964
0,001187822
9,78701E-4
0,001040791
0,001027491
9,17506E-4
8,01338E-4
8,25597E-4
7,66072E-4
8,14395E-4
0,001095235
0,001042673
7,29085E-4
7,33457E-4
8,44629E-4
7,23052E-4
8,04411E-4
8,39187E-4
0,001070884
8,41874E-4
8,02412E-4
8,75634E-4
8,72586E-4
9,09004E-4
9,48917E-4
8,59488E-4
8,42053E-4
8,92932E-4
8,18025E-4
7,58569E-4
0,002335123
7,50556E-4
8,55421E-4
8,93723E-4
8,9735E-4
9,73448E-4
0,001025334
0,001037232
9,98487E-4
0,001022785
9,8329E-4
0,001258578
7,21943E-4
9,09758E-4
7,86084E-4
9,8098E-4
0,001178937
0,001057537
8,79088E-4
0,001092892
0,001033249
9,77221E-4
0,001013949
9,82019E-4
0,001103404
9,55791E-4
9,51667E-4
7,33176E-4
7,35048E-4
0,001173705
9,98552E-4
9,04107E-4
7,46198E-4
8,98725E-4
0,001125031
9,63112E-4
7,73526E-4
7,66682E-4
8,83499E-4
7,59987E-4
9,02247E-4
8,54676E-4
8,32448E-4
9,23792E-4
9,28313E-4
8,86252E-4
9,55507E-4
0,001118341
0,001092487
0,001109576
9,39891E-4
9,17327E-4
0,001106548
0,00103279
0,001079191
0,001335319
9,16249E-4
7,93821E-4
9,34333E-4
0,001020953
9,76527E-4
9,77671E-4
8,28235E-4
8,57244E-4
7,7518E-4
8,17595E-4
8,4012E-4
9,2278E-4
8,59286E-4
8,89923E-4
9,70253E-4
8,95397E-4
8,80423E-4
7,56119E-4
8,89562E-4
9,68312E-4
7,90044E-4
8,43197E-4
9,07204E-4
0,001053261
8,79787E-4
8,01882E-4
8,18995E-4
6,70688E-4
8,0135E-4
8,79887E-4
7,83267E-4
7,66791E-4
8,58269E-4
9,41441E-4
0,001118639
7,03582E-4
7,59078E-4
8,18861E-4
8,23557E-4
9,31207E-4
7,92413E-4
8,78362E-4
9,48809E-4
8,31557E-4
8,01122E-4
9,16735E-4
8,85411E-4
7,8836E-4
7,51533E-4
8,56996E-4
7,30439E-4
8,22942E-4
9,14498E-4
9,43991E-4
9,61763E-4
8,90757E-4
7,58387E-4
9,159E-4
8,43327E-4
9,71451E-4
9,19147E-4
8,38979E-4
9,29187E-4
9,37649E-4
0,001032318
7,86642E-4
9,99517E-4
8,45392E-4
0,001000572
9,99248E-4
9,24602E-4
0,001050389
8,4321E-4
8,04835E-4
7,59898E-4
8,00177E-4
9,27177E-4
9,48686E-4
9,32394E-4
8,95883E-4
9,62647E-4
0,001060283
9,40901E-4
9,43278E-4
9,90599E-4
9,07674E-4
8,60947E-4
0,001051631
7,66903E-4
0,001195034
9,85977E-4
0,001014038
0,00102787
0,001022388
9,19944E-4
8,21012E-4
8,87762E-4
7,86575E-4
7,77263E-4
9,76935E-4
8,03919E-4
9,10791E-4
8,27517E-4
7,53144E-4
9,06652E-4
8,3977E-4
9,64117E-4
9,44336E-4
9,70196E-4
0,001024293
8,54276E-4
0,001041261
9,69347E-4
8,30697E-4
8,16039E-4
0,001068318
0,002727317
8,5859E-4
8,60625E-4
9,59325E-4
9,85983E-4
0,001113914
8,45359E-4
9,50012E-4
9,59525E-4
7,47873E-4
9,56172E-4
7,85209E-4
0,001120675
9,73841E-4
0,001049953
9,15529E-4
6,96483E-4
8,78307E-4
7,49323E-4
8,47579E-4
7,56079E-4
9,54967E-4
8,47866E-4
8,27077E-4
8,98295E-4
8,01308E-4
8,73778E-4
7,09863E-4
9,9253E-4
0,001043526
0,00109626
8,98635E-4
8,61447E-4
9,81307E-4
7,04718E-4
8,57744E-4
8,90063E-4
9,89163E-4
9,20466E-4
9,11537E-4
9,52023E-4
9,13157E-4
8,07198E-4
8,64689E-4
8,03593E-4
8,33334E-4
8,50775E-4
7,89539E-4
7,6676E-4
0,001010761
0,00127814
9,06508E-4
8,67662E-4
8,12541E-4
7,9965E-4
0,001018861
8,96956E-4
8,50715E-4
8,11411E-4
0,001024274
8,58199E-4
9,05165E-4
9,63358E-4
9,28489E-4
0,001053223
9,91965E-4
0,001123751
7,8611E-4
9,4379E-4
0,001027041
7,75999E-4
7,94822E-4
8,66966E-4
9,88139E-4
0,001022188
0,001026273
8,19546E-4
9,34196E-4
7,26937E-4
7,50781E-4
8,51214E-4
7,54298E-4
9,45828E-4
9,71755E-4
0,002730628
9,39882E-4
9,05309E-4
8,83806E-4
9,17823E-4
9,03886E-4
7,41017E-4
8,39103E-4
8,71514E-4
9,73931E-4
0,001037066
0,00101047
7,69143E-4
8,44397E-4
7,98585E-4
0,001057701
8,8384E-4
8,04305E-4
0,001107832
0,001016707
0,001067875
8,57296E-4
8,65165E-4
9,41301E-4
7,83365E-4
9,9769E-4
0,001316301
9,18922E-4
0,001072851
0,001110501
9,18738E-4
8,83124E-4
9,62757E-4
9,53226E-4
9,38091E-4
0,00125982
0,001015646
9,84893E-4
9,30461E-4
9,12859E-4
9,51474E-4
9,30782E-4
9,65377E-4
9,92464E-4
7,2329E-4
9,61375E-4
0,001108384
9,06875E-4
7,47705E-4
8,77332E-4
0,00106815
9,31937E-4
9,58889E-4
0,001069919
0,0010504
9,12344E-4
9,58131E-4
9,9737E-4
0,001220151
0,001085924
0,001137785
9,23689E-4
9,91535E-4
0,001096411
9,31369E-4
0,00103141
0,00103354
0,001118191
8,99105E-4
9,83347E-4
8,7193E-4
0,001093527
9,85752E-4
0,00100133
0,0010354
9,67677E-4
8,39379E-4
8,00396E-4
0,001175174
0,001213182
0,00112411
0,001277458
8,55468E-4
9,74265E-4
8,61492E-4
0,001044474
9,46615E-4
8,70283E-4
8,81789E-4
8,9877E-4
8,70792E-4
7,26347E-4
7,87399E-4
8,19186E-4
0,001108867
0,001002822
9,48091E-4
8,85268E-4
8,22622E-4
8,07656E-4
0,001101267
8,84912E-4
0,001009176
0,001013611
9,3709E-4
9,02285E-4
9,88195E-4
8,89962E-4
8,75285E-4
9,8866E-4
9,24442E-4
7,58643E-4
7,6506E-4
8,44944E-4
9,36308E-4
8,38138E-4
9,57418E-4
0,001020339
9,59604E-4
0,001043402
0,00105586
9,2406E-4
7,23382E-4
9,91856E-4
8,19815E-4
0,001024795
7,54751E-4
8,24739E-4
8,48189E-4
0,001034585
0,001028308
0,001167842
7,17947E-4
7,26607E-4
8,44812E-4
8,67768E-4
8,68562E-4
8,75745E-4
8,34134E-4
8,37749E-4
9,03637E-4
0,00100258
8,34094E-4
7,78051E-4
8,13884E-4
8,25037E-4
8,7937E-4
8,2125E-4
7,42802E-4
8,35465E-4
8,05955E-4
7,34598E-4
8,35407E-4
7,54511E-4
7,66599E-4
8,70065E-4
7,92649E-4
9,93772E-4
8,04581E-4
9,3674E-4
7,56075E-4
8,57474E-4
9,21135E-4
0,001047198
9,19432E-4
7,99375E-4
0,001090562
9,81368E-4
8,29649E-4
9,67075E-4
9,24225E-4
8,07801E-4
7,8113E-4
9,17637E-4
7,06173E-4
8,5284E-4
9,42052E-4
8,26861E-4
8,47999E-4
7,94785E-4
7,76285E-4
7,75132E-4
9,47928E-4
0,001012225
8,27193E-4
0,001148816
0,001010424
8,19349E-4
8,05761E-4
8,71492E-4
8,20033E-4
9,41711E-4
0,00101225
8,77306E-4
0,00113071
0,001030866
9,39583E-4
9,79504E-4
9,97806E-4
8,81832E-4
8,85006E-4
9,15366E-4
9,79974E-4
8,79975E-4
0,00105844
9,83609E-4
0,00100757
9,46443E-4
9,33639E-4
8,90674E-4
8,8805E-4
0,001392393
0,001029852
0,001138582
0,001062653
9,423E-4
9,09246E-4
8,10443E-4
9,84269E-4
8,6649E-4
9,53821E-4
9,25883E-4
9,98997E-4
9,25497E-4
8,83795E-4
8,71345E-4
7,26348E-4
9,91192E-4
8,84209E-4
8,80691E-4
8,0023E-4
7,69905E-4
0,001091284
9,45495E-4
9,57871E-4
0,001007912
0,001082136
0,001069955
8,22187E-4
8,73239E-4
8,01787E-4
9,92338E-4
8,61202E-4
0,00116819
9,55946E-4
9,41295E-4
8,88139E-4
9,42123E-4
9,54594E-4
8,1037E-4
8,72366E-4
7,84064E-4
8,41046E-4
7,31425E-4
8,84702E-4
8,31174E-4
7,44791E-4
8,03461E-4
7,59514E-4
7,97634E-4
0,001057002
7,87919E-4
9,33373E-4
9,94385E-4
0,001070416
7,22349E-4
8,58939E-4
9,38267E-4
9,38793E-4
8,37899E-4
8,48557E-4
9,96213E-4
9,50689E-4
9,71737E-4
0,001004399
0,0011322
9,28679E-4
6,85231E-4
8,79442E-4
8,35905E-4
7,50284E-4
0,002539808
8,52281E-4
7,93551E-4
8,3491E-4
8,05507E-4
8,99976E-4
0,00112522
0,001175351
9,99824E-4
0,001080561
0,001058613
0,001113869
8,24554E-4
8,1613E-4
9,37691E-4
0,001085863
8,76441E-4
8,16674E-4
9,93558E-4
9,61722E-4
7,83773E-4
0,001011577
0,001171659
9,83528E-4
9,42027E-4
9,08213E-4
8,78304E-4
7,13537E-4
9,36803E-4
0,001070548
8,69138E-4
7,33935E-4
7,81472E-4
8,01401E-4
8,25977E-4
8,93942E-4
7,87703E-4
7,74107E-4
0,001038692
9,73995E-4
8,6004E-4
7,80516E-4
8,59682E-4
9,26642E-4
8,94988E-4
9,6193E-4
8,3122E-4
0,001061962
8,8624E-4
9,12606E-4
8,9107E-4
9,40895E-4
8,89005E-4
9,39399E-4
7,55017E-4
7,03604E-4
0,001123034
0,001045075
9,51198E-4
0,001109071
0,001133233
9,45074E-4
9,67461E-4
0,001202235
0,001092934
0,001110437
9,09468E-4
8,02535E-4
8,87681E-4
0,001008538
0,001688816
7,78877E-4
8,98978E-4
7,9411E-4
9,82923E-4
8,81715E-4
9,91664E-4
0,001033576
7,20689E-4
0,001041246
9,71994E-4
9,21901E-4
0,001125559
0,001285347
0,001188217
0,001088265
9,92492E-4
9,28856E-4
8,27304E-4
0,001073322
9,14201E-4
8,7218E-4
9,73102E-4
8,91543E-4
7,90324E-4
7,03733E-4
7,57882E-4
8,27995E-4
0,001103193
9,59969E-4
0,00101923
9,33703E-4
9,44415E-4
7,72312E-4
8,17112E-4
7,2486E-4
7,97011E-4
7,66957E-4
9,53644E-4
8,97801E-4
7,65172E-4
8,56218E-4
7,80106E-4
7,83732E-4
8,0625E-4
9,46127E-4
8,61436E-4
8,63166E-4
8,71705E-4
8,49035E-4
7,91497E-4
0,001170429
9,61379E-4
9,36484E-4
0,001118783
0,001031821
0,001123743
0,001076499
9,31242E-4
8,74118E-4
0,001128755
0,001087555
8,59106E-4
9,44976E-4
7,94459E-4
9,17827E-4
8,60779E-4
8,32694E-4
9,15763E-4
0,001069517
7,57182E-4
9,88779E-4
8,21389E-4
9,17492E-4
7,93485E-4
7,48334E-4
9,50983E-4
9,95217E-4
8,23335E-4
8,49186E-4
8,28004E-4
8,98153E-4
8,88453E-4
8,87153E-4
8,79063E-4
8,56116E-4
9,57231E-4
9,47176E-4
7,47706E-4
8,71587E-4
7,17418E-4
8,6057E-4
7,65029E-4
9,08414E-4
7,60801E-4
0,001049175
0,001014304
8,08044E-4
8,8465E-4
9,06656E-4
9,06301E-4
8,61254E-4
9,23445E-4
9,51224E-4
8,62983E-4
9,49394E-4
0,001060523
9,26549E-4
0,001144686
9,95233E-4
9,54981E-4
9,29545E-4
8,92233E-4
8,7412E-4
9,69662E-4
8,41455E-4
9,91251E-4
8,64069E-4
8,3494E-4
7,56232E-4
8,76251E-4
9,77883E-4
7,77189E-4
7,50581E-4
8,66578E-4
9,99732E-4
8,73965E-4
8,31759E-4
8,26382E-4
9,07989E-4
9,3745E-4
9,33865E-4
9,24432E-4
8,7514E-4
9,51499E-4
8,01924E-4
9,20931E-4
9,13741E-4
8,25145E-4
8,00116E-4
8,7284E-4
8,96161E-4
0,001018839
9,38629E-4
0,001128221
8,8287E-4
9,70305E-4
8,02586E-4
8,1888E-4
0,001031081
8,52638E-4
8,72832E-4
9,29764E-4
9,76548E-4
0,002511632
7,85035E-4
8,23839E-4
8,82218E-4
0,00101332
9,49644E-4
0,001037135
8,5827E-4
8,96207E-4
8,86181E-4
8,83328E-4
0,001070017
9,35945E-4
8,9582E-4
8,51939E-4
8,12743E-4
8,68263E-4
8,20991E-4
0,001030051
8,59091E-4
8,32327E-4
0,001274816
7,01497E-4
8,71374E-4
8,5623E-4
7,21989E-4
7,37457E-4
8,43532E-4
9,4221E-4
9,49769E-4
0,00153389
8,17409E-4
7,98682E-4
9,60102E-4
9,14641E-4
8,10423E-4
8,29511E-4
9,6953E-4
0,00111866
8,80298E-4
0,001111671
8,98022E-4
9,07043E-4
8,71439E-4
0,001011507
9,36533E-4
8,2243E-4
9,06841E-4
0,001039466
9,70233E-4
0,001000094
7,86242E-4
7,80079E-4
7,28979E-4
8,90021E-4
0,00113454
9,49498E-4
9,51417E-4
0,001064152
0,001024155
0,001287769
0,001411494
0,001001761
8,06987E-4
9,312E-4
0,001046906
9,68578E-4
9,4914E-4
8,7995E-4
8,52156E-4
8,24339E-4
9,33641E-4
8,14876E-4
9,36958E-4
9,52787E-4
8,02512E-4
8,40397E-4
0,001015457
7,18324E-4
8,57155E-4
7,53448E-4
7,33911E-4
7,9475E-4
8,56544E-4
8,1301E-4
8,67824E-4
7,18319E-4
9,48643E-4
9,34861E-4
9,92277E-4
9,65211E-4
7,62683E-4
9,45748E-4
8,46135E-4
9,35524E-4
9,15914E-4
9,79364E-4
0,00100819
8,76404E-4
7,60306E-4
9,40998E-4
8,73777E-4
0,002719286
9,77877E-4
8,51312E-4
8,43382E-4
7,92441E-4
8,34611E-4
0,001050032
8,79679E-4
0,001002633
0,001011773
9,22899E-4
0,001069494
0,001046019
9,76885E-4
7,63442E-4
8,85393E-4
9,27771E-4
7,91233E-4
7,70662E-4
8,63117E-4
0,001002759
0,001026035
9,98315E-4
9,00758E-4
9,32812E-4
8,74411E-4
9,33058E-4
0,00104216
9,37827E-4
9,37651E-4
8,48691E-4
8,42016E-4
8,85053E-4
8,09803E-4
8,74223E-4
8,43011E-4
8,1126E-4
8,44718E-4
8,27637E-4
8,7425E-4
8,54964E-4
8,82665E-4
8,33101E-4
8,55299E-4
8,51208E-4
9,63291E-4
7,30111E-4
7,32388E-4
9,61594E-4
0,001026191
8,58746E-4
0,009078883
9,18323E-4
0,001082709
9,67365E-4
0,001023039
0,001134055
9,9026E-4
8,58165E-4
9,83234E-4
0,00106281
9,80846E-4
9,18995E-4
0,001078127
0,001072689
0,001054014
0,001074295
0,001034302
9,56117E-4
0,001026801
0,001081051
9,46451E-4
8,86029E-4
0,00114629
0,001005719
0,001025531
9,05535E-4
0,001071442
0,001089607
9,02846E-4
9,93173E-4
0,001008746
0,001129853
0,00103104
0,001063484
0,001080766
0,001339568
0,001008785
9,19768E-4
0,001087651
0,001046063
0,001067966
9,02347E-4
0,001170871
0,001156971
0,001211968
0,002772958
9,87196E-4
9,78769E-4
9,06068E-4
0,001106902
8,89789E-4
9,17695E-4
9,86574E-4
0,001405099
9,84513E-4
9,17483E-4
8,19669E-4
9,16504E-4
0,001189968
8,16271E-4
7,98356E-4
8,17422E-4
8,90064E-4
7,90269E-4
7,89E-4
0,001055465
8,34583E-4
0,0010025
8,22128E-4
0,001555571
0,001054708
0,00106444
9,49942E-4
8,03513E-4
0,001043398
9,04179E-4
9,10692E-4
9,50277E-4
9,38775E-4
8,91893E-4
9,37251E-4
9,6374E-4
7,25759E-4
9,13299E-4
8,91416E-4
0,001016868
0,001020657
9,17355E-4
9,49169E-4
6,87483E-4
8,59767E-4
7,8346E-4
8,8437E-4
0,001119379
0,001035365
0,00101786
8,73344E-4
7,92638E-4
9,46671E-4
8,88544E-4
8,23773E-4
8,79935E-4
7,94291E-4
7,99186E-4
7,62522E-4
7,61274E-4
9,55521E-4
8,72096E-4
9,38309E-4
8,63327E-4
9,576E-4
7,26868E-4
7,86927E-4
9,31859E-4
8,76145E-4
9,59566E-4
8,50634E-4
9,2161E-4
8,24565E-4
0,001029714
7,48128E-4
8,87655E-4
8,86477E-4
9,79372E-4
0,001156472
8,83706E-4
9,30639E-4
8,35862E-4
8,92312E-4
7,38614E-4
9,71812E-4
0,001070637
9,05322E-4
9,32295E-4
9,80395E-4
9,46386E-4
9,26267E-4
8,90484E-4
7,71676E-4
9,16297E-4
8,63157E-4
8,32335E-4
8,54728E-4
8,41672E-4
8,32464E-4
0,001083978
8,61568E-4
9,75467E-4
0,001048238
0,001098501
8,08669E-4
9,09771E-4
8,86523E-4
9,03905E-4
8,57292E-4
8,53935E-4
8,18448E-4
9,17915E-4
8,67875E-4
0,001013986
9,19286E-4
9,78313E-4
8,46776E-4
8,67508E-4
9,61043E-4
7,35213E-4
7,49773E-4
0,001087032
9,93815E-4
8,63907E-4
9,51688E-4
9,38408E-4
9,81104E-4
8,92386E-4
9,57047E-4
7,48354E-4
7,80241E-4
8,95427E-4
8,88507E-4
0,001109068
0,001433156
8,2546E-4
7,48514E-4
9,9388E-4
9,82855E-4
0,001050271
0,001074383
7,48842E-4
7,45346E-4
7,59578E-4
9,4004E-4
8,76761E-4
9,55043E-4
9,61365E-4
9,6988E-4
9,13067E-4
9,45204E-4
8,64535E-4
8,4103E-4
8,74805E-4
8,70981E-4
8,69639E-4
9,03426E-4
8,7164E-4
8,38662E-4
8,89818E-4
9,73109E-4
9,75797E-4
7,51364E-4
7,47352E-4
8,00531E-4
9,44484E-4
0,001053212
0,001117192
0,001022499
8,07119E-4
7,59723E-4
8,03034E-4
0,001120532
7,60645E-4
0,001022246
9,66494E-4
0,00102612
0,001014493
8,30706E-4
7,93874E-4
9,13143E-4
7,71998E-4
0,001089883
9,12677E-4
0,001338382
8,92233E-4
0,001169563
0,001086191
0,001015976
9,16862E-4
8,83303E-4
0,001001301
0,001125081
0,001007657
9,14237E-4
0,001058802
7,98895E-4
0,001107305
9,92911E-4
0,001020991
8,24855E-4
0,001059183
8,43626E-4
8,34307E-4
8,28458E-4
8,97449E-4
9,53148E-4
9,31036E-4
8,9377E-4
8,5209E-4
8,97292E-4
8,28627E-4
8,50478E-4
9,01931E-4
8,61966E-4
9,81293E-4
9,06235E-4
9,88434E-4
9,1489E-4
0,001065129
0,00152973
0,001686856
9,93411E-4
0,001161695
0,001015325
0,001042496
0,001056894
0,001016748
8,73856E-4
9,80853E-4
9,08596E-4
0,001178805
0,001100496
9,29088E-4
0,001106473
0,001067738
9,63334E-4
9,67087E-4
0,001277227
0,001117596
9,4137E-4
9,66294E-4
9,20355E-4
8,86717E-4
8,57225E-4
9,93489E-4
9,1002E-4
9,34998E-4
9,01783E-4
9,05839E-4
8,89801E-4
9,24053E-4
0,001440407
7,98909E-4
9,50676E-4
9,34226E-4
8,53061E-4
8,78198E-4
8,64768E-4
0,001039503
9,59916E-4
0,001055077
7,83403E-4
0,001033592
8,22556E-4
8,09355E-4
7,64964E-4
8,19179E-4
8,75387E-4
8,54619E-4
0,001030204
0,001052815
8,99586E-4
0,002448889
8,56158E-4
7,46972E-4
7,35195E-4
9,63356E-4
8,43576E-4
0,001057146
9,51908E-4
8,9107E-4
7,90857E-4
7,91055E-4
8,17048E-4
8,9865E-4
9,34002E-4
0,001013226
8,10411E-4
9,16434E-4
8,29709E-4
8,85547E-4
9,33119E-4
0,001170346
9,69054E-4
7,96777E-4
7,74975E-4
8,14238E-4
8,612E-4
9,03748E-4
9,28937E-4
9,95369E-4
8,43367E-4
0,001076427
8,60237E-4
9,29227E-4
8,99769E-4
9,33789E-4
8,54222E-4
7,5216E-4
8,9919E-4
8,93567E-4
7,34642E-4
0,001028096
8,77543E-4
0,00123164
0,001092189
8,55574E-4
9,16646E-4
9,38609E-4
7,72157E-4
9,42513E-4
9,79326E-4
9,91182E-4
8,13278E-4
9,46888E-4
0,001039065
0,001046712
0,001028777
0,001168812
0,00106704
7,42901E-4
0,001179778
8,47695E-4
7,98728E-4
9,16563E-4
8,25099E-4
9,34727E-4
8,63052E-4
8,60185E-4
8,595E-4
9,38987E-4
9,29017E-4
9,11286E-4
8,43112E-4
8,53382E-4
9,15478E-4
7,77443E-4
9,17686E-4
9,27887E-4
7,36963E-4
8,64076E-4
9,34441E-4
7,70764E-4
0,001028303
8,34929E-4
9,61819E-4
9,36615E-4
9,91627E-4
8,4179E-4
9,10846E-4
9,32684E-4
0,001035165
0,001000853
0,001022092
0,001002834
0,001006222
0,001025766
0,001111225
9,14405E-4
8,37604E-4
9,69055E-4
0,001008774
9,61233E-4
9,20669E-4
9,7707E-4
9,35306E-4
0,001148057
0,001082914
8,37493E-4
8,254E-4
9,48496E-4
8,79019E-4
7,14873E-4
8,58615E-4
9,92882E-4
8,13636E-4
8,75438E-4
8,8955E-4
0,001050557
0,001023919
8,63388E-4
9,89244E-4
0,001000413
0,001028039
9,57371E-4
9,24947E-4
9,05668E-4
9,52085E-4
9,26055E-4
9,25436E-4
9,31148E-4
9,3546E-4
8,26087E-4
8,00556E-4
8,7808E-4
7,78113E-4
8,60117E-4
7,35409E-4
8,3947E-4
8,09856E-4
9,7952E-4
7,5281E-4
7,71218E-4
9,02154E-4
8,12067E-4
9,12432E-4
8,40503E-4
7,98608E-4
9,71994E-4
8,86867E-4
9,11629E-4
9,74886E-4
9,67841E-4
8,3953E-4
8,01492E-4
0,001125258
8,08241E-4
8,71575E-4
9,24584E-4
8,0192E-4
9,08543E-4
9,18051E-4
9,32233E-4
9,61423E-4
8,26827E-4
7,99273E-4
7,36079E-4
8,36393E-4
9,80897E-4
9,65228E-4
9,24369E-4
8,39025E-4
8,54763E-4
8,5498E-4
0,001051961
9,81254E-4
9,05073E-4
0,002815078
0,001111755
8,84666E-4
0,00102529
9,11147E-4
8,20202E-4
8,80034E-4
9,37134E-4
9,28023E-4
8,75488E-4
9,27751E-4
8,37417E-4
0,001054578
7,80191E-4
8,14429E-4
8,20677E-4
6,92197E-4
9,44825E-4
7,50453E-4
9,04299E-4
7,22261E-4
8,02706E-4
8,70104E-4
8,06313E-4
7,07781E-4
8,83303E-4
9,91787E-4
9,77406E-4
9,45891E-4
8,83449E-4
8,93428E-4
8,34285E-4
0,001047326
8,69961E-4
8,00218E-4
8,63395E-4
8,14811E-4
8,84005E-4
8,40553E-4
8,33315E-4
0,001134737
8,80073E-4
8,76448E-4
9,78364E-4
9,92322E-4
9,96851E-4
8,67735E-4
9,82815E-4
7,82946E-4
8,41616E-4
8,43554E-4
9,83425E-4
8,56988E-4
7,56697E-4
8,66815E-4
8,1007E-4
7,76268E-4
7,03655E-4
9,27349E-4
8,18696E-4
0,001159705
0,001297943
0,001293528
0,001309394
0,001283488
0,001267116
0,001309309
0,001267719
0,001308491
0,00128972
0,001315723
0,001272794
0,001316207
0,001316281
0,001294488
0,001304186
0,001271538
0,00131277
0,00123953
0,001318174
0,001336553
0,001350461
0,001295631
0,001303948
0,001322392
0,00129661
0,001300791
0,001297032
7,52791E-4
9,48577E-4
8,15688E-4
8,0891E-4
7,93212E-4
9,10216E-4
9,61112E-4
9,51078E-4
8,17036E-4
8,71678E-4
7,83816E-4
8,45404E-4
0,001049026
9,54517E-4
9,73533E-4
0,002424342
8,47064E-4
8,93634E-4
8,45554E-4
7,86121E-4
7,62964E-4
9,85043E-4
8,22985E-4
0,001105682
0,001001225
7,90138E-4
8,49568E-4
0,001017216
8,04859E-4
8,04758E-4
9,22849E-4
8,53325E-4
7,95182E-4
8,50979E-4
9,23618E-4
7,86231E-4
8,40688E-4
9,47323E-4
9,21672E-4
9,75975E-4
9,3113E-4
9,14913E-4
9,97337E-4
8,37684E-4
8,14744E-4
8,36025E-4
8,6028E-4
0,001032152
9,90581E-4
8,30086E-4
8,92355E-4
8,93565E-4
8,6584E-4
7,58151E-4
9,6673E-4
8,1896E-4
9,26896E-4
8,27862E-4
8,99654E-4
7,99618E-4
9,03873E-4
8,0149E-4
0,001047576
8,36192E-4
9,22465E-4
7,91134E-4
9,81229E-4
9,25553E-4
7,97317E-4
8,11307E-4
9,70224E-4
7,88493E-4
9,84057E-4
8,6206E-4
7,99251E-4
8,21485E-4
8,39743E-4
8,1905E-4
8,45096E-4
8,65997E-4
9,00619E-4
8,81957E-4
9,64646E-4
9,13556E-4
7,35663E-4
8,62697E-4
8,77284E-4
9,11504E-4
8,67011E-4
0,002381653
9,32858E-4
9,30298E-4
8,44876E-4
0,00104592
9,33993E-4
8,80131E-4
9,17544E-4
9,18503E-4
9,50531E-4
9,27677E-4
8,427E-4
9,86632E-4
8,57423E-4
0,001009347
8,02617E-4
8,56147E-4
8,5133E-4
8,91835E-4
7,77792E-4
7,87248E-4
8,46152E-4
8,65948E-4
8,26363E-4
8,421E-4
