0,002176409
0,00202688
0,044947573
0,003307553
0,001482131
0,001527698
0,00149579
0,001593344
0,00156136
0,001582047
0,002756973
0,006135026
0,007911784
0,001585309
0,001444881
0,001686972
0,001521411
0,001423169
0,003145641
0,00518081
0,007193851
0,004774379
0,001744194
0,001539875
0,001636164
0,001793106
0,001937854
0,0017402
0,002152447
0,001854778
0,001971111
0,001912037
0,001887246
0,001656787
0,002284712
0,010894353
0,009241366
0,001536007
0,001504264
0,001419436
0,001851632
0,001950776
0,002636556
0,001951223
0,007957066
0,004046041
0,001716722
0,001595968
0,002557516
0,001409537
0,001384161
0,001383296
0,001308088
0,002168158
0,001619385
0,001543621
0,001577747
0,001452574
0,001711933
0,002631316
0,001886017
0,001521351
0,002073767
0,001827982
0,001372439
0,001481121
0,001568646
0,001419016
0,001293041
0,003715159
0,002025462
0,002051182
0,011898695
0,001512449
0,001488578
0,002290187
0,003024304
0,002956262
0,002872925
0,002911334
0,001775118
0,00197605
0,001948091
0,001758488
0,001925073
0,001700234
0,002211189
0,008969122
0,0022148
0,002199188
0,001920358
0,001696855
0,001916424
0,001991993
0,011660239
0,002068592
0,001765883
0,002262843
0,002000182
0,0019325
0,001743898
0,001988784
0,002075398
0,002057145
0,002260103
0,00223301
0,001886885
0,002339102
0,002358344
0,002468885
0,0017791
0,001885094
0,001780978
0,001821453
0,001653385
0,001840139
0,001804929
0,001995747
0,002133833
0,001912829
0,002120144
0,001593931
0,001971385
0,002135169
0,001761832
0,001967824
0,001825276
0,001860374
0,001830443
0,00194921
0,002131391
0,003132188
0,001722812
0,002417043
0,001961
0,001665395
0,002066885
0,001673277
0,001550226
0,001921956
0,001960445
0,001939498
0,001824648
0,0020731
0,002153031
0,002117455
0,001910518
0,002049612
0,002102326
0,001850658
0,004097254
0,001854196
0,001981099
0,001891351
0,001719204
0,001647153
0,002056333
0,001910106
0,002730467
0,002238029
0,002125824
0,001981314
0,001895273
0,004091715
0,004630936
0,00186301
0,002090073
0,001770569
0,001754765
0,001939805
0,00172414
0,001884992
0,001781594
0,001904203
0,001845885
0,002108086
0,001776566
0,002424207
0,002678879
0,002338755
0,002487927
0,002412762
0,002207922
0,002762378
0,002277942
0,002430554
0,002037935
0,002634105
0,001917679
0,002491475
0,002027714
0,002360461
0,002500123
0,002333156
0,00240244
0,002375443
0,002369637
0,002173541
0,002153767
0,002756706
0,004076395
0,001678336
0,001760132
0,001831742
0,001880645
0,001948043
0,002152334
0,001877228
0,002033048
0,002272454
0,002033942
0,002068205
0,004067694
0,004556164
0,002481556
0,002073651
0,002021069
0,002212153
0,002327112
0,002298783
0,002217454
0,00222041
0,001771613
0,00194167
0,002446501
0,001840009
0,002178744
0,002014787
0,001930647
0,002303516
0,002806208
0,003262292
0,00165658
0,001752444
0,002100628
0,001647876
0,002213566
0,001839494
0,002804768
0,002352838
0,001559183
0,002452177
0,001598065
0,001906649
0,002066272
0,001890657
0,001831564
0,002227125
0,001825066
0,003936713
0,002552478
0,002039136
0,002145271
0,001545383
0,002060664
0,002303092
0,002272959
0,00229252
0,001967535
0,001916771
0,001949545
0,002354959
0,003051383
0,003291137
0,003102894
0,005103658
0,001768231
0,001649429
0,002323128
0,001899802
0,001853215
0,00193995
0,001866507
0,002152324
0,002178879
0,001577885
0,00197013
0,001540036
0,00171737
0,001993915
0,002445059
0,002534178
0,002472487
0,001465824
0,002132755
0,001866531
0,002418063
0,002050074
0,001899805
0,001816808
0,001835138
0,001761779
0,002005573
0,001943711
0,00231813
0,001781069
0,003400876
0,001663359
0,001860744
0,001980248
0,001692135
0,001692116
0,001779909
0,001938389
0,001769674
0,002386403
0,001758115
0,002002513
0,001803442
0,002152431
0,001761546
0,001819812
0,00186057
0,002017214
0,002003949
0,001815047
0,001862242
0,00211688
0,001580859
0,002456232
0,001959913
0,00213524
0,002398669
0,001757176
0,002277729
0,002335312
0,001987769
0,002022688
0,002392293
0,002530986
0,0024838
0,002519541
0,002454126
0,00230097
0,001921864
0,002012079
0,002295867
0,002102661
0,002052534
0,002570497
0,002840635
0,002243508
0,003770576
0,002031426
0,002481754
0,003907405
0,002513363
0,001997558
0,001945389
0,002232425
0,001911499
0,002179144
0,001962327
0,002189823
0,002157608
0,004577393
0,004619177
0,002434236
0,001839891
0,001887418
0,00199939
0,002325778
0,003429124
0,003448493
0,001515054
0,001912038
0,00192902
0,00193095
0,001995173
0,002327065
0,001943717
0,001780276
0,001934132
0,001864497
0,002090116
0,001972315
0,002092087
0,003183653
0,003456748
0,001411283
0,001865234
0,001975406
0,002514148
0,002601386
0,002500233
0,002840754
0,001822347
0,001839621
0,00181254
0,00192259
0,002035105
0,002359634
0,003089156
0,002535089
0,001893032
0,003643816
0,001908178
0,00177719
0,002057339
0,002221115
0,002022514
0,001785924
0,001699853
0,001898648
0,001944725
0,002188647
0,001817308
0,001687749
0,002569368
0,001841911
0,001866956
0,001963248
0,002138844
0,001962214
0,001887686
0,002579971
0,002250201
0,00183328
0,002570266
0,002250711
0,001526924
0,001958419
0,002294585
0,002385615
0,001619777
0,001864648
0,001844342
0,0021113
0,002057627
0,001628625
0,001735997
0,001871297
0,00156445
0,001934273
0,001771358
0,002383021
0,002293103
0,002402786
0,002378323
0,002711912
0,002378628
0,001941843
0,001925094
0,001995348
0,002032676
0,001931699
0,002330342
0,002624367
0,00283075
0,002353779
0,002667409
0,002282586
0,001427749
0,002271967
0,002059631
0,012230538
0,001755214
0,001894473
0,002171363
0,001933684
0,002090789
0,001508806
0,002400382
0,002045378
0,00203005
0,002124803
0,001874999
0,001729193
0,002040565
0,002009044
0,001937622
0,001674354
0,00204682
0,002087782
0,002551237
0,003570297
0,003570982
0,002061046
0,001927008
0,001807536
0,002113474
0,001883651
0,001711585
0,001841656
0,001682011
0,001811116
0,001830086
0,002130178
0,002111494
0,001859746
0,001846886
0,002240736
0,00217428
0,002259969
0,004069857
0,001653233
0,002140633
0,002016092
0,001943504
0,001963629
0,002424439
0,003633654
0,00146117
0,001985756
0,001723136
0,001935948
0,001862228
0,001993068
0,002005436
0,002133703
0,001649542
0,002158192
0,002182248
0,001765098
0,002310786
0,002558812
0,002302188
0,002223044
0,002647797
0,004958839
0,005835165
0,005430186
0,001748291
0,002205106
0,001796797
0,002067645
0,001916283
0,00214464
0,001669256
0,001979383
0,002008667
0,001982398
0,002016851
0,001943519
0,001660231
0,00339004
0,004611855
0,003665379
0,00217039
0,001829953
0,001898068
0,001719373
0,002029259
0,002191988
0,001741548
0,001909014
0,001779101
0,002806858
0,005106382
0,004056513
0,001847034
0,001856207
0,001865117
0,001744643
0,002074235
0,002093668
0,002146097
0,001979008
0,002012719
0,001905907
0,002023866
0,002089011
0,002462491
0,002042806
0,001916121
0,0020252
0,002215954
0,002068257
0,002183986
0,002067478
0,001762533
0,001989909
0,002226725
0,001930573
0,002193571
0,002220641
0,001989201
0,001744594
0,002176964
0,003546771
0,001836774
0,001629498
0,001988793
0,001858535
0,001649953
0,001735856
0,001944925
0,001607888
0,004301737
0,00167542
0,002102202
0,00177562
0,002281965
0,001856262
0,002093945
0,002231651
0,002433421
0,001742818
0,002005467
0,001880472
0,002274437
0,001784615
0,002038574
0,001924129
0,002149685
0,002103609
0,001780779
0,001891521
0,002487707
0,002957775
0,003320087
0,002904864
0,001538169
0,001850448
0,002153025
0,002093297
0,002151543
0,002544054
0,001904653
0,002084006
0,001841793
0,00213453
0,002169429
0,001885229
0,00208683
0,001968643
0,00197617
0,001971464
0,002156703
0,001830052
0,002667693
0,00240206
0,002315357
0,0023616
0,002349656
0,001980018
0,001923701
0,001793859
0,002429757
0,002120155
0,002810087
0,002237174
0,001669427
0,001963651
0,001824934
0,001853126
0,002170127
0,0018861
0,001661481
0,00206043
0,001867264
0,001847903
0,002174942
0,011403017
0,004085681
0,003247492
0,003675628
0,004333735
0,00326342
0,003402517
0,004618093
0,004192358
0,003227753
0,004675971
0,005867615
0,001819428
0,00188074
0,00187986
0,002049751
0,00173052
0,002119991
0,002130202
0,002075929
0,003260784
0,007944494
0,001976766
0,002343259
0,003344743
0,003515462
0,003343531
0,002023168
0,001692445
0,001840694
0,001632115
0,0018666
0,001827291
0,001976952
0,002018422
0,002164033
0,002035898
0,001984774
0,001956321
0,001916797
0,002866199
0,003107459
0,002618581
0,001716191
0,001803515
0,003140849
0,003284747
0,002996503
0,003004109
0,001691858
0,001910541
0,002139549
0,001857367
0,002200054
0,001999928
0,003185608
0,002992543
0,002905681
0,002896152
0,001675506
0,001987414
0,002050932
0,001774688
0,002028615
0,002366934
0,002800079
0,001677836
0,001913562
0,002055336
0,001949113
0,002285505
0,00211793
0,002222982
0,001864928
0,00203521
0,0020909
0,001759101
0,001929651
0,002212653
0,002719071
0,002729609
0,002792843
0,002291838
0,002014781
0,003351629
0,003820604
0,001948984
0,002151765
0,002173514
0,002348964
0,002419605
0,002501385
0,001519931
0,002429638
0,002004078
0,003437934
0,003281503
0,001929435
0,002464081
0,001916857
0,001787803
0,001850321
0,002035977
0,001927464
0,001990053
0,002304588
0,003567451
0,003320589
0,001886936
0,00193084
0,001824577
0,001759384
0,002199069
0,002373129
0,001874572
0,002256225
0,002662207
0,002002436
0,001919094
0,005038981
0,008362208
0,001491144
0,001992501
0,00206477
0,001907206
0,002472611
0,002872993
0,001925454
0,001946563
0,002447282
0,001963622
0,002050756
0,00179373
0,001850199
0,002160682
0,001821744
0,002064828
0,001456566
0,002269085
0,002430242
0,002143033
0,002068265
0,001639792
0,002896633
0,003412698
0,003229685
0,00225654
0,002010881
0,001921327
0,00197561
0,00199882
0,002029464
0,001990028
0,002307332
0,003641037
0,002145869
0,002868136
0,002002002
0,001957905
0,002117726
0,002516054
0,003214338
0,001963686
0,001743611
0,002115514
0,001805647
0,001681116
0,002245805
0,002518358
0,002549443
0,00209415
0,002173277
0,00243671
0,002397387
0,001561891
0,001902633
0,002048316
0,002403426
0,002296361
0,00336999
0,003227063
0,003481068
0,002588704
0,001812533
0,001955738
0,00176345
0,001857027
0,002197749
0,002080232
0,001799626
0,001678632
0,001958583
0,001957578
0,002175785
0,001845397
0,001570464
0,001794953
0,001843593
0,001796408
0,001889381
0,003566268
0,004443184
0,002146753
0,002125097
0,002217991
0,002112126
0,002210373
0,002155809
0,002734959
0,001460377
0,002145553
0,002626475
0,002433855
0,001544514
0,002208532
0,001701989
0,001848677
0,002163338
0,002231717
0,002145065
0,002126766
0,001854929
0,004163123
0,001863628
0,002095394
0,002134655
0,003214433
0,001545068
0,001962526
0,005230481
0,005200851
0,00270158
0,001934793
0,002157404
0,002056584
0,001873345
0,002077989
0,001886452
0,002341717
0,001608611
0,002571095
0,00164272
0,002122533
0,001747634
0,002652458
0,005100578
0,005029305
0,003082227
0,001604882
0,002332648
0,002045579
0,001809755
0,00193827
0,001949324
0,002401688
0,002612188
0,002316152
0,002651311
0,001918099
0,001912453
0,001970353
0,001726285
0,00184
0,002116825
0,002040236
0,001965519
0,001784654
0,002227026
0,002249209
0,001975565
0,001837234
0,002845596
0,002917702
0,002482549
0,001646035
0,002166238
0,002040197
0,002073595
0,001832557
0,002118
0,002020078
0,001938136
0,00235386
0,002147342
0,002154604
0,001832047
0,003251286
0,004275847
0,00214338
0,001788883
0,002308896
0,002995609
0,003025439
0,00316711
0,001908121
0,002033149
0,002694931
0,002040877
0,002373734
0,002118749
0,001925002
0,0028267
0,002126195
0,001901343
0,002641248
0,001966939
0,002325125
0,002181296
0,001999473
0,00216892
0,002118609
0,001974335
0,001849798
0,002105677
0,001884537
0,002725397
0,001771148
0,001951014
0,003037895
0,001813005
0,002159275
0,002099792
0,001706178
0,002243848
0,002379062
0,003489983
0,002628917
0,00212747
0,001776601
0,001838525
0,001882811
0,001833294
0,002099642
0,001835804
0,001813122
0,002027528
0,002096252
0,002912031
0,002877146
0,003358234
0,002783063
0,001526068
0,001782256
0,003095582
0,002032157
0,001993485
0,002144163
0,004161719
0,003286631
0,003890482
0,001879006
0,001860972
0,002319175
0,001998464
0,002328929
0,002290254
0,002099302
0,001805047
0,00308577
0,003456237
0,001536392
0,002018025
0,001835985
0,00221315
0,001961616
0,002332636
0,002092206
0,001845911
0,00204072
0,003024689
0,002010946
0,001693059
0,001926977
0,001787793
0,001998202
0,00187737
0,002149048
0,001997086
0,001652766
0,002179277
0,002462206
0,002125606
0,001774931
0,002188173
0,001890833
0,002259128
0,002503734
0,002600108
0,002512513
0,001492824
0,001781049
0,00226095
0,00222094
0,002320671
0,001721325
0,002103139
0,001842187
0,002223708
0,002494995
0,001953494
0,00186105
0,001653331
0,001909863
0,002185296
0,002129788
0,002171517
0,002520457
0,003268392
0,002581236
0,002001782
0,002308971
0,001937519
0,00216068
0,002050255
0,002004145
0,002064511
0,001958023
0,001959253
0,002500577
0,001570048
0,001714363
0,004513302
0,001860607
0,002008687
0,001867755
0,002484073
0,001731353
0,001972191
0,002154731
0,002558333
0,001852998
0,001959503
0,001920554
0,001727648
0,002681385
0,002449815
0,002011646
0,002125589
0,001885606
0,002580421
0,001909778
0,002026045
0,002013348
0,002064588
0,003808113
0,009191003
0,002513088
0,001746986
0,00187909
0,002421252
0,00201734
0,00197296
0,002526875
0,003303431
0,003377196
0,003585042
0,001426598
0,002152444
0,002266616
0,001833627
0,002156975
0,00259354
0,002498848
0,00227364
0,002424965
0,002399816
0,002320657
0,001800404
0,002356678
0,001840206
0,001987825
0,002447753
0,002479685
0,003441269
0,003438567
0,003118993
0,001809824
0,00201007
0,002061431
0,001992434
0,001644982
0,002141493
0,001777006
0,001976382
0,001860755
0,002944195
0,004530673
0,004631512
0,003604793
0,001619834
0,003654256
0,002167111
0,001944634
0,002108611
0,002055575
0,002866515
0,002992042
0,003202911
0,001972999
0,001793179
0,002021275
0,00224926
0,002195683
0,002838392
0,001561281
0,006614075
0,001987053
0,002132744
0,001926837
0,002015861
0,001970513
0,002224777
0,0021733
0,002008699
0,003501228
0,002185499
0,001764494
0,002182749
0,002575213
0,003153893
0,001732204
0,00203178
0,001850291
0,001883773
0,00169316
0,002090973
0,002009121
0,001803694
0,001802636
0,001826539
0,002157135
0,002515163
0,002380176
0,002762214
0,00242171
0,002804771
0,002449903
0,001715362
0,002151161
0,00216846
0,002119215
0,002054111
0,002090362
0,002295783
0,002429365
0,001822298
0,001874134
0,002068271
0,001765744
0,001626615
0,002083535
0,001737245
0,002034835
0,001703961
0,002139642
0,001750331
0,001949702
0,003913042
0,001705868
0,00233755
0,002633312
0,002397093
0,002519783
0,001668156
0,001840435
0,001970068
0,001972491
0,002147113
0,001743212
0,001940062
0,001768915
0,002308758
0,003542031
0,002380677
0,001622559
0,001880417
0,001878248
0,002250777
0,00174564
0,002021339
0,001768985
0,001907876
0,001771613
0,001857541
0,001767058
0,002046722
0,00187605
0,001814812
0,00247856
0,003275507
0,003194629
0,001743499
0,001753189
0,002085553
0,001872237
0,001906074
0,003286206
0,003231545
0,003449834
0,003024263
0,001829332
0,00175724
0,001974983
0,002016061
0,001942225
0,002314811
0,001740463
0,00208855
0,002072551
0,002124413
0,002175974
0,002168864
0,002214244
0,001839974
0,002175552
0,002170953
0,002234709
0,002103252
0,002898705
0,001680076
0,002164576
0,002037565
0,004434497
0,002263132
0,001911951
0,001776333
0,002014586
0,002157685
0,001776319
0,00193025
0,001982123
0,002034624
0,003122671
0,00323523
0,003140702
0,002086722
0,00284367
0,00283908
0,002412321
0,001690277
0,002182934
0,002756033
0,002686425
0,002320736
0,002774289
0,002049295
0,002225166
0,002661814
0,002753238
0,003140898
0,002148096
0,0028525
0,00270928
0,002519495
0,002154235
0,002636498
0,002604234
0,002197085
0,002277505
0,002572918
0,002617643
0,001847247
0,002196259
0,002764984
0,002713939
0,002789476
0,002683877
0,002498228
0,002679011
0,00270213
0,002654403
0,003102843
0,002759774
0,002708672
0,002215157
0,00250536
0,002347733
0,00312092
0,002973617
0,004498947
0,002271434
0,002174549
0,002770131
0,002594209
0,003022694
0,003100642
0,003059051
0,002913256
0,002913868
0,002861877
0,00250585
0,002595636
0,002403518
0,002471569
0,002328066
0,002501019
0,001948675
0,002366081
0,002625928
0,00324435
0,002094496
0,002655117
0,003601248
0,002556469
0,002648757
0,003123172
0,002412211
0,003148475
0,002521144
0,002529962
0,002533149
0,002498085
0,002402687
0,002632049
0,002719006
0,002378927
0,002662224
0,002535021
0,002908856
0,002897636
0,003240194
0,002979688
0,003103683
0,002760342
0,003212708
0,002537456
0,00257728
0,003241075
0,002275748
0,004162342
0,002147205
0,002297389
0,00337209
0,003208416
0,002641691
0,002637026
0,002591367
0,00329419
0,003153879
0,002000326
0,002574457
0,002462803
0,0026409
0,003230836
0,002096717
0,002862404
0,002591372
0,002687993
0,002343888
0,002438814
0,002465035
0,00305318
0,002068943
0,002490959
0,002403189
0,002334422
0,001866013
0,002476519
0,002887224
0,0030559
0,002036544
0,002538529
0,003249999
0,003258342
0,002502561
0,002582896
0,001870599
0,002844913
0,002585702
0,002472347
0,002297838
0,00242811
0,002733777
0,002842838
0,00236672
0,003200815
0,002619908
0,002476065
0,003937247
0,002292992
0,002416252
0,002479293
0,001583488
0,002155238
0,002392468
0,003218738
0,002971742
0,001530542
0,001855701
0,001804744
0,002205915
0,002053842
0,00279801
0,004607988
0,003785867
0,002724122
0,001993326
0,00188533
0,001981489
0,002134544
0,001972689
0,002176638
0,001851211
0,002269343
0,001637178
0,001826091
0,002019027
0,001864891
0,002282821
0,002269603
0,003087003
0,002270051
0,001571751
0,002404204
0,002496145
0,002273068
0,002792355
0,002423167
0,001952004
0,002112619
0,00203921
0,003345128
0,001410893
0,002074345
0,001868053
0,002113909
0,00187454
0,002035823
0,002153206
0,002004652
0,00404892
0,002540565
0,002972436
0,003144526
0,002982584
0,001945901
0,003495304
0,003471095
0,002104024
0,002436526
0,002246817
0,002005606
0,0019109
0,002430153
0,001719558
0,001866282
0,002013689
0,002171137
0,001791257
0,001976332
0,002141784
0,002850483
0,001584602
0,001956981
0,002022332
0,001876769
0,001930142
0,002274605
0,002196568
0,002559246
0,002701662
0,002947402
0,002962591
0,003210145
0,002237638
0,001659834
0,001850346
0,002905696
0,00332594
0,003580661
0,00332899
0,002837351
0,001659182
0,001679555
0,002247962
0,001814322
0,001776026
0,00204812
0,002595503
0,002597587
0,002319431
0,001819686
0,00179188
0,002110187
0,00219904
0,002476864
0,001842048
0,002077679
0,001994979
0,002001987
0,001869345
0,002236198
0,002832325
0,004023356
0,002090834
0,001565633
0,002157893
0,002442453
0,002561971
0,001705178
0,002078848
0,001699246
0,002084201
0,002078091
0,002680142
0,002480285
0,00228506
0,002281247
0,001786587
0,00188968
0,002380748
0,002684382
0,00337211
0,002108823
0,002141223
0,002296102
0,001814987
0,002428738
0,0017508
0,00189672
0,001691354
0,002015066
0,002057759
0,002138066
0,001712123
0,001788886
0,002387699
0,00343701
0,002344198
0,002145352
0,001647275
0,001779958
0,002046676
0,002034773
0,002100919
0,002497104
0,002138808
0,001849097
0,002039756
0,002293833
0,002434802
0,001992312
0,00196536
0,002067001
0,002473274
0,002054007
0,002313821
0,001936241
0,002295907
0,002301388
0,002502366
0,001727765
0,001880425
0,002171456
0,002423874
0,002609154
0,002411955
0,002505272
0,001524344
0,002006182
0,00182445
0,001939372
0,001697761
0,002185204
0,001851472
0,001967854
0,001999547
0,001792921
0,002245016
0,001846704
0,003529616
0,002274787
0,001469683
0,00201435
0,001707954
0,001720145
0,002159276
0,002614625
0,002505754
0,001945209
0,002009126
0,002903877
0,002993928
0,001958616
0,00176038
0,002103701
0,002969189
0,002848755
0,001578805
0,001761014
0,001947953
0,002127779
0,002079519
0,002590881
0,001971046
0,001989559
0,001993099
0,002008644
0,00192779
0,002183943
0,001746224
0,00182955
0,001883563
0,001790327
0,001614923
0,001996401
0,001986043
0,001744827
0,00180401
0,00194952
0,002012873
0,002332447
0,002517039
0,001995997
0,00210986
0,002237285
0,001873923
0,002166089
0,002073195
0,002297938
0,001667942
0,002201449
0,001916055
0,001973271
0,001973606
0,002011721
0,001896075
0,001558942
0,002570106
0,00190814
0,002204046
0,002226746
0,002125975
0,0021329
0,002265057
0,001897836
0,001991825
0,002095268
0,002312108
0,002597882
0,00251223
0,001773185
0,002117739
0,001768792
0,00457648
0,002088187
0,001818825
0,001903654
0,00194241
0,003490534
0,00465284
0,004641766
0,001920844
0,001955866
0,002096034
0,001960814
0,001817769
0,002063378
0,002107126
0,002106351
0,001988064
0,002268091
0,001858995
0,002039695
0,001767998
0,002037286
0,002149869
0,002303637
0,003192575
0,002099281
0,001805933
0,001911025
0,001938472
0,002205805
0,001990116
0,002163883
0,002534058
0,00211517
0,00184179
0,002122605
0,002001526
0,002224029
0,002093028
0,00211468
0,001832716
0,001977552
0,002918651
0,003237089
0,002998096
0,002880122
0,002572228
0,002109305
0,002080098
0,001956314
0,001646926
0,002084899
0,002522702
0,003134723
0,003182335
0,003453235
0,002266172
0,001842729
0,001806114
0,002247866
0,002034207
0,001817936
0,00321836
0,004593106
0,004534663
0,002097691
0,001733566
0,00169761
0,001923377
0,00261322
0,004002442
0,001934974
0,001899559
0,001868875
0,00237689
0,003118062
0,001634607
0,002112466
0,001809342
0,00405588
0,004566157
0,002439489
0,003080326
0,002674757
0,002905284
0,002526414
0,003092562
0,002626363
0,002095173
0,002591455
0,002601911
0,002943508
0,002292302
0,002719666
0,002984593
0,002963779
0,00251776
0,002703384
0,002750159
0,002645957
0,002605496
0,002905376
0,002743233
0,002465256
0,002353422
0,00206856
0,002656967
0,002203933
0,002744193
0,00253974
0,002245903
0,002290624
0,002410361
0,002166376
0,002983632
0,002644858
0,002537295
0,002506276
0,002405182
0,003163174
0,003009988
0,002864611
0,003006053
0,002130338
0,003259532
0,00314269
0,003148945
0,002433181
0,002781035
0,004711282
0,002701914
0,00213517
0,002559852
0,00305145
0,001958487
0,003011726
0,002576767
0,001990144
0,002182254
0,002745182
0,002405733
0,001780347
0,003017711
0,003196199
0,002454181
0,00240137
0,002563837
0,002591796
0,002482158
0,002712379
0,002853861
0,002686169
0,002728726
0,003053825
0,003101504
0,002420273
0,002741805
0,002741391
0,002465433
0,002358877
0,002154074
0,002514847
0,002326675
0,002614633
0,002386735
0,002667394
0,002680121
0,003352831
0,002687869
0,00208066
0,002676711
0,002744286
0,003222492
0,002898905
0,002174304
0,002576407
0,002567263
0,002740213
0,002583028
0,002351751
0,002120203
0,002871632
0,003198907
0,0030453
0,002786174
0,004436666
0,002831144
0,002501775
0,002158825
0,002856056
0,002535896
0,002312891
0,002525282
0,002683504
0,002743131
0,002243881
0,002783086
0,002826563
0,00277608
0,002146498
0,002869743
0,002443315
0,003338785
0,003225859
0,002273178
0,0027991
0,002694483
0,002066721
0,002214796
0,002610186
0,002670004
0,002436076
0,002211537
0,002644713
0,002708426
0,002310266
0,002783928
0,002593983
0,002583991
0,002297559
0,002685192
0,002625508
0,002666186
0,002711165
0,002833817
0,002566297
0,002697859
0,002373327
0,002115921
0,002416839
0,002180787
0,002672161
0,00208159
0,002102504
0,002208467
0,002766253
0,002565318
0,003166936
0,002185571
0,003138911
0,002782201
0,002595632
0,002647127
0,003449056
0,00250286
0,002610358
0,002108118
0,00262338
0,002624998
0,003202323
0,003259822
0,002390516
0,003242524
0,002286722
0,003816523
0,001914565
0,001758632
0,001748225
0,001908504
0,002104539
0,001745859
0,001816185
0,00196541
0,001908182
0,001775606
0,00183015
0,001899221
0,002476208
0,002446808
0,001599535
0,001813062
0,001973739
0,001894252
0,002136594
0,002254848
0,002387465
0,002220111
0,002026718
0,001635495
0,001879027
0,001771378
0,002190087
0,002605511
0,003389983
0,002004417
0,002002252
0,001943218
0,002113279
0,002028853
0,002181854
0,002165175
0,001750355
0,001961425
0,002016851
0,002039705
0,001789898
0,001573813
0,002021066
0,002103837
0,002296469
0,001738889
0,001881399
0,001821651
0,002658531
0,003644912
0,003296064
0,002362828
0,002070436
0,002097902
0,002088372
0,00223298
0,00218609
0,001820287
0,001949961
0,00349635
0,003608303
0,001860809
0,002012059
0,002005601
0,001965354
0,002046227
0,002038192
0,002189633
0,001944933
0,002030763
0,002032825
0,001751349
0,00178219
0,001873141
0,004767553
0,003468894
0,001649596
0,002357581
0,001982701
0,002244497
0,002047683
0,002010166
0,001918972
0,001856754
0,001775949
0,002361831
0,002308265
0,002759374
0,002471306
0,00261086
0,002440374
0,002436556
0,001837802
0,00207884
0,001944323
0,002077188
0,003398046
0,004651057
0,005951649
0,00225305
0,002371766
0,002054047
0,001921282
0,002077675
0,002101934
0,002364894
0,001582791
0,002167377
0,002176666
0,002369758
0,002026649
0,002228276
0,002129454
0,002301565
0,002024774
0,001874627
0,002067658
0,001784047
0,002145305
0,002358123
0,002291082
0,00224697
0,002313921
0,002260165
0,001890022
0,001946373
0,00173975
0,001689478
0,002106931
0,0020924
0,001928684
0,001899813
0,003020133
0,002935472
0,00325607
0,002123259
0,001942406
0,001755631
0,0019434
0,00191218
0,001720283
0,002181482
0,002282994
0,001703852
0,002725362
0,002043568
0,002015777
0,001755351
0,00269058
0,005854934
0,001846493
0,001961412
0,00199251
0,002009928
0,002327763
0,002508747
0,002397555
0,002635002
0,002174638
0,001756074
0,001746336
0,002733892
0,002440667
0,002126296
0,002307986
0,001872406
0,002017592
0,001738898
0,001965826
0,001630251
0,00228361
0,002029549
0,002500651
0,001948358
0,001978063
0,001729437
0,00227581
0,001827648
0,001790514
0,00281992
0,002431961
0,002461744
0,001621939
0,002541027
0,001998232
0,002198583
0,001737577
0,001764321
0,001874804
0,001835491
0,002763921
0,002957071
0,003131583
0,003262211
0,001783415
0,002016369
0,002058219
0,001943097
0,001925797
0,001846595
0,001813463
0,001796885
0,001939735
0,002072161
0,001772799
0,002202528
0,002026427
0,002024164
0,001925903
0,002060628
0,002936436
0,002819985
0,001835276
0,001999341
0,002371403
0,002486299
0,002361087
0,001994335
0,001736752
0,001917358
0,001644665
0,001845445
0,002304168
0,001963937
0,004290191
0,00247896
0,001872079
0,001590989
0,002169024
0,001844777
0,001946959
0,002577617
0,002469238
0,002327833
0,002453797
0,002031889
0,002017528
0,001970674
0,00215131
0,00200799
0,002025669
0,001447637
0,0017522
0,002069878
0,002119534
0,001793897
0,002122074
0,002608052
0,003320842
0,002246393
0,001935896
0,001914213
0,001992465
0,001952343
0,001905471
0,002089903
0,0026154
0,001456906
0,001686516
0,002586753
0,002507542
0,002317483
0,002648917
0,00258966
0,001568324
0,00162992
0,001554215
0,002112314
0,001887923
0,002004807
0,001723047
0,001852738
0,002329314
0,002262844
0,002217032
0,002187476
0,003467445
0,003057133
0,003352308
0,003188562
0,001522704
0,002085549
0,001739882
0,001847715
0,001858584
0,001882602
0,001713299
0,002126719
0,001938043
0,00218908
0,001871561
0,002243365
0,001836031
0,00203992
0,00328758
0,002314039
0,001927776
0,002174161
0,001937326
0,00183482
0,002189609
0,002512979
0,00482702
0,004543753
0,002077176
0,002174519
0,002149585
0,002264515
0,001640209
0,001975166
0,001615159
0,002360822
0,001923329
0,002460664
0,002106262
0,002929766
0,003219233
0,002954591
0,002313845
0,001792882
0,002302842
0,003191785
0,003133519
0,003527488
0,00195645
0,001679907
0,002017716
0,001982611
0,001953737
0,002071355
0,00181637
0,001872676
0,002039579
0,001974427
0,002196822
0,002312634
0,00186152
0,00182615
0,001624468
0,002019411
0,001973486
0,001992905
0,002416618
0,002731941
0,001634912
0,001826806
0,002269603
0,001801504
0,002084197
0,002270187
0,002709638
0,002410664
0,00159044
0,001843842
0,002448592
0,001999834
0,001665505
0,001820563
0,001788781
0,001985311
0,002041117
0,001792063
0,002128061
0,001597891
0,002231468
0,001972863
0,001775723
0,00190611
0,001884763
0,002573951
0,002496199
0,002538331
0,002367678
0,002573305
0,003795758
0,001672649
0,001739538
0,001694234
0,003865629
0,002553866
0,001855974
0,004575865
0,004497048
0,002128077
0,001879425
0,001999798
0,002452477
0,001956077
0,001635475
0,001906074
0,002646276
0,001538155
0,002120329
0,001726091
0,002448104
0,002322623
0,002437751
0,002753786
0,001592522
0,001950309
0,001834907
0,00190756
0,002081588
0,001920625
0,002229
0,00305657
0,001392039
0,002923199
0,003323823
0,003131764
0,003205874
0,002362512
0,001828095
0,001980995
0,003221234
0,00183859
0,001689438
0,001708894
0,002242921
0,001715695
0,002181366
0,001982368
0,001904723
0,002058223
0,002006139
0,002113273
0,001908472
0,00203996
0,001952712
0,002030814
0,002120426
0,002444609
0,002523599
0,004139421
0,001790069
0,002393323
0,002417692
0,002686951
0,002265046
0,002355812
0,002162297
0,001799546
0,001904774
0,00233263
0,002350082
0,001739596
0,002045173
0,001875854
0,001953489
0,003807909
0,002169322
0,002437806
0,004331905
0,009178809
0,002643853
0,00196928
0,001684683
0,002023237
0,002127375
0,002116409
0,002841906
0,00343564
0,002000501
0,001946746
0,002668993
0,001733742
0,002102826
0,002047783
0,002095235
0,002118038
0,002158211
0,001590502
0,002160003
0,001785338
0,002122881
0,001941959
0,00209142
0,001642823
0,001682116
0,00180337
0,0022423
0,001765589
0,002199234
0,002371433
0,002170385
0,003632346
0,002167259
0,002126004
0,001998426
0,002132055
0,002033671
0,001867624
0,001940471
0,002001675
0,002021161
0,002133578
0,002143247
0,002266323
0,001857409
0,002049851
0,002271774
0,003514177
0,003391152
0,002880306
0,001589795
0,002013829
0,001783546
0,002183593
0,002129618
0,002257775
0,002127918
0,001808484
0,002065001
0,002225216
0,002764495
0,003450575
0,012289886
0,001712521
0,002128955
0,001878269
0,002703146
0,002405584
0,002452879
0,002615197
0,002452917
0,002602842
0,003319095
0,00254161
0,002696802
0,00266376
0,002722089
0,003308394
0,003050357
0,002337029
0,002133907
0,002161288
0,002390262
0,002794144
0,002927269
0,002184717
0,002555935
0,002574444
0,002574352
0,002493373
0,002740888
0,00276797
0,002517976
0,00216431
0,002493654
0,002512536
0,002471352
0,002275185
0,002191914
0,001972781
0,002034801
0,002514171
0,002373458
0,002301229
0,002064832
0,002672281
0,002623599
0,003246863
0,002722095
0,002409125
0,002213541
0,002285463
0,002684105
0,002437063
0,002047947
0,002494219
0,002259182
0,003080507
0,002526811
0,002436699
0,002749751
0,003925744
0,002001068
0,002073746
0,001946296
0,002018412
0,001948431
0,001983641
0,001993703
0,002120445
0,003225386
0,001840374
0,001850491
0,001690726
0,001785596
0,001979863
0,00269589
0,003040323
0,002554416
0,001861468
0,00229381
0,00241233
0,00276214
0,002262304
0,002565137
0,002032012
0,00164811
0,002166993
0,001922622
0,002086956
0,001971121
0,002367789
0,001904704
0,002028429
0,002664762
0,002040326
0,001701598
0,002009017
0,001486758
0,002553356
0,00193365
0,002337152
0,002059779
0,003324815
0,001960085
0,001886392
0,002099214
0,001912652
0,002011688
0,002027329
0,001943751
0,002072267
0,00194855
0,00271882
0,002887997
0,003236837
0,002988685
0,002038021
0,001795522
0,002309602
0,001963902
0,003835147
0,004595499
0,003556379
0,001733337
0,002200414
0,002098015
0,001990175
0,001795036
0,002161106
0,001773328
0,002320228
0,002257286
0,002956481
0,001761838
0,002341168
0,002118325
0,001859324
0,002115136
0,002319727
0,002189437
0,00201999
0,001976802
0,002169258
0,002069537
0,002157589
0,002058976
0,00206369
0,002583681
0,003426518
0,00349591
0,003343308
0,003099139
0,001509444
0,002209236
0,001669784
0,001784251
0,002130185
0,002011663
0,003033372
0,002098003
0,002304287
0,002121885
0,002113764
0,001938088
0,002389071
0,002333772
0,002145386
0,001694757
0,002198534
0,002059905
0,002101188
0,002507819
0,001957747
0,001906592
0,001889375
0,001606698
0,002082692
0,001766261
0,001874257
0,001783095
0,00199884
0,003692696
0,002630394
0,002593143
0,002681271
0,002533848
0,003012579
0,003004251
0,003094059
0,002789036
0,002862443
0,002833877
0,003114284
0,003224563
0,003035779
0,002864709
0,002871649
0,002979359
0,003190723
0,002973876
0,002951644
0,002852919
0,003130912
0,002440608
0,002501753
0,002094022
0,003163067
0,002847187
0,002331338
0,003044831
0,002290339
0,00325156
0,002634163
0,002594001
0,002320962
0,003113889
0,003049577
0,002911669
0,002766762
0,002845562
0,002134038
0,002969658
0,002504419
0,00248641
0,003221841
0,003057146
0,003127331
0,004732674
0,003196114
0,003209232
0,003047634
0,00300223
0,00279598
0,002790588
0,002983523
0,00317106
0,003065031
0,002713137
0,002743429
0,003258668
0,002936789
0,001826287
0,002349318
0,002967045
0,002278651
0,001902529
0,003218969
0,002375327
0,003145863
0,002706885
0,002963435
0,003249346
0,002315402
0,002290325
0,002349019
0,002800575
0,0025779
0,002752155
0,002595597
0,003016018
0,002095122
0,002805655
0,003086518
0,003210349
0,003220899
0,002510598
0,002595043
0,002560482
0,002146655
0,003181895
0,003288569
0,002258612
0,004610959
0,002031271
0,001907394
0,001781885
0,002445285
0,002155378
0,002785876
0,003365063
0,004414234
0,001901576
0,002040565
0,00211403
0,001757101
0,002020886
0,001806735
0,002116663
0,00206463
0,002404839
0,002982627
0,002942924
0,001437274
0,002834018
0,002531022
0,001676717
0,00194322
0,001974031
0,002747688
0,00249721
0,00287397
0,002818797
0,002407272
0,002761378
0,00238945
0,002522436
0,003017936
0,002427063
0,002329646
0,002635242
0,002693073
0,002378388
0,00240902
0,002265057
0,00198068
0,002698147
0,002975971
0,003080971
0,002998121
0,002598542
0,002234809
0,002837683
0,003159277
0,003096756
0,002657371
0,00239462
0,002470279
0,002422167
0,002461023
0,002723584
0,002382779
0,004358492
0,002890177
0,002271222
0,0023752
0,002310832
0,003092884
0,003055922
0,003195035
0,002798719
0,003129692
0,003021535
0,002966021
0,003029472
0,002816583
0,003042015
0,00286153
0,002797065
0,002899688
0,002793241
0,002354077
0,002439788
0,003046484
0,003163716
0,00313828
0,003072449
0,003229838
0,00308101
0,002405041
0,00237694
0,002298518
0,002457358
0,002323219
0,0018945
0,002753854
0,002719161
0,002505251
0,002590992
0,002435524
0,002555712
0,002637515
0,002585842
0,00239601
0,002364004
0,002223181
0,002330717
0,002313398
0,002177253
0,00182059
0,002114491
0,002462188
0,002397943
0,002145295
0,002819185
0,004160319
0,002608031
0,002547159
0,002522029
0,002720025
0,003094653
0,002557239
0,002978044
0,002539302
0,002841463
0,002261417
0,002867577
0,002058773
0,003232765
0,003092789
0,002709314
0,002051613
0,002143063
0,002675638
0,002577904
0,00256133
0,003149457
0,002597541
0,002454054
0,002543212
0,002636087
0,00243781
0,00219592
0,003037863
0,002923788
0,002038624
0,003242322
0,003024863
0,002391936
0,002498637
0,002658972
0,002472963
0,00321061
0,003091103
0,002063563
0,003155204
0,003207297
0,002495972
0,002422917
0,00324919
0,002888045
0,002698523
0,002456417
0,002854549
0,002782095
0,00419267
0,00214173
0,001746947
0,001657595
0,00291838
0,003366511
0,003413437
0,003002195
0,001796121
0,002997072
0,0031819
0,001749363
0,001916277
0,002060672
0,002126478
0,00255876
0,002456347
0,002511969
0,001463187
0,001775335
0,001957828
0,001727966
0,001799681
0,002031025
0,001904931
0,00228845
0,001967678
0,002123468
0,001754975
0,002024587
0,001628796
0,002291222
0,00171839
0,001727702
0,00185031
0,002038972
0,002264244
0,001922798
0,001839249
0,0022956
0,003451865
0,003393044
0,003291876
0,001590317
0,002022632
0,002076056
0,001986476
0,002139
0,002043343
0,002212824
0,001896729
0,001889067
0,0022358
0,001870211
0,001757735
0,002118073
0,001679738
0,001797428
0,001975567
0,00366524
0,002812812
0,002850427
0,002917145
0,001898086
0,001746336
0,00179854
0,001978908
0,001888969
0,001865309
0,002932079
0,00249549
0,001832496
0,001686693
0,001852803
0,001800026
0,001705254
0,002608944
0,002734127
0,00277333
0,001946002
0,002270476
0,002525237
0,001729639
0,001700993
0,001604791
0,001934397
0,001903667
0,001720606
0,002030217
0,002963835
0,001851014
0,001371806
0,001689016
0,001757115
0,001565062
0,001654023
0,001547409
0,001910958
0,002662789
