0,017618717
0,005452227
0,045845719
0,00300689
0,005057911
0,001572325
0,001623344
0,001717185
0,001547403
0,001792212
0,001527955
0,001828437
0,00170286
0,001578683
0,001639879
0,001553947
0,001659614
0,001614207
0,001485966
0,009164836
0,009304654
0,001354467
0,00149665
0,001516776
0,001355454
0,001427835
0,001350927
0,002471499
0,001598695
0,00317798
0,008159328
0,001326826
0,001332618
0,001240449
0,00156628
0,001407728
0,001331192
0,001318337
0,001326027
0,002304004
0,001899893
0,003142691
0,001585301
0,001490562
0,001360986
0,002935329
0,001913036
0,001603429
0,001782226
0,002659786
0,001867532
0,002291248
0,001441499
0,001551809
0,001371446
0,001530531
0,00371437
0,012494258
0,001604093
0,001441679
0,002288104
0,002971192
0,002941177
0,002931194
0,002837034
0,00170773
0,001497896
0,002950933
0,002728767
0,001618617
0,001943169
0,002115319
0,003277617
0,001673197
0,002498138
0,002172432
0,002513331
0,002330471
0,002169809
0,002049915
0,01145276
0,001832731
0,001889636
0,002044048
0,001743219
0,00213165
0,002225749
0,001982506
0,001670191
0,00226407
0,002379114
0,001958804
0,002273522
0,00234827
0,002247463
0,003826775
0,002673317
0,002017469
0,002247324
0,002327365
0,001751576
0,001667193
0,001918787
0,001903076
0,002232797
0,002644969
0,002108542
0,002428033
0,002162563
0,002331779
0,001782988
0,002384291
0,002587159
0,002995915
0,003115719
0,001873962
0,002256543
0,002343557
0,002247079
0,002382238
0,002140073
0,001767211
0,00201711
0,002036885
0,002306105
0,002210238
0,002466663
0,001976191
0,002012505
0,001730068
0,001942151
0,003704087
0,001835062
0,001702806
0,002427706
0,002350536
0,002000906
0,001802578
0,001963808
0,003546197
0,001578176
0,001991364
0,002345322
0,003014245
0,004566722
0,003027623
0,001940686
0,002446869
0,002291665
0,002325192
0,001896408
0,001592729
0,002450453
0,00206992
0,002096224
0,00195528
0,002249515
0,002549658
0,002457726
0,002426111
0,001774784
0,002353798
0,002121216
0,002309984
0,002685916
0,002648805
0,002714082
0,002408499
0,002103485
0,002547135
0,002130988
0,002328989
0,002479445
0,002273075
0,002025536
0,002222241
0,002378777
0,002307799
0,002356724
0,002277201
0,003992875
0,002426429
0,002324201
0,002230669
0,00220945
0,001860819
0,001941802
0,002371879
0,002614456
0,001600103
0,002057587
0,004706119
0,004583441
0,001684022
0,002268903
0,00198447
0,001750164
0,002293858
0,002019587
0,002774049
0,001861849
0,002156313
0,001891413
0,001948343
0,001711748
0,002028933
0,001795549
0,002131639
0,002095079
0,002245356
0,003139937
0,002112724
0,001779724
0,002075657
0,001819177
0,002345562
0,001743562
0,002509231
0,001512562
0,002123087
0,002358504
0,001874378
0,001953032
0,002410822
0,001883319
0,002133304
0,002346413
0,002080182
0,003000378
0,002649611
0,00155998
0,002812478
0,001524106
0,002032826
0,002350688
0,002241984
0,001975944
0,002024164
0,002001558
0,002036634
0,002360492
0,003415576
0,003538969
0,003428459
0,003302546
0,0016395
0,002519616
0,002363457
0,002105939
0,002134264
0,002305747
0,002224808
0,002373391
0,002377659
0,002822406
0,002537092
0,002619417
0,002712101
0,002385445
0,002267197
0,001618971
0,00229311
0,00258142
0,002289657
0,001856182
0,001976093
0,001736126
0,002003875
0,002175334
0,00233192
0,003011278
0,003398157
0,002234846
0,00198266
0,002010596
0,00205077
0,002145922
0,001873569
0,002203534
0,001578829
0,00212297
0,00196441
0,001876504
0,001893463
0,002025258
0,002684379
0,001629102
0,002351081
0,002191093
0,002128139
0,001734054
0,001724227
0,00245054
0,002325162
0,00242459
0,002701932
0,002143341
0,002635294
0,002486906
0,002288184
0,002048474
0,002393886
0,002665804
0,002431434
0,002536105
0,002473959
0,00226361
0,002413687
0,002026404
0,002820571
0,002216743
0,002126366
0,002112081
0,001934929
0,002325406
0,003653042
0,002438133
0,002825676
0,003262655
0,002194777
0,001534539
0,002518912
0,001952871
0,002009874
0,002063816
0,001882478
0,002166498
0,001787815
0,003328258
0,004587017
0,004258974
0,00172899
0,00220257
0,002069727
0,002054981
0,002778378
0,002914152
0,002337161
0,001664389
0,002056481
0,00217616
0,001988683
0,001911621
0,001831889
0,00227139
0,0021415
0,002017062
0,001956359
0,001742453
0,001835905
0,002669398
0,003412235
0,002490444
0,001578242
0,002178794
0,00291326
0,002522056
0,002315591
0,00255802
0,001707484
0,002213727
0,002496884
0,002241372
0,00171138
0,002498666
0,003409745
0,001872843
0,002217985
0,003435027
0,001951565
0,001985082
0,002047951
0,002197358
0,001884557
0,002204816
0,002308543
0,002586388
0,002244879
0,002086647
0,002029404
0,002528484
0,001615819
0,002670776
0,002195435
0,001906154
0,002585278
0,002817426
0,002210308
0,002225401
0,002298084
0,002316402
0,001451239
0,002040467
0,002358179
0,002271161
0,001399414
0,002171108
0,001926448
0,001974045
0,001788737
0,001829984
0,001988736
0,001925915
0,001952051
0,001745602
0,002309735
0,002446583
0,002368422
0,002620176
0,002425215
0,002210441
0,003911473
0,002058191
0,002327439
0,00198584
0,00195946
0,002365753
0,002323578
0,002353472
0,002270021
0,002319837
0,00392446
0,002350507
0,002537622
0,012133425
0,002516453
0,002386803
0,001806645
0,001692645
0,001866346
0,002600355
0,002003852
0,002193034
0,002529363
0,001937074
0,00212366
0,001794642
0,002097234
0,001995662
0,001530019
0,002424578
0,002800965
0,003297881
0,003246646
0,002973932
0,001914904
0,001927938
0,001999331
0,001924215
0,002221108
0,001614426
0,002375681
0,001872645
0,00192847
0,002054649
0,002205034
0,002270297
0,002190759
0,002309169
0,002333299
0,004153948
0,002080531
0,002010259
0,001882593
0,001471317
0,002231607
0,002353537
0,003750731
0,001946241
0,002273989
0,001902606
0,001872707
0,002075344
0,002235775
0,002348361
0,002550231
0,002700367
0,002241769
0,002311639
0,002511209
0,002381992
0,002554871
0,001786395
0,003324399
0,004574041
0,005448997
0,005115992
0,001773348
0,002189569
0,001752036
0,002405329
0,00198255
0,002324544
0,002543246
0,00267017
0,002315961
0,001790732
0,002231872
0,00210873
0,004448544
0,004641121
0,00183984
0,002371885
0,001735038
0,002127788
0,002479824
0,002236895
0,002784822
0,002766228
0,003581099
0,005103763
0,003515672
0,001877888
0,001964171
0,002402005
0,001988252
0,001731376
0,001673379
0,001825896
0,00191084
0,00204795
0,002179899
0,002245906
0,002075053
0,001846733
0,001958774
0,001600339
0,002328065
0,002291823
0,002339021
0,002491676
0,002377713
0,002676197
0,002327434
0,002260089
0,002358013
0,00232375
0,002275914
0,001830079
0,002208901
0,003113779
0,002449099
0,00156731
0,002013933
0,002297595
0,001985673
0,002239109
0,004166796
0,002170337
0,001752876
0,002102561
0,001865033
0,001805897
0,002256357
0,00208537
0,002046505
0,002645924
0,001567155
0,001905036
0,002286223
0,002307242
0,001867454
0,00212799
0,002312183
0,001782286
0,002255824
0,002059152
0,002131726
0,002573211
0,003415197
0,003244497
0,001478502
0,002026623
0,002485222
0,002242732
0,002276083
0,002754728
0,002018537
0,002156323
0,002056561
0,00188504
0,002152194
0,002104039
0,002710984
0,002255875
0,001790857
0,001747475
0,002091445
0,002096033
0,002818816
0,002302682
0,003060266
0,002127705
0,001918196
0,002068685
0,001856273
0,002573952
0,002949315
0,002431232
0,002182566
0,00222964
0,002108632
0,002064105
0,002455742
0,002029166
0,002060872
0,002102244
0,002175678
0,002252641
0,002259723
0,010531229
0,002878801
0,004563132
0,003668226
0,004363667
0,004566508
0,004132439
0,003520527
0,00440577
0,004488649
0,004338589
0,005398103
0,002228052
0,00196647
0,001906591
0,001931552
0,002133203
0,002125737
0,002185641
0,005670912
0,005646068
0,002110498
0,002324153
0,003213454
0,003395183
0,003149614
0,001843647
0,001758096
0,002243413
0,002290998
0,002273046
0,002222431
0,001821415
0,001910683
0,002271578
0,002266939
0,002060642
0,001955204
0,003033062
0,003047268
0,002333322
0,001996394
0,002614335
0,003008972
0,003064919
0,003323557
0,002459811
0,002446273
0,00224666
0,002384616
0,002734609
0,002490846
0,002924867
0,003174797
0,002987099
0,002222636
0,00187681
0,002261256
0,001916135
0,002102709
0,001717939
0,003329714
0,001734643
0,002267771
0,002568638
0,002839395
0,001888904
0,001956206
0,002517188
0,001919189
0,00231715
0,002367279
0,002528618
0,002538447
0,002551425
0,002715518
0,002837865
0,002314319
0,004602969
0,00392649
0,001811633
0,002254195
0,002015444
0,00251328
0,002306917
0,002151531
0,002071923
0,002081037
0,002183574
0,002505965
0,003206598
0,003002782
0,001933263
0,001741291
0,001909122
0,002137047
0,002622054
0,002111835
0,002222125
0,002189232
0,003376443
0,003168507
0,001982856
0,001575819
0,002540064
0,002126385
0,002303939
0,002040301
0,002544477
0,002208419
0,00257152
0,001692278
0,001532492
0,007193577
0,006326457
0,001599042
0,002774314
0,002390881
0,002703971
0,002555877
0,001822169
0,002178982
0,002591366
0,00225405
0,002907701
0,002454154
0,002342311
0,002555594
0,002013229
0,001725886
0,001859941
0,002028127
0,001840013
0,001935584
0,001719936
0,00309416
0,003036751
0,003234505
0,002351226
0,001541168
0,002047985
0,00234397
0,00194868
0,002430643
0,00223824
0,002456577
0,004297953
0,002735365
0,00214121
0,001732605
0,001774858
0,002293566
0,00292367
0,003123641
0,001966931
0,00214333
0,001775021
0,001874034
0,002387462
0,001990458
0,002060278
0,002022406
0,001685435
0,0024752
0,002445224
0,002210209
0,002112184
0,001942317
0,002383104
0,002170869
0,003131117
0,003154828
0,0032704
0,003473567
0,001686378
0,002208396
0,001847323
0,002074896
0,002182934
0,002956272
0,00251376
0,002257978
0,00223286
0,002380311
0,002185225
0,001597551
0,001888562
0,002472318
0,00211532
0,003536381
0,00478491
0,001501755
0,002172613
0,00223035
0,001884735
0,001769739
0,001911545
0,002121485
0,002366784
0,0019259
0,001689349
0,002705432
0,002315488
0,001763456
0,002504148
0,002129902
0,001563282
0,001985023
0,002418633
0,00221597
0,002154654
0,004549224
0,001801793
0,001782018
0,001824736
0,00313036
0,002125535
0,001768999
0,004507265
0,004847095
0,004200972
0,001589394
0,001835657
0,001729319
0,002353081
0,001896438
0,002028812
0,002293913
0,002052722
0,002443899
0,001937521
0,002179405
0,001930545
0,003405282
0,004831012
0,004974126
0,003037826
0,001729103
0,002226121
0,002283155
0,001973616
0,001970564
0,002054971
0,002299129
0,002832167
0,002338777
0,002754991
0,001565683
0,001757609
0,002118462
0,002285306
0,001758275
0,001988835
0,001916117
0,002269643
0,002370417
0,00217449
0,001981762
0,001797641
0,003039138
0,002890062
0,002984856
0,001564328
0,001687145
0,001973555
0,00210465
0,00193929
0,002118092
0,00186427
0,002548756
0,001847038
0,002342456
0,001486632
0,002530603
0,003564339
0,003778061
0,002221449
0,001828079
0,00221646
0,002990578
0,003054552
0,003149712
0,001853821
0,002363176
0,001982558
0,002398044
0,001746873
0,002266964
0,002314858
0,003452398
0,002162222
0,001625196
0,0029779
0,001466568
0,002215246
0,001902066
0,002245391
0,001993914
0,001998465
0,002236761
0,001771339
0,001924244
0,00189195
0,002865243
0,00198158
0,002164856
0,00271707
0,002297346
0,001989269
0,002172828
0,001601189
0,002098737
0,00198797
0,002659366
0,003227268
0,00150057
0,002197163
0,002391006
0,002504317
0,002416205
0,002174046
0,002290224
0,002123165
0,001987714
0,002231346
0,00285704
0,003405904
0,002817816
0,002092844
0,001846784
0,002978943
0,002724494
0,00180979
0,002016635
0,00428819
0,001758435
0,005069246
0,002077246
0,00211852
0,001921991
0,002220422
0,001947943
0,002366213
0,002204376
0,002217007
0,001855936
0,003357709
0,002712577
0,001536511
0,001722447
0,002072659
0,001942261
0,001813233
0,002103863
0,00210763
0,001881598
0,001781067
0,002622882
0,00185299
0,001815245
0,002677974
0,002478273
0,001938597
0,002150222
0,001659351
0,002061313
0,002097101
0,0024061
0,002421369
0,001596684
0,002638292
0,001655159
0,002862629
0,002454095
0,002559509
0,002568683
0,001510359
0,00214046
0,002076537
0,002253908
0,002785014
0,001741301
0,001837032
0,002074678
0,002300328
0,001706437
0,002330838
0,002837991
0,002914147
0,001947055
0,002282045
0,001937903
0,002982106
0,002834075
0,002130386
0,001890423
0,002483232
0,002165049
0,001914639
0,001921812
0,002108601
0,001876604
0,002030064
0,002316115
0,00290145
0,001602264
0,004258906
0,00231009
0,002040091
0,002161853
0,002326075
0,002050077
0,001907725
0,002285471
0,002947337
0,001644319
0,002080395
0,001768451
0,00194159
0,003906882
0,002031737
0,002320276
0,001970355
0,002172906
0,002164813
0,002611998
0,002000785
0,002369064
0,00458746
0,00920753
0,002208117
0,002824408
0,002298022
0,002120887
0,002356837
0,00211453
0,001959595
0,003411708
0,003489082
0,002517039
0,001730343
0,001893254
0,002059813
0,002286309
0,002016557
0,002201927
0,002415479
0,002635268
0,002438807
0,002391465
0,002143981
0,001704636
0,002631292
0,002030408
0,001880665
0,002180369
0,003022685
0,003404616
0,003074438
0,004383795
0,00227684
0,002344238
0,002915054
0,002199177
0,002455811
0,001942294
0,001985599
0,002905922
0,004478972
0,004601445
0,003219318
0,00171675
0,003796858
0,001931364
0,001673349
0,001968975
0,001704149
0,002823102
0,002886083
0,003061468
0,002341727
0,001647886
0,002244493
0,002099914
0,002030509
0,002241828
0,001920422
0,002115379
0,005377263
0,002127396
0,002354735
0,002250334
0,002212604
0,001786527
0,002154298
0,002185496
0,002630209
0,002584772
0,002138095
0,001968851
0,002043856
0,00216941
0,003176485
0,001688343
0,001749248
0,002032628
0,002060358
0,002130806
0,00196339
0,001913201
0,002056319
0,002194314
0,001943094
0,002035043
0,002970932
0,002725645
0,002454706
0,002831821
0,002359757
0,001839102
0,001742427
0,00206497
0,002235053
0,002064689
0,00244753
0,002198081
0,002195668
0,002530826
0,002492242
0,002217269
0,001876872
0,002241245
0,001717494
0,002009056
0,002070892
0,001747123
0,001965812
0,002101484
0,003881469
0,001991647
0,002475091
0,00230016
0,002631457
0,002492809
0,001900061
0,001921301
0,002492228
0,00284785
0,002052427
0,002498224
0,002456556
0,003121596
0,003101601
0,001834386
0,002001282
0,002009249
0,001788286
0,002196551
0,002184892
0,002724468
0,00210097
0,002566524
0,002931518
0,002071424
0,002234092
0,001732274
0,003012828
0,003195914
0,002856796
0,001571083
0,002377132
0,001531831
0,002025256
0,003019594
0,003056803
0,003223173
0,003565985
0,001941483
0,002299338
0,002230442
0,002121663
0,002567292
0,001758059
0,001963215
0,002097978
0,002186677
0,00222514
0,002411116
0,002114688
0,002303492
0,001923884
0,00223788
0,002521742
0,002303801
0,002240879
0,002360156
0,002491452
0,001854261
0,003964797
0,00222458
0,002141474
0,002337661
0,002304151
0,001979759
0,002076611
0,00210814
0,002415924
0,002244177
0,00312118
0,003228315
0,002632572
0,002082234
0,002813066
0,00294298
0,002428988
0,003050423
0,002733743
0,003418311
0,002375075
0,002730995
0,002886169
0,003245632
0,002300635
0,003110849
0,00346986
0,002807208
0,002717805
0,002485146
0,003328169
0,003247876
0,003015447
0,002324115
0,00255492
0,002551809
0,001901424
0,002799091
0,002783781
0,002767991
0,002767851
0,003106829
0,002627107
0,00273042
0,002846376
0,003075627
0,002655057
0,00263405
0,002909377
0,002178091
0,002666232
0,00267901
0,002454129
0,004316928
0,002804284
0,002725628
0,002625887
0,002293079
0,00237744
0,003018584
0,002555341
0,002576176
0,002814242
0,002936794
0,002871271
0,003145686
0,003155797
0,00291588
0,003109273
0,002487603
0,002986651
0,002621529
0,002501263
0,002770118
0,002572627
0,002207226
0,002687568
0,002579143
0,002598244
0,003161362
0,002052446
0,002842348
0,003328777
0,003047982
0,003035255
0,003151861
0,003337886
0,003298577
0,002576438
0,002661983
0,002495492
0,002080056
0,002021274
0,003079783
0,002218016
0,00259216
0,002318077
0,002781331
0,00319098
0,002528989
0,002557446
0,002123771
0,002949612
0,004662004
0,002144208
0,00222785
0,002052066
0,002404919
0,002223745
0,002591715
0,002798752
0,003237945
0,003266713
0,003152482
0,00255333
0,002570626
0,002992293
0,002197679
0,002679994
0,002614111
0,002877624
0,003108625
0,001981315
0,003048268
0,003110304
0,003073752
0,003301868
0,002909541
0,00310322
0,002533697
0,003020371
0,002410729
0,002728127
0,002751339
0,002472924
0,002690974
0,002609206
0,002541251
0,002511001
0,001867146
0,001943011
0,002085756
0,002169409
0,002659883
0,002871096
0,002405105
0,003249198
0,002413338
0,002703012
0,003075035
0,0024848
0,00377386
0,001974889
0,002629453
0,002339965
0,002128457
0,001640204
0,001887365
0,002950474
0,003207713
0,002254047
0,00180692
0,002184055
0,001835988
0,00167908
0,002198219
0,004427933
0,004563311
0,001920123
0,002378616
0,002132611
0,002170441
0,002265681
0,002164824
0,001728772
0,001981816
0,002049987
0,002506001
0,002396409
0,002229617
0,002208581
0,002445721
0,002440046
0,003060667
0,001782096
0,002247101
0,002466808
0,002227802
0,002791659
0,002817723
0,002340653
0,001495025
0,00209921
0,002570011
0,002381299
0,001846984
0,002013388
0,002036958
0,002020762
0,002035418
0,001723366
0,002221523
0,00194094
0,003769431
0,003365037
0,003008262
0,003256667
0,002815877
0,001773355
0,003837869
0,002753655
0,001864337
0,002173865
0,002140834
0,002342042
0,00194149
0,001927793
0,001717362
0,002178379
0,002335793
0,002417996
0,001911744
0,002280971
0,002295813
0,002202448
0,001673781
0,002075219
0,002128529
0,002016482
0,002444767
0,002289875
0,001962582
0,001874468
0,002917749
0,002978126
0,003212584
0,002906653
0,001756686
0,002249032
0,002113272
0,002624302
0,003218926
0,00343989
0,003360295
0,00243965
0,002004402
0,002076298
0,001965282
0,002357331
0,002702919
0,002313115
0,002373562
0,002494972
0,002085018
0,001598335
0,001809413
0,001967244
0,002783612
0,001721453
0,003133506
0,00185974
0,002259067
0,002112741
0,002450168
0,002402381
0,004040633
0,002598697
0,002023896
0,001865454
0,00233285
0,002484013
0,001486538
0,002166944
0,002027522
0,001911822
0,002747894
0,002585879
0,002527015
0,002232689
0,001804028
0,002425812
0,002274078
0,002775855
0,003471513
0,002381089
0,001835327
0,002409655
0,002385414
0,002528461
0,002263902
0,002199493
0,002066236
0,001921086
0,002292176
0,002055284
0,002047713
0,002863963
0,003314074
0,002328797
0,00215006
0,001951352
0,00177239
0,002069931
0,00200156
0,00239221
0,00196353
0,002054568
0,002141943
0,002236516
0,002529581
0,002108586
0,002129736
0,002362437
0,001992111
0,002132399
0,001783969
0,001931235
0,002097332
0,002634774
0,002509682
0,001902158
0,002080798
0,00265854
0,002401072
0,002486048
0,002529229
0,002396631
0,001635211
0,002169479
0,001904407
0,001915371
0,002243318
0,002380826
0,002477864
0,002181992
0,002237268
0,001899908
0,002014678
0,003510296
0,002324628
0,001415872
0,002549463
0,001873976
0,002611091
0,002621703
0,00257174
0,002568412
0,002009642
0,003284766
0,002582499
0,002347249
0,002038731
0,002577229
0,003222061
0,001755683
0,001875757
0,002077125
0,002507515
0,002058234
0,001965647
0,001836775
0,001853772
0,001652809
0,002126278
0,001989977
0,002194597
0,002073455
0,001782907
0,002106056
0,002127433
0,002041276
0,002110613
0,001906327
0,002251257
0,001867577
0,001910701
0,001941775
0,001986098
0,002281423
0,001784032
0,002287018
0,002254097
0,001934266
0,002330609
0,00194321
0,002344741
0,001721641
0,002491629
0,002270814
0,001802868
0,002418645
0,001874471
0,002245727
0,00250406
0,002181691
0,002112804
0,001637527
0,002463724
0,001965198
0,002297153
0,00204675
0,002504212
0,002068842
0,00162574
0,002376125
0,002913981
0,001613294
0,002052036
0,002245125
0,00415244
0,001726142
0,001932533
0,002149277
0,002104453
0,00325971
0,004655348
0,004619897
0,002946044
0,001777407
0,002005932
0,00165948
0,001966608
0,00188183
0,002624821
0,002205627
0,002485531
0,001903974
0,001935272
0,002505812
0,002124734
0,001869797
0,002424352
0,002992996
0,002969213
0,001520686
0,00205415
0,002155251
0,002564904
0,002165006
0,002132317
0,001656659
0,002048417
0,002083566
0,002452121
0,002108133
0,002401236
0,001985637
0,001549201
0,002245001
0,002468596
0,003183898
0,003019103
0,002906968
0,003227732
0,002457066
0,001821737
0,002402729
0,002235851
0,002205498
0,001909232
0,003169024
0,00301389
0,00336934
0,00334852
0,001471645
0,001810729
0,002019811
0,002796965
0,001589386
0,003385324
0,004574005
0,004573107
0,002469279
0,001719787
0,002360381
0,002239011
0,004017851
0,002267279
0,001806771
0,002060399
0,001694267
0,002473718
0,002727514
0,001520746
0,002079937
0,001672488
0,004285987
0,004541666
0,002427075
0,002388642
0,002567586
0,002347066
0,001929403
0,002868629
0,002156635
0,002737237
0,002777289
0,003135845
0,003433616
0,002223921
0,002787691
0,002664138
0,002639104
0,003139642
0,002095757
0,00275926
0,002360928
0,002970342
0,003339242
0,002245653
0,002223777
0,002692043
0,002810911
0,002560845
0,002183201
0,00267671
0,002691459
0,002270561
0,002905363
0,002399249
0,00216931
0,002885667
0,002735402
0,002505063
0,002491824
0,002424554
0,002530252
0,00240546
0,003139458
0,002438893
0,002425766
0,003198627
0,002578534
0,002641928
0,002349791
0,002360341
0,002050718
0,002031377
0,005006008
0,002654905
0,00227187
0,002512213
0,002392559
0,003092765
0,002874559
0,00204906
0,002253899
0,003386724
0,002435705
0,00250843
0,002163036
0,002507766
0,003275222
0,002993196
0,002996221
0,002725686
0,003230968
0,002749828
0,002232511
0,002670306
0,002772961
0,002176286
0,002523792
0,002566407
0,003252122
0,002531757
0,002882
0,00302676
0,002530904
0,003073368
0,002536853
0,002394418
0,002589217
0,00263525
0,002079252
0,002714683
0,002234116
0,00324406
0,002671944
0,002610202
0,00258325
0,00248769
0,002731387
0,003241738
0,003286722
0,002579497
0,002453134
0,002804812
0,003155936
0,002059491
0,003133265
0,003356654
0,004688552
0,002657992
0,002675756
0,003420308
0,002158355
0,002725033
0,002367529
0,002114922
0,002890162
0,003426445
0,002736956
0,002166802
0,002173014
0,002250007
0,003173771
0,002164013
0,00256377
0,003315777
0,002671664
0,002839795
0,00232207
0,003224872
0,002853602
0,002620801
0,002702761
0,002409035
0,002183746
0,002198351
0,003277588
0,002376625
0,002762792
0,002595478
0,002569914
0,002626529
0,003011241
0,00325839
0,002748814
0,002765754
0,002498184
0,00226585
0,002757812
0,003001038
0,00304497
0,002174659
0,003426926
0,003464417
0,003300656
0,002699547
0,003181974
0,002148353
0,002700478
0,002528268
0,002699158
0,002851891
0,002606868
0,002539257
0,002720253
0,003308378
0,002654984
0,003079446
0,002057055
0,002575753
0,002750163
0,002337082
0,002519495
0,002156695
0,003841791
0,001965241
0,001858819
0,001965882
0,002106907
0,00192468
0,001880564
0,002372561
0,001985114
0,001945847
0,002168721
0,002188776
0,002393897
0,002410218
0,001944934
0,002108906
0,001905207
0,001958361
0,002946663
0,001962607
0,002345343
0,00256503
0,002122091
0,002128642
0,00186843
0,001877396
0,001876071
0,003549303
0,00292297
0,001870461
0,001932096
0,00199438
0,002352102
0,001535057
0,001933969
0,002228316
0,002181711
0,002591945
0,002046038
0,002293587
0,002031154
0,002020245
0,002062703
0,002175673
0,001763054
0,002205852
0,003059903
0,003372066
0,00301496
0,00306132
0,001881934
0,001835493
0,00211004
0,002006964
0,001806161
0,002386709
0,001955223
0,001999235
0,003946584
0,002471142
0,001847752
0,002023178
0,002206389
0,001991767
0,001651409
0,002066499
0,001978091
0,002244662
0,00191716
0,002331825
0,002273658
0,001896984
0,004156416
0,00294378
0,002438145
0,001950366
0,001878769
0,001739597
0,002128527
0,002239117
0,001903356
0,002306033
0,00239153
0,002272382
0,002333231
0,002637361
0,002547894
0,002276109
0,002295657
0,001432432
0,002126449
0,002053615
0,00185125
0,002002254
0,001804101
0,002987336
0,004628312
0,004547884
0,001899004
0,002090289
0,00239483
0,001791811
0,002129389
0,001863017
0,001936201
0,002887807
0,00154559
0,002224661
0,0019257
0,002393238
0,002063517
0,002488682
0,002168674
0,002296819
0,00264636
0,002325048
0,0020977
0,001804135
0,002645321
0,002336305
0,002316892
0,002327663
0,002287977
0,002158379
0,001479996
0,00220074
0,002332539
0,002012369
0,002695528
0,002164923
0,002509166
0,003289733
0,002844886
0,002861269
0,001820377
0,002334676
0,002317797
0,002256529
0,001742562
0,002068743
0,002748747
0,001907409
0,002045415
0,002361839
0,002366916
0,003631918
0,006076506
0,001946667
0,001929406
0,002501389
0,002257167
0,002593131
0,002397388
0,002442059
0,002045017
0,002664032
0,001693219
0,001860647
0,002390124
0,002330026
0,0025569
0,002262425
0,002296171
0,002480811
0,002110031
0,00235505
0,002188672
0,002423287
0,001834131
0,001755471
0,001900189
0,002559743
0,002187465
0,002262095
0,002340621
0,002615291
0,002048437
0,002098078
0,001975527
0,001783429
0,00231364
0,002090176
0,002251829
0,001957005
0,002223241
0,002445581
0,003126554
0,00326241
0,003097134
0,001599562
0,001926706
0,002075545
0,001943232
0,001799941
0,001942298
0,001734209
0,001890603
0,002288684
0,002130285
0,00207928
0,002356446
0,001929005
0,002587438
0,002126264
0,002381679
0,002964835
0,002319244
0,002038466
0,002398547
0,00268042
0,002538859
0,002063392
0,001969987
0,002065709
0,002059631
0,002014486
0,002098475
0,001814016
0,00461464
0,002318115
0,001711501
0,001809859
0,00202538
0,002029962
0,002233466
0,002297411
0,002561997
0,002330938
0,002584186
0,002105731
0,002503754
0,002241589
0,002582818
0,002304109
0,002359977
0,001962487
0,002103801
0,001661056
0,002133242
0,002670558
0,003454354
0,001914244
0,002123036
0,001982218
0,001970148
0,001932027
0,002051983
0,00227872
0,002269746
0,001529034
0,002505419
0,002304125
0,00235923
0,002767206
0,002365585
0,002335807
0,001685733
0,001986608
0,002693805
0,002180205
0,002106539
0,002457912
0,001844076
0,001796324
0,003343861
0,001508233
0,002963148
0,00299861
0,003469522
0,003357342
0,002464867
0,001944761
0,002149201
0,00233718
0,002374212
0,002318803
0,001636526
0,002216526
0,001734963
0,002828481
0,00147044
0,001999481
0,002604673
0,002920719
0,002938994
0,001905579
0,002028281
0,002067243
0,002144235
0,002249461
0,002178505
0,004698658
0,005096362
0,002207557
0,002315838
0,002492481
0,003075759
0,002749584
0,00302905
0,002410813
0,002360488
0,002686065
0,002897666
0,003063572
0,003276895
0,001852133
0,002288261
0,00347627
0,003459189
0,003504933
0,002642021
0,00183592
0,002315054
0,002053618
0,002065562
0,001884382
0,001892905
0,002165135
0,001940038
0,002124706
0,002092623
0,00222728
0,001725545
0,002621561
0,00231199
0,001851036
0,001891404
0,002394791
0,002362258
0,002140176
0,001943394
0,002151168
0,001908191
0,002129199
0,002377804
0,002241393
0,002435662
0,001594455
0,00300364
0,00225181
0,002333279
0,001912117
0,001910135
0,00224081
0,002005977
0,001907547
0,001842067
0,002238842
0,001903353
0,002532433
0,002031662
0,00217813
0,002243086
0,002248222
0,002255671
0,002438718
0,002377325
0,002600161
0,002447572
0,001353933
0,001859049
0,00241886
0,002381776
0,003725553
0,002115864
0,004019474
0,004526308
0,002350422
0,001848726
0,002275463
0,001989386
0,002567137
0,002093703
0,002129017
0,002539657
0,001751979
0,002302055
0,002591435
0,002480314
0,002858287
0,002621494
0,001907749
0,001888355
0,002067458
0,002141402
0,001863641
0,001983145
0,002314761
0,002964488
0,001500356
0,003286576
0,003093612
0,003400208
0,003350129
0,00207079
0,001916675
0,003300938
0,002307165
0,001696139
0,002692717
0,002446063
0,001881114
0,002604862
0,00215483
0,002273854
0,00214357
0,002291706
0,001897225
0,002269531
0,001867567
0,002426611
0,001808714
0,002283765
0,001733641
0,004125595
0,001965931
0,002576754
0,002211226
0,00268151
0,002362213
0,002498905
0,004340711
0,002534618
0,002447188
0,002258852
0,002013827
0,00191496
0,002022259
0,002257238
0,003941489
0,002347767
0,001817087
0,006736055
0,008170509
0,001432437
0,002363047
0,002470472
0,001713357
0,00201751
0,002469336
0,003217853
0,001847908
0,001821854
0,002067814
0,002574074
0,001974707
0,002340793
0,002166502
0,00223268
0,002096036
0,001780174
0,0021634
0,00210885
0,002304591
0,001727701
0,001792908
0,001933722
0,002262335
0,002217367
0,002947192
0,001625669
0,00229258
0,001779362
0,002312002
0,00286308
0,001495459
0,002174837
0,001836021
0,001946338
0,002103449
0,002259009
0,002252089
0,002227644
0,00207738
0,002123049
0,002001362
0,002369109
0,00160157
0,002465992
0,001674861
0,002351447
0,003241833
0,003119025
0,002313653
0,001807316
0,00238533
0,002017135
0,002137271
0,002030847
0,001942266
0,002157531
0,002208707
0,001889434
0,002084266
0,003372461
0,013564853
0,001478955
0,001745952
0,002359585
0,002170804
0,002581278
0,002588367
0,002454
0,002247302
0,002897169
0,002077376
0,002739505
0,003318839
0,002624908
0,003250013
0,00283705
0,002461117
0,002616824
0,002372708
0,002238885
0,00277833
0,002401495
0,002622638
0,002368367
0,002504564
0,002255625
0,003231904
0,002974216
0,002602039
0,002724734
0,002557855
0,002185242
0,00252919
0,002642624
0,003028991
0,002462295
0,002247219
0,003289102
0,003188044
0,003050221
0,002335955
0,002700687
0,003154688
0,002120444
0,002721419
0,002484712
0,002560967
0,002500002
0,003221052
0,003201178
0,002686583
0,002791446
0,002531374
0,002494119
0,002488482
0,003095518
0,004130304
0,002039918
0,001826413
0,001872327
0,002504003
0,002150098
0,002455136
0,002101044
0,002471962
0,004209656
0,001652622
0,002138795
0,002017901
0,00169091
0,002651939
0,0030353
0,002809635
0,002098953
0,002578356
0,002516668
0,002451366
0,002360329
0,002250739
0,001799726
0,001847789
0,00215608
0,002504312
0,002078129
0,002018282
0,001781479
0,00221995
0,00232808
0,002721681
0,002168552
0,002371761
0,001679944
0,002668001
0,00167639
0,002501042
0,001699523
0,002598681
0,002853689
0,001493856
0,002306612
0,002277451
0,002228802
0,002151332
0,001826225
0,002325371
0,001955709
0,002254181
0,003277577
0,002982997
0,002921211
0,002307265
0,001666231
0,002366364
0,001882571
0,00490549
0,006439629
0,001355338
0,002087535
0,002226774
0,00206077
0,001986904
0,002301558
0,001693571
0,002203938
0,002601372
0,002006447
0,002418431
0,00261452
0,001597816
0,002159733
0,002125736
0,002740519
0,00221988
0,001626056
0,002273073
0,001799035
0,002212704
0,001972745
0,002057638
0,00180022
0,001864057
0,002841941
0,003209062
0,003457956
0,003547036
0,003056932
0,001675414
0,002189574
0,00196654
0,002089732
0,002096517
0,00303917
0,001949671
0,002213872
0,002542217
0,001621924
0,002350257
0,001857064
0,0021483
0,002074837
0,001718883
0,002095306
0,002395521
0,002054943
0,001972476
0,002289305
0,001842272
0,001906335
0,002039701
0,002965245
0,001915024
0,002241484
0,001868934
0,00172105
0,003770152
0,002267963
0,002492556
0,002634864
0,002574099
0,002980649
0,003027691
0,002467441
0,002470971
0,002764031
0,002776238
0,003103045
0,002903226
0,00308853
0,003066499
0,003023989
0,002917021
0,003160302
0,00290863
0,003085686
0,002803601
0,002784222
0,003053756
0,003409207
0,002749773
0,002353661
0,002261471
0,002091257
0,00192079
0,002980009
0,00328585
0,002668592
0,00317369
0,002925867
0,003122351
0,00186416
0,00288936
0,00293658
0,002376658
0,002557782
0,002935751
0,002934558
0,002593883
0,002558017
0,002662189
0,002964403
0,003063498
0,004820824
0,003257664
0,003157332
0,002995946
0,002813167
0,002917758
0,003046994
0,002865043
0,003138903
0,003065117
0,002647787
0,002233955
0,002480789
0,002972681
0,001808983
0,002295328
0,002415932
0,003026018
0,003001756
0,00321189
0,002888456
0,002343539
0,002392666
0,002369273
0,002464447
0,002317698
0,002145552
0,002140864
0,003257739
0,002464807
0,002150766
0,003142212
0,002042293
0,002605974
0,002666187
0,003297638
0,0031298
0,002600262
0,002529717
0,003323955
0,002697424
0,002616032
0,002484042
0,002634063
0,002776612
0,002712649
0,003892002
0,002279135
0,002000801
0,002785009
0,002107695
0,002177617
0,003161257
0,003196688
0,002154743
0,001888261
0,0020776
0,002273426
0,002078439
0,002601039
0,002646722
0,002126881
0,001955406
0,003147267
0,002980128
0,001692946
0,002860882
0,003116196
0,002332353
0,002386613
0,002990266
0,002315188
0,002420424
0,002746678
0,002290259
0,002459344
0,002845945
0,002641859
0,0023655
0,002474808
0,002532951
0,002390304
0,001743067
0,002060717
0,003167952
0,002874506
0,002566491
0,002253907
0,002331438
0,00215207
0,002463411
0,002382366
0,002844744
0,002624966
0,00289178
0,00306223
0,002515437
0,0032413
0,002139607
0,002675494
0,002629265
0,003059192
0,002729531
0,002881389
0,004594476
0,002005848
0,002344015
0,002334157
0,002310435
0,003086636
0,003077114
0,002033389
0,002885301
0,002857027
0,003242957
0,003063069
0,003003433
0,002833771
0,002740405
0,00297058
0,003002262
0,002779806
0,002352818
0,002414449
0,002984198
0,002377565
0,002485586
0,002337543
0,002476265
0,002453908
0,002406818
0,002104868
0,002419531
0,002413366
0,003127978
0,002293217
0,002483866
0,002316003
0,002580956
0,001963032
0,002054
0,003273189
0,003307985
0,002967967
0,003168943
0,003363456
0,003198947
0,002877773
0,002719977
0,002839397
0,002972033
0,002666916
0,002898098
0,002728349
0,00278629
0,004507134
0,002663016
0,002636606
0,003104014
0,002685389
0,00203332
0,002996083
0,00312246
0,003043318
0,00233545
0,002753812
0,00206429
0,002397447
0,002616787
0,003110611
0,002604385
0,002725735
0,00335202
0,002701342
0,002543199
0,002060871
0,002495344
0,003087137
0,003247061
0,003229611
0,002637855
0,002558635
0,003116629
0,002539587
0,002518895
0,002485881
0,003031396
0,003037513
0,002884339
0,00199775
0,002024118
0,003188892
0,003137189
0,002752523
0,003211702
0,003103804
0,003208658
0,003064769
0,0032556
0,002893634
0,003172797
0,002936739
0,002850698
0,003057213
0,003976674
0,001949636
0,001967336
0,002931732
0,003419227
0,003342121
0,002948516
0,00162645
0,00262089
0,003420411
0,001634698
0,002235389
0,002293894
0,002685146
0,002352533
0,002526774
0,002299635
0,001624175
0,002453201
0,002136949
0,001867234
0,001857168
0,002308666
0,002388437
0,002237982
0,002161606
0,00174507
0,002446795
0,001937779
0,001842907
0,001912652
0,002124389
0,002264547
0,002504046
0,002162197
0,001847404
0,002188701
0,003430568
0,00321051
0,003253319
0,001736051
0,001818807
0,002068174
0,002080211
0,002116419
0,002038624
0,002146444
0,001994118
0,002848493
0,002401794
0,002431648
0,002621391
0,001906667
0,002276742
0,003715773
0,001881713
0,003164171
0,003384093
0,002305204
0,00171058
0,00165953
0,001916404
0,002093504
0,002153204
0,002869294
0,00292896
0,001782506
0,001917907
0,001936744
0,00183459
0,001816393
0,002143199
0,002608326
0,002755827
0,001962959
0,00240056
0,001520698
0,002286956
0,001830327
0,002060617
0,001950096
0,002008902
0,001828459
0,00205867
0,003163869
0,001821874
0,001519304
0,001528166
0,001682593
0,00167591
0,001919691
0,001985019
0,002309488
0,002222312
0,001792273
0,001448256
0,001476996
0,001635985
0,001805312
0,001973535
0,001740054
0,001873674
0,001873355
0,001960339
0,001762296
0,002182971
0,002641174
0,002464837
0,001566207
0,001605579
0,002097537
0,001792958
0,00137964
0,001398392
0,00168903
0,001562349
0,00173846
0,00168797
0,001614095
0,001984957
0,001360417
0,002004615
0,001610595
0,002304451
0,002289131
0,002278651
0,002219696
0,001413201
0,001452725
0,001808701
0,001985779
0,00168019
0,004040526
0,002195804
0,001412152
0,001436145
0,001909969
0,001708786
0,001725069
0,001688667
0,001668156
0,001556907
0,001543731
0,00175927
0,002290859
0,002275744
0,002286929
0,002188856
0,001326442
0,002069004
0,001510288
0,001602151
0,001692547
0,001755216
0,002040469
0,002451586
0,001285835
0,001756006
0,003392838
0,002261756
0,001755198
0,00171307
0,001561288
0,001792497
0,001685622
0,001610304
0,001556831
0,00188953
0,001805978
0,001405661
0,001659119
0,001746462
0,001709314
0,001756831
0,001688188
0,001706474
0,00207236
0,001737484
0,00137963
0,00159816
0,001587451
0,002098579
0,001577124
0,001444862
0,001899945
0,001838395
0,001487021
0,002093564
0,00162189
0,002219358
0,001444272
0,001373902
0,002543679
0,002445845
0,002574403
0,001926714
0,00212841
0,002621786
0,00249726
0,002558673
0,00239261
0,002470048
0,001668047
0,001841934
0,001688029
0,001860376
0,001672262
0,00144884
0,00145727
0,001719562
0,001755216
0,002323093
0,002236524
0,002320044
