0,005115304
0,004111759
0,044685562
0,004142074
0,002104707
0,001737002
0,002178176
0,003042755
0,001606689
0,001552496
0,001493897
0,001467178
0,001462867
0,001450928
0,001460984
0,001529409
0,001512055
0,001655328
0,001552322
0,001634123
0,001668258
0,001522861
0,001591973
0,001413324
0,001473891
0,001435619
0,001370771
0,001343603
0,001415868
0,001380336
0,001348117
0,002325755
0,002420283
0,008372293
0,001952551
0,001608166
0,001616117
0,001430674
0,001341874
0,00146339
0,001353977
0,001443835
0,001473376
0,001412932
0,001357401
0,001396345
0,001303685
0,001290284
0,001383081
0,001296214
0,001385864
0,001384798
0,001387837
0,00137192
0,001287804
0,001488795
0,001280215
0,001346239
0,00150518
0,001324741
0,001374317
0,001474633
0,001315103
0,0013738
0,001271618
0,002546535
0,00133999
0,001297044
0,001288064
0,001330062
0,001504762
0,001304458
0,001361835
0,001415129
0,001364207
0,0013168
0,001341984
0,00132733
0,001336769
0,001345049
0,001377657
0,001352679
0,001388384
0,001375374
0,001363036
0,001413472
0,00138955
0,001415144
0,001321646
0,00138576
0,00133778
0,001302446
0,001264504
0,001304917
0,001305385
0,001365191
0,001278604
0,002659325
0,001292889
0,001318911
0,001417078
0,001380404
0,001341724
0,001326944
0,001261302
0,001331
0,001393219
0,001392885
0,001382539
0,00134826
0,001345845
0,00128952
0,001359783
0,001276949
0,001396753
0,00136366
0,0013894
0,001295648
0,001371772
0,001376458
0,001360334
0,001553225
0,001371903
0,001334863
0,001345567
0,001368262
0,001302772
0,001327355
0,001375515
0,001381472
0,00127993
0,001380009
0,001408109
0,00134587
0,001444826
0,00246211
0,001408826
0,001421082
0,001369238
0,001383208
0,00135993
0,001430366
0,001313034
0,001330954
0,001421428
0,00141382
0,001386091
0,001355579
0,001410118
0,001371144
0,001445073
0,00138092
0,001334024
0,001451733
0,001349967
0,001328184
0,001424004
0,001392815
0,001433757
0,001459609
0,001346352
0,001371939
0,001394216
0,001323083
0,001345571
0,001408018
0,001394997
0,001336748
0,001355769
0,00139231
0,0013755
0,001365169
0,001436112
0,00248593
0,001389376
0,001451947
0,001368944
0,001408513
0,001446239
0,001424857
0,001323999
0,001458854
0,001425498
0,001293129
0,001478279
0,001432545
0,001561212
0,001383329
0,001309524
0,001338488
0,0014442
0,001387042
0,001394711
0,001378213
0,001345991
0,001331941
0,001381932
0,001382154
0,001430111
0,001390678
0,001473639
0,001329425
0,001456055
0,001316402
0,001435376
0,001411373
0,001353437
0,001418161
0,001365953
0,0013588
0,001278604
0,002431923
0,001356265
0,001296876
0,001312164
0,001365627
0,001465496
0,001330272
0,001299188
0,001334007
0,001448893
0,001416448
0,001364853
0,001400226
0,001359845
0,001411732
0,001400975
0,001345095
0,001330142
0,001410283
0,001403568
0,001324127
0,00129358
0,001397307
0,001325163
0,001324676
0,00135241
0,001310546
0,001399936
0,001375607
0,00129726
0,001423046
0,001316717
0,001393975
0,001425931
0,001335105
0,001424965
0,00135806
0,001315948
0,001722431
0,001894407
0,001952164
0,002041086
0,001955359
0,001927567
0,002052223
0,003010887
0,001306246
0,001302042
0,001326939
0,001355764
0,001369374
0,001322194
0,001266005
0,001380479
0,001419552
0,001394387
0,001285298
0,001365707
0,001388442
0,001352231
0,001313355
0,001333346
0,001357965
0,001355543
0,001325366
0,00132019
0,001367152
0,001337031
0,001459662
0,001369868
0,001388075
0,001466861
0,00139737
0,00143945
0,001397364
0,001532147
0,001325357
0,001342829
0,001404958
0,001343563
0,001360764
0,0013
0,001337643
0,001345106
0,001360528
0,001354499
0,001344907
0,001345765
0,001424234
0,001400315
0,001454665
0,002872185
0,001325729
0,001384211
0,001516724
0,001452546
0,00142328
0,001430807
0,001344137
0,001359743
0,001345716
0,001378542
0,001408179
0,001391292
0,001395788
0,00152783
0,001423758
0,001456228
0,001356788
0,001291518
0,001322568
0,00141641
0,001358573
0,001297421
0,001367564
0,001280793
0,001345082
0,00128816
0,001393953
0,001341507
0,001373809
0,001360428
0,001376712
0,001341282
0,001314669
0,001421089
0,00139122
0,001364059
0,00134359
0,001394365
0,001317245
0,001312051
0,001287558
0,001307978
0,001330602
0,001342805
0,001382164
0,00172509
0,001882055
0,001926055
0,001902806
0,001993704
0,001886811
0,001826408
0,001828633
0,001837098
0,002580786
0,001284594
0,001339867
0,001349406
0,001269819
0,001270764
0,001362148
0,001348542
0,001329547
0,001364579
0,001343508
0,001349398
0,001379599
0,001410207
0,001526052
0,001327037
0,001389507
0,001490594
0,001425068
0,001460207
0,001394999
0,001487001
0,001411736
0,001363029
0,001472239
0,001456082
0,001497521
0,00138667
0,001480865
0,001381205
0,001416143
0,001498224
0,001308457
0,001451124
0,001329549
0,001397562
0,001354172
0,001430503
0,001326845
0,001343154
0,00131719
0,001284814
0,001380541
0,001328723
0,001322591
0,001353512
0,001390838
0,001467299
0,001366263
0,001325093
0,00128477
0,001360446
0,001355234
0,001374884
0,001451774
0,002611923
0,001420826
0,001316858
0,001352641
0,001338049
0,00133191
0,001314066
0,001317443
0,001376217
0,001359355
0,001336645
0,00135262
0,001376726
0,001350727
0,001354292
0,00135055
0,001325217
0,001355031
0,001292033
0,001342993
0,001350562
0,001471072
0,001588462
0,001374462
0,001413542
0,00134547
0,001378497
0,001320307
0,001361635
0,001383404
0,001378858
0,001342846
0,001396048
0,001385371
0,001509706
0,001371304
0,001404676
0,001476117
0,001375739
0,001468635
0,001413767
0,001495664
0,001332767
0,001342205
0,001313601
0,001459253
0,001451402
0,001346092
0,001392407
0,001344048
0,001329977
0,001368951
0,00137399
0,001355215
0,001552255
0,001754399
0,001798124
0,001971981
0,002035107
0,001960223
0,00210817
0,001947674
0,002002171
0,002040527
0,001871491
0,003056407
0,001349972
0,001482594
0,001328174
0,001431326
0,001320302
0,00149771
0,001274025
0,001374544
0,001290989
0,001327952
0,001327058
0,00131996
0,00133139
0,002076671
0,001337888
0,001441596
0,001344083
0,001325223
0,001423971
0,00143094
0,001512563
0,001367701
0,001430144
0,001331693
0,001332821
0,001344988
0,001386689
0,001325814
0,00145479
0,001427168
0,001419686
0,001430065
0,00146513
0,001409712
0,001910433
0,001465978
0,001362502
0,00137174
0,001390705
0,001322772
0,001309224
0,001349244
0,001425089
0,001378925
0,001584085
0,001403585
0,001423568
0,001301942
0,001492936
0,001393448
0,001340027
0,001357673
0,001465707
0,001325429
0,001378916
0,001368697
0,001342829
0,001484778
0,001339958
0,001296875
0,001395376
0,001398597
0,001297791
0,001439761
0,00286229
0,001287012
0,001276129
0,001365529
0,001308421
0,001379578
0,001259028
0,001891152
0,001335513
0,001357293
0,001316589
0,001367542
0,001400509
0,001356522
0,00136201
0,001379748
0,0014241
0,001325652
0,001396465
0,001334645
0,001332096
0,001283158
0,001390969
0,001298329
0,001435803
0,001429344
0,001315752
0,001299318
0,001467842
0,001322032
0,001397364
0,001268093
0,001334905
0,001392131
0,001376881
0,00132956
0,001527725
0,001429836
0,002949234
0,001331304
0,001281257
0,001432901
0,001375694
0,001348352
0,001386896
0,001342072
0,002114863
0,001311302
0,001281261
0,001418127
0,001468219
0,001356503
0,00142318
0,00140813
0,001416199
0,001275645
0,001381086
0,001345438
0,001359482
0,001416417
0,001360023
0,001393449
0,001293867
0,001375537
0,001346686
0,00161359
0,00169119
0,001810655
0,001867568
0,001696061
0,001818559
0,001785434
0,001823513
0,001868973
0,001910637
0,001904774
0,001908899
0,001840117
0,001990647
0,001874857
0,002789388
0,001292291
0,001401429
0,001385591
0,001445053
0,001329435
0,001339868
0,001342268
0,001428231
0,001342898
0,00135743
0,001397821
0,001318942
0,001318199
0,001390924
0,001348753
0,001349182
0,001442186
0,001356557
0,001323833
0,001333716
0,001309561
0,001369405
0,001301522
0,001269198
0,001325962
0,001332738
0,001306759
0,001376401
0,001448847
0,001355948
0,001394623
0,00146147
0,001392275
0,001376348
0,001393377
0,001376826
0,001359534
0,001790526
0,001433838
0,001380715
0,001342983
0,001296369
0,001305557
0,00137607
0,001628854
0,001383676
0,001317397
0,001350977
0,001469485
0,001333984
0,001296339
0,001294409
0,001302579
0,001322815
0,001332127
0,001368057
0,001306674
0,001326887
0,001348126
0,001393156
0,001408407
0,001394637
0,001290636
0,001508222
0,001287739
0,001395459
0,001392417
0,001442157
0,001363474
0,001317638
0,001553003
0,001449116
0,00134662
0,001380984
0,00141389
0,001306481
0,001621208
0,002994482
0,001266375
0,001337972
0,001364798
0,001362973
0,001327524
0,001303369
0,001324972
0,001334161
0,001414255
0,001406742
0,001406405
0,001292816
0,001365335
0,001380374
0,001289632
0,001300311
0,001329311
0,001377635
0,001403183
0,001316194
0,00137708
0,00134345
0,001305319
0,001395121
0,001365046
0,001407145
0,001385874
0,001344036
0,00132483
0,001393549
0,001289009
0,001376512
0,001269448
0,001316612
0,001422071
0,001298166
0,001356875
0,001378243
0,001342635
0,001342591
0,001350292
0,001340908
0,001420916
0,00130809
0,001292649
0,0014044
0,001261195
0,001311303
0,001278714
0,001509573
0,001350076
0,001411349
0,001340579
0,001312443
0,001409261
0,001416971
0,00174965
0,001308886
0,001387266
0,001782239
0,00143025
0,001416772
0,001364473
0,001570149
0,001737903
0,001593705
0,001439676
0,002002775
0,001352109
0,001395014
0,001481767
0,001443124
0,001876096
0,001366226
0,001425783
0,001364025
0,00144635
0,001488746
0,00175025
0,001920922
0,001978742
0,00206252
0,001896211
0,001847527
0,001892344
0,002144032
0,00558406
0,002102424
0,002135703
0,002000801
0,002086451
0,00238509
0,001988838
0,002795257
0,001367782
0,001344336
0,001305131
0,001321466
0,001411417
0,001356385
0,00138945
0,001440106
0,001366432
0,001388399
0,003590155
0,001506632
0,001560965
0,001446691
0,001405307
0,001474474
0,001499923
0,00143087
0,001471514
0,001632383
0,001452009
0,001385267
0,001413241
0,001339594
0,001391537
0,001365948
0,001324413
0,001404755
0,001398877
0,001392886
0,00149343
0,001419375
0,001465557
0,00138886
0,001446201
0,001417452
0,001366334
0,001345026
0,001418888
0,001429816
0,001435769
0,001425175
0,001472195
0,001555005
0,001558232
0,001327818
0,00136773
0,001388914
0,001384495
0,00141208
0,001334769
0,001413406
0,001333255
0,001311193
0,001458354
0,001503613
0,001325877
0,001372066
0,001323834
0,001442162
0,001493768
0,001398517
0,001512761
0,002034437
0,001470987
0,002067164
0,00170406
0,001408067
0,001429264
0,001417277
0,001453636
0,001384363
0,001867361
0,001339401
0,00148286
0,001368217
0,001378813
0,001430544
0,001817944
0,001487638
0,002153099
0,001379408
0,001560542
0,001479637
0,001365716
0,00141379
0,00138851
0,001499422
0,001363755
0,00141265
0,002910759
0,001382092
0,001288513
0,001278402
0,001748923
0,001426015
0,001390921
0,001388597
0,001304739
0,001477148
0,001327048
0,001734686
0,001496089
0,001327269
0,00148861
0,001396561
0,001380778
0,001361437
0,00188945
0,001302043
0,0014271
0,001552988
0,001371667
0,001381478
0,001431234
0,001336617
0,001426808
0,001429959
0,00140667
0,001357768
0,00172027
0,001421814
0,001301682
0,001631852
0,001367119
0,001570127
0,001424544
0,001382836
0,001456074
0,001429986
0,001439167
0,001405252
0,001484674
0,001383832
0,001324118
0,001315359
0,00144058
0,001495652
0,001384113
0,001376934
0,0014904
0,001404877
0,001374
0,001390801
0,001411151
0,001341412
0,00152205
0,001403777
0,001379834
0,001368064
0,001405795
0,00141699
0,001324739
0,001410427
0,001320743
0,001404167
0,001425294
0,001397416
0,001318046
0,00150239
0,001451103
0,001404339
0,001436893
0,001398589
0,001338785
0,002237152
0,001421293
0,001438048
0,001676282
0,001381337
0,001419535
0,001525245
0,001421611
0,001467894
0,001356303
0,001397968
0,001438771
0,001460956
0,002752831
0,001427761
0,001286278
0,001437562
0,001349721
0,001324107
0,001468308
0,001432115
0,00145026
0,001400177
0,001355999
0,001291246
0,001429668
0,001389864
0,001430574
0,001454136
0,00153202
0,001469462
0,001391583
0,001360839
0,001394039
0,001391555
0,001407723
0,001403242
0,001412826
0,001345314
0,001383321
0,001384985
0,001473006
0,001334131
0,001407752
0,001334862
0,001389467
0,001353359
0,001387326
0,001516796
0,001383583
0,001366308
0,001447659
0,001363256
0,001532766
0,001451186
0,001374039
0,001411891
0,001360501
0,00135218
0,0013749
0,00129711
0,001349521
0,00138995
0,001311664
0,001518752
0,001377513
0,001432604
0,001560969
0,00138804
0,001388808
0,001332896
0,00137966
0,001432957
0,001626264
0,00151502
0,00134972
0,001461343
0,001291835
0,001397787
0,001426681
0,001523209
0,001375257
0,001447826
0,001373508
0,00165672
0,001678426
0,001361878
0,001337545
0,001421779
0,001299248
0,00133159
0,001377803
0,001376546
0,001471995
0,001364652
0,001800023
0,001364973
0,001358157
0,002705632
0,001338946
0,001378784
0,00135728
0,001427964
0,001583671
0,001602404
0,001459883
0,001436905
0,001434615
0,00140933
0,001378601
0,001283783
0,001364625
0,001577921
0,001410043
0,001406864
0,001379798
0,001300676
0,001360983
0,001339371
0,001308079
0,001507812
0,001568297
0,001406834
0,00149746
0,001474229
0,001417962
0,001487052
0,001717094
0,00158813
0,00262937
0,001560092
0,001499543
0,001429481
0,001435135
0,001433542
0,001505622
0,001635062
0,001480669
0,00153682
0,001467746
0,001434757
0,001592852
0,001476766
0,001566272
0,001602719
0,001378452
0,001576329
0,001451511
0,001380972
0,001495433
0,001633138
0,001294912
0,001415862
0,001298864
0,001532123
0,001340925
0,001472084
0,00139716
0,00143829
0,001359099
0,001395615
0,00146021
0,001371929
0,001415732
0,001400368
0,001427342
0,0014443
0,001389842
0,001437037
0,00132632
0,001348698
0,001453225
0,001438005
0,001311522
0,001541887
0,001514526
0,001547453
0,002750828
0,001568984
0,00282888
0,001588455
0,001363281
0,001510188
0,001456999
0,001494087
0,001440302
0,001426224
0,001509893
0,001531311
0,001410222
0,001528291
0,001435618
0,0014437
0,001414709
0,001404184
0,001490442
0,00152406
0,00141514
0,00136246
0,001323858
0,001361278
0,00131543
0,001431281
0,001312489
0,001405359
0,001392142
0,001354835
0,001353878
0,001351251
0,001399557
0,001370379
0,0013943
0,001343827
0,001438785
0,001625633
0,001325864
0,001347853
0,001342596
0,001373062
0,001649652
0,001447822
0,001885546
0,001356921
0,001364077
0,001597945
0,001407622
0,001408913
0,001451619
0,001675131
0,001581963
0,001535111
0,001389453
0,001450494
0,001325356
0,001400256
0,001422128
0,001436957
0,001339093
0,001332715
0,001347906
0,001382695
0,001476723
0,001765289
0,001399545
0,001472307
0,001402359
0,001488894
0,001350862
0,001774749
0,001465401
0,001292355
0,001488825
0,001426799
0,001358996
0,00136518
0,001319414
0,001524395
0,001407649
0,009518037
0,001474594
0,00157132
0,001430642
0,001445784
0,001607885
0,001510694
0,00148167
0,001404613
0,001455131
0,001452609
0,001397176
0,001474173
0,001409082
0,001528698
0,001384603
0,001382127
0,001267252
0,001382095
0,001414227
0,0015545
0,001447228
0,001426035
0,001349296
0,001603039
0,001404383
0,001470515
0,001388395
0,001409136
0,001395114
0,001508659
0,001337376
0,001359851
0,001463474
0,001433952
0,001465308
0,001303311
0,00133373
0,001419639
0,001428264
0,001362555
0,001371719
0,001343327
0,001470118
0,001353607
0,001385748
0,001362424
0,001332652
0,001474744
0,001276046
0,001382734
0,001569869
0,001337421
0,001403731
0,001552748
0,001722146
0,001389499
0,001376419
0,001440401
0,001366858
0,001481085
0,0016123
0,001496593
0,001528949
0,001881885
0,001930794
0,001388146
0,001264986
0,001334014
0,001449559
0,001987382
0,001548063
0,001347078
0,001466769
0,001400416
0,001431754
0,002902643
0,001642842
0,001544333
0,001333747
0,001348971
0,00146623
0,001421374
0,001698485
0,001417882
0,001419096
0,001553725
0,001519735
0,00145228
0,001651642
0,001355918
0,001310912
0,00186838
0,001310749
0,001540768
0,001436654
0,00129799
0,001450297
0,001362597
0,00137516
0,001268417
0,001331361
0,001467194
0,001586776
0,001434837
0,00137584
0,001368351
0,001412134
0,001387517
0,001392227
0,001375275
0,001394561
0,001503035
0,001460819
0,001444351
0,001343272
0,00145956
0,001480093
0,001344478
0,001341884
0,001430309
0,001373858
0,00144331
0,001626559
0,001369636
0,001404325
0,001349778
0,00143797
0,001420092
0,001396436
0,001433423
0,001360341
0,001364279
0,001370729
0,001302898
0,001390579
0,001322281
0,001431883
0,001403202
0,001388692
0,001637419
0,001291781
0,001446922
0,001489675
0,001360108
0,001515208
0,001445833
0,001393088
0,001347892
0,001359844
0,002620453
0,001524218
0,001342848
0,001367249
0,001668134
0,001552401
0,00143119
0,001401224
0,001422891
0,001434312
0,001569051
0,001325737
0,001420562
0,001579598
0,001420515
0,001336084
0,001461738
0,001726473
0,001386783
0,001418472
0,001615885
0,001489111
0,001545434
0,0016164
0,001429589
0,001456875
0,001587723
0,001676987
0,001555534
0,001488085
0,001400144
0,00139797
0,001554253
0,001374882
0,001448094
0,001424005
0,001435755
0,001666303
0,001331119
0,001469207
0,001564703
0,001489976
0,001399771
0,001357897
0,001366806
0,001698451
0,001503281
0,001421764
0,00145944
0,001453937
0,001441866
0,001601032
0,001465742
0,001445612
0,001423276
0,001493178
0,001356048
0,001376468
0,001442252
0,001356372
0,001538753
0,001500583
0,001434425
0,001454536
0,00161225
0,001488094
0,001479134
0,001447437
0,001455753
0,001326901
0,001436351
0,00150864
0,002849004
0,001362619
0,001431357
0,001383492
0,001366125
0,001353158
0,001458344
0,001453824
0,001454591
0,001463921
0,001561052
0,001672199
0,001341805
0,001414057
0,001382555
0,001334314
0,001285956
0,001278623
0,001371597
0,001437982
0,001391687
0,001323821
0,001720114
0,0015397
0,00132411
0,001342949
0,001333552
0,001354707
0,001341934
0,001413423
0,001357677
0,001708432
0,001331409
0,001361707
0,001937643
0,001379876
0,001406032
0,001503504
0,00140581
0,001461755
0,001329559
0,00134429
0,001409376
0,00161293
0,001361059
0,001326909
0,001365915
0,00143239
0,001452383
0,001412191
0,001358095
0,00128569
0,001369245
0,001360639
0,001437821
0,001383423
0,001349545
0,001433626
0,001318079
0,001391991
0,00140793
0,001334836
0,001376974
0,001413906
0,001367268
0,001433697
0,001614731
0,001338047
0,001436745
0,002327277
0,00169281
0,001316056
0,00137013
0,001371189
0,001723825
0,001401903
0,001415936
0,00135047
0,00139032
0,001349487
0,001323424
0,001321381
0,001418082
0,001350068
0,001305403
0,001357209
0,001347961
0,001348605
0,001331019
0,001445391
0,001399255
0,001527227
0,001509301
0,001427007
0,001453939
0,001427151
0,001739167
0,001537795
0,001335349
0,001430071
0,001465691
0,001367088
0,001482269
0,001381082
0,001621806
0,001389368
0,001421164
0,001440537
0,001351536
0,0013634
0,001562638
0,001430262
0,001772182
0,001325901
0,001525095
0,001425776
0,001379579
0,001348604
0,001392913
0,001472607
0,001324859
0,00152854
0,001307812
0,001495075
0,001403128
0,001427318
0,001422796
0,00299877
0,001478928
0,001526619
0,001988259
0,001373558
0,001401382
0,001462201
0,001480491
0,002789758
0,001358524
0,001490994
0,001424852
0,001437792
0,00135362
0,001509577
0,001420654
0,001362267
0,001363332
0,001461141
0,001467428
0,001379487
0,00138995
0,001396457
0,001646134
0,001513717
0,001471315
0,00146608
0,001520059
0,00147862
0,001350666
0,001398675
0,001604018
0,001728459
0,001390143
0,001444997
0,00138479
0,001345394
0,001449345
0,001424511
0,001485202
0,001358424
0,001407538
0,001610285
0,001462014
0,001354445
0,001493482
0,001492511
0,001327343
0,001341172
0,001433401
0,001403402
0,001387206
0,001476369
0,001314336
0,001343969
0,001383255
0,001307225
0,001311515
0,001302329
0,001453908
0,001342799
0,001693216
0,00150008
0,001963881
0,001766862
0,001346956
0,001422203
0,001339319
0,001415355
0,001399235
0,001457613
0,001374928
0,002775602
0,001412631
0,001414256
0,001413978
0,001425868
0,001533572
0,001394087
0,0013359
0,001441181
0,001316212
0,001352285
0,00132036
0,001366948
0,001343726
0,001360232
0,001356471
0,001299766
0,001497853
0,001415021
0,001644017
0,001326594
0,001412966
0,001394989
0,001362332
0,001358308
0,001327788
0,001391078
0,001353662
0,001336198
0,001400522
0,001361035
0,001383962
0,001420483
0,001325532
0,001352766
0,001342287
0,001345959
0,001318672
0,001320591
0,00136449
0,001322842
0,001349592
0,001311648
0,001363105
0,001326572
0,001493363
0,001314923
0,001313749
0,001321229
0,001297791
0,001345715
0,001356337
0,00133348
0,001294884
0,001309315
0,00139263
0,001325389
0,001380455
0,001319561
0,001333064
0,001343628
0,001274828
0,001347417
0,002651773
0,002113061
0,001405611
0,001389346
0,001365928
0,001412836
0,001765429
0,001491839
0,001781838
0,001564561
0,001555404
0,001727694
0,0019748
0,001715043
0,002081028
0,001474213
0,001566361
0,001372773
0,001389965
0,001435222
0,001382198
0,001384263
0,001447588
0,001345397
0,001534367
0,001685859
0,001480779
0,001405317
0,00177529
0,001428493
0,001392424
0,001418224
0,001430393
0,001464076
0,001338221
0,001368846
0,001438018
0,001305935
0,001331853
0,001366694
0,001631385
0,001361158
0,001339388
0,001395318
0,001310995
0,001382022
0,001485073
0,001405306
0,001383255
0,001442202
0,001337124
0,001418215
0,001415792
0,001622629
0,001353182
0,001560222
0,001336933
0,00135136
0,001358551
0,001362199
0,002718638
0,001336352
0,001376028
0,001360384
0,001373012
0,00146056
0,00148201
0,001389487
0,001347814
0,001392886
0,001318835
0,001306128
0,001515992
0,001535746
0,001602014
0,001391877
0,001494749
0,001523378
0,001469509
0,001404796
0,001454111
0,001391474
0,001486046
0,001463428
0,001479592
0,001412905
0,001488638
0,001391741
0,001423914
0,001482092
0,001374298
0,00142848
0,001399785
0,001358044
0,001345042
0,001451001
0,001369522
0,001550332
0,001470263
0,001367272
0,001374168
0,001373408
0,001520393
0,0014532
0,001439722
0,001475641
0,001475152
0,001388806
0,001386183
0,001398265
0,001519304
0,001338674
0,001347431
0,001439273
0,001381808
0,001390062
0,001389487
0,00163178
0,001427864
0,002781324
0,001444806
0,00140003
0,00123849
0,001618818
0,001373948
0,001555169
0,001404924
0,00155475
0,001436991
0,001566447
0,001436392
0,001315068
0,001415041
0,001397027
0,001419605
0,00140117
0,001414144
0,002936798
0,001409396
0,001449538
0,001390437
0,001434716
0,001512909
0,001382923
0,001375201
0,001334534
0,001406784
0,001393627
0,001384647
0,001288281
0,001368786
0,001364032
0,001416898
0,001386289
0,001440365
0,001385307
0,001430704
0,00142357
0,00146228
0,00139376
0,001351853
0,001388389
0,001366626
0,001325039
0,0014335
0,001407873
0,001373336
0,001402189
0,001443153
0,001421932
0,001329366
0,001407746
0,001363198
0,001404464
0,00131225
0,001457952
0,001477031
0,001344227
0,001427627
0,001361491
0,001327075
0,001358229
0,001303675
0,00144506
0,001497562
0,001375416
0,001477406
0,00151734
0,001435727
0,002723005
0,001365588
0,001321375
0,001324427
0,001385583
0,001366616
0,001360712
0,001382491
0,001319578
0,001322007
0,001466035
0,001400554
0,001498717
0,001450332
0,001331797
0,001355702
0,001477104
0,001511691
0,001663813
0,001357976
0,001470735
0,001427596
0,001404338
0,001431982
0,001479683
0,0014841
0,001534088
0,001442474
0,001416965
0,001395219
0,001391396
0,001390393
0,001428554
0,001373043
0,001412309
0,001428869
0,001425037
0,001356797
0,0014752
0,001393584
0,001352609
0,001472707
0,001342544
0,001381796
0,001402885
0,001356476
0,001360992
0,001385933
0,001365814
0,001371638
0,001512922
0,001375405
0,001366679
0,001450314
0,001393778
0,001425104
0,001543684
0,001475498
0,001598002
0,001515557
0,001472193
0,001262831
0,001342102
0,001362988
0,001320744
0,001312688
0,001380953
0,001351241
0,001282406
0,001364662
0,001287357
0,001324361
0,001395103
0,001297149
0,001311742
0,001304495
0,001464672
0,001379441
0,001485651
0,001385279
0,001385043
0,001366016
0,00171275
0,001328868
0,001379725
0,002644962
0,00138326
0,001402014
0,001424246
0,001332448
0,001371219
0,001437091
0,001577089
0,001474543
0,001531746
0,001402198
0,001546157
0,001826109
0,001676444
0,001413627
0,001410587
0,001462546
0,00142127
0,003028833
0,001524202
0,001440222
0,001347879
0,001378227
0,001326819
0,001378812
0,001372228
0,00143737
0,001296248
0,001364897
0,001339057
0,001405963
0,001412946
0,001386592
0,001448439
0,001437701
0,001597424
0,001371472
0,001472091
0,001448508
0,001670874
0,001386843
0,001392549
0,001289418
0,001442134
0,001577035
0,001396939
0,001350109
0,001381892
0,001578556
0,001762606
0,001375284
0,001339569
0,00141252
0,001362279
0,001405181
0,001445459
0,001740513
0,001394432
0,001410606
0,001402279
0,001459904
0,001437685
0,001609226
0,001383891
0,001899337
0,001411039
0,001412311
0,001610856
0,001574554
0,001505372
0,001383803
0,001401458
0,001506809
0,001494744
0,00165304
0,00139956
0,00142926
0,001508834
0,001455298
0,001327707
0,001326428
0,001358851
0,002411945
0,001451604
0,00126081
0,00130608
0,001359026
0,001326576
0,001361942
0,001453176
0,001514666
0,001394516
0,00137801
0,001490849
0,001334327
0,001535631
0,00185572
0,001487494
0,001398164
0,001378198
0,001590507
0,001394828
0,001420551
0,001653723
0,001353101
0,001361668
0,001421692
0,001850856
0,001435437
0,001518954
0,001364189
0,001367314
0,001302065
0,001371557
0,001405266
0,001372604
0,001514328
0,001416688
0,001393183
0,001386511
0,00138291
0,001324109
0,006668008
0,001419883
0,001447869
0,001398754
0,001551846
0,001460289
0,001470348
0,001531388
0,001577751
0,00147622
0,001564347
0,00151521
0,001370034
0,001487225
0,001576696
0,001554434
0,001453418
0,001507607
0,001431981
0,001468877
0,001390601
0,001503857
0,001377755
0,001317581
0,001412323
0,001365575
0,001378686
0,001393436
0,001440455
0,001328672
0,00141366
0,001441854
0,001331256
0,001449314
0,001382303
0,001366938
0,001364858
0,00133832
0,002794244
0,001412481
0,001391819
0,001412476
0,001348784
0,001403656
0,001330087
0,001366276
0,001307617
0,001362605
0,001458714
0,001338125
0,001378253
0,001462913
0,001423318
0,001298277
0,001291498
0,001436383
0,001411816
0,001420541
0,001412655
0,001337807
0,001354306
0,001369552
0,001304556
0,001365653
0,001392155
0,001312018
0,001359232
0,001400308
0,001345247
0,001342301
0,001294502
0,001442959
0,001404101
0,001397801
0,001664563
0,001505814
0,001342033
0,001430481
0,001451856
0,001295575
0,001432891
0,00145825
0,001481507
0,001458028
0,001447942
0,001417214
0,001496871
0,001387713
0,001344961
0,001474981
0,001438814
0,001499676
0,00149292
0,001563277
0,001575564
0,001503388
0,001538392
0,001449093
0,001577752
0,002724955
0,001457307
0,001350991
0,001458478
0,00139033
0,001647544
0,001380891
0,001491816
0,002234186
0,001411997
0,001471972
0,001416973
0,00138739
0,001339548
0,001524335
0,001388323
0,002854828
0,001416403
0,001289391
0,001484568
0,001536224
0,002936244
0,001538364
0,002191715
0,001326483
0,001385099
0,001360321
0,001407658
0,00147226
0,001323756
0,001253606
0,001347234
0,001485208
0,001349618
0,001370631
0,001359498
0,001406798
0,001362796
0,001441468
0,001324579
0,001335698
0,001332232
0,001348751
0,001337011
0,001517922
0,001438927
0,001516013
0,001377663
0,001510993
0,001523099
0,001443447
0,001452834
0,001429085
0,001356219
0,001444727
0,001430509
0,001370894
0,001399365
0,00137968
0,00142303
0,001752898
0,001324022
0,001513029
0,00152141
0,001414944
0,001397921
0,001805944
0,001353812
0,001402005
0,001371805
0,001473877
0,001327284
0,001361769
0,001512445
0,001384559
0,001345966
0,001355784
0,001472962
0,001822019
0,001313363
0,001783796
0,001339015
0,001393793
0,001328359
0,001334413
0,00202042
0,001356922
0,001324875
0,00136992
0,002516423
0,001377765
0,001697797
0,001348049
0,001825364
0,001713638
0,001427911
0,00142155
0,001297899
0,001453089
0,001453108
0,001539214
0,001356494
0,001504017
0,001330034
0,001359606
0,001501392
0,001408249
0,001542634
0,001422578
0,001360199
0,00133146
0,00137274
0,00144135
0,001397766
0,00204621
0,001333002
0,00128208
0,001323511
0,002079522
0,001337165
0,00132604
0,001392464
0,001342426
0,001371913
0,001312276
0,001300552
0,001359031
0,001393366
0,001343789
0,001423322
0,001427597
0,00149644
0,001406385
0,001361501
0,001370772
0,001342539
0,001289519
0,001380734
0,00150282
0,001379815
0,001330656
0,001510577
0,00144514
0,00145525
0,001340639
0,001498989
0,001348931
0,00145744
0,001500916
0,009534425
0,001357052
0,001366863
0,001374041
0,00132106
0,001671166
0,001395161
0,002859953
0,00151659
0,001330898
0,001320729
0,002569174
0,002130267
0,001330807
0,001404053
0,001417903
0,001681222
0,001318079
0,001892159
0,00146423
0,001452193
0,001276227
0,001541494
0,001337816
0,001379308
0,001353405
0,001396278
0,001527712
0,001302668
0,001408495
0,001376601
0,001426028
0,001346599
0,001396083
0,001360593
0,001379756
0,001772917
0,001453422
0,001453045
0,001523094
0,002206183
0,002171726
0,00144902
0,001653678
0,001471555
0,001392443
0,001876526
0,0023815
0,001421884
0,001386326
0,001371943
0,001369736
0,001396826
0,002742653
0,001471767
0,001371366
0,00138492
0,001322611
0,001353651
0,001324159
0,001389837
0,001361468
0,001467247
0,001847096
0,001382793
0,001355967
0,001367174
0,001367573
0,001334807
0,001486097
0,001838829
0,001443982
0,001434644
0,00137292
0,001400166
0,001356351
0,001415585
0,001607227
0,002734306
0,001336331
0,001402249
0,001497753
0,001354524
0,001437336
0,001526742
0,001414584
0,001399657
0,001457488
0,001373559
0,001343811
0,001398181
0,001470266
0,001353596
0,001377123
0,001381783
0,001290091
0,001402493
0,00140019
0,001408504
0,001406315
0,001397248
0,001308599
0,001383435
0,001399748
0,001354002
0,001351282
0,001671813
0,001378175
0,001386064
0,002128031
0,001425929
0,001364434
0,001331229
0,001570733
0,00135619
0,001352231
0,001524213
0,001544722
0,001546943
0,001477026
0,001573635
0,002187016
0,001446038
0,001453726
0,001379289
0,001431439
0,001440339
0,00132621
0,00147369
0,001421323
0,001421467
0,001341278
0,001568517
0,001436412
0,001409121
0,001612554
0,002167155
0,001433903
0,001439629
0,001409633
0,001371671
0,00142298
0,00148246
0,001511881
0,002624169
0,001347443
0,001750397
0,001304329
0,001394742
0,001398503
0,001429295
0,001425586
0,00157367
0,001415862
0,001420575
0,001387735
0,001399486
0,001302501
0,00150737
0,001560743
0,00133701
0,001381702
0,001391383
0,001387508
0,001568245
0,0013319
0,001342794
0,001386661
0,001384565
0,005178124
0,00136036
0,001435565
0,001444774
0,001506286
0,001399104
0,001492603
0,001440932
0,001540739
0,001437245
0,001540086
0,001536615
0,0015489
0,001516557
0,001450406
0,001580872
0,001556499
0,0014417
0,001935697
0,00138013
0,001331081
0,001363875
0,001387118
0,001277116
0,001404472
0,001334974
0,001542377
0,001303787
0,001362224
0,001344422
0,001448009
0,001572311
0,001487186
0,001294959
0,001311147
0,001360469
0,001404393
0,001345932
0,001346997
0,001388929
0,00287332
0,001431424
0,001483447
0,001412154
0,001511832
0,001552436
0,001367823
0,001321561
0,001421566
0,001350429
0,001365824
0,001424799
0,001441801
0,001607736
0,001429437
0,002253272
0,001523745
0,001422907
0,001373156
0,001413385
0,001531521
0,001352511
0,00139592
0,001382425
0,001453318
0,001358434
0,001479761
0,001371043
0,001345973
0,001919129
0,001394666
0,0014694
0,001402093
0,001436228
0,001414384
0,001494613
0,001533167
0,001422218
0,00148185
0,001385448
0,001315485
0,001365094
0,001349428
0,001515407
0,001363549
0,001408759
0,001397972
0,001404089
0,001362648
0,002607225
0,001473872
0,001472198
0,001516386
0,001434977
0,001355121
0,001447023
0,001489916
0,001488718
0,001368846
0,001526643
0,001448887
0,001416629
0,002755348
0,002287914
0,002583164
0,00144641
0,001481798
0,001432704
0,001428068
0,001683754
0,009427026
0,001598614
0,001402224
0,001369674
0,001341105
0,001296405
0,001329337
0,001423124
0,001435548
0,001354073
0,00151326
0,001401764
0,001480254
0,001288119
0,001523817
0,001355774
0,001539078
0,001502494
0,001399225
0,001373348
0,001414378
0,001396001
0,001433548
0,001353178
0,00131924
0,001244371
0,001412058
0,001467404
0,001489227
0,001598543
0,001675809
0,001339189
0,001352799
0,001566303
0,001643001
0,001404399
0,00145142
0,00155552
0,001495878
0,001577762
0,001982583
0,001395944
0,001465327
0,001922957
0,001529596
0,001404308
0,001598283
0,002442873
0,001464697
0,001447866
0,001361721
0,001579065
0,001845095
0,00241549
0,001320871
0,001422566
0,001390299
0,001506016
0,001556481
0,001436834
0,001457977
0,001552467
0,001586987
0,001375469
0,001883188
0,001780896
0,001338193
0,001337159
0,001273418
0,00173172
0,001378276
0,001775629
0,001435627
0,001441997
0,001378557
0,001297265
0,001334215
0,001436387
0,001397898
0,001359484
0,001723177
0,001468937
0,001343311
0,001562226
0,001541084
0,001430919
0,001411704
0,001484428
0,00136982
0,001457325
0,001389803
0,00133478
0,001365304
0,001452694
0,001387501
0,001517285
0,001355924
0,001415961
0,001360929
0,001375416
0,001396177
0,001439141
0,001392684
0,001385345
0,001474225
0,001375372
0,001380609
0,001394024
0,001304523
0,001430507
0,001408686
0,002325183
0,001362022
0,001943156
0,001303631
0,001422973
0,001440982
0,001488269
0,001362144
0,001328161
0,001342081
0,001267528
0,001343576
0,00145418
0,001298705
0,001310638
0,001395321
0,001399054
0,001432721
0,001459942
0,001310398
0,001498971
0,001330385
0,001547819
0,001340757
0,001351434
0,001398086
0,001362817
0,001343826
0,00137911
0,001457268
0,00139063
0,001331657
0,001366332
0,001328071
0,001298716
0,001333329
0,001392707
0,001438488
0,001437167
0,001447506
0,001421083
0,001370164
0,001376535
0,001437781
0,001411532
0,001315785
0,001319323
0,001374358
0,001342295
0,001384818
0,00136063
0,001393193
0,001378194
0,00133056
0,001397237
0,001387971
0,003094589
0,001403543
0,001510056
0,001395623
0,001361689
0,00157488
0,001379759
0,001395955
0,001327081
0,001917009
0,001334353
0,001293972
0,001442106
0,001304043
0,001360806
0,001433066
0,001434626
0,001472975
0,001428088
0,001379811
0,001410425
0,001350699
0,001351821
0,001530071
0,001465473
0,001402791
0,001379859
0,001488444
0,001443501
0,001377647
0,001342916
0,001345617
0,001326299
0,001441617
0,001778635
0,001371996
0,001388897
0,001275265
0,001266126
0,001398767
0,001336037
0,00130581
0,001617431
0,001321753
0,001349734
0,001466512
0,001420199
0,001325712
0,001359918
0,001431867
0,001465457
0,001399516
0,001382954
0,00137646
0,001343863
0,001509712
0,001419312
0,001370068
0,00144223
0,001303939
0,001378615
0,001525153
0,001480215
0,001309548
0,001276722
0,001320077
0,001410665
0,001313799
0,002970187
0,001369034
0,001472845
0,001359867
0,001386998
0,001362134
0,001571478
0,001408847
0,001518156
0,00150207
0,001467071
0,001461602
0,001773842
0,00130317
0,001345129
0,001365894
0,001296584
0,001316881
0,001381229
0,001407351
0,001716955
0,001324725
0,001404532
0,001450194
0,001359917
0,001304326
0,001366133
0,00146847
0,00146873
0,001585722
0,001577369
0,001451678
0,001464767
0,001358432
0,001413387
0,00147401
0,00142576
0,001342093
0,001401918
0,001343048
0,001335767
0,001516146
0,001384821
0,00141552
0,001537294
0,001474401
0,00143005
0,001471126
0,001424113
0,001406094
0,001367337
0,001560616
0,001460526
0,001487967
0,001379673
0,001445757
0,001376
0,001422602
0,001859578
0,001314367
0,001358909
0,001611914
0,001411665
0,001465641
0,001375353
0,00150107
0,001441439
0,001438858
0,00131674
0,001562478
0,001345824
0,001381675
0,001384817
0,001437673
0,001379749
0,001367026
0,001615879
0,001345556
0,001308597
0,001353869
0,001324417
0,001431324
0,002815758
0,001537317
0,001357271
0,001415981
0,001355478
0,001430157
0,001659036
0,001449047
0,00194092
0,001377313
0,001448839
0,00134574
0,001362163
0,001401164
0,001433996
0,001389902
0,001355635
0,001333449
0,001348895
0,001387435
0,001282908
0,001274866
0,001451978
0,001439024
0,001363255
0,001345388
0,00139698
0,001351675
0,001352152
0,001379511
0,00136245
0,001408136
0,00139576
0,001350681
0,001410611
0,001513626
0,001430316
0,001510756
0,001503143
0,00136124
0,001455787
0,001440769
0,001439272
0,001382151
0,001425547
0,001528732
0,00200957
0,001571255
0,001522438
0,001318994
0,001442335
0,001512159
0,001424609
0,001411162
0,00173806
0,001439847
0,001331049
0,00146643
