21,093397	14,055241
1,000526	3,299881E-4
1,0008258	3,5708118E-4
1,0005164	1,3513683E-4
1,0002923	2,0066123E-4
1,0004331	3,3603673E-4
1,0010629	1,992975E-4
1,0004987	6,06878E-4
1,0009829	7,0844276E-4
1,0004555	5,7321162E-5
1,0007646	4,0361335E-4
1,0006605	3,9725055E-4
1,0007333	3,1553803E-4
1,0004454	4,3590038E-4
1,0004021	3,7975123E-4
1,0004511	3,0424836E-4
1,0003935	1,8397847E-4
1,0010744	6,251769E-4
1,0008167	5,5216945E-4
1,0004234	2,2535384E-4
1,0008411	8,977276E-4
1,000606	3,3799306E-4
1,0009266	2,0076157E-4
1,000791	4,689479E-4
1,0004778	5,051887E-4
1,0005579	1,7073454E-4
1,0007762	4,3340627E-4
1,0005364	3,7066356E-4
1,0003471	2,1525577E-4
1,0011443	7,02954E-4
1,0006958	1,2587028E-4
1,0008613	2,8527182E-4
1,0008845	3,1384442E-4
1,0018655	5,4367696E-4
1,001145	3,572734E-4
1,0003314	1,5018551E-4
1,0010756	7,1149296E-4
1,0009112	4,4787844E-4
1,0014248	4,211203E-4
1,0002733	1,589329E-4
1,0004555	2,3860618E-4
1,0008003	4,254349E-4
1,0004624	3,3338228E-4
1,0003942	2,5339663E-4
1,0011986	2,0750205E-4
1,0008274	6,228262E-4
1,000214	1,6742318E-4
1,0003785	1,3674432E-4
1,0002226	1,3641999E-4
1,0010616	5,3772546E-4
1,0003463	1,7896744E-4
1,0013107	9,649423E-4
1,000599	1,5612754E-4
