2,31336E-4
8,5931E-5
8,5806E-5
1,48604E-4
7,9488E-5
8,0603E-5
5,9572E-5
1,4678E-4
1,01783E-4
1,18321E-4
8,3605E-5
6,0797E-5
6,1748E-5
3,41637E-4
5,2167E-5
5,3445E-5
5,3898E-5
5,4833E-5
5,2493E-5
4,9125E-5
5,1465E-5
4,8617E-5
5,1416E-5
5,2574E-5
5,4008E-5
5,388E-5
5,6604E-5
4,837E-5
5,3672E-5
5,0545E-5
5,3042E-5
5,1441E-5
5,1653E-5
5,286E-5
5,0681E-5
5,1798E-5
5,2346E-5
5,2293E-5
5,0924E-5
5,0766E-5
5,2662E-5
5,1874E-5
4,9662E-5
5,0967E-5
5,2462E-5
5,4398E-5
4,9888E-5
5,5269E-5
5,248E-5
5,1584E-5
5,3369E-5
4,8245E-5
4,9867E-5
5,3334E-5
5,0896E-5
5,0989E-5
5,4182E-5
5,0815E-5
5,0711E-5
4,9943E-5
5,1745E-5
5,2177E-5
5,3398E-5
4,9973E-5
5,0264E-5
5,4107E-5
5,2083E-5
5,0622E-5
5,4404E-5
5,5023E-5
5,2364E-5
5,2446E-5
5,2626E-5
5,5146E-5
5,0348E-5
5,1292E-5
4,9251E-5
5,4202E-5
5,4348E-5
5,3529E-5
5,2074E-5
5,4096E-5
5,2344E-5
5,2146E-5
5,1172E-5
5,283E-5
4,7833E-5
4,8078E-5
5,1108E-5
5,0612E-5
4,9158E-5
5,0027E-5
4,9779E-5
5,2686E-5
5,0017E-5
5,0831E-5
5,1735E-5
5,2825E-5
4,8761E-5
5,172E-5
4,9605E-5
5,1556E-5
4,7953E-5
5,0414E-5
5,0974E-5
5,2908E-5
5,1837E-5
5,014E-5
5,6098E-5
5,4157E-5
5,334E-5
4,8638E-5
4,9274E-5
5,5145E-5
5,4319E-5
5,0548E-5
4,936E-5
6,0128E-5
5,3458E-5
5,139E-5
5,8427E-5
5,1624E-5
5,0534E-5
5,0731E-5
5,132E-5
5,0918E-5
5,1352E-5
5,0238E-5
5,0659E-5
5,1635E-5
6,2678E-5
5,3291E-5
5,4139E-5
5,2093E-5
5,193E-5
4,8507E-5
4,8468E-5
4,9077E-5
5,1386E-5
5,4452E-5
5,3054E-5
5,3793E-5
4,8832E-5
5,1005E-5
5,5289E-5
5,2058E-5
5,5254E-5
5,6136E-5
5,1553E-5
4,9204E-5
5,5936E-5
5,3735E-5
5,4166E-5
4,9143E-5
5,4198E-5
5,2874E-5
5,2261E-5
5,3819E-5
5,0464E-5
4,9453E-5
5,0495E-5
5,0383E-5
5,3985E-5
5,431E-5
5,2861E-5
4,894E-5
4,9659E-5
5,0168E-5
5,5904E-5
5,4643E-5
5,3249E-5
4,9259E-5
4,9654E-5
5,165E-5
5,6377E-5
5,3893E-5
5,5009E-5
5,0667E-5
6,1915E-5
5,0594E-5
5,9168E-5
6,2266E-5
5,131E-5
5,2854E-5
5,2785E-5
5,0175E-5
5,4473E-5
5,1292E-5
5,1992E-5
4,8529E-5
4,9204E-5
5,3077E-5
5,189E-5
5,0752E-5
5,0843E-5
5,0103E-5
4,9505E-5
5,1716E-5
4,9821E-5
5,0854E-5
5,1132E-5
5,2683E-5
5,0822E-5
5,0107E-5
5,2116E-5
5,4079E-5
5,0532E-5
5,5764E-5
5,3192E-5
5,344E-5
5,2823E-5
5,1466E-5
5,0218E-5
5,1877E-5
5,4423E-5
6,4186E-5
5,5887E-5
5,2907E-5
4,814E-5
5,1138E-5
5,0201E-5
5,0389E-5
4,971E-5
5,2436E-5
5,1927E-5
5,3499E-5
5,3726E-5
5,0078E-5
5,1524E-5
5,6088E-5
5,4845E-5
5,5007E-5
5,6825E-5
4,9579E-5
4,9955E-5
4,9946E-5
4,9901E-5
5,0435E-5
5,059E-5
5,1003E-5
5,1216E-5
5,5745E-5
5,5646E-5
5,2335E-5
4,9957E-5
5,1895E-5
5,2518E-5
5,3064E-5
5,0926E-5
5,0782E-5
5,3752E-5
5,1566E-5
5,1241E-5
5,1014E-5
5,3168E-5
5,2053E-5
5,1752E-5
4,9329E-5
5,0119E-5
4,9295E-5
5,1337E-5
5,4503E-5
5,4937E-5
5,2322E-5
5,9196E-5
5,0516E-5
5,1662E-5
5,1623E-5
4,8206E-5
5,0282E-5
4,8852E-5
5,0571E-5
5,6593E-5
5,5442E-5
6,2503E-5
5,4139E-5
4,976E-5
4,9723E-5
5,4438E-5
5,299E-5
5,1236E-5
6,2661E-5
5,6923E-5
5,2991E-5
5,3975E-5
5,7382E-5
5,7173E-5
5,5689E-5
5,0231E-5
6,5653E-5
5,3074E-5
4,7892E-5
5,0667E-5
5,0811E-5
5,4493E-5
4,9783E-5
5,2107E-5
5,0159E-5
5,1868E-5
5,1035E-5
5,0726E-5
5,4091E-5
5,1868E-5
5,4664E-5
5,5481E-5
5,6348E-5
5,018E-5
5,6688E-5
5,7991E-5
5,5986E-5
4,8839E-5
5,0457E-5
5,071E-5
4,7978E-5
5,0667E-5
5,1611E-5
5,3345E-5
4,8014E-5
5,3177E-5
4,9888E-5
5,1248E-5
4,973E-5
5,1551E-5
5,6933E-5
5,5791E-5
5,2074E-5
5,3516E-5
5,1644E-5
5,2119E-5
5,0147E-5
5,1375E-5
5,0524E-5
4,941E-5
4,8913E-5
5,3501E-5
5,224E-5
5,0751E-5
5,1646E-5
5,0578E-5
5,0749E-5
5,0161E-5
5,0295E-5
4,7691E-5
4,8909E-5
4,9923E-5
5,0041E-5
5,1239E-5
5,1414E-5
5,0888E-5
5,0504E-5
5,086E-5
5,2104E-5
4,9456E-5
4,9861E-5
5,1798E-5
4,9874E-5
5,064E-5
4,6823E-5
4,8623E-5
4,9248E-5
5,0062E-5
4,9966E-5
5,0722E-5
4,8479E-5
4,9088E-5
5,1043E-5
5,0927E-5
5,1328E-5
5,1598E-5
5,0944E-5
4,9628E-5
5,037E-5
4,8825E-5
5,4879E-5
5,112E-5
5,2392E-5
5,223E-5
5,0088E-5
5,1423E-5
5,0281E-5
4,8547E-5
5,0166E-5
5,1795E-5
4,8552E-5
5,1093E-5
5,1982E-5
4,9829E-5
5,2139E-5
5,137E-5
4,8578E-5
5,0361E-5
5,0746E-5
4,7737E-5
5,1691E-5
5,2353E-5
5,0462E-5
4,8513E-5
4,7198E-5
4,976E-5
5,19E-5
4,9958E-5
4,8043E-5
4,8618E-5
5,1608E-5
5,2271E-5
5,1779E-5
5,1601E-5
4,7828E-5
4,9861E-5
5,0735E-5
5,2717E-5
4,877E-5
4,8844E-5
5,1824E-5
5,0449E-5
5,0048E-5
5,1924E-5
5,0184E-5
4,9621E-5
4,8301E-5
5,06E-5
4,9131E-5
5,0918E-5
4,9746E-5
5,0119E-5
5,333E-5
5,1273E-5
5,0892E-5
5,1471E-5
5,2836E-5
5,1719E-5
5,2056E-5
5,1737E-5
5,2532E-5
4,9967E-5
4,9655E-5
5,0326E-5
4,9105E-5
4,8598E-5
4,9644E-5
5,2766E-5
5,2023E-5
4,7465E-5
5,188E-5
4,9618E-5
5,0434E-5
5,088E-5
5,2185E-5
5,0014E-5
5,2761E-5
5,1236E-5
4,9609E-5
6,0546E-5
5,1948E-5
5,1136E-5
4,844E-5
5,1164E-5
5,1826E-5
5,0277E-5
4,9898E-5
5,0423E-5
4,8875E-5
5,1208E-5
5,1099E-5
5,2587E-5
5,2016E-5
4,9264E-5
5,0949E-5
5,2545E-5
5,2247E-5
5,1641E-5
4,7976E-5
5,384E-5
4,9741E-5
5,0665E-5
5,1193E-5
5,2132E-5
5,1118E-5
5,0315E-5
4,9322E-5
4,8237E-5
4,8297E-5
5,7582E-5
5,2563E-5
5,5509E-5
5,1747E-5
5,2418E-5
5,3798E-5
5,3632E-5
5,123E-5
5,2207E-5
5,1213E-5
5,0454E-5
5,0009E-5
5,525E-5
5,1063E-5
5,2868E-5
5,49E-5
4,9782E-5
5,0321E-5
5,5422E-5
5,1984E-5
5,114E-5
5,2251E-5
5,4374E-5
5,252E-5
5,2822E-5
5,4493E-5
5,3659E-5
5,0351E-5
5,5878E-5
5,3086E-5
5,2196E-5
5,3514E-5
5,3628E-5
5,3089E-5
4,9191E-5
5,0275E-5
5,3229E-5
5,7399E-5
5,1811E-5
5,0703E-5
5,4159E-5
5,0596E-5
5,0456E-5
5,0852E-5
4,9638E-5
5,2504E-5
5,6164E-5
5,3228E-5
5,3528E-5
5,2804E-5
5,5166E-5
5,1407E-5
4,9456E-5
4,9577E-5
5,0991E-5
4,9636E-5
5,0283E-5
4,9506E-5
5,4803E-5
5,3496E-5
5,4777E-5
5,324E-5
5,0382E-5
5,3794E-5
5,6921E-5
5,1634E-5
5,2127E-5
5,1351E-5
4,7962E-5
5,2895E-5
5,1754E-5
5,0788E-5
5,0719E-5
5,4326E-5
5,1815E-5
5,4827E-5
5,447E-5
5,1979E-5
4,9662E-5
5,1359E-5
5,448E-5
5,0774E-5
5,6223E-5
5,2546E-5
5,0268E-5
5,1674E-5
5,34E-5
5,0121E-5
4,9031E-5
4,8398E-5
4,964E-5
5,1234E-5
5,19E-5
4,9131E-5
4,8556E-5
4,7433E-5
5,0664E-5
5,3492E-5
4,7257E-5
5,4979E-5
5,1341E-5
5,2605E-5
5,5853E-5
5,4298E-5
5,3547E-5
5,1955E-5
4,9862E-5
6,2365E-5
5,3111E-5
4,999E-5
4,947E-5
5,1917E-5
5,206E-5
5,0129E-5
5,1047E-5
5,247E-5
5,2153E-5
5,4703E-5
5,4233E-5
5,5077E-5
5,1539E-5
5,0558E-5
5,2023E-5
4,9755E-5
5,0194E-5
5,1324E-5
5,0224E-5
5,0418E-5
4,8872E-5
5,1305E-5
5,8296E-5
5,2271E-5
5,289E-5
5,3368E-5
4,9494E-5
5,1415E-5
5,2593E-5
5,1257E-5
5,1479E-5
5,0353E-5
5,2696E-5
5,5969E-5
5,4316E-5
4,8376E-5
5,1487E-5
5,3579E-5
5,2927E-5
5,1961E-5
5,5523E-5
5,3791E-5
4,8708E-5
5,2393E-5
4,9277E-5
5,1419E-5
5,0129E-5
4,9364E-5
5,1985E-5
5,2855E-5
5,3893E-5
5,3545E-5
5,3339E-5
5,1778E-5
5,4014E-5
5,1041E-5
5,0018E-5
4,8443E-5
4,9849E-5
5,0212E-5
5,0792E-5
5,1949E-5
5,3128E-5
5,0356E-5
5,178E-5
5,3893E-5
6,2578E-5
5,0987E-5
5,039E-5
4,9698E-5
5,0337E-5
5,1328E-5
5,136E-5
5,2459E-5
5,4838E-5
5,4717E-5
5,2805E-5
6,1828E-5
5,313E-5
5,1213E-5
5,0612E-5
5,0961E-5
5,0375E-5
5,3353E-5
5,4521E-5
5,1689E-5
4,9655E-5
5,4089E-5
5,6082E-5
5,1612E-5
4,8692E-5
4,9746E-5
5,1625E-5
5,1758E-5
5,349E-5
5,5032E-5
5,4973E-5
5,1705E-5
5,4128E-5
5,1E-5
4,8504E-5
4,9173E-5
5,0846E-5
5,3396E-5
5,3112E-5
5,242E-5
4,9585E-5
4,8531E-5
4,8993E-5
5,0318E-5
5,0009E-5
4,9533E-5
5,5278E-5
5,2227E-5
4,8398E-5
5,1472E-5
5,2508E-5
5,4511E-5
5,0631E-5
5,0475E-5
5,82E-5
5,0985E-5
5,7772E-5
5,3249E-5
5,3422E-5
5,1376E-5
5,1465E-5
5,3759E-5
5,2406E-5
4,934E-5
5,1109E-5
5,4013E-5
4,874E-5
5,3182E-5
5,2086E-5
5,4124E-5
5,266E-5
5,3747E-5
5,1458E-5
4,7984E-5
5,035E-5
5,1063E-5
5,1372E-5
5,2448E-5
5,1438E-5
4,9915E-5
5,3748E-5
4,779E-5
4,7412E-5
4,8021E-5
5,1307E-5
5,5038E-5
5,2346E-5
5,152E-5
5,1882E-5
5,0407E-5
4,8204E-5
4,903E-5
4,9241E-5
5,2425E-5
5,2663E-5
9,731E-5
8,5533E-5
5,5323E-5
4,916E-5
5,1708E-5
