4,23259E-4
3,04384E-4
3,65481E-4
3,14434E-4
3,99019E-4
3,7309E-4
3,57811E-4
3,59342E-4
2,85345E-4
3,77218E-4
3,11978E-4
2,90391E-4
0,001971691
2,58015E-4
2,66415E-4
2,83789E-4
2,51666E-4
2,51956E-4
2,58274E-4
2,57535E-4
2,53148E-4
2,62572E-4
2,45581E-4
2,51808E-4
2,55698E-4
3,10342E-4
2,69072E-4
2,62084E-4
2,62993E-4
2,62427E-4
2,78068E-4
2,68165E-4
2,51841E-4
2,64147E-4
2,71214E-4
2,50801E-4
2,97386E-4
2,51876E-4
2,67178E-4
2,67875E-4
2,39549E-4
2,76539E-4
2,59827E-4
2,53985E-4
2,43644E-4
2,62849E-4
2,65699E-4
2,64527E-4
2,5068E-4
2,81319E-4
2,58567E-4
2,48262E-4
2,34942E-4
2,51771E-4
2,4064E-4
2,55596E-4
2,47642E-4
2,5766E-4
2,82195E-4
2,40135E-4
2,66933E-4
2,55379E-4
2,55893E-4
2,62705E-4
2,60383E-4
2,54218E-4
2,29379E-4
2,58672E-4
2,61261E-4
2,57478E-4
2,63195E-4
2,82372E-4
2,78805E-4
3,13372E-4
2,59634E-4
2,4725E-4
2,26902E-4
2,68944E-4
2,60776E-4
2,48841E-4
2,38349E-4
2,66691E-4
2,5961E-4
2,66453E-4
2,31888E-4
2,58258E-4
2,25532E-4
2,61663E-4
2,43481E-4
2,44248E-4
2,48095E-4
2,41896E-4
2,50594E-4
2,68828E-4
2,58734E-4
2,72186E-4
2,61399E-4
2,49735E-4
2,68801E-4
2,57781E-4
2,67564E-4
2,65316E-4
2,59899E-4
2,56819E-4
2,68438E-4
2,59147E-4
2,60259E-4
2,66143E-4
2,65099E-4
2,56857E-4
2,8389E-4
2,68734E-4
2,50941E-4
2,65709E-4
2,75096E-4
2,71721E-4
2,64257E-4
2,38664E-4
2,60107E-4
2,7124E-4
2,62975E-4
2,54981E-4
2,70165E-4
2,60729E-4
2,86261E-4
2,88408E-4
2,86345E-4
2,66107E-4
2,8014E-4
2,75551E-4
2,66887E-4
2,89716E-4
2,78043E-4
3,52324E-4
2,66412E-4
2,77077E-4
2,66328E-4
2,69482E-4
2,70899E-4
2,79393E-4
2,59064E-4
2,81935E-4
2,36148E-4
2,73947E-4
2,44878E-4
2,33147E-4
2,67178E-4
2,57613E-4
2,68885E-4
2,61608E-4
2,69982E-4
2,62573E-4
2,69815E-4
2,57568E-4
2,29196E-4
2,61158E-4
2,73046E-4
2,74559E-4
2,12363E-4
2,65484E-4
2,63708E-4
2,68876E-4
2,15125E-4
2,92118E-4
2,83382E-4
2,66168E-4
2,35665E-4
2,66268E-4
2,60838E-4
2,82953E-4
2,66279E-4
2,71748E-4
2,699E-4
2,27838E-4
2,89322E-4
2,65557E-4
2,44457E-4
2,68016E-4
2,60783E-4
2,39207E-4
2,94584E-4
2,64995E-4
2,39564E-4
2,61288E-4
2,63616E-4
2,62199E-4
2,68187E-4
2,65442E-4
2,59588E-4
2,72467E-4
2,66809E-4
2,57507E-4
2,6171E-4
2,62622E-4
2,56172E-4
2,57737E-4
2,72048E-4
2,5991E-4
2,65959E-4
2,63918E-4
2,63219E-4
2,64889E-4
2,66091E-4
2,34627E-4
2,69474E-4
2,65164E-4
2,57717E-4
2,70406E-4
2,6769E-4
2,65856E-4
2,57499E-4
2,75676E-4
2,54841E-4
2,39021E-4
2,59929E-4
2,59409E-4
2,63251E-4
2,75003E-4
2,77775E-4
2,88886E-4
2,59259E-4
2,59959E-4
2,62905E-4
2,3624E-4
2,71092E-4
2,81218E-4
2,46909E-4
2,38794E-4
2,45574E-4
2,37187E-4
2,35796E-4
2,61599E-4
2,5826E-4
2,59333E-4
2,58984E-4
2,52938E-4
2,30534E-4
2,66279E-4
2,58913E-4
2,5552E-4
2,90092E-4
2,59868E-4
2,62735E-4
2,42894E-4
2,38111E-4
2,3663E-4
2,41467E-4
2,55868E-4
2,46168E-4
2,36554E-4
2,38648E-4
2,6831E-4
2,66404E-4
2,59114E-4
2,55963E-4
2,51993E-4
2,92736E-4
2,76886E-4
3,21093E-4
2,67603E-4
2,66052E-4
2,58821E-4
2,2835E-4
2,75915E-4
2,50864E-4
2,58778E-4
2,71115E-4
2,68002E-4
2,58391E-4
2,59345E-4
2,19728E-4
2,61713E-4
2,58567E-4
2,62518E-4
2,81323E-4
2,77808E-4
2,89398E-4
2,41462E-4
2,39401E-4
2,72004E-4
2,6457E-4
2,41995E-4
2,59413E-4
2,79414E-4
2,75155E-4
2,86596E-4
2,43961E-4
2,67821E-4
2,64113E-4
2,80835E-4
2,52603E-4
2,45262E-4
2,49785E-4
2,85171E-4
2,6324E-4
2,35427E-4
2,77665E-4
2,29356E-4
2,82405E-4
2,28495E-4
2,42381E-4
2,80386E-4
2,37218E-4
2,37902E-4
2,35604E-4
2,34683E-4
2,49217E-4
2,34797E-4
2,36173E-4
2,27554E-4
2,33951E-4
2,3191E-4
2,43519E-4
2,36342E-4
2,67496E-4
2,37665E-4
2,61229E-4
2,38147E-4
2,55884E-4
2,27406E-4
2,3357E-4
2,30202E-4
2,5886E-4
2,31873E-4
2,34916E-4
2,27198E-4
2,30635E-4
2,29386E-4
2,30604E-4
2,35441E-4
2,3158E-4
2,30962E-4
2,37021E-4
2,31848E-4
2,34393E-4
2,29759E-4
2,40343E-4
2,3833E-4
2,37131E-4
2,41938E-4
2,34182E-4
2,47852E-4
2,49354E-4
2,5351E-4
2,71017E-4
2,862E-4
2,60356E-4
2,48582E-4
2,28485E-4
2,27385E-4
2,67656E-4
2,43549E-4
2,81322E-4
2,62565E-4
2,56234E-4
2,46957E-4
2,8959E-4
2,87306E-4
2,5993E-4
2,25639E-4
2,60011E-4
2,60859E-4
2,55386E-4
2,29479E-4
2,37526E-4
2,35286E-4
2,58986E-4
2,63992E-4
2,3612E-4
2,76659E-4
2,6164E-4
2,53667E-4
2,55734E-4
2,55599E-4
2,56317E-4
2,53973E-4
2,55164E-4
2,5418E-4
2,56169E-4
2,77051E-4
2,72271E-4
2,59153E-4
2,5366E-4
2,56375E-4
2,56463E-4
2,55223E-4
2,80751E-4
2,64598E-4
2,53781E-4
2,5449E-4
2,57047E-4
2,52898E-4
2,35696E-4
2,55576E-4
2,30741E-4
2,49638E-4
2,51974E-4
2,50856E-4
2,63389E-4
2,50561E-4
2,56479E-4
2,5432E-4
2,57134E-4
2,57044E-4
2,63048E-4
2,60594E-4
2,66888E-4
2,63025E-4
2,63972E-4
2,6877E-4
2,49222E-4
2,80758E-4
2,67321E-4
2,80458E-4
2,61604E-4
2,77328E-4
2,58856E-4
2,56407E-4
2,50423E-4
2,65495E-4
2,58375E-4
2,56294E-4
2,59187E-4
2,90809E-4
2,57302E-4
2,28928E-4
2,691E-4
2,73662E-4
2,89702E-4
2,62207E-4
2,60954E-4
2,55812E-4
2,42777E-4
2,68992E-4
2,6234E-4
2,60066E-4
2,62329E-4
2,8291E-4
2,63013E-4
2,57012E-4
2,40217E-4
2,36551E-4
2,39752E-4
2,30631E-4
2,28023E-4
2,3042E-4
2,71215E-4
2,38758E-4
2,26727E-4
2,56253E-4
2,61428E-4
2,54781E-4
2,64407E-4
2,63245E-4
2,31125E-4
2,62147E-4
2,70449E-4
2,60404E-4
2,31572E-4
2,40381E-4
2,38086E-4
2,37293E-4
2,38641E-4
2,90513E-4
2,70407E-4
2,74409E-4
2,62046E-4
2,54145E-4
2,74164E-4
2,69809E-4
2,49337E-4
2,35617E-4
2,32885E-4
2,36443E-4
2,56162E-4
2,3067E-4
2,37543E-4
2,38869E-4
2,3066E-4
2,36809E-4
2,31395E-4
2,56111E-4
2,36644E-4
2,61832E-4
2,59506E-4
2,41128E-4
2,61048E-4
2,69533E-4
2,53602E-4
2,63276E-4
2,37063E-4
2,57341E-4
2,47835E-4
2,69276E-4
2,61574E-4
2,65629E-4
2,57547E-4
2,67474E-4
2,60583E-4
2,41976E-4
2,51102E-4
2,53614E-4
2,5787E-4
2,62106E-4
2,76272E-4
2,62925E-4
2,3313E-4
2,32562E-4
2,58031E-4
2,65117E-4
2,36225E-4
2,5982E-4
2,81802E-4
2,55354E-4
2,5615E-4
2,55327E-4
2,5148E-4
2,55651E-4
2,51793E-4
2,32408E-4
2,29344E-4
2,57113E-4
2,55721E-4
2,54306E-4
2,55937E-4
2,6245E-4
2,53114E-4
2,54324E-4
2,56768E-4
2,64076E-4
2,66445E-4
2,53417E-4
2,66434E-4
2,87009E-4
2,61218E-4
2,76044E-4
2,61823E-4
2,71357E-4
2,52479E-4
2,59224E-4
2,58438E-4
2,54653E-4
2,62583E-4
2,58599E-4
2,58568E-4
2,71111E-4
2,54741E-4
2,56047E-4
2,73797E-4
2,57039E-4
2,61593E-4
2,85452E-4
2,53983E-4
2,57141E-4
2,69376E-4
2,6311E-4
2,56458E-4
2,58325E-4
2,58801E-4
2,53759E-4
2,62218E-4
2,55436E-4
2,42682E-4
2,63627E-4
2,59477E-4
2,55629E-4
2,36039E-4
2,58881E-4
2,5753E-4
2,5334E-4
2,8861E-4
2,68321E-4
2,54009E-4
2,56409E-4
2,21058E-4
2,67269E-4
2,31918E-4
2,65898E-4
2,7952E-4
2,59265E-4
2,70866E-4
2,71607E-4
2,55023E-4
2,66404E-4
2,64195E-4
2,58609E-4
2,60621E-4
2,66035E-4
2,87256E-4
2,79321E-4
2,5047E-4
2,39032E-4
2,34608E-4
2,30069E-4
2,41667E-4
2,64024E-4
2,76745E-4
2,50727E-4
2,3897E-4
2,44866E-4
2,33267E-4
2,36076E-4
2,31492E-4
2,34291E-4
2,68246E-4
2,8195E-4
2,55806E-4
2,63867E-4
2,56781E-4
2,55225E-4
2,42103E-4
2,83835E-4
2,77349E-4
2,62952E-4
2,40593E-4
2,29347E-4
2,36324E-4
2,66105E-4
2,64341E-4
2,57638E-4
2,45316E-4
2,5557E-4
2,59547E-4
2,63897E-4
2,59189E-4
2,64286E-4
2,57777E-4
2,52813E-4
2,52379E-4
2,56282E-4
2,58624E-4
2,60923E-4
2,59065E-4
2,42523E-4
2,3494E-4
2,43234E-4
2,46923E-4
2,37554E-4
2,32778E-4
2,37108E-4
2,41324E-4
2,37944E-4
2,45044E-4
2,39737E-4
2,38674E-4
2,64582E-4
2,56639E-4
2,75155E-4
2,53076E-4
2,56641E-4
2,56407E-4
2,58959E-4
2,68631E-4
2,75444E-4
2,30863E-4
2,72958E-4
2,54002E-4
2,5282E-4
2,61794E-4
2,56442E-4
2,6522E-4
2,62416E-4
2,61742E-4
2,55391E-4
2,51917E-4
2,58161E-4
2,52011E-4
2,41636E-4
2,29605E-4
2,63767E-4
2,6169E-4
2,72441E-4
2,65463E-4
2,54598E-4
2,62056E-4
2,65902E-4
2,55344E-4
2,51426E-4
2,55702E-4
2,55108E-4
2,4542E-4
2,54073E-4
2,59165E-4
2,55808E-4
2,52688E-4
2,53588E-4
2,55323E-4
2,55059E-4
2,61562E-4
2,67052E-4
2,60957E-4
2,55E-4
2,67244E-4
2,39711E-4
2,32597E-4
2,57799E-4
2,52913E-4
2,65058E-4
2,6302E-4
2,48188E-4
2,47566E-4
2,69579E-4
2,73161E-4
2,7391E-4
2,63951E-4
2,3909E-4
2,37501E-4
2,46903E-4
2,94199E-4
2,52862E-4
2,46396E-4
2,40068E-4
2,33845E-4
2,30516E-4
2,58161E-4
2,7203E-4
2,55543E-4
2,2335E-4
2,5208E-4
2,18925E-4
2,5694E-4
2,52789E-4
2,74412E-4
2,5321E-4
2,59817E-4
2,49927E-4
2,52166E-4
2,59835E-4
2,56903E-4
2,40769E-4
2,69496E-4
2,56657E-4
2,57443E-4
2,58932E-4
2,60965E-4
2,65424E-4
2,60368E-4
2,55709E-4
2,45645E-4
2,71038E-4
2,52528E-4
2,5455E-4
2,56373E-4
