2,9799E-5
2,5415E-5
2,5592E-5
2,4673E-5
2,605E-5
2,4981E-5
2,6053E-5
3,0687E-5
2,5244E-5
2,4876E-5
2,6636E-5
2,5836E-5
2,9158E-5
2,5264E-5
3,3223E-5
2,7262E-5
2,7481E-5
3,1795E-5
2,5139E-5
2,4734E-5
2,7469E-5
2,6379E-5
2,5095E-5
2,8629E-5
2,7786E-5
2,4787E-5
2,9384E-5
2,8211E-5
2,7466E-5
2,5769E-5
2,5749E-5
2,5716E-5
2,7472E-5
2,7242E-5
2,5685E-5
2,58E-5
2,6449E-5
2,6937E-5
2,5505E-5
2,5681E-5
2,5336E-5
2,5746E-5
2,3942E-5
2,6477E-5
2,6449E-5
2,6281E-5
2,6856E-5
2,611E-5
2,6151E-5
2,4784E-5
2,5298E-5
3,2209E-5
2,5983E-5
3,1179E-5
2,827E-5
2,6424E-5
2,6335E-5
2,7055E-5
2,5244E-5
2,4761E-5
2,74E-5
2,596E-5
2,9256E-5
2,7592E-5
2,7118E-5
2,7341E-5
2,7052E-5
2,7787E-5
2,7757E-5
2,5162E-5
2,9952E-5
2,5008E-5
2,8765E-5
2,6466E-5
2,6432E-5
2,7654E-5
2,7857E-5
2,5996E-5
2,5572E-5
2,5388E-5
2,5259E-5
4,5603E-5
2,6957E-5
2,5796E-5
2,6654E-5
2,5607E-5
3,1979E-5
2,5629E-5
2,7933E-5
2,531E-5
2,6996E-5
2,6299E-5
2,6913E-5
2,5511E-5
2,6996E-5
2,6335E-5
2,6657E-5
2,6304E-5
2,569E-5
2,5331E-5
2,5216E-5
2,6034E-5
2,6781E-5
2,4351E-5
2,5195E-5
2,5525E-5
2,5324E-5
2,4901E-5
2,5122E-5
2,4643E-5
2,5588E-5
2,6971E-5
2,7965E-5
2,567E-5
2,69E-5
2,5511E-5
2,4706E-5
2,8093E-5
2,498E-5
2,7075E-5
2,587E-5
2,5501E-5
2,5162E-5
2,7046E-5
2,5691E-5
2,7172E-5
2,5973E-5
2,8252E-5
2,6658E-5
2,6062E-5
2,471E-5
2,6604E-5
2,5805E-5
2,7431E-5
2,6623E-5
2,3745E-5
2,9404E-5
2,6008E-5
2,8006E-5
2,882E-5
2,5126E-5
2,5926E-5
2,5215E-5
2,4732E-5
2,5221E-5
2,4674E-5
2,5085E-5
2,6958E-5
2,5231E-5
2,3861E-5
2,727E-5
2,4788E-5
2,907E-5
2,6052E-5
2,6559E-5
2,4657E-5
2,5165E-5
2,6192E-5
3,0838E-5
2,5309E-5
2,4672E-5
2,4631E-5
2,9276E-5
2,671E-5
2,6595E-5
2,5999E-5
2,5431E-5
2,5124E-5
2,5399E-5
2,6172E-5
2,4006E-5
4,0525E-5
2,5078E-5
2,5052E-5
2,4178E-5
2,736E-5
3,64E-5
2,5438E-5
2,6262E-5
2,6404E-5
2,4823E-5
2,466E-5
2,4677E-5
0,001536247
2,525E-5
2,5341E-5
2,4807E-5
2,5857E-5
2,4524E-5
2,6598E-5
2,764E-5
2,6457E-5
2,5789E-5
2,4056E-5
2,4234E-5
2,8365E-5
2,6555E-5
2,4873E-5
2,5764E-5
2,45E-5
2,5801E-5
2,5383E-5
3,01E-5
2,7045E-5
2,4371E-5
2,4837E-5
3,4973E-5
2,5535E-5
2,7235E-5
2,4745E-5
2,5478E-5
2,4833E-5
2,6522E-5
2,6116E-5
2,6757E-5
2,5389E-5
2,4887E-5
2,5462E-5
2,6231E-5
2,6931E-5
2,4022E-5
2,6191E-5
2,806E-5
2,7084E-5
2,6439E-5
2,6909E-5
2,5836E-5
2,5664E-5
2,7718E-5
2,5995E-5
2,5035E-5
2,5369E-5
2,6108E-5
3,1369E-5
2,4754E-5
2,681E-5
2,5502E-5
2,676E-5
2,5985E-5
2,4061E-5
2,4242E-5
2,6246E-5
2,4418E-5
2,8242E-5
2,4857E-5
2,4722E-5
2,6508E-5
2,7367E-5
2,4043E-5
2,6171E-5
2,5926E-5
2,6296E-5
2,6793E-5
2,8892E-5
2,4399E-5
2,4624E-5
2,501E-5
2,4772E-5
2,5964E-5
2,5702E-5
2,6658E-5
2,7409E-5
2,7855E-5
2,6001E-5
2,7501E-5
2,5291E-5
2,4757E-5
2,4539E-5
2,5332E-5
2,4705E-5
2,4254E-5
2,3902E-5
2,4225E-5
2,6876E-5
2,8409E-5
2,597E-5
2,6148E-5
2,455E-5
2,5162E-5
2,4677E-5
2,4231E-5
2,6737E-5
2,5689E-5
2,5708E-5
2,5951E-5
2,5983E-5
2,5546E-5
2,6039E-5
2,513E-5
2,5789E-5
2,439E-5
2,4411E-5
2,5092E-5
2,4369E-5
2,5432E-5
2,9126E-5
2,5584E-5
2,5353E-5
2,4494E-5
2,4629E-5
2,4818E-5
2,6785E-5
2,5241E-5
2,5709E-5
2,752E-5
3,4177E-5
2,4065E-5
2,8258E-5
2,531E-5
2,3648E-5
2,4197E-5
2,4882E-5
2,4522E-5
2,4261E-5
2,3397E-5
2,4197E-5
2,4681E-5
2,5135E-5
2,5597E-5
2,5506E-5
2,4778E-5
2,3547E-5
2,6111E-5
2,3729E-5
2,6841E-5
2,8201E-5
2,6508E-5
2,5038E-5
2,5296E-5
2,5553E-5
2,5573E-5
2,4893E-5
2,6093E-5
3,001E-5
2,5397E-5
2,518E-5
2,5661E-5
2,5832E-5
2,5797E-5
2,5263E-5
2,4971E-5
2,712E-5
2,5927E-5
2,5841E-5
2,4848E-5
2,5127E-5
2,6169E-5
2,5239E-5
2,4939E-5
2,625E-5
2,795E-5
2,4369E-5
2,3981E-5
2,3613E-5
2,3758E-5
2,5582E-5
2,5329E-5
2,5382E-5
2,3351E-5
2,464E-5
2,4962E-5
2,6288E-5
2,5348E-5
2,4963E-5
2,4364E-5
2,5854E-5
2,9784E-5
2,6556E-5
2,6684E-5
2,6726E-5
2,8957E-5
2,7429E-5
2,5664E-5
2,5646E-5
2,6263E-5
2,6304E-5
2,6141E-5
2,4176E-5
2,5034E-5
2,5191E-5
2,5834E-5
2,4342E-5
2,4963E-5
2,4521E-5
2,548E-5
2,4402E-5
2,5932E-5
2,5538E-5
2,5801E-5
2,5715E-5
2,4405E-5
2,4768E-5
2,5397E-5
2,6638E-5
2,6054E-5
2,7865E-5
2,8521E-5
2,7143E-5
2,3775E-5
2,5423E-5
2,5963E-5
2,6463E-5
2,6683E-5
2,7011E-5
2,7222E-5
2,5763E-5
2,5387E-5
2,5706E-5
2,5143E-5
3,0397E-5
2,7249E-5
2,6716E-5
2,6636E-5
2,8245E-5
2,6549E-5
2,7078E-5
2,6107E-5
2,5994E-5
2,4798E-5
2,4952E-5
2,5341E-5
2,6216E-5
2,4565E-5
2,4618E-5
2,5791E-5
2,6408E-5
2,4272E-5
2,4711E-5
2,4781E-5
2,614E-5
2,4346E-5
2,4382E-5
2,6017E-5
2,5331E-5
3,4228E-5
2,7331E-5
2,8889E-5
2,9777E-5
2,8079E-5
2,9954E-5
2,6692E-5
2,5495E-5
2,5469E-5
2,6816E-5
2,4099E-5
2,4255E-5
2,5949E-5
2,4917E-5
2,349E-5
2,5233E-5
2,6294E-5
2,413E-5
2,6288E-5
2,4834E-5
2,6539E-5
2,5681E-5
2,5949E-5
2,6926E-5
2,4712E-5
2,479E-5
2,4459E-5
2,4455E-5
2,6019E-5
2,586E-5
2,3721E-5
2,5208E-5
2,5721E-5
2,4777E-5
2,5001E-5
3,5202E-5
2,5899E-5
2,4979E-5
2,5221E-5
2,6249E-5
2,5058E-5
2,3932E-5
2,5001E-5
2,3731E-5
2,6905E-5
2,5382E-5
2,5851E-5
2,5469E-5
2,4057E-5
2,6297E-5
3,2921E-5
2,4818E-5
2,4686E-5
4,0229E-5
2,4362E-5
2,4687E-5
2,5266E-5
2,4907E-5
2,6665E-5
2,5343E-5
2,5867E-5
2,4202E-5
2,3907E-5
2,4829E-5
2,5965E-5
2,5187E-5
2,5857E-5
2,5093E-5
2,3452E-5
2,5315E-5
2,7732E-5
2,4991E-5
2,423E-5
2,6503E-5
2,5412E-5
2,5682E-5
2,4902E-5
2,5286E-5
3,1786E-5
2,6274E-5
2,3601E-5
2,5156E-5
2,5262E-5
2,44E-5
2,5336E-5
3,2218E-5
2,6659E-5
2,6546E-5
2,6974E-5
2,6115E-5
2,7238E-5
2,5331E-5
2,8294E-5
2,4331E-5
2,577E-5
3,2481E-5
2,6402E-5
2,7765E-5
2,6186E-5
2,6642E-5
2,6071E-5
2,418E-5
2,4471E-5
2,6459E-5
2,3837E-5
3,2082E-5
3,154E-5
3,1118E-5
3,2644E-5
3,1649E-5
2,5652E-5
2,6032E-5
2,4929E-5
2,4603E-5
2,4068E-5
2,6231E-5
2,6468E-5
2,5476E-5
2,6554E-5
2,4432E-5
2,5002E-5
2,4066E-5
2,6825E-5
2,6924E-5
2,5858E-5
2,689E-5
2,4202E-5
2,4362E-5
2,3391E-5
2,5071E-5
2,5618E-5
2,439E-5
2,5082E-5
2,5818E-5
2,5075E-5
2,6136E-5
2,5775E-5
2,4232E-5
2,8653E-5
2,6302E-5
2,519E-5
2,5858E-5
2,549E-5
2,474E-5
2,4976E-5
2,6363E-5
2,6646E-5
2,8262E-5
2,4196E-5
2,495E-5
2,4196E-5
2,63E-5
2,5653E-5
2,5996E-5
2,4553E-5
2,4516E-5
2,6393E-5
2,6471E-5
2,6675E-5
2,5583E-5
2,584E-5
2,3945E-5
2,5646E-5
2,6128E-5
2,6418E-5
2,6507E-5
2,4827E-5
2,4714E-5
2,6212E-5
2,752E-5
2,4465E-5
2,4603E-5
2,4669E-5
2,7448E-5
3,0386E-5
2,4542E-5
2,5633E-5
2,6158E-5
2,6604E-5
2,5897E-5
2,3101E-5
2,5576E-5
2,5871E-5
2,9086E-5
2,5837E-5
2,673E-5
2,406E-5
2,5324E-5
2,4302E-5
2,3833E-5
2,3987E-5
2,4676E-5
2,6275E-5
2,7435E-5
2,4479E-5
2,4925E-5
2,4578E-5
2,4064E-5
2,6114E-5
2,3816E-5
2,483E-5
2,5442E-5
2,555E-5
2,6412E-5
2,5611E-5
2,4356E-5
2,5897E-5
2,5111E-5
2,5399E-5
2,7044E-5
2,5197E-5
2,5798E-5
2,556E-5
2,6018E-5
2,5569E-5
2,5693E-5
2,5979E-5
2,6304E-5
2,5213E-5
2,5945E-5
2,5997E-5
2,5667E-5
2,59E-5
2,4816E-5
2,7035E-5
2,5938E-5
2,5174E-5
2,9119E-5
2,6163E-5
2,6135E-5
2,4161E-5
2,5926E-5
2,4775E-5
2,4638E-5
2,5569E-5
2,4823E-5
2,5418E-5
2,4791E-5
2,5051E-5
2,6356E-5
2,6083E-5
2,5013E-5
2,5471E-5
2,3919E-5
2,5568E-5
2,4499E-5
2,55E-5
2,4556E-5
2,6311E-5
2,7051E-5
2,5433E-5
2,5231E-5
2,5866E-5
2,5777E-5
2,4091E-5
2,3832E-5
2,474E-5
2,368E-5
2,5576E-5
2,5728E-5
2,6082E-5
2,5822E-5
2,6322E-5
2,6714E-5
2,5219E-5
2,6032E-5
2,5365E-5
2,5819E-5
2,5843E-5
2,52E-5
2,9588E-5
2,7475E-5
2,6373E-5
2,5842E-5
2,5677E-5
2,6106E-5
2,4461E-5
2,6688E-5
2,6532E-5
2,6301E-5
2,648E-5
2,5386E-5
2,4773E-5
2,4665E-5
2,6575E-5
3,2385E-5
2,718E-5
2,5475E-5
2,3832E-5
2,4759E-5
2,429E-5
2,6775E-5
2,7009E-5
2,6181E-5
2,5493E-5
2,5855E-5
2,4785E-5
2,4876E-5
2,426E-5
2,526E-5
2,5062E-5
2,8504E-5
2,5416E-5
2,5076E-5
2,5903E-5
2,529E-5
2,3869E-5
2,5669E-5
2,6026E-5
2,6255E-5
3,7108E-5
2,5632E-5
2,4828E-5
2,6372E-5
2,6113E-5
2,6191E-5
2,6188E-5
2,6531E-5
2,5717E-5
2,7881E-5
2,7165E-5
