0,0
0,028717147
0,028717147
502,52304
592,5426
592,5426
626,35547
626,35547
667,6829
669,79205
669,79205
669,9659
669,9659
670,52344
670,7449
670,7449
670,76465
670,76465
670,7808
670,91864
670,91864
670,98724
670,98724
670,99194
671,0119
671,0119
671,1901
671,1901
671,35187
671,4045
671,4045
671,42413
671,42413
671,43774
671,44336
671,44336
671,44684
671,44684
671,4827
671,4898
671,4898
671,6119
671,6119
671,61646
671,69525
671,69525
671,7863
671,7863
671,85443
671,9493
671,9493
671,9621
671,9621
672,0182
672,0828
672,0828
672,1668
672,1668
672,18976
672,2193
672,2193
672,2339
672,2339
672,25244
672,2613
672,2613
672,3807
672,3807
672,3909
672,46783
672,46783
672,47754
672,47754
672,48145
672,5884
672,5884
672,6684
672,6684
672,74805
672,9582
672,9582
673,04
673,04
673,0605
673,12067
673,12067
673,12726
673,12726
673,43097
673,43207
673,43207
673,4702
673,4702
673,5049
673,7999
673,7999
674,1077
674,1077
674,1296
674,5623
