4,6263E-5
5,1037E-5
4,434E-5
4,2308E-5
4,4421E-5
4,3678E-5
2,3474E-5
4,3138E-5
4,2944E-5
2,3116E-5
4,4039E-5
2,2662E-5
4,3599E-5
4,1561E-5
4,3581E-5
2,2365E-5
4,2608E-5
4,2558E-5
2,351E-5
4,4921E-5
4,3101E-5
4,1022E-5
4,1308E-5
4,3898E-5
4,4467E-5
4,3452E-5
4,354E-5
2,3446E-5
4,1869E-5
2,1309E-5
4,3555E-5
2,2118E-5
4,2416E-5
4,2769E-5
4,39E-5
4,3611E-5
4,0904E-5
4,3923E-5
4,3697E-5
4,4472E-5
4,1103E-5
4,1206E-5
2,1878E-5
4,3061E-5
4,3316E-5
4,3546E-5
4,1465E-5
4,5188E-5
4,2654E-5
4,6034E-5
4,1995E-5
4,3891E-5
4,3521E-5
2,3601E-5
4,3036E-5
4,3507E-5
2,2892E-5
2,3288E-5
4,4863E-5
4,4639E-5
2,4259E-5
4,7474E-5
3,6648E-5
3,5859E-5
4,3467E-5
4,4798E-5
4,4756E-5
4,0868E-5
4,3042E-5
4,3129E-5
2,7577E-5
2,3795E-5
2,331E-5
4,914E-5
4,5006E-5
4,3945E-5
2,2466E-5
2,4676E-5
5,8219E-5
4,2582E-5
3,7404E-5
2,34E-5
6,5406E-5
4,3002E-5
4,4223E-5
5,6931E-5
8,8098E-5
6,6222E-5
4,7673E-5
3,7915E-5
4,4145E-5
6,8862E-5
4,7334E-5
5,8626E-5
4,4718E-5
4,2741E-5
9,4399E-5
4,93E-5
2,7884E-5
4,5186E-5
7,9269E-5
4,3508E-5
7,1671E-5
6,836E-5
6,7919E-5
2,2704E-5
4,2829E-5
4,3098E-5
4,3811E-5
4,2092E-5
4,4536E-5
2,5101E-5
3,6571E-5
2,2305E-5
4,3135E-5
4,5626E-5
4,4942E-5
2,2936E-5
4,3828E-5
4,3312E-5
4,5887E-5
4,4373E-5
2,5308E-5
4,3798E-5
4,3603E-5
4,4113E-5
4,5464E-5
4,2998E-5
4,2903E-5
4,1381E-5
4,2559E-5
4,2506E-5
2,5757E-5
4,2423E-5
4,1517E-5
4,2214E-5
4,3457E-5
4,2321E-5
4,2012E-5
4,3856E-5
4,3361E-5
4,4238E-5
2,3162E-5
4,1693E-5
4,3316E-5
4,4214E-5
4,3561E-5
4,5517E-5
4,5668E-5
4,4528E-5
4,3785E-5
4,4561E-5
4,5213E-5
2,321E-5
2,3045E-5
6,3161E-5
8,7052E-5
2,3279E-5
6,3262E-5
6,8365E-5
4,3329E-5
4,3449E-5
4,3944E-5
3,5778E-5
2,5668E-5
4,2787E-5
2,5862E-5
2,5963E-5
4,3967E-5
4,2393E-5
4,4221E-5
3,5832E-5
4,4473E-5
4,4014E-5
4,4489E-5
2,2705E-5
3,6108E-5
4,5432E-5
3,7707E-5
3,6564E-5
4,3326E-5
4,3009E-5
4,2507E-5
4,304E-5
2,3309E-5
4,1534E-5
4,3565E-5
2,2988E-5
4,532E-5
3,6856E-5
4,4435E-5
4,3009E-5
4,3799E-5
4,5489E-5
4,5171E-5
4,1457E-5
4,4802E-5
4,2294E-5
2,6916E-5
4,8601E-5
9,1696E-5
7,0894E-5
5,5666E-5
4,0968E-5
3,11E-5
5,0693E-5
4,7288E-5
4,649E-5
2,6332E-5
4,5732E-5
4,2311E-5
2,3387E-5
4,3858E-5
4,8841E-5
4,3039E-5
4,6975E-5
4,283E-5
2,2234E-5
4,4068E-5
2,5415E-5
5,6286E-5
4,367E-5
4,3493E-5
4,111E-5
2,3346E-5
4,2233E-5
4,3788E-5
3,7037E-5
3,5301E-5
4,2582E-5
4,2662E-5
4,3186E-5
2,1837E-5
4,5753E-5
4,3685E-5
3,6049E-5
3,5017E-5
5,5225E-5
2,6411E-5
4,4226E-5
4,1614E-5
4,2128E-5
4,5606E-5
4,0727E-5
4,1727E-5
4,5266E-5
4,2615E-5
4,4783E-5
4,4503E-5
4,1691E-5
2,2956E-5
2,3149E-5
4,5313E-5
2,225E-5
2,5259E-5
2,4224E-5
4,3391E-5
4,2054E-5
4,5201E-5
3,6734E-5
2,4162E-5
2,2132E-5
4,8125E-5
4,4027E-5
2,2785E-5
4,298E-5
4,2813E-5
2,3211E-5
3,5613E-5
4,3465E-5
4,0649E-5
3,6503E-5
4,2548E-5
4,3515E-5
3,6803E-5
3,7441E-5
4,3833E-5
4,4076E-5
2,3036E-5
3,8851E-5
3,5952E-5
4,3774E-5
2,3055E-5
4,484E-5
2,3538E-5
4,5912E-5
4,3604E-5
4,4379E-5
5,368E-5
1,10464E-4
4,8426E-5
5,0052E-5
5,7772E-5
5,6269E-5
5,2246E-5
1,17483E-4
6,4406E-5
5,6401E-5
3,4721E-5
5,2097E-5
3,3593E-5
5,7884E-5
1,54175E-4
5,7077E-5
6,4295E-5
4,5904E-5
5,1739E-5
2,2235E-5
4,4024E-5
2,3073E-5
2,2515E-5
4,4985E-5
2,2835E-5
4,9948E-5
4,2027E-5
2,707E-5
4,4468E-5
4,4562E-5
4,3554E-5
4,1972E-5
4,4351E-5
4,4866E-5
4,6993E-5
4,1697E-5
2,2283E-5
2,5759E-5
4,3118E-5
4,2767E-5
2,2033E-5
3,7562E-5
4,402E-5
4,6134E-5
4,2113E-5
4,3449E-5
4,6637E-5
2,5555E-5
4,4006E-5
4,3751E-5
4,1442E-5
2,2571E-5
4,239E-5
4,3676E-5
4,25E-5
2,2823E-5
4,2866E-5
4,1842E-5
4,2922E-5
6,0872E-5
4,2871E-5
4,5081E-5
4,2101E-5
4,4371E-5
4,26E-5
4,2357E-5
2,2912E-5
4,2996E-5
4,131E-5
2,1999E-5
4,596E-5
4,4052E-5
2,28E-5
3,7738E-5
4,423E-5
3,7184E-5
5,2149E-5
2,2933E-5
4,4354E-5
4,7226E-5
3,8374E-5
4,1939E-5
2,2627E-5
4,3768E-5
2,2631E-5
4,5155E-5
4,2405E-5
4,094E-5
3,6053E-5
4,2285E-5
3,8166E-5
2,2182E-5
2,3066E-5
2,2264E-5
3,6519E-5
3,5145E-5
4,4268E-5
3,7725E-5
4,4486E-5
4,4655E-5
0,003187767
3,6775E-5
4,2379E-5
4,2989E-5
4,3184E-5
2,5509E-5
4,368E-5
4,3988E-5
3,6411E-5
4,4281E-5
4,3781E-5
4,6949E-5
3,5678E-5
2,3405E-5
4,2632E-5
4,2488E-5
2,5813E-5
4,3668E-5
4,3441E-5
4,706E-5
4,3299E-5
5,1288E-5
3,595E-5
4,7925E-5
5,4747E-5
5,0079E-5
4,4683E-5
2,6259E-5
5,5413E-5
4,2354E-5
2,156E-5
5,0212E-5
4,3417E-5
4,2234E-5
4,1268E-5
3,6891E-5
4,3201E-5
4,3685E-5
4,3535E-5
2,2777E-5
4,3168E-5
2,1838E-5
3,6005E-5
2,6032E-5
4,3467E-5
2,2135E-5
3,6888E-5
2,3137E-5
4,6527E-5
4,194E-5
4,373E-5
3,6402E-5
4,3641E-5
4,3874E-5
2,3218E-5
4,3594E-5
4,1828E-5
4,2434E-5
3,7048E-5
4,4284E-5
4,3475E-5
2,506E-5
4,3081E-5
4,4895E-5
4,4779E-5
4,4491E-5
3,6751E-5
4,5459E-5
4,3448E-5
4,141E-5
4,3041E-5
3,6042E-5
4,4166E-5
4,263E-5
2,2032E-5
4,3316E-5
4,2828E-5
2,5526E-5
4,5132E-5
4,289E-5
2,6437E-5
4,4313E-5
3,6375E-5
3,582E-5
4,5252E-5
2,5446E-5
4,5925E-5
4,2808E-5
2,285E-5
4,3749E-5
2,3271E-5
4,5834E-5
2,2805E-5
4,275E-5
4,3007E-5
3,6267E-5
5,1497E-5
4,3578E-5
4,2475E-5
3,5813E-5
4,3924E-5
6,3482E-5
4,4674E-5
2,5292E-5
4,4181E-5
4,4584E-5
4,7748E-5
3,6712E-5
4,3181E-5
3,5676E-5
4,4731E-5
3,8216E-5
4,5016E-5
3,6825E-5
2,2134E-5
2,2083E-5
4,3918E-5
4,3925E-5
3,6387E-5
2,2954E-5
4,1161E-5
4,2619E-5
4,3172E-5
2,3118E-5
4,329E-5
4,7484E-5
4,3904E-5
2,2141E-5
4,4446E-5
4,1065E-5
4,1996E-5
4,2625E-5
3,6452E-5
4,3032E-5
4,2E-5
2,3832E-5
3,6935E-5
2,6866E-5
4,1338E-5
4,2518E-5
2,3423E-5
4,3123E-5
4,459E-5
4,4221E-5
2,2332E-5
3,6022E-5
4,3644E-5
4,3028E-5
2,2817E-5
4,5304E-5
4,2643E-5
4,1697E-5
4,292E-5
4,2494E-5
4,0834E-5
4,3744E-5
4,2943E-5
4,2137E-5
3,6293E-5
4,4173E-5
4,4598E-5
4,2215E-5
4,2168E-5
3,6636E-5
2,2797E-5
4,1858E-5
4,3951E-5
3,5233E-5
4,6385E-5
4,451E-5
4,2889E-5
3,6233E-5
4,361E-5
2,5573E-5
3,7339E-5
4,3916E-5
4,3193E-5
4,4615E-5
2,372E-5
4,4318E-5
4,3681E-5
4,5021E-5
4,7756E-5
6,5151E-5
4,2307E-5
3,6513E-5
2,3704E-5
4,3076E-5
3,6066E-5
4,2728E-5
2,2083E-5
4,3516E-5
4,3903E-5
4,4045E-5
4,3099E-5
4,2626E-5
4,3776E-5
4,3243E-5
4,3205E-5
3,5402E-5
4,378E-5
4,2751E-5
2,5417E-5
4,384E-5
4,0862E-5
3,7078E-5
4,4364E-5
4,3586E-5
4,3151E-5
4,2769E-5
3,5726E-5
3,736E-5
2,2941E-5
2,1305E-5
4,2854E-5
4,0815E-5
3,8629E-5
4,3945E-5
2,2876E-5
4,3387E-5
4,2622E-5
4,2275E-5
4,5175E-5
3,6079E-5
4,446E-5
2,5532E-5
4,3543E-5
4,1594E-5
4,3011E-5
4,135E-5
4,5108E-5
4,4522E-5
4,2131E-5
4,2065E-5
4,4061E-5
2,3575E-5
4,4643E-5
4,1539E-5
2,398E-5
2,5593E-5
3,9323E-5
4,237E-5
3,6482E-5
3,6684E-5
4,2846E-5
4,3025E-5
3,64E-5
4,4211E-5
4,2052E-5
2,613E-5
4,3748E-5
4,3794E-5
2,258E-5
4,5421E-5
4,4581E-5
4,2293E-5
4,3083E-5
4,3625E-5
4,1879E-5
3,7235E-5
4,4123E-5
2,2136E-5
4,3068E-5
4,3646E-5
4,4362E-5
4,4038E-5
4,3454E-5
3,6124E-5
4,3281E-5
4,2696E-5
4,392E-5
7,7008E-5
8,213E-5
5,7446E-5
6,516E-5
3,9756E-5
1,02424E-4
4,7027E-5
7,1696E-5
5,6428E-5
4,7637E-5
4,064E-5
2,9748E-5
2,3143E-5
4,8537E-5
9,1223E-5
2,3614E-5
7,415E-5
4,4114E-5
2,7689E-5
5,4703E-5
3,1166E-5
5,7056E-5
4,4654E-5
5,0391E-5
2,7918E-5
4,0835E-5
4,6583E-5
4,3695E-5
4,2762E-5
4,5371E-5
4,4106E-5
4,4039E-5
2,2794E-5
2,3356E-5
4,4181E-5
2,3416E-5
4,3996E-5
4,428E-5
3,7443E-5
4,2942E-5
4,0897E-5
4,3787E-5
4,1586E-5
3,5779E-5
4,2447E-5
4,3088E-5
5,0319E-5
2,187E-5
3,6364E-5
2,3218E-5
4,2113E-5
4,5927E-5
4,3635E-5
2,6133E-5
4,1496E-5
3,5958E-5
4,4831E-5
4,1961E-5
3,6462E-5
4,42E-5
2,6157E-5
4,2664E-5
4,2743E-5
4,0778E-5
4,3847E-5
4,4801E-5
2,2566E-5
4,2316E-5
3,5988E-5
4,3243E-5
4,6741E-5
3,7078E-5
4,3017E-5
3,9345E-5
4,367E-5
4,3444E-5
4,3853E-5
4,2793E-5
2,6329E-5
4,6134E-5
4,5327E-5
4,3657E-5
4,175E-5
4,4201E-5
6,4673E-5
4,2342E-5
3,6056E-5
4,4663E-5
4,325E-5
4,2877E-5
3,6295E-5
2,2107E-5
4,1861E-5
2,2145E-5
2,6859E-5
2,2008E-5
3,6551E-5
2,2057E-5
4,4208E-5
3,6175E-5
3,6287E-5
2,2724E-5
2,5946E-5
2,2619E-5
3,6594E-5
2,3166E-5
2,4974E-5
4,37E-5
4,2335E-5
4,3385E-5
4,3484E-5
4,1654E-5
4,2867E-5
4,2134E-5
4,4322E-5
3,5641E-5
4,1623E-5
4,3646E-5
4,2957E-5
4,1204E-5
4,2851E-5
4,5306E-5
3,6689E-5
4,2134E-5
7,0653E-5
5,8158E-5
5,0511E-5
3,211E-5
9,5421E-5
8,1117E-5
6,8301E-5
4,5329E-5
4,9695E-5
2,385E-5
9,1456E-5
5,4438E-5
4,615E-5
6,3044E-5
7,1666E-5
2,2912E-5
8,8418E-5
6,7613E-5
7,6429E-5
7,9541E-5
2,7461E-5
4,363E-5
4,5731E-5
4,5201E-5
4,4552E-5
4,2583E-5
4,4481E-5
4,4348E-5
3,5713E-5
2,2208E-5
3,5604E-5
4,1624E-5
4,31E-5
2,2509E-5
4,3106E-5
3,7642E-5
4,3777E-5
4,5863E-5
4,5117E-5
4,5361E-5
4,2419E-5
4,2734E-5
3,7367E-5
4,4694E-5
2,5701E-5
4,5062E-5
4,4089E-5
4,4435E-5
3,6649E-5
4,3537E-5
4,3701E-5
2,3926E-5
4,3541E-5
4,1934E-5
2,2408E-5
4,2372E-5
4,2963E-5
4,3753E-5
4,298E-5
4,3144E-5
4,2095E-5
4,1936E-5
3,5973E-5
3,6347E-5
4,2896E-5
4,2681E-5
4,4718E-5
4,3693E-5
4,3783E-5
4,0624E-5
4,3133E-5
4,4398E-5
4,3085E-5
4,2098E-5
4,3001E-5
4,2403E-5
3,7061E-5
4,4279E-5
4,544E-5
4,3084E-5
4,2643E-5
4,4191E-5
4,3564E-5
4,2783E-5
2,1955E-5
4,3879E-5
4,2948E-5
4,5137E-5
3,6124E-5
4,4774E-5
3,7127E-5
5,3292E-5
3,7732E-5
4,4004E-5
4,3174E-5
4,3892E-5
3,7694E-5
4,479E-5
2,2907E-5
5,32E-5
4,9812E-5
4,3599E-5
4,2032E-5
2,6254E-5
4,3822E-5
4,3542E-5
4,8704E-5
3,7351E-5
4,3668E-5
3,7059E-5
4,299E-5
4,472E-5
4,3131E-5
2,2321E-5
4,3295E-5
2,4618E-5
3,6404E-5
4,4246E-5
4,1108E-5
4,2586E-5
4,4329E-5
2,6868E-5
4,4964E-5
3,6788E-5
2,6549E-5
5,1578E-5
4,3236E-5
2,59E-5
5,3098E-5
2,3088E-5
4,3883E-5
2,2692E-5
4,4263E-5
3,7692E-5
2,7625E-5
4,2156E-5
2,5618E-5
3,8159E-5
3,9851E-5
4,4161E-5
2,2461E-5
2,3925E-5
2,595E-5
4,1481E-5
2,2083E-5
2,2838E-5
4,1393E-5
4,5197E-5
4,2898E-5
6,6571E-5
4,3296E-5
4,4265E-5
4,4489E-5
4,5501E-5
4,428E-5
4,398E-5
3,5831E-5
4,5456E-5
4,4961E-5
4,3506E-5
4,3537E-5
2,7794E-5
4,6364E-5
4,4178E-5
4,3374E-5
4,2908E-5
4,4457E-5
2,2394E-5
2,2469E-5
4,4271E-5
4,3201E-5
2,6513E-5
2,2515E-5
4,2553E-5
3,5491E-5
4,3617E-5
4,4865E-5
4,2502E-5
3,6626E-5
2,7041E-5
4,419E-5
4,4009E-5
3,5923E-5
2,3087E-5
4,4484E-5
4,4281E-5
3,9918E-5
4,62E-5
4,4297E-5
4,3951E-5
2,5319E-5
2,3128E-5
4,4524E-5
4,3103E-5
2,268E-5
4,3783E-5
4,3839E-5
4,2865E-5
2,172E-5
4,5201E-5
4,2451E-5
4,3138E-5
3,6473E-5
2,2348E-5
4,3502E-5
2,5804E-5
3,7093E-5
4,2698E-5
3,6338E-5
4,3997E-5
4,6321E-5
3,1583E-5
4,5076E-5
4,4949E-5
3,6249E-5
4,4521E-5
4,3914E-5
4,4591E-5
4,8244E-5
4,3748E-5
2,3177E-5
4,2252E-5
5,9594E-5
3,578E-5
4,667E-5
4,3881E-5
4,352E-5
4,2071E-5
4,7436E-5
4,3161E-5
4,3441E-5
4,3457E-5
4,4558E-5
4,4199E-5
4,3204E-5
4,2148E-5
2,3007E-5
2,6498E-5
3,6947E-5
2,295E-5
4,3951E-5
3,803E-5
2,1837E-5
3,7609E-5
4,5665E-5
3,7773E-5
2,608E-5
4,3078E-5
2,442E-5
7,5103E-5
7,5949E-5
6,4573E-5
5,5988E-5
7,3397E-5
4,514E-5
6,8071E-5
1,13518E-4
4,7512E-5
5,8567E-5
5,3135E-5
7,1751E-5
5,1144E-5
6,483E-5
2,4241E-5
4,3727E-5
4,4714E-5
9,311E-5
7,6893E-5
7,9743E-5
1,18508E-4
5,6936E-5
1,03759E-4
1,05517E-4
4,0158E-5
1,0851E-4
5,0606E-5
8,5759E-5
9,3978E-5
9,514E-5
7,8716E-5
1,20518E-4
1,06481E-4
8,2205E-5
9,7554E-5
9,0189E-5
8,3468E-5
4,5284E-5
2,2357E-5
4,9641E-5
2,402E-5
4,3352E-5
6,7088E-5
2,3954E-5
2,6386E-5
4,4191E-5
2,584E-5
4,4929E-5
4,3824E-5
4,3548E-5
4,4044E-5
2,6797E-5
4,4779E-5
4,2838E-5
3,7359E-5
4,5294E-5
3,7589E-5
4,4562E-5
3,585E-5
4,447E-5
2,3435E-5
4,3707E-5
4,6356E-5
4,4018E-5
2,2022E-5
2,5583E-5
5,3123E-5
4,4384E-5
2,2972E-5
4,2734E-5
4,3405E-5
2,3127E-5
5,4302E-5
4,2909E-5
2,1774E-5
4,45E-5
4,2795E-5
4,2756E-5
3,6384E-5
7,4777E-5
2,589E-5
4,279E-5
4,1981E-5
4,2674E-5
4,2843E-5
4,3695E-5
4,4196E-5
4,3514E-5
3,5788E-5
4,2642E-5
4,2395E-5
3,6496E-5
4,1668E-5
4,3081E-5
2,3054E-5
4,4685E-5
4,306E-5
2,3163E-5
3,5756E-5
4,3051E-5
2,3284E-5
3,7011E-5
4,3176E-5
4,0989E-5
3,6483E-5
4,3699E-5
2,6908E-5
4,9975E-5
4,4026E-5
4,3364E-5
4,3259E-5
3,5567E-5
4,493E-5
4,4243E-5
2,2717E-5
4,4662E-5
4,3551E-5
4,3795E-5
2,5187E-5
3,6327E-5
4,7556E-5
4,3304E-5
4,0316E-5
4,0979E-5
4,311E-5
3,6583E-5
4,4282E-5
4,3257E-5
4,1368E-5
4,6514E-5
4,3996E-5
4,4777E-5
4,6134E-5
4,2232E-5
4,315E-5
4,4734E-5
4,2537E-5
5,6432E-5
4,2982E-5
2,5644E-5
4,234E-5
3,7224E-5
4,2572E-5
4,3476E-5
4,3939E-5
3,7165E-5
4,4066E-5
2,6619E-5
2,224E-5
4,26E-5
4,2708E-5
2,2723E-5
4,3979E-5
3,5908E-5
4,227E-5
3,6499E-5
2,6431E-5
4,3423E-5
4,3566E-5
4,3167E-5
4,471E-5
4,4146E-5
4,4257E-5
3,5958E-5
4,3822E-5
4,3521E-5
2,1661E-5
4,3654E-5
2,2147E-5
4,2377E-5
6,7121E-5
5,7031E-5
7,6002E-5
9,991E-5
8,3576E-5
4,1959E-5
3,8031E-5
4,3615E-5
2,3235E-5
2,3182E-5
4,3748E-5
5,1135E-5
4,7415E-5
2,2043E-5
4,2427E-5
2,2421E-5
4,9848E-5
4,2868E-5
5,7438E-5
2,2309E-5
3,602E-5
4,432E-5
4,3044E-5
4,169E-5
4,3389E-5
4,058E-5
2,6011E-5
4,3873E-5
4,3836E-5
4,985E-5
2,2062E-5
4,2747E-5
4,263E-5
3,2498E-5
4,3222E-5
3,5667E-5
4,2639E-5
4,8938E-5
4,3447E-5
4,1813E-5
2,5661E-5
4,4593E-5
3,7337E-5
2,5774E-5
4,3139E-5
4,4336E-5
4,1131E-5
2,2063E-5
4,4379E-5
2,2466E-5
4,1528E-5
4,3078E-5
4,4584E-5
4,3664E-5
4,2509E-5
4,2787E-5
2,5875E-5
4,432E-5
4,2604E-5
4,3513E-5
3,6367E-5
2,3234E-5
4,3258E-5
3,6157E-5
4,49E-5
4,7269E-5
5,3902E-5
3,653E-5
2,2593E-5
4,404E-5
4,5879E-5
3,8684E-5
8,1653E-5
3,9215E-5
4,9644E-5
4,444E-5
4,3611E-5
4,3198E-5
4,2468E-5
3,7598E-5
4,504E-5
4,2236E-5
2,379E-5
4,7095E-5
4,3959E-5
4,2991E-5
2,2439E-5
4,4254E-5
6,4056E-5
4,3344E-5
4,2706E-5
5,5398E-5
4,2705E-5
4,5094E-5
4,3941E-5
2,3154E-5
2,3108E-5
5,3375E-5
4,3726E-5
2,2598E-5
4,5628E-5
5,9822E-5
4,6489E-5
4,2256E-5
4,2679E-5
4,24E-5
4,9779E-5
4,4529E-5
4,2278E-5
4,3399E-5
2,3279E-5
4,1346E-5
4,3554E-5
4,5862E-5
2,2443E-5
3,5986E-5
4,419E-5
2,5907E-5
4,3595E-5
2,7217E-5
4,2826E-5
2,1919E-5
2,552E-5
4,2878E-5
3,6622E-5
3,6326E-5
3,0229E-5
2,6799E-5
5,5495E-5
7,4661E-5
9,131E-5
5,5694E-5
9,6824E-5
6,4546E-5
9,5361E-5
3,2996E-5
6,1279E-5
6,56E-5
9,3459E-5
7,9614E-5
4,1737E-5
9,9729E-5
7,9414E-5
8,9153E-5
5,3249E-5
4,072E-5
7,337E-5
1,00727E-4
9,7939E-5
3,1172E-5
5,5519E-5
8,5412E-5
4,3848E-5
6,079E-5
5,5132E-5
9,8461E-5
5,6074E-5
4,8665E-5
9,1301E-5
3,3746E-5
4,5814E-5
7,2586E-5
4,3455E-5
1,1207E-4
4,2596E-5
8,8539E-5
9,3743E-5
4,8899E-5
7,381E-5
5,0174E-5
4,7303E-5
9,3181E-5
9,3741E-5
7,8595E-5
2,7579E-5
5,6573E-5
2,6729E-5
8,3555E-5
6,6293E-5
8,2499E-5
5,7049E-5
5,3929E-5
6,483E-5
8,1127E-5
5,3087E-5
3,0884E-5
6,1365E-5
8,7542E-5
7,2282E-5
4,5238E-5
5,4852E-5
5,8737E-5
8,594E-5
6,5143E-5
5,2112E-5
1,6738E-4
7,6247E-5
4,3795E-5
2,4479E-5
4,2588E-5
4,3877E-5
4,2665E-5
4,3083E-5
4,8938E-5
4,4369E-5
4,1573E-5
4,4381E-5
4,4294E-5
3,6946E-5
4,317E-5
2,3194E-5
4,2763E-5
4,3263E-5
2,3331E-5
4,3463E-5
2,56E-5
2,1768E-5
4,3635E-5
4,2134E-5
4,3504E-5
4,3299E-5
3,7085E-5
2,246E-5
2,2783E-5
4,1285E-5
4,4452E-5
4,299E-5
4,3193E-5
3,706E-5
2,6646E-5
4,5339E-5
4,3801E-5
4,2197E-5
4,4075E-5
4,4035E-5
3,7023E-5
4,2524E-5
4,4108E-5
4,2915E-5
4,2291E-5
4,2896E-5
4,3039E-5
2,4236E-5
2,2759E-5
4,361E-5
4,2219E-5
4,2908E-5
5,4095E-5
4,3695E-5
2,5437E-5
3,6308E-5
4,8112E-5
2,5931E-5
4,7304E-5
4,5371E-5
2,2574E-5
3,6593E-5
3,691E-5
4,4327E-5
6,1136E-5
4,2489E-5
4,2882E-5
4,348E-5
4,2329E-5
4,2941E-5
4,1442E-5
4,3588E-5
4,4444E-5
3,782E-5
4,4003E-5
4,3278E-5
4,3606E-5
4,3115E-5
4,4323E-5
4,3492E-5
3,69E-5
4,2476E-5
4,3648E-5
4,371E-5
3,7594E-5
4,2609E-5
4,6025E-5
4,6469E-5
4,7775E-5
2,2202E-5
3,6598E-5
2,2381E-5
2,5931E-5
4,8233E-5
4,4607E-5
4,3069E-5
4,3476E-5
4,3339E-5
4,3369E-5
3,5938E-5
4,2943E-5
4,3073E-5
4,2681E-5
3,6477E-5
2,2474E-5
4,3074E-5
4,3614E-5
3,9503E-5
2,2712E-5
4,3556E-5
4,7698E-5
4,355E-5
4,3841E-5
4,3572E-5
4,7143E-5
3,6596E-5
2,3676E-5
4,3231E-5
4,26E-5
4,4308E-5
4,4358E-5
5,3024E-5
4,3797E-5
3,6074E-5
4,2602E-5
2,2139E-5
4,2834E-5
2,2891E-5
4,3433E-5
4,3317E-5
2,6073E-5
4,2319E-5
4,3221E-5
4,3478E-5
2,5537E-5
4,4506E-5
2,6308E-5
4,2279E-5
3,6604E-5
4,4911E-5
2,3485E-5
3,5956E-5
4,4357E-5
2,2599E-5
4,3417E-5
4,2109E-5
2,5195E-5
4,3549E-5
4,3361E-5
3,6008E-5
4,6796E-5
4,516E-5
3,1164E-5
4,3827E-5
3,6395E-5
4,2636E-5
4,3883E-5
2,6206E-5
3,6808E-5
2,2566E-5
4,3977E-5
4,376E-5
4,3916E-5
4,4271E-5
4,3947E-5
4,241E-5
3,6776E-5
4,3135E-5
4,2526E-5
4,2076E-5
4,2159E-5
4,6093E-5
2,5887E-5
4,0897E-5
4,3356E-5
4,2728E-5
4,2779E-5
4,2478E-5
4,3166E-5
4,4908E-5
4,7966E-5
4,1667E-5
3,646E-5
4,4316E-5
4,3177E-5
4,2377E-5
4,711E-5
4,3342E-5
2,3483E-5
4,2104E-5
4,1916E-5
4,3345E-5
2,2849E-5
4,1682E-5
4,4913E-5
4,385E-5
2,2845E-5
4,1657E-5
4,197E-5
4,4349E-5
4,1364E-5
4,1392E-5
4,2081E-5
4,4107E-5
4,1495E-5
4,2269E-5
5,8867E-5
2,2356E-5
4,1943E-5
4,1356E-5
4,3256E-5
2,2135E-5
4,0724E-5
4,3638E-5
4,2254E-5
2,1773E-5
2,5867E-5
4,7091E-5
4,3296E-5
4,3096E-5
2,6114E-5
4,1654E-5
4,2653E-5
4,6739E-5
6,095E-5
2,3002E-5
4,2084E-5
4,4258E-5
2,3772E-5
4,4074E-5
2,5899E-5
3,6876E-5
4,4699E-5
3,5919E-5
2,2551E-5
3,6665E-5
4,5037E-5
4,0857E-5
2,2829E-5
4,1861E-5
2,3597E-5
4,4065E-5
3,7081E-5
4,3213E-5
3,6455E-5
4,3021E-5
2,289E-5
4,3071E-5
4,5421E-5
3,8328E-5
4,587E-5
3,7037E-5
2,4112E-5
4,8068E-5
5,3363E-5
4,0534E-5
6,6435E-5
1,06495E-4
1,12649E-4
1,14521E-4
5,2259E-5
9,0384E-5
8,3155E-5
1,35774E-4
8,9346E-5
4,0758E-5
4,6455E-5
1,38053E-4
9,0002E-5
1,32775E-4
9,4265E-5
6,4623E-5
9,0092E-5
8,6303E-5
1,14414E-4
4,4924E-5
9,9041E-5
4,8025E-5
1,18512E-4
8,7079E-5
9,378E-5
4,1458E-5
8,3296E-5
1,15465E-4
8,3952E-5
4,2148E-5
1,05517E-4
1,13279E-4
9,8979E-5
1,10496E-4
4,7675E-5
1,04117E-4
1,01474E-4
4,4244E-5
9,82E-5
9,7998E-5
9,9484E-5
9,1339E-5
9,6995E-5
1,16037E-4
8,2871E-5
1,50055E-4
1,02362E-4
9,8627E-5
1,24135E-4
1,36069E-4
9,7436E-5
1,096E-4
1,34271E-4
4,6978E-5
6,0545E-5
4,3389E-5
4,2197E-5
4,3678E-5
2,5212E-5
3,6332E-5
4,2156E-5
4,2273E-5
2,5827E-5
3,8163E-5
4,3032E-5
4,2268E-5
4,1563E-5
2,2221E-5
4,2552E-5
4,1745E-5
2,5873E-5
2,2374E-5
6,3879E-5
4,3357E-5
4,4113E-5
4,431E-5
4,2366E-5
4,4168E-5
4,173E-5
3,6839E-5
4,373E-5
4,2449E-5
3,6631E-5
4,3048E-5
2,2114E-5
4,2086E-5
4,4023E-5
3,6128E-5
4,3754E-5
4,2089E-5
4,3321E-5
4,2117E-5
4,3041E-5
4,4023E-5
2,2525E-5
4,2528E-5
4,5206E-5
2,5754E-5
4,3105E-5
4,377E-5
4,1847E-5
2,3088E-5
4,1996E-5
4,2836E-5
2,2421E-5
4,2591E-5
2,37E-5
4,5352E-5
3,5632E-5
4,4754E-5
4,2558E-5
2,2916E-5
2,5838E-5
4,2637E-5
4,333E-5
2,1911E-5
2,2162E-5
4,1555E-5
4,1552E-5
4,295E-5
4,449E-5
4,4499E-5
6,1987E-5
4,5193E-5
4,1999E-5
4,5409E-5
4,4311E-5
4,2228E-5
4,4386E-5
4,234E-5
4,1079E-5
3,6006E-5
2,3155E-5
4,2329E-5
4,5267E-5
4,2263E-5
4,2769E-5
4,1009E-5
3,5916E-5
4,3805E-5
4,2032E-5
2,664E-5
4,2924E-5
4,2859E-5
4,1008E-5
4,3203E-5
4,37E-5
4,2667E-5
2,1713E-5
4,2944E-5
4,1665E-5
2,9694E-5
4,3974E-5
4,3584E-5
4,3708E-5
3,6957E-5
4,2905E-5
4,6962E-5
2,5157E-5
4,3964E-5
4,2821E-5
3,6053E-5
2,3107E-5
4,4341E-5
4,4559E-5
3,5774E-5
4,3713E-5
4,2406E-5
4,4695E-5
3,5028E-5
4,3962E-5
4,2384E-5
4,341E-5
4,3678E-5
4,3195E-5
4,7625E-5
3,6598E-5
3,7561E-5
4,642E-5
4,4291E-5
4,4282E-5
2,4072E-5
4,2335E-5
4,4153E-5
4,3243E-5
4,3648E-5
4,4908E-5
4,3189E-5
4,4293E-5
3,6658E-5
4,3257E-5
2,5687E-5
4,4719E-5
4,3431E-5
2,3959E-5
3,6347E-5
4,3438E-5
4,3172E-5
4,2662E-5
4,2884E-5
2,7234E-5
4,2411E-5
2,3582E-5
4,3701E-5
4,5907E-5
4,4009E-5
4,3129E-5
2,337E-5
3,7083E-5
4,3343E-5
2,252E-5
4,3461E-5
4,3797E-5
4,2958E-5
4,3642E-5
4,3596E-5
2,2518E-5
4,0969E-5
4,3013E-5
3,4799E-5
2,2646E-5
4,3548E-5
4,4744E-5
4,2152E-5
4,2517E-5
4,2041E-5
4,3148E-5
3,7057E-5
4,2564E-5
4,5782E-5
3,6201E-5
4,3738E-5
3,703E-5
2,3626E-5
4,2911E-5
2,2743E-5
4,2578E-5
4,1763E-5
3,5766E-5
2,1532E-5
4,2178E-5
2,4828E-5
4,3935E-5
2,2429E-5
4,3262E-5
2,5466E-5
4,2975E-5
2,1871E-5
4,6336E-5
4,3193E-5
2,3316E-5
4,2308E-5
4,2534E-5
4,2364E-5
6,079E-5
3,7542E-5
4,1333E-5
4,327E-5
2,2253E-5
3,5871E-5
2,5734E-5
2,3536E-5
4,1689E-5
4,3875E-5
4,3277E-5
3,5597E-5
4,368E-5
4,3878E-5
4,2716E-5
4,2467E-5
4,3086E-5
4,3035E-5
4,2922E-5
3,6639E-5
2,5344E-5
2,2076E-5
4,2753E-5
4,2516E-5
4,3308E-5
6,1714E-5
4,3159E-5
4,1594E-5
2,5526E-5
2,1998E-5
4,4258E-5
4,3141E-5
3,5937E-5
4,2944E-5
4,1668E-5
4,2096E-5
2,2595E-5
4,2425E-5
4,3024E-5
5,3076E-5
4,3531E-5
4,192E-5
2,2185E-5
4,2838E-5
4,2857E-5
4,3002E-5
4,3916E-5
4,3688E-5
4,3955E-5
4,3193E-5
2,3239E-5
4,2545E-5
4,7115E-5
2,5961E-5
4,2021E-5
4,2057E-5
4,1489E-5
4,8337E-5
4,0756E-5
4,1469E-5
4,3366E-5
3,9435E-5
4,2728E-5
4,2874E-5
4,1556E-5
3,5947E-5
4,8601E-5
2,6679E-5
3,6239E-5
3,622E-5
2,206E-5
4,3659E-5
4,6523E-5
4,475E-5
4,1459E-5
4,2732E-5
4,2321E-5
4,1835E-5
2,3502E-5
4,2896E-5
2,1913E-5
4,265E-5
4,1707E-5
4,371E-5
2,584E-5
2,2504E-5
2,1934E-5
4,239E-5
4,366E-5
4,3308E-5
4,2994E-5
4,4389E-5
3,5757E-5
2,373E-5
2,2154E-5
4,2807E-5
4,2642E-5
4,3426E-5
4,2211E-5
4,2237E-5
2,5428E-5
4,2012E-5
4,1692E-5
4,2629E-5
3,6527E-5
4,2876E-5
4,3936E-5
4,2237E-5
4,2821E-5
4,1935E-5
3,6058E-5
4,3501E-5
4,3919E-5
3,5612E-5
4,3031E-5
4,2556E-5
4,3577E-5
3,7787E-5
3,5555E-5
3,7812E-5
4,321E-5
4,2833E-5
4,2939E-5
4,2064E-5
3,9256E-5
4,3343E-5
4,3711E-5
4,2606E-5
2,365E-5
4,2797E-5
4,482E-5
4,4614E-5
4,3265E-5
2,2824E-5
4,4605E-5
4,3466E-5
4,1388E-5
4,3306E-5
4,6041E-5
2,2397E-5
2,1991E-5
4,3503E-5
4,2818E-5
4,0661E-5
2,1988E-5
4,148E-5
4,3495E-5
4,2626E-5
2,1539E-5
4,2406E-5
4,3599E-5
2,4687E-5
4,3696E-5
3,7788E-5
4,1501E-5
4,2833E-5
4,1666E-5
3,59E-5
4,7952E-5
3,7036E-5
2,3233E-5
7,38E-5
3,916E-5
8,1924E-5
4,5753E-5
4,3266E-5
5,0201E-5
4,4128E-5
4,379E-5
3,5641E-5
4,2434E-5
4,2036E-5
4,2375E-5
4,6727E-5
4,2171E-5
4,068E-5
4,2691E-5
4,2653E-5
2,4295E-5
4,6588E-5
2,3176E-5
6,5523E-5
4,3222E-5
4,1449E-5
3,5499E-5
6,0418E-5
4,1959E-5
4,1824E-5
3,6464E-5
2,2508E-5
2,6614E-5
2,2464E-5
4,2494E-5
4,2719E-5
3,5065E-5
4,325E-5
4,2706E-5
2,5686E-5
4,2892E-5
2,194E-5
4,2544E-5
3,5836E-5
4,1293E-5
4,4255E-5
2,5232E-5
4,3252E-5
4,3611E-5
4,2935E-5
4,3845E-5
4,0731E-5
2,5836E-5
4,2534E-5
3,6076E-5
4,2394E-5
2,1982E-5
3,5379E-5
4,5159E-5
4,4943E-5
2,1582E-5
4,0986E-5
3,6164E-5
3,61E-5
4,8566E-5
4,3475E-5
4,431E-5
4,1807E-5
4,4699E-5
3,6174E-5
4,347E-5
4,4047E-5
4,3033E-5
2,6702E-5
2,2367E-5
4,3081E-5
4,2462E-5
4,2323E-5
4,2596E-5
4,1579E-5
4,3687E-5
4,3812E-5
4,3916E-5
4,4093E-5
4,313E-5
4,2894E-5
4,078E-5
4,0475E-5
4,3438E-5
2,6392E-5
2,2596E-5
4,2485E-5
4,3102E-5
4,4233E-5
3,7125E-5
4,2762E-5
4,3823E-5
4,2053E-5
3,7396E-5
4,2614E-5
2,3578E-5
4,3973E-5
4,2934E-5
2,2519E-5
4,2259E-5
2,6227E-5
2,3521E-5
3,6597E-5
4,3419E-5
4,3884E-5
4,3742E-5
4,2065E-5
3,766E-5
4,2476E-5
4,2876E-5
4,3483E-5
2,1746E-5
2,1829E-5
4,1363E-5
4,357E-5
3,5829E-5
4,5188E-5
4,3171E-5
4,2191E-5
4,2902E-5
2,3084E-5
4,3929E-5
4,3403E-5
2,6249E-5
4,1411E-5
3,593E-5
4,302E-5
2,2351E-5
3,5565E-5
2,3169E-5
4,5313E-5
3,8431E-5
4,4071E-5
3,056E-5
4,1899E-5
6,2418E-5
4,4262E-5
4,4169E-5
4,4145E-5
2,786E-5
2,3475E-5
4,7196E-5
2,2727E-5
4,4572E-5
4,2539E-5
4,2463E-5
4,3304E-5
4,2532E-5
4,3034E-5
4,2772E-5
4,3416E-5
4,1523E-5
4,208E-5
2,1651E-5
4,1451E-5
4,646E-5
3,7092E-5
5,3248E-5
4,6372E-5
4,2507E-5
3,6007E-5
4,4669E-5
4,2243E-5
4,1813E-5
5,3193E-5
4,2836E-5
4,3453E-5
3,5572E-5
2,3424E-5
4,3194E-5
4,3305E-5
3,6485E-5
2,3097E-5
2,6274E-5
4,1756E-5
3,6615E-5
4,1385E-5
4,2249E-5
4,3795E-5
3,513E-5
4,1194E-5
4,22E-5
4,2766E-5
2,2644E-5
2,5197E-5
4,273E-5
2,2536E-5
2,2259E-5
4,2217E-5
3,578E-5
2,1821E-5
2,256E-5
3,6422E-5
4,2441E-5
4,3524E-5
4,2957E-5
3,5775E-5
4,3396E-5
4,3486E-5
2,6061E-5
3,6078E-5
4,3531E-5
4,34E-5
4,319E-5
4,2958E-5
2,1706E-5
4,3526E-5
4,2704E-5
4,2876E-5
2,2711E-5
2,2657E-5
4,2673E-5
4,408E-5
4,2599E-5
4,3277E-5
2,2421E-5
4,2917E-5
4,4083E-5
5,822E-5
4,4083E-5
4,4885E-5
4,2894E-5
3,5708E-5
2,5626E-5
4,2357E-5
4,3658E-5
4,2449E-5
4,1196E-5
4,2639E-5
4,3431E-5
4,0906E-5
4,3357E-5
4,2869E-5
4,3096E-5
4,3387E-5
4,2732E-5
2,31E-5
4,3446E-5
2,5622E-5
3,6298E-5
4,3503E-5
4,1412E-5
3,0094E-5
3,6836E-5
4,3026E-5
4,2388E-5
2,5315E-5
3,5564E-5
4,7856E-5
4,2321E-5
4,2243E-5
2,3628E-5
4,2504E-5
3,6586E-5
3,7292E-5
4,2102E-5
4,3434E-5
4,3593E-5
4,3027E-5
4,3076E-5
2,2541E-5
4,4072E-5
4,1918E-5
4,2799E-5
4,7488E-5
2,3567E-5
4,5716E-5
4,4939E-5
4,4506E-5
4,3901E-5
4,3316E-5
4,1348E-5
3,7815E-5
4,3945E-5
3,6316E-5
4,4803E-5
4,5204E-5
4,3628E-5
4,2914E-5
4,3865E-5
3,5785E-5
4,3778E-5
4,4062E-5
4,2555E-5
2,5955E-5
4,5038E-5
4,4384E-5
4,5198E-5
4,2437E-5
4,2801E-5
4,3985E-5
4,2276E-5
4,2185E-5
2,6391E-5
4,3381E-5
4,1486E-5
4,2342E-5
2,568E-5
4,4036E-5
4,2913E-5
2,2794E-5
2,5854E-5
4,2372E-5
4,3024E-5
4,0292E-5
4,1633E-5
4,2329E-5
4,239E-5
3,6131E-5
4,2901E-5
4,1645E-5
4,3419E-5
2,4972E-5
4,3476E-5
4,2442E-5
2,2297E-5
2,5664E-5
4,3408E-5
4,3524E-5
2,2587E-5
3,662E-5
3,6393E-5
4,4243E-5
2,2816E-5
4,4566E-5
4,3804E-5
4,5009E-5
4,3187E-5
3,6372E-5
4,3079E-5
4,4194E-5
4,1054E-5
3,6209E-5
4,3456E-5
4,4075E-5
4,3321E-5
2,3016E-5
4,4012E-5
4,3361E-5
2,3081E-5
2,2092E-5
3,6121E-5
3,6011E-5
4,289E-5
3,7318E-5
4,1973E-5
7,4098E-5
7,5071E-5
8,7109E-5
5,2403E-5
6,4801E-5
3,0899E-5
7,3246E-5
9,1818E-5
7,5722E-5
4,2968E-5
9,8466E-5
8,9066E-5
4,207E-5
5,2918E-5
1,02516E-4
7,4271E-5
6,8823E-5
8,3437E-5
3,9501E-5
3,4613E-5
7,1546E-5
7,4138E-5
7,1146E-5
3,5723E-5
8,0894E-5
4,6918E-5
3,6578E-5
5,006E-5
7,6061E-5
7,5337E-5
2,7642E-5
2,3316E-5
4,8691E-5
4,1916E-5
2,3403E-5
4,3477E-5
4,3368E-5
4,7913E-5
5,3357E-5
4,1342E-5
2,5969E-5
4,17E-5
6,1973E-5
4,4372E-5
4,4346E-5
4,1681E-5
4,6691E-5
4,2281E-5
7,5328E-5
7,5911E-5
4,0216E-5
4,622E-5
7,8455E-5
7,6967E-5
6,5563E-5
4,1E-5
1,05234E-4
7,4328E-5
7,4423E-5
6,5359E-5
7,48E-5
3,9355E-5
6,6685E-5
7,556E-5
7,6959E-5
4,5725E-5
8,1197E-5
8,6662E-5
7,4361E-5
3,866E-5
7,7758E-5
5,0834E-5
7,0617E-5
7,5624E-5
7,7537E-5
7,7358E-5
5,2215E-5
3,6765E-5
4,7517E-5
7,3092E-5
8,0099E-5
8,5693E-5
7,2702E-5
7,5485E-5
8,9933E-5
4,968E-5
7,3436E-5
6,5106E-5
7,6077E-5
7,7622E-5
7,611E-5
7,812E-5
6,8758E-5
7,881E-5
9,3797E-5
7,6286E-5
8,1784E-5
7,197E-5
7,1895E-5
7,6734E-5
7,8635E-5
7,3998E-5
8,2001E-5
4,3403E-5
8,0887E-5
6,2221E-5
7,3469E-5
7,7681E-5
7,9411E-5
7,3949E-5
8,6946E-5
6,6143E-5
7,9647E-5
7,8314E-5
6,3937E-5
7,5956E-5
7,6723E-5
3,9338E-5
7,3053E-5
3,676E-5
4,6015E-5
4,4076E-5
4,2633E-5
4,3599E-5
4,1229E-5
4,0913E-5
3,3153E-5
4,2246E-5
4,2378E-5
4,4337E-5
2,2428E-5
4,985E-5
4,0781E-5
2,2271E-5
4,2412E-5
4,4413E-5
4,3009E-5
4,4735E-5
4,2254E-5
4,0672E-5
4,4129E-5
4,5033E-5
4,2335E-5
4,9381E-5
2,3869E-5
4,5293E-5
2,5648E-5
4,1674E-5
2,2747E-5
4,2421E-5
4,7086E-5
4,304E-5
2,1361E-5
4,3237E-5
4,598E-5
2,6524E-5
4,4102E-5
4,4033E-5
4,1921E-5
5,2496E-5
4,2441E-5
4,8807E-5
4,1812E-5
4,2751E-5
3,5641E-5
4,2163E-5
3,5315E-5
4,2668E-5
4,2204E-5
4,2883E-5
2,1439E-5
4,1782E-5
4,1065E-5
2,6224E-5
4,2394E-5
4,454E-5
4,3318E-5
4,0845E-5
2,3274E-5
4,2551E-5
4,2292E-5
4,1624E-5
4,2676E-5
4,3059E-5
3,9402E-5
4,2449E-5
4,2697E-5
2,3065E-5
4,4055E-5
3,5468E-5
4,1279E-5
2,3168E-5
4,3391E-5
3,5428E-5
4,178E-5
2,2211E-5
3,5734E-5
3,7198E-5
4,0994E-5
2,3351E-5
4,2131E-5
3,5497E-5
4,399E-5
2,2725E-5
4,325E-5
4,2292E-5
4,1802E-5
2,3209E-5
4,2027E-5
3,5999E-5
2,6195E-5
2,2638E-5
4,2825E-5
3,6883E-5
4,2231E-5
2,2436E-5
4,8211E-5
3,5158E-5
4,4558E-5
2,2338E-5
4,3468E-5
3,6682E-5
4,35E-5
2,3414E-5
4,2945E-5
3,7493E-5
4,1473E-5
4,2942E-5
4,1934E-5
3,5744E-5
4,1547E-5
4,3322E-5
3,5327E-5
2,5277E-5
2,2725E-5
4,8382E-5
4,3151E-5
3,6134E-5
4,138E-5
4,2591E-5
4,122E-5
3,5893E-5
4,1269E-5
4,3679E-5
3,6311E-5
4,4057E-5
4,1204E-5
4,1301E-5
4,3124E-5
4,3225E-5
4,2015E-5
4,2513E-5
4,2352E-5
2,317E-5
4,2131E-5
2,5622E-5
4,3067E-5
4,2849E-5
4,218E-5
4,2228E-5
4,2956E-5
4,3456E-5
4,2411E-5
4,1729E-5
4,4303E-5
4,1046E-5
2,4968E-5
4,3078E-5
4,3571E-5
4,2608E-5
2,542E-5
4,1635E-5
4,4204E-5
4,0863E-5
3,5531E-5
4,5846E-5
4,4251E-5
4,0826E-5
3,6966E-5
4,0483E-5
4,4532E-5
2,6531E-5
4,1965E-5
4,2317E-5
2,2744E-5
2,6195E-5
3,6477E-5
4,2523E-5
2,2897E-5
2,6674E-5
4,1481E-5
4,0054E-5
4,3325E-5
3,5457E-5
4,5901E-5
4,1127E-5
4,3773E-5
2,211E-5
3,7349E-5
4,1E-5
4,3006E-5
2,1528E-5
3,6481E-5
4,1412E-5
2,5506E-5
4,282E-5
3,6341E-5
2,9474E-5
2,5201E-5
4,2864E-5
4,2914E-5
2,225E-5
4,264E-5
4,2701E-5
4,4002E-5
2,2531E-5
2,2426E-5
4,378E-5
2,6706E-5
4,2282E-5
4,4581E-5
2,1957E-5
4,3423E-5
2,2082E-5
4,3913E-5
4,2222E-5
4,3539E-5
4,351E-5
4,2734E-5
2,2659E-5
4,2716E-5
4,2563E-5
4,165E-5
2,162E-5
4,266E-5
4,2129E-5
4,3631E-5
2,2475E-5
4,1017E-5
4,2483E-5
4,2104E-5
3,715E-5
4,1236E-5
4,4228E-5
4,3002E-5
3,6602E-5
4,1595E-5
4,2161E-5
4,3525E-5
4,1649E-5
2,5864E-5
4,3666E-5
2,1655E-5
3,5746E-5
2,5219E-5
4,2681E-5
2,2669E-5
3,6092E-5
2,6889E-5
4,1599E-5
2,2293E-5
3,7139E-5
4,2736E-5
4,344E-5
4,319E-5
4,3328E-5
4,2161E-5
4,1694E-5
2,2497E-5
4,4257E-5
4,2873E-5
4,2538E-5
3,5969E-5
2,6588E-5
4,2785E-5
2,3391E-5
2,177E-5
4,4746E-5
4,5005E-5
4,3713E-5
3,564E-5
2,6052E-5
2,3749E-5
4,2086E-5
5,3036E-5
4,364E-5
2,388E-5
4,2122E-5
4,2509E-5
4,3628E-5
2,312E-5
4,1913E-5
3,766E-5
4,3163E-5
4,3856E-5
4,1232E-5
4,4123E-5
3,5655E-5
2,2183E-5
4,2723E-5
4,1449E-5
2,183E-5
3,6102E-5
4,3894E-5
4,4024E-5
4,1434E-5
4,2448E-5
6,3998E-5
2,6106E-5
4,1603E-5
4,2918E-5
4,4515E-5
4,1907E-5
5,2033E-5
2,5756E-5
4,2753E-5
4,368E-5
4,3386E-5
4,2587E-5
4,1866E-5
4,4565E-5
4,6862E-5
4,1039E-5
2,2667E-5
3,5413E-5
4,104E-5
4,2458E-5
2,1568E-5
3,5312E-5
4,166E-5
4,2285E-5
2,1345E-5
3,9776E-5
4,2074E-5
4,2146E-5
2,1809E-5
2,6238E-5
4,2275E-5
4,2297E-5
2,3082E-5
2,6365E-5
4,2515E-5
2,2564E-5
4,3187E-5
4,2466E-5
4,2772E-5
4,2656E-5
2,5875E-5
4,3674E-5
4,1033E-5
4,4648E-5
4,2505E-5
4,3054E-5
5,3956E-5
2,6005E-5
4,3049E-5
4,3248E-5
4,1735E-5
4,9225E-5
3,5704E-5
4,3143E-5
4,248E-5
4,0727E-5
2,6688E-5
4,2378E-5
4,4255E-5
3,646E-5
4,5069E-5
4,2703E-5
4,3721E-5
4,2316E-5
4,2045E-5
4,0516E-5
2,2729E-5
4,3182E-5
4,3522E-5
4,3556E-5
4,2297E-5
3,6892E-5
2,5417E-5
4,2911E-5
4,386E-5
4,2207E-5
3,6425E-5
2,1539E-5
4,2481E-5
4,1712E-5
4,5737E-5
3,6661E-5
4,3588E-5
4,2114E-5
3,6393E-5
4,4614E-5
4,3551E-5
4,0922E-5
3,5147E-5
4,2075E-5
4,2651E-5
4,8111E-5
2,3479E-5
2,6605E-5
2,2808E-5
3,6104E-5
4,1371E-5
2,5155E-5
2,6657E-5
4,3896E-5
4,2971E-5
4,1144E-5
2,2649E-5
4,1191E-5
4,1897E-5
4,2219E-5
3,6676E-5
4,1872E-5
4,1905E-5
2,5187E-5
2,2877E-5
2,1935E-5
4,1349E-5
4,2758E-5
4,2882E-5
4,1744E-5
4,1444E-5
4,2921E-5
4,3235E-5
2,1575E-5
4,3494E-5
4,3278E-5
2,2847E-5
4,333E-5
4,1403E-5
4,186E-5
4,1723E-5
4,2347E-5
4,3235E-5
3,6557E-5
2,5898E-5
4,1757E-5
4,2337E-5
4,2453E-5
2,2317E-5
4,2225E-5
4,285E-5
4,2201E-5
2,6484E-5
4,3401E-5
2,2797E-5
4,2737E-5
4,5449E-5
2,2453E-5
5,8647E-5
4,3852E-5
3,6611E-5
4,1853E-5
2,2319E-5
4,3704E-5
4,2814E-5
3,6503E-5
4,3136E-5
4,1223E-5
4,1197E-5
3,565E-5
4,2976E-5
4,3171E-5
4,235E-5
4,3648E-5
2,6613E-5
2,2827E-5
4,2868E-5
4,3711E-5
2,2693E-5
4,3563E-5
2,2349E-5
4,3773E-5
4,0595E-5
3,6736E-5
4,2939E-5
4,1777E-5
4,306E-5
4,2134E-5
4,3057E-5
2,2282E-5
3,5386E-5
4,229E-5
4,2967E-5
3,5747E-5
4,2722E-5
4,1834E-5
3,6419E-5
4,2853E-5
4,3906E-5
2,2027E-5
4,405E-5
3,6085E-5
2,2071E-5
4,2173E-5
4,1561E-5
4,328E-5
2,5689E-5
4,2233E-5
2,1672E-5
7,3616E-5
4,2078E-5
4,3622E-5
4,3408E-5
4,1713E-5
4,1011E-5
4,3473E-5
3,6565E-5
2,3412E-5
4,3438E-5
4,1334E-5
3,5861E-5
4,1557E-5
4,2227E-5
2,3272E-5
4,2031E-5
4,45E-5
3,529E-5
4,2468E-5
4,1908E-5
4,6146E-5
4,3004E-5
2,1668E-5
4,1355E-5
2,5717E-5
4,2995E-5
4,4003E-5
4,122E-5
4,2786E-5
4,5686E-5
4,2988E-5
3,5444E-5
2,2755E-5
3,7618E-5
4,283E-5
4,2647E-5
4,3077E-5
3,555E-5
4,4228E-5
4,3994E-5
3,6207E-5
4,2657E-5
3,0732E-5
5,2774E-5
2,9999E-5
2,3988E-5
5,8583E-5
4,7979E-5
2,3247E-5
4,307E-5
4,2919E-5
4,3135E-5
4,0493E-5
4,4596E-5
2,2022E-5
4,2825E-5
2,2338E-5
2,3256E-5
4,4934E-5
4,3085E-5
4,2537E-5
8,1795E-5
4,123E-5
2,5025E-5
4,2201E-5
4,3283E-5
2,2746E-5
3,6179E-5
4,4047E-5
4,3146E-5
4,2289E-5
4,2951E-5
4,2327E-5
3,6171E-5
4,3798E-5
4,3685E-5
2,2796E-5
2,2044E-5
4,3358E-5
2,5629E-5
4,3191E-5
4,7185E-5
2,5548E-5
4,233E-5
4,0908E-5
3,6124E-5
2,2267E-5
4,2335E-5
2,2592E-5
4,222E-5
3,6685E-5
4,2194E-5
4,2182E-5
2,1842E-5
4,1754E-5
4,417E-5
4,2734E-5
4,365E-5
4,258E-5
4,219E-5
4,0508E-5
4,0332E-5
4,3752E-5
4,118E-5
4,8018E-5
2,2476E-5
4,2492E-5
4,2502E-5
4,1265E-5
2,2021E-5
3,6868E-5
4,3038E-5
4,285E-5
4,3021E-5
3,5585E-5
3,5891E-5
4,2754E-5
4,14E-5
4,2493E-5
3,5756E-5
4,1792E-5
2,2051E-5
4,2148E-5
2,5399E-5
4,6475E-5
2,3045E-5
4,1122E-5
3,5765E-5
3,5468E-5
4,1908E-5
4,2968E-5
3,6312E-5
3,5571E-5
4,3144E-5
4,2158E-5
2,4671E-5
4,8237E-5
4,342E-5
4,1321E-5
4,3222E-5
3,6119E-5
4,2887E-5
4,2586E-5
4,2615E-5
4,4412E-5
4,1828E-5
4,2954E-5
2,2821E-5
4,276E-5
4,3179E-5
3,5386E-5
4,3446E-5
4,3112E-5
4,295E-5
4,2123E-5
4,2416E-5
4,1856E-5
3,5475E-5
4,4114E-5
4,1724E-5
3,605E-5
4,4466E-5
4,2658E-5
2,2228E-5
3,7495E-5
4,3078E-5
4,2826E-5
3,8324E-5
4,3666E-5
4,3694E-5
2,5326E-5
4,3412E-5
4,2972E-5
2,5949E-5
2,2215E-5
4,4276E-5
4,2973E-5
2,2561E-5
4,319E-5
4,2085E-5
4,1764E-5
3,6195E-5
4,213E-5
4,1383E-5
4,1835E-5
6,0615E-5
4,2651E-5
2,395E-5
4,375E-5
2,6295E-5
4,3262E-5
3,543E-5
2,5339E-5
4,3135E-5
2,3154E-5
4,3227E-5
4,2096E-5
4,0958E-5
4,2677E-5
3,665E-5
2,2615E-5
4,2878E-5
4,3251E-5
2,1875E-5
4,2568E-5
4,3392E-5
4,4614E-5
4,269E-5
2,2758E-5
4,2205E-5
4,3903E-5
4,08E-5
2,6489E-5
4,389E-5
4,3309E-5
3,5579E-5
4,6763E-5
4,0734E-5
4,2457E-5
4,279E-5
2,5087E-5
4,2102E-5
4,4178E-5
4,1858E-5
4,3433E-5
4,2923E-5
4,3588E-5
4,4617E-5
4,1718E-5
4,1105E-5
4,3617E-5
4,1638E-5
4,2185E-5
4,1092E-5
2,1647E-5
3,7459E-5
4,2428E-5
3,5824E-5
2,2283E-5
2,6511E-5
4,2799E-5
4,2604E-5
4,533E-5
2,2304E-5
2,2802E-5
4,3753E-5
4,2072E-5
4,3742E-5
4,2152E-5
4,2827E-5
2,6302E-5
3,7308E-5
2,1948E-5
6,0396E-5
6,4984E-5
7,9417E-5
5,8359E-5
7,602E-5
6,1596E-5
3,3215E-5
4,9277E-5
7,1925E-5
2,6616E-5
6,5765E-5
7,7802E-5
5,7026E-5
8,1794E-5
7,6687E-5
3,3303E-5
7,2436E-5
5,4594E-5
2,7E-5
9,7597E-5
8,0905E-5
5,2168E-5
5,1791E-5
8,3071E-5
3,9809E-5
8,5838E-5
2,3279E-5
8,2719E-5
4,302E-5
4,2899E-5
3,7142E-5
4,1433E-5
4,3592E-5
4,2804E-5
4,3102E-5
2,1941E-5
4,8412E-5
4,0802E-5
4,2836E-5
4,0963E-5
2,5669E-5
4,147E-5
4,7187E-5
4,2946E-5
4,2087E-5
2,1419E-5
4,338E-5
3,5038E-5
4,3138E-5
2,2092E-5
4,2313E-5
4,0982E-5
3,533E-5
4,2548E-5
2,1186E-5
4,3862E-5
4,1957E-5
4,3358E-5
6,1639E-5
2,5342E-5
4,2158E-5
4,7674E-5
2,225E-5
4,0991E-5
4,1708E-5
4,3847E-5
2,1498E-5
4,2672E-5
2,5589E-5
4,3065E-5
2,2074E-5
4,2125E-5
2,5368E-5
4,3267E-5
2,6218E-5
4,3194E-5
2,5274E-5
4,388E-5
4,2047E-5
4,2998E-5
2,4747E-5
4,2268E-5
2,3005E-5
3,5957E-5
4,2286E-5
4,1353E-5
4,3687E-5
2,2414E-5
4,287E-5
4,1767E-5
4,1892E-5
2,2744E-5
4,257E-5
2,5839E-5
4,433E-5
4,2022E-5
3,6348E-5
4,3696E-5
4,2258E-5
4,3459E-5
4,216E-5
4,2288E-5
2,2698E-5
4,425E-5
2,3148E-5
4,4013E-5
2,5262E-5
2,1834E-5
4,2869E-5
4,3348E-5
3,7043E-5
2,1612E-5
2,6235E-5
4,8213E-5
2,6969E-5
4,2351E-5
2,1787E-5
4,119E-5
4,3283E-5
2,622E-5
4,4528E-5
4,1997E-5
2,6029E-5
4,2611E-5
6,2917E-5
4,2408E-5
4,3754E-5
4,1929E-5
4,4085E-5
4,3556E-5
2,3864E-5
3,5025E-5
4,3506E-5
4,1021E-5
4,3404E-5
4,1804E-5
4,3481E-5
4,3668E-5
2,6073E-5
4,2427E-5
2,1681E-5
7,7725E-5
8,0972E-5
4,3371E-5
4,2507E-5
7,4795E-5
4,2109E-5
4,8454E-5
5,4448E-5
1,00249E-4
5,711E-5
8,5219E-5
5,4791E-5
3,5772E-5
4,788E-5
7,0213E-5
6,277E-5
8,4443E-5
5,6365E-5
4,6798E-5
5,8679E-5
9,6938E-5
4,7507E-5
8,0442E-5
1,09071E-4
9,4378E-5
5,0368E-5
4,1657E-5
8,8255E-5
3,1052E-5
9,8562E-5
3,8174E-5
1,03095E-4
7,5015E-5
2,16E-5
1,02858E-4
7,3093E-5
7,6661E-5
4,2411E-5
8,5023E-5
7,0036E-5
8,8889E-5
4,8924E-5
4,8843E-5
5,6753E-5
4,3905E-5
5,1735E-5
7,7372E-5
4,4991E-5
6,6205E-5
8,6016E-5
8,5828E-5
1,24886E-4
1,18196E-4
1,18804E-4
1,42774E-4
1,03321E-4
6,9979E-5
8,2288E-5
8,042E-5
1,01604E-4
1,20213E-4
9,7227E-5
6,7362E-5
1,18076E-4
9,4363E-5
9,6952E-5
5,5465E-5
1,07144E-4
4,7656E-5
8,3466E-5
1,29113E-4
9,606E-5
8,5394E-5
8,996E-5
9,4202E-5
9,0296E-5
7,3221E-5
1,00938E-4
9,1902E-5
8,8181E-5
8,0034E-5
9,4448E-5
1,32223E-4
1,06503E-4
9,5704E-5
9,6488E-5
1,25174E-4
1,11668E-4
6,523E-5
5,2996E-5
1,20209E-4
9,1903E-5
1,13117E-4
8,6004E-5
7,7444E-5
1,02578E-4
1,05412E-4
4,347E-5
9,9789E-5
5,4706E-5
1,05394E-4
5,6274E-5
1,17073E-4
6,0614E-5
1,22751E-4
8,3787E-5
1,28904E-4
8,5663E-5
6,761E-5
7,933E-5
4,6407E-5
7,726E-5
7,2915E-5
7,9603E-5
6,2725E-5
3,6614E-5
7,6164E-5
6,6889E-5
8,1753E-5
4,1636E-5
7,8755E-5
6,8102E-5
4,0173E-5
8,1539E-5
4,7639E-5
7,6923E-5
8,0327E-5
8,0464E-5
6,7469E-5
7,677E-5
7,2334E-5
7,7372E-5
7,7259E-5
7,4874E-5
7,746E-5
3,9123E-5
3,9459E-5
6,7842E-5
7,6582E-5
4,2812E-5
7,851E-5
7,6386E-5
7,7647E-5
7,7232E-5
3,9594E-5
7,8232E-5
6,5388E-5
4,1851E-5
7,7857E-5
2,3185E-5
4,2303E-5
4,1775E-5
2,5934E-5
4,3404E-5
4,0361E-5
4,4169E-5
4,2932E-5
4,1803E-5
2,2212E-5
4,3877E-5
3,5712E-5
2,2725E-5
3,5718E-5
4,414E-5
4,1105E-5
2,5144E-5
4,3686E-5
3,6659E-5
2,3389E-5
4,1828E-5
4,3019E-5
4,7273E-5
2,1945E-5
4,3623E-5
4,2366E-5
2,5479E-5
4,3101E-5
4,3166E-5
3,5867E-5
2,28E-5
4,2286E-5
4,2469E-5
2,3485E-5
4,1911E-5
4,2869E-5
2,2664E-5
4,3452E-5
4,31E-5
2,5927E-5
4,3424E-5
4,4456E-5
2,5859E-5
2,1635E-5
4,4183E-5
4,1464E-5
4,3599E-5
4,3307E-5
4,1546E-5
2,2829E-5
4,541E-5
4,2831E-5
4,3402E-5
3,6154E-5
4,6481E-5
4,2902E-5
2,3153E-5
4,369E-5
4,0756E-5
4,2036E-5
2,2988E-5
2,6919E-5
4,2898E-5
3,7196E-5
4,327E-5
4,3793E-5
4,2438E-5
2,6396E-5
4,0809E-5
4,4208E-5
2,3165E-5
4,34E-5
4,455E-5
4,121E-5
4,3515E-5
4,253E-5
2,3459E-5
4,3843E-5
2,5673E-5
4,4526E-5
4,1231E-5
4,3361E-5
4,3267E-5
2,3111E-5
4,3428E-5
4,1189E-5
4,1125E-5
2,2274E-5
4,1526E-5
4,1945E-5
3,5991E-5
3,561E-5
4,2146E-5
3,8248E-5
2,62E-5
2,2464E-5
3,7345E-5
4,3062E-5
4,2363E-5
4,706E-5
4,2306E-5
4,1085E-5
4,2868E-5
6,3176E-5
2,5553E-5
4,7922E-5
4,3134E-5
3,5136E-5
2,197E-5
2,3091E-5
4,2662E-5
4,3447E-5
2,3049E-5
3,5999E-5
4,4061E-5
4,2179E-5
4,1401E-5
4,2774E-5
4,4391E-5
3,7071E-5
4,6041E-5
4,2676E-5
3,781E-5
4,3043E-5
4,67E-5
2,5256E-5
4,2883E-5
4,2432E-5
2,2394E-5
4,3698E-5
4,258E-5
4,3327E-5
3,7206E-5
4,2056E-5
4,3721E-5
4,3961E-5
4,2455E-5
2,3767E-5
4,3681E-5
6,0865E-5
3,5703E-5
2,1974E-5
4,4008E-5
4,253E-5
2,2843E-5
4,275E-5
4,2239E-5
4,727E-5
4,3558E-5
4,3647E-5
4,121E-5
2,1739E-5
4,291E-5
4,3668E-5
4,2674E-5
2,2205E-5
4,3799E-5
3,521E-5
3,5123E-5
4,5186E-5
4,1055E-5
3,6191E-5
4,3719E-5
4,8229E-5
4,3238E-5
4,2767E-5
2,595E-5
2,1747E-5
4,4698E-5
2,6141E-5
4,1982E-5
3,6156E-5
2,77E-5
5,6023E-5
2,2549E-5
4,5096E-5
4,2431E-5
2,4836E-5
4,4397E-5
4,0438E-5
4,304E-5
4,3859E-5
4,1861E-5
4,0774E-5
4,1421E-5
4,5057E-5
4,2749E-5
4,0328E-5
4,2653E-5
2,2368E-5
6,2233E-5
4,1262E-5
2,2473E-5
4,5697E-5
4,4107E-5
2,3223E-5
4,6956E-5
4,3753E-5
5,6546E-5
4,3829E-5
4,2234E-5
4,2719E-5
4,3231E-5
4,21E-5
4,2318E-5
4,1481E-5
2,156E-5
4,4422E-5
6,1082E-5
4,2388E-5
4,079E-5
4,3542E-5
4,4103E-5
4,3965E-5
4,3347E-5
4,2894E-5
4,3668E-5
4,1841E-5
2,2696E-5
4,3247E-5
4,4916E-5
3,7146E-5
4,471E-5
4,2339E-5
2,5255E-5
4,3428E-5
4,2856E-5
4,3121E-5
2,2267E-5
4,162E-5
4,483E-5
4,4664E-5
4,2509E-5
4,421E-5
4,3408E-5
4,2743E-5
4,2746E-5
4,2641E-5
2,9334E-5
3,5336E-5
4,1871E-5
4,3625E-5
4,2435E-5
4,0898E-5
2,5567E-5
4,3011E-5
4,1836E-5
2,5759E-5
4,3759E-5
4,2786E-5
4,1918E-5
4,3759E-5
4,3142E-5
2,7099E-5
2,1553E-5
2,2338E-5
4,1814E-5
4,0763E-5
4,0921E-5
4,0897E-5
2,599E-5
2,1468E-5
4,2614E-5
4,3794E-5
4,3196E-5
2,2431E-5
6,082E-5
4,3761E-5
4,2137E-5
3,5463E-5
4,1436E-5
4,1973E-5
4,1675E-5
3,5772E-5
4,8266E-5
4,2302E-5
4,2585E-5
3,6057E-5
4,2346E-5
4,323E-5
4,8214E-5
3,6319E-5
4,207E-5
4,1797E-5
2,1607E-5
3,7221E-5
4,3452E-5
4,22E-5
4,316E-5
4,2539E-5
4,2223E-5
4,3086E-5
4,6157E-5
4,211E-5
4,3563E-5
4,3526E-5
4,1367E-5
4,1941E-5
4,3575E-5
3,5393E-5
4,5027E-5
4,1362E-5
2,1496E-5
4,2043E-5
2,5105E-5
4,1125E-5
4,2446E-5
4,2876E-5
4,2034E-5
4,0816E-5
4,1632E-5
4,5115E-5
2,4741E-5
4,3511E-5
2,2215E-5
4,1616E-5
4,3005E-5
4,3419E-5
4,231E-5
3,6078E-5
4,2025E-5
4,0418E-5
3,5985E-5
2,5486E-5
2,3314E-5
2,5694E-5
4,2579E-5
4,1052E-5
3,6069E-5
2,5769E-5
4,3669E-5
4,3464E-5
2,1359E-5
2,696E-5
4,3715E-5
4,3027E-5
4,194E-5
4,3826E-5
2,2494E-5
4,8423E-5
4,4715E-5
3,4832E-5
4,1436E-5
4,3102E-5
4,2231E-5
3,5533E-5
2,2763E-5
4,386E-5
4,7492E-5
4,266E-5
4,0556E-5
4,4265E-5
4,1764E-5
2,1964E-5
2,5401E-5
2,2378E-5
4,4086E-5
4,2265E-5
4,3589E-5
3,5937E-5
4,1645E-5
4,446E-5
2,3092E-5
4,2542E-5
2,5193E-5
3,6623E-5
4,194E-5
4,2914E-5
2,264E-5
6,4246E-5
4,1988E-5
2,595E-5
4,4017E-5
4,8319E-5
4,1257E-5
4,3428E-5
4,2335E-5
3,5788E-5
2,2466E-5
4,3192E-5
4,345E-5
4,2207E-5
4,3951E-5
3,7136E-5
4,4643E-5
2,3133E-5
4,3918E-5
4,314E-5
2,8903E-5
4,2926E-5
4,3433E-5
2,6102E-5
4,1268E-5
4,3957E-5
3,5156E-5
4,3776E-5
3,5925E-5
4,179E-5
2,6764E-5
4,4073E-5
4,2996E-5
4,3955E-5
4,3516E-5
3,7268E-5
2,6291E-5
4,3667E-5
4,2567E-5
3,6773E-5
4,192E-5
4,2499E-5
3,6807E-5
4,3935E-5
4,6598E-5
4,0265E-5
2,2289E-5
4,3755E-5
4,3009E-5
2,6151E-5
3,6453E-5
4,3489E-5
3,6978E-5
2,3434E-5
4,8115E-5
4,4491E-5
2,6996E-5
3,5747E-5
4,4757E-5
4,4569E-5
3,6022E-5
4,4279E-5
2,546E-5
4,1256E-5
4,2988E-5
4,2454E-5
4,7104E-5
4,2806E-5
4,4677E-5
3,7089E-5
4,4101E-5
4,3045E-5
4,3899E-5
4,3609E-5
2,2285E-5
4,2799E-5
4,3131E-5
4,3071E-5
4,3679E-5
3,6346E-5
4,2716E-5
2,319E-5
4,3221E-5
4,4218E-5
2,6277E-5
4,4541E-5
2,3132E-5
4,1588E-5
3,6685E-5
4,2116E-5
4,2135E-5
4,1927E-5
4,0027E-5
2,2484E-5
4,3838E-5
4,211E-5
4,2047E-5
3,5978E-5
2,554E-5
4,2998E-5
4,2621E-5
3,6451E-5
4,2787E-5
4,3426E-5
3,5587E-5
4,2015E-5
4,2486E-5
4,4646E-5
3,5023E-5
4,2377E-5
2,5236E-5
4,3253E-5
4,2407E-5
2,2523E-5
2,5354E-5
3,537E-5
4,2597E-5
4,2688E-5
4,3199E-5
3,6496E-5
4,0802E-5
4,3487E-5
2,5492E-5
4,2351E-5
2,1913E-5
4,2392E-5
4,2599E-5
4,201E-5
2,2256E-5
4,2846E-5
4,5494E-5
4,2591E-5
2,1852E-5
3,546E-5
4,2618E-5
2,2076E-5
4,2998E-5
3,7298E-5
2,5554E-5
5,8243E-5
2,1803E-5
4,3202E-5
3,5056E-5
2,2576E-5
4,2771E-5
4,3072E-5
4,2698E-5
2,2348E-5
2,1572E-5
4,2513E-5
4,0938E-5
3,5572E-5
4,3646E-5
4,1561E-5
4,3815E-5
3,573E-5
4,0972E-5
4,3186E-5
4,3135E-5
3,7636E-5
4,606E-5
4,2604E-5
2,1619E-5
4,1625E-5
4,2974E-5
4,2251E-5
2,3364E-5
4,373E-5
2,2527E-5
4,3846E-5
4,3409E-5
4,133E-5
2,3701E-5
4,433E-5
2,6221E-5
4,4079E-5
2,2765E-5
4,4166E-5
4,2407E-5
4,2494E-5
4,2943E-5
3,7166E-5
2,2541E-5
2,2205E-5
4,2505E-5
4,3368E-5
3,5754E-5
4,2431E-5
4,2511E-5
2,5419E-5
4,4742E-5
3,5381E-5
4,0986E-5
4,2807E-5
4,2527E-5
4,2946E-5
4,185E-5
4,4647E-5
3,6317E-5
4,2964E-5
2,2274E-5
3,5338E-5
3,5505E-5
4,2657E-5
2,7103E-5
3,474E-5
4,2539E-5
4,2629E-5
2,3061E-5
3,5568E-5
4,3118E-5
4,244E-5
4,3606E-5
4,0698E-5
4,3884E-5
4,1823E-5
4,3729E-5
4,2078E-5
4,332E-5
2,4952E-5
3,5296E-5
4,1343E-5
4,3013E-5
4,0486E-5
2,3481E-5
3,6692E-5
4,4473E-5
4,2036E-5
2,3206E-5
3,5697E-5
4,5373E-5
4,246E-5
2,3094E-5
5,2379E-5
4,3444E-5
4,0326E-5
3,5486E-5
4,3508E-5
2,1677E-5
4,1849E-5
2,6176E-5
2,3616E-5
4,4517E-5
4,3419E-5
4,3628E-5
4,1843E-5
3,5858E-5
4,2223E-5
4,2246E-5
2,5297E-5
4,2399E-5
2,3203E-5
4,1609E-5
3,7527E-5
2,5106E-5
4,2198E-5
2,2421E-5
3,5883E-5
4,0386E-5
3,6658E-5
2,5423E-5
4,365E-5
4,224E-5
4,2316E-5
3,5855E-5
4,254E-5
2,3543E-5
4,3549E-5
4,27E-5
4,1398E-5
4,1118E-5
4,2084E-5
4,2971E-5
4,3801E-5
2,3026E-5
2,5885E-5
4,0201E-5
4,1437E-5
4,124E-5
2,1748E-5
3,4924E-5
4,1973E-5
4,1973E-5
3,5684E-5
4,1958E-5
2,6489E-5
4,1192E-5
4,2928E-5
4,2945E-5
2,1306E-5
4,3304E-5
4,3527E-5
2,2837E-5
4,3744E-5
3,7182E-5
2,6943E-5
3,6064E-5
4,1034E-5
4,2696E-5
2,3107E-5
3,6175E-5
4,1126E-5
2,2457E-5
4,0715E-5
4,3771E-5
2,5051E-5
4,2879E-5
4,2386E-5
4,2987E-5
2,202E-5
2,6607E-5
3,6543E-5
4,1318E-5
2,87954E-4
4,2994E-5
2,6047E-5
4,3783E-5
4,2138E-5
4,3194E-5
4,2673E-5
5,4401E-5
4,3903E-5
4,3874E-5
3,6158E-5
2,2416E-5
4,3319E-5
3,6944E-5
4,3215E-5
5,0658E-5
3,6754E-5
2,2537E-5
2,2328E-5
6,4787E-5
4,9636E-5
9,4179E-5
5,2458E-5
8,0566E-5
2,7163E-5
3,9047E-5
4,8883E-5
8,6629E-5
8,0036E-5
6,9053E-5
2,7369E-5
6,2042E-5
4,6423E-5
7,224E-5
6,6158E-5
5,2129E-5
4,642E-5
7,5829E-5
4,5478E-5
8,3652E-5
4,7668E-5
4,5247E-5
3,0513E-5
6,9999E-5
5,0502E-5
6,95E-5
2,7156E-5
6,2262E-5
6,7264E-5
1,00774E-4
8,9102E-5
5,6155E-5
1,01397E-4
5,7828E-5
4,0909E-5
8,9385E-5
8,0525E-5
2,8194E-5
4,6534E-5
7,8008E-5
9,0234E-5
5,9191E-5
4,4037E-5
2,6911E-5
5,3073E-5
5,5006E-5
7,2463E-5
6,1177E-5
7,0558E-5
4,358E-5
4,0819E-5
4,2269E-5
5,7503E-5
7,0938E-5
5,6871E-5
4,221E-5
4,8354E-5
2,6534E-5
4,5878E-5
4,6432E-5
8,1556E-5
4,7324E-5
8,4035E-5
4,9825E-5
7,2121E-5
4,0891E-5
8,0102E-5
1,03619E-4
6,7711E-5
5,2939E-5
5,6807E-5
5,8765E-5
5,1262E-5
4,2742E-5
2,2794E-5
8,4013E-5
2,2923E-5
5,4668E-5
6,0438E-5
9,0204E-5
7,9766E-5
4,2727E-5
2,5959E-5
2,3393E-5
5,2219E-5
5,3074E-5
4,2264E-5
2,3237E-5
4,2348E-5
4,2648E-5
4,348E-5
2,2272E-5
4,2857E-5
4,1961E-5
2,3202E-5
4,3259E-5
3,6137E-5
2,1977E-5
4,1777E-5
4,2513E-5
3,7635E-5
5,1033E-5
4,4773E-5
4,3855E-5
3,6346E-5
4,3709E-5
4,3123E-5
4,2815E-5
2,2553E-5
3,6224E-5
4,5879E-5
4,2523E-5
2,6377E-5
4,3513E-5
4,1261E-5
4,5268E-5
4,3607E-5
2,3405E-5
3,2075E-5
5,7247E-5
2,7631E-5
5,9788E-5
1,00087E-4
4,9132E-5
7,2935E-5
3,4203E-5
5,5249E-5
5,4222E-5
4,8778E-5
4,4729E-5
7,9873E-5
7,9329E-5
5,7491E-5
6,8206E-5
4,9883E-5
6,7838E-5
6,2291E-5
8,9383E-5
5,7774E-5
7,0286E-5
3,4879E-5
7,3378E-5
6,3222E-5
6,1323E-5
1,06085E-4
8,0263E-5
7,9354E-5
7,1961E-5
5,3768E-5
9,0275E-5
5,2357E-5
8,1204E-5
7,8036E-5
5,7897E-5
8,2211E-5
8,5601E-5
6,588E-5
2,3894E-5
7,7501E-5
4,9469E-5
3,0234E-5
5,7463E-5
8,007E-5
6,7902E-5
8,0284E-5
7,1642E-5
8,0839E-5
4,8456E-5
2,2796E-5
6,4527E-5
4,3892E-5
6,3085E-5
7,321E-5
4,0009E-5
2,4285E-5
4,9139E-5
6,8857E-5
2,3067E-5
6,5694E-5
6,4644E-5
4,7256E-5
4,2152E-5
8,6649E-5
2,7812E-5
6,5846E-5
7,0552E-5
2,3285E-5
7,3639E-5
5,6673E-5
2,2525E-5
5,7327E-5
4,086E-5
6,2718E-5
6,9331E-5
7,0446E-5
4,8237E-5
1,04395E-4
6,3242E-5
8,1572E-5
4,7929E-5
6,4285E-5
5,3834E-5
5,5217E-5
2,8099E-5
1,21873E-4
5,6224E-5
5,4819E-5
6,5556E-5
6,4608E-5
8,161E-5
7,5514E-5
6,0365E-5
5,616E-5
6,6776E-5
7,8002E-5
7,1005E-5
2,9702E-5
6,0E-5
5,9621E-5
4,3344E-5
4,7678E-5
3,4953E-5
4,3428E-5
5,5774E-5
4,8264E-5
5,7616E-5
4,7746E-5
7,2944E-5
4,5155E-5
4,4331E-5
7,1169E-5
5,2489E-5
8,7289E-5
2,5003E-5
4,2235E-5
4,7304E-5
6,1424E-5
4,9781E-5
2,2146E-5
6,7198E-5
2,7061E-5
4,5541E-5
4,6154E-5
8,6681E-5
4,3195E-5
4,5091E-5
4,4748E-5
4,8005E-5
4,2514E-5
7,2082E-5
4,7633E-5
8,9002E-5
4,263E-5
4,0425E-5
7,9126E-5
7,4182E-5
4,9118E-5
4,6912E-5
5,5299E-5
5,1065E-5
7,725E-5
4,9921E-5
3,6074E-5
5,643E-5
5,6161E-5
7,0257E-5
5,934E-5
7,2326E-5
8,5606E-5
4,0397E-5
4,2899E-5
6,7744E-5
6,4193E-5
3,327E-5
4,9167E-5
4,4203E-5
2,25E-5
3,5878E-5
1,14428E-4
3,0471E-5
4,8495E-5
7,5597E-5
6,7104E-5
3,3186E-5
9,2441E-5
4,6719E-5
5,3393E-5
8,0465E-5
3,2573E-5
8,1275E-5
8,004E-5
2,2482E-5
4,4553E-5
4,5056E-5
5,4586E-5
6,7573E-5
7,2052E-5
6,4875E-5
7,0735E-5
5,0547E-5
7,9864E-5
5,4863E-5
8,8524E-5
8,2181E-5
5,5496E-5
4,9888E-5
5,9777E-5
5,211E-5
8,9154E-5
4,0561E-5
7,7635E-5
4,8442E-5
6,8929E-5
5,61E-5
4,4146E-5
2,5708E-5
4,3007E-5
3,6126E-5
4,1377E-5
4,1462E-5
4,4012E-5
2,6224E-5
4,3955E-5
4,3371E-5
2,4051E-5
3,729E-5
4,7307E-5
5,4996E-5
4,3273E-5
4,4385E-5
4,2235E-5
5,4865E-5
4,3592E-5
4,9565E-5
3,551E-5
4,3761E-5
2,2345E-5
3,5856E-5
4,3103E-5
4,3176E-5
2,2259E-5
2,6756E-5
4,1356E-5
4,3471E-5
2,2127E-5
4,3001E-5
4,1914E-5
4,1674E-5
2,338E-5
4,2755E-5
4,1369E-5
4,3455E-5
2,3566E-5
2,1886E-5
3,8118E-5
4,4068E-5
3,6843E-5
2,3183E-5
3,5535E-5
4,1709E-5
2,8494E-5
2,2152E-5
4,3592E-5
2,1818E-5
4,3531E-5
4,3187E-5
4,0993E-5
4,4368E-5
2,6132E-5
4,3327E-5
4,2627E-5
4,3076E-5
4,4546E-5
4,3065E-5
4,2017E-5
4,3787E-5
4,324E-5
4,2709E-5
2,6232E-5
4,8326E-5
4,3609E-5
4,1561E-5
4,3289E-5
4,2759E-5
4,305E-5
2,9696E-5
4,3488E-5
3,5408E-5
4,2571E-5
4,3988E-5
4,299E-5
4,1361E-5
4,3561E-5
4,1745E-5
2,6215E-5
4,1691E-5
4,2273E-5
4,2952E-5
2,1679E-5
4,4455E-5
2,2889E-5
4,2203E-5
2,2956E-5
4,4793E-5
2,2927E-5
4,19E-5
4,3397E-5
4,2531E-5
4,4865E-5
2,2898E-5
4,122E-5
4,3912E-5
4,4473E-5
2,315E-5
4,4334E-5
2,2475E-5
4,2797E-5
4,2842E-5
2,197E-5
4,3138E-5
2,2402E-5
4,3775E-5
4,1327E-5
6,2631E-5
4,3834E-5
4,3568E-5
4,2151E-5
4,3142E-5
4,1434E-5
4,2265E-5
2,2252E-5
4,6886E-5
4,0803E-5
4,1904E-5
4,2606E-5
4,3743E-5
4,0974E-5
4,2777E-5
4,1741E-5
4,448E-5
4,2032E-5
2,301E-5
4,247E-5
4,3593E-5
4,2781E-5
4,5214E-5
2,1889E-5
4,3453E-5
4,2934E-5
4,2367E-5
4,2118E-5
4,2307E-5
4,2285E-5
4,3494E-5
4,4165E-5
5,7625E-5
4,9151E-5
4,357E-5
4,4601E-5
2,6581E-5
4,1253E-5
4,4143E-5
2,2512E-5
2,5283E-5
4,4761E-5
4,3968E-5
2,5898E-5
4,1314E-5
4,4118E-5
3,5427E-5
4,1893E-5
4,3608E-5
3,6489E-5
4,3933E-5
4,4461E-5
4,3807E-5
3,5738E-5
4,402E-5
3,5818E-5
4,2078E-5
4,3388E-5
4,1738E-5
4,2924E-5
4,3036E-5
6,5301E-5
4,5911E-5
4,2156E-5
3,526E-5
4,0221E-5
7,6187E-5
7,5885E-5
6,7241E-5
4,2508E-5
4,4168E-5
6,2279E-5
3,8661E-5
7,5105E-5
7,0521E-5
6,3928E-5
7,9109E-5
9,2473E-5
7,9258E-5
6,1762E-5
7,263E-5
7,2506E-5
7,9127E-5
7,5801E-5
7,7885E-5
7,6465E-5
7,2995E-5
7,887E-5
7,8094E-5
3,5439E-5
7,6446E-5
6,5231E-5
7,3685E-5
4,049E-5
7,9271E-5
7,4772E-5
7,3203E-5
3,9975E-5
7,2574E-5
7,6773E-5
3,9555E-5
6,7504E-5
7,7194E-5
6,6628E-5
7,713E-5
6,7517E-5
8,0957E-5
7,3322E-5
7,8817E-5
7,8993E-5
7,7418E-5
4,0439E-5
4,7454E-5
7,8158E-5
3,9051E-5
7,2139E-5
7,803E-5
3,9865E-5
7,582E-5
7,6432E-5
6,9234E-5
7,6424E-5
7,5812E-5
6,7385E-5
7,7175E-5
6,6478E-5
9,7676E-5
7,8026E-5
7,973E-5
4,0618E-5
6,5653E-5
4,5023E-5
7,7581E-5
6,1505E-5
7,6156E-5
7,5729E-5
8,8522E-5
7,7438E-5
7,4974E-5
7,2254E-5
7,9285E-5
4,21E-5
8,1039E-5
6,4398E-5
7,5005E-5
7,6242E-5
4,5255E-5
7,7761E-5
4,2118E-5
3,8937E-5
6,9281E-5
4,8159E-5
4,4483E-5
7,6661E-5
7,4235E-5
7,5061E-5
8,0749E-5
4,021E-5
6,8549E-5
6,6185E-5
7,5287E-5
8,0004E-5
7,8226E-5
7,9958E-5
4,4155E-5
3,9703E-5
7,4154E-5
4,5036E-5
6,2299E-5
6,6604E-5
7,4875E-5
7,8176E-5
7,5258E-5
6,7827E-5
3,8559E-5
7,5464E-5
4,6818E-5
4,0326E-5
6,5909E-5
7,6884E-5
7,6365E-5
7,9243E-5
2,564E-5
2,5654E-5
4,3825E-5
3,6337E-5
4,2763E-5
4,2168E-5
3,7083E-5
4,3036E-5
4,1222E-5
4,3268E-5
5,0212E-5
2,1874E-5
2,2267E-5
4,8401E-5
4,1294E-5
2,237E-5
3,5987E-5
4,1759E-5
4,2198E-5
4,1793E-5
4,3189E-5
2,3583E-5
4,7226E-5
6,1014E-5
4,1663E-5
2,2336E-5
4,3527E-5
4,638E-5
3,5163E-5
5,0428E-5
4,2124E-5
4,2555E-5
3,5007E-5
2,5591E-5
2,3022E-5
4,4164E-5
4,3144E-5
4,2349E-5
4,1582E-5
4,1709E-5
4,3959E-5
4,3195E-5
4,145E-5
4,2429E-5
4,3582E-5
4,4178E-5
3,5274E-5
2,3944E-5
4,2808E-5
4,302E-5
4,0848E-5
4,2817E-5
2,5556E-5
2,6624E-5
4,0856E-5
2,358E-5
3,6236E-5
4,3343E-5
2,1154E-5
4,367E-5
4,2961E-5
2,1309E-5
4,3066E-5
3,5842E-5
4,2435E-5
4,3157E-5
3,541E-5
4,2189E-5
2,3491E-5
4,3183E-5
4,3991E-5
2,2189E-5
5,2555E-5
2,5121E-5
2,2254E-5
4,9915E-5
4,3658E-5
2,2162E-5
2,4327E-5
3,6654E-5
4,3881E-5
4,3286E-5
4,3889E-5
4,2636E-5
4,5107E-5
4,4285E-5
3,5868E-5
2,7408E-5
2,1986E-5
4,2298E-5
2,1791E-5
4,3247E-5
4,3314E-5
5,5044E-5
3,6419E-5
4,3035E-5
4,2174E-5
4,3686E-5
3,5419E-5
4,2918E-5
4,3255E-5
4,2589E-5
2,2586E-5
4,3251E-5
4,3424E-5
4,2878E-5
3,6008E-5
4,3618E-5
3,6602E-5
3,5264E-5
4,3171E-5
4,2503E-5
4,3537E-5
4,3855E-5
4,2665E-5
4,2205E-5
4,1843E-5
2,237E-5
4,2144E-5
2,3719E-5
4,328E-5
4,3228E-5
4,5406E-5
4,4649E-5
4,4115E-5
3,6157E-5
4,3212E-5
4,2359E-5
4,2623E-5
2,2713E-5
3,5935E-5
4,4397E-5
3,6529E-5
4,2256E-5
4,3201E-5
2,5868E-5
4,382E-5
2,2864E-5
4,2342E-5
2,6522E-5
4,3982E-5
4,1636E-5
4,115E-5
5,2827E-5
4,2698E-5
4,3219E-5
2,2095E-5
3,6951E-5
2,5243E-5
4,203E-5
4,3604E-5
3,4376E-5
5,875E-5
4,3103E-5
2,513E-5
3,722E-5
4,3476E-5
4,2584E-5
4,2755E-5
2,157E-5
3,5756E-5
4,1101E-5
4,0673E-5
2,6734E-5
4,3677E-5
4,0948E-5
2,6701E-5
4,3047E-5
4,6675E-5
2,2954E-5
4,4255E-5
4,2812E-5
2,2697E-5
4,3036E-5
4,3038E-5
4,2775E-5
4,3544E-5
4,3862E-5
4,2485E-5
3,6159E-5
4,2148E-5
4,5654E-5
4,4308E-5
2,2238E-5
4,3386E-5
4,2114E-5
3,6241E-5
2,2449E-5
4,4778E-5
4,4142E-5
4,2798E-5
4,302E-5
2,1692E-5
4,1064E-5
4,1042E-5
4,2791E-5
4,2955E-5
4,2278E-5
4,3117E-5
4,0975E-5
4,1618E-5
4,3594E-5
4,1925E-5
4,0912E-5
4,3108E-5
4,2736E-5
4,2571E-5
2,2997E-5
4,2922E-5
4,8534E-5
4,3744E-5
2,6265E-5
4,2792E-5
2,5359E-5
4,3884E-5
4,2722E-5
4,0667E-5
2,2249E-5
4,1771E-5
4,3569E-5
4,4121E-5
4,3092E-5
3,5585E-5
4,3118E-5
4,3242E-5
4,2171E-5
3,6389E-5
4,4308E-5
4,2936E-5
3,6007E-5
4,3166E-5
4,209E-5
4,2377E-5
3,6175E-5
4,2763E-5
2,3155E-5
2,6387E-5
3,6468E-5
2,2974E-5
4,2701E-5
2,309E-5
2,3217E-5
4,2468E-5
4,2874E-5
3,4923E-5
4,2055E-5
4,3265E-5
2,2542E-5
4,2838E-5
2,2394E-5
2,5733E-5
4,2749E-5
4,2817E-5
4,8265E-5
4,34E-5
4,2887E-5
4,2358E-5
2,4955E-5
4,2782E-5
4,3607E-5
4,0803E-5
2,626E-5
4,3617E-5
4,2771E-5
4,4041E-5
2,2082E-5
4,2348E-5
4,225E-5
4,592E-5
4,1454E-5
4,1672E-5
4,7934E-5
4,3034E-5
2,6733E-5
4,0068E-5
4,404E-5
3,5321E-5
4,2951E-5
4,3059E-5
4,1668E-5
4,3719E-5
4,332E-5
4,2277E-5
2,5202E-5
4,3166E-5
4,3354E-5
3,572E-5
3,6128E-5
4,3872E-5
4,4639E-5
4,224E-5
2,1554E-5
2,6322E-5
3,5374E-5
2,3167E-5
5,3864E-5
4,3884E-5
4,1591E-5
5,2065E-5
4,3803E-5
4,1204E-5
2,6861E-5
4,4119E-5
5,1374E-5
4,3495E-5
4,1861E-5
3,5433E-5
4,2974E-5
2,3902E-5
2,2666E-5
3,7082E-5
4,2599E-5
4,27E-5
4,4681E-5
4,2732E-5
4,0593E-5
4,3103E-5
4,3167E-5
4,8511E-5
2,7261E-5
2,2834E-5
4,2442E-5
4,2611E-5
4,1151E-5
2,1709E-5
4,3776E-5
4,5221E-5
4,2671E-5
4,5169E-5
2,2705E-5
4,1827E-5
2,6325E-5
4,41E-5
3,7197E-5
4,3838E-5
4,1864E-5
4,3144E-5
2,5839E-5
4,4294E-5
2,2165E-5
4,3084E-5
4,3852E-5
4,2638E-5
2,2031E-5
3,6383E-5
4,1047E-5
4,2009E-5
4,2288E-5
4,1477E-5
2,2903E-5
4,2613E-5
4,4189E-5
4,1511E-5
4,6246E-5
2,6178E-5
4,2103E-5
3,6847E-5
3,7042E-5
4,1784E-5
3,5434E-5
3,6426E-5
3,66E-5
4,1465E-5
4,1603E-5
2,282E-5
4,0729E-5
4,3483E-5
2,7972E-5
3,5631E-5
2,3261E-5
4,239E-5
4,1602E-5
3,6601E-5
2,2205E-5
4,1988E-5
4,3813E-5
3,5453E-5
4,2733E-5
4,2179E-5
4,2326E-5
4,2177E-5
4,2569E-5
4,1891E-5
3,4871E-5
4,293E-5
4,3803E-5
4,2188E-5
4,2471E-5
4,1871E-5
4,3673E-5
4,1279E-5
4,1534E-5
4,2353E-5
4,4172E-5
4,1886E-5
4,2119E-5
4,2509E-5
4,365E-5
4,216E-5
4,3768E-5
4,1993E-5
4,0664E-5
4,3374E-5
4,1086E-5
4,2657E-5
4,2931E-5
2,6221E-5
5,4197E-5
4,4303E-5
4,2759E-5
3,6054E-5
4,3628E-5
4,32E-5
4,2393E-5
4,295E-5
4,2334E-5
4,1854E-5
4,2237E-5
4,2839E-5
4,1605E-5
4,2958E-5
4,1401E-5
4,1702E-5
4,2508E-5
3,5338E-5
3,4985E-5
4,2185E-5
4,1039E-5
6,0516E-5
3,5154E-5
4,2221E-5
4,3406E-5
4,0773E-5
4,1806E-5
3,5625E-5
4,2689E-5
3,5838E-5
2,5018E-5
4,1158E-5
4,2683E-5
4,2977E-5
4,2019E-5
2,5752E-5
4,1099E-5
4,1715E-5
4,363E-5
4,5695E-5
3,6252E-5
4,4214E-5
4,0126E-5
4,3235E-5
4,3618E-5
4,2942E-5
4,4154E-5
4,069E-5
4,2561E-5
4,2486E-5
4,3808E-5
2,7009E-5
4,4163E-5
4,208E-5
3,6896E-5
4,2969E-5
5,6556E-5
4,6278E-5
4,0826E-5
4,2833E-5
4,2817E-5
4,2763E-5
3,6143E-5
4,2639E-5
4,3053E-5
3,5917E-5
4,2953E-5
4,2463E-5
2,2699E-5
4,1394E-5
4,0306E-5
4,7125E-5
4,3911E-5
3,6012E-5
4,2843E-5
4,2666E-5
4,3812E-5
7,6867E-5
6,9395E-5
5,9929E-5
7,9105E-5
7,1487E-5
7,2506E-5
5,8239E-5
2,7303E-5
4,8383E-5
4,3672E-5
4,2406E-5
4,2226E-5
4,239E-5
4,2271E-5
4,391E-5
4,2769E-5
4,2441E-5
4,6915E-5
4,2937E-5
2,526E-5
4,3753E-5
4,2474E-5
4,3155E-5
3,6424E-5
3,6039E-5
4,3921E-5
4,1818E-5
2,2095E-5
3,6675E-5
4,4435E-5
4,3332E-5
4,1481E-5
4,3976E-5
4,2786E-5
3,614E-5
4,1836E-5
4,1058E-5
4,1473E-5
4,33E-5
4,1786E-5
4,1044E-5
4,122E-5
4,2604E-5
4,1485E-5
4,2061E-5
4,0924E-5
4,2977E-5
4,1956E-5
4,2947E-5
4,0607E-5
4,3317E-5
4,1965E-5
4,1121E-5
3,6085E-5
4,0544E-5
4,1164E-5
3,6159E-5
4,7734E-5
4,3791E-5
4,373E-5
4,1836E-5
4,3219E-5
4,281E-5
4,1654E-5
4,0889E-5
4,1388E-5
4,1414E-5
4,1498E-5
4,3261E-5
4,2783E-5
3,5405E-5
4,1965E-5
4,2407E-5
4,2782E-5
4,2751E-5
4,0938E-5
4,2196E-5
4,3876E-5
3,4001E-5
4,0328E-5
4,0601E-5
4,378E-5
3,7238E-5
3,7038E-5
4,3622E-5
4,0892E-5
9,6129E-5
7,2886E-5
8,8704E-5
4,2951E-5
4,3237E-5
3,9706E-5
3,6007E-5
3,6621E-5
4,2903E-5
4,4278E-5
4,3747E-5
4,2116E-5
3,9556E-5
4,3458E-5
4,266E-5
4,2245E-5
3,5434E-5
4,2729E-5
4,6684E-5
4,2998E-5
4,1686E-5
4,2946E-5
4,2011E-5
4,2795E-5
4,1918E-5
4,079E-5
4,1856E-5
4,3278E-5
4,1569E-5
4,2708E-5
4,2131E-5
4,2685E-5
4,0716E-5
4,0796E-5
4,6107E-5
4,3568E-5
4,3186E-5
4,1791E-5
3,4826E-5
4,1627E-5
4,1275E-5
4,1467E-5
4,6575E-5
4,3596E-5
4,1128E-5
4,1845E-5
3,6226E-5
4,2969E-5
4,6078E-5
4,3051E-5
3,4429E-5
4,2694E-5
4,0988E-5
4,1909E-5
4,675E-5
4,2993E-5
4,2301E-5
4,2038E-5
4,2581E-5
4,3129E-5
4,3823E-5
4,2229E-5
4,2829E-5
3,6094E-5
4,1709E-5
4,3508E-5
4,454E-5
3,6401E-5
4,287E-5
4,2548E-5
4,2191E-5
3,5261E-5
4,608E-5
4,1762E-5
4,2074E-5
3,5981E-5
4,0281E-5
4,5328E-5
4,7439E-5
3,6336E-5
4,2871E-5
4,1325E-5
5,8775E-5
4,2816E-5
4,2668E-5
4,2023E-5
4,2228E-5
4,3259E-5
4,1763E-5
4,2242E-5
4,2457E-5
3,5967E-5
4,5991E-5
4,286E-5
4,2342E-5
4,3371E-5
4,303E-5
4,1692E-5
4,1076E-5
4,2002E-5
4,2471E-5
4,191E-5
4,2322E-5
4,3536E-5
3,61E-5
4,1735E-5
4,4264E-5
4,0606E-5
4,1645E-5
4,3103E-5
3,5786E-5
4,236E-5
4,1645E-5
3,809E-5
4,4612E-5
4,0769E-5
4,2815E-5
4,3478E-5
3,6656E-5
4,3324E-5
3,7075E-5
4,2676E-5
4,3579E-5
6,2406E-5
8,9722E-5
7,8815E-5
7,2007E-5
8,7437E-5
4,6119E-5
4,3108E-5
4,324E-5
4,08E-5
4,1306E-5
4,3557E-5
4,1152E-5
4,3387E-5
4,363E-5
4,2026E-5
4,2475E-5
4,2022E-5
4,2115E-5
4,4344E-5
4,4964E-5
4,1742E-5
4,4367E-5
5,6783E-5
3,9994E-5
4,2126E-5
4,2901E-5
4,112E-5
4,048E-5
4,3552E-5
4,1406E-5
3,5838E-5
3,6046E-5
4,0912E-5
4,2718E-5
4,0642E-5
4,3396E-5
4,1494E-5
4,5938E-5
4,1847E-5
4,5578E-5
4,2023E-5
4,215E-5
4,3708E-5
4,1883E-5
4,3735E-5
4,3813E-5
4,3317E-5
4,2699E-5
4,2547E-5
4,1928E-5
4,2702E-5
5,0766E-5
4,3003E-5
4,2563E-5
4,1033E-5
4,2615E-5
4,2135E-5
4,1915E-5
4,2853E-5
4,3588E-5
4,3096E-5
4,3801E-5
4,1686E-5
4,053E-5
4,218E-5
4,3307E-5
4,0735E-5
4,296E-5
4,4833E-5
4,1341E-5
4,2582E-5
4,1297E-5
4,2114E-5
4,4136E-5
4,1965E-5
4,2457E-5
4,3018E-5
4,2541E-5
4,2897E-5
4,2129E-5
4,1939E-5
4,4779E-5
4,1926E-5
4,229E-5
