1,33698E-4
1,3053E-4
1,31931E-4
1,31875E-4
2,15794E-4
1,34114E-4
9,1257E-5
1,334E-4
8,9375E-5
1,35363E-4
1,316E-4
1,33439E-4
1,2897E-4
1,30758E-4
1,33657E-4
1,35632E-4
9,6227E-5
1,3441E-4
1,31831E-4
1,3988E-4
1,28023E-4
8,603E-5
1,05356E-4
1,32358E-4
1,28451E-4
1,28235E-4
1,1083E-4
1,40879E-4
9,1944E-5
1,31134E-4
1,31337E-4
1,38808E-4
1,28385E-4
1,29966E-4
9,1248E-5
1,30024E-4
9,3136E-5
1,28616E-4
1,28179E-4
8,9861E-5
1,36812E-4
9,0442E-5
1,39973E-4
9,4792E-5
1,33426E-4
1,32253E-4
9,875E-5
1,34824E-4
9,4703E-5
1,3387E-4
1,36003E-4
1,29914E-4
1,35133E-4
1,33507E-4
1,28231E-4
1,3491E-4
1,29864E-4
1,28623E-4
1,32174E-4
1,35535E-4
1,31134E-4
1,31651E-4
1,297E-4
1,27502E-4
1,27658E-4
1,31907E-4
9,0457E-5
1,33403E-4
1,32837E-4
1,34459E-4
1,28367E-4
1,32558E-4
1,3026E-4
1,29043E-4
1,28901E-4
1,48378E-4
9,0558E-5
1,31817E-4
1,40381E-4
1,14769E-4
1,36495E-4
1,35587E-4
9,0241E-5
1,33865E-4
1,29271E-4
1,30603E-4
1,33725E-4
1,33461E-4
1,31992E-4
1,30676E-4
1,31438E-4
1,30827E-4
1,38424E-4
1,30486E-4
1,35546E-4
1,36487E-4
1,34767E-4
1,28381E-4
1,43884E-4
1,10348E-4
1,29636E-4
1,30903E-4
1,08574E-4
1,36166E-4
1,36045E-4
1,32144E-4
1,30092E-4
1,32262E-4
1,08946E-4
1,43599E-4
1,30544E-4
1,21144E-4
1,0623E-4
1,34894E-4
1,35118E-4
1,29094E-4
1,29004E-4
1,32456E-4
1,32299E-4
1,33427E-4
1,3038E-4
1,28529E-4
1,08714E-4
1,30981E-4
1,34096E-4
1,48346E-4
1,14171E-4
1,07997E-4
1,29953E-4
1,10282E-4
1,35597E-4
1,29956E-4
1,35949E-4
1,34388E-4
1,31871E-4
1,32259E-4
1,46914E-4
8,9942E-5
1,35703E-4
1,10298E-4
1,31339E-4
1,329E-4
1,32251E-4
1,09353E-4
1,30739E-4
1,31496E-4
9,688E-5
1,32803E-4
1,38224E-4
1,4313E-4
1,32669E-4
1,09158E-4
1,29403E-4
1,31573E-4
1,28981E-4
1,50248E-4
1,27955E-4
1,30009E-4
1,31126E-4
1,35291E-4
9,5611E-5
1,34159E-4
1,09282E-4
1,29214E-4
1,33291E-4
9,5478E-5
1,28467E-4
9,9683E-5
1,30814E-4
1,09851E-4
1,32858E-4
1,32241E-4
1,2811E-4
1,32475E-4
1,35795E-4
1,28804E-4
9,4375E-5
1,11082E-4
1,30605E-4
1,3678E-4
9,0078E-5
1,3049E-4
1,0224E-4
1,32597E-4
1,11006E-4
1,34799E-4
1,28982E-4
1,29544E-4
1,33239E-4
1,32135E-4
1,36114E-4
9,5621E-5
1,12013E-4
1,31343E-4
1,35075E-4
9,0785E-5
1,37602E-4
1,00976E-4
1,31278E-4
1,0782E-4
1,33429E-4
1,29104E-4
1,31738E-4
1,36682E-4
1,31531E-4
1,2771E-4
9,7581E-5
1,10473E-4
1,329E-4
1,35949E-4
1,383E-4
1,30231E-4
1,3242E-4
1,29862E-4
1,30498E-4
1,33483E-4
8,9394E-5
1,32358E-4
1,35216E-4
1,54597E-4
1,08769E-4
1,1085E-4
1,3127E-4
1,29924E-4
1,00999E-4
1,32363E-4
1,32448E-4
1,2762E-4
1,03621E-4
1,53817E-4
1,36491E-4
1,33398E-4
1,32109E-4
1,10015E-4
9,4901E-5
1,0998E-4
1,10535E-4
1,31993E-4
1,31125E-4
1,39464E-4
1,37451E-4
1,29735E-4
1,313E-4
1,29405E-4
1,32853E-4
1,36856E-4
1,00751E-4
8,7727E-5
1,3219E-4
9,3192E-5
1,38037E-4
2,37198E-4
2,15651E-4
2,23144E-4
2,05233E-4
2,1228E-4
1,25441E-4
1,73218E-4
2,22807E-4
2,09997E-4
1,47023E-4
1,99943E-4
1,80938E-4
1,45017E-4
1,852E-4
1,79555E-4
2,08672E-4
2,04987E-4
1,60417E-4
1,66639E-4
1,37974E-4
1,43181E-4
8,8994E-5
1,11474E-4
1,37533E-4
1,30309E-4
1,31437E-4
1,11225E-4
1,33896E-4
1,30943E-4
8,9749E-5
1,11759E-4
1,33042E-4
1,43384E-4
1,13086E-4
1,31168E-4
9,4521E-5
1,31587E-4
1,2834E-4
1,28927E-4
1,11384E-4
1,36764E-4
1,0187E-4
8,744E-5
1,30657E-4
1,10449E-4
1,00299E-4
1,2966E-4
1,30633E-4
1,15013E-4
1,00769E-4
1,40952E-4
8,8839E-5
1,34265E-4
1,11233E-4
1,34093E-4
9,2873E-5
1,33827E-4
1,04598E-4
1,04559E-4
1,35946E-4
1,31341E-4
1,37614E-4
1,33925E-4
1,34273E-4
1,34707E-4
1,09007E-4
1,31175E-4
9,3122E-5
1,36194E-4
1,3064E-4
1,37824E-4
1,31596E-4
1,28711E-4
1,3779E-4
9,176E-5
1,3834E-4
1,35927E-4
1,27871E-4
9,0202E-5
1,57045E-4
1,03918E-4
1,33795E-4
1,37982E-4
1,37955E-4
1,35015E-4
1,10919E-4
1,30697E-4
1,35558E-4
1,34553E-4
1,30551E-4
1,36579E-4
1,31137E-4
9,4321E-5
9,247E-5
1,13297E-4
1,32378E-4
1,38972E-4
1,30633E-4
1,35786E-4
9,6839E-5
1,12786E-4
1,31663E-4
1,33733E-4
1,06798E-4
1,41079E-4
1,37358E-4
1,50765E-4
1,2828E-4
8,9308E-5
1,49048E-4
1,10101E-4
1,16669E-4
1,32355E-4
1,45218E-4
1,30756E-4
9,8405E-5
1,35427E-4
1,09424E-4
1,33948E-4
1,28231E-4
1,34104E-4
1,28956E-4
9,5274E-5
1,54687E-4
1,02931E-4
1,31654E-4
0,002591598
1,00132E-4
1,11939E-4
1,48706E-4
1,34348E-4
1,3274E-4
9,5516E-5
1,37869E-4
1,39181E-4
9,6093E-5
1,33454E-4
1,2931E-4
1,28883E-4
1,30562E-4
1,32285E-4
1,29501E-4
1,31443E-4
1,2847E-4
1,0973E-4
1,31073E-4
1,3616E-4
1,08698E-4
1,31828E-4
1,29347E-4
1,29311E-4
1,32874E-4
9,4762E-5
1,34671E-4
1,26606E-4
1,32752E-4
1,29485E-4
9,7538E-5
1,35242E-4
1,30505E-4
1,11211E-4
1,30514E-4
8,9027E-5
1,38117E-4
9,5668E-5
1,35037E-4
1,30475E-4
9,7235E-5
1,10212E-4
1,51531E-4
1,31453E-4
1,10177E-4
8,993E-5
1,42756E-4
1,34735E-4
1,30162E-4
1,34315E-4
1,35436E-4
9,6072E-5
1,35536E-4
8,9963E-5
1,32096E-4
1,31883E-4
1,28493E-4
1,09296E-4
1,32616E-4
1,36272E-4
1,68876E-4
1,08356E-4
1,33707E-4
1,05305E-4
1,4003E-4
1,04525E-4
8,7934E-5
9,2289E-5
1,34151E-4
1,31848E-4
1,40707E-4
1,26265E-4
1,2778E-4
1,28976E-4
1,29596E-4
1,09329E-4
1,30425E-4
1,52367E-4
1,30577E-4
1,33245E-4
1,37795E-4
1,28853E-4
1,31752E-4
1,43769E-4
1,30809E-4
1,05171E-4
9,1827E-5
1,12664E-4
1,32745E-4
1,40203E-4
9,061E-5
1,39874E-4
1,33398E-4
1,33619E-4
8,8702E-5
1,36019E-4
1,32006E-4
9,4761E-5
1,31598E-4
1,17395E-4
1,37458E-4
1,30225E-4
1,34973E-4
1,36183E-4
1,02185E-4
1,37637E-4
1,3581E-4
1,30577E-4
1,3442E-4
1,34283E-4
1,10846E-4
1,35902E-4
9,5638E-5
1,32714E-4
1,31174E-4
1,32889E-4
1,05708E-4
1,17369E-4
1,33568E-4
1,32675E-4
1,03382E-4
8,8689E-5
1,35133E-4
1,336E-4
1,35392E-4
1,29212E-4
1,27891E-4
1,02179E-4
9,6559E-5
1,30131E-4
1,3792E-4
1,02348E-4
1,3604E-4
8,937E-5
1,13168E-4
1,33118E-4
1,24524E-4
1,31308E-4
1,45526E-4
1,02347E-4
1,37736E-4
1,40518E-4
1,08612E-4
1,28665E-4
1,10999E-4
9,8976E-5
9,4366E-5
1,39213E-4
1,34465E-4
1,38315E-4
9,3886E-5
1,32685E-4
1,01369E-4
1,30885E-4
9,0434E-5
1,14672E-4
1,32132E-4
1,42876E-4
9,0717E-5
9,422E-5
1,34424E-4
1,45942E-4
1,33632E-4
1,01845E-4
1,91775E-4
2,07788E-4
1,3853E-4
2,14742E-4
1,99202E-4
1,34667E-4
1,34485E-4
9,7014E-5
1,32269E-4
1,15266E-4
1,31875E-4
1,373E-4
9,705E-5
1,36443E-4
1,11153E-4
1,12497E-4
1,10835E-4
1,43329E-4
1,34035E-4
1,44944E-4
1,32411E-4
1,32728E-4
9,0949E-5
1,35023E-4
1,33051E-4
1,08205E-4
1,14184E-4
1,355E-4
1,39433E-4
1,38553E-4
1,52771E-4
1,13354E-4
1,37384E-4
1,32998E-4
1,3352E-4
9,6523E-5
1,3804E-4
1,30139E-4
1,09546E-4
1,02767E-4
1,19519E-4
1,31994E-4
1,40211E-4
1,34893E-4
9,0053E-5
1,3144E-4
1,28864E-4
1,32456E-4
1,34484E-4
1,28793E-4
1,35174E-4
8,9086E-5
1,32451E-4
1,30245E-4
1,34809E-4
1,09577E-4
1,29855E-4
1,52618E-4
9,6068E-5
1,44557E-4
1,11448E-4
1,3971E-4
1,33594E-4
1,3614E-4
1,14859E-4
1,15263E-4
1,33203E-4
1,30291E-4
1,03604E-4
1,05347E-4
1,31838E-4
1,33249E-4
1,0317E-4
1,34333E-4
1,3625E-4
1,37673E-4
1,01922E-4
1,36558E-4
1,08296E-4
1,38823E-4
1,01892E-4
1,35908E-4
1,38159E-4
9,7488E-5
1,45605E-4
1,29996E-4
9,4595E-5
1,33368E-4
1,10404E-4
1,29548E-4
1,40822E-4
1,11761E-4
1,43068E-4
1,2912E-4
1,34881E-4
1,29643E-4
1,34368E-4
1,29612E-4
1,32238E-4
1,33931E-4
1,03061E-4
1,32164E-4
1,15949E-4
1,36414E-4
1,31323E-4
1,30937E-4
1,31983E-4
1,28224E-4
1,14277E-4
1,32877E-4
1,3377E-4
1,35413E-4
1,30753E-4
1,09962E-4
1,35669E-4
2,26099E-4
1,25942E-4
1,32833E-4
1,42844E-4
1,35277E-4
1,08513E-4
1,35168E-4
1,36432E-4
1,03079E-4
9,3458E-5
8,7284E-5
1,37788E-4
1,31174E-4
1,3593E-4
9,011E-5
1,31497E-4
1,3576E-4
1,35376E-4
9,4097E-5
1,37333E-4
1,36459E-4
1,31253E-4
1,09093E-4
8,9278E-5
1,32396E-4
1,3401E-4
1,13526E-4
1,33777E-4
1,27738E-4
1,35014E-4
1,07848E-4
9,5274E-5
1,39971E-4
1,30556E-4
1,10314E-4
9,6312E-5
1,36611E-4
1,33324E-4
1,09871E-4
9,6257E-5
8,8327E-5
1,35997E-4
1,28665E-4
1,31392E-4
1,32388E-4
1,04492E-4
1,30173E-4
1,32086E-4
1,35091E-4
1,03335E-4
1,36391E-4
1,13486E-4
1,34204E-4
1,0997E-4
1,29023E-4
1,14254E-4
1,28809E-4
1,28691E-4
1,35777E-4
1,09106E-4
1,11166E-4
1,48632E-4
1,09727E-4
1,30669E-4
1,30862E-4
1,1433E-4
9,0849E-5
1,38651E-4
1,36611E-4
1,27425E-4
9,6373E-5
1,51031E-4
9,0076E-5
1,03863E-4
1,31319E-4
1,33007E-4
9,2116E-5
1,30461E-4
1,09098E-4
1,36206E-4
1,34137E-4
1,09595E-4
1,35969E-4
1,49808E-4
1,04327E-4
1,3803E-4
1,01954E-4
1,34269E-4
1,31904E-4
1,16032E-4
0,003157975
9,2178E-5
1,39463E-4
9,4887E-5
1,14399E-4
1,42326E-4
1,41164E-4
1,42372E-4
1,10374E-4
1,49514E-4
1,29155E-4
1,4107E-4
1,09915E-4
1,30151E-4
1,29008E-4
1,13091E-4
1,3091E-4
1,35879E-4
1,2989E-4
1,09584E-4
1,37608E-4
1,30615E-4
9,6183E-5
1,29646E-4
8,9606E-5
1,38833E-4
1,33091E-4
1,60629E-4
1,35311E-4
1,43428E-4
1,35222E-4
1,30215E-4
1,01271E-4
8,8048E-5
1,38833E-4
1,08249E-4
1,36336E-4
1,30432E-4
9,6792E-5
1,32422E-4
1,13874E-4
1,00569E-4
8,8319E-5
1,54352E-4
1,32091E-4
1,01452E-4
1,11371E-4
1,34514E-4
1,31661E-4
1,35313E-4
1,33534E-4
1,09681E-4
1,01784E-4
8,7288E-5
1,37614E-4
1,30606E-4
1,32986E-4
1,10878E-4
1,18107E-4
1,31386E-4
1,3043E-4
1,34224E-4
1,30022E-4
1,35424E-4
1,32248E-4
1,35841E-4
1,36369E-4
1,29122E-4
1,10317E-4
1,34138E-4
1,03107E-4
1,3728E-4
1,33954E-4
1,29926E-4
1,02729E-4
9,107E-5
9,5265E-5
1,3455E-4
1,36877E-4
1,08673E-4
9,2216E-5
1,75476E-4
2,13806E-4
1,6181E-4
2,02745E-4
1,21862E-4
1,29064E-4
1,84621E-4
1,51426E-4
1,38463E-4
1,78926E-4
1,60154E-4
1,98245E-4
1,49362E-4
1,80805E-4
1,66444E-4
1,25873E-4
1,78103E-4
2,18917E-4
2,44036E-4
2,26331E-4
2,29688E-4
2,05102E-4
1,66952E-4
2,37554E-4
1,54056E-4
1,57783E-4
1,91924E-4
1,79112E-4
1,37804E-4
2,03075E-4
1,72738E-4
1,98351E-4
1,99031E-4
1,34454E-4
1,16528E-4
1,8727E-4
1,24175E-4
1,91149E-4
1,5623E-4
1,96035E-4
1,9254E-4
2,16732E-4
1,6693E-4
2,20926E-4
2,39281E-4
2,4269E-4
1,46374E-4
1,78102E-4
1,34141E-4
1,58235E-4
1,8921E-4
1,4026E-4
1,80239E-4
1,97977E-4
1,30154E-4
2,01676E-4
1,87E-4
1,56084E-4
1,42957E-4
1,58261E-4
2,07829E-4
1,85675E-4
1,93588E-4
1,68704E-4
1,80335E-4
1,96262E-4
1,68177E-4
1,87303E-4
1,25136E-4
1,81123E-4
1,90977E-4
2,12638E-4
1,94272E-4
1,83717E-4
2,05124E-4
2,01066E-4
1,56134E-4
2,12631E-4
1,75045E-4
2,0982E-4
1,9097E-4
1,81768E-4
2,18188E-4
2,07659E-4
1,61134E-4
1,03738E-4
1,44796E-4
1,23348E-4
1,35306E-4
9,733E-5
1,42713E-4
1,3483E-4
1,30466E-4
1,31794E-4
1,29538E-4
1,33341E-4
1,36076E-4
1,54745E-4
1,34554E-4
1,33851E-4
1,12229E-4
1,31777E-4
1,31235E-4
1,13864E-4
1,11134E-4
1,35569E-4
1,47577E-4
1,34565E-4
1,09946E-4
1,35408E-4
8,9975E-5
1,34425E-4
1,01131E-4
9,3747E-5
1,38208E-4
8,8811E-5
1,37534E-4
1,44505E-4
1,30524E-4
8,9522E-5
1,1043E-4
1,38731E-4
1,39644E-4
9,1229E-5
1,47776E-4
9,8043E-5
1,17972E-4
9,4541E-5
1,40837E-4
1,1309E-4
1,324E-4
1,35983E-4
1,29038E-4
1,0194E-4
1,32975E-4
1,10322E-4
1,40455E-4
1,2962E-4
1,30189E-4
1,31773E-4
1,35566E-4
1,03655E-4
1,12808E-4
1,38737E-4
9,9108E-5
1,35218E-4
1,32657E-4
1,3517E-4
1,02805E-4
1,32927E-4
1,32748E-4
1,30881E-4
1,35787E-4
1,30701E-4
1,40611E-4
1,02521E-4
1,35926E-4
1,30786E-4
1,36778E-4
1,02204E-4
1,35693E-4
1,30242E-4
1,09524E-4
1,12718E-4
9,1577E-5
1,37679E-4
1,31938E-4
1,31828E-4
1,33019E-4
1,30382E-4
1,10934E-4
1,30846E-4
1,32584E-4
1,11592E-4
1,52115E-4
1,08965E-4
9,0385E-5
9,4615E-5
1,31403E-4
1,05384E-4
1,30616E-4
1,37126E-4
1,33793E-4
1,35327E-4
1,30779E-4
9,7097E-5
9,2651E-5
1,14393E-4
1,37259E-4
1,34264E-4
1,29352E-4
1,30997E-4
1,3417E-4
1,02381E-4
9,6178E-5
1,36355E-4
1,31437E-4
1,28308E-4
1,29009E-4
1,30531E-4
1,42868E-4
1,32229E-4
1,36275E-4
1,10039E-4
1,35849E-4
9,0361E-5
1,32053E-4
1,34023E-4
1,35081E-4
1,29535E-4
1,31176E-4
1,29623E-4
1,40568E-4
1,33803E-4
1,0579E-4
8,9207E-5
1,31997E-4
9,5002E-5
1,32574E-4
1,31216E-4
1,34104E-4
1,04284E-4
1,31992E-4
1,36327E-4
1,35162E-4
1,29957E-4
1,10644E-4
1,32283E-4
1,01959E-4
8,8998E-5
1,49176E-4
1,32967E-4
1,36671E-4
1,37612E-4
1,30786E-4
1,32326E-4
1,36921E-4
1,27945E-4
1,29115E-4
1,30366E-4
9,5143E-5
1,32867E-4
1,36315E-4
1,35697E-4
1,30004E-4
1,55039E-4
1,08921E-4
1,31785E-4
9,7497E-5
1,013E-4
1,39048E-4
1,11958E-4
1,34001E-4
1,18815E-4
1,05513E-4
1,51914E-4
1,10993E-4
1,39797E-4
1,32391E-4
1,30006E-4
9,6796E-5
1,32097E-4
1,29819E-4
1,32824E-4
1,28338E-4
1,36372E-4
1,28941E-4
1,31206E-4
1,30096E-4
9,096E-5
1,32848E-4
1,39329E-4
1,03276E-4
1,07706E-4
1,33863E-4
1,0113E-4
1,39087E-4
1,0319E-4
1,38327E-4
1,37376E-4
9,0395E-5
1,32236E-4
1,12361E-4
1,21876E-4
1,36158E-4
1,33595E-4
1,32052E-4
1,25499E-4
1,36101E-4
1,30965E-4
1,30601E-4
1,10937E-4
1,34661E-4
1,10665E-4
1,34752E-4
1,34514E-4
1,33168E-4
1,14594E-4
1,03541E-4
8,8744E-5
1,32876E-4
1,34755E-4
1,35899E-4
1,09358E-4
1,02698E-4
1,10796E-4
1,32153E-4
1,14039E-4
1,04159E-4
1,1474E-4
1,32516E-4
9,85E-5
1,01478E-4
1,32638E-4
1,37611E-4
9,7337E-5
1,01495E-4
1,36045E-4
1,32455E-4
9,4774E-5
1,36922E-4
1,30188E-4
1,3357E-4
1,3469E-4
1,32338E-4
8,9523E-5
1,37118E-4
1,03072E-4
1,3154E-4
8,9902E-5
1,31726E-4
1,36004E-4
1,32942E-4
1,31587E-4
1,28938E-4
1,35373E-4
1,32484E-4
1,10211E-4
1,29787E-4
1,3498E-4
9,4092E-5
1,09243E-4
1,02079E-4
1,35766E-4
9,0004E-5
1,41173E-4
1,34017E-4
1,34169E-4
1,09863E-4
1,30031E-4
1,3098E-4
1,05791E-4
1,36105E-4
1,4192E-4
1,28495E-4
8,9131E-5
1,34142E-4
1,01884E-4
1,31214E-4
9,1335E-5
9,5055E-5
9,9546E-5
1,1143E-4
1,3063E-4
1,0017E-4
1,12763E-4
1,32679E-4
1,28303E-4
1,37486E-4
1,10947E-4
1,26604E-4
1,32927E-4
1,03265E-4
9,5266E-5
1,34833E-4
1,35457E-4
9,5793E-5
1,31942E-4
1,32911E-4
9,2137E-5
1,32849E-4
1,11731E-4
1,03292E-4
1,11882E-4
1,36162E-4
1,12789E-4
1,33421E-4
1,35192E-4
1,28363E-4
1,37964E-4
1,3419E-4
1,15476E-4
1,34692E-4
1,38322E-4
1,30974E-4
1,02588E-4
1,09892E-4
1,34726E-4
9,7562E-5
1,32155E-4
1,30601E-4
1,08467E-4
1,30325E-4
9,5491E-5
1,32365E-4
8,8972E-5
1,18129E-4
9,4944E-5
1,36887E-4
1,10323E-4
1,33206E-4
1,05695E-4
1,35908E-4
1,31742E-4
1,31538E-4
1,09931E-4
1,30278E-4
9,0003E-5
1,32139E-4
1,306E-4
1,32334E-4
1,33234E-4
1,2738E-4
9,6241E-5
1,30996E-4
1,13477E-4
1,31731E-4
1,43573E-4
1,3392E-4
1,13819E-4
1,32169E-4
1,29672E-4
1,28267E-4
1,38171E-4
1,29617E-4
1,4035E-4
1,3499E-4
1,28668E-4
1,30445E-4
1,43118E-4
1,35592E-4
1,02531E-4
1,36852E-4
1,36524E-4
1,3347E-4
1,15932E-4
1,49189E-4
1,29731E-4
1,28659E-4
1,12426E-4
1,3301E-4
1,36046E-4
1,27997E-4
1,09282E-4
1,2925E-4
1,29495E-4
1,02872E-4
1,10425E-4
1,3175E-4
1,37114E-4
1,33918E-4
1,28423E-4
1,28371E-4
1,32636E-4
1,53092E-4
1,32686E-4
1,33611E-4
1,32901E-4
1,30233E-4
1,31004E-4
1,10775E-4
1,42606E-4
1,3091E-4
1,47497E-4
1,33369E-4
1,38555E-4
1,33851E-4
1,22177E-4
1,34568E-4
1,32448E-4
9,635E-5
1,05646E-4
1,13553E-4
1,33582E-4
1,32626E-4
1,13776E-4
1,35933E-4
9,028E-5
1,10795E-4
1,37389E-4
9,515E-5
8,7595E-5
1,36461E-4
1,39433E-4
1,02106E-4
1,13276E-4
1,10395E-4
1,38669E-4
1,29767E-4
1,49989E-4
1,19806E-4
1,50963E-4
1,39597E-4
1,41447E-4
8,8202E-5
1,39352E-4
1,35075E-4
1,3496E-4
1,30537E-4
1,27808E-4
1,30198E-4
1,37078E-4
9,5822E-5
1,00658E-4
9,0108E-5
1,09877E-4
1,32389E-4
1,36688E-4
1,1157E-4
1,32994E-4
1,33144E-4
1,3029E-4
1,30131E-4
1,0898E-4
1,34051E-4
1,30357E-4
1,04118E-4
8,8891E-5
1,32287E-4
1,46562E-4
9,73E-5
1,34968E-4
1,30262E-4
1,29576E-4
1,28931E-4
1,2887E-4
2,2559E-4
1,74028E-4
1,62379E-4
1,43839E-4
2,23097E-4
2,1647E-4
1,62114E-4
2,16279E-4
1,77213E-4
2,15067E-4
1,43407E-4
2,12744E-4
2,13827E-4
1,43632E-4
2,22999E-4
2,30525E-4
1,64396E-4
2,19965E-4
1,94576E-4
2,22126E-4
2,20341E-4
2,17319E-4
2,23052E-4
2,20344E-4
2,43285E-4
1,52666E-4
2,23443E-4
2,19417E-4
1,77548E-4
2,17694E-4
2,19282E-4
2,22183E-4
2,21547E-4
0,010832668
1,35305E-4
1,32598E-4
1,32274E-4
1,29659E-4
1,38171E-4
1,30005E-4
1,38189E-4
9,0811E-5
1,35392E-4
1,3238E-4
1,09502E-4
1,1136E-4
1,38376E-4
1,31214E-4
1,29621E-4
1,35184E-4
1,1094E-4
1,1424E-4
1,32921E-4
1,3371E-4
1,49753E-4
1,42156E-4
1,3297E-4
1,36466E-4
9,0663E-5
1,03606E-4
2,20651E-4
1,97831E-4
2,2637E-4
1,6841E-4
1,85317E-4
1,5574E-4
2,48024E-4
2,29338E-4
2,4675E-4
2,36047E-4
2,22921E-4
2,1545E-4
1,80573E-4
2,5443E-4
1,64007E-4
2,4962E-4
2,26523E-4
2,29919E-4
2,16627E-4
1,57493E-4
2,42855E-4
1,89537E-4
1,50882E-4
1,65319E-4
1,80527E-4
2,6722E-4
2,18989E-4
2,09581E-4
1,61814E-4
1,86615E-4
1,1128E-4
2,34483E-4
2,28582E-4
1,70474E-4
2,01302E-4
2,2224E-4
1,52771E-4
1,94354E-4
1,78196E-4
2,35098E-4
2,22515E-4
1,75696E-4
1,763E-4
1,73689E-4
1,22725E-4
1,53657E-4
2,10833E-4
2,06952E-4
2,03621E-4
1,95194E-4
1,3027E-4
1,45448E-4
1,91028E-4
1,18003E-4
1,50131E-4
1,81094E-4
1,9257E-4
1,75987E-4
1,99675E-4
1,52088E-4
1,67069E-4
1,48491E-4
1,96942E-4
2,21575E-4
2,23561E-4
2,21678E-4
2,07332E-4
2,17647E-4
2,06445E-4
2,20802E-4
2,02849E-4
2,07264E-4
1,23214E-4
2,2065E-4
1,53629E-4
2,61713E-4
2,17933E-4
2,09507E-4
2,62367E-4
2,07119E-4
2,35984E-4
2,09134E-4
1,51064E-4
2,11133E-4
1,33258E-4
1,47225E-4
1,95728E-4
1,92687E-4
1,88162E-4
1,93659E-4
1,79676E-4
2,4578E-4
1,27558E-4
1,66515E-4
1,55866E-4
2,13162E-4
1,54358E-4
1,27324E-4
1,98417E-4
2,54734E-4
2,6619E-4
1,69924E-4
1,93515E-4
1,45029E-4
2,4667E-4
2,04878E-4
2,39072E-4
1,98525E-4
2,35171E-4
1,44406E-4
1,834E-4
9,3159E-5
1,1884E-4
1,18105E-4
1,71342E-4
1,76512E-4
1,42706E-4
9,2665E-5
1,16658E-4
1,31067E-4
1,32127E-4
8,9937E-5
1,21339E-4
1,35056E-4
1,30605E-4
9,0698E-5
1,09872E-4
1,36387E-4
1,38567E-4
9,0856E-5
1,10131E-4
1,39479E-4
1,30886E-4
1,21747E-4
1,33893E-4
1,32525E-4
1,27425E-4
9,0714E-5
1,10233E-4
1,09545E-4
1,30926E-4
1,01102E-4
1,32173E-4
1,12401E-4
1,3031E-4
1,00939E-4
1,32918E-4
1,36823E-4
1,28666E-4
9,5475E-5
1,38697E-4
1,37245E-4
1,34596E-4
9,4462E-5
1,10536E-4
1,32067E-4
1,42575E-4
9,4441E-5
1,34912E-4
1,35689E-4
1,28923E-4
9,0142E-5
1,37674E-4
1,35409E-4
1,30196E-4
9,0882E-5
1,31208E-4
1,33724E-4
1,36264E-4
9,4755E-5
1,34672E-4
1,10713E-4
1,34825E-4
9,5437E-5
1,31674E-4
1,38633E-4
1,34773E-4
9,5528E-5
1,31777E-4
1,32464E-4
1,34799E-4
1,01061E-4
1,09965E-4
1,32021E-4
1,34611E-4
1,01891E-4
1,11406E-4
1,31334E-4
1,49359E-4
1,33833E-4
1,27727E-4
9,517E-5
1,34674E-4
1,31567E-4
1,53286E-4
1,32562E-4
1,33174E-4
1,19204E-4
1,4195E-4
9,4993E-5
1,31198E-4
1,57041E-4
1,60154E-4
1,33367E-4
1,43709E-4
1,10633E-4
1,32878E-4
1,33236E-4
1,44179E-4
1,47159E-4
1,35891E-4
1,1114E-4
1,34608E-4
1,39286E-4
1,40891E-4
1,3911E-4
1,36113E-4
1,57469E-4
1,31333E-4
1,03606E-4
1,3899E-4
1,01941E-4
1,3321E-4
1,34775E-4
1,27951E-4
9,5152E-5
1,11222E-4
1,36647E-4
1,33442E-4
1,31056E-4
1,47135E-4
8,9995E-5
1,51208E-4
1,09148E-4
1,3943E-4
1,28479E-4
1,32052E-4
1,36324E-4
1,06042E-4
1,33603E-4
1,20279E-4
1,33505E-4
1,28751E-4
1,36121E-4
9,0503E-5
1,35081E-4
1,2921E-4
1,09132E-4
1,41843E-4
1,31796E-4
1,31849E-4
1,34035E-4
1,30068E-4
1,32736E-4
1,28779E-4
1,34689E-4
1,29957E-4
1,28982E-4
1,47921E-4
1,31539E-4
1,02402E-4
1,34104E-4
1,10251E-4
1,34699E-4
1,51362E-4
9,0868E-5
1,35474E-4
1,33385E-4
1,412E-4
1,30981E-4
1,08776E-4
1,47894E-4
1,02558E-4
9,4718E-5
1,3225E-4
1,47045E-4
1,04701E-4
1,33814E-4
1,2987E-4
1,0078E-4
1,15897E-4
9,0506E-5
1,54793E-4
1,30993E-4
1,27715E-4
1,28187E-4
1,37455E-4
1,27979E-4
9,0962E-5
1,21427E-4
1,31304E-4
1,34738E-4
9,0372E-5
1,54054E-4
1,34487E-4
1,13929E-4
1,01903E-4
1,31044E-4
1,1297E-4
1,38141E-4
1,30594E-4
1,40902E-4
1,33175E-4
1,33044E-4
1,37202E-4
1,34611E-4
1,27458E-4
1,08973E-4
1,4067E-4
1,30025E-4
1,33499E-4
5,72375E-4
3,94363E-4
1,29233E-4
1,26671E-4
1,33741E-4
1,40165E-4
1,10124E-4
1,49709E-4
1,28874E-4
9,5456E-5
1,33021E-4
9,6208E-5
1,10169E-4
1,37486E-4
1,32574E-4
1,0281E-4
1,30785E-4
1,28913E-4
1,3637E-4
1,37301E-4
9,2257E-5
1,10091E-4
1,30261E-4
1,09375E-4
1,07783E-4
9,5846E-5
1,36311E-4
1,0346E-4
9,9734E-5
1,37065E-4
1,43135E-4
1,02842E-4
1,33189E-4
1,31062E-4
1,25393E-4
1,0376E-4
1,36149E-4
1,10202E-4
2,10727E-4
1,66996E-4
1,07394E-4
1,33545E-4
1,41732E-4
1,45694E-4
1,32398E-4
1,29888E-4
1,36198E-4
1,3648E-4
1,11509E-4
1,10286E-4
1,35494E-4
1,36417E-4
1,29856E-4
1,32035E-4
1,27898E-4
1,45073E-4
1,51404E-4
9,6675E-5
1,49455E-4
1,32367E-4
1,40112E-4
1,51146E-4
1,14186E-4
8,9634E-5
1,40351E-4
1,08246E-4
1,3034E-4
1,32164E-4
1,08758E-4
1,3092E-4
1,31366E-4
1,29183E-4
1,02964E-4
1,30782E-4
1,33031E-4
1,51354E-4
1,33254E-4
1,31168E-4
1,38241E-4
9,1248E-5
1,364E-4
1,34317E-4
1,09792E-4
9,6926E-5
1,32928E-4
1,33994E-4
1,34037E-4
1,35696E-4
1,35366E-4
9,1099E-5
1,33072E-4
1,39513E-4
1,01682E-4
1,47565E-4
1,40098E-4
1,09488E-4
9,0562E-5
1,37428E-4
1,37157E-4
1,30829E-4
1,31799E-4
1,35664E-4
9,049E-5
9,4322E-5
1,36234E-4
1,30881E-4
1,31348E-4
1,29033E-4
1,02803E-4
9,3429E-5
1,37106E-4
1,32255E-4
1,35708E-4
1,31701E-4
1,02992E-4
1,34577E-4
1,35702E-4
1,2971E-4
9,7007E-5
1,30504E-4
1,31612E-4
1,45588E-4
1,34684E-4
1,32897E-4
1,35277E-4
1,35697E-4
1,35474E-4
1,34175E-4
1,35242E-4
1,36316E-4
1,32452E-4
1,36518E-4
1,35862E-4
1,30833E-4
1,30513E-4
1,32083E-4
1,29967E-4
1,31014E-4
1,39097E-4
1,49202E-4
1,29173E-4
1,31806E-4
1,12036E-4
8,8339E-5
1,34052E-4
1,31678E-4
1,11037E-4
1,40462E-4
1,36212E-4
1,14076E-4
1,30921E-4
1,32311E-4
1,2872E-4
1,29671E-4
1,27905E-4
9,6985E-5
1,35186E-4
1,39683E-4
1,36069E-4
9,6584E-5
1,12647E-4
9,5089E-5
1,00652E-4
1,3333E-4
1,31375E-4
1,40592E-4
1,31672E-4
1,30063E-4
1,31734E-4
1,02943E-4
1,95831E-4
2,43609E-4
1,92129E-4
2,38278E-4
1,14436E-4
1,34524E-4
1,2913E-4
1,35636E-4
1,3486E-4
1,09287E-4
9,0162E-5
9,4776E-5
1,32997E-4
1,38993E-4
1,09435E-4
1,31369E-4
1,33869E-4
1,0948E-4
1,11488E-4
1,33721E-4
1,43276E-4
1,3053E-4
1,37202E-4
1,33704E-4
1,32448E-4
1,32559E-4
9,031E-5
1,32997E-4
1,2862E-4
1,48235E-4
1,366E-4
1,14516E-4
1,36241E-4
1,10738E-4
1,30852E-4
1,02308E-4
8,6052E-5
1,37964E-4
1,30242E-4
1,34025E-4
1,13181E-4
1,3208E-4
1,1145E-4
1,33643E-4
1,34461E-4
1,02505E-4
1,31339E-4
1,49066E-4
1,29927E-4
1,36055E-4
1,35441E-4
1,3709E-4
1,09428E-4
1,11867E-4
1,05025E-4
1,36466E-4
1,35967E-4
1,35423E-4
1,05822E-4
1,38417E-4
1,41939E-4
1,32292E-4
1,31399E-4
1,10556E-4
1,05366E-4
1,3144E-4
1,29563E-4
1,35565E-4
1,33792E-4
9,5381E-5
1,3699E-4
1,29118E-4
1,3314E-4
1,31357E-4
1,2719E-4
1,30023E-4
9,8648E-5
1,30027E-4
1,10437E-4
1,10479E-4
1,30892E-4
8,8863E-5
1,34592E-4
1,08733E-4
1,29603E-4
1,31641E-4
1,35827E-4
1,03009E-4
1,34043E-4
1,30068E-4
1,35921E-4
1,02734E-4
1,3252E-4
1,08437E-4
1,34661E-4
1,11023E-4
1,31155E-4
1,31888E-4
1,30865E-4
1,02E-4
1,32071E-4
1,36551E-4
1,32585E-4
1,10074E-4
1,31377E-4
1,31214E-4
1,3178E-4
1,07317E-4
1,32092E-4
1,32348E-4
1,29539E-4
1,0971E-4
1,30752E-4
1,16745E-4
1,34376E-4
1,10141E-4
1,30166E-4
1,35212E-4
1,33405E-4
1,39474E-4
1,29521E-4
1,43067E-4
1,31352E-4
1,44715E-4
1,32464E-4
1,40153E-4
1,31182E-4
1,29412E-4
1,28626E-4
1,40099E-4
1,11867E-4
1,32435E-4
8,9568E-5
1,31063E-4
1,09494E-4
1,30338E-4
1,15857E-4
1,44779E-4
1,02955E-4
1,38116E-4
9,4733E-5
1,00571E-4
1,32421E-4
1,13403E-4
1,0116E-4
1,38519E-4
1,31329E-4
1,02748E-4
1,36959E-4
1,37911E-4
1,34663E-4
1,10273E-4
1,32593E-4
1,0947E-4
1,31377E-4
9,5466E-5
1,31395E-4
9,4711E-5
1,33612E-4
1,31016E-4
1,11394E-4
1,0421E-4
1,37186E-4
1,37136E-4
1,29459E-4
1,51541E-4
1,35745E-4
1,30921E-4
1,28947E-4
1,30864E-4
1,3215E-4
1,2907E-4
1,34651E-4
1,10771E-4
1,30807E-4
1,08419E-4
1,29521E-4
1,39826E-4
1,37711E-4
1,2844E-4
1,29385E-4
1,09439E-4
9,4228E-5
1,1053E-4
1,11307E-4
1,32472E-4
1,3519E-4
1,31614E-4
1,30472E-4
1,29377E-4
1,36228E-4
1,3239E-4
1,29418E-4
1,30615E-4
1,35224E-4
1,33723E-4
1,30434E-4
1,30318E-4
1,09487E-4
1,36108E-4
1,07037E-4
9,4413E-5
1,12686E-4
1,31268E-4
1,06913E-4
9,4392E-5
1,34784E-4
1,31436E-4
1,03163E-4
9,3269E-5
1,10219E-4
1,39292E-4
1,0555E-4
1,14764E-4
1,1034E-4
1,03304E-4
1,3918E-4
1,3079E-4
1,33968E-4
1,33773E-4
9,0604E-5
1,11804E-4
1,33178E-4
1,3117E-4
1,49576E-4
1,31905E-4
1,29948E-4
1,31739E-4
1,32559E-4
1,32787E-4
1,3218E-4
1,30285E-4
1,28199E-4
1,29526E-4
1,34101E-4
1,34585E-4
1,03051E-4
1,39526E-4
1,34179E-4
1,31091E-4
1,32041E-4
1,33436E-4
1,3268E-4
1,35895E-4
9,031E-5
1,36446E-4
1,51325E-4
1,30345E-4
9,1388E-5
1,05309E-4
1,32391E-4
1,28715E-4
1,30617E-4
1,30104E-4
1,38242E-4
1,3509E-4
1,29319E-4
1,30856E-4
1,3288E-4
1,2763E-4
1,30147E-4
1,35401E-4
1,31964E-4
1,43798E-4
8,9537E-5
1,39048E-4
1,11434E-4
1,3826E-4
2,2084E-4
2,15392E-4
2,22308E-4
2,23013E-4
1,30364E-4
1,3697E-4
2,21083E-4
2,28146E-4
2,37197E-4
2,21095E-4
2,2272E-4
2,14654E-4
2,18429E-4
1,56592E-4
2,24791E-4
2,17847E-4
2,16448E-4
2,25531E-4
2,39849E-4
2,21734E-4
1,75299E-4
2,1649E-4
2,13672E-4
2,1538E-4
2,22597E-4
2,24281E-4
1,44359E-4
2,16886E-4
2,43999E-4
2,21829E-4
2,18472E-4
1,4301E-4
2,27927E-4
1,69839E-4
2,18599E-4
2,20891E-4
1,46419E-4
2,15618E-4
1,51411E-4
1,72301E-4
2,24928E-4
1,79195E-4
2,2149E-4
2,09283E-4
2,2078E-4
2,18881E-4
1,64628E-4
1,53804E-4
1,76474E-4
2,25547E-4
1,45824E-4
1,68382E-4
1,78709E-4
2,30159E-4
2,32275E-4
1,55561E-4
2,18356E-4
2,20189E-4
2,38826E-4
1,73612E-4
1,5265E-4
2,21671E-4
2,19665E-4
1,70128E-4
1,53208E-4
1,41289E-4
1,5868E-4
2,20003E-4
2,38236E-4
2,17858E-4
1,43868E-4
1,84717E-4
2,20635E-4
2,17815E-4
2,15388E-4
2,21881E-4
1,751E-4
2,15511E-4
1,41305E-4
1,39386E-4
1,58897E-4
1,33591E-4
8,9472E-5
1,15867E-4
1,31889E-4
1,31423E-4
1,36557E-4
1,0796E-4
1,32007E-4
1,35417E-4
1,28063E-4
1,1029E-4
1,02452E-4
1,10407E-4
1,34991E-4
1,2892E-4
1,31282E-4
1,09404E-4
1,50505E-4
9,7016E-5
8,8092E-5
1,37245E-4
1,40223E-4
9,6116E-5
1,01787E-4
1,37496E-4
1,27836E-4
1,36129E-4
1,33057E-4
1,025E-4
1,3227E-4
1,09977E-4
1,37483E-4
9,4103E-5
1,05961E-4
1,33498E-4
1,33095E-4
1,29025E-4
1,30071E-4
1,02334E-4
1,32246E-4
1,09283E-4
1,30206E-4
9,7467E-5
1,31355E-4
1,33192E-4
9,0205E-5
1,3696E-4
1,3341E-4
1,03029E-4
1,10196E-4
1,34258E-4
1,09236E-4
1,33346E-4
1,03193E-4
1,33715E-4
1,30291E-4
1,33512E-4
1,29615E-4
1,284E-4
1,32003E-4
1,27956E-4
1,29603E-4
1,09665E-4
1,31473E-4
1,29658E-4
1,09527E-4
1,02185E-4
1,16899E-4
1,3572E-4
1,29541E-4
1,2763E-4
1,32118E-4
1,31733E-4
1,2882E-4
1,18288E-4
1,33019E-4
1,32623E-4
9,6727E-5
1,10351E-4
1,44671E-4
1,32727E-4
1,13269E-4
1,31837E-4
1,30225E-4
1,31522E-4
1,03172E-4
1,41382E-4
1,36483E-4
1,14483E-4
8,9723E-5
1,02254E-4
1,01482E-4
1,35735E-4
1,30776E-4
1,48689E-4
1,29824E-4
1,02015E-4
1,38319E-4
1,13557E-4
8,8782E-5
1,35994E-4
1,42922E-4
1,2886E-4
1,26868E-4
1,29202E-4
1,37076E-4
1,06293E-4
1,30845E-4
1,31605E-4
1,40957E-4
1,09228E-4
1,31331E-4
1,095E-4
1,34081E-4
9,6282E-5
1,36582E-4
1,33249E-4
1,33484E-4
1,01549E-4
1,29982E-4
8,96E-5
1,35431E-4
1,02954E-4
1,30198E-4
8,9244E-5
1,34892E-4
1,02156E-4
1,32567E-4
8,9805E-5
1,36224E-4
1,47436E-4
1,31457E-4
1,38216E-4
1,33413E-4
1,40281E-4
1,33167E-4
1,43701E-4
1,35186E-4
1,36957E-4
1,69838E-4
1,10126E-4
1,31297E-4
1,3299E-4
1,34389E-4
8,9782E-5
1,35257E-4
1,31204E-4
1,34325E-4
9,0253E-5
1,3246E-4
1,09791E-4
1,3389E-4
1,39645E-4
1,11381E-4
1,35347E-4
1,48683E-4
1,30886E-4
9,1551E-5
1,11341E-4
9,3673E-5
1,41955E-4
1,46041E-4
1,36611E-4
1,3142E-4
1,48697E-4
9,679E-5
1,10744E-4
1,31705E-4
1,30598E-4
1,12129E-4
1,35713E-4
1,34145E-4
1,08837E-4
1,31359E-4
1,30501E-4
1,29172E-4
1,31933E-4
1,47672E-4
1,12279E-4
1,40561E-4
9,6388E-5
9,9663E-5
1,02053E-4
1,36029E-4
9,6064E-5
1,09756E-4
1,37341E-4
1,31565E-4
1,34491E-4
1,51203E-4
9,1173E-5
1,00636E-4
1,41135E-4
1,29753E-4
9,5056E-5
1,34297E-4
1,30074E-4
8,9594E-5
1,39632E-4
1,31872E-4
1,09634E-4
1,30467E-4
1,31314E-4
1,10559E-4
1,43889E-4
1,38819E-4
1,36138E-4
9,1198E-5
1,36453E-4
1,29473E-4
1,31904E-4
1,29343E-4
1,38232E-4
1,33099E-4
9,074E-5
1,36079E-4
1,06484E-4
1,34487E-4
1,56014E-4
1,30124E-4
9,0124E-5
1,34059E-4
1,2804E-4
1,29552E-4
1,13841E-4
1,41775E-4
1,35836E-4
1,39624E-4
1,33448E-4
1,28324E-4
1,31885E-4
9,5008E-5
8,7602E-5
1,38535E-4
1,36492E-4
1,28256E-4
1,08639E-4
1,31802E-4
1,08622E-4
1,35499E-4
9,0952E-5
1,03336E-4
1,37188E-4
1,35353E-4
1,35919E-4
1,02323E-4
1,03712E-4
1,33309E-4
1,33836E-4
1,50182E-4
1,05012E-4
9,634E-5
1,34047E-4
1,32491E-4
9,1655E-5
1,03063E-4
1,35129E-4
1,36853E-4
1,31752E-4
1,09661E-4
1,08494E-4
8,8032E-5
1,39838E-4
1,31135E-4
1,29182E-4
1,11799E-4
1,02421E-4
9,1907E-5
1,32352E-4
1,30208E-4
1,2791E-4
1,10505E-4
1,30326E-4
1,31537E-4
1,00262E-4
1,33035E-4
1,29592E-4
1,3634E-4
1,33254E-4
1,2843E-4
9,6486E-5
1,34025E-4
1,38766E-4
1,53696E-4
1,30329E-4
1,41997E-4
1,02395E-4
1,29904E-4
9,2021E-5
1,37528E-4
1,35247E-4
1,09272E-4
1,32467E-4
1,33273E-4
1,37298E-4
1,30281E-4
1,41432E-4
1,31486E-4
1,44442E-4
1,36194E-4
1,34995E-4
9,0964E-5
1,36903E-4
1,11717E-4
9,3531E-5
1,34557E-4
9,5886E-5
9,2596E-5
1,02059E-4
1,41589E-4
8,8475E-5
1,31661E-4
1,33901E-4
1,30316E-4
1,29916E-4
1,05931E-4
1,31897E-4
1,10355E-4
1,29708E-4
1,29667E-4
1,32931E-4
1,10506E-4
1,3062E-4
9,0297E-5
1,11493E-4
1,33499E-4
1,36625E-4
1,30839E-4
1,11693E-4
1,10487E-4
1,3088E-4
1,34308E-4
1,32073E-4
1,33308E-4
1,02241E-4
1,17412E-4
1,31874E-4
1,3733E-4
1,30191E-4
1,29699E-4
1,53302E-4
1,32398E-4
1,04217E-4
1,36535E-4
1,12223E-4
1,11778E-4
1,31145E-4
1,28955E-4
1,31331E-4
1,33354E-4
1,3579E-4
1,324E-4
1,03004E-4
9,6189E-5
1,32614E-4
1,5025E-4
1,02187E-4
9,3685E-5
1,5392E-4
1,09168E-4
1,31073E-4
1,32305E-4
9,1497E-5
1,34237E-4
1,31228E-4
1,30181E-4
1,29649E-4
1,35416E-4
1,02265E-4
1,3491E-4
9,6215E-5
8,675E-5
1,37016E-4
1,40955E-4
9,9511E-5
1,43674E-4
1,22483E-4
1,34745E-4
9,6482E-5
1,30741E-4
1,01626E-4
1,50199E-4
1,44164E-4
9,2263E-5
1,31019E-4
1,10581E-4
1,32014E-4
1,4193E-4
1,06384E-4
1,10273E-4
1,3995E-4
1,38926E-4
1,31106E-4
1,11092E-4
1,52153E-4
1,04054E-4
1,07209E-4
1,00146E-4
1,3678E-4
1,30716E-4
1,12069E-4
8,972E-5
1,40914E-4
9,4142E-5
1,01739E-4
1,29844E-4
1,5356E-4
1,25317E-4
1,28956E-4
1,43447E-4
1,33979E-4
8,9665E-5
1,32321E-4
9,5562E-5
1,39099E-4
1,33001E-4
1,37766E-4
1,08941E-4
1,33077E-4
1,36687E-4
1,09541E-4
1,37604E-4
1,04228E-4
1,35482E-4
1,29008E-4
1,03077E-4
1,31894E-4
1,17911E-4
1,51005E-4
9,6092E-5
1,38217E-4
1,37153E-4
1,10475E-4
1,33085E-4
1,34335E-4
1,14905E-4
1,32896E-4
1,40195E-4
1,44516E-4
8,9241E-5
1,47747E-4
1,11156E-4
1,33887E-4
1,35052E-4
1,16247E-4
1,32073E-4
1,42728E-4
1,33145E-4
1,49767E-4
1,67015E-4
1,30652E-4
1,29547E-4
1,45531E-4
1,37818E-4
9,0031E-5
1,31429E-4
1,32043E-4
1,30257E-4
1,29948E-4
9,6839E-5
1,09853E-4
1,36624E-4
1,15495E-4
1,31706E-4
1,36834E-4
1,33986E-4
1,33331E-4
1,13017E-4
1,35278E-4
1,31108E-4
1,11248E-4
1,32608E-4
1,37498E-4
1,15319E-4
1,35856E-4
1,12497E-4
1,3252E-4
1,29766E-4
1,49756E-4
1,11804E-4
1,36399E-4
1,33381E-4
1,35458E-4
1,10728E-4
1,30798E-4
1,34792E-4
1,081E-4
1,33085E-4
1,39894E-4
1,29829E-4
1,31933E-4
1,30477E-4
1,35172E-4
1,31359E-4
9,322E-5
1,32733E-4
1,30467E-4
1,08859E-4
1,30961E-4
9,4419E-5
1,3711E-4
8,9146E-5
1,32305E-4
1,27867E-4
8,8648E-5
1,02492E-4
1,3212E-4
9,3762E-5
1,13417E-4
1,30953E-4
9,6507E-5
1,32686E-4
1,3185E-4
1,33681E-4
8,9932E-5
1,14102E-4
1,48666E-4
1,09764E-4
1,36611E-4
1,37371E-4
9,1945E-5
1,34408E-4
1,30357E-4
1,40708E-4
1,12776E-4
1,41629E-4
1,12533E-4
9,3783E-5
1,32929E-4
1,4399E-4
1,44221E-4
9,9988E-5
1,38774E-4
1,29524E-4
1,10438E-4
1,1573E-4
1,3402E-4
8,9824E-5
1,13091E-4
1,33555E-4
1,40571E-4
1,37975E-4
1,33993E-4
1,30186E-4
1,30011E-4
1,34879E-4
1,30335E-4
1,38294E-4
1,09783E-4
9,0117E-5
1,29645E-4
1,31996E-4
1,28867E-4
1,30341E-4
1,35558E-4
1,3092E-4
1,10924E-4
1,31048E-4
1,32153E-4
1,03474E-4
1,37716E-4
1,37879E-4
1,30174E-4
1,02625E-4
1,32243E-4
9,4306E-5
1,15049E-4
1,33449E-4
1,29133E-4
1,11798E-4
1,36264E-4
1,31963E-4
1,39683E-4
1,3126E-4
1,5008E-4
1,44167E-4
1,36701E-4
9,0092E-5
1,32808E-4
2,0387E-4
1,35813E-4
1,29225E-4
1,36182E-4
1,33105E-4
9,6303E-5
1,10523E-4
1,32952E-4
1,31094E-4
1,32086E-4
1,03012E-4
1,30704E-4
1,43218E-4
1,35614E-4
1,38872E-4
9,0079E-5
9,4789E-5
1,01704E-4
1,35082E-4
1,09948E-4
9,5993E-5
1,03668E-4
1,35811E-4
1,08902E-4
1,12135E-4
1,0122E-4
1,50472E-4
1,42642E-4
1,31241E-4
1,35137E-4
1,33183E-4
1,3446E-4
1,29728E-4
1,37203E-4
1,33044E-4
1,29485E-4
1,29807E-4
1,26699E-4
1,34622E-4
1,34926E-4
1,28761E-4
1,30303E-4
1,3456E-4
1,29695E-4
1,28089E-4
1,35033E-4
1,34508E-4
1,32543E-4
1,29886E-4
1,29257E-4
1,32211E-4
1,39118E-4
1,28969E-4
1,30386E-4
1,35001E-4
1,28745E-4
1,09607E-4
1,33277E-4
1,37321E-4
1,46436E-4
9,0133E-5
9,426E-5
1,00488E-4
1,13373E-4
1,372E-4
9,5709E-5
1,01482E-4
1,08837E-4
1,33176E-4
1,10339E-4
1,34492E-4
1,29241E-4
1,31258E-4
1,37427E-4
1,10466E-4
1,35543E-4
1,02635E-4
1,10115E-4
1,477E-4
1,31358E-4
1,09465E-4
9,8052E-5
1,40172E-4
1,2982E-4
1,14472E-4
1,33874E-4
1,02763E-4
1,11083E-4
9,0581E-5
1,43868E-4
1,3035E-4
1,16523E-4
1,00264E-4
9,3906E-5
1,59351E-4
1,13007E-4
1,42264E-4
1,13794E-4
9,5373E-5
1,34222E-4
1,13996E-4
1,35725E-4
1,3737E-4
1,30173E-4
1,42523E-4
1,17744E-4
1,39135E-4
1,29259E-4
1,3096E-4
1,08739E-4
1,32141E-4
1,30611E-4
1,36587E-4
1,09911E-4
1,28867E-4
1,3119E-4
1,28072E-4
8,8272E-5
1,40208E-4
9,2525E-5
1,34698E-4
1,41411E-4
1,33754E-4
1,35084E-4
1,34301E-4
1,51301E-4
1,31396E-4
1,3122E-4
1,40568E-4
1,30396E-4
1,4116E-4
1,47534E-4
1,45437E-4
1,32819E-4
1,09388E-4
1,47437E-4
1,42275E-4
1,36243E-4
1,31847E-4
1,34709E-4
9,6621E-5
1,01524E-4
1,34185E-4
1,30814E-4
9,1191E-5
9,08E-5
1,37708E-4
1,31679E-4
9,4923E-5
1,34487E-4
1,43937E-4
1,32813E-4
1,12219E-4
1,30902E-4
1,34741E-4
1,38805E-4
1,33048E-4
1,37758E-4
1,3215E-4
1,15845E-4
1,3728E-4
1,10773E-4
1,3506E-4
1,36059E-4
1,10626E-4
1,35079E-4
1,02893E-4
1,30952E-4
1,3075E-4
1,2769E-4
1,28939E-4
1,40016E-4
1,08176E-4
1,30991E-4
1,29792E-4
1,3226E-4
1,29105E-4
1,09242E-4
1,30063E-4
1,32859E-4
1,28515E-4
1,34739E-4
1,03224E-4
1,34942E-4
1,34093E-4
9,6642E-5
1,10745E-4
1,36761E-4
1,29209E-4
1,28711E-4
1,01727E-4
1,33473E-4
1,33119E-4
1,30938E-4
9,0313E-5
1,32956E-4
1,29891E-4
1,1287E-4
1,31334E-4
1,31029E-4
1,15828E-4
1,31222E-4
1,30641E-4
1,318E-4
9,5203E-5
1,3872E-4
9,3736E-5
1,33818E-4
1,30367E-4
1,29985E-4
1,11233E-4
1,30715E-4
1,16546E-4
1,32003E-4
1,31246E-4
1,38913E-4
1,02128E-4
1,33823E-4
1,29041E-4
9,5997E-5
1,32108E-4
1,7897E-4
9,9167E-5
1,32811E-4
1,3834E-4
1,10495E-4
1,03962E-4
1,32957E-4
1,38498E-4
1,09011E-4
9,0634E-5
1,35468E-4
9,4638E-5
1,10317E-4
1,30741E-4
1,33584E-4
1,02526E-4
8,8189E-5
1,33017E-4
1,34348E-4
1,31514E-4
1,28714E-4
9,6265E-5
1,42846E-4
1,29345E-4
1,36462E-4
1,145E-4
1,12036E-4
1,5099E-4
1,02783E-4
1,43771E-4
1,31467E-4
1,23888E-4
1,33573E-4
1,111E-4
1,32499E-4
1,44037E-4
1,33849E-4
9,0527E-5
1,32147E-4
1,37419E-4
1,04738E-4
1,36787E-4
1,35022E-4
1,1223E-4
1,34246E-4
1,4164E-4
1,28938E-4
1,73362E-4
1,41054E-4
1,34956E-4
1,30259E-4
1,29365E-4
1,45091E-4
2,11589E-4
1,47109E-4
1,28773E-4
1,2871E-4
1,35273E-4
9,5711E-5
1,36152E-4
1,33514E-4
1,35943E-4
1,2864E-4
1,49929E-4
1,29106E-4
1,3294E-4
1,33656E-4
1,31976E-4
1,31554E-4
9,5248E-5
1,01619E-4
1,3463E-4
1,29957E-4
1,31246E-4
1,02468E-4
1,29274E-4
1,29214E-4
1,3052E-4
2,1898E-4
2,14244E-4
2,14459E-4
2,19376E-4
2,21915E-4
1,80283E-4
2,15171E-4
1,58238E-4
2,26843E-4
2,17867E-4
1,52363E-4
2,18618E-4
1,60052E-4
2,26648E-4
2,19441E-4
2,20737E-4
2,21363E-4
1,62579E-4
2,14489E-4
2,17594E-4
2,34061E-4
1,97487E-4
2,32545E-4
2,19178E-4
2,1861E-4
1,76125E-4
2,37189E-4
2,1693E-4
2,22569E-4
2,15172E-4
2,36742E-4
2,25754E-4
2,37718E-4
2,14888E-4
2,33966E-4
1,60784E-4
1,63627E-4
1,7445E-4
1,53348E-4
1,74581E-4
2,38223E-4
2,30322E-4
2,32519E-4
1,7559E-4
2,27836E-4
2,22777E-4
2,11619E-4
1,46066E-4
1,78604E-4
2,36373E-4
2,17637E-4
2,25325E-4
2,42627E-4
2,40105E-4
2,16576E-4
1,60604E-4
2,16773E-4
2,16733E-4
2,12633E-4
2,26345E-4
2,1667E-4
2,23708E-4
1,92326E-4
1,40274E-4
2,17837E-4
1,71418E-4
1,49019E-4
2,19137E-4
2,20964E-4
2,20809E-4
2,19833E-4
1,61796E-4
2,18105E-4
2,20491E-4
2,2228E-4
2,17362E-4
1,55004E-4
2,25767E-4
1,73856E-4
2,1848E-4
2,14831E-4
2,13451E-4
2,14303E-4
1,78815E-4
1,48697E-4
2,2735E-4
1,52234E-4
1,96377E-4
2,22038E-4
2,20785E-4
1,55312E-4
2,30898E-4
0,003414231
1,35908E-4
1,07979E-4
1,3566E-4
1,34334E-4
1,58176E-4
9,6238E-5
1,5428E-4
1,36962E-4
1,3189E-4
9,6779E-5
1,39269E-4
1,34435E-4
9,4442E-5
1,34064E-4
1,00556E-4
1,34697E-4
1,10518E-4
8,9553E-5
1,34377E-4
1,28938E-4
1,09786E-4
9,6098E-5
1,03101E-4
1,37605E-4
1,09586E-4
9,0552E-5
1,01659E-4
1,32792E-4
9,5346E-5
8,7692E-5
1,12051E-4
1,3455E-4
1,31596E-4
9,6076E-5
1,12335E-4
1,32352E-4
1,298E-4
8,9685E-5
1,02176E-4
1,30781E-4
1,35045E-4
1,09406E-4
1,2908E-4
1,29231E-4
1,31733E-4
9,1771E-5
1,33976E-4
1,30995E-4
1,31561E-4
9,0273E-5
1,34935E-4
1,3056E-4
1,40096E-4
1,09456E-4
1,30264E-4
1,30671E-4
1,34706E-4
9,3037E-5
1,36232E-4
1,29667E-4
1,39693E-4
1,31256E-4
1,30161E-4
1,27858E-4
1,01885E-4
1,14843E-4
1,30347E-4
1,29397E-4
1,29922E-4
1,31835E-4
1,29647E-4
1,30356E-4
9,1433E-5
1,36874E-4
1,31258E-4
1,35833E-4
1,29982E-4
1,40624E-4
6,39405E-4
1,31441E-4
1,34174E-4
9,0584E-5
1,3795E-4
1,31395E-4
1,29839E-4
1,33514E-4
9,3705E-5
1,44798E-4
1,29945E-4
1,30189E-4
1,36761E-4
1,01736E-4
9,4435E-5
1,37194E-4
1,3754E-4
1,03499E-4
1,31879E-4
1,41436E-4
1,36931E-4
1,31241E-4
9,5261E-5
1,36222E-4
1,36237E-4
1,31736E-4
9,6555E-5
1,36811E-4
1,38489E-4
1,32035E-4
9,655E-5
1,47875E-4
1,11577E-4
1,3052E-4
1,02699E-4
1,10624E-4
1,32255E-4
1,30296E-4
9,5015E-5
1,32756E-4
1,34319E-4
1,30425E-4
8,9313E-5
1,30833E-4
1,29241E-4
1,34828E-4
9,0614E-5
1,31828E-4
1,30054E-4
1,48697E-4
8,9377E-5
1,33301E-4
1,35765E-4
1,35719E-4
1,32132E-4
1,2919E-4
1,27689E-4
9,4008E-5
8,818E-5
1,34534E-4
1,30507E-4
1,2994E-4
1,25148E-4
1,01048E-4
1,20464E-4
9,5164E-5
1,51395E-4
1,48659E-4
1,36485E-4
1,30045E-4
1,3145E-4
9,6868E-5
1,5568E-4
9,4671E-5
1,06375E-4
8,9831E-5
1,15959E-4
1,37579E-4
9,5252E-5
1,32768E-4
1,04125E-4
1,32716E-4
9,0087E-5
1,11984E-4
1,06753E-4
1,47039E-4
9,0327E-5
9,404E-5
1,33514E-4
1,37805E-4
1,09562E-4
1,33711E-4
9,1208E-5
1,32594E-4
1,10958E-4
1,3176E-4
1,09244E-4
1,31218E-4
1,09836E-4
1,52976E-4
1,30128E-4
1,37217E-4
1,27938E-4
1,10641E-4
1,32833E-4
8,9479E-5
1,31352E-4
1,31001E-4
1,31865E-4
1,29515E-4
1,28963E-4
1,31155E-4
1,35977E-4
1,44172E-4
9,5081E-5
1,09517E-4
1,49976E-4
9,1366E-5
1,44517E-4
1,28531E-4
1,34933E-4
1,30064E-4
9,5212E-5
1,48229E-4
1,33766E-4
1,32842E-4
1,37611E-4
1,02309E-4
1,36269E-4
9,5426E-5
1,58375E-4
1,01967E-4
1,34716E-4
9,58E-5
1,31518E-4
1,01912E-4
1,3072E-4
9,6909E-5
1,33124E-4
1,17428E-4
1,30861E-4
1,28744E-4
1,31848E-4
1,08947E-4
1,28676E-4
9,5798E-5
1,01801E-4
1,09319E-4
9,5349E-5
1,31913E-4
1,13257E-4
1,34489E-4
1,36474E-4
1,33332E-4
1,29749E-4
9,1087E-5
1,32982E-4
1,38062E-4
1,49149E-4
1,34756E-4
9,6052E-5
1,381E-4
1,03044E-4
1,36731E-4
1,3463E-4
1,11953E-4
9,0155E-5
1,37404E-4
1,03622E-4
1,31637E-4
1,31969E-4
1,12127E-4
1,12063E-4
1,37093E-4
1,2966E-4
1,29696E-4
1,28441E-4
1,31146E-4
1,28495E-4
1,09382E-4
1,28867E-4
1,2848E-4
1,34575E-4
1,29663E-4
1,29427E-4
1,43517E-4
1,32355E-4
9,5867E-5
1,3782E-4
1,28748E-4
9,1096E-5
1,3182E-4
1,1425E-4
1,29178E-4
1,34368E-4
1,29403E-4
1,09661E-4
1,31216E-4
9,4873E-5
1,37395E-4
1,31128E-4
1,34234E-4
1,45257E-4
1,33444E-4
1,31263E-4
1,3232E-4
1,31303E-4
1,29131E-4
1,1538E-4
1,32751E-4
1,33112E-4
1,10453E-4
9,5057E-5
1,30121E-4
1,3352E-4
1,45343E-4
1,30501E-4
1,358E-4
1,09152E-4
1,31915E-4
1,34326E-4
1,34982E-4
1,33144E-4
1,41921E-4
1,01856E-4
1,32609E-4
1,33636E-4
1,2988E-4
1,16526E-4
1,4885E-4
1,30493E-4
8,7396E-5
1,169E-4
1,13555E-4
1,3671E-4
1,36344E-4
1,52826E-4
1,32847E-4
9,4261E-5
1,03289E-4
1,31047E-4
1,30188E-4
1,03549E-4
1,32588E-4
1,34896E-4
1,32237E-4
1,30524E-4
1,32058E-4
1,11082E-4
1,10012E-4
1,35162E-4
1,38611E-4
1,32273E-4
1,28143E-4
1,32637E-4
1,34036E-4
1,13369E-4
1,30742E-4
1,31848E-4
1,30395E-4
1,35881E-4
1,29803E-4
1,09374E-4
1,31612E-4
1,29696E-4
9,4892E-5
1,02555E-4
1,42343E-4
1,30833E-4
1,36868E-4
1,28415E-4
1,46338E-4
1,0846E-4
1,30475E-4
9,0106E-5
1,39805E-4
1,11557E-4
1,35752E-4
1,3434E-4
1,10237E-4
8,9447E-5
1,38844E-4
1,36352E-4
1,61806E-4
2,1856E-4
1,74326E-4
2,21452E-4
9,65527E-4
1,38178E-4
9,04E-5
1,36809E-4
1,35374E-4
1,29914E-4
1,13913E-4
1,02272E-4
1,30125E-4
9,5722E-5
1,32945E-4
1,31316E-4
1,35546E-4
9,4439E-5
1,34268E-4
1,10244E-4
1,28283E-4
1,34814E-4
1,10806E-4
1,38616E-4
1,31422E-4
1,02228E-4
9,4721E-5
1,34051E-4
1,35029E-4
1,32396E-4
1,29027E-4
1,31015E-4
1,35786E-4
1,1186E-4
1,16137E-4
9,3447E-5
1,35216E-4
1,01301E-4
1,35741E-4
9,5981E-5
1,1098E-4
1,35931E-4
1,31959E-4
1,36928E-4
1,31838E-4
9,6219E-5
1,36848E-4
1,35348E-4
9,596E-5
1,34512E-4
1,34098E-4
9,484E-5
1,39329E-4
1,35816E-4
8,8811E-5
1,32477E-4
1,3293E-4
1,30178E-4
1,31779E-4
1,01409E-4
1,31264E-4
1,28016E-4
9,4309E-5
1,3664E-4
1,09633E-4
1,38683E-4
9,5567E-5
1,29919E-4
1,09619E-4
1,41624E-4
1,321E-4
1,13229E-4
1,08972E-4
1,33787E-4
1,33672E-4
1,28935E-4
1,107E-4
1,33934E-4
9,5662E-5
8,7733E-5
1,32003E-4
1,33435E-4
1,32395E-4
1,30778E-4
1,29363E-4
1,32118E-4
9,4579E-5
1,34107E-4
1,13168E-4
1,09603E-4
1,33233E-4
1,3268E-4
1,30743E-4
1,291E-4
1,30513E-4
1,35422E-4
1,3521E-4
1,0193E-4
1,30052E-4
8,9663E-5
1,34255E-4
8,8899E-5
2,45314E-4
2,37626E-4
2,01733E-4
1,84385E-4
1,93741E-4
2,36307E-4
2,05725E-4
2,20853E-4
2,02593E-4
2,01771E-4
1,51308E-4
1,80888E-4
2,06067E-4
1,92455E-4
2,06529E-4
2,24927E-4
2,19092E-4
1,84495E-4
1,44309E-4
2,31119E-4
1,82764E-4
2,03006E-4
1,2264E-4
1,94051E-4
1,95814E-4
2,08859E-4
2,35324E-4
2,156E-4
1,22125E-4
2,06737E-4
1,81201E-4
1,7195E-4
1,92079E-4
2,015E-4
2,13169E-4
2,08693E-4
2,05052E-4
1,63194E-4
2,31975E-4
1,62055E-4
1,94404E-4
1,35877E-4
1,30763E-4
1,29227E-4
1,34312E-4
1,34831E-4
1,28892E-4
8,9236E-5
1,1001E-4
1,11581E-4
1,28462E-4
1,40721E-4
1,31884E-4
8,9746E-5
1,34271E-4
1,355E-4
9,0069E-5
1,01227E-4
1,1135E-4
1,04369E-4
8,8835E-5
1,01991E-4
1,35718E-4
1,38446E-4
1,35222E-4
9,1298E-5
1,36738E-4
1,30807E-4
1,50319E-4
9,5461E-5
1,11314E-4
1,10597E-4
1,33072E-4
1,31838E-4
1,31996E-4
1,32476E-4
1,35599E-4
1,124E-4
1,39299E-4
1,31153E-4
1,35547E-4
1,09199E-4
1,31256E-4
1,29811E-4
1,08026E-4
1,10202E-4
1,35265E-4
1,10532E-4
8,8764E-5
1,09824E-4
1,33413E-4
1,10464E-4
1,34859E-4
1,36489E-4
1,28698E-4
1,29353E-4
1,30637E-4
1,42715E-4
1,31415E-4
1,34483E-4
1,08924E-4
1,36321E-4
1,1123E-4
9,8565E-5
1,36351E-4
9,6282E-5
8,6549E-5
1,34149E-4
1,10819E-4
9,5676E-5
1,34913E-4
1,34861E-4
1,37583E-4
1,30851E-4
1,32443E-4
1,35016E-4
1,029E-4
1,37395E-4
1,33287E-4
1,28537E-4
1,0742E-4
1,30609E-4
1,32635E-4
1,29428E-4
1,02252E-4
1,3338E-4
1,33706E-4
1,29147E-4
1,06674E-4
1,31585E-4
1,08212E-4
1,47912E-4
1,02046E-4
1,30212E-4
1,1637E-4
1,32682E-4
1,01676E-4
1,30228E-4
1,32412E-4
1,32779E-4
9,4393E-5
9,3141E-5
1,09714E-4
1,33603E-4
8,9859E-5
1,32616E-4
1,09258E-4
1,17785E-4
1,318E-4
1,28197E-4
1,11957E-4
1,29941E-4
1,38841E-4
1,11746E-4
1,3034E-4
1,3526E-4
1,3647E-4
1,31428E-4
1,37245E-4
9,5127E-5
1,33003E-4
1,29421E-4
1,3235E-4
1,09127E-4
1,36473E-4
1,28791E-4
9,0521E-5
1,36373E-4
1,50791E-4
1,01411E-4
1,37851E-4
1,08487E-4
1,31072E-4
1,33433E-4
9,4817E-5
1,11214E-4
1,3948E-4
1,29921E-4
1,28902E-4
1,29139E-4
1,3208E-4
1,33371E-4
9,6269E-5
1,31113E-4
1,30529E-4
1,3424E-4
1,48105E-4
1,11235E-4
1,39446E-4
1,3346E-4
1,32528E-4
1,33873E-4
9,5665E-5
1,42314E-4
1,01273E-4
1,33243E-4
1,30703E-4
1,33909E-4
1,37184E-4
1,30731E-4
1,41477E-4
1,31915E-4
1,30095E-4
1,09018E-4
1,09628E-4
1,33563E-4
1,31374E-4
1,35108E-4
1,3369E-4
1,30597E-4
1,28899E-4
1,10314E-4
1,31456E-4
9,5834E-5
1,3087E-4
1,35428E-4
1,2852E-4
1,36532E-4
1,48767E-4
1,28816E-4
1,32305E-4
1,1495E-4
1,34888E-4
1,03129E-4
1,10433E-4
1,35991E-4
1,34753E-4
1,33736E-4
1,30135E-4
1,32305E-4
1,3298E-4
1,29202E-4
1,29107E-4
1,18982E-4
1,29974E-4
1,27959E-4
1,33241E-4
8,917E-5
1,10599E-4
1,35678E-4
1,30685E-4
1,29758E-4
1,11176E-4
1,06066E-4
1,3695E-4
1,38287E-4
1,12926E-4
1,01301E-4
1,31478E-4
1,30959E-4
1,3928E-4
1,12047E-4
1,30806E-4
1,35821E-4
9,7018E-5
1,31805E-4
1,45401E-4
1,30472E-4
1,03048E-4
1,37851E-4
1,30518E-4
1,34201E-4
1,36259E-4
1,30202E-4
1,11445E-4
8,9263E-5
1,32812E-4
1,34717E-4
1,29813E-4
1,11476E-4
1,30924E-4
1,29749E-4
1,55934E-4
1,12097E-4
1,3093E-4
1,13778E-4
1,15678E-4
1,339E-4
1,36311E-4
1,12129E-4
9,581E-5
1,14394E-4
1,34964E-4
1,00768E-4
1,32133E-4
1,09876E-4
1,33295E-4
1,08122E-4
1,1042E-4
1,11335E-4
1,30784E-4
1,27626E-4
1,35832E-4
1,31301E-4
1,31002E-4
1,27932E-4
1,35131E-4
1,49226E-4
9,744E-5
1,30605E-4
1,55438E-4
1,33169E-4
1,53728E-4
1,31953E-4
1,31102E-4
1,37079E-4
1,11583E-4
1,32316E-4
1,32857E-4
1,28628E-4
1,33007E-4
8,9575E-5
1,29748E-4
1,35079E-4
1,29218E-4
1,28948E-4
9,5088E-5
1,11039E-4
1,16531E-4
1,342E-4
1,32655E-4
1,36405E-4
1,34006E-4
1,36293E-4
1,38896E-4
1,34326E-4
1,34115E-4
1,29936E-4
1,32775E-4
9,6596E-5
1,11725E-4
1,40137E-4
1,51257E-4
1,32939E-4
1,12534E-4
1,4016E-4
1,29365E-4
9,9462E-5
1,32191E-4
1,2851E-4
9,5008E-5
1,35329E-4
1,30558E-4
1,29934E-4
9,0655E-5
1,33326E-4
1,40966E-4
1,30571E-4
1,31174E-4
1,03089E-4
9,5426E-5
1,32504E-4
1,30933E-4
1,10457E-4
1,31228E-4
1,28788E-4
1,30844E-4
1,09904E-4
9,7809E-5
1,40749E-4
1,31521E-4
8,9534E-5
1,05908E-4
1,31936E-4
1,36293E-4
1,3567E-4
1,10734E-4
1,36609E-4
1,50881E-4
9,0853E-5
1,33357E-4
1,39333E-4
1,2993E-4
1,10196E-4
1,33919E-4
1,34881E-4
1,35593E-4
1,39668E-4
1,12684E-4
9,5191E-5
1,37022E-4
1,36743E-4
1,32773E-4
9,609E-5
1,33185E-4
1,29566E-4
9,092E-5
1,33282E-4
1,31151E-4
1,03483E-4
1,432E-4
1,31355E-4
1,35827E-4
1,03407E-4
1,31863E-4
1,34584E-4
1,34262E-4
1,35249E-4
1,36002E-4
1,29871E-4
1,13043E-4
1,31517E-4
1,03913E-4
1,5487E-4
1,31958E-4
1,31243E-4
9,5494E-5
1,12676E-4
1,36779E-4
1,2853E-4
1,3718E-4
1,12059E-4
1,02407E-4
8,9616E-5
1,33179E-4
1,39968E-4
1,06678E-4
1,33496E-4
1,31625E-4
1,08794E-4
1,29923E-4
1,07046E-4
1,3211E-4
1,34412E-4
9,0116E-5
1,3515E-4
1,34373E-4
1,11874E-4
1,04358E-4
1,34224E-4
1,3094E-4
1,32166E-4
1,50779E-4
1,29436E-4
1,31095E-4
1,37235E-4
9,5384E-5
1,36436E-4
1,37101E-4
9,5494E-5
1,37465E-4
1,32999E-4
1,29789E-4
1,34295E-4
9,1367E-5
1,3651E-4
1,39217E-4
1,0842E-4
1,31497E-4
1,1015E-4
1,29916E-4
1,30858E-4
1,15008E-4
1,34348E-4
1,10585E-4
1,33406E-4
1,36491E-4
1,3653E-4
1,30258E-4
8,9806E-5
1,32363E-4
2,18603E-4
2,12214E-4
1,5477E-4
1,71514E-4
2,15709E-4
1,70843E-4
1,34883E-4
1,38095E-4
1,33175E-4
1,37514E-4
1,29319E-4
2,1269E-4
2,14039E-4
2,11627E-4
1,58831E-4
1,69356E-4
2,31359E-4
1,55425E-4
1,797E-4
1,73155E-4
2,15983E-4
2,17382E-4
1,48169E-4
2,18923E-4
2,11424E-4
1,70789E-4
2,14955E-4
2,26451E-4
1,72432E-4
2,26775E-4
2,19753E-4
1,6626E-4
2,18985E-4
2,22471E-4
2,23285E-4
1,51877E-4
1,75555E-4
2,12877E-4
1,43201E-4
2,15993E-4
2,20166E-4
2,25488E-4
2,17353E-4
2,19049E-4
2,15198E-4
1,61159E-4
1,41844E-4
2,19805E-4
2,2286E-4
1,72461E-4
1,59128E-4
2,16495E-4
2,16717E-4
1,50687E-4
1,40143E-4
2,19856E-4
2,16673E-4
0,002074951
2,23731E-4
2,21338E-4
2,21455E-4
2,21606E-4
1,90091E-4
2,18815E-4
1,7706E-4
2,20875E-4
2,30321E-4
1,78443E-4
2,32945E-4
2,17632E-4
1,49427E-4
2,15266E-4
2,09823E-4
1,43044E-4
2,27317E-4
2,16134E-4
2,18828E-4
1,63908E-4
2,20031E-4
1,59025E-4
2,79261E-4
2,4847E-4
2,98868E-4
2,81578E-4
2,70195E-4
3,14814E-4
2,94199E-4
3,03664E-4
2,36129E-4
2,09941E-4
2,51513E-4
3,19099E-4
2,36712E-4
2,1752E-4
3,04316E-4
2,37573E-4
2,99451E-4
0,01203312
1,33928E-4
1,33503E-4
1,11686E-4
2,29434E-4
1,67287E-4
2,13349E-4
2,24158E-4
1,80071E-4
1,22256E-4
1,47438E-4
1,36767E-4
2,07916E-4
2,12488E-4
2,27186E-4
2,00243E-4
1,86233E-4
1,9678E-4
1,56595E-4
1,97096E-4
2,01963E-4
2,23226E-4
1,98831E-4
1,29898E-4
2,32991E-4
2,09426E-4
1,30992E-4
2,19421E-4
1,93684E-4
2,48854E-4
1,15629E-4
1,73511E-4
1,69231E-4
1,31147E-4
1,30065E-4
1,41238E-4
9,225E-5
1,1126E-4
1,36683E-4
1,36554E-4
9,6547E-5
1,33558E-4
8,9765E-5
1,11544E-4
1,43344E-4
9,1154E-5
1,11822E-4
1,17184E-4
1,32139E-4
1,36045E-4
1,34635E-4
9,1343E-5
1,31937E-4
1,37828E-4
1,35196E-4
1,32875E-4
1,3292E-4
1,34825E-4
1,37185E-4
1,36904E-4
9,5275E-5
1,34038E-4
1,28473E-4
1,29469E-4
1,31195E-4
8,41635E-4
1,15217E-4
9,1608E-5
1,37627E-4
1,03797E-4
1,11733E-4
1,36559E-4
1,31289E-4
1,34491E-4
9,5177E-5
1,32065E-4
1,33773E-4
1,30005E-4
1,29141E-4
9,6422E-5
1,30628E-4
9,6734E-5
1,31177E-4
1,30442E-4
1,30112E-4
1,32248E-4
1,02919E-4
1,36871E-4
1,32314E-4
9,118E-5
1,31475E-4
1,11714E-4
1,1178E-4
8,9882E-5
9,3962E-5
1,12507E-4
1,10321E-4
1,3578E-4
1,10413E-4
1,34725E-4
1,308E-4
9,6813E-5
1,31964E-4
1,10748E-4
1,38012E-4
1,3032E-4
1,04561E-4
1,14108E-4
1,34633E-4
9,8252E-5
1,36883E-4
1,1142E-4
9,8807E-5
1,32575E-4
1,28775E-4
1,09945E-4
1,0177E-4
1,30916E-4
1,00244E-4
1,39614E-4
1,09143E-4
1,30587E-4
1,42395E-4
9,0787E-5
1,29588E-4
1,03157E-4
9,4379E-5
1,33605E-4
1,31434E-4
1,3852E-4
8,9907E-5
1,34949E-4
1,02481E-4
9,3885E-5
1,33004E-4
1,33809E-4
1,09914E-4
9,5397E-5
1,37718E-4
1,38252E-4
1,10281E-4
1,02279E-4
1,39637E-4
9,0699E-5
1,35443E-4
1,34639E-4
9,6913E-5
1,34649E-4
1,30396E-4
1,27918E-4
1,34358E-4
1,30484E-4
1,36804E-4
1,34468E-4
9,538E-5
1,13361E-4
1,32187E-4
1,29883E-4
1,30118E-4
1,29285E-4
1,30228E-4
1,03866E-4
1,33058E-4
1,10944E-4
9,083E-5
1,54477E-4
1,31384E-4
1,35173E-4
8,9838E-5
1,33299E-4
9,4786E-5
1,40162E-4
1,30469E-4
1,4138E-4
1,32076E-4
1,34108E-4
1,29094E-4
1,36529E-4
9,5998E-5
1,33226E-4
1,30281E-4
1,2909E-4
1,02564E-4
1,56256E-4
1,1063E-4
8,9393E-5
1,33264E-4
1,3421E-4
1,30678E-4
9,0649E-5
1,36895E-4
1,09028E-4
1,40569E-4
9,0138E-5
1,30641E-4
1,06141E-4
1,3083E-4
8,9022E-5
1,10705E-4
1,34451E-4
1,11795E-4
1,07165E-4
1,39097E-4
1,30338E-4
1,1103E-4
1,33158E-4
1,10884E-4
9,7286E-5
1,04537E-4
1,38752E-4
1,32093E-4
1,01761E-4
1,01693E-4
1,11383E-4
1,34929E-4
9,5485E-5
1,34169E-4
1,10218E-4
1,39713E-4
9,7752E-5
1,03699E-4
1,33435E-4
9,4953E-5
1,33131E-4
1,31793E-4
1,31945E-4
1,29441E-4
1,10078E-4
1,34851E-4
1,379E-4
9,1514E-5
1,34272E-4
9,6116E-5
9,097E-5
1,37748E-4
1,311E-4
1,34564E-4
9,2559E-5
1,1126E-4
1,3093E-4
1,28964E-4
1,30366E-4
1,32969E-4
1,35043E-4
1,3223E-4
1,37188E-4
1,02211E-4
1,35075E-4
1,29892E-4
9,5628E-5
1,36747E-4
1,31889E-4
1,32817E-4
1,31498E-4
1,12288E-4
1,32399E-4
1,34957E-4
1,2259E-4
1,35008E-4
9,584E-5
1,41641E-4
1,32649E-4
1,29422E-4
1,35322E-4
8,9602E-5
1,37147E-4
1,35296E-4
9,4374E-5
1,31288E-4
1,14464E-4
1,57042E-4
2,34981E-4
2,08656E-4
1,45224E-4
2,2351E-4
2,19522E-4
2,02507E-4
2,02587E-4
1,29323E-4
2,19555E-4
2,18525E-4
1,52693E-4
1,73735E-4
1,43891E-4
1,9179E-4
1,39672E-4
2,28652E-4
1,82988E-4
1,5789E-4
2,18016E-4
2,16539E-4
2,07828E-4
2,18464E-4
1,69863E-4
2,34157E-4
2,37081E-4
1,84614E-4
1,95822E-4
1,45025E-4
2,44265E-4
1,92191E-4
2,14419E-4
1,35855E-4
1,34779E-4
1,29735E-4
1,31638E-4
1,44357E-4
9,226E-5
1,14333E-4
1,33861E-4
9,5574E-5
8,7779E-5
2,34928E-4
2,09608E-4
8,9943E-5
1,32082E-4
1,37088E-4
1,32262E-4
1,34211E-4
1,2934E-4
1,09554E-4
1,26688E-4
1,29806E-4
1,31194E-4
1,32899E-4
1,34695E-4
1,09417E-4
1,31153E-4
1,46052E-4
1,3654E-4
1,27015E-4
9,0389E-5
1,08966E-4
1,28941E-4
1,01755E-4
1,34693E-4
1,34064E-4
1,3459E-4
1,28894E-4
1,01695E-4
1,31803E-4
1,37447E-4
1,34231E-4
1,36648E-4
1,10244E-4
1,28609E-4
1,49825E-4
1,28757E-4
1,28665E-4
1,26795E-4
1,31569E-4
1,34031E-4
1,0328E-4
1,4459E-4
2,15193E-4
0,003820189
1,35856E-4
1,36168E-4
1,31391E-4
1,41638E-4
1,03068E-4
1,33935E-4
1,27447E-4
1,09976E-4
1,32488E-4
1,35593E-4
9,1506E-5
1,32335E-4
1,3231E-4
1,10692E-4
1,36799E-4
1,31516E-4
1,34745E-4
1,34141E-4
1,31293E-4
1,49796E-4
1,30636E-4
1,35846E-4
1,30699E-4
1,31315E-4
1,29233E-4
1,31E-4
9,1171E-5
9,4391E-5
1,34478E-4
1,37122E-4
1,10272E-4
1,32301E-4
1,36822E-4
1,29312E-4
1,31928E-4
9,5088E-5
1,36783E-4
1,48774E-4
9,2815E-5
1,32213E-4
1,30387E-4
1,29736E-4
9,154E-5
1,40667E-4
1,32047E-4
1,30303E-4
1,11236E-4
1,33783E-4
1,16686E-4
9,67E-5
1,02613E-4
1,18962E-4
1,37916E-4
1,33336E-4
9,3188E-5
1,37347E-4
9,5676E-5
1,07049E-4
9,6543E-5
1,11126E-4
1,43107E-4
1,34318E-4
1,32207E-4
1,30134E-4
1,31894E-4
1,17642E-4
1,13086E-4
1,31037E-4
1,37727E-4
1,30216E-4
1,33302E-4
1,05652E-4
1,3195E-4
9,5525E-5
1,33283E-4
1,32034E-4
1,28476E-4
9,9104E-5
1,34979E-4
1,09992E-4
1,33141E-4
9,5489E-5
1,40579E-4
1,11275E-4
1,30233E-4
1,30615E-4
1,44225E-4
1,08935E-4
1,30366E-4
1,30523E-4
1,32619E-4
1,31767E-4
1,51713E-4
9,0156E-5
1,30873E-4
1,34429E-4
1,36219E-4
8,8404E-5
1,40045E-4
1,70321E-4
1,29371E-4
1,33778E-4
1,08759E-4
1,11999E-4
1,30776E-4
1,33889E-4
9,626E-5
1,35014E-4
1,29295E-4
1,28653E-4
1,31377E-4
1,03706E-4
1,36528E-4
1,33313E-4
1,35387E-4
1,30878E-4
1,31544E-4
9,5709E-5
1,4327E-4
1,35988E-4
9,0175E-5
9,4108E-5
1,11383E-4
1,39915E-4
1,03235E-4
1,15789E-4
1,013E-4
1,35219E-4
1,40528E-4
1,30964E-4
1,25602E-4
1,36767E-4
1,37436E-4
1,31302E-4
1,05042E-4
1,11561E-4
1,35963E-4
1,06095E-4
1,61254E-4
1,31734E-4
1,35863E-4
1,42373E-4
1,00149E-4
1,31511E-4
1,11223E-4
1,34302E-4
1,01581E-4
1,42867E-4
1,38358E-4
1,03466E-4
1,44694E-4
1,2974E-4
1,31179E-4
9,0741E-5
1,1397E-4
1,37187E-4
1,31408E-4
1,10141E-4
1,29674E-4
1,32521E-4
1,31854E-4
1,01476E-4
1,32766E-4
1,36079E-4
1,33169E-4
1,29298E-4
1,37683E-4
1,14705E-4
1,36387E-4
1,31498E-4
1,29446E-4
1,01781E-4
1,37119E-4
1,30082E-4
9,5242E-5
1,10204E-4
1,40793E-4
1,35413E-4
1,31726E-4
1,15042E-4
1,33745E-4
1,29336E-4
1,33032E-4
1,09847E-4
1,36997E-4
1,31084E-4
1,36711E-4
1,30275E-4
1,30427E-4
1,35032E-4
1,33913E-4
1,28194E-4
1,38615E-4
1,30464E-4
1,32075E-4
1,33792E-4
9,519E-5
1,31555E-4
1,30199E-4
1,31579E-4
9,5388E-5
1,30272E-4
1,31613E-4
1,32976E-4
9,6176E-5
1,46609E-4
1,28369E-4
1,30319E-4
9,5132E-5
1,31569E-4
1,31241E-4
1,31817E-4
9,4931E-5
1,30793E-4
1,16926E-4
1,31969E-4
9,6238E-5
1,3271E-4
1,10215E-4
1,31638E-4
9,5373E-5
1,4219E-4
1,19367E-4
1,51604E-4
1,0043E-4
1,32278E-4
1,34231E-4
1,29721E-4
9,5502E-5
1,36104E-4
1,0869E-4
1,35024E-4
9,5074E-5
1,34039E-4
1,102E-4
1,34158E-4
9,067E-5
1,09658E-4
8,9436E-5
1,01924E-4
1,3283E-4
1,30548E-4
1,32761E-4
1,37768E-4
1,29431E-4
1,01554E-4
1,36748E-4
1,12876E-4
1,02653E-4
1,3975E-4
1,30319E-4
1,42416E-4
1,29538E-4
9,5965E-5
1,33655E-4
1,11123E-4
1,34918E-4
1,09043E-4
1,32709E-4
1,10248E-4
1,33175E-4
1,10736E-4
1,47957E-4
1,41747E-4
1,30055E-4
1,10094E-4
1,53143E-4
1,48266E-4
1,32237E-4
1,02069E-4
8,781E-5
1,65488E-4
1,32498E-4
1,48835E-4
8,8459E-5
1,32332E-4
9,496E-5
1,0832E-4
1,43358E-4
1,30966E-4
1,03649E-4
1,05948E-4
1,47517E-4
1,38093E-4
1,36403E-4
1,314E-4
9,6552E-5
2,11643E-4
1,56078E-4
1,78312E-4
2,51955E-4
2,08345E-4
2,03116E-4
1,54332E-4
1,0987E-4
1,23353E-4
1,34729E-4
1,44685E-4
1,31752E-4
1,43471E-4
1,12185E-4
1,35475E-4
1,3256E-4
1,32413E-4
1,28906E-4
1,1666E-4
1,48838E-4
1,33102E-4
1,44023E-4
1,35287E-4
1,10478E-4
1,3151E-4
1,28963E-4
9,3934E-5
1,32318E-4
1,35038E-4
1,3549E-4
1,09316E-4
1,11194E-4
1,29551E-4
1,29342E-4
1,27494E-4
1,09094E-4
1,2893E-4
1,33668E-4
1,30544E-4
9,6142E-5
1,37649E-4
1,34955E-4
1,30425E-4
1,42435E-4
9,5954E-5
8,9415E-5
1,4227E-4
1,11641E-4
1,33486E-4
1,09949E-4
1,34318E-4
1,11431E-4
1,38539E-4
1,12797E-4
1,31662E-4
1,29294E-4
1,34264E-4
1,30175E-4
1,10703E-4
1,36728E-4
9,9569E-5
1,09974E-4
1,33649E-4
1,33168E-4
9,6133E-5
1,54151E-4
1,37177E-4
1,10023E-4
1,29796E-4
1,14378E-4
1,31178E-4
1,16203E-4
1,34043E-4
1,32038E-4
1,36404E-4
1,13949E-4
9,7924E-5
1,01791E-4
1,31114E-4
1,10585E-4
1,14074E-4
1,30476E-4
1,32409E-4
1,37011E-4
1,35684E-4
1,30767E-4
1,2955E-4
1,37186E-4
1,32577E-4
1,29755E-4
1,32647E-4
1,3515E-4
1,3314E-4
1,2974E-4
1,44227E-4
1,38936E-4
9,1859E-5
1,33282E-4
1,38059E-4
1,30174E-4
1,32163E-4
1,30775E-4
1,2768E-4
1,30344E-4
1,0443E-4
1,30625E-4
1,28959E-4
9,467E-5
1,01041E-4
1,09899E-4
1,30833E-4
1,35122E-4
1,35165E-4
1,3244E-4
1,31855E-4
9,9645E-5
1,32606E-4
1,33152E-4
1,33937E-4
1,31614E-4
1,37531E-4
1,27996E-4
1,29101E-4
1,28619E-4
1,29528E-4
1,28131E-4
1,28385E-4
1,2926E-4
1,29329E-4
1,36291E-4
1,27664E-4
1,02538E-4
1,50333E-4
1,3581E-4
1,31494E-4
1,32172E-4
1,29125E-4
1,01855E-4
1,3319E-4
1,02186E-4
1,30665E-4
1,35713E-4
1,29484E-4
1,29554E-4
1,32676E-4
1,05013E-4
1,28553E-4
1,4572E-4
1,29512E-4
1,29222E-4
1,28845E-4
1,43996E-4
1,30978E-4
9,4093E-5
8,8508E-5
1,11059E-4
1,06684E-4
1,32276E-4
9,5594E-5
1,00101E-4
1,47485E-4
1,52746E-4
1,29875E-4
1,00519E-4
1,27508E-4
1,3437E-4
1,32151E-4
1,30687E-4
1,10372E-4
1,34857E-4
9,6832E-5
1,31459E-4
1,3217E-4
1,01514E-4
1,31187E-4
9,4511E-5
1,36903E-4
1,0968E-4
1,11053E-4
1,42527E-4
1,28853E-4
1,10244E-4
1,33697E-4
1,31485E-4
1,34679E-4
1,32783E-4
1,35346E-4
1,31853E-4
1,30814E-4
1,28201E-4
1,31584E-4
1,35247E-4
1,29074E-4
1,33892E-4
1,30216E-4
1,31976E-4
1,02474E-4
1,32703E-4
1,3447E-4
1,32107E-4
1,23542E-4
1,32434E-4
1,36555E-4
1,31003E-4
1,29316E-4
1,42095E-4
1,34048E-4
1,32846E-4
1,32292E-4
1,37076E-4
1,36024E-4
1,35575E-4
1,09137E-4
1,10074E-4
1,29378E-4
1,57634E-4
1,104E-4
1,34113E-4
1,33922E-4
9,4655E-5
1,31602E-4
1,30682E-4
1,36322E-4
1,08764E-4
9,0395E-5
1,32544E-4
1,11188E-4
1,10089E-4
1,3023E-4
1,35599E-4
1,10355E-4
1,36572E-4
1,29559E-4
1,48074E-4
1,03189E-4
1,37296E-4
1,16775E-4
1,35715E-4
1,11498E-4
9,7138E-5
1,35694E-4
1,36609E-4
9,6626E-5
1,33041E-4
1,28871E-4
1,03619E-4
1,34187E-4
9,5352E-5
1,31431E-4
1,34123E-4
1,11175E-4
1,03361E-4
1,32316E-4
1,38895E-4
1,40237E-4
1,72088E-4
2,25442E-4
1,64776E-4
1,4855E-4
1,73831E-4
2,17824E-4
1,50941E-4
2,14287E-4
1,73454E-4
1,57204E-4
1,42783E-4
2,15E-4
2,14301E-4
2,27908E-4
1,70352E-4
1,73047E-4
2,18027E-4
2,16353E-4
2,19378E-4
2,32583E-4
2,16565E-4
2,18723E-4
2,1995E-4
1,72474E-4
2,2125E-4
1,63206E-4
2,35877E-4
2,37705E-4
2,19527E-4
2,19984E-4
1,62589E-4
2,21121E-4
2,28866E-4
2,18047E-4
2,13465E-4
1,46203E-4
2,19247E-4
2,14565E-4
1,6302E-4
2,21288E-4
2,21212E-4
1,62982E-4
2,21293E-4
2,22505E-4
1,69583E-4
2,21028E-4
2,18403E-4
1,63947E-4
2,19413E-4
2,20642E-4
1,97854E-4
1,8137E-4
2,14939E-4
1,71275E-4
2,16617E-4
2,15247E-4
2,21218E-4
2,21059E-4
1,77048E-4
2,11681E-4
2,2118E-4
2,16462E-4
2,26798E-4
2,16193E-4
2,12552E-4
1,56388E-4
2,19929E-4
2,20798E-4
1,80119E-4
2,14695E-4
2,18675E-4
1,90449E-4
2,16482E-4
2,21544E-4
1,83954E-4
1,7307E-4
2,19754E-4
2,3176E-4
2,18354E-4
1,70341E-4
2,15374E-4
2,21094E-4
2,16791E-4
1,62163E-4
1,50635E-4
2,13787E-4
1,54697E-4
2,2736E-4
2,19566E-4
2,12824E-4
2,32584E-4
2,20825E-4
2,14798E-4
2,08877E-4
1,61783E-4
2,13392E-4
2,2552E-4
1,62313E-4
1,5275E-4
1,80645E-4
1,497E-4
2,25515E-4
2,20998E-4
2,17715E-4
1,71219E-4
2,09559E-4
2,18175E-4
2,13711E-4
0,004173689
1,41418E-4
1,35249E-4
1,36459E-4
1,33707E-4
9,9946E-5
1,13275E-4
1,11881E-4
1,38125E-4
1,29843E-4
1,15958E-4
1,33993E-4
9,0054E-5
1,39827E-4
1,10306E-4
8,8855E-5
1,33175E-4
1,29962E-4
1,28345E-4
1,34068E-4
1,46669E-4
1,35687E-4
1,39324E-4
1,40715E-4
1,49248E-4
1,33654E-4
1,28585E-4
9,8205E-5
1,34115E-4
1,35384E-4
1,43067E-4
1,29957E-4
1,35895E-4
1,30296E-4
1,34774E-4
9,0029E-5
1,10031E-4
1,31096E-4
1,53021E-4
1,09139E-4
1,0948E-4
1,31407E-4
1,37632E-4
8,9398E-5
1,3194E-4
1,28073E-4
1,03227E-4
9,5543E-5
1,3264E-4
1,35251E-4
1,08116E-4
1,35062E-4
1,11423E-4
1,31518E-4
1,08688E-4
1,15397E-4
1,36568E-4
1,37025E-4
1,32334E-4
1,3311E-4
1,30934E-4
1,36774E-4
1,12875E-4
9,1454E-5
9,6453E-5
1,56522E-4
1,30598E-4
1,51274E-4
1,29939E-4
1,09868E-4
1,31604E-4
1,32774E-4
1,52348E-4
1,41523E-4
1,408E-4
1,14086E-4
1,36441E-4
1,42597E-4
8,9028E-5
1,10282E-4
1,39993E-4
1,33901E-4
1,30762E-4
1,11943E-4
1,33511E-4
1,40086E-4
1,33848E-4
1,1936E-4
1,40029E-4
1,30038E-4
1,2858E-4
1,15533E-4
1,47394E-4
1,35303E-4
1,3267E-4
1,33342E-4
1,30305E-4
1,3091E-4
1,10517E-4
1,38049E-4
9,6517E-5
1,3455E-4
1,28887E-4
1,29676E-4
1,27901E-4
1,27482E-4
1,30503E-4
1,28613E-4
1,31151E-4
1,32491E-4
1,53735E-4
1,31048E-4
1,40164E-4
1,33264E-4
1,28956E-4
1,30297E-4
1,29115E-4
1,26745E-4
1,3117E-4
1,09147E-4
8,8054E-5
1,34016E-4
1,33138E-4
1,35479E-4
1,3544E-4
1,28715E-4
1,28741E-4
1,34888E-4
1,08445E-4
8,8781E-5
1,42788E-4
1,33663E-4
1,32353E-4
1,031E-4
1,33253E-4
1,3176E-4
1,40347E-4
1,09229E-4
1,29514E-4
1,31875E-4
1,29472E-4
1,09777E-4
1,35241E-4
1,30356E-4
1,28488E-4
9,7329E-5
1,30788E-4
1,44712E-4
1,37712E-4
1,17689E-4
9,0124E-5
1,32269E-4
1,30209E-4
1,2979E-4
9,3436E-5
1,31195E-4
1,30338E-4
1,01727E-4
1,31662E-4
1,29634E-4
1,31851E-4
1,05457E-4
1,31547E-4
6,65354E-4
1,28296E-4
1,29188E-4
1,40827E-4
1,33723E-4
1,11534E-4
1,22378E-4
8,9535E-5
9,3963E-5
1,38923E-4
1,06099E-4
1,4784E-4
1,30732E-4
1,07149E-4
1,34684E-4
1,28897E-4
1,31194E-4
1,40074E-4
1,29909E-4
2,15598E-4
1,79436E-4
1,09828E-4
1,31657E-4
1,42865E-4
1,32335E-4
1,31868E-4
1,37111E-4
9,2593E-5
1,11789E-4
1,3494E-4
1,30449E-4
1,32648E-4
1,2994E-4
1,09931E-4
1,31962E-4
1,41343E-4
1,09847E-4
1,32196E-4
1,28978E-4
1,29623E-4
1,09761E-4
1,09446E-4
1,37571E-4
1,33058E-4
1,38157E-4
1,10394E-4
1,31331E-4
1,30736E-4
1,33698E-4
1,04348E-4
9,6475E-5
1,35801E-4
1,10745E-4
9,4373E-5
1,17278E-4
1,31738E-4
1,32011E-4
1,08218E-4
1,35572E-4
1,35623E-4
1,02367E-4
1,36932E-4
1,42715E-4
9,5067E-5
1,30184E-4
1,35034E-4
1,10734E-4
1,52834E-4
1,1139E-4
1,10773E-4
9,6442E-5
1,32177E-4
1,11425E-4
1,11741E-4
1,3708E-4
1,30168E-4
1,33177E-4
1,28779E-4
8,885E-5
1,32916E-4
1,3257E-4
1,31257E-4
1,34611E-4
8,8721E-5
1,34269E-4
1,48846E-4
1,33119E-4
1,30655E-4
9,063E-5
1,36148E-4
1,32292E-4
1,29336E-4
1,30293E-4
1,29005E-4
1,30424E-4
1,38239E-4
1,30521E-4
9,4768E-5
1,09722E-4
1,36105E-4
1,03575E-4
1,11516E-4
1,34888E-4
1,06762E-4
1,11378E-4
1,31005E-4
1,36052E-4
1,35965E-4
1,0999E-4
1,11275E-4
1,30256E-4
1,2316E-4
1,1016E-4
1,29647E-4
1,2983E-4
1,40254E-4
1,31381E-4
1,29242E-4
1,33091E-4
1,02902E-4
1,44797E-4
9,1358E-5
1,38184E-4
1,30478E-4
1,06211E-4
1,30577E-4
1,31199E-4
1,3141E-4
1,29535E-4
1,0361E-4
1,32158E-4
1,3061E-4
9,5593E-5
1,3245E-4
9,6209E-5
1,38272E-4
1,29905E-4
1,03082E-4
1,32267E-4
1,31528E-4
1,37092E-4
1,30457E-4
1,29465E-4
1,30628E-4
1,29351E-4
1,27596E-4
1,30401E-4
1,34791E-4
1,02333E-4
1,4354E-4
1,08303E-4
9,0768E-5
9,3595E-5
1,38832E-4
9,501E-5
1,37576E-4
1,10534E-4
1,40895E-4
1,30916E-4
1,31014E-4
1,30286E-4
1,35511E-4
1,32487E-4
1,29735E-4
1,37968E-4
1,31772E-4
1,33731E-4
1,10652E-4
1,34925E-4
1,31211E-4
1,09193E-4
1,31448E-4
9,0777E-5
9,4036E-5
1,35187E-4
1,32385E-4
1,38787E-4
1,31879E-4
1,30276E-4
9,4927E-5
1,3778E-4
1,30037E-4
1,0387E-4
1,37433E-4
1,3252E-4
1,31521E-4
1,39589E-4
1,31318E-4
1,37032E-4
1,03789E-4
1,32422E-4
1,51197E-4
9,5836E-5
1,36409E-4
1,34856E-4
1,30545E-4
1,36354E-4
1,02988E-4
1,4671E-4
1,34674E-4
1,06465E-4
1,35945E-4
1,54823E-4
1,03238E-4
1,34262E-4
1,09211E-4
1,38521E-4
1,08737E-4
1,29617E-4
1,36572E-4
1,30844E-4
1,31836E-4
1,2948E-4
1,3271E-4
1,121E-4
1,31665E-4
1,31518E-4
1,29645E-4
1,32291E-4
1,27588E-4
1,21401E-4
1,34716E-4
1,09741E-4
9,5373E-5
1,37433E-4
1,3681E-4
1,09707E-4
1,39842E-4
1,296E-4
1,35644E-4
1,09825E-4
1,31893E-4
1,29497E-4
1,0798E-4
1,31947E-4
1,11516E-4
1,3174E-4
1,04821E-4
1,26976E-4
1,1333E-4
1,31238E-4
1,04126E-4
1,10924E-4
1,31696E-4
1,29159E-4
8,9955E-5
1,14388E-4
1,34038E-4
1,31855E-4
1,03521E-4
1,16542E-4
1,31861E-4
1,28849E-4
1,02859E-4
1,37544E-4
1,32435E-4
1,35224E-4
9,9235E-5
1,34646E-4
1,3819E-4
1,33916E-4
9,4024E-5
1,09687E-4
1,32652E-4
1,29474E-4
9,9759E-5
1,11219E-4
1,32322E-4
1,29446E-4
1,0255E-4
1,30604E-4
1,32859E-4
1,10618E-4
1,35053E-4
1,30917E-4
1,50028E-4
1,31525E-4
9,0546E-5
1,3165E-4
1,32645E-4
1,30571E-4
1,02266E-4
1,31177E-4
1,30975E-4
1,35413E-4
1,02053E-4
1,29845E-4
1,33695E-4
1,31211E-4
1,37905E-4
1,33256E-4
1,32627E-4
1,29267E-4
9,12997E-4
2,17736E-4
1,80714E-4
2,18322E-4
2,60367E-4
2,16884E-4
2,5195E-4
2,04347E-4
1,96222E-4
2,26988E-4
2,13656E-4
2,12393E-4
1,79738E-4
1,95975E-4
1,27965E-4
1,89257E-4
1,90885E-4
1,97329E-4
2,01548E-4
1,52377E-4
2,52708E-4
2,18493E-4
1,99299E-4
1,81742E-4
1,96085E-4
2,06111E-4
1,78968E-4
2,07174E-4
2,00316E-4
1,92738E-4
1,31923E-4
1,30448E-4
1,32022E-4
1,36266E-4
1,31862E-4
1,00302E-4
2,26869E-4
2,22008E-4
1,6521E-4
1,31499E-4
1,32868E-4
1,33422E-4
1,30421E-4
1,02911E-4
1,36904E-4
1,34232E-4
1,32671E-4
1,093E-4
1,35297E-4
9,5468E-5
1,36605E-4
1,31055E-4
1,09949E-4
9,544E-5
1,31582E-4
1,01866E-4
1,37085E-4
9,7087E-5
1,34955E-4
1,01938E-4
1,09975E-4
9,5013E-5
1,3339E-4
1,02597E-4
1,32047E-4
9,3346E-5
1,32582E-4
1,0101E-4
1,35451E-4
1,13478E-4
1,37294E-4
1,28864E-4
1,28286E-4
1,51924E-4
1,02231E-4
1,36361E-4
1,3112E-4
1,32109E-4
1,32855E-4
1,35456E-4
1,14355E-4
1,32596E-4
1,42182E-4
1,10266E-4
1,32546E-4
1,36299E-4
1,32125E-4
1,41921E-4
1,28833E-4
1,32424E-4
1,32951E-4
1,10361E-4
9,3433E-5
1,3224E-4
1,32858E-4
1,10933E-4
1,09277E-4
1,29659E-4
1,35484E-4
1,09695E-4
1,36458E-4
1,37024E-4
1,28455E-4
1,28476E-4
1,28079E-4
1,33806E-4
1,30398E-4
1,1162E-4
1,33507E-4
1,32234E-4
1,27193E-4
1,28537E-4
1,33213E-4
1,35214E-4
1,10166E-4
1,36569E-4
1,30073E-4
1,30688E-4
1,30587E-4
1,36999E-4
1,32383E-4
1,28699E-4
1,30017E-4
1,31013E-4
1,30614E-4
1,2694E-4
1,37313E-4
1,3258E-4
9,5328E-5
1,31757E-4
1,03322E-4
1,35868E-4
1,34662E-4
1,10277E-4
1,36279E-4
1,31136E-4
1,37E-4
1,03363E-4
1,31489E-4
1,29661E-4
1,10442E-4
1,31995E-4
1,11195E-4
1,12333E-4
1,09711E-4
1,30185E-4
1,34668E-4
1,36626E-4
1,32061E-4
1,35096E-4
1,31192E-4
1,32029E-4
1,27598E-4
1,42676E-4
1,34517E-4
1,32108E-4
1,28084E-4
1,28554E-4
1,28623E-4
1,29019E-4
1,37893E-4
1,1003E-4
1,36195E-4
9,7203E-5
1,31447E-4
1,31668E-4
1,41625E-4
1,33605E-4
1,34875E-4
1,09445E-4
1,32425E-4
1,55365E-4
1,36042E-4
1,32883E-4
1,30178E-4
1,31372E-4
1,10365E-4
1,31889E-4
1,01159E-4
1,34853E-4
1,37624E-4
1,28764E-4
1,3182E-4
1,31238E-4
1,32318E-4
1,33579E-4
1,39112E-4
1,34622E-4
1,37981E-4
1,31925E-4
1,33102E-4
1,36195E-4
1,33234E-4
1,29915E-4
1,34871E-4
1,31977E-4
1,30355E-4
1,28944E-4
1,34184E-4
1,37674E-4
1,33662E-4
1,38527E-4
9,4548E-5
1,32945E-4
1,31615E-4
9,5149E-5
1,38599E-4
9,5759E-5
1,34024E-4
1,31497E-4
1,28946E-4
1,29309E-4
1,39786E-4
1,30169E-4
1,30488E-4
9,5613E-5
1,33641E-4
1,30889E-4
1,13343E-4
1,29183E-4
1,12084E-4
1,34484E-4
1,07488E-4
1,32306E-4
1,09927E-4
1,36707E-4
1,32646E-4
1,2822E-4
1,28839E-4
1,49967E-4
1,09081E-4
1,30279E-4
1,0896E-4
1,37378E-4
1,30444E-4
1,32339E-4
1,54711E-4
2,1209E-4
1,67296E-4
2,13346E-4
2,1627E-4
2,12892E-4
2,09955E-4
2,22939E-4
2,16354E-4
1,69481E-4
2,17515E-4
2,16636E-4
2,18836E-4
0,004669762
1,5958E-4
1,30483E-4
1,31546E-4
1,36781E-4
1,33436E-4
1,33144E-4
1,34074E-4
1,29856E-4
1,27654E-4
1,26964E-4
1,29555E-4
1,3845E-4
1,32061E-4
1,0917E-4
1,33667E-4
1,32211E-4
1,32278E-4
1,2955E-4
1,30976E-4
1,31644E-4
1,30479E-4
1,3717E-4
1,29151E-4
1,10042E-4
1,41804E-4
1,30718E-4
1,1002E-4
1,36732E-4
1,08954E-4
1,31892E-4
1,31309E-4
1,27806E-4
1,31231E-4
1,31872E-4
1,30004E-4
1,32015E-4
1,29715E-4
1,32081E-4
1,35483E-4
1,30473E-4
1,29454E-4
1,3552E-4
1,38371E-4
1,91775E-4
1,96499E-4
1,41516E-4
1,3071E-4
1,09445E-4
1,33059E-4
1,3E-4
1,30693E-4
1,3945E-4
1,30684E-4
1,26791E-4
1,31524E-4
1,32921E-4
1,28566E-4
1,47106E-4
1,3038E-4
1,3503E-4
1,30534E-4
1,26279E-4
1,29634E-4
1,09798E-4
1,31839E-4
1,29139E-4
1,29778E-4
1,11709E-4
1,29152E-4
1,27436E-4
1,31555E-4
1,09911E-4
1,29596E-4
1,28181E-4
1,30678E-4
1,13868E-4
1,35408E-4
1,27314E-4
1,29595E-4
1,09778E-4
1,29334E-4
1,2726E-4
1,35086E-4
1,07434E-4
1,3117E-4
1,29505E-4
1,30198E-4
1,08316E-4
1,35083E-4
1,26283E-4
1,31198E-4
1,08864E-4
1,44766E-4
1,27603E-4
1,32635E-4
1,08953E-4
1,30314E-4
1,29523E-4
1,31235E-4
1,07836E-4
1,33904E-4
1,26716E-4
1,30821E-4
1,0953E-4
1,30387E-4
1,28463E-4
1,39427E-4
1,34897E-4
1,3033E-4
1,34305E-4
1,28397E-4
1,34385E-4
1,31166E-4
1,3111E-4
1,28105E-4
1,38899E-4
1,29364E-4
1,3379E-4
1,3267E-4
1,27721E-4
1,35791E-4
1,27801E-4
1,10409E-4
1,30258E-4
1,12336E-4
1,31729E-4
1,35461E-4
1,30676E-4
1,34822E-4
1,09871E-4
1,37082E-4
1,27819E-4
1,26614E-4
1,36513E-4
1,26344E-4
1,36231E-4
1,33132E-4
1,37136E-4
1,3617E-4
1,08389E-4
1,36354E-4
1,28038E-4
1,28938E-4
1,39475E-4
1,09383E-4
1,3584E-4
1,30058E-4
1,31435E-4
1,31348E-4
1,27822E-4
1,28238E-4
1,44427E-4
1,32075E-4
1,31304E-4
1,29148E-4
1,10433E-4
1,34529E-4
1,30995E-4
1,30171E-4
1,31517E-4
1,28482E-4
1,2898E-4
1,31014E-4
1,30677E-4
1,10807E-4
1,37264E-4
1,36477E-4
1,49022E-4
1,28937E-4
1,34377E-4
1,31838E-4
1,34056E-4
1,31113E-4
1,28905E-4
1,33485E-4
1,31427E-4
1,33755E-4
1,33887E-4
1,30725E-4
1,2901E-4
1,33355E-4
1,32433E-4
1,34291E-4
1,32938E-4
1,3132E-4
1,32061E-4
1,30913E-4
1,1058E-4
1,29528E-4
1,28787E-4
1,30885E-4
1,09454E-4
1,35213E-4
1,29512E-4
1,35824E-4
1,3402E-4
1,27846E-4
1,38849E-4
1,10771E-4
1,40026E-4
1,10198E-4
1,37179E-4
1,10446E-4
1,31154E-4
1,3522E-4
1,09998E-4
1,35009E-4
1,09812E-4
1,33792E-4
1,35277E-4
1,10159E-4
1,42198E-4
1,34302E-4
1,36581E-4
1,4186E-4
1,36127E-4
1,34779E-4
1,35089E-4
1,33607E-4
1,33968E-4
1,33191E-4
1,37684E-4
1,28279E-4
1,35049E-4
1,30803E-4
1,3039E-4
1,35682E-4
1,33467E-4
1,29479E-4
1,2728E-4
1,33894E-4
1,33902E-4
1,33924E-4
1,28934E-4
1,37612E-4
1,34006E-4
1,33501E-4
1,3259E-4
1,31451E-4
1,30563E-4
1,31278E-4
1,38724E-4
1,49259E-4
1,33846E-4
1,38104E-4
1,28622E-4
1,26142E-4
1,35196E-4
1,33405E-4
1,2823E-4
1,27574E-4
1,28527E-4
1,28013E-4
1,27148E-4
1,2613E-4
1,42035E-4
1,27035E-4
1,3498E-4
1,29326E-4
1,42113E-4
