9,71008E-4
0,042931507
0,043128337
0,043399922
0,043418617
0,043524983
0,043461821
0,043377651
0,043489589
0,043365225
0,043357038
0,043509078
0,043004406
0,0435055
0,043502121
0,043561963
0,043534934
0,043487516
0,043512281
0,043483339
0,043468394
0,043451409
0,043514978
0,043578626
0,043496721
0,043388289
0,043492765
0,04361319
0,043545746
0,044711341
0,043513172
0,043604219
0,04357573
0,043123052
0,043353347
0,04346919
0,043558775
0,043496186
0,043509057
0,043603504
0,043522129
0,043451181
0,043433011
0,043518533
0,043350573
0,043537704
0,043566657
0,043374174
0,043416074
0,04367565
0,043393295
0,043435802
0,043576895
0,043681526
0,043546196
0,043496557
0,043537489
0,043613329
0,043468543
0,043533666
0,043492893
0,043484359
0,043577346
0,043334635
0,043397053
0,043420236
0,043502087
0,04344543
0,043502653
0,043553257
0,043433348
0,043395261
0,043351368
0,043588155
0,043500455
0,044498569
0,043438619
0,043467411
0,043484397
0,043412181
0,043415908
0,043550198
0,043566903
0,04352328
0,043379479
0,043378863
0,043486519
0,043510834
0,04353798
0,043470635
0,043472222
0,043394332
0,043492116
0,043440176
0,043440927
0,043449112
0,043378909
0,043533615
0,043639297
0,043561982
0,043389133
0,043422716
0,043523439
0,043476366
0,043452811
0,043446365
0,043452926
0,043526545
0,043466592
0,043546878
0,043528443
0,0435592
0,043411529
0,043496649
0,043589196
0,043530146
0,043579205
0,043546957
0,043561575
0,044402259
0,04351672
0,043427473
0,043742844
0,043504676
0,043404978
0,043405952
0,043541231
0,043449253
0,043475153
0,043523107
0,043439483
0,043436307
0,043504173
0,043664299
0,043646046
0,04333674
0,043370223
0,043459208
0,043597854
0,043495299
0,04349061
0,043507068
0,04334433
0,043468372
0,043500753
0,043537832
0,043494965
0,043376117
0,043528576
0,043598759
0,04365142
0,044570196
0,043559448
0,043586656
0,043380535
0,043488656
0,043409244
0,043478224
0,043406953
0,043506381
0,043575438
0,043411721
0,043608599
0,043500156
0,04354919
0,043535328
0,043487155
0,0435294
0,043602566
0,043536601
0,043511216
0,043665755
0,043454595
0,043656257
0,043818207
0,04364779
0,043452687
0,043426752
0,043508627
0,043348238
0,043554528
0,043479408
0,044455288
0,043374642
0,043293314
0,043526535
0,043451119
0,043434062
0,043625387
0,043466965
0,043512608
0,043644144
0,044409017
0,043463309
0,043551061
0,043429056
0,043542858
0,043566152
0,043555443
0,043516599
0,043427332
0,04346707
0,04455511
0,043520734
0,043337978
0,043561432
0,043464441
0,043393783
0,043491392
0,043420647
0,043668013
0,043380728
0,044647364
0,043637345
0,043471511
0,043545099
0,043510708
0,04351404
0,043644368
0,043453132
0,04364804
0,043419204
0,043581043
0,043451674
0,04355681
0,043369205
0,043483298
0,043793477
0,043552957
0,04345332
0,043622415
0,043520325
0,043520255
0,043692623
0,043732014
0,04354455
0,043345344
0,04343307
0,04349985
0,043524167
0,043470117
0,043354569
0,043523059
0,043539592
0,043673354
0,043572447
0,043489789
0,043560324
0,043522145
0,043627863
0,043421508
0,043554322
0,043592309
0,043430956
0,043544101
0,043538397
0,043531543
0,04377639
0,043441149
0,043570879
0,042356392
0,043393269
0,04365097
0,043632776
0,043554807
0,043368561
0,043754309
0,043501012
0,043417645
0,04358302
0,043382894
0,043485357
0,043410155
0,043502961
0,043580192
0,043508949
0,042321048
0,043547995
0,044673618
0,043423275
0,043559943
0,043559373
0,043609558
0,043596419
0,043556983
0,043472159
0,043587302
0,044699233
0,043523148
0,043500061
0,043440916
0,043504976
0,043628451
0,043504446
0,043323092
0,043655978
0,04477189
0,043493271
0,043499725
0,043463551
0,043552267
0,043400455
0,043507689
0,043505673
0,043404758
0,044391739
0,043353964
0,043633909
0,043616147
0,043597339
0,043530586
0,043514372
0,043710937
0,043549462
0,044252128
0,043439419
0,043686462
0,043523265
0,043630728
0,042334284
0,043476416
0,043411966
0,043558335
0,044694902
0,043466946
0,043479251
0,043503397
0,043528699
0,043436704
0,043295731
0,043410603
0,043422637
0,044542968
0,043501589
0,043302488
0,043379258
0,04337551
0,043536409
0,043337011
0,043562138
0,043320203
0,04457769
0,043160239
0,043506722
0,043523381
0,043516324
0,043588543
0,043472433
0,043448356
0,043506304
0,044600905
0,043543748
0,043358621
0,043377908
0,043275064
0,043481973
0,043548748
0,043581895
0,043522626
0,044677278
0,043612872
0,04355473
0,043552833
0,043500064
0,043595538
0,043482554
0,043499603
0,041498812
0,044820897
0,043480633
0,043622294
0,043350996
0,043103161
0,042802358
0,043551737
0,043563949
0,043589897
0,044762591
0,043513601
0,04339077
0,043506929
0,043454006
0,043519086
0,043368324
0,04356332
0,043477379
0,044667008
0,043412801
0,043459047
0,043192931
0,043489407
0,043473502
0,043570721
0,043484864
0,043544049
0,044699596
0,043628864
0,043536082
0,043553553
0,043574579
0,04373618
0,043692562
0,043441989
0,043512661
0,044645191
0,043378306
0,043566396
0,043513523
0,04351052
0,043426425
0,043567625
0,043522809
0,043455208
0,044717568
0,043385679
0,043593863
0,043584574
0,04330291
0,043609124
0,043506274
0,043723073
0,04355611
0,04461391
0,04340558
0,043502823
0,043626282
0,04325504
0,043514657
0,04346667
0,043437443
0,043383681
0,04499799
0,043650853
0,043554499
0,043660405
0,043579858
0,043445164
0,043534828
0,043494868
0,043807069
0,044688232
0,043483232
0,04325079
0,043533449
0,043475606
0,043349288
0,04345153
0,043450678
0,043651327
0,044716498
0,043443839
0,04326435
0,043430697
0,043607194
0,043635029
0,043391082
0,043393347
0,043479494
0,044795943
0,043709377
0,043540624
0,043640995
0,043476679
0,043516722
0,043670197
0,043349615
0,043627351
0,044729273
0,043354294
0,043453013
0,043397444
0,043369027
0,043553438
0,043530731
0,043540592
0,043611821
0,044648958
0,04328271
0,043449044
0,043572579
0,043533677
0,043376824
0,043287513
0,043610879
0,043534915
0,043454504
0,043515878
0,043522871
0,043573906
0,043370317
0,043418248
0,043571406
0,043569965
0,04352292
0,044825275
0,043231322
0,043516885
0,043599765
0,043517013
0,043460054
0,043643937
0,043343177
0,043511217
0,043592871
0,043520199
0,043650159
0,043594085
0,043595676
0,043333496
0,043275191
0,043355538
0,043474436
0,043643684
0,043646922
0,043514881
0,04346449
0,043656866
0,043728075
0,043288334
0,043543751
0,043542846
0,043526867
0,04363088
0,043675517
0,043481418
0,04313761
0,043581983
0,04354314
0,043625008
0,043819809
0,043546249
0,043282161
0,04343639
0,043546222
0,043725312
0,043226042
0,043769607
0,043683867
0,043538314
0,04338053
0,043387162
0,043544968
0,04360039
0,04346504
0,04360262
0,043420362
0,043379796
0,04339946
0,043699906
0,04348993
0,043552223
0,043575225
0,043544874
0,043460149
0,043518726
0,043476412
0,043484885
0,043494744
0,043344661
0,043437666
0,043546439
0,043570917
0,043673654
0,043478419
0,043439777
0,043381008
0,043605749
0,043545119
0,043422368
0,043213546
0,04351688
0,04351606
0,043496083
0,04361203
0,04364688
0,04348437
0,043652576
0,04378592
0,043377926
0,043503475
0,043510137
0,043475275
0,043365063
0,043456594
0,043764347
0,043330978
0,043581059
0,043429019
0,04348553
0,043502835
0,043467415
0,043560637
0,04361648
0,04377397
0,043614856
0,04357642
0,043506577
0,043536074
0,043476157
0,043492117
0,043729615
0,043538596
0,043479363
0,043541981
0,043785649
0,043667282
0,043807289
0,043506104
0,043508094
0,043413072
0,043787794
0,043443077
0,043597904
0,043414917
0,043454266
0,043332384
0,043438848
0,043453747
0,04356941
0,043476154
0,043655133
0,043505921
0,043425894
0,04363747
0,043386222
0,043627502
0,043390743
0,043763527
0,043490841
0,043261185
0,043574473
0,043471678
0,043406595
0,043469819
0,043615398
0,043367277
0,043561765
0,043424521
0,043555143
0,043476994
0,043454789
0,043421303
0,043621413
0,043460221
0,043480648
0,043637037
0,043444637
0,043507538
0,043769494
0,043513736
0,043589605
0,04351079
0,043593398
0,043502941
0,043528865
0,043380647
0,043299195
0,043304673
0,043492284
0,043456557
0,043521449
0,043570294
0,043466698
0,043730165
0,043526114
0,043433933
0,043507585
0,043630445
0,04348955
0,043516671
0,043565545
0,04350398
0,043352155
0,043414055
0,043492212
0,043178342
0,043533808
0,043503665
0,043668407
0,043694458
0,043474515
0,043549345
0,043547509
0,043547159
0,044638335
0,0434087
0,043812851
0,043627698
0,043557393
0,043172768
0,043102167
0,043567744
0,043438543
0,043615054
0,043430794
0,043465697
0,043495351
0,043304265
0,04348853
0,043566864
0,043290397
0,043409018
0,043658261
0,043559097
0,043504561
0,043541903
0,043495973
0,043473472
0,04361216
0,043727603
0,043452444
0,043514383
0,043462416
0,043343163
0,043521539
0,043572931
0,043435086
0,043427192
0,043628986
0,043654497
0,043430681
0,043525038
0,043456176
0,043577759
0,043567419
0,043646199
0,043571217
0,043586844
0,043107672
0,042290808
0,043335336
0,043634433
0,043466471
0,043361537
0,043296291
0,043390707
0,04360167
0,043671818
0,042427823
0,04356766
0,043437393
0,043448413
0,043630032
0,043564987
0,043489704
0,043275333
0,043550389
0,042116847
0,043541952
0,043563898
0,043691744
0,04347139
0,043587536
0,043565344
0,04353413
0,043377123
0,042252682
0,043560245
0,043289423
0,043497913
0,043628538
0,043355118
0,04349529
0,043726391
0,043338522
0,042450321
0,043256704
0,043398405
0,043616197
0,043586534
0,043821676
0,043783354
0,043379492
0,043513551
0,042345967
0,043673024
0,043571012
0,043596916
0,043699774
0,043730055
0,04358871
0,043466612
0,043550557
0,042402407
0,043608849
0,043569555
0,043656846
0,043478494
0,04314492
0,043791251
0,043653661
0,043791496
0,042507276
0,04342805
0,043348179
0,043360314
0,043340733
0,043655781
0,043434219
0,043652529
0,043321813
0,0422996
0,04378775
0,043546844
0,043399505
0,043845394
0,043750031
0,043414097
0,043638826
0,043640876
0,042300611
0,043265644
0,042837331
0,043645576
0,04363336
0,043033447
0,04359034
0,043526414
0,043401516
0,042059409
0,043424253
0,04353943
0,043587061
0,043828146
0,043497957
0,043367882
0,043688007
0,043444116
0,042248164
0,043347385
0,043511918
0,043491542
0,043328184
0,043583626
0,043422729
0,043534606
0,04337585
0,042468113
0,043470486
0,04352123
0,043441644
0,043485433
0,043565542
0,043630726
0,043602107
0,043479471
0,042362393
0,043494974
0,043580504
0,043644856
0,043383987
0,043406745
0,043649917
0,04358475
0,043642945
0,04229761
0,043438751
0,043536942
0,043694503
0,043460794
0,043415387
0,043388438
0,043464326
0,043352016
0,042139686
0,043486876
0,04362253
0,043584353
0,043216762
0,043500892
0,04336649
0,043505664
0,043514369
0,042158844
0,043488503
0,043499452
0,043630706
0,04339746
0,043479552
0,04354317
0,043553776
0,043486355
0,042790682
0,043535298
0,043343286
0,043606937
0,043506754
0,043714387
0,043580003
0,043692277
0,043527158
0,043449289
0,04346333
0,043499768
0,043517898
0,043469616
0,04361935
0,043573345
0,043738659
0,043669275
0,04345043
0,043668127
0,043474162
0,043567766
0,043203399
0,043491781
0,043544438
0,043507835
0,04347217
0,04356635
0,043571459
0,043625277
0,043407381
0,043568315
0,043468237
0,043407773
0,043375875
0,043611539
0,042558843
0,043493453
0,043615761
0,043556788
0,04363016
0,043549405
0,043524227
0,043511333
0,043461058
0,042476075
0,043514936
0,043382029
0,043612853
0,043629688
0,043592753
0,043872281
0,043462715
0,043532696
0,042471738
0,043484328
0,043683705
0,043554445
0,043725698
0,043670799
0,043677749
0,043521877
0,043553866
0,042359404
0,043596652
0,043671939
0,043591918
0,043711739
0,043564718
0,043685403
0,043852912
0,043453621
0,042901656
0,043538823
0,043656309
0,043469903
0,043617732
0,043680941
0,043526583
0,043591942
0,04362868
0,04217441
0,043472322
0,043580538
0,043609421
0,043347249
0,043640376
0,043487565
0,043423999
0,043514727
0,043464141
0,043652763
0,043457952
0,043536146
0,043462684
0,043563638
0,043581379
0,043353734
0,043466804
0,043543328
0,043725554
0,043671821
0,043399341
0,043491218
0,043433853
0,043386621
0,043507045
0,043491964
0,043423869
0,043383613
0,043679925
0,043773593
0,043641661
0,043256555
0,043628531
0,043488854
0,043729822
0,0434424
0,043408847
0,043283193
0,043473074
0,043548428
0,043436981
0,043422622
0,043532091
0,043348223
0,043584985
0,043408852
0,043553139
0,043698526
0,04372739
0,043459813
0,043472234
0,043532556
0,043743865
0,043260677
0,043822897
0,043603837
0,043555451
0,043267393
0,043137158
0,043467857
0,043257023
0,043502632
0,043512268
0,043457613
0,043447011
0,04373813
0,043438397
0,043537604
0,043392667
0,043319086
0,043411357
0,043564801
0,043615587
0,043617136
0,043699384
0,043444347
0,04351173
0,043393932
0,043489535
0,043458801
0,04334882
0,043392942
0,043638585
0,043299828
0,043549422
0,043577533
0,043477352
0,04342871
0,043478081
0,043664902
0,043492444
0,043004986
0,043586134
0,043466059
0,043581535
0,043386635
0,043524698
0,04360089
0,043336992
0,043554818
0,0433727
0,043468685
0,043495313
0,043450945
0,042963595
0,043488584
0,043659425
0,043434583
0,043571452
0,043417232
0,043416002
0,043623731
0,043419895
0,043499873
0,043467449
0,043289254
0,043466073
0,043442983
0,043517325
0,043368575
0,043435051
0,043419987
0,043323076
0,043352554
0,043386879
0,043397438
0,043461927
0,043580279
0,043373576
0,043472955
0,043612113
0,043479996
0,043631407
0,043455746
0,043348062
0,043696817
0,043484127
0,043586471
0,043470254
0,043641315
0,043650367
0,043207087
0,043595981
0,043449821
0,043637736
0,043468865
0,04350213
0,043496875
0,043453435
0,043647161
0,04367702
0,043457622
0,044583639
0,043514343
0,043734955
0,043366714
0,043611847
0,043319172
0,043662648
0,04358983
0,043419077
0,044658153
0,043544752
0,043504055
0,043656538
0,043282943
0,043439128
0,043618351
0,043414022
0,043321903
0,044744858
0,043333108
0,043580507
0,043653983
0,04347534
0,043364677
0,043426554
0,043544719
0,043526575
0,044715189
0,043700935
0,043588117
0,043418465
0,043407375
0,043457736
0,043590587
0,043622467
0,043552463
0,044529043
0,043600833
0,043591541
0,043630005
0,043498725
0,043544402
0,043145849
0,04351189
0,043528844
0,044531318
0,043388815
0,043636599
0,043565617
0,043480411
0,043433504
0,043491574
0,043521123
0,043592973
0,044457347
0,043510071
0,043224189
0,043452296
0,04348415
0,043435241
0,043466742
0,043505168
0,043518009
0,0447559
0,04335901
0,043634491
0,043477608
0,043553913
0,043528514
0,043586631
0,043508696
0,043749874
0,044710703
0,043148434
0,043312228
0,043452595
0,043558621
0,04367302
0,043457222
0,043558797
0,043478924
0,045006891
0,04348566
0,043510328
0,043624944
0,043618247
0,04351232
0,043605015
0,043506218
0,043605506
0,044594522
0,043623709
0,043448038
0,04369804
0,043425671
0,043454122
0,043533463
0,04348018
0,043690341
0,044740516
0,043672134
0,043561181
0,043379379
0,043712803
0,043505605
0,043578074
0,043491213
0,043535617
0,045042417
0,043647543
0,04340886
0,04365521
0,043680971
0,043476472
0,043337817
0,043595499
0,043552307
0,044582726
0,043621181
0,043602552
0,043529788
0,043251095
0,043606435
0,043478824
0,043219191
0,043577742
0,044656644
0,043710105
0,043595357
0,043615113
0,043545093
0,04350173
0,043591801
0,043766056
0,043518616
0,044825862
0,043585754
0,043483824
0,043464615
0,043433393
0,043305384
0,043652709
0,043590334
0,043890254
0,044846668
0,043470361
0,043651091
0,043798991
0,043523855
0,043596944
0,04356256
0,043539835
0,043599704
0,045003612
0,043555029
0,043494841
0,043632307
0,043423177
0,043580602
0,0434501
0,043306336
0,043351824
0,043635214
0,04365562
0,043501804
0,043626679
0,043587311
0,043650804
0,043476411
0,043705943
0,043559664
0,043552788
0,04334481
0,04354678
0,043735036
0,043528241
0,043363522
0,043212654
0,043558653
0,043354393
0,043550984
0,043496499
0,043434862
0,043695766
0,043579052
0,043292965
0,043737931
0,043560305
0,043561948
0,043550986
0,043480361
0,043611384
0,043640853
0,043443121
0,0435155
0,043651278
0,043351836
0,043590345
0,043389814
0,043355666
0,043348598
0,043620231
0,04356759
0,043497173
0,043493476
0,043581921
0,043295366
0,043411644
0,043454375
0,043554119
0,043563214
0,043462823
0,04312711
0,043480652
0,04349544
0,043545294
0,043440911
0,043409899
0,043223264
0,043456289
0,043383775
0,043457152
0,043795353
0,043626476
0,043476845
0,043290335
0,043385157
0,0436725
0,04329386
0,043640208
0,043407306
0,043791656
0,043212435
0,043689628
0,043159786
0,043408676
0,043514399
0,043354551
0,043718258
0,043447514
0,043477998
0,043552293
0,043546232
0,043576741
0,043517807
0,043701631
0,043697957
0,043487745
0,043627957
0,04350785
0,043560315
0,043623095
0,04342511
0,043405948
0,043421999
0,043294497
0,043487485
0,043402161
0,043497322
0,043303517
0,043510732
0,043515884
0,043520271
0,043621327
0,043576269
0,043531274
0,043450961
0,043467399
0,043317371
0,043329867
0,043472639
0,043425606
0,043517066
0,043157104
0,043412151
0,043556066
0,043601993
0,043251165
0,043518774
0,043518185
0,043223687
0,043558976
0,043419921
0,043612422
0,043592867
0,043552502
0,043581002
0,043516539
0,043638862
0,043568966
0,043519019
0,043586653
0,043640385
0,043470084
0,043513834
0,043456676
0,043671024
0,043440972
0,043410649
0,043360202
0,043528454
0,043518834
0,043418075
0,04361733
0,043504439
0,043490342
0,043475327
0,043590773
0,043657045
0,043522556
0,043112105
0,043343145
0,043517048
0,043449431
0,043439866
0,043400827
0,043586903
0,043511069
0,043386676
0,043624022
0,043482715
0,043521824
0,043571854
0,04348424
0,043156958
0,043613148
0,043468232
0,043396607
0,043448161
0,043337691
0,043461545
0,043686153
0,043383992
0,043473109
0,043650172
0,043725108
0,043415029
0,043541831
0,043569302
0,043444603
0,043181855
0,043466092
0,043601259
0,043485088
0,043267234
0,043511285
0,043666446
0,043373725
0,043545018
0,043585334
0,043570374
0,043670963
0,043550601
0,043329781
0,043250492
0,043375472
0,043378789
0,043559883
0,043441195
0,043455034
0,043544789
0,042392536
0,043448294
0,043417842
0,043225656
0,043483261
0,04340461
0,043563827
0,043515879
0,043437901
0,042292903
0,043639244
0,043385665
0,043576586
0,043661185
0,04343521
0,043474262
0,043414583
0,043490164
0,042214888
0,04347525
0,043508254
0,043337522
0,043375432
