0,042130369
0,043242524
0,043012415
0,043510015
0,043534373
0,043259436
0,04207005
0,043468058
0,043519568
0,043371279
0,043495523
0,043491001
0,043644905
0,04359804
0,043465853
0,043546884
0,043497118
0,04366087
0,043530009
0,04357901
0,043593014
0,043224923
0,043548613
0,043512763
0,043381334
0,043626329
0,043493409
0,043707081
0,043524008
0,043529587
0,043592371
0,043538878
0,043622575
0,043420072
0,043490879
0,043736971
0,043393925
0,043591966
0,043406487
0,04362702
0,043331035
0,042149062
0,043400357
0,043574338
0,043668585
0,043368232
0,043372821
0,043376655
0,043621457
0,043561066
0,04353622
0,043386647
0,043384133
0,043400055
0,04345317
0,043630889
0,043372916
0,043412245
0,043584411
0,04350405
0,04357168
0,04344048
0,043500352
0,043576201
0,042326415
0,043209407
0,043381554
0,043417748
0,04327684
0,043616942
0,043475081
0,043512746
0,043467848
0,04339908
0,043520547
0,04340719
0,04340564
0,043440896
0,043528872
0,043522223
0,043518323
0,043618715
0,043542344
0,043461902
0,043469188
0,043576182
0,044787148
0,043534673
0,043481543
0,043581482
0,043486691
0,043353774
0,043581039
0,043266701
0,04339013
0,043414513
0,043384796
0,044791988
0,043456579
0,043428696
0,043612011
0,043224513
0,043414397
0,043383434
0,043319838
0,04342541
0,043555434
0,043450254
0,044364514
0,043415262
0,043293102
0,043281437
0,043507431
0,043350279
0,043320267
0,043415974
0,043440008
0,043461691
0,04332707
0,043321717
0,043534588
0,043389264
0,043296014
0,04345304
0,043462531
0,043500479
0,043295795
0,043216922
0,043420468
0,04336311
0,043729001
0,043478568
0,043546148
0,04347083
0,043644916
0,043422887
0,04353942
0,043395457
0,043570648
0,04339963
0,043643552
0,043421963
0,043495123
0,043487764
0,04344285
0,04365419
0,043512301
0,043614472
0,043561855
0,043711887
0,043223389
0,04332229
0,043410786
0,043580629
0,043236388
0,043454255
0,043598919
0,043537897
0,043355728
0,04346508
0,043464514
0,043380339
0,043201638
0,043617103
0,043568329
0,04334628
0,043500396
0,04328302
0,043329716
0,043397892
0,043481243
0,04319397
0,042347757
0,04336949
0,043411574
0,043574921
0,043662675
0,043388345
0,043380605
0,043582334
0,043532148
0,04339178
0,043473748
0,043388043
0,043407632
0,043619941
0,043387589
0,043425369
0,043442281
0,043402531
0,043470705
0,043284092
0,043471633
0,04352648
0,043588478
0,043398498
0,043285923
0,043312764
0,043440379
0,045124185
0,043458374
0,043449467
0,043576789
0,043468111
0,043656367
0,043667825
0,043771996
0,043434524
0,043346569
0,042080885
0,043610748
0,043421178
0,043306362
0,043481013
0,043551139
0,043537666
0,043326079
0,043560579
0,043722088
0,043357128
0,043352969
0,0437208
0,042596675
0,043457832
0,043411051
0,043729193
0,043537161
0,043486615
0,043179847
0,04351687
0,043372291
0,043449842
0,04356291
0,043329829
0,043347601
0,043308971
0,043492388
0,043123277
0,043560036
0,043496991
0,043607955
0,043576977
0,043399554
0,043552698
0,04355384
0,04337849
0,043457383
0,04353483
0,043430152
0,043428674
0,043215957
0,043370083
0,043324354
0,043486661
0,043651314
0,043490071
0,043270478
0,043544984
0,043160289
0,043379039
0,043424693
0,043336429
0,043534619
0,043491411
0,043555887
0,043360572
0,043298455
0,043388635
0,043460882
0,043219164
0,04329817
0,043378196
0,043506244
0,043277636
0,043575033
0,04314125
0,043514627
0,043585447
0,043427662
0,043503704
0,043532705
0,043586581
0,043445525
0,043401766
0,043634926
0,042387773
0,043175032
0,043381252
0,043384699
0,043540339
0,043265666
0,043562161
0,043442943
0,043501228
0,043530604
0,043481723
0,043573738
0,043491611
0,043691278
0,043575565
0,043595997
0,043379076
0,043451255
0,043547676
0,043580439
0,043601407
0,043305167
0,043447525
0,043477089
0,043383594
0,043318811
0,043389879
0,043358198
0,043272935
0,043583877
0,043516736
0,044734315
0,043577108
0,041660917
0,043512023
0,043301576
0,043725133
0,043674158
0,043466261
0,043559034
0,043472648
0,04339083
0,043394456
0,043468988
0,043194441
0,043641689
0,043665108
0,043358159
0,043425934
0,043352506
0,043814265
0,043538922
0,043473697
0,043665747
0,043382121
0,043517342
0,043430583
0,043636127
0,0433615
0,043627702
0,043523107
0,043494686
0,043442911
0,043602039
0,043297089
0,043366941
0,043715763
0,043333234
0,043411378
0,0435389
0,043534252
0,043559292
0,043611753
0,043402862
0,043416359
0,043391416
0,043417039
0,043671419
0,043356126
0,043411241
0,043419378
0,043585152
0,043597884
0,043502431
0,043526916
0,043354048
0,043434801
0,043457736
0,043449458
0,04189985
0,043511722
0,043221651
0,043375307
0,043340289
0,043287182
0,043442984
0,043514503
0,043393132
0,043511526
0,043482074
0,04334946
0,04348853
0,043537957
0,043598129
0,043365067
0,042860293
0,043228877
0,043328576
0,04368869
0,043279637
0,043370123
0,043592889
0,043461241
0,043390174
0,043604816
0,04332218
0,043426474
0,043538451
0,043266528
0,043449294
0,043388625
0,04330728
0,043674459
0,043488437
0,04348397
0,043508919
0,043186524
0,043437153
0,043351166
0,04344285
0,043421289
0,043389009
0,043525536
0,043459529
0,043459326
0,043331678
0,043568587
0,043765727
0,043434245
0,043619606
0,043388779
0,043316842
0,043450532
0,043336387
0,043590279
0,043074254
0,043481778
0,043139257
0,043167556
0,043330721
0,043301283
0,043131315
0,043603064
0,043423537
0,043297208
0,043500413
0,043097079
0,04343665
0,043582896
0,043187476
0,043629979
0,043380472
0,043278341
0,043584028
0,043381444
0,043424342
0,043421643
0,043609996
0,042495771
0,043546423
0,043625775
0,043760111
0,043379406
0,043413634
0,043636779
0,043427101
0,043487529
0,042648662
0,043384949
0,04311826
0,043417173
0,043459088
0,04339038
0,043386148
0,04363753
0,045695215
0,043504853
0,04347721
0,043591191
0,043859362
0,043359595
0,043112838
0,043503822
0,043609294
0,043632444
0,043248373
0,043348117
0,043369397
0,043428149
0,043448504
0,043932239
0,043493815
0,043640151
0,043289968
0,043551785
0,043424696
0,043460115
0,043762327
0,043501074
0,043325206
0,043222807
0,043534416
0,043517585
0,04355629
0,043218263
0,043659078
0,043396667
0,043346196
0,04468385
0,043278214
0,043406283
0,043361729
0,043727006
0,043454175
0,043439376
0,043540591
0,043566087
0,044231479
0,043460999
0,043158673
0,043539545
0,04364412
0,043399238
0,043359445
0,043299309
0,04339739
0,044405115
0,043503762
0,043519198
0,043434713
0,043618001
0,04361821
0,043557695
0,043424164
0,043436181
0,044733583
0,04331342
0,043518462
0,043431661
0,043351303
0,043479845
0,043293295
0,043423924
0,043470036
0,044516951
0,043328691
0,043244833
0,04335079
0,043528855
0,043252144
0,043558023
0,043400057
0,043324801
0,044644482
0,043237296
0,043355414
0,043559281
0,043276541
0,043339107
0,043436063
0,043287928
0,043448425
0,044705821
0,043453444
0,043568659
0,043418044
0,043576274
0,043429935
0,043522067
0,043617025
0,043502989
0,044677358
0,043691441
0,043475801
0,043322634
0,043566889
0,043502977
0,043551488
0,043729782
0,043626314
0,044642337
0,043527378
0,043587377
0,043639942
0,043684023
0,043697682
0,043442213
0,043519395
0,043324658
0,044313324
0,043495798
0,043340176
0,043428419
0,043489303
0,043418205
0,04360608
0,043493253
0,043564094
0,044489541
0,043476013
0,043461026
0,043602501
0,043615794
0,043589348
0,043567943
0,043581659
0,043687973
0,044940395
0,043585039
0,043510459
0,043371355
0,043504732
0,043550542
0,043389569
0,043414623
0,043468567
0,044770458
0,043332693
0,043480894
0,04350462
0,043585187
0,04357919
0,043501866
0,043775934
0,043482542
0,044494413
0,043673835
0,043512022
0,043473862
0,043194972
0,043764671
0,043500501
0,043413985
0,043677266
0,044782464
0,043530756
0,043466039
0,043511982
0,043371137
0,043595325
0,043261499
0,043620308
0,043602771
0,044930806
0,0434305
0,043453062
0,043538788
0,043693353
0,043361374
0,043620581
0,043656764
0,043469434
0,044595162
0,043573743
0,043572101
0,043348457
0,043388951
0,043662169
0,043513863
0,043421745
0,043600974
0,044641386
0,043401309
0,043170521
0,043418844
0,043358156
0,043419247
0,043341868
0,043486395
0,043528176
0,04346738
0,043533403
0,043447472
0,043421453
0,043295297
0,043425673
0,04353344
0,043564648
0,043370429
0,043694292
0,043220503
0,043455802
0,043811202
0,043346433
0,0436984
0,04355057
0,04340152
0,043503076
0,043499119
0,043417676
0,043452029
0,043171694
0,043753677
0,043279821
0,043466874
0,04345462
0,043478591
0,043278022
0,043506397
0,043449335
0,043469309
0,043837308
0,043503529
0,043414191
0,043621766
0,043431783
0,043463457
0,043540655
0,043318065
0,043643013
0,043525467
0,043644211
0,043639119
0,043505826
0,043438238
0,043638104
0,043667371
0,043401947
0,043459024
0,043363303
0,044509114
0,043552245
0,043574831
0,043511969
0,04323202
0,043698356
0,043444657
0,043561448
0,044369553
0,043353933
0,043419481
0,043414322
0,043517996
0,043618892
0,043584068
0,043612181
0,044408263
0,043342409
0,043687318
0,043284436
0,043212313
0,043469449
0,043485686
0,043489944
0,043756481
0,043503789
0,043079714
0,043546874
0,043536257
0,043381403
0,043533702
0,043537514
0,043779679
0,043649185
0,043592066
0,043230073
0,043414439
0,04361112
0,043396995
0,043594809
0,043474963
0,043325362
0,043632289
0,043542215
0,043612509
0,043417457
0,043549023
0,043390227
0,043360432
0,043543855
0,043226749
0,043478257
0,043574304
0,043529135
0,043433423
0,043277372
0,043554284
0,043423909
0,043549485
0,043316533
0,043411505
0,043343587
0,043703285
0,043518722
0,043474605
0,043582816
0,043544395
0,043304103
0,043462727
0,043603582
0,043384898
0,043447758
0,043662393
0,04374399
0,043355975
0,043513858
0,043386843
0,043446452
0,043609164
0,043458912
0,043581631
0,043455603
0,043423787
0,043679731
0,043324834
0,043311069
0,043658646
0,043496841
0,043382007
0,043488818
0,043225754
0,043495785
0,043319983
0,043424101
0,043362984
0,043449539
0,04340331
0,043444752
0,043298834
0,043482394
0,043510534
0,043419211
0,0434257
0,043451541
0,043476565
0,043732903
0,043208427
0,043284601
0,04331723
0,043081906
0,043300896
0,043613705
0,043343857
0,043686654
0,043500529
0,043175161
0,043612734
0,043308344
0,043600909
0,043500593
0,043525105
0,043786005
0,043593898
0,043366166
0,043388684
0,04345893
0,043492374
0,043418542
0,043514039
0,043535849
0,043304796
0,043584168
0,043613447
0,043552412
0,043600746
0,043521356
0,043299407
0,043552631
0,043419613
0,043477866
0,043372446
0,043594885
0,043718538
0,043468503
0,043402848
0,0435615
0,043363618
0,043334577
0,043351379
0,043502378
0,043382434
0,043368335
0,043413153
0,043544072
0,043401213
0,043462233
0,043418956
0,043499465
0,043656621
0,043289985
0,043599176
0,043709317
0,043441467
0,043515079
0,043408743
0,04352147
0,043744237
0,0437993
0,043298248
0,043708893
0,043576224
0,04341857
0,043277718
0,043384604
0,043338347
0,043359896
0,043523418
0,043489659
0,043517308
0,043262584
0,043483562
0,043421364
0,043380147
0,043297889
0,043383618
0,042473679
0,043516208
0,043325033
0,043475307
0,043408351
0,043413536
0,043519233
0,043707526
0,043395321
0,043493901
0,043715735
0,043316707
0,043456628
0,043404519
0,043485487
0,043547695
0,043613273
0,043495393
0,043370372
0,043567817
0,043491828
0,043611727
0,043761024
0,043833912
0,043604587
0,043449684
0,043645584
0,043227119
0,043672864
0,043572885
0,043605094
0,043286643
0,043525908
0,042267505
0,04333952
0,04336709
0,043611567
0,043522338
0,043529315
0,043465744
0,043514652
0,043589442
0,043525873
0,043549715
0,043522787
0,043368019
0,043313779
0,043578003
0,043501116
0,043536276
0,043249266
0,043503324
0,043724632
0,043402884
0,043438542
0,043382836
0,043636135
0,043755375
0,043244154
0,043454028
0,043678993
0,04369168
0,043471563
0,043617872
0,043532528
0,043549939
0,043389291
0,043326116
0,043524813
0,043580567
0,043293561
0,043539831
0,042426184
0,043396911
0,043504204
0,043421773
0,043583874
0,043705735
0,043436449
0,043493217
0,043539853
0,042220549
0,043666014
0,043419698
0,043740285
0,043329406
0,043597811
0,043326911
0,043266145
0,043522416
0,042407071
0,043355669
0,043498517
0,043379392
0,043558531
0,043427214
0,043844232
0,043513883
0,043349882
0,042349212
0,043376875
0,043398675
0,043320043
0,04333464
0,043285201
0,043470162
0,04337034
0,043804527
0,042213399
0,043365953
0,043873324
0,043340555
0,043264628
0,043606106
0,043544296
0,043354063
0,043477065
0,042310938
0,043403851
0,0433481
0,043493994
0,043429138
0,043418811
0,04343154
0,043537988
0,043612629
0,042139674
0,043113102
0,043291493
0,043449563
0,043553834
0,043511952
0,043359206
0,043451299
0,043518809
0,042133189
0,043405823
0,04352611
0,04341584
0,043547554
0,043676551
0,043591237
0,043210049
0,043491775
0,042324767
0,043505838
0,043548902
0,043473575
0,043291127
0,043565415
0,043528944
0,04348902
0,043455479
0,043381358
0,043598116
0,043460872
0,043497993
0,043414803
0,043627018
0,043532513
0,043737148
0,043561679
0,043567925
0,04326739
0,044600014
0,043346963
0,043395892
0,044044504
0,043522626
0,043425996
0,043366063
0,043360427
0,043450886
0,043481746
0,04341099
0,043404105
0,043377757
0,043489794
0,043318398
0,043395294
0,043393286
0,043528202
0,043244753
0,043869357
0,043563236
0,043615229
0,043547852
0,04342142
0,043547419
0,043424502
0,043403811
0,043535549
0,043272126
0,043331608
0,04338389
0,043361951
0,043363725
0,04367322
0,04334554
0,043426177
0,043396045
0,043519163
0,043529139
0,043612845
0,043515989
0,043306904
0,043637807
0,043428045
0,043378092
0,043367896
0,043392965
0,043611816
0,043357818
0,043421499
0,043275684
0,0436222
0,043536109
0,043264514
0,043517701
0,043275208
0,043344356
0,043585441
0,043477032
0,043375292
0,04340169
0,043501594
0,043171992
0,043546582
0,04369165
0,043566042
0,043604064
0,043476881
0,043417801
0,043548102
0,043571358
0,043662551
0,043610557
0,043329821
0,043619504
0,043588309
0,0435861
0,043492299
0,043608432
0,04335225
0,043409418
0,043505274
0,04349786
0,043376196
0,043288378
0,043307189
0,043387428
0,043323189
0,043424458
0,043424652
0,043495144
0,043403844
0,043316287
0,043372201
0,043476103
0,043499655
0,0434069
0,043394024
0,043419934
0,043416346
0,043544474
0,043631443
0,043594653
0,043414577
0,043426306
0,043539628
0,043536776
0,043589395
0,043481934
0,043264336
0,0435699
0,043127534
0,043505997
0,043544217
0,043376559
0,043591789
0,043472637
0,043468437
0,043223446
0,043456359
0,043603225
0,043341873
0,043415463
0,043550396
0,043695325
0,043408968
0,043588563
0,043524192
0,043475848
0,043822602
0,043387854
0,043392133
0,043619162
0,04328515
0,043298488
0,043667451
0,043328835
0,043519605
0,043626396
0,043377067
0,043589849
0,043613418
0,043703654
0,043446363
0,043787966
0,043813441
0,043629116
0,043188205
0,04350877
0,043374032
0,043593914
0,043510947
0,043433378
0,043386197
0,043625343
0,043365384
0,043462781
0,043330683
0,043543113
0,043736356
0,043327301
0,04337976
0,043443819
0,043748354
0,043580735
0,043391758
0,043357085
0,043450832
0,04322627
0,043517104
0,04351241
0,043407448
0,043597418
0,043358746
0,043504378
0,04374263
0,043398812
0,043631412
0,043630998
0,043515476
0,04358316
0,043455956
0,043563051
0,043704709
0,043350133
0,04348622
0,04354486
0,043607529
0,043352232
0,043465055
0,04365597
0,043583887
0,043345268
0,043230553
0,043490608
0,043514828
0,043303352
0,04349435
0,043324909
0,043488891
0,04342061
0,043584336
0,04339699
0,043459608
0,043447309
0,043366152
0,04323319
0,043541094
0,04352607
0,043595269
0,043587765
0,043260674
0,043552405
0,043517334
0,043535803
0,0434643
0,043491577
0,043641822
0,043414971
0,043595786
0,043227491
0,043347978
0,043458235
0,044970754
0,043242551
0,043759764
0,043309717
0,043607961
0,04372551
0,043486953
0,043395892
0,043365184
0,044692415
0,043424739
0,043430376
0,043385089
0,043532067
0,043426116
0,043392031
0,04317529
0,043498677
0,044866903
0,043388391
0,043515987
0,044141678
0,04343986
0,043536
0,043519951
0,043527961
0,043475676
0,044895521
0,043578309
0,043370436
0,043685935
0,043572167
0,043369215
0,043567744
0,043593708
0,043486017
0,04479525
0,043133653
0,043482349
0,043483804
0,043653978
0,043230533
0,043594315
0,043451092
0,043624818
0,044741012
0,04335669
0,043614799
0,043668866
0,043301285
0,043508748
0,043563238
0,043165397
0,043484717
0,044576009
0,043249634
0,043417587
0,04333663
0,043423517
0,043596243
0,043441052
0,043455227
0,04339775
0,044681543
0,043321705
0,04340536
0,04346706
0,043496096
0,043464176
0,043203986
0,043469189
0,043560447
0,044422982
0,04347733
0,043286074
0,043461734
0,04332426
0,04345068
0,043812786
0,043598232
0,04334171
0,044684996
0,043376324
0,043354188
0,043476979
0,043600009
0,043561607
0,043543353
0,043646856
0,043481439
0,044823988
0,043472285
0,043376409
0,043468099
0,043543344
0,043622892
0,043305334
0,043351857
0,043404685
0,044986928
0,043599751
0,043423044
0,043416791
0,043550803
0,043258984
0,043563243
0,043488042
0,043392026
0,044494932
0,04340806
0,043597482
0,043518697
0,043456021
0,043396194
0,043617535
0,043220305
0,043566303
0,044427042
0,043566207
0,043447049
0,043362204
0,043509973
0,043501309
0,043224182
0,043221449
0,043668185
0,043362242
0,043488924
0,043481651
0,043506607
0,043412721
0,043473109
0,043498068
0,043522137
0,043611302
0,043358729
0,04348483
0,043505093
0,043687416
0,04323719
0,043549722
0,04344176
0,043503473
0,043548369
0,043485441
0,043577407
0,043376618
0,043379747
0,043485509
0,043428709
0,043353884
0,043341394
0,043487999
0,043541465
0,043413269
0,043561593
0,043204111
0,043585698
0,043561179
0,043589193
0,043794857
0,04330343
0,043426485
0,043390779
0,043351642
0,043469114
0,043433651
0,043635212
0,043310717
0,043649578
0,043424623
0,043428006
0,043545011
0,043523687
0,043424457
0,043673597
0,043473834
0,043394841
0,043538747
0,043439511
0,04358001
0,043609095
0,043630271
0,043392275
0,043503174
0,043349204
0,043734723
0,043317397
0,043645623
0,043590173
0,043479146
0,043537204
0,043291508
0,043427861
0,043803077
0,043549822
0,043522979
0,043466004
0,043697775
0,04341303
0,043496211
0,043689945
0,043516229
0,043636093
0,043406336
0,043514848
0,043415758
0,043528377
0,043315578
0,043581232
0,043487276
0,043438288
0,043540482
