1,70822E-4
1,69815E-4
3,88886E-4
1,66205E-4
1,67244E-4
1,72035E-4
1,78076E-4
1,70904E-4
1,71431E-4
1,73772E-4
1,7083E-4
1,68574E-4
1,65472E-4
1,69312E-4
1,70643E-4
1,69528E-4
1,72319E-4
1,67001E-4
1,72416E-4
1,69462E-4
1,69851E-4
1,68986E-4
1,66028E-4
1,67846E-4
1,7116E-4
1,93499E-4
1,69357E-4
1,65704E-4
1,67296E-4
1,64773E-4
1,67658E-4
1,69644E-4
1,7038E-4
1,76104E-4
1,68834E-4
1,75002E-4
1,69395E-4
1,74188E-4
1,75442E-4
1,76073E-4
1,72622E-4
1,82969E-4
1,75019E-4
1,78164E-4
1,74464E-4
1,76414E-4
1,76004E-4
1,73901E-4
1,74281E-4
1,68556E-4
1,7085E-4
1,67642E-4
1,68169E-4
1,85053E-4
1,79644E-4
1,74775E-4
1,79067E-4
1,73279E-4
1,73137E-4
1,7976E-4
1,77665E-4
1,73253E-4
1,82987E-4
1,69076E-4
1,72364E-4
1,72391E-4
1,70054E-4
1,68952E-4
1,82415E-4
1,7206E-4
1,72512E-4
1,7954E-4
1,69091E-4
1,69021E-4
1,85858E-4
1,66775E-4
1,75034E-4
1,8327E-4
1,72856E-4
1,70916E-4
1,74727E-4
1,72173E-4
1,70999E-4
1,69913E-4
1,71987E-4
1,72176E-4
1,68515E-4
1,71578E-4
1,70177E-4
1,73353E-4
1,71405E-4
1,71454E-4
1,66623E-4
1,74087E-4
1,71935E-4
1,69639E-4
1,76566E-4
1,94878E-4
1,73291E-4
1,93334E-4
1,85941E-4
1,69786E-4
1,72252E-4
1,71083E-4
1,74673E-4
1,74923E-4
1,74823E-4
1,73811E-4
1,74588E-4
2,02692E-4
1,73085E-4
1,72022E-4
1,73867E-4
1,69931E-4
1,81692E-4
1,83697E-4
1,71287E-4
1,71732E-4
1,84074E-4
1,71901E-4
1,78767E-4
1,75407E-4
1,73917E-4
1,70876E-4
2,11791E-4
1,71429E-4
1,83749E-4
1,78561E-4
1,66003E-4
1,72205E-4
1,74343E-4
1,69514E-4
1,75561E-4
1,97336E-4
1,7183E-4
1,93619E-4
1,86568E-4
1,71229E-4
1,81235E-4
1,75257E-4
1,76756E-4
1,70429E-4
1,67998E-4
1,66682E-4
1,70452E-4
1,73481E-4
1,70145E-4
1,7084E-4
1,86198E-4
1,70896E-4
1,71411E-4
1,74375E-4
1,74582E-4
1,7203E-4
1,978E-4
1,7111E-4
1,76315E-4
1,74559E-4
1,73496E-4
1,75488E-4
1,76104E-4
1,75616E-4
1,87561E-4
1,74361E-4
1,72724E-4
1,73634E-4
1,7103E-4
1,71154E-4
1,76689E-4
1,69354E-4
1,68208E-4
1,68703E-4
1,74507E-4
1,7507E-4
1,96586E-4
2,10026E-4
1,70564E-4
1,75261E-4
1,88182E-4
1,68448E-4
1,69785E-4
1,80907E-4
1,68419E-4
1,71129E-4
1,70097E-4
1,74992E-4
1,83088E-4
1,70911E-4
1,70088E-4
1,72748E-4
1,69973E-4
1,8295E-4
1,67832E-4
1,69931E-4
1,72847E-4
1,6723E-4
1,6768E-4
1,70435E-4
1,68946E-4
1,74678E-4
1,68403E-4
1,71247E-4
1,68436E-4
1,70028E-4
1,72087E-4
1,739E-4
1,71283E-4
1,75331E-4
1,73889E-4
1,74576E-4
1,76694E-4
1,71942E-4
1,72456E-4
1,77522E-4
1,73816E-4
1,72676E-4
1,71393E-4
1,72163E-4
1,6799E-4
1,72092E-4
1,84625E-4
1,69208E-4
1,82362E-4
1,72658E-4
1,70509E-4
1,74038E-4
1,69718E-4
1,72662E-4
1,68601E-4
1,76354E-4
1,70077E-4
1,91771E-4
1,84757E-4
1,79984E-4
1,69914E-4
1,72543E-4
1,67325E-4
1,80916E-4
1,76534E-4
1,84565E-4
1,83522E-4
0,001359275
1,67772E-4
1,70606E-4
1,72962E-4
1,67573E-4
1,77168E-4
1,70103E-4
1,70865E-4
1,70767E-4
1,75709E-4
1,73653E-4
1,66485E-4
1,69014E-4
1,81754E-4
1,70368E-4
1,97969E-4
1,73699E-4
1,67354E-4
1,68603E-4
1,76023E-4
1,70468E-4
1,74313E-4
1,7654E-4
1,77364E-4
1,86348E-4
1,8E-4
1,95486E-4
1,66875E-4
0,001290878
1,72207E-4
1,82084E-4
1,68024E-4
1,6828E-4
1,72527E-4
1,7036E-4
1,64914E-4
1,6938E-4
1,64467E-4
1,73371E-4
1,69899E-4
1,80595E-4
1,84253E-4
1,72532E-4
1,72242E-4
1,73665E-4
1,70836E-4
1,71797E-4
1,83129E-4
1,68092E-4
2,0066E-4
1,67859E-4
1,71734E-4
1,6904E-4
1,7364E-4
1,67858E-4
1,68853E-4
1,69102E-4
1,69413E-4
1,69461E-4
1,71053E-4
1,83691E-4
1,71411E-4
1,6962E-4
1,70861E-4
1,71855E-4
1,71113E-4
1,8306E-4
1,83094E-4
1,8966E-4
1,72132E-4
1,72803E-4
1,69063E-4
1,85829E-4
1,69607E-4
1,99643E-4
1,86517E-4
1,7516E-4
1,82582E-4
1,6833E-4
1,82998E-4
1,83593E-4
1,74403E-4
1,74534E-4
1,6712E-4
1,69021E-4
1,73489E-4
1,70498E-4
1,72964E-4
1,70886E-4
1,69899E-4
1,72796E-4
1,76265E-4
1,84144E-4
1,70033E-4
1,713E-4
1,71001E-4
1,72962E-4
1,71521E-4
1,83582E-4
1,69695E-4
1,8672E-4
1,74256E-4
1,69208E-4
1,72643E-4
1,70292E-4
1,74235E-4
1,83012E-4
1,71136E-4
1,8088E-4
1,92149E-4
1,70252E-4
1,66618E-4
1,82617E-4
1,69336E-4
1,83965E-4
1,7189E-4
1,94785E-4
1,70298E-4
1,69606E-4
1,76207E-4
1,76567E-4
1,73154E-4
1,8308E-4
1,7715E-4
1,84746E-4
1,76209E-4
1,76372E-4
1,77597E-4
1,74079E-4
1,83508E-4
1,77497E-4
1,85464E-4
1,84038E-4
1,68775E-4
1,74968E-4
1,85802E-4
1,84884E-4
1,72946E-4
1,78231E-4
1,7176E-4
1,69969E-4
1,83143E-4
1,71853E-4
1,70894E-4
1,83076E-4
1,7391E-4
1,68599E-4
1,69429E-4
1,73109E-4
1,75326E-4
1,73191E-4
1,7191E-4
1,72246E-4
1,70499E-4
1,69688E-4
1,70631E-4
1,81881E-4
1,70121E-4
1,72904E-4
1,71506E-4
1,72986E-4
1,69994E-4
1,87213E-4
1,70582E-4
1,72854E-4
1,71643E-4
1,70699E-4
1,84461E-4
1,70087E-4
1,69289E-4
1,84275E-4
1,99945E-4
1,72435E-4
1,70491E-4
1,98178E-4
1,82565E-4
1,75247E-4
1,7087E-4
1,72266E-4
1,74395E-4
1,75307E-4
1,70495E-4
1,85771E-4
1,78871E-4
1,94233E-4
1,67117E-4
1,81466E-4
1,67794E-4
1,86945E-4
1,99935E-4
1,9226E-4
1,70121E-4
1,84414E-4
1,84617E-4
1,93326E-4
1,80935E-4
1,67021E-4
1,703E-4
1,72432E-4
1,70107E-4
1,72791E-4
1,81069E-4
1,68029E-4
1,94476E-4
1,7091E-4
1,72236E-4
1,88028E-4
1,72031E-4
1,84516E-4
1,72435E-4
1,66868E-4
1,71395E-4
1,53745E-4
1,6949E-4
1,67862E-4
1,83102E-4
1,74083E-4
1,81659E-4
1,66935E-4
1,72724E-4
1,89924E-4
1,71626E-4
1,81513E-4
1,83888E-4
1,88431E-4
1,72276E-4
1,82205E-4
1,72476E-4
1,73416E-4
1,75385E-4
1,87529E-4
1,70703E-4
1,74731E-4
1,72213E-4
1,97887E-4
1,9063E-4
1,71275E-4
1,70292E-4
1,74812E-4
1,95248E-4
1,68242E-4
1,7154E-4
1,71601E-4
1,67524E-4
1,6825E-4
1,70745E-4
1,69869E-4
1,71393E-4
1,70516E-4
1,83575E-4
1,71428E-4
1,70331E-4
1,74098E-4
1,72987E-4
1,70077E-4
1,85262E-4
1,71482E-4
1,71687E-4
1,69625E-4
1,66938E-4
1,96137E-4
1,9538E-4
1,7063E-4
1,6902E-4
1,73946E-4
1,95737E-4
1,70137E-4
1,8152E-4
1,71897E-4
1,98645E-4
1,70993E-4
1,66729E-4
1,7831E-4
1,72697E-4
1,83792E-4
1,70431E-4
1,93589E-4
1,87401E-4
1,74443E-4
1,83249E-4
1,73675E-4
1,741E-4
1,72802E-4
1,82799E-4
1,74395E-4
1,70908E-4
1,70093E-4
1,69357E-4
1,69649E-4
1,66735E-4
2,09473E-4
1,70641E-4
1,86193E-4
1,81417E-4
1,73461E-4
1,7705E-4
1,84046E-4
2,10616E-4
1,76222E-4
1,85909E-4
1,71056E-4
1,73284E-4
1,93622E-4
1,7763E-4
1,69446E-4
1,92422E-4
1,7068E-4
1,69036E-4
1,66715E-4
1,81721E-4
1,68547E-4
1,64588E-4
1,81338E-4
1,66382E-4
1,75269E-4
1,7136E-4
1,68727E-4
1,6831E-4
1,72946E-4
1,74686E-4
1,69901E-4
1,76646E-4
1,72885E-4
1,67073E-4
1,70531E-4
1,70193E-4
1,70515E-4
1,72282E-4
1,70232E-4
1,71048E-4
1,76745E-4
1,73377E-4
1,7743E-4
1,74871E-4
1,76232E-4
1,72073E-4
1,6743E-4
1,73936E-4
1,66418E-4
1,7453E-4
1,7103E-4
1,72838E-4
2,01078E-4
1,72914E-4
1,73224E-4
1,70916E-4
1,67837E-4
1,68742E-4
1,65987E-4
1,71329E-4
1,696E-4
1,70073E-4
1,71143E-4
1,74702E-4
1,7148E-4
1,74494E-4
1,7317E-4
1,70501E-4
1,71956E-4
1,77677E-4
1,69568E-4
1,72619E-4
1,70202E-4
1,68967E-4
1,69831E-4
1,74369E-4
1,91217E-4
1,82772E-4
1,71593E-4
1,85219E-4
1,674E-4
1,7013E-4
1,81832E-4
1,67648E-4
1,85923E-4
1,69903E-4
1,71657E-4
1,71893E-4
1,73775E-4
1,56492E-4
1,81063E-4
1,87461E-4
1,86398E-4
1,82849E-4
1,83476E-4
1,71071E-4
1,75731E-4
1,75342E-4
1,70566E-4
1,69691E-4
1,717E-4
1,9673E-4
1,95916E-4
1,7021E-4
1,7284E-4
1,95826E-4
1,73116E-4
1,73297E-4
1,83669E-4
1,69852E-4
1,70766E-4
1,73895E-4
1,90313E-4
1,71801E-4
1,7305E-4
2,09225E-4
1,85699E-4
1,72175E-4
1,68423E-4
1,70965E-4
1,70228E-4
1,67728E-4
2,13009E-4
1,71463E-4
1,72217E-4
1,68223E-4
1,72302E-4
1,71517E-4
1,68572E-4
1,52584E-4
1,72591E-4
1,82041E-4
1,69863E-4
1,84228E-4
1,66898E-4
1,70113E-4
1,55759E-4
1,71333E-4
2,16306E-4
1,99415E-4
1,947E-4
1,68671E-4
1,85589E-4
1,98458E-4
1,68493E-4
1,95162E-4
1,85564E-4
1,71977E-4
1,94949E-4
1,7095E-4
1,87122E-4
2,02371E-4
1,8356E-4
2,17242E-4
1,98678E-4
1,71433E-4
1,92347E-4
1,69938E-4
1,84428E-4
1,71393E-4
1,85063E-4
1,94748E-4
1,71097E-4
1,82217E-4
2,33249E-4
1,69772E-4
1,83541E-4
1,98861E-4
1,69122E-4
1,91852E-4
1,68655E-4
1,74469E-4
1,90074E-4
1,74148E-4
1,82426E-4
1,90774E-4
1,71797E-4
1,86033E-4
1,70335E-4
1,69372E-4
1,70276E-4
1,70441E-4
1,70248E-4
1,68536E-4
1,69116E-4
1,83409E-4
1,93983E-4
1,67269E-4
1,8332E-4
1,71492E-4
1,86529E-4
1,83051E-4
1,92516E-4
1,68245E-4
1,71993E-4
1,74463E-4
1,76432E-4
1,97517E-4
1,72718E-4
1,72519E-4
1,75982E-4
1,71796E-4
1,7891E-4
1,70275E-4
1,73286E-4
1,84131E-4
1,91609E-4
1,71961E-4
1,82341E-4
1,70911E-4
1,94494E-4
1,79869E-4
2,0015E-4
1,98618E-4
1,74258E-4
1,70932E-4
1,9448E-4
1,69848E-4
1,81021E-4
1,75397E-4
1,68268E-4
1,67114E-4
1,86387E-4
1,92811E-4
1,93577E-4
1,71169E-4
1,70713E-4
1,82505E-4
1,69855E-4
1,97482E-4
1,71559E-4
1,95267E-4
1,71915E-4
1,70917E-4
2,08594E-4
1,70506E-4
2,11169E-4
1,70846E-4
1,72423E-4
2,07944E-4
1,73663E-4
1,68736E-4
1,96565E-4
1,71236E-4
1,93596E-4
1,86306E-4
1,83594E-4
1,72813E-4
1,87858E-4
1,80576E-4
1,76663E-4
1,88308E-4
1,74444E-4
1,76663E-4
1,88157E-4
1,73374E-4
1,82641E-4
1,75148E-4
1,68947E-4
1,86102E-4
1,70924E-4
1,72451E-4
1,67041E-4
1,72105E-4
1,71037E-4
1,6859E-4
1,68464E-4
1,87947E-4
1,83763E-4
1,70841E-4
1,7228E-4
1,89516E-4
1,87346E-4
1,71567E-4
1,68471E-4
1,93268E-4
1,71378E-4
1,69254E-4
2,01434E-4
1,71828E-4
1,73319E-4
1,68845E-4
1,80843E-4
2,01452E-4
2,14467E-4
1,71637E-4
1,84977E-4
1,93395E-4
1,82869E-4
1,72639E-4
1,72713E-4
1,72745E-4
1,99881E-4
1,96573E-4
1,99768E-4
1,88147E-4
1,84128E-4
1,70557E-4
1,71452E-4
1,86937E-4
1,73003E-4
1,82391E-4
1,76738E-4
1,82525E-4
1,76477E-4
1,6763E-4
1,74986E-4
1,84661E-4
1,7066E-4
1,73257E-4
1,94272E-4
1,95573E-4
1,88993E-4
1,7745E-4
2,00345E-4
1,72909E-4
1,82612E-4
1,78543E-4
1,72984E-4
2,17505E-4
2,13126E-4
1,71983E-4
1,7033E-4
1,70185E-4
1,7266E-4
1,69644E-4
1,72987E-4
1,81403E-4
1,70108E-4
1,7018E-4
1,71618E-4
1,93236E-4
1,82442E-4
1,72836E-4
1,71112E-4
1,69284E-4
1,96318E-4
1,84005E-4
1,71621E-4
1,73883E-4
1,74801E-4
1,85619E-4
1,72258E-4
1,71827E-4
1,72408E-4
1,77775E-4
1,68946E-4
1,82041E-4
1,56174E-4
1,82487E-4
1,57786E-4
1,89911E-4
1,99406E-4
1,98459E-4
1,75421E-4
1,95146E-4
1,90813E-4
1,78191E-4
1,72806E-4
1,88841E-4
1,86296E-4
1,86056E-4
1,95761E-4
1,75946E-4
1,72369E-4
1,94518E-4
2,0406E-4
1,70686E-4
1,70994E-4
1,70234E-4
1,69267E-4
1,98614E-4
1,67812E-4
1,80214E-4
1,74122E-4
1,7135E-4
1,87655E-4
1,69463E-4
1,72519E-4
1,72776E-4
1,74399E-4
1,73728E-4
1,7339E-4
1,70337E-4
1,7279E-4
1,73637E-4
1,75409E-4
1,74472E-4
1,67397E-4
1,70628E-4
1,68441E-4
1,67845E-4
1,74003E-4
1,78141E-4
1,69846E-4
1,67191E-4
1,8884E-4
1,68E-4
1,60847E-4
1,70218E-4
1,98654E-4
1,72783E-4
1,72418E-4
1,70296E-4
1,7327E-4
1,73444E-4
1,73118E-4
1,69546E-4
1,74276E-4
1,76621E-4
1,69134E-4
1,72297E-4
1,84573E-4
1,69541E-4
1,69746E-4
1,71135E-4
1,72063E-4
2,23075E-4
1,70514E-4
1,66831E-4
1,73811E-4
1,71501E-4
1,95073E-4
1,7304E-4
1,70309E-4
1,76585E-4
1,95929E-4
2,27498E-4
1,7177E-4
1,71167E-4
1,85237E-4
1,69991E-4
1,71842E-4
1,71049E-4
1,72911E-4
1,84011E-4
1,92972E-4
1,71806E-4
1,92465E-4
1,92742E-4
1,6733E-4
1,704E-4
1,6902E-4
1,70538E-4
1,66133E-4
1,81456E-4
1,71921E-4
1,93207E-4
1,70402E-4
1,68974E-4
1,71148E-4
1,84573E-4
1,85387E-4
1,7259E-4
1,85658E-4
2,05633E-4
1,87132E-4
1,73245E-4
1,72231E-4
1,76534E-4
2,00112E-4
1,76446E-4
1,70636E-4
1,84641E-4
1,7265E-4
1,73937E-4
1,71908E-4
1,72669E-4
1,7305E-4
1,70551E-4
1,69234E-4
1,82281E-4
1,69332E-4
1,67745E-4
1,72412E-4
1,82546E-4
1,66565E-4
1,72816E-4
1,70911E-4
1,75877E-4
1,82403E-4
1,92138E-4
1,71084E-4
1,69044E-4
1,69593E-4
1,77989E-4
1,70584E-4
1,92046E-4
1,69468E-4
1,6656E-4
1,68257E-4
1,51903E-4
1,83476E-4
1,70836E-4
1,73315E-4
2,00086E-4
1,6135E-4
1,82316E-4
1,90929E-4
1,65617E-4
1,7799E-4
1,72709E-4
2,26329E-4
1,69103E-4
1,93159E-4
1,71408E-4
1,74977E-4
1,68053E-4
1,73221E-4
2,02889E-4
2,13633E-4
1,75326E-4
1,78277E-4
1,77377E-4
1,67311E-4
1,719E-4
1,71954E-4
1,71553E-4
1,71012E-4
1,7254E-4
1,70006E-4
1,73639E-4
1,733E-4
1,72114E-4
1,6884E-4
1,71585E-4
1,68335E-4
1,6844E-4
1,73027E-4
1,70544E-4
1,73604E-4
1,76851E-4
1,68471E-4
1,82977E-4
1,79869E-4
1,98001E-4
1,83861E-4
1,72371E-4
1,6605E-4
1,68537E-4
1,81351E-4
1,72431E-4
1,6941E-4
1,66148E-4
1,70083E-4
1,68135E-4
1,69916E-4
1,72599E-4
1,70866E-4
1,73642E-4
1,9229E-4
2,04306E-4
1,68647E-4
1,69266E-4
1,84018E-4
1,97492E-4
1,73782E-4
2,09577E-4
0,001223942
1,69503E-4
1,83394E-4
1,715E-4
1,92758E-4
1,7681E-4
1,71321E-4
1,99065E-4
1,71444E-4
0,001360942
1,86604E-4
1,68337E-4
1,96127E-4
1,7013E-4
1,95092E-4
1,85168E-4
1,69369E-4
1,90451E-4
1,78529E-4
1,91977E-4
1,82554E-4
1,67041E-4
1,81252E-4
1,93401E-4
1,65961E-4
1,82264E-4
1,66339E-4
1,67474E-4
1,69801E-4
1,6564E-4
1,94362E-4
1,91753E-4
1,7054E-4
1,91475E-4
1,69767E-4
1,77988E-4
1,69628E-4
1,93213E-4
1,70964E-4
1,73537E-4
1,82195E-4
1,55403E-4
1,67664E-4
1,67137E-4
1,72567E-4
1,68408E-4
1,69568E-4
1,68685E-4
1,77941E-4
1,75437E-4
1,69583E-4
1,69663E-4
1,70554E-4
1,6855E-4
1,83406E-4
1,9306E-4
1,75038E-4
1,71666E-4
1,70842E-4
1,79046E-4
1,74777E-4
1,94216E-4
1,6935E-4
1,67814E-4
1,68426E-4
1,93641E-4
1,76852E-4
1,82492E-4
1,70151E-4
2,02726E-4
1,67554E-4
1,70349E-4
1,68901E-4
1,70505E-4
1,80064E-4
1,69072E-4
1,80831E-4
1,68399E-4
1,71714E-4
1,68599E-4
1,69587E-4
1,81961E-4
1,69464E-4
1,70712E-4
1,95152E-4
1,81216E-4
1,69126E-4
1,69028E-4
1,69756E-4
1,83249E-4
1,67135E-4
1,72886E-4
1,7145E-4
1,7146E-4
1,70682E-4
1,72711E-4
1,7081E-4
1,7006E-4
1,99953E-4
1,74105E-4
1,69082E-4
1,66419E-4
1,83379E-4
1,74109E-4
1,66634E-4
1,72167E-4
1,76814E-4
1,74785E-4
1,83651E-4
1,84813E-4
1,73474E-4
1,71003E-4
2,01408E-4
2,03518E-4
1,74793E-4
1,73625E-4
1,82086E-4
1,70516E-4
1,73149E-4
1,69147E-4
1,68679E-4
1,69294E-4
1,53299E-4
1,68299E-4
1,78165E-4
1,68012E-4
1,7066E-4
1,69753E-4
1,69433E-4
1,68773E-4
1,71509E-4
1,70706E-4
1,94633E-4
1,84995E-4
1,69414E-4
1,71303E-4
1,90915E-4
1,69311E-4
1,67647E-4
1,86675E-4
1,80577E-4
1,95837E-4
1,71711E-4
1,85438E-4
1,81148E-4
1,81086E-4
1,67843E-4
1,93686E-4
1,73339E-4
1,7259E-4
1,67364E-4
1,68323E-4
1,83574E-4
1,69977E-4
1,73428E-4
1,73496E-4
1,77385E-4
1,78583E-4
1,6983E-4
1,99446E-4
1,92728E-4
1,73332E-4
1,69993E-4
1,69276E-4
1,72309E-4
1,72662E-4
1,94114E-4
1,78357E-4
1,68177E-4
1,77618E-4
1,82153E-4
1,68174E-4
1,70913E-4
1,90356E-4
1,73409E-4
1,71002E-4
1,68546E-4
1,66581E-4
1,69088E-4
1,70596E-4
1,70347E-4
1,71813E-4
1,7105E-4
1,71359E-4
1,68977E-4
1,68126E-4
1,68192E-4
1,69084E-4
1,71826E-4
1,71777E-4
1,71295E-4
1,71936E-4
1,8228E-4
1,69516E-4
1,69725E-4
1,72608E-4
1,879E-4
1,68008E-4
1,68357E-4
1,66917E-4
1,67816E-4
1,68241E-4
1,77317E-4
1,70643E-4
1,73236E-4
1,71039E-4
1,68564E-4
1,69899E-4
1,72006E-4
1,68742E-4
1,74178E-4
1,69871E-4
1,75017E-4
1,68094E-4
1,88353E-4
1,83505E-4
1,70829E-4
1,73041E-4
1,80784E-4
1,76938E-4
1,77834E-4
1,699E-4
1,66682E-4
1,66673E-4
1,72216E-4
1,71301E-4
1,84262E-4
1,67821E-4
1,79522E-4
1,69531E-4
1,9808E-4
1,7042E-4
1,73098E-4
1,66234E-4
1,54298E-4
1,92271E-4
1,67981E-4
1,72815E-4
1,80951E-4
1,74282E-4
1,68253E-4
1,85491E-4
1,82989E-4
1,67376E-4
1,68976E-4
1,68778E-4
1,70091E-4
1,91451E-4
1,70057E-4
1,82296E-4
2,15092E-4
1,8383E-4
1,69287E-4
1,68902E-4
1,8021E-4
1,69933E-4
1,93245E-4
1,71737E-4
1,94911E-4
1,69867E-4
1,6906E-4
1,68059E-4
1,74979E-4
1,70737E-4
1,87333E-4
1,72758E-4
1,71587E-4
1,7128E-4
1,7213E-4
1,69628E-4
1,86268E-4
1,94707E-4
1,83145E-4
1,72436E-4
1,68439E-4
1,69315E-4
1,84789E-4
1,76896E-4
1,91896E-4
1,93166E-4
1,73073E-4
1,94201E-4
1,83337E-4
1,68853E-4
1,68499E-4
1,93243E-4
1,69383E-4
1,82924E-4
1,68999E-4
1,84855E-4
1,67298E-4
1,83001E-4
1,83172E-4
1,52885E-4
1,54297E-4
1,98915E-4
1,7067E-4
1,69631E-4
1,85893E-4
1,7473E-4
1,83389E-4
1,69386E-4
1,67424E-4
1,92591E-4
1,69111E-4
1,95723E-4
1,73219E-4
1,68852E-4
1,66216E-4
1,70992E-4
1,69883E-4
1,68122E-4
1,56906E-4
1,84852E-4
1,70706E-4
1,77196E-4
1,739E-4
1,72628E-4
1,73017E-4
1,70092E-4
1,68481E-4
2,24577E-4
1,70434E-4
1,7109E-4
1,82425E-4
1,8519E-4
1,70154E-4
1,90141E-4
1,82862E-4
1,94133E-4
1,74412E-4
1,71213E-4
1,68762E-4
1,66629E-4
1,73823E-4
1,69032E-4
1,93362E-4
1,83671E-4
1,67929E-4
1,9888E-4
1,68648E-4
1,97442E-4
1,79204E-4
1,71815E-4
1,68366E-4
1,81523E-4
1,6771E-4
1,83153E-4
1,67269E-4
2,0015E-4
1,6949E-4
1,69055E-4
1,85751E-4
1,78344E-4
2,00783E-4
1,69772E-4
1,68223E-4
1,69164E-4
1,72245E-4
1,69826E-4
1,80157E-4
1,68902E-4
1,76498E-4
1,71635E-4
1,92218E-4
1,65039E-4
1,72076E-4
1,70088E-4
1,71728E-4
1,75908E-4
1,72623E-4
1,72844E-4
1,76526E-4
1,73131E-4
1,72488E-4
1,71263E-4
1,775E-4
1,7297E-4
1,67583E-4
1,75204E-4
1,71548E-4
1,53439E-4
1,83015E-4
1,63854E-4
1,70847E-4
1,72396E-4
1,72024E-4
1,68858E-4
1,70748E-4
1,72111E-4
1,69906E-4
1,69112E-4
1,6827E-4
1,70262E-4
1,69539E-4
1,73531E-4
1,8528E-4
1,69751E-4
1,67283E-4
1,81006E-4
1,6994E-4
1,84213E-4
1,69996E-4
1,72473E-4
1,80015E-4
1,69868E-4
1,82883E-4
1,69469E-4
1,6809E-4
1,66447E-4
1,78791E-4
