0,003106395
0,045316201
0,043834984
0,001730783
0,00169716
0,002882842
0,001553821
0,001527881
0,001554876
0,002591991
0,002472119
0,001690721
0,001626656
0,00167176
0,002405651
0,006195857
0,001591812
0,00152007
0,006024361
0,002932527
0,001878541
0,003105122
0,003027338
0,001980917
0,002050538
0,002498591
0,002422175
0,001999048
0,001613984
0,002808926
0,001838354
0,003044941
0,006476495
0,002337939
0,00399071
0,00259471
0,042474717
0,002796785
0,002499715
0,00284836
0,002677644
0,002371754
0,003717078
0,003583552
0,003083411
0,003126363
0,004182934
0,003549538
0,002290021
0,003285675
0,003497471
0,003358041
0,003758718
0,003558309
0,002622126
0,003340022
0,003221385
0,003710558
0,003673434
0,003235289
0,003442006
0,003913432
0,004096801
0,002607958
0,003716923
0,003206554
0,003563884
0,004256518
0,00198397
0,003760497
0,003952686
0,003200375
0,003683169
0,003689149
0,004141939
0,005210212
0,005164304
0,002559594
0,00326206
0,003408456
0,003062824
0,003243191
0,003304381
0,003477544
0,003493537
0,003129557
0,003259521
0,003378229
0,003507761
0,003572401
0,003850899
0,002787209
0,00311127
0,004896655
0,002289884
0,003523586
0,003421321
0,003417581
0,003810265
0,003176429
0,003069369
0,003872002
0,003189365
0,003365561
0,003416728
0,003478251
0,003476183
0,003578956
0,003395303
0,003403969
0,003531238
0,003218563
0,003486554
0,003525385
0,003068172
0,003839657
0,0035931
0,003401657
0,003500732
0,003331627
0,003603712
0,00345384
0,005236947
0,002242193
0,003343495
0,00306489
0,003506532
0,003500751
0,003452679
0,003508655
0,003416124
0,003535618
0,003378738
0,003168253
0,003810889
0,003112064
0,003278744
0,003477895
0,00353539
0,003801988
0,00346546
0,003092163
0,003530254
0,004380602
0,003371785
0,002417736
0,003806149
0,002668971
0,003074572
0,003412752
0,003806323
0,004619433
0,003357084
0,001865012
0,003394589
0,003418386
0,003843524
0,003130439
0,00347713
0,003511831
0,003490276
0,003442197
0,003558437
0,003333236
0,003748902
0,003501235
0,003740066
0,003401601
0,003375206
0,003558617
0,003098407
0,003828588
0,00355204
0,003467288
0,003750846
0,003109996
0,003499152
0,003423621
0,003479222
0,003485652
0,003541682
0,00296275
0,003807696
0,003508774
0,003116334
0,003995957
0,002733455
0,004510015
0,003829694
0,002559178
0,003511832
0,003791559
0,003493897
0,003518961
0,003887438
0,003301395
0,003710902
0,003416293
0,001454045
0,004685263
0,003298438
0,003489362
0,003728484
0,003541879
0,003197817
0,003487084
0,003547602
0,00346532
0,003386818
0,003084781
0,003872308
0,003054259
0,003933126
0,003421783
0,003441233
0,003523355
0,003499478
0,003439452
0,003458646
0,003480639
0,00348749
0,003425202
0,003506395
0,003486449
0,003467683
0,005107787
0,002139231
0,00322199
0,00339399
0,003264625
0,003885244
0,00337524
0,003446797
0,003093754
0,003820177
0,003512747
0,003532231
0,003909533
0,003285484
0,003145772
0,003535706
0,003518719
0,003375252
0,003509243
0,003412179
0,004682944
0,005131012
0,001964641
0,003703803
0,003548808
0,00319168
0,003109852
0,004059093
0,003212709
0,00345923
0,003481941
0,003453147
0,003761955
0,003887924
0,003864596
0,003316902
0,00149524
0,003520364
0,00388654
0,00526373
0,002553457
0,002682757
0,003787057
0,003515432
0,003572892
0,002600257
0,003837322
0,003463831
0,003530506
0,003479488
0,003464148
0,003524646
0,003060153
0,003967348
0,003386429
0,003429961
0,003511935
0,003519945
0,003425702
0,002868974
0,003497499
0,003486184
0,00341885
0,003671647
0,003304083
0,003476994
0,003432801
0,00308806
0,00352533
0,00342988
0,003485538
0,003451633
0,003879892
0,00351676
0,003055817
0,003644927
0,003691455
0,004560907
0,002701303
0,003419956
0,003489082
0,003449379
0,003537058
0,003457175
0,003656027
0,003651674
0,003513264
0,003349827
0,001795517
0,00335732
0,003511148
0,003474707
0,003469856
0,003417464
0,003545822
0,003057955
0,003265207
0,003499857
0,003508657
0,003504078
0,003570091
0,003760297
0,003906345
0,003441244
0,001772853
0,003744098
0,003481376
0,003546926
0,003465881
0,003433981
0,003522079
0,003421733
0,003499733
0,004863962
0,002391265
0,003445591
0,003497018
0,003489277
0,004087542
0,003880235
0,002892539
0,003148194
0,003328072
0,003561547
0,003624131
0,003265249
0,003448095
0,003457189
0,003587035
0,003547812
0,00335168
0,003439632
0,003484012
0,003462773
0,003080554
0,003898078
0,003473218
0,003469976
0,003502064
0,003414618
0,00346416
0,003467772
0,00345812
0,003550988
0,003441833
0,003430296
0,003099851
0,005131935
0,00331435
0,003410682
0,003378579
0,003503633
0,003455917
0,00385193
0,003159643
0,003592334
0,004240779
0,001850362
0,003706066
0,003390118
0,003503507
0,003222554
0,003639536
0,003485501
0,004016745
0,003952903
0,002459881
0,003239285
0,003796447
0,003503445
0,003541641
0,00351594
0,003103277
0,003505218
0,003423361
0,004410551
0,002601679
0,003443247
0,003567947
0,003758742
0,002575281
0,003159858
0,003576256
0,003069192
0,003536399
0,00345565
0,003501808
0,003415396
0,006166554
0,001886144
0,00385151
0,003408575
0,003408101
0,003433334
0,003537007
0,003436676
0,004462752
0,003863347
0,002500383
0,00222959
0,003827947
0,00286307
0,00348001
0,0033876
0,003565315
0,003757547
0,003779204
0,003358652
0,00348686
0,002498254
0,002622723
0,003652431
0,003165588
0,0030577
0,003489864
0,003472
0,003498888
0,003403345
0,003655812
0,003672312
0,003653149
0,003541336
0,00303552
0,00381405
0,003584785
0,003900796
0,002671639
0,003940035
0,003809782
0,00377413
0,002731555
0,003389756
0,003836013
0,004778499
0,004754445
0,00215405
0,003571477
0,003400678
0,003401165
0,003512714
0,003401023
0,0034405
0,003484063
0,003509283
0,003488546
0,003419102
0,00339007
0,003532447
0,003388911
0,003318385
0,003405553
0,003146138
0,003397931
0,003462589
0,003532804
0,00344285
0,003438566
0,003849695
0,003100153
0,003731603
0,003250515
0,003555113
0,003492907
0,003768287
0,003532431
0,003043688
0,003386632
0,003475972
0,003391697
0,003344492
0,003675983
0,004540541
0,003993934
0,002657492
0,003183994
0,003430595
0,003338359
0,005207404
0,00281634
0,002955705
0,003449502
0,003434359
0,003450369
0,003457997
0,003489756
0,003464781
0,003476592
0,003485981
0,003401823
0,003256183
0,003803871
0,003445866
0,003411658
0,003525099
0,003365248
0,00351473
0,003469651
0,003464513
0,003475192
0,003436106
0,003524477
0,003464258
0,003483261
0,003505184
0,003443216
0,003509827
0,003477112
0,003451936
0,003497025
0,003483026
0,003503838
0,003471573
0,003453885
0,003457063
0,003458856
0,003440808
0,003427382
0,003262566
0,005440953
0,00225582
0,003434513
0,003250679
0,00302153
0,003490416
0,003534765
0,003572433
0,003002609
0,003395958
0,003725581
0,003477569
0,003801484
0,003141689
0,003451184
0,003490982
0,003515675
0,003435395
0,003490315
0,003430237
0,003948514
0,003963265
0,003996836
0,002412445
0,0035959
0,003403544
0,003724769
0,004551484
0,002280551
0,003900217
0,0035147
0,003016358
0,003430528
0,003823134
0,003483411
0,003491882
0,003484797
0,003098041
0,003656955
0,003644569
0,005596712
0,0019774
0,00347065
0,003358548
0,003334049
0,003586097
0,003524133
0,004503781
0,002412184
0,003268611
0,004204467
0,003496132
0,002848841
0,003732644
0,002842607
0,003492079
0,00308255
0,003831022
0,003097191
0,0035248
0,003860957
0,003095369
0,003317061
0,003517066
0,003489481
0,003464166
0,003237215
0,003474692
0,00350086
0,003527939
0,00339223
0,003173773
0,003774223
0,003512881
0,003382699
0,003530678
0,0035208
0,00344368
0,005188701
0,002096429
0,004114361
0,004236897
0,002406747
0,0030083
0,003466673
0,003546988
0,003356691
0,003539244
0,003445662
0,003003624
0,003317283
0,003165576
0,002776828
0,003418711
0,003558162
0,003491133
0,003494609
0,003444032
0,003505097
0,003505957
0,003375217
0,00350466
0,003525511
0,003464625
0,00366768
0,003663788
0,00344375
0,003522873
0,003479459
0,003486104
0,003619271
0,003783932
0,002608771
0,002857163
0,003331027
0,005444598
0,002199034
0,003188468
0,003349201
0,003570959
0,003106929
0,004206779
0,003438702
0,003359574
0,00298185
0,00375821
0,003216569
0,003492805
0,003725272
0,003365741
0,003134545
0,003729122
0,003264748
0,003131619
0,004081643
0,003165939
0,003508787
0,003455542
0,003482843
0,003758293
0,003718346
0,003766999
0,003169857
0,003529863
0,003401446
0,003549758
0,003401528
0,003520357
0,003452291
0,00362521
0,004517959
0,002662582
0,003568248
0,002885793
0,00363791
0,003375439
0,003467545
0,003437761
0,003449636
0,003613836
0,003462318
0,003714819
0,003188421
0,00307096
0,003478938
0,003887038
0,003502327
0,00344487
0,003430816
0,003448095
0,003913493
0,003442151
0,003499574
0,003070437
0,003434887
0,003344507
0,003665278
0,003893043
0,003013481
0,003547656
0,003461935
0,003748714
0,003186816
0,00492356
0,002299403
0,003751599
0,003230481
0,003516757
0,003513774
0,003032348
0,003468142
0,003478008
0,003495213
0,003874967
0,003075565
0,003894543
0,00359437
0,003346602
0,003004823
0,003875515
0,003432408
0,003512847
0,003484531
0,003530265
0,003762497
0,003165489
0,003515722
0,003421802
0,003438627
0,003814828
0,002765717
0,003273345
0,003471145
0,003598312
0,003200208
0,004276731
0,002137727
0,004099838
0,003344872
0,003490676
0,003940277
0,003279024
0,003488824
0,003070736
0,003597385
0,00336688
0,003187747
0,003803545
0,00347199
0,003193356
0,003876102
0,003391117
0,003405656
0,003427792
0,003129247
0,003245452
0,003469699
0,004548281
0,00194471
0,003066772
0,003467102
0,00347908
0,003436005
0,003405751
0,003474536
0,003369885
0,003047066
0,003913274
0,003493059
0,003733121
0,003671378
0,003243771
0,002643018
0,003488043
0,001980605
0,004403723
0,003580799
0,003074934
0,002790122
0,00367537
0,005647687
0,003266643
0,002577148
0,003575497
0,003508752
0,003437103
0,003424345
0,003499423
0,003784428
0,003241937
0,003461477
0,003426495
0,004266899
0,00519437
0,005178898
0,003558733
0,002220388
0,00324358
0,003975324
0,003415658
0,003435815
0,003484976
0,003530653
0,003445568
0,003482184
0,003438009
0,003481604
0,00357249
0,003423391
0,003478359
0,003447129
0,003428068
0,003544357
0,003469815
0,003486511
0,00348909
0,003441587
0,003568488
0,003837797
0,003912811
0,004514195
0,006207781
0,002143667
0,003204477
0,003333552
0,004198918
0,00385852
0,001836534
0,003573899
0,003330455
0,003525357
0,003599195
0,00486313
0,002613165
0,00318603
0,003468994
0,003344749
0,003537951
0,003471386
0,003462484
0,00360448
0,003101054
0,00349831
0,00325773
0,003784655
0,003106468
0,003454578
0,003450475
0,003445337
0,003449252
0,003340895
0,003376782
0,003517932
0,00345134
0,003436019
0,003376003
0,003295897
0,003949295
0,00316485
0,00384561
0,003108136
0,003553696
0,003065634
0,003794557
0,00344545
0,003535955
0,004516116
0,002253549
0,003840161
0,003464643
0,003505372
0,003606639
0,003254121
0,003512164
0,003084982
0,003361864
0,00345789
0,003873756
0,003483837
0,003187737
0,003716259
0,003088563
0,003889797
0,002431303
0,004162269
0,004536746
0,002246125
0,003501434
0,003087823
0,003510051
0,003071251
0,003476673
0,004460619
0,003916113
0,003750023
0,00246854
0,002330362
0,00299754
0,003651525
0,003265785
0,005110211
0,005137401
0,002614866
0,003169602
0,003080323
0,003682404
0,004495345
0,00161437
0,003523713
0,005870848
0,001760515
0,003878794
0,003560425
0,003674389
0,003675448
0,003381351
0,003574529
0,002035093
0,002499206
0,003080503
0,003461097
0,003437769
0,0035048
0,003683654
0,003284816
0,003433154
0,003906275
0,003557662
0,00340847
0,00339263
0,003506395
0,003433972
0,003522909
0,0030838
0,00328963
0,003822884
0,003084121
0,003512108
0,003451737
0,003425501
0,003531123
0,003426786
0,003638563
0,003770596
0,003417069
0,00373727
0,002825533
0,003522574
0,003370388
0,003540681
0,005703293
0,001856401
0,003482347
0,003815568
0,003709568
0,002644223
0,003022774
0,002930375
0,003393315
0,003489877
0,003447512
0,003494325
0,003444887
0,003049421
0,003945225
0,002973735
0,003482285
0,004007034
0,003353143
0,003543886
0,003484625
0,003465975
0,003439311
0,003475159
0,003627733
0,003344491
0,003479355
0,003499562
0,003810239
0,003038802
0,003265521
0,003198318
0,003693926
0,003744655
0,003464625
0,003402461
0,00322875
0,003702383
0,003818954
0,005057233
0,003175626
0,003530694
0,003685143
0,003285934
0,003376902
0,003438185
0,003253023
0,003532013
0,003246492
0,003455736
0,003435182
0,004143074
0,003656557
0,001865627
0,00393012
0,003382657
0,006088926
0,002416991
0,003680618
0,003962201
0,003390799
0,003351574
0,00180065
0,003405486
0,003458937
0,003424436
0,003440109
0,003657473
0,00374111
0,002772536
0,004264105
0,002642282
0,002953074
0,00348628
0,003384708
0,003172203
0,003138008
0,00333106
0,00349481
0,004515139
0,003795587
0,003783297
0,001986035
0,003512433
0,002893246
0,003655597
0,003204618
0,005112741
0,00279774
0,003448752
0,003493871
0,003881337
0,003279128
0,003407517
0,004276648
0,003902655
0,00349006
0,002219416
0,003733677
0,003523931
0,003514239
0,003459577
0,003410621
0,003121676
0,004129468
0,003651552
0,003629309
0,003442295
0,003510249
0,003458062
0,003436426
0,003458714
0,003510733
0,003455542
0,003444425
0,003123018
0,003550757
0,003520345
0,003875108
0,003748446
0,002802709
0,003091882
0,003049122
0,003459743
0,003482206
0,003577292
0,003344358
0,003780381
0,003204341
0,003879998
0,003421976
0,005381956
0,002161253
0,0034453
0,003565994
0,003152082
0,003899664
0,00341431
0,003257167
0,003327982
0,003481672
0,003633062
0,003308606
0,003427476
0,003534512
0,003434086
0,003269054
0,003460671
0,003611276
0,003536717
0,002203237
0,004061647
0,003265286
0,004170648
0,003312105
0,003991204
0,003401329
0,003480077
0,003421697
0,00347782
0,00353951
0,003430386
0,003543313
0,00346581
0,003447364
0,003508615
0,003436098
0,003435533
0,003528726
0,003468814
0,003290295
0,003636182
0,003542464
0,013275558
0,002265611
0,003921081
0,004398701
0,002446643
0,003120008
0,003441502
0,003850626
0,003481395
0,003345115
0,003489307
0,003485495
0,003455243
0,003503188
0,003407029
0,003479604
0,004066132
0,002718768
0,002483947
0,002697077
0,003690743
0,003212443
0,003342048
0,003549413
0,003463169
0,00343188
0,003609685
0,003565923
0,003253992
0,003692627
0,003277623
0,004025432
0,003508692
0,002931431
0,005475733
0,00349344
0,003485191
0,003460393
0,003071132
0,003111008
0,003944961
0,005600939
0,002931353
0,003400757
0,003321251
0,003052854
0,003024294
0,003442622
0,003489693
0,003901654
0,003362965
0,003485084
0,003464107
0,003482684
0,003270373
0,004081193
0,003070639
0,003262865
0,003679539
0,00346533
0,003484387
0,003512867
0,003454484
0,003455718
0,003459484
0,003485403
0,003481266
0,003445972
0,003476267
0,003206816
0,003907393
0,004789287
0,00517268
0,005167892
0,002383953
0,00285965
0,003484761
0,003445381
0,003450195
0,003477466
0,005004787
0,002267419
0,00285577
0,00333867
0,003417676
0,003500509
0,0035166
0,003547144
0,00338318
0,003426993
0,003806884
0,003200563
0,003416855
0,003522082
0,003463587
0,003492964
0,003552381
0,003053297
0,003115334
0,003518228
0,003775201
0,005668756
0,004010139
0,002128547
0,003494551
0,003341424
0,005596435
0,005106627
0,001509565
0,003498426
0,003731609
0,003329607
0,003270294
0,003442275
0,003176218
0,003982251
0,003679025
0,003207545
0,00455935
0,002444194
0,002957675
0,003571554
0,003793507
0,003477611
0,003453892
0,003603127
0,00342039
0,00344168
0,003426551
0,003501548
0,003579729
0,003448393
0,003381847
0,003472146
0,003628085
0,003374813
0,004180491
0,003370609
0,003380262
0,002483061
0,002729779
0,003113375
0,003815249
0,003441577
0,003492048
0,003550527
0,003756717
0,003778475
0,003327704
0,003549534
0,001680955
0,003311452
0,003184328
0,003635669
0,003517014
0,004166814
0,002715291
0,003415161
0,003519302
0,003478483
0,003393434
0,003497615
0,003444078
0,00342196
0,003946479
0,003063534
0,003564963
0,003666847
0,003488301
0,003421566
0,00347833
0,003523913
0,003495267
0,003423539
0,003609513
0,003423375
0,003444055
0,003495021
0,003480763
0,003438318
0,003468577
0,003672517
0,00391575
0,003261368
0,002724676
0,003993537
0,003460308
0,003656669
0,002630233
0,00265535
0,003094742
0,003483272
0,003749231
0,003498755
0,003465686
0,003527331
0,003438783
0,00346419
0,00464627
0,00278809
0,002782514
0,003210562
0,003400683
0,003425923
0,004101442
0,002722956
0,003412046
0,003479558
0,003486383
0,004612877
0,00334659
0,003514565
0,002990878
0,003478381
0,00307537
0,003312181
0,004049922
0,003059272
0,0034868
0,003503833
0,003569545
0,003761267
0,003464491
0,003495886
0,003459956
0,00345088
0,003525549
0,003514579
0,002999697
0,003510264
0,003488363
0,003761808
0,003548544
0,003541494
0,003422724
0,003548333
0,003391398
0,003521692
0,003443762
0,005051529
0,002766382
0,005333074
0,00275732
0,002990303
0,00332478
0,003077992
0,003847861
0,003132809
0,00348306
0,003352487
0,003479336
0,003513298
0,003483416
0,003504961
0,003392461
0,003288719
0,003750536
0,003496427
0,003407414
0,004224967
0,003226962
0,004036674
0,002384077
0,004522516
0,004034358
0,003759595
0,00260836
0,003508058
0,003489309
0,003038335
0,00348959
0,003405122
0,003508717
0,003478157
0,003827971
0,003445944
0,003503947
0,003146044
0,0052035
0,002156044
0,003636186
0,005836141
0,001929835
0,00365069
0,004236446
0,005211152
0,002378775
0,003911913
0,003421616
0,003487576
0,003462446
0,003825636
0,00400401
0,005743386
0,005747798
0,002615166
0,003775603
0,003388294
0,003711901
0,002839844
0,003460006
0,003113942
0,003882812
0,003440601
0,003543558
0,003378047
0,003531432
0,002983852
0,004150814
0,003679727
0,004443351
0,003853556
0,002298222
0,002932202
0,003316966
0,003280856
0,003462511
0,004597876
0,002644105
0,003950336
0,003766031
0,002988707
0,003426599
0,003317216
0,003496264
0,003359313
0,003448097
0,003818853
0,003205487
0,003450686
0,00346715
0,003420966
0,003409554
0,003898048
0,003004898
0,003521034
0,003514109
0,003750527
0,003090294
0,003461111
0,003471328
0,00353848
0,003312808
0,003476523
0,003515189
0,003234476
0,002981116
0,003513495
0,003423583
0,003498416
0,004285876
0,003223936
0,004005366
0,004468944
0,002238359
0,003234306
0,003504463
0,003890027
0,003097298
0,003830702
0,003772246
0,003227667
0,003340286
0,003383845
0,003245088
0,003459398
0,003601915
0,003737801
0,0031812
0,003241414
0,003385666
0,003486551
0,003759517
0,003922326
0,003758447
0,002318291
0,003712763
0,003532795
0,003641121
0,003512465
0,003137541
0,003119862
0,003464259
0,003443555
0,003126464
0,003758211
0,003505605
0,0035374
0,004515251
0,002899767
0,003464843
0,0033967
0,003476939
0,003777224
0,003271961
0,003060951
0,003803769
0,003561562
0,003742824
0,00378013
0,003396086
0,003962661
0,002965152
0,003495165
0,003622504
0,003404969
0,00300707
0,003519961
0,003427678
0,00359949
0,003777218
0,003484298
0,003484106
0,003784383
0,003193725
0,003431203
0,00311985
0,003854648
0,003502742
0,003103673
0,00531991
0,002597251
0,003292289
0,005578912
0,003820756
0,001987562
0,005919668
0,005605386
0,002671636
0,003224141
0,003109633
0,003453796
0,003123331
0,003192146
0,003066301
0,003811771
0,003486354
0,00348506
0,003439445
0,003072572
0,003933685
0,003484619
0,003086923
0,003750031
0,003496232
0,003459758
0,004268527
0,002578145
0,003388926
0,003158165
0,003465814
0,00386606
0,003417645
0,006013201
0,002928091
0,002222328
0,003415045
0,003408271
0,003494393
0,003515885
0,003487222
0,003653661
0,003337502
0,003541749
0,003349506
0,003431206
0,003599598
0,003454473
0,003428371
0,003448331
0,003493644
0,003684773
0,003880087
0,003730962
0,003024958
0,002249917
0,003437248
0,003567228
0,00343381
0,003495641
0,003532585
0,003396424
0,003456517
0,003532244
0,003370713
0,003529037
0,003541302
0,003449255
0,003491369
0,003849874
0,003225896
0,00288338
0,003883644
0,003393027
0,003213769
0,003646254
0,004034656
0,002858118
0,00268471
0,003458742
0,003492341
0,004419668
0,003252783
0,004990343
0,003994949
0,004061939
0,003365674
0,003774647
0,003521066
0,003503613
0,003809796
0,003120036
0,003420477
0,003069366
0,00376198
0,003596404
0,003543502
0,003373104
0,003538173
0,003410732
0,003030818
0,003447519
0,003609867
0,003388325
0,003770752
0,003516386
0,003446362
0,003565268
0,003486653
0,003466053
0,003545752
0,003413093
0,003794132
0,003750777
0,003383306
0,003520607
0,005246538
0,001846697
0,0037675
0,003676056
0,003316342
0,003884012
0,003808477
0,003772298
0,003383228
0,003141092
0,003452395
0,003578185
0,003716033
0,003387008
0,003792476
0,003561818
0,003002068
0,004170503
0,004207586
0,003790281
0,003766556
0,002106062
0,003676767
0,003907609
0,00320331
0,003781316
0,003144616
0,003562692
0,003237308
0,003918214
0,003406695
0,003139974
0,003466782
0,003450624
0,004105756
0,003787984
0,003914468
0,002250989
0,002447499
0,002926424
0,003522761
0,003505823
0,003418232
0,003378294
0,005698558
0,001863402
0,003756876
0,003329083
0,003915758
0,003232962
0,004779939
0,00217741
0,003301199
0,003496974
0,00338582
0,003143292
0,00341469
0,003482336
0,003744623
0,003541271
0,004000893
0,0031964
0,003511037
0,003410702
0,003506423
0,003514227
0,003482434
0,003450277
0,003514237
0,003444425
0,003029774
0,003812983
0,003670562
0,003405475
0,003472182
0,003876671
0,003085615
0,003132141
0,003761334
0,003507013
0,003159951
0,003820424
0,003462985
0,00314927
0,003243414
0,003451606
0,005797271
0,001902512
0,003454925
0,00339763
0,003887195
0,003311459
0,00363191
0,003505753
0,003483063
0,003091736
0,003796613
0,003521213
0,003047983
0,003553794
0,004038421
0,003180584
0,003077724
0,003903305
0,003437742
0,003466273
0,003135017
0,003885005
0,003082872
0,003851721
0,003441726
0,003424734
0,003357505
0,003594453
0,003206142
0,003826091
0,003203432
0,003619536
0,003997458
0,003873443
0,002196842
0,004242958
0,002931158
0,003224054
0,003749183
0,001979867
0,00422487
0,003423099
0,003515112
0,003827788
0,003129791
0,003495746
0,00354458
0,004752418
0,004477456
0,004317271
0,003516113
0,002068447
0,004391519
0,001977912
0,003635608
0,003901219
0,003391675
0,003248981
0,003500542
0,003439879
0,003450649
0,003499175
0,003152071
0,003246438
0,003694048
0,0034846
0,003429598
0,003976523
0,004095881
0,00338986
0,001696409
0,003356817
0,00390056
0,003540961
0,003475927
0,003790656
0,005923831
0,005152033
0,001961699
0,003569547
0,00338993
0,003299918
0,003579311
0,003459256
0,003443002
0,003534966
0,003376995
0,003093569
0,003916499
0,003163617
0,003736622
0,003539501
0,003821947
0,003115269
0,003472909
0,005272008
0,002630428
0,002882961
0,00325666
0,003364692
0,003525738
0,003504851
0,003483423
0,003497493
0,003851057
0,003430431
0,003429045
0,003593654
0,003475101
0,003400325
0,003523721
0,00345308
0,003518999
0,003637684
0,003266082
0,003057696
0,003527166
0,003465799
0,003449349
0,003532953
0,003453127
0,003444319
0,003513977
0,003451615
0,003716953
0,00325714
0,003392431
0,003516995
0,003443033
0,003481494
0,003493676
0,003439147
0,003498816
0,003434119
0,00352517
0,003500042
0,003452445
0,003477161
0,003468848
0,003451774
0,005269894
0,00366572
0,003462005
0,00327873
0,003295306
0,00165685
0,003096727
0,003486957
0,003428602
0,003515872
0,003461971
0,003464668
0,003500474
0,003423629
0,003385293
0,003698322
0,003811299
0,003395284
0,002994557
0,003467218
0,003592837
0,003533006
0,003073348
0,003488739
0,003807848
0,003307913
0,003308781
0,004262223
0,002555433
0,003451177
0,002986701
0,003604768
0,003230294
0,004380989
0,003871344
0,00231361
0,003987497
0,003536589
0,003262595
0,003442542
0,002046672
0,002815348
0,003821256
0,003771482
0,003449772
0,003432145
0,00350905
0,003474654
0,003406948
0,004472949
0,005250813
0,004970563
0,003257783
0,003216261
0,003935183
0,003922882
0,002782879
0,002311455
0,003311284
0,003448615
0,003560403
0,003429165
0,003442436
0,003510842
0,003503238
0,00348449
0,003432838
0,003531742
0,003475577
0,003448046
0,003417892
0,003545723
0,003460352
0,003490385
0,003467723
0,003431363
0,00353218
0,003471737
0,003515176
0,003485584
0,003460275
0,003436765
0,003503662
0,003460302
0,003536119
0,00338916
0,003634913
0,003492671
0,00383001
0,003247895
0,003413069
0,002485461
0,002202823
0,003742769
0,003662548
0,003354897
0,003747797
0,003417619
0,003455059
0,002003351
0,00469856
0,002787564
0,002660543
0,003530591
0,003504597
0,003451468
0,003452156
0,003436255
0,003478787
0,00345447
0,003517458
0,003480584
0,003445038
0,003504828
0,003460427
0,003114848
0,003481946
0,003611721
0,003877277
0,003255528
0,003822577
0,003073212
0,003491844
0,003508584
0,003507501
0,003386971
0,003566953
0,003412263
0,003554855
0,003553189
0,003310797
0,003412938
0,003641448
0,003693293
0,003447701
0,003156662
0,003415862
0,003504103
0,0036156
0,003428886
0,003386677
0,003475254
0,003578355
0,003405945
0,003480508
0,003489753
0,005512877
0,001989982
0,00379213
0,003490302
0,003442662
0,003524509
0,003880265
0,003424571
0,003506024
0,003464019
0,003497039
0,003605927
0,003188385
0,003474909
0,003498534
0,003496967
0,003461411
0,003460636
0,003117254
0,003819068
0,003614448
0,003333784
0,003499574
0,003496408
0,003203885
0,003718121
0,003550744
0,003617795
0,003940571
0,003380268
0,003312848
0,003044348
0,003635579
0,003674606
0,003196697
0,003463025
0,003493792
0,003484249
0,003439665
0,003043129
0,00417591
0,003204909
0,003526581
0,003769818
0,00433355
0,001854026
0,003175596
0,005029091
0,005145333
0,001795432
0,003060158
0,003112367
0,003320905
0,003503203
0,003467211
0,003486975
0,003421987
0,003498678
0,003477938
0,00350786
0,003501358
0,003524158
0,003422549
0,003457622
0,00346245
0,003578942
0,003442693
0,0034588
0,003418191
0,00351106
0,003491913
0,003491965
0,003396644
0,003528079
0,003517007
0,003488354
0,003599877
0,003459405
0,003308431
0,003578328
0,003247273
0,003644358
0,003466897
0,003062215
0,003900459
0,003035858
0,003404762
0,00498487
0,002850094
0,003238513
0,003398543
0,00354825
0,003535777
0,003778999
0,003416124
0,003566827
0,003715656
0,00359926
0,003555799
0,001646869
0,003539256
0,003514303
0,00341922
0,003415114
0,003493599
0,003465583
0,003537011
0,003561886
0,003365479
0,003430581
0,003553804
0,003376542
0,003431064
0,003471211
0,003125622
0,003471495
0,003705939
0,003243464
0,004004755
0,003454636
0,003304868
0,00346242
0,003486365
0,003512264
0,00346285
0,003521102
0,003578643
0,004738825
0,002486198
0,003453387
0,003492343
0,003446609
0,003152277
0,003536327
0,003458415
0,003444162
0,003509884
0,005093543
0,001575892
0,003625481
0,00342978
0,003533425
0,003074356
0,003862223
0,003474024
0,003492038
0,003445291
0,003493701
0,003514144
0,003447626
0,003434059
0,003429441
0,003468021
0,003195437
0,003877215
0,003423519
0,003931923
0,003375605
0,003523407
0,003841229
0,003412756
0,003059819
0,002323698
0,003178321
0,003728191
0,002972439
0,004578733
0,002481464
0,003612598
0,003175834
0,003450651
0,003027496
0,003858951
0,003123795
0,003494329
0,00335447
0,003536448
0,003422385
0,003460303
0,004069438
0,002670343
0,003437488
0,003696333
0,003648264
0,003514588
0,003887448
0,003771488
0,003342369
0,003536312
0,003482368
0,003453392
0,004086197
0,002538289
0,003419875
0,003372004
0,003705681
0,003691586
0,003854468
0,003458586
0,003743272
0,003129275
0,003459771
0,003817047
0,004539012
0,002549077
0,002946147
0,004392743
0,00368335
0,002742822
0,002481236
0,003516879
0,003422122
0,003459588
0,003459257
0,00297841
0,007229474
0,003491052
0,003801306
0,00315034
0,003473933
0,003200851
0,003575721
0,003433045
0,003118757
0,003434019
0,003435116
0,003548262
0,00297081
0,003505629
0,00344215
0,00351563
0,003801669
0,003318639
0,003730912
0,003719112
0,003194347
0,003457004
0,003479912
0,002995736
0,005875346
0,002287913
0,003023002
0,003393735
0,003664807
0,003307623
0,003418532
0,003454356
0,003815162
0,004294023
0,002433622
0,003072138
0,003460258
0,003542458
0,003452655
0,002796592
0,003769907
0,003076531
0,003839233
0,003017025
0,003479673
0,003648686
0,003345882
0,002943971
0,003921126
0,003822574
0,003522809
0,003086502
0,003485579
0,003190152
0,003328054
0,003485294
0,003785949
0,00324048
0,003334142
0,003694215
0,003282321
0,003952751
0,003573705
0,00348341
0,003449294
0,00387516
0,003917414
0,012733425
0,003220341
0,003713171
0,00357159
0,0038094
0,003313213
0,002613375
0,003098478
0,003760464
0,005191518
0,005202566
0,002914181
0,003364619
0,00348235
0,003269792
0,003524367
0,003260057
0,003031882
0,003870396
0,003167938
0,003845997
0,003607393
0,003318593
0,00345604
0,003546801
0,003442547
0,003051235
0,003632124
0,003760532
0,003417223
0,003443973
0,003503107
0,003734432
0,003123483
0,003381396
0,004048644
0,003897345
0,003868063
0,001793614
0,003348419
0,003476137
0,003407287
0,003562698
0,003402521
0,00345449
0,003606134
0,003743814
0,003086274
0,00349793
0,003478682
0,005371985
0,002475721
0,003290981
0,003407848
0,003468704
0,00346162
0,003139712
0,003446328
0,003509555
0,003129782
0,003834727
0,003502034
0,003029903
0,00356129
0,003856142
0,003620295
0,003500312
0,003468345
0,003528273
0,003091337
0,003478289
0,003449208
0,005462086
0,002237167
0,002828358
0,003569743
0,003678017
0,002789523
0,003403952
0,003467931
0,004111248
0,003720763
0,00308769
0,003368405
0,003483869
0,003069092
0,003883598
0,003444036
0,003543183
0,003481511
0,003430247
0,003525549
0,003098762
0,003856444
0,003390138
0,003441242
0,003579397
0,003446177
0,005111234
0,00263966
0,002226013
0,003493448
0,003356184
0,003306327
0,003427236
0,004510767
0,002365113
0,003806296
0,003437385
0,003772939
0,003800607
0,003222141
0,003635552
0,003334722
0,002244074
0,00343196
0,002959169
0,003436777
0,003948874
0,002487072
0,003453381
0,003446051
0,003120972
0,003353454
0,003434506
0,003063284
0,003908856
0,003485303
0,0033907
0,003481144
0,003788858
0,002978495
0,003692077
0,003436665
0,00351276
0,003403858
0,003521511
0,003628246
0,003879699
0,003511275
0,003827673
0,002355944
0,003048784
0,003359175
0,003671985
0,003986909
0,004031383
0,003785406
0,002788719
0,003291423
0,004486449
0,00390155
0,003887299
0,003057032
0,001614344
0,003355803
0,003645467
0,003350756
0,003442241
0,00360321
0,00357324
0,003744701
0,003515241
0,003789778
0,003778832
0,003298852
0,003477877
0,003566033
0,00300948
0,00322273
0,003708633
0,003308697
0,003417399
0,003591364
0,003260392
0,002901121
0,003469049
0,003725333
0,003489317
0,003004748
0,003464326
0,003858059
0,003467528
0,003353346
0,002975861
0,003429426
0,003198344
0,003497841
0,003448587
0,003272338
0,005312193
0,001683218
0,004234141
0,00418828
0,003486144
0,003495944
0,003493499
0,003322711
0,00350744
0,003476242
0,003674279
0,003543849
0,00380162
0,003333827
0,003527379
0,003490463
0,003399111
0,003873536
0,003510372
0,003439607
0,003510575
0,003442867
0,0030803
0,003053499
0,003429538
0,003440152
0,004605107
0,002647748
0,003678037
0,003420672
0,002805795
0,003193859
0,003530983
0,003392281
0,003424112
0,003214096
0,003687461
0,002054392
0,007735825
0,003030874
0,003779783
0,002779202
0,004228052
0,002022943
0,00231296
0,002501728
0,002227336
0,001499991
0,003256321
0,003900695
0,003826622
0,0031231
0,001696341
0,001866738
0,001943799
0,002305015
0,002235162
0,002977135
0,002240312
0,001909884
0,002368827
0,001466481
0,001607557
0,001470004
0,001364296
0,001470889
0,002038577
0,001483695
0,001461499
0,001423436
0,001756239
0,00144454
0,001400644
0,00141875
0,001423868
0,001480097
0,001510604
0,001518318
0,00154554
0,00173881
0,001918611
0,001522616
0,001532546
0,001748456
0,00178488
0,001478217
0,001460197
0,001614994
0,001463539
0,001673247
0,00143828
0,002011589
0,001640773
0,001613413
0,001498271
0,001452607
0,001661596
0,001614609
0,001524637
0,002728664
0,001925125
0,001974973
0,001668604
0,001533727
0,001677433
0,001483405
0,001574186
0,001600459
0,001525757
0,001573281
0,001536942
0,001470668
0,00173638
0,001446783
0,001472573
0,001537045
0,001557961
0,001589349
0,001570659
0,001569164
0,001607142
0,001443195
0,001471748
0,001470551
0,001582351
0,001741786
0,002068317
0,00158407
0,001802826
0,00168622
0,00153231
0,001583811
0,001703054
0,001612533
0,001475519
0,001558645
0,00159163
0,001520332
0,001509347
0,001580452
0,001533243
0,001676978
0,001713815
0,001660891
0,001670678
0,001513334
0,003285614
0,001378964
0,001570834
0,002536067
0,001576567
0,001718312
0,001716443
0,001525331
0,001541694
0,001463128
0,00198779
0,001487832
0,001454228
0,001399034
0,001487678
0,001628808
0,001401236
0,001471784
0,001444323
0,001395352
0,001515363
0,001541987
0,001601795
0,001561017
0,001454632
0,00162704
0,001598009
0,00158199
0,001699361
0,00140199
0,001438375
0,001407377
0,001603427
0,001437961
0,001537276
0,001483528
0,001626391
0,001447745
0,001689326
0,001533944
0,001538996
0,001582186
0,001760724
0,00143952
0,00155572
0,001693502
0,001610916
0,001515381
0,00159197
0,001681496
0,001633892
0,006610599
0,001644645
0,001905413
0,001478472
0,001562483
0,001617199
0,001708359
0,001479319
0,001416373
0,001552585
0,002075928
0,001868298
0,001806421
0,001486609
0,001426815
0,001706014
0,001477763
0,001699641
0,001475563
0,001541586
0,001833966
0,001597795
0,001531366
0,003493636
0,001563226
0,001637755
0,001526542
0,001378236
0,00161339
0,001524069
0,001430919
0,00160414
0,001539734
0,001553908
0,001614731
0,001644446
0,001503784
0,001460926
0,001917143
0,001590828
0,001734122
0,001545648
0,001643582
0,001680343
0,001582827
0,001734559
0,001778284
0,00158919
0,001853343
0,001451272
0,001580353
0,002000083
0,001510795
0,001545061
0,001653455
0,001466312
0,001469676
0,001487071
0,001563428
0,001608383
0,00149519
0,003192756
0,001484043
0,001661339
0,00139238
0,001449521
0,001379862
0,001894878
0,001661922
0,002029267
0,001924003
0,001928589
0,002123645
0,002313322
0,002008695
0,002696544
0,001456039
0,001515649
0,001630436
0,001545113
0,001637953
0,001503298
0,001445446
0,001573463
0,001517466
0,001645981
0,001506517
0,001542897
0,004512369
0,001607958
0,001525031
0,00159315
0,001620414
0,001653082
0,001556369
0,001751862
0,00158993
0,001624678
0,001542133
0,001462004
0,001699411
0,001635969
0,001527679
0,001469268
0,001456307
0,001657638
0,001530143
0,001796503
0,001558752
0,001750417
0,001515891
0,001456234
0,001453858
0,001487519
0,001521666
0,001553738
0,001940647
0,00153703
0,001418721
0,00148853
0,001824168
0,001606683
0,001460804
0,001479961
0,001730355
0,001573529
0,001514775
0,001602145
0,001607586
0,001481184
0,001441648
0,001480387
0,002017826
0,001579562
0,00182871
0,001603835
0,001548516
0,001695306
0,001889857
0,001498655
0,001711291
0,001736108
0,001795939
0,001551677
0,001542792
0,001630699
0,001568422
0,00151523
0,001622105
0,001493805
0,00171758
0,001535332
0,001591679
0,001504399
0,001506573
0,001592895
0,00157504
0,001488418
0,001386119
0,001578316
0,001601977
0,001513964
0,001627611
0,00155027
0,001534407
0,001693906
0,001640614
0,001660181
0,001617267
0,001868844
0,003213839
0,001736054
0,001599278
0,001505659
0,001533661
0,00154097
0,001472541
0,00165037
0,001602157
0,001771607
0,002031979
0,001551126
0,001951824
0,001560303
0,001979234
0,001516113
0,001449354
0,00152912
0,001623092
0,001513254
0,001755464
0,001546986
0,001435534
0,001403994
0,001438884
0,001517686
0,001444819
0,001696786
0,001497517
0,001503193
0,001578694
0,001720133
0,001748924
0,001603972
0,001601333
0,001702215
0,001652479
0,001479449
0,001689238
0,001737634
0,001468246
0,001542578
0,001786587
0,001725613
0,001805472
0,001422346
0,001506775
0,001454806
0,001476508
0,001539057
0,001466286
0,001558726
0,001478816
0,001565583
0,001485332
0,001463146
0,001740042
0,001520212
0,001418531
0,001450588
0,001541128
0,001577453
0,00158659
0,001493277
0,001455617
0,001497032
0,001552546
0,001962272
0,001739683
0,001961636
0,001509113
0,001426129
0,001402586
0,001409856
0,001413064
0,001464516
0,001545378
0,001471122
0,001414408
0,001454818
0,001448231
0,001434144
0,001454235
0,001467049
0,001527183
0,001601853
0,001485742
0,001475897
0,001504611
0,00154786
0,00141741
0,001380357
0,001485927
0,001509298
0,001470701
0,001459597
0,00144428
0,001410669
0,001919737
0,001536072
0,001635206
0,001517834
0,001501254
0,00151816
0,001550454
0,001583768
0,001470018
