0,00388059
0,044729077
0,043096163
0,002263248
0,001692094
0,001580386
0,002281206
0,001545882
0,002215079
0,001553372
0,001599386
0,001505186
0,001628222
0,001626181
0,00155065
0,001898443
0,001677011
0,001867153
0,004092416
0,001580885
0,001724573
0,003755691
0,002726841
0,002309393
0,001517311
0,001992466
0,001730129
0,001561926
0,001535309
0,002420374
0,001592318
0,001543696
0,005996387
0,003058857
0,001887229
0,006047411
0,002010922
0,00236186
0,002669017
0,005511773
0,003235564
0,001586822
0,002845902
0,006430821
0,002221425
0,002069613
0,00194644
0,007400393
0,001447042
0,006255202
0,001913028
0,002365195
0,004874987
0,001741651
0,001525107
0,001833679
0,006777598
0,005697739
0,002672018
0,002103141
0,002975798
0,00307377
0,003518606
0,0029043
0,003209767
0,003029593
0,002455397
0,002716604
0,002844401
0,003026423
0,003468782
0,001862899
0,003185551
0,00276495
0,002948956
0,002549002
0,002951868
0,003967531
0,002260504
0,003117257
0,002802245
0,002943475
0,002868242
0,002932313
0,002893486
0,002898811
0,002784297
0,004755427
0,002968985
0,002865426
0,003170519
0,003045438
0,003129679
0,002749839
0,002429917
0,002942487
0,002918116
0,003171569
0,003023051
0,002991812
0,002603306
0,00414447
0,005273317
0,005187537
0,001982687
0,002869427
0,003029822
0,002650864
0,002390328
0,00331534
0,00276303
0,003063144
0,003046172
0,003021841
0,003164155
0,003218752
0,002575822
0,003198556
0,003088822
0,003374929
0,002599766
0,002494992
0,005227387
0,002197217
0,003348368
0,002512575
0,002901601
0,002872084
0,002870808
0,002874665
0,00287221
0,002893921
0,002944966
0,002935661
0,003297342
0,002908036
0,002887153
0,002905831
0,002477931
0,002862515
0,003002731
0,002826611
0,002805009
0,002981789
0,002983372
0,002823719
0,002932686
0,002925631
0,002853844
0,002875267
0,003322576
0,002879075
0,002859172
0,002858992
0,002931575
0,00290889
0,002457932
0,004451551
0,00304602
0,002829245
0,003010778
0,003247611
0,00285352
0,002928745
0,002905265
0,002918967
0,002408407
0,002944911
0,002899908
0,002874301
0,003106348
0,003097415
0,003438782
0,002892324
0,002976727
0,002493523
0,002875424
0,003186718
0,002628647
0,002877972
0,003519247
0,003917659
0,002787731
0,003317027
0,003085383
0,002587662
0,002492398
0,00299378
0,00289663
0,004645055
0,002442036
0,002708058
0,003187916
0,002890765
0,002914468
0,002494478
0,002906493
0,002872258
0,002845045
0,002920269
0,002952957
0,002845902
0,003014456
0,003000306
0,002792411
0,00328133
0,00303556
0,003126363
0,002131836
0,002927006
0,002742088
0,002688028
0,003386602
0,002824654
0,003199431
0,002765466
0,0027291
0,00323736
0,002949102
0,002503728
0,003006171
0,002811552
0,003388831
0,002829066
0,002878936
0,002911761
0,00253555
0,003170969
0,002651713
0,004904592
0,00252687
0,003917144
0,003669935
0,002314888
0,002332694
0,003257304
0,002553093
0,002937467
0,002924499
0,003043544
0,003371286
0,003354641
0,003311461
0,003172136
0,001751112
0,002865127
0,003265672
0,002915337
0,002911862
0,002932491
0,002932997
0,002866826
0,002857173
0,002934571
0,002935545
0,002890688
0,002940515
0,002768175
0,003189132
0,003519354
0,002771573
0,002697372
0,002898084
0,002909931
0,002889513
0,002921878
0,002894362
0,002525128
0,003208908
0,002587865
0,002942466
0,00284758
0,002926893
0,002852714
0,002882737
0,003234694
0,004027897
0,002230359
0,002536571
0,002704975
0,002711149
0,003167962
0,003064834
0,002274895
0,002817971
0,003409736
0,002465997
0,002846564
0,003306415
0,002893373
0,002901066
0,002700741
0,00272653
0,00321648
0,002572609
0,002880522
0,002878002
0,002897689
0,002915906
0,003220169
0,003912287
0,005541005
0,001745743
0,003185207
0,002515224
0,003303539
0,002225954
0,002872478
0,002863177
0,002906392
0,002890068
0,002840438
0,002942961
0,002760551
0,002869723
0,003293106
0,003755757
0,003439995
0,002058279
0,003021098
0,002494216
0,002884843
0,002545774
0,005048023
0,0026305
0,002909874
0,002953709
0,00323845
0,003339997
0,002681318
0,002418015
0,002504042
0,003299498
0,002992407
0,002909501
0,003376106
0,002827447
0,002399883
0,002889186
0,003478674
0,002798167
0,002906984
0,002798492
0,002970861
0,002443408
0,00291135
0,002895496
0,002878666
0,00289616
0,003259826
0,003104856
0,002941343
0,002883633
0,002914153
0,002827198
0,002863044
0,002986809
0,002914572
0,002961399
0,002804269
0,002898561
0,002505929
0,002928679
0,002849978
0,002898779
0,002894862
0,002903448
0,004374963
0,002595101
0,002890328
0,002944299
0,002728262
0,002973788
0,002429095
0,002883366
0,003203263
0,00299113
0,003250254
0,003494803
0,002191112
0,002801535
0,002484971
0,002870565
0,002968314
0,002770728
0,002889709
0,002984756
0,003494793
0,003326702
0,002804513
0,002928545
0,002906211
0,002899227
0,002937063
0,002881396
0,003305377
0,003338422
0,002884437
0,002975884
0,002100089
0,002927213
0,002874852
0,002920048
0,002835381
0,003033403
0,002792394
0,003013985
0,002827202
0,004538791
0,002839445
0,002285167
0,002540981
0,002882291
0,002895484
0,002913201
0,003549837
0,003291294
0,002328102
0,003283362
0,002765401
0,003035314
0,002757684
0,002958987
0,002866755
0,002897826
0,00283419
0,002937616
0,002859919
0,002890748
0,002963592
0,002873089
0,00286958
0,003299292
0,002929246
0,002957185
0,002822739
0,002894149
0,002879171
0,002892233
0,002955361
0,002979716
0,002879097
0,002805569
0,002476428
0,002903313
0,002945547
0,002806791
0,003082674
0,002709827
0,00461268
0,002109112
0,002792241
0,003142738
0,002803961
0,002942125
0,002816208
0,002927963
0,003240732
0,002571201
0,002872728
0,003890326
0,00165166
0,003312183
0,002846523
0,002906857
0,002871157
0,002891769
0,003232034
0,003237263
0,003802337
0,003788396
0,002509881
0,00292131
0,002326214
0,002491121
0,003166318
0,00282988
0,002927326
0,002875116
0,003014493
0,003302384
0,002453233
0,002880825
0,002961365
0,003457289
0,003855714
0,003846182
0,002741299
0,002407517
0,002612562
0,002820489
0,002998158
0,00285649
0,00274671
0,002472647
0,002919745
0,002862071
0,005568196
0,002546277
0,002558922
0,003301142
0,002566027
0,002951649
0,002906135
0,002714898
0,002744529
0,003842727
0,003659606
0,003152463
0,00215323
0,003455608
0,002347465
0,003403564
0,002910782
0,002507476
0,002796344
0,003565587
0,003511964
0,003364681
0,003664582
0,002555335
0,002122997
0,00277228
0,002921758
0,003131915
0,003051988
0,002942583
0,00289463
0,002536645
0,002919898
0,002810974
0,002959861
0,002843929
0,002755663
0,002944257
0,002894171
0,003174412
0,002851023
0,002866209
0,00289986
0,002849584
0,002894145
0,003087794
0,002719984
0,002825094
0,00287528
0,00288812
0,003244895
0,003826945
0,006444826
0,002870202
0,002803203
0,00323481
0,002844186
0,002918879
0,002938171
0,002765261
0,002490857
0,002895014
0,003276872
0,002885336
0,002620439
0,002880578
0,002877684
0,002962922
0,003251179
0,002618358
0,0028559
0,003466957
0,002621224
0,00293351
0,002877236
0,002955753
0,002907569
0,002862883
0,002875448
0,002844212
0,002575631
0,002839859
0,002948448
0,003225419
0,002612712
0,002927324
0,00280899
0,003253825
0,002919918
0,002847169
0,002871777
0,003213727
0,002660445
0,003362804
0,003116164
0,003823691
0,003657686
0,003874073
0,002495335
0,002684834
0,002831255
0,002830897
0,002802705
0,005409963
0,002582357
0,002726288
0,002848205
0,002852913
0,002989805
0,002964797
0,002734529
0,002850589
0,003006131
0,002861298
0,002869832
0,00293972
0,002860008
0,002907575
0,003130814
0,002648311
0,002923743
0,002848368
0,002858275
0,002893317
0,002891219
0,002873326
0,002926555
0,002864882
0,002866819
0,00290084
0,002881395
0,002919568
0,002945985
0,002902442
0,002902261
0,002889871
0,002866145
0,002925285
0,00290235
0,002939551
0,002893546
0,00294927
0,002805653
0,002905338
0,002853928
0,002828362
0,002681482
0,002681705
0,003049111
0,003073468
0,00322943
0,002801842
0,004088156
0,003052489
0,003979788
0,00265353
0,002855694
0,002517473
0,003235263
0,00270064
0,002866474
0,002817113
0,00279257
0,002849872
0,002847019
0,002924632
0,002860168
0,002931231
0,003174367
0,002981439
0,002881028
0,003218392
0,002685418
0,00314591
0,002644662
0,003237326
0,003916777
0,003819322
0,00272498
0,003051813
0,002850934
0,003327772
0,004020281
0,001808051
0,002753727
0,00337608
0,002983194
0,002814034
0,002970906
0,002912726
0,002849372
0,002930517
0,002685406
0,002951738
0,002891594
0,002870559
0,00293148
0,002920399
0,004988811
0,003634182
0,003898953
0,003169395
0,002920868
0,002533362
0,003569456
0,003639002
0,002081186
0,002660524
0,003871723
0,001577016
0,002709723
0,00303228
0,003057288
0,002220465
0,00287837
0,003317329
0,002509964
0,003538937
0,002674352
0,002316739
0,002395729
0,002780187
0,002695723
0,00250602
0,002480907
0,003239566
0,002913006
0,002905791
0,002839966
0,002919122
0,002954944
0,003223947
0,002561313
0,002885044
0,00290421
0,003162852
0,003231262
0,003011848
0,002745426
0,002878212
0,002942469
0,002441972
0,004509093
0,002359217
0,00330477
0,005271503
0,002199652
0,002465985
0,002592302
0,002698625
0,003150039
0,002882616
0,00289524
0,003230381
0,002982669
0,002793258
0,002945822
0,002435434
0,002305045
0,002900407
0,002867075
0,002986936
0,002865285
0,002856501
0,002939118
0,003008854
0,002827248
0,002846975
0,002871214
0,002938923
0,003041033
0,003178329
0,002889376
0,002694257
0,002729926
0,00283885
0,002900029
0,002821811
0,00295545
0,002917352
0,003329081
0,003267899
0,002393587
0,003533271
0,002858298
0,005618342
0,001854052
0,003354257
0,003065043
0,002974089
0,002863354
0,002927379
0,002912057
0,003074234
0,003621848
0,003538964
0,003041591
0,00237029
0,002684082
0,003003756
0,002655827
0,003245984
0,003203752
0,003498521
0,003074273
0,002847996
0,002894054
0,002852476
0,002995748
0,002900434
0,002836635
0,002922227
0,002838003
0,002953546
0,002483119
0,002945306
0,002906659
0,002879632
0,002911308
0,00287582
0,003177263
0,002743617
0,003297726
0,002736828
0,002916844
0,004594164
0,002765622
0,002900319
0,002991791
0,002761147
0,002653658
0,002775355
0,002935536
0,002828865
0,002845429
0,002990085
0,002873872
0,002982989
0,00316082
0,002926423
0,002911416
0,0025746
0,003287224
0,002927649
0,002868295
0,002999735
0,002919408
0,002935031
0,002847076
0,003015619
0,002415328
0,003183961
0,002602791
0,002901571
0,002893414
0,00294482
0,002853086
0,003138801
0,003022487
0,002869242
0,002542655
0,002891266
0,002893215
0,002825506
0,002968855
0,003868356
0,002311915
0,002870865
0,00292521
0,002849205
0,002926073
0,003379564
0,00290969
0,002908294
0,003316368
0,002859381
0,003182344
0,002842017
0,002888133
0,002911698
0,002874437
0,002942378
0,002863879
0,002862616
0,002916197
0,003339911
0,002877338
0,002899279
0,002890776
0,002705755
0,002694899
0,002873489
0,002889497
0,002930937
0,002839977
0,00296793
0,003185153
0,00298611
0,002909981
0,002865866
0,003107409
0,002715945
0,004334102
0,002335625
0,003271874
0,003257273
0,00306431
0,002834363
0,002960094
0,003301432
0,002740077
0,002428964
0,002909081
0,002882796
0,002915335
0,002886777
0,002843976
0,003083489
0,002792412
0,003189305
0,00288734
0,002916745
0,002924195
0,002933366
0,002867323
0,002871819
0,00291004
0,003055375
0,003662095
0,001908563
0,002950976
0,003276445
0,002958151
0,002865459
0,002942602
0,002911743
0,002893516
0,003048419
0,002891403
0,002928674
0,002865977
0,003044851
0,003148
0,003225952
0,003381706
0,002281166
0,003087711
0,005001517
0,002049203
0,003124921
0,002889291
0,003153932
0,0032334
0,005115332
0,003363012
0,00279625
0,003068456
0,002023621
0,002864696
0,003340914
0,002857498
0,002928467
0,002873115
0,002979076
0,002894148
0,002903841
0,002934622
0,004162435
0,005115106
0,005172352
0,003033347
0,002518569
0,002487956
0,002876333
0,002938841
0,002849272
0,002900433
0,002919104
0,00290328
0,002934835
0,002890476
0,002872635
0,002845177
0,002914868
0,002953481
0,003082333
0,00271194
0,002882383
0,002889277
0,002932273
0,002841963
0,00290517
0,002950952
0,002859131
0,002913752
0,002891917
0,003125451
0,003021309
0,003564327
0,004010111
0,002985272
0,006112945
0,003175016
0,003121703
0,003609509
0,003645098
0,003503335
0,001754106
0,003201579
0,003345235
0,00329005
0,00301847
0,003857513
0,002731926
0,00325986
0,002776414
0,002871485
0,002808426
0,002923931
0,002937196
0,002496064
0,002853886
0,003035032
0,002863918
0,003137128
0,002820176
0,003262925
0,002942299
0,002879748
0,002870823
0,0029407
0,00280172
0,002976259
0,00295533
0,003063412
0,003133019
0,002865548
0,002988689
0,002781085
0,002796407
0,002930508
0,002873894
0,002715819
0,002648017
0,00290014
0,002992996
0,002799127
0,002838584
0,003090824
0,002690166
0,00293541
0,002911452
0,004809062
0,003121368
0,003102705
0,002875313
0,003033246
0,00212071
0,002930505
0,002737945
0,003250947
0,002397732
0,003075757
0,002922671
0,002890389
0,002845241
0,002950291
0,003208518
0,003027429
0,002826352
0,003070653
0,003023288
0,002946991
0,002312288
0,003643731
0,002860335
0,002297271
0,002702455
0,00294176
0,002470962
0,002878018
0,002945053
0,002930763
0,003350229
0,004099014
0,003701634
0,002378454
0,003734623
0,003604602
0,003211249
0,003217905
0,004863526
0,004575277
0,001799332
0,002760944
0,002921711
0,00283617
0,004601527
0,002096344
0,002954617
0,002892188
0,004390476
0,002008202
0,00315173
0,002969985
0,003219452
0,00359752
0,003478957
0,003534463
0,003033569
0,002214565
0,002854229
0,002960147
0,002838032
0,002982861
0,002803823
0,003033417
0,002839946
0,002877303
0,002881561
0,002937276
0,002788844
0,002637838
0,002904571
0,00283837
0,002857888
0,00288649
0,002896408
0,002893434
0,00305867
0,003025548
0,003039043
0,002750575
0,002604243
0,003613483
0,002553536
0,002605572
0,002887337
0,002575556
0,003628929
0,002518242
0,002591732
0,003562448
0,002581869
0,002890512
0,002988572
0,00275669
0,003296786
0,003089538
0,004270973
0,002605092
0,003244649
0,003419353
0,003700328
0,001668362
0,002551288
0,002813213
0,002759188
0,002872884
0,002928673
0,002886565
0,002915439
0,002973977
0,003340108
0,00294994
0,002525031
0,003178262
0,002675112
0,00288117
0,003285876
0,002848812
0,002969272
0,002806259
0,003013288
0,00284044
0,002830882
0,002910469
0,002899978
0,002991862
0,002954879
0,002655769
0,00306835
0,002380076
0,002824406
0,002940647
0,00288571
0,002876968
0,002898695
0,002903957
0,002922984
0,00301996
0,003080487
0,002907949
0,00327384
0,005407128
0,00277498
0,003379948
0,002586785
0,00270855
0,00328174
0,002912297
0,002977997
0,00275848
0,002502743
0,002810257
0,002956786
0,002893571
0,002663016
0,003220461
0,003358522
0,002478814
0,002682063
0,002510831
0,00298984
0,004544422
0,003013479
0,00310951
0,003354535
0,003310127
0,003308426
0,002587968
0,002433905
0,002463758
0,003277565
0,00298915
0,002877721
0,002815697
0,0028594
0,002847348
0,003328771
0,003023794
0,002761749
0,002820603
0,002895065
0,002778919
0,002898618
0,002875586
0,002916927
0,002861157
0,002927873
0,00261697
0,003428849
0,003829834
0,003090227
0,002317939
0,003100159
0,002730751
0,002765413
0,003136632
0,005519434
0,002416717
0,002808332
0,002668152
0,002867858
0,002862717
0,002878888
0,003250129
0,003056486
0,00382794
0,003417476
0,002902498
0,002105548
0,002955394
0,00286288
0,002967341
0,002825313
0,002937691
0,002885294
0,003251977
0,002532491
0,002931455
0,003248565
0,002857616
0,002636978
0,002838076
0,002975407
0,003501309
0,002700887
0,002506529
0,002878177
0,002875977
0,002885084
0,002808001
0,00283776
0,002892182
0,003076104
0,002703746
0,002748698
0,002735434
0,003085172
0,002956973
0,002806808
0,00248722
0,002936832
0,002933017
0,003247771
0,002620932
0,002817232
0,002882498
0,002837965
0,002915976
0,002919421
0,005020512
0,002600471
0,002820486
0,003176429
0,003115948
0,00243463
0,002668612
0,002562718
0,002869496
0,002988633
0,003164356
0,002589197
0,002843093
0,003223548
0,0026224
0,002870214
0,003189881
0,002632044
0,002933726
0,00297673
0,002880294
0,003393115
0,002941908
0,002824739
0,002484381
0,003216376
0,002624164
0,002842627
0,00295277
0,002849187
0,002866684
0,002928329
0,00322715
0,002949981
0,002966272
0,002854435
0,002886808
0,002929912
0,002866304
0,002895093
0,002532479
0,002919596
0,003231815
0,0029089
0,002902549
0,002919817
0,002509325
0,002857042
0,00290651
0,002867955
0,01330993
0,001843941
0,003668904
0,003680179
0,002112186
0,003787781
0,002375953
0,003029959
0,003243415
0,002944546
0,002449179
0,003203627
0,002600074
0,002959653
0,002898695
0,002891623
0,002854664
0,002876808
0,003431157
0,002340149
0,003746209
0,003218626
0,003071748
0,002572203
0,002902635
0,002903723
0,002881163
0,002906308
0,00293037
0,003147815
0,002617829
0,002477923
0,002919034
0,002937945
0,003591162
0,00345399
0,002859518
0,002490628
0,003102274
0,004147034
0,002860478
0,002809688
0,002565866
0,002887834
0,002918062
0,003074713
0,00276709
0,00479207
0,003449667
0,002269745
0,002789832
0,003297369
0,002994846
0,003265537
0,002890471
0,003337408
0,002612967
0,002488517
0,002704413
0,00319192
0,002939315
0,002948038
0,003253908
0,003208282
0,002858843
0,002445674
0,002722656
0,002919722
0,002880793
0,003257088
0,002532888
0,002930878
0,002900909
0,003047796
0,003013326
0,0028964
0,002947234
0,002814299
0,002928007
0,002843809
0,002583573
0,002896692
0,002910622
0,004106942
0,005150905
0,005202094
0,002160182
0,003502423
0,00301549
0,00239869
0,002896863
0,002880534
0,002916731
0,004985327
0,002967565
0,002879053
0,002497163
0,002928635
0,002870522
0,00322608
0,002542611
0,002896579
0,002772925
0,003081559
0,00285675
0,002908831
0,002890187
0,002900807
0,003441643
0,002792343
0,002992086
0,002807246
0,002941744
0,002824552
0,002870017
0,002976111
0,002857464
0,004382229
0,004799993
0,00190583
0,003751086
0,003100087
0,004382443
0,005196389
0,002342855
0,003160714
0,002088406
0,002572525
0,003389548
0,002749282
0,003325284
0,00279905
0,002964511
0,002121968
0,003098282
0,002969141
0,004338428
0,003101168
0,002306476
0,002992113
0,002851901
0,003248254
0,002932169
0,0028897
0,002904003
0,002915411
0,002996647
0,003015033
0,002848506
0,003314364
0,002812392
0,002940506
0,002770292
0,002902841
0,002951826
0,002512976
0,002829016
0,002871496
0,003427346
0,003912837
0,003317965
0,002073169
0,002858154
0,003337323
0,003077676
0,002956115
0,002911861
0,002862339
0,002730767
0,003212094
0,003545457
0,003302126
0,003069412
0,002068767
0,00312016
0,002810284
0,002901784
0,002926671
0,005515251
0,002707199
0,002444812
0,003341914
0,002901766
0,003044566
0,002745884
0,002900926
0,002835134
0,002882635
0,003056617
0,003257482
0,002926329
0,002481742
0,002624315
0,002815261
0,003214048
0,002876724
0,002939309
0,002879528
0,002905529
0,00288446
0,002859501
0,002991222
0,003479577
0,002839981
0,002903674
0,002881389
0,002951826
0,002853365
0,002906072
0,00291294
0,00361572
0,002765897
0,003583496
0,003675017
0,003450786
0,003629634
0,002170183
0,002985419
0,003245831
0,002570263
0,002554637
0,003315538
0,002993694
0,002766342
0,003077327
0,002825799
0,002882006
0,00502747
0,002948954
0,003353832
0,002808982
0,00290327
0,002918182
0,004016345
0,002202779
0,002908841
0,002807501
0,002535722
0,002913885
0,002887036
0,003824314
0,002585635
0,003315684
0,002971321
0,00274927
0,002892675
0,003026083
0,002726341
0,002540743
0,003255091
0,002577652
0,002891817
0,002883509
0,002908336
0,003307581
0,002870479
0,002492001
0,002869633
0,002934192
0,003289904
0,002889725
0,002975669
0,002825567
0,002700216
0,003114556
0,003053968
0,002260715
0,002924763
0,003630596
0,003096169
0,002967811
0,002879384
0,00295603
0,002656258
0,003045958
0,004465761
0,002138604
0,003485613
0,00489864
0,003640515
0,003462457
0,003200072
0,002956444
0,003249247
0,002925628
0,002887902
0,00282955
0,00293832
0,00289846
0,003270865
0,002154658
0,002847953
0,00296607
0,003038971
0,003097247
0,002945617
0,002868719
0,002427989
0,003203241
0,003874886
0,003783692
0,001972631
0,003857868
0,003807145
0,004007036
0,003056444
0,002592895
0,002485055
0,002488082
0,002950963
0,002832669
0,002966748
0,002890826
0,003254679
0,002931961
0,002908567
0,002888535
0,002899354
0,003501605
0,003496749
0,004212001
0,004152832
0,005451261
0,002467993
0,002486538
0,002803498
0,005270663
0,003733125
0,002101906
0,003503718
0,002891116
0,003158571
0,003077479
0,002465784
0,002800112
0,004710147
0,005598409
0,005390017
0,001696335
0,00311999
0,002876384
0,002891088
0,002472862
0,002945588
0,00286451
0,002986833
0,00294905
0,003195025
0,002472372
0,002871788
0,002982591
0,002792521
0,003174357
0,002947176
0,002991253
0,003531679
0,003742472
0,003995353
0,002263376
0,003048785
0,003129985
0,002979119
0,002856562
0,004750225
0,002055211
0,002972145
0,004449659
0,001955341
0,00288732
0,00269901
0,002360297
0,002894341
0,002835536
0,003030775
0,002906094
0,003038374
0,003161196
0,002875702
0,00281762
0,002927607
0,002538443
0,002728396
0,003547961
0,002525826
0,003217114
0,002540354
0,002802946
0,003000639
0,002659089
0,002483868
0,002925923
0,003279227
0,00360675
0,003224398
0,003097353
0,003237868
0,00230772
0,00280753
0,002961763
0,003153035
0,002916077
0,002870027
0,003004108
0,00281951
0,002955803
0,004848491
0,002640153
0,003099676
0,002049196
0,002928206
0,002902812
0,00363029
0,003178605
0,002846532
0,00290323
0,002990263
0,002814361
0,003261137
0,003118541
0,002909992
0,002908058
0,00291094
0,00247582
0,002882213
0,002877143
0,002858673
0,002891297
0,002890558
0,002892736
0,002902137
0,003884353
0,002016245
0,002879775
0,002694148
0,002880789
0,002904465
0,003165172
0,002136385
0,003316231
0,003283446
0,002950843
0,002833095
0,00290275
0,002927661
0,002576904
0,002907886
0,005364633
0,001923497
0,002843836
0,003400518
0,002862828
0,002924246
0,002833149
0,003069212
0,00311544
0,002462492
0,002824505
0,003345052
0,002938711
0,002868818
0,002537553
0,002843497
0,003000554
0,002773996
0,00289216
0,002880012
0,002971525
0,002898087
0,003063112
0,003123451
0,002700218
0,00272701
0,002882823
0,002896479
0,003250262
0,002544611
0,003341962
0,002903887
0,002832135
0,002948354
0,002848769
0,002894124
0,002977051
0,002409945
0,002946432
0,004633536
0,002333878
0,003629961
0,005819105
0,00276732
0,004922349
0,005799182
0,004538957
0,002483899
0,003039126
0,003229268
0,00289523
0,003212076
0,003127552
0,002957296
0,002871394
0,002830365
0,002911109
0,002866129
0,002929482
0,0028582
0,002979033
0,002413437
0,002908465
0,003007299
0,002815925
0,002877681
0,002866221
0,002594421
0,003250626
0,002977718
0,003422765
0,003578815
0,003143742
0,002879765
0,002834639
0,004562264
0,002800959
0,002334163
0,003272045
0,00348152
0,003023606
0,002959273
0,003251048
0,002862054
0,002845081
0,002942855
0,002851394
0,002884372
0,003038938
0,002774839
0,002910432
0,002881218
0,002881055
0,002895745
0,002900251
0,002934073
0,002953597
0,002935788
0,003241755
0,003815727
0,002493012
0,002875993
0,002666337
0,002844611
0,00290655
0,002882833
0,003346244
0,002498251
0,003226668
0,002944207
0,002852464
0,002829236
0,003301623
0,002954425
0,002148148
0,002932709
0,00294729
0,002860323
0,002901669
0,002881859
0,004233964
0,002333292
0,00397001
0,00211627
0,00314503
0,003048743
0,001859371
0,003002283
0,003228273
0,002867276
0,003833385
0,00344813
0,003666326
0,002739236
0,00202499
0,002834564
0,002954471
0,002924364
0,002683413
0,002690234
0,002688526
0,002987508
0,002853102
0,002887739
0,002887846
0,00345883
0,002721337
0,002662984
0,002876799
0,002898128
0,002978429
0,00308003
0,002648226
0,002893618
0,002958808
0,003170037
0,002675092
0,003167145
0,002741206
0,002731904
0,002932944
0,002930854
0,003189255
0,002595208
0,003284321
0,002483448
0,002968003
0,002854591
0,00286867
0,002920531
0,002922671
0,003209967
0,002543975
0,003352478
0,004711916
0,003137479
0,002947683
0,002810814
0,003358083
0,002956187
0,002835161
0,002898533
0,002906643
0,002830228
0,002926724
0,002905352
0,00302696
0,002340607
0,002724017
0,003607987
0,002545409
0,002902482
0,002877013
0,003033695
0,003895718
0,003962153
0,003937209
0,003713833
0,001809095
0,003458828
0,003132509
0,003083521
0,002091788
0,002957446
0,002845808
0,002945563
0,002691251
0,003284842
0,002511025
0,002791267
0,003026734
0,002885354
0,002880259
0,003504285
0,003886435
0,00391627
0,003041172
0,002263166
0,002624122
0,002878692
0,002835073
0,003039969
0,002696133
0,002817281
0,005857784
0,002179618
0,003190987
0,002496819
0,002541156
0,003071081
0,00352228
0,003130612
0,002826476
0,002270863
0,003402644
0,003156697
0,002865466
0,002530395
0,003447265
0,002963727
0,002399407
0,002688518
0,002896949
0,00293422
0,002818411
0,002952104
0,003327044
0,002943071
0,002777623
0,003199645
0,002629325
0,002469608
0,003697195
0,003132281
0,002990343
0,002825006
0,00291638
0,003206399
0,002128037
0,003239547
0,002544393
0,002802528
0,00297697
0,002877688
0,003194681
0,0029976
0,003233763
0,003185179
0,002874157
0,002976491
0,002875933
0,002867175
0,002911473
0,002867632
0,004839723
0,002635484
0,002851704
0,002865758
0,002801899
0,002818363
0,003084224
0,002844195
0,00304369
0,002775192
0,002881327
0,002918075
0,002897101
0,002887522
0,002430548
0,003019396
0,002879907
0,002824583
0,002899258
0,0032234
0,002562953
0,003251855
0,002880612
0,002598143
0,002861834
0,00295133
0,002879319
0,003340892
0,002723331
0,00342509
0,003350595
0,003075901
0,002788527
0,002191771
0,002878538
0,002901281
0,002889664
0,003858792
0,004125788
0,003129069
0,00290232
0,003131278
0,002492612
0,002774685
0,003430515
0,002357232
0,002898349
0,003314389
0,00288516
0,002923556
0,002503986
0,002883333
0,003200396
0,002701466
0,003964237
0,00530029
0,004893022
0,003276249
0,002449643
0,002774176
0,002752893
0,002963682
0,002999744
0,002648097
0,002448389
0,003026855
0,0028589
0,003062333
0,002708977
0,002947369
0,002885878
0,002884432
0,00294081
0,003038357
0,002747818
0,002856243
0,002902567
0,003630289
0,00293221
0,003734675
0,00216387
0,002514642
0,003311048
0,002659887
0,002845179
0,002917715
0,00296351
0,003240872
0,004904995
0,006666171
0,003090773
0,002684779
0,002795973
0,002947613
0,003744323
0,003529201
0,003143902
0,002789208
0,002940276
0,002897869
0,002891221
0,003150072
0,002704636
0,002866905
0,002935196
0,0028839
0,00287353
0,002866867
0,002908909
0,005273782
0,003162638
0,00347496
0,003026757
0,002203505
0,002901416
0,002840376
0,002995163
0,002774648
0,002921351
0,002969839
0,002816268
0,002955823
0,002793436
0,002912005
0,00293639
0,002890217
0,002839248
0,00301286
0,002803311
0,002952496
0,003070655
0,003132855
0,00250881
0,002867415
0,002926406
0,003033735
0,002827764
0,002908874
0,002939175
0,002753096
0,003034949
0,00294114
0,002829114
0,002695367
0,002794538
0,003278578
0,002893738
0,002878967
0,00292544
0,00292609
0,002900915
0,002845354
0,002937533
0,002795064
0,002949278
0,002907534
0,002936464
0,002870716
0,003020382
0,00318069
0,002896933
0,006300628
0,003744832
0,003867323
0,003346127
0,003293864
0,001934972
0,003017175
0,002908919
0,002915085
0,002929564
0,002989269
0,002769425
0,003258272
0,002960056
0,00290326
0,002881489
0,002911895
0,00290292
0,003180929
0,003111429
0,002991796
0,002391909
0,003055572
0,003303584
0,002707559
0,002452724
0,003350452
0,00244925
0,003187164
0,002669868
0,003031579
0,003849533
0,001879973
0,003104917
0,00282971
0,002780026
0,002876919
0,002536459
0,00393106
0,003883152
0,002445694
0,002333343
0,00281427
0,003811539
0,003606785
0,002597739
0,003427379
0,003110383
0,002435982
0,002639566
0,003359373
0,002316582
0,002919997
0,002888674
0,003054209
0,002751781
0,003109975
0,004756085
0,00552769
0,002625358
0,002915135
0,003374993
0,0036146
0,003509959
0,002163001
0,002878984
0,003521593
0,003324178
0,002890464
0,002919282
0,002999917
0,002900591
0,002777125
0,002978979
0,002896065
0,002873871
0,002961057
0,002877857
0,002832507
0,00300642
0,002853594
0,002934947
0,002764687
0,002986634
0,002912821
0,00288087
0,002812069
0,002946152
0,003003827
0,002788787
0,002931088
0,002838129
0,002976871
0,0028366
0,002973538
0,002684835
0,002923291
0,002987799
0,002741342
0,003092433
0,00299833
0,003301122
0,003256434
0,003558739
0,003058663
0,002220033
0,002588119
0,002927412
0,002906785
0,003123755
0,00338253
0,003760821
0,003118663
0,002295371
0,004451773
0,003168724
0,002447949
0,002976448
0,002719445
0,002902566
0,002920166
0,002721107
0,002912669
0,002920637
0,003108791
0,003127695
0,002921312
0,00288069
0,002917705
0,002982632
0,002889426
0,00293417
0,003390353
0,002864239
0,002920178
0,003114701
0,002363731
0,002866983
0,002894498
0,002969904
0,002858329
0,002895514
0,002922083
0,002891176
0,002925612
0,002874567
0,00298065
0,002792231
0,002856673
0,002872153
0,002871319
0,002903417
0,002908963
0,003168864
0,002658254
0,002826845
0,002893009
0,002870504
0,002930032
0,002951213
0,002875136
0,002995404
0,002744968
0,003101629
0,002714727
0,002907553
0,002857901
0,002914036
0,002917971
0,004269234
0,003434804
0,002987476
0,003368189
0,002793026
0,002922578
0,003208349
0,002606434
0,002556181
0,002850522
0,002894699
0,002975181
0,002899131
0,003071968
0,002518602
0,002516017
0,002873478
0,00292203
0,002852684
0,003037946
0,00330198
0,002998738
0,002923721
0,00318176
0,00254414
0,002791639
0,002952234
0,003410034
0,002805939
0,002839186
0,002926592
0,00248934
0,003268367
0,002978212
0,002420107
0,003542258
0,002443403
0,003127759
0,002844322
0,002517755
0,002934908
0,002865929
0,002860099
0,002947438
0,002889326
0,002929821
0,0028415
0,002914068
0,002887473
0,003382628
0,002408005
0,005345972
0,001859671
0,003053817
0,003640014
0,004826902
0,00365355
0,002548418
0,002883978
0,002758096
0,002974804
0,002845146
0,00295017
0,002957766
0,002614104
0,002732877
0,002841855
0,003047394
0,002826671
0,002842051
0,002956981
0,002856549
0,002897484
0,002944932
0,002949457
0,002843798
0,002832044
0,002937302
0,002846736
0,002915801
0,002906197
0,002933919
0,002844733
0,003422222
0,002908392
0,002794231
0,00289171
0,003042433
0,002825747
0,002901089
0,002964161
0,002774937
0,002919804
0,002901686
0,002939728
0,002778889
0,002864459
0,002784553
0,002663869
0,002975177
0,002921545
0,004907491
0,003410086
0,002495069
0,002911676
0,002814526
0,002885289
0,002875912
0,002687839
0,002877584
0,002797669
0,002828175
0,003317566
0,003904037
0,003581159
0,001891283
0,002523517
0,003314083
0,002837863
0,002893368
0,002891115
0,002803513
0,002863545
0,003015651
0,00275641
0,002954305
0,002998133
0,003180441
0,002870295
0,00283299
0,002935633
0,002928284
0,002842216
0,002533169
0,003250613
0,003065311
0,002746954
0,002818427
0,002796931
0,003103794
0,002869954
0,002845603
0,002945226
0,002914863
0,00286929
0,002964744
0,002855195
0,002472445
0,002988816
0,004789584
0,003541457
0,002533326
0,003147344
0,002621478
0,002600928
0,002800495
0,002889555
0,00327784
0,002885183
0,00255874
0,004340758
0,001990674
0,003258705
0,002809149
0,002979204
0,002870604
0,002894074
0,002903616
0,002896433
0,002939996
0,002895106
0,00320136
0,002853577
0,002993096
0,002963377
0,003470835
0,002978911
0,002503922
0,003426857
0,002702674
0,00298486
0,002864181
0,002471795
0,00321444
0,002688027
0,002870283
0,003212434
0,003651527
0,003012545
0,002234013
0,002854954
0,002972158
0,003255047
0,004634373
0,001999846
0,003271156
0,003125691
0,002170901
0,002863401
0,002880566
0,003219039
0,002663801
0,00280559
0,002912067
0,003109992
0,002963254
0,002870466
0,002883042
0,003209495
0,003169437
0,002249933
0,002853517
0,002894516
0,002882821
0,002900406
0,004199796
0,00205524
0,002486784
0,002912871
0,002857874
0,00294766
0,002874906
0,003080322
0,004103597
0,001964012
0,002885598
0,002885953
0,003186913
0,003151617
0,00291145
0,00281116
0,003044028
0,002218468
0,003673372
0,002453551
0,002831073
0,003276215
0,004377185
0,002260876
0,002755726
0,002719854
0,003235973
0,00384487
0,002815264
0,001991803
0,002960029
0,003254071
0,002898053
0,002832813
0,003248203
0,008014325
0,001824292
0,002776779
0,003314522
0,002888566
0,002485701
0,002961524
0,0028625
0,002853886
0,002887868
0,002946816
0,002880592
0,00301674
0,002900972
0,002881366
0,002869496
0,002921254
0,002879287
0,002852606
0,00293606
0,002877059
0,00290378
0,002914136
0,003272878
0,002957207
0,002815203
0,002948084
0,002861479
0,00253731
0,00434903
0,00288383
0,003311871
0,0031897
0,003081145
0,00256291
0,002446139
0,002891147
0,002858711
0,003014663
0,003423168
0,00352294
0,002435522
0,003059471
0,002624352
0,002808986
0,002799548
0,003087401
0,002792084
0,002551692
0,002886538
0,003268414
0,00251915
0,002954621
0,002931323
0,002862894
0,003332095
0,002913699
0,002887377
0,002860499
0,003166346
0,002624138
0,002566928
0,003209091
0,002930331
0,002462816
0,003321951
0,002936912
0,002660071
0,002814137
0,002816613
0,003241261
0,002596858
0,00289039
0,002921645
0,002933138
0,002836051
0,002811481
0,00288434
0,003197076
0,013342257
0,002370414
0,003026805
0,0030255
0,00299646
0,004601334
0,003439225
0,002655842
0,001971986
0,003260511
0,004234977
0,005119902
0,005151372
0,001590586
0,00310446
0,002438346
0,002299135
0,002976311
0,002871209
0,002981973
0,002768818
0,002892131
0,002975276
0,002896532
0,002843376
0,00297991
0,002818521
0,00289566
0,002884757
0,002985027
0,003732444
0,003049009
0,0028518
0,003252776
0,002695611
0,002457518
0,00329968
0,002914537
0,00278064
0,002527162
0,002882846
0,003346214
0,003961362
0,003776285
0,0022327
0,002854039
0,002566028
0,002346864
0,0033119
0,002755654
0,003218716
0,003286028
0,003248312
0,002518026
0,003189635
0,002877267
0,002935162
0,002908912
0,002549209
0,004969646
0,001942261
0,002737524
0,003383395
0,002928448
0,002865529
0,002928287
0,002699254
0,003225548
0,003136848
0,002880465
0,002939688
0,002919005
0,002858701
0,002931099
0,002472272
0,002891613
0,002950554
0,002827835
0,003045745
0,002880458
0,002880576
0,002780407
0,002918085
0,002944641
0,004047711
0,003785141
0,001959753
0,002773983
0,002629379
0,002839726
0,002363467
0,003268692
0,003299892
0,002569243
0,002779593
0,00307789
0,002886607
0,00317126
0,002592237
0,002539404
0,003200373
0,002966974
0,00264356
0,002802369
0,002845184
0,002974046
0,002854558
0,002861146
0,003318616
0,002906537
0,002926942
0,002841855
0,002481671
0,002947119
0,002804024
0,002914837
0,005461561
0,002365928
0,002750887
0,002451006
0,002850016
0,002997494
0,002889842
0,002823045
0,003367933
0,002708726
0,002940171
0,003309254
0,002912474
0,002902136
0,003395058
0,003320876
0,00303488
0,003419744
0,002809945
0,003230462
0,002648446
0,002977426
0,003210864
0,002439979
0,002815286
0,002806103
0,002928169
0,002866695
0,002847209
0,002849539
0,002538309
0,00288875
0,002879671
0,00296663
0,002856026
0,002931015
0,003272894
0,002906333
0,002438752
0,002924382
0,0028973
0,002761003
0,00286303
0,002889074
0,003265804
0,0038056
0,003707332
0,003730532
0,002561054
0,002315843
0,002808715
0,002919537
0,003278491
0,003341612
0,004434716
0,003598752
0,002601952
0,003026009
0,003762639
0,0036063
0,003852499
0,005600744
0,003670194
0,003007876
0,003087598
0,003259647
0,002583041
0,00284234
0,003444005
0,002517087
0,002880289
0,002950851
0,002877352
0,002478289
0,002845168
0,003025472
0,002782552
0,002931099
0,002868739
0,00282937
0,00290134
0,003359874
0,002974658
0,002839693
0,002889801
0,002608409
0,002686705
0,003248817
0,002816154
0,002487517
0,002893064
0,003221988
0,002528339
0,003152449
0,003254131
0,002497504
0,003223568
0,002595991
0,004286077
0,003456674
0,003189929
0,002696832
0,003284827
0,004285235
0,002050336
0,002988972
0,002906395
0,002487575
0,003315612
0,003144138
0,002773573
0,002834891
0,002552265
0,002904488
0,002916015
0,00321098
0,003052336
0,003396848
0,002847691
0,002918612
0,002824948
0,002954935
0,002549814
0,002896384
0,002832832
0,003264207
0,002984809
0,002798219
0,002995549
0,002718896
0,002753673
0,002940508
0,003053493
0,00297462
0,003243245
0,003154197
0,00229162
0,002668297
0,002841253
0,002954709
0,002844875
0,002752218
0,002879191
0,002500282
0,002777219
0,002376255
0,002368396
0,0024004
0,002462855
0,007272688
0,002186446
0,002408088
0,002882456
0,002376751
0,004031137
0,001691008
