0,024783192
0,042570626
0,04601584
0,001758685
0,002707239
0,001676293
0,002247037
0,003005242
0,001990764
0,002045493
0,002525732
0,001969376
0,002486568
0,001738647
0,002879124
0,001497838
0,00313455
0,006467458
0,002078016
0,013958711
0,006869869
0,00212518
0,004222593
0,012264852
0,001610324
0,002696155
0,001847236
0,002638142
0,002037673
0,002635037
0,002591752
0,002672677
0,003321751
0,003273593
0,003409048
0,003396306
0,003571196
0,003055056
0,003792493
0,00308251
0,002488123
0,003562893
0,003258074
0,003725329
0,003508287
0,003991916
0,002138776
0,004086222
0,003084759
0,003264978
0,003547532
0,003461756
0,003577494
0,005744731
0,002167323
0,003488616
0,003767159
0,003429825
0,004612748
0,002206476
0,003400165
0,00377427
0,003257583
0,003498162
0,00341016
0,002573772
0,005868916
0,005212396
0,003665899
0,002325511
0,003516493
0,003490382
0,003044552
0,003596421
0,003540044
0,003531871
0,003425597
0,003511457
0,003394717
0,00314393
0,003354862
0,003717496
0,003392555
0,002571325
0,005010118
0,001967136
0,003186977
0,003416256
0,003518263
0,003420795
0,003451902
0,003524159
0,003464291
0,003488449
0,003526329
0,004042319
0,00363578
0,00318479
0,003422865
0,003123681
0,003830048
0,003325054
0,003288303
0,003271114
0,003473815
0,00344466
0,003781928
0,003222712
0,003108203
0,00382908
0,003490643
0,00380157
0,003466728
0,003531661
0,003913532
0,003076465
0,003255893
0,003842965
0,003154645
0,003528832
0,003477678
0,003171699
0,003515635
0,003439469
0,003714059
0,003309062
0,003441402
0,003408457
0,003526681
0,003783504
0,003181427
0,003042938
0,003465506
0,003549312
0,004664535
0,003887907
0,001877706
0,00280404
0,002999773
0,003893573
0,003345055
0,0034249
0,004995734
0,002004787
0,003240169
0,003366632
0,003086789
0,003883262
0,003440573
0,00315515
0,003204275
0,003762965
0,003239524
0,003506466
0,002945957
0,003915489
0,003242828
0,00357043
0,003682034
0,003697786
0,003199577
0,003342815
0,003463244
0,003148613
0,0038453
0,003050552
0,003840812
0,003569391
0,003301579
0,003485835
0,00348956
0,003511994
0,003375103
0,00343753
0,00381004
0,003107751
0,004481285
0,001965631
0,003699595
0,003717607
0,002671086
0,001851902
0,003507511
0,003517703
0,003435284
0,003491986
0,003655673
0,003836528
0,003419952
0,00338602
0,002516855
0,003301488
0,003023426
0,003540924
0,002971507
0,003583512
0,003824766
0,003461707
0,003530118
0,003437905
0,003594283
0,003371863
0,003454115
0,003494343
0,003434567
0,003454299
0,003583725
0,003404451
0,003603428
0,003348734
0,003410207
0,003538175
0,00377763
0,003285023
0,003356793
0,003452696
0,003499991
0,003765115
0,004028001
0,002596489
0,003506713
0,003436735
0,003042747
0,003590969
0,00324061
0,003783051
0,003225198
0,00345792
0,003120063
0,003841866
0,003501091
0,003439197
0,003435431
0,003473287
0,003046918
0,003520971
0,003464037
0,003427915
0,00581957
0,004003523
0,00270951
0,003276578
0,003131727
0,003950383
0,003158
0,003407262
0,003568666
0,003396402
0,00345202
0,003522188
0,00403429
0,003801632
0,003743095
0,002758177
0,00302593
0,002669749
0,003452119
0,005595929
0,002296604
0,003088276
0,00359014
0,00359071
0,003461782
0,003036159
0,003224466
0,00367979
0,003462056
0,003521632
0,00347228
0,00366318
0,003303574
0,003666745
0,003289342
0,003249288
0,003680573
0,003463052
0,003531189
0,003488663
0,003400102
0,003440127
0,003507297
0,003454777
0,003463561
0,003509983
0,003455842
0,003479543
0,003415637
0,00348352
0,003575267
0,003463986
0,003539134
0,003363897
0,003475384
0,003441264
0,005069391
0,002612548
0,001759274
0,003712708
0,003590811
0,003426181
0,003489319
0,003535206
0,003669739
0,003791551
0,003544829
0,002533234
0,001923153
0,003788276
0,003523369
0,003554968
0,003643418
0,003561616
0,003739206
0,003516305
0,0034339
0,003546079
0,003511922
0,003398493
0,003457726
0,003959583
0,003328066
0,002482927
0,002985789
0,002704299
0,003452095
0,003463091
0,003460576
0,003564138
0,003445938
0,0034259
0,003503247
0,003795116
0,002436072
0,003290517
0,003892897
0,003476273
0,003602185
0,003910605
0,002950243
0,002146941
0,003768242
0,003482222
0,003340446
0,003196144
0,00397462
0,003439024
0,003442182
0,003475877
0,003082953
0,003965447
0,003427538
0,003422476
0,003503529
0,003466486
0,003567813
0,003452489
0,003518535
0,003280142
0,003483241
0,003481397
0,003471369
0,003456471
0,003519187
0,00347388
0,003424541
0,005051845
0,002166903
0,003644475
0,003550897
0,00371347
0,003222754
0,003502352
0,003344103
0,003565686
0,004242013
0,002905575
0,002788491
0,0035349
0,003457514
0,003647006
0,003314132
0,003316586
0,003806579
0,004059845
0,003571661
0,001514096
0,003465344
0,003467696
0,003317561
0,003852975
0,003488809
0,003267035
0,003794166
0,003319092
0,003503251
0,003827829
0,004166706
0,003840989
0,003256664
0,001702762
0,00323685
0,003074101
0,003445593
0,003465409
0,003475614
0,003455216
0,003457787
0,005098822
0,001984097
0,003316724
0,003114365
0,003170264
0,003343924
0,003813302
0,003288273
0,004177014
0,003817213
0,003439293
0,001900597
0,003891981
0,003112681
0,003052809
0,003733775
0,00373948
0,00350199
0,003762061
0,003387527
0,003274177
0,002676078
0,001751631
0,003348565
0,0034444
0,003457953
0,003604278
0,003263166
0,00339998
0,003856217
0,003442568
0,002593436
0,003939072
0,003359622
0,003614926
0,003541889
0,003524538
0,003560157
0,00354164
0,003525379
0,002944416
0,003522199
0,003902042
0,00332603
0,004120754
0,002771154
0,004298892
0,004306125
0,002526483
0,002895408
0,003844185
0,003429072
0,003135592
0,003390118
0,003462998
0,003760428
0,003577096
0,003760868
0,003380814
0,003376273
0,0035547
0,003378385
0,003463546
0,003417519
0,003319309
0,003484789
0,003603721
0,003385232
0,003442976
0,003473907
0,003742314
0,003163733
0,003525352
0,003812487
0,003158792
0,003792992
0,003349134
0,003860701
0,003382352
0,003464348
0,003437986
0,003560733
0,003375028
0,004391863
0,003943564
0,003690436
0,002638719
0,002227892
0,003512883
0,003419407
0,005112551
0,001966347
0,00245196
0,003561671
0,002884952
0,003912969
0,003528591
0,003381351
0,003496052
0,003431748
0,003522636
0,003497975
0,003519209
0,003391262
0,003595101
0,003420188
0,00346617
0,003375306
0,003417098
0,003528103
0,003427295
0,003562015
0,0033975
0,003479522
0,003546916
0,003410518
0,00347744
0,0035169
0,003399258
0,003597159
0,003433528
0,003488304
0,003398437
0,003514302
0,003523
0,003483325
0,003383462
0,00349827
0,003424673
0,003440342
0,003289556
0,00353102
0,003993761
0,002102825
0,004040305
0,00270138
0,003498004
0,003490459
0,00353738
0,003404875
0,003954372
0,003640712
0,003371662
0,003821674
0,003731635
0,003212336
0,003154369
0,003439363
0,003243335
0,003736454
0,003221037
0,003479033
0,004354236
0,003817741
0,003077798
0,002156698
0,002843512
0,003895468
0,004387721
0,003302204
0,003179218
0,003468171
0,003851093
0,003656945
0,003519861
0,003042331
0,003905982
0,003425251
0,003485314
0,003537032
0,002853205
0,003537132
0,004037082
0,001824327
0,00332924
0,003352256
0,003476309
0,003478582
0,003438401
0,004159875
0,002852567
0,001876865
0,003769223
0,003297434
0,003489044
0,003219282
0,003489084
0,003250341
0,003599723
0,003494635
0,003471333
0,003508683
0,003074924
0,004731799
0,003046445
0,003467726
0,003500822
0,003516506
0,003616595
0,003302321
0,003440606
0,003120014
0,00340142
0,003538617
0,003725077
0,003151273
0,003982588
0,003453162
0,003407808
0,003573246
0,00346104
0,003573835
0,002234626
0,006125522
0,002004633
0,003174763
0,003470396
0,003519198
0,003005201
0,003486276
0,003440817
0,003506316
0,002860187
0,003845325
0,003074266
0,003455245
0,003541249
0,003451601
0,003462013
0,003468038
0,003502938
0,003911698
0,003455807
0,003422463
0,003472187
0,003473736
0,003513192
0,003550977
0,003415744
0,003429177
0,003491276
0,003524073
0,003584312
0,003986711
0,002653039
0,002598685
0,003391287
0,003549315
0,003886417
0,002801201
0,003425726
0,003568683
0,003399671
0,003445306
0,003060217
0,003330566
0,003489391
0,003279373
0,003686462
0,003836817
0,004019414
0,002783198
0,003250444
0,003592377
0,003391558
0,003621492
0,003460899
0,003065507
0,004211661
0,003746795
0,003488104
0,003540837
0,003289474
0,003506158
0,003108667
0,003269404
0,003524617
0,003439092
0,003522208
0,003570364
0,003473982
0,00336015
0,005270056
0,002221735
0,002299344
0,003544542
0,003389928
0,003446886
0,003445234
0,00346159
0,003539432
0,003491463
0,003458326
0,003483151
0,00347918
0,004481344
0,003671052
0,003439075
0,003163789
0,003350483
0,003251685
0,00348234
0,003036383
0,003593603
0,00334463
0,003759813
0,003604956
0,003095374
0,003321573
0,003425862
0,003471018
0,003536875
0,003444228
0,003388296
0,003612384
0,003429511
0,004287753
0,002962916
0,003129912
0,003864647
0,003487789
0,003702834
0,003613619
0,003836728
0,003143169
0,003362555
0,003590719
0,0030648
0,003493396
0,003123085
0,004115319
0,003155397
0,00358531
0,003009345
0,003250063
0,003426234
0,003556988
0,00350508
0,003610545
0,003307994
0,003450803
0,003794601
0,003153421
0,003099805
0,003437169
0,003533945
0,003500456
0,003754914
0,004347227
0,003098774
0,003108206
0,002754646
0,003503187
0,003584289
0,003686679
0,003496466
0,003440379
0,00377715
0,003480083
0,003208816
0,003500353
0,003696614
0,003225416
0,003441165
0,003775589
0,003218888
0,003730253
0,003377963
0,003226824
0,003781401
0,003830272
0,002057823
0,003879544
0,003472725
0,003519797
0,003455538
0,003402899
0,003435153
0,003404026
0,003480858
0,003457661
0,00359862
0,003935441
0,003258236
0,003255766
0,00191638
0,003022863
0,005070632
0,002886306
0,002775166
0,003809328
0,00324525
0,005871334
0,003550249
0,001917507
0,003789398
0,00296397
0,003462812
0,003499578
0,003501798
0,003453109
0,003413514
0,00354053
0,003417403
0,003650584
0,005136642
0,005175444
0,004840364
0,001578813
0,003137207
0,003497276
0,00349429
0,003477896
0,00347008
0,003526172
0,003418464
0,00349404
0,003471332
0,0034819
0,003472585
0,003510224
0,003418903
0,003501621
0,00347793
0,003473385
0,003458861
0,003486898
0,003489098
0,003494629
0,003412708
0,003906849
0,003750813
0,003973969
0,002808407
0,005016866
0,001850392
0,003240415
0,002716704
0,003352919
0,003452927
0,003585481
0,001506311
0,003624989
0,003634632
0,003440933
0,003504413
0,004469528
0,002319676
0,003312066
0,003371037
0,003420762
0,003675102
0,003296133
0,003419047
0,003307558
0,003528613
0,00301403
0,003736357
0,003049322
0,00365837
0,003184593
0,003404922
0,003482854
0,003073416
0,003198453
0,003401203
0,003358686
0,003536178
0,00339835
0,003374849
0,003790111
0,003145557
0,003033823
0,003498725
0,003644452
0,003783811
0,003687511
0,003193491
0,003492758
0,003695697
0,004628501
0,002405654
0,003120435
0,003004955
0,0037463
0,002594683
0,003521702
0,003264291
0,003744856
0,002849614
0,003410586
0,00354295
0,003442161
0,003459539
0,003572755
0,0033269
0,003472753
0,003120831
0,003438782
0,004007206
0,003944938
0,002094933
0,003397575
0,003717806
0,003527638
0,003172312
0,003438736
0,004222874
0,003465225
0,003761122
0,002352877
0,002460788
0,003303668
0,00332626
0,00399354
0,005452405
0,004999446
0,002254825
0,003775313
0,003512357
0,005089475
0,002427179
0,003686997
0,003734616
0,003706225
0,003261276
0,002634398
0,004073666
0,00351493
0,003496191
0,003363534
0,003235732
0,001448324
0,003505953
0,003411766
0,003766568
0,003220043
0,003194915
0,003541377
0,003427393
0,003192878
0,003065916
0,003874823
0,003739183
0,003699067
0,003133615
0,00387081
0,003442017
0,003081153
0,003815315
0,003506423
0,003526895
0,003452853
0,003401651
0,003601154
0,003337667
0,003520447
0,00311021
0,003433566
0,003542877
0,003433864
0,003498879
0,003229664
0,003496442
0,003733426
0,004491661
0,002795044
0,00359685
0,003780635
0,003361057
0,001853868
0,003582157
0,003314992
0,003459352
0,003475715
0,004036913
0,003573274
0,003422956
0,003418547
0,003452498
0,003993165
0,003422377
0,00344453
0,003518784
0,003502697
0,00326585
0,003316402
0,003390854
0,003500549
0,003557353
0,003388123
0,003511569
0,003188394
0,003260745
0,003396836
0,003907418
0,003387243
0,003527974
0,00332176
0,003405162
0,003705718
0,003481856
0,003651147
0,00562766
0,002919197
0,001727486
0,003412565
0,003317424
0,003306489
0,003872147
0,003497679
0,003184145
0,003717442
0,003228642
0,003522393
0,003372182
0,004121293
0,002979358
0,002176141
0,003476427
0,003539077
0,006373683
0,001648705
0,003454448
0,003881879
0,00332098
0,003628872
0,001488511
0,003428067
0,003274187
0,003259519
0,003794935
0,00336566
0,00315189
0,003469535
0,004067136
0,003069269
0,002296735
0,003311597
0,003922292
0,003420626
0,003468379
0,003382414
0,00348847
0,004480102
0,003400804
0,003734144
0,001951868
0,00391286
0,002795576
0,002816029
0,003492148
0,005495122
0,002411246
0,003449405
0,003842723
0,00359816
0,003416196
0,003378094
0,004054913
0,003567684
0,003706691
0,002033828
0,003315854
0,003499307
0,003429513
0,003539013
0,003604628
0,003343722
0,003694489
0,003503006
0,003795986
0,003086945
0,003557471
0,003454271
0,00385697
0,003224091
0,003606757
0,003494213
0,003417445
0,003648616
0,003197993
0,003118965
0,003061081
0,004035525
0,003117726
0,003719993
0,003254774
0,003868227
0,003201262
0,003385771
0,003485339
0,003824473
0,003163097
0,002810796
0,003460058
0,003807038
0,00484034
0,002226665
0,003922673
0,00343631
0,003095933
0,003474379
0,003663587
0,003672924
0,003489468
0,003850104
0,003073401
0,003511972
0,003467465
0,003408922
0,003568102
0,003697612
0,003175667
0,003437297
0,003253161
0,003634777
0,003085958
0,002878202
0,003777408
0,003157988
0,003512449
0,003476819
0,003472887
0,003453482
0,003752255
0,003400675
0,003493679
0,003529742
0,003428772
0,003679213
0,003713429
0,003434708
0,003103022
0,003853799
0,003623193
0,003325583
0,003439072
0,003522255
0,012950997
0,001913029
0,003743216
0,004319157
0,002853871
0,00333175
0,003180871
0,003527567
0,003787716
0,003340941
0,003526232
0,003757288
0,002821049
0,00344125
0,003860196
0,00343373
0,004266426
0,003171436
0,002862323
0,003484232
0,003291506
0,003222226
0,003363996
0,003496195
0,003427027
0,003506759
0,003430301
0,003439491
0,00351828
0,003469546
0,003464326
0,00406918
0,002042128
0,004174228
0,00365462
0,002527387
0,004126716
0,00284836
0,003464581
0,003443182
0,003578119
0,005337538
0,002706091
0,002228844
0,003090486
0,0039062
0,003505624
0,003640112
0,003532676
0,00344417
0,002972113
0,003083853
0,003849883
0,003475605
0,003173282
0,003181131
0,003526721
0,003592381
0,003353513
0,003489405
0,003481461
0,003464154
0,003481332
0,003422422
0,003490089
0,003509411
0,003464122
0,003508577
0,003435886
0,003889945
0,003077828
0,003475417
0,005324948
0,006039758
0,00389709
0,002335151
0,003763213
0,003756245
0,003486541
0,00340646
0,00528442
0,002065106
0,003160999
0,003595688
0,003416838
0,003477434
0,003488017
0,003455595
0,003178041
0,003856708
0,003439129
0,00342896
0,003779878
0,003162822
0,003531328
0,003394299
0,003780175
0,00355909
0,003646826
0,003469862
0,003066843
0,004165455
0,005476797
0,001580916
0,003568173
0,003604577
0,005384774
0,005086124
0,00197033
0,003355546
0,0027731
0,003459774
0,00313678
0,003794856
0,003519763
0,003691587
0,003583643
0,003568719
0,004826497
0,00193438
0,003069134
0,003472237
0,003531825
0,003372389
0,003476146
0,003463063
0,003129437
0,00391418
0,003432083
0,003502898
0,003476955
0,003589632
0,003459906
0,003276682
0,003532455
0,003407919
0,003579906
0,003894614
0,003898627
0,00273101
0,001928044
0,003471972
0,003419641
0,003053349
0,003516117
0,003443169
0,003266276
0,004128757
0,003666855
0,003492291
0,002601295
0,002183728
0,003183131
0,003966511
0,003348246
0,004858845
0,001950215
0,002232307
0,003807255
0,003440996
0,003658627
0,003362647
0,003391291
0,003768309
0,003515271
0,00383665
0,002611083
0,003344172
0,003577103
0,003693589
0,003503434
0,003503591
0,003421302
0,003493591
0,003473103
0,003668542
0,003359901
0,002978204
0,003720216
0,003610799
0,003534277
0,003465101
0,003829574
0,003406841
0,003083034
0,003549471
0,003805708
0,003303809
0,003387743
0,002529794
0,003137072
0,003561336
0,003258223
0,003443446
0,003585041
0,003406372
0,003465414
0,0034557
0,003525736
0,00377792
0,002353478
0,002927162
0,003164385
0,003372363
0,003431579
0,004627309
0,001960816
0,003149763
0,003442081
0,003841297
0,003147606
0,003133905
0,003459561
0,00366367
0,003585564
0,003771295
0,003822611
0,00347298
0,00339636
0,003479005
0,003509507
0,003728733
0,003488761
0,00345725
0,003868793
0,0031025
0,003427646
0,003817242
0,003131542
0,003443262
0,003519984
0,003845316
0,003449877
0,003507819
0,003507718
0,003458224
0,003522702
0,003390539
0,003507458
0,003807379
0,004186207
0,002091179
0,003801451
0,004876405
0,001682148
0,003359075
0,003424343
0,003312848
0,003457743
0,003418734
0,003429855
0,003582978
0,00327483
0,003507875
0,003674112
0,003420336
0,003776076
0,003249672
0,003370419
0,003448957
0,003486313
0,004379554
0,003775179
0,002681991
0,001680951
0,003421875
0,003834886
0,00387591
0,003350836
0,001531713
0,003350964
0,003766158
0,003200035
0,003506534
0,003454881
0,003458462
0,003479367
0,003502406
0,003444713
0,003498144
0,003508165
0,004800498
0,002030911
0,004934165
0,00461525
0,002208467
0,003449907
0,004715586
0,005235529
0,001559945
0,003538262
0,003859129
0,0036089
0,003334432
0,003857711
0,004743162
0,00544387
0,00536995
0,001696702
0,003056608
0,003524492
0,00340395
0,003448307
0,003457237
0,003434716
0,003120446
0,003860276
0,003538417
0,003471145
0,003427923
0,0034376
0,003477271
0,003569065
0,003525327
0,003853109
0,003539828
0,001846688
0,003512045
0,003027973
0,00350367
0,005265783
0,002495453
0,003142302
0,004703612
0,001984844
0,00323669
0,00337453
0,002988085
0,003410888
0,00325609
0,003781135
0,003178286
0,003443344
0,003467274
0,00373824
0,003216723
0,003474927
0,003388224
0,003784171
0,003294258
0,002961396
0,004278899
0,003420971
0,003449305
0,003498081
0,00343908
0,00295402
0,003475314
0,003634335
0,003023156
0,002770055
0,003513077
0,003450307
0,003365872
0,003540729
0,003354889
0,003474325
0,005206295
0,00247419
0,003116505
0,003390142
0,00350884
0,003505727
0,003481645
0,003437803
0,003542908
0,003476445
0,003052053
0,003473429
0,003471098
0,003319127
0,003479002
0,003397246
0,003472813
0,003738578
0,003209999
0,003509243
0,003736384
0,002821313
0,003210181
0,00328759
0,002843429
0,003545039
0,003507591
0,003219939
0,003759611
0,003890818
0,003451726
0,003419141
0,003582982
0,003343924
0,003810687
0,004434344
0,001850406
0,003203766
0,003426811
0,003098094
0,003768407
0,003510045
0,003737685
0,003203402
0,003457531
0,003106746
0,003506508
0,003524177
0,003492368
0,003750331
0,003318052
0,003680027
0,00372834
0,003216459
0,003724156
0,003093919
0,003187886
0,003507615
0,003517442
0,003402375
0,003464931
0,004140916
0,003254711
0,003482748
0,003508407
0,003448344
0,003429324
0,003474075
0,005099409
0,002249293
0,003397985
0,005811975
0,003257032
0,003790865
0,005793744
0,00557148
0,001580262
0,003414837
0,003452189
0,003830973
0,003186249
0,003464668
0,003273182
0,003484929
0,003434881
0,003494391
0,00347268
0,003571621
0,003528795
0,003326634
0,003416391
0,003535631
0,003451066
0,003475464
0,003414426
0,003474752
0,003216479
0,003469811
0,003021261
0,003458181
0,003110141
0,005654846
0,002863404
0,002622908
0,003382064
0,003478185
0,003604819
0,003385624
0,003443415
0,00345768
0,003539204
0,003475863
0,003445183
0,003825246
0,003522819
0,003461511
0,003507019
0,003477942
0,003488692
0,003728398
0,003898097
0,003563425
0,002236958
0,003065075
0,003555251
0,003389886
0,003131842
0,003592392
0,003565024
0,003428293
0,003490079
0,003164357
0,003413937
0,003571545
0,003342737
0,003493466
0,003796956
0,003256414
0,003442717
0,004735025
0,002048667
0,003688005
0,002748303
0,003765592
0,00367216
0,003018947
0,003867003
0,003345455
0,003298175
0,003516095
0,003385424
0,003391848
0,001534184
0,003567545
0,003307839
0,003701
0,003260937
0,003497476
0,00378961
0,003175348
0,003094402
0,003319638
0,002815682
0,003761136
0,003116434
0,003480796
0,003111771
0,003333472
0,00345816
0,003772774
0,003028225
0,003512619
0,003459465
0,003241839
0,003291954
0,003836269
0,00351113
0,003471753
0,003098073
0,003466222
0,003560332
0,003443362
0,00346962
0,0032582
0,003117133
0,004135718
0,005331412
0,001698251
0,00383605
0,00332976
0,003556357
0,003136906
0,003426759
0,003373965
0,003533902
0,003834407
0,003501893
0,003459982
0,003073102
0,00322484
0,003287235
0,003472552
0,003480499
0,003246984
0,003642651
0,003937714
0,003878069
0,003693212
0,001688332
0,002947812
0,003301807
0,002761069
0,003723019
0,003214005
0,003796685
0,003104748
0,002990976
0,003539286
0,003867664
0,003453343
0,003461926
0,004123508
0,003677138
0,003714186
0,003449046
0,001502779
0,003678674
0,003419909
0,003280314
0,003273892
0,003573054
0,003238119
0,00472903
0,003016498
0,003351282
0,003551037
0,003267107
0,004073451
0,003799431
0,001814038
0,003243061
0,003481487
0,003472448
0,003478161
0,003731439
0,003195025
0,002948293
0,003009987
0,003428325
0,00334116
0,003488109
0,003772828
0,002940121
0,003823609
0,003365539
0,003777859
0,00315516
0,003504602
0,003487105
0,003463146
0,003556111
0,00341932
0,003488248
0,003550365
0,00366579
0,003226984
0,003455625
0,003073275
0,003898992
0,003415602
0,003490528
0,003833091
0,003747265
0,003430141
0,00499513
0,001483897
0,003340773
0,003386517
0,003502549
0,004027216
0,003174421
0,003492233
0,003209018
0,003461592
0,003492821
0,003484032
0,003549136
0,003366659
0,003473719
0,003072466
0,003879369
0,003464191
0,003678302
0,003272611
0,003803639
0,003174603
0,003718107
0,003226111
0,00342134
0,003346413
0,003059064
0,003839439
0,002933423
0,003737058
0,00329972
0,003820803
0,004194031
0,003759877
0,002889074
0,001760753
0,004062458
0,003407971
0,004134979
0,002685955
0,00305647
0,003494267
0,002940359
0,00350545
0,003777045
0,003207076
0,003468104
0,003760175
0,004440334
0,005895293
0,002063138
0,00404198
0,001880744
0,004481012
0,001990078
0,003646354
0,003786201
0,003396078
0,003500963
0,003484597
0,003716319
0,003398681
0,003761784
0,003589052
0,003425872
0,003539405
0,00341486
0,003849744
0,002403424
0,005172829
0,002478885
0,003966689
0,003385348
0,002728041
0,003838402
0,003381157
0,003804542
0,005136662
0,004869147
0,001792404
0,003509657
0,003344814
0,003319125
0,003353033
0,003461437
0,003477613
0,003545989
0,003433558
0,003750503
0,003194007
0,003508065
0,003492693
0,003470131
0,003451941
0,003142521
0,00390057
0,005264146
0,002406139
0,003018147
0,003456477
0,003467702
0,003473144
0,003442113
0,003579769
0,003406941
0,003557638
0,00374118
0,003547411
0,003402537
0,003528025
0,003448551
0,003518584
0,003417741
0,003587644
0,003560592
0,00336244
0,003499207
0,003502794
0,003432881
0,003425118
0,003438644
0,003603444
0,003361127
0,003528952
0,003527699
0,003359087
0,003457279
0,003507279
0,003468458
0,003478925
0,003497534
0,003508365
0,00341258
0,00348825
0,003513415
0,0034173
0,003527391
0,003461464
0,00344922
0,003510161
0,006467392
0,002127328
0,003464881
0,003317085
0,003818389
0,002549446
0,002475873
0,003480816
0,003495736
0,003486879
0,003519674
0,003397741
0,003526107
0,003490065
0,003463013
0,003465518
0,003488506
0,002952563
0,003552032
0,004226278
0,003626883
0,003721161
0,002606263
0,003847532
0,003475248
0,003144241
0,003577475
0,004710488
0,002875348
0,002168495
0,00341829
0,003705203
0,003273248
0,003839142
0,004273848
0,003244246
0,001706812
0,00340477
0,003494823
0,00400278
0,00322977
0,002428454
0,002651008
0,00300064
0,003481148
0,003936073
0,003348764
0,003459042
0,00348548
0,003700408
0,004508072
0,003824702
0,004750105
0,002113932
0,003513989
0,004372674
0,003847097
0,003916201
0,001828715
0,003318095
0,003511375
0,003457035
0,003498157
0,003460794
0,00350269
0,003476554
0,003299922
0,00360283
0,003519059
0,003538352
0,00339275
0,0035558
0,003332278
0,003538351
0,003482093
0,003495692
0,003476285
0,003500276
0,003511047
0,003193225
0,003702484
0,003482628
0,003439285
0,003510694
0,003321323
0,003546122
0,003424791
0,00366482
0,003434504
0,003869625
0,003608113
0,003518165
0,002495022
0,001971963
0,003629522
0,003572589
0,003833235
0,003400237
0,003253068
0,00507856
0,002511802
0,004813474
0,002096492
0,002573741
0,003536085
0,003880549
0,003400324
0,003554297
0,00333643
0,003461827
0,003521502
0,003594773
0,003394089
0,003429073
0,003475955
0,003817055
0,003165035
0,003483261
0,003446744
0,003010423
0,00369811
0,003469403
0,003403979
0,003526951
0,003455739
0,003516506
0,003475308
0,003456206
0,00346756
0,003492879
0,00348053
0,003424767
0,003580155
0,003301288
0,00351074
0,003560025
0,003396569
0,003452821
0,003494051
0,003544132
0,003463001
0,003495953
0,00342748
0,003476758
0,003525601
0,003268873
0,003238342
0,004654162
0,001819456
0,0035493
0,003656922
0,003293397
0,003257291
0,003475778
0,003106271
0,003680745
0,003281419
0,003548547
0,003398925
0,003334623
0,003496534
0,00318166
0,003724432
0,003515917
0,003151097
0,00382676
0,003743397
0,003162876
0,003479923
0,00378719
0,003170768
0,003246663
0,003117833
0,003531075
0,003039796
0,003642858
0,003719778
0,003459983
0,00359364
0,003386598
0,003481479
0,003473481
0,003567175
0,003384634
0,003491952
0,003452638
0,003894238
0,003116604
0,003847976
0,003038658
0,003481779
0,00558137
0,002050415
0,00294287
0,002701516
0,005381759
0,004087495
0,002375918
0,003466826
0,003474127
0,003503928
0,003433172
0,003449966
0,003459904
0,003470746
0,003555549
0,003419495
0,003416809
0,003579881
0,003482482
0,003506322
0,003913087
0,003302349
0,003366931
0,003605686
0,003475392
0,003480112
0,003488982
0,003475636
0,003562823
0,003399303
0,003453992
0,003499281
0,003567974
0,003163872
0,003351287
0,003815822
0,003480626
0,003500728
0,003437996
0,003608079
0,003344508
0,003384137
0,003511877
0,005401986
0,002651394
0,003240055
0,003770356
0,003468723
0,003447609
0,003498196
0,003437939
0,003117149
0,004107179
0,002945166
0,003528422
0,00249207
0,002466775
0,003095727
0,003475344
0,003471335
0,003336558
0,003508468
0,003522266
0,003398638
0,003540999
0,003475378
0,003402998
0,003549905
0,003420713
0,003470248
0,003413762
0,003912296
0,003630051
0,003613869
0,003510013
0,002756289
0,00350529
0,003429966
0,003517217
0,003514064
0,003395344
0,003462505
0,003510808
0,003479332
0,003790816
0,0022064
0,003527033
0,003481089
0,003484749
0,003122111
0,00343667
0,003841174
0,003559174
0,003434357
0,004948942
0,001965336
0,003478115
0,00343375
0,003375417
0,003545625
0,003046489
0,004203933
0,003544573
0,00373709
0,003475227
0,003481213
0,003326863
0,003521242
0,003479922
0,003851741
0,003140307
0,003124161
0,003406385
0,003486852
0,003978243
0,003593516
0,003887316
0,003666599
0,001881174
0,002628047
0,003875815
0,003332396
0,003506245
0,003715281
0,002664638
0,003343677
0,003523797
0,003421834
0,003437614
0,003781711
0,003271072
0,002937431
0,003449641
0,003448942
0,003815452
0,003147373
0,004069895
0,002625748
0,003764148
0,003183322
0,003480698
0,003942728
0,002895431
0,00348115
0,003277771
0,003693951
0,003668925
0,003249022
0,004582266
0,002608785
0,003093589
0,003536083
0,003494808
0,003796851
0,00257456
0,003742947
0,002184619
0,00367881
0,003795261
0,003399653
0,005524362
0,001984452
0,003624832
0,00330127
0,004316687
0,003826116
0,00172347
0,003149858
0,003407432
0,003557472
0,003407917
0,003164874
0,007887802
0,002311791
0,003414021
0,003471886
0,003466317
0,003451319
0,003787502
0,003190051
0,003470985
0,003489387
0,003468059
0,003472075
0,003400498
0,003772458
0,003533053
0,003406447
0,003550253
0,003514384
0,003461011
0,003476037
0,003104591
0,003298826
0,003490459
0,003523623
0,005729365
0,002006254
0,003818688
0,002236194
0,003322516
0,003309587
0,003449196
0,003424171
0,003496978
0,003767898
0,004355223
0,002137933
0,00292689
0,003515615
0,003408474
0,004540214
0,002573024
0,003366941
0,003174917
0,003740035
0,003576003
0,003462569
0,00344963
0,003421599
0,003548088
0,003011707
0,003543388
0,003415259
0,003620317
0,003508359
0,003528166
0,003482783
0,003736504
0,003237902
0,003084022
0,003396351
0,003761098
0,003211123
0,003501906
0,003513916
0,003097202
0,003336266
0,003477099
0,014259483
0,00171097
0,003540286
0,003545274
0,003536677
0,003182556
0,003696467
0,0029277
0,001866476
0,003111895
0,006167043
0,00518295
0,003581481
0,002062741
0,003463442
0,003471517
0,003938066
0,003024589
0,003291263
0,003630219
0,003287982
0,003523055
0,003449204
0,003526833
0,003501623
0,003462321
0,003470346
0,003112082
0,003692918
0,003292988
0,003254788
0,003431804
0,003416899
0,003128937
0,003564293
0,002695201
0,003394939
0,004054721
0,00444494
0,003155903
0,001855354
0,003399566
0,003744763
0,003544397
0,003808543
0,003162081
0,003442925
0,003162345
0,003849196
0,003007373
0,003513071
0,0034048
0,005966705
0,002071727
0,003152699
0,003470209
0,003724886
0,003200952
0,003526122
0,00347968
0,003556476
0,003406665
0,003475658
0,003756755
0,00349622
0,003155597
0,003486942
0,003217297
0,003592837
0,003476677
0,003911861
0,003376768
0,003132099
0,003874576
0,005092567
0,001925533
0,003542847
0,003771568
0,003074887
0,003463416
0,003049458
0,003706398
0,003276935
0,003433604
0,003579292
0,003333526
0,003511328
0,00351698
0,003426335
0,00352471
0,003427098
0,003581877
0,00367277
0,003197424
0,003471287
0,003490913
0,003111597
0,003888302
0,003423797
0,003509076
0,005131601
0,002562929
0,001930695
0,003661833
0,003385899
0,003556549
0,003492285
0,003927299
0,002882003
0,003422028
0,003896983
0,003432971
0,003762989
0,003864735
0,003194321
0,00333801
0,001938613
0,00378971
0,003185768
0,003572156
0,003204796
0,002594711
0,003775927
0,003489682
0,003471242
0,00340113
0,003678279
0,003225703
0,003478694
0,003443729
0,003053116
0,003859251
0,003807672
0,00314938
0,003491478
0,003460885
0,003531108
0,002968043
0,003586623
0,003798704
0,003608713
0,003428065
0,003691816
0,001956616
0,003087651
0,003843735
0,003703421
0,00352075
0,003668186
0,00288205
0,00322038
0,003409219
0,003749951
0,003841318
0,003662235
0,003545997
0,001839999
0,003935123
0,003500056
0,003090932
0,003905118
0,003147853
0,003513301
0,002969178
0,003812193
0,003456698
0,003073104
0,00420043
0,003687118
0,003470249
0,003501763
0,00374134
0,003139454
0,003518393
0,003488351
0,002932668
0,003515849
0,002936266
0,003788499
0,003481433
0,00316664
0,003426694
0,003406254
0,003484857
0,003910412
0,002918569
0,003164968
0,003593973
0,0038377
0,003465318
0,003552778
0,003236719
0,005171735
0,002019485
0,00357557
0,003452975
0,002633537
0,003474706
0,003786225
0,003468561
0,003518798
0,003443246
0,003500363
0,003785129
0,003708504
0,003612961
0,003690149
0,003082043
0,003496434
0,003098478
0,003334995
0,003428274
0,003513098
0,003486253
0,00283717
0,003098284
0,003396873
0,003524049
0,003917734
0,004346899
0,001875283
0,003726018
0,00353411
0,003479608
0,003097896
0,003447746
0,003431263
0,003659351
0,003597017
0,003004633
0,003051115
0,007447543
0,003441859
0,003491154
0,003213457
0,003892628
0,002051451
0,002552779
0,002880729
0,002101347
0,003247802
0,003866354
0,003881604
0,00259394
0,002365849
0,002289208
0,002056759
0,00226586
0,002304347
0,002244478
0,00250769
0,002115772
0,001466511
0,001348497
0,001605334
0,001467223
0,001610584
0,001410304
0,001359312
0,001409041
0,001559136
0,001487971
0,001541401
0,001517464
0,001332014
0,001593861
0,001376628
0,0020619
0,001507557
0,001493602
0,001551733
0,001615344
0,00165022
0,001627456
0,001461222
0,001732542
0,00145358
0,001507
0,001988311
0,00165386
0,001484637
0,00153869
0,001426094
0,00143689
0,001548933
0,001426945
0,001570048
0,001451557
0,001511362
0,001423534
0,00184229
0,003678469
0,001733617
0,002108912
0,001539184
0,001482894
0,001590924
0,00162579
0,001499925
0,001576972
0,001493727
0,001496821
0,001428916
0,001425839
0,001541174
0,001504899
0,001569735
0,001451512
0,001568678
0,001489292
0,001528064
0,001557583
0,001662623
0,00152709
0,001484929
0,001467408
0,001372699
0,001367477
0,001421754
0,001373892
0,001423914
0,001457569
0,001485891
0,001442904
0,001363818
0,001553551
0,001612851
0,001511647
0,001541233
0,001505001
0,001498723
0,001469978
0,001527435
0,001583081
0,001501305
0,00151
0,001690038
0,001565546
0,001682659
0,001547578
0,003288196
0,001616451
0,001487054
0,001401305
0,001830267
0,001505238
0,001519176
0,001512694
0,001654136
0,001416182
0,001595184
0,001424483
0,001486135
0,001426827
0,001406475
0,001357957
0,001392153
0,001488906
0,001423458
0,001425667
0,001589649
0,001418003
0,001438236
0,001381395
0,001427295
0,001369676
0,001482803
0,001443764
0,001527275
0,001396937
0,00148258
0,00150882
0,001322459
0,001514895
0,001531663
0,00150972
0,001513261
0,001419038
0,001382105
0,001423674
0,001311889
0,001458316
0,001543999
0,001386285
0,001739905
0,001392883
0,001394238
0,001454921
0,001505722
0,001320179
0,001556631
0,001346952
0,001382306
0,00134326
0,007051293
0,001456298
0,001425331
0,001965978
0,001474215
0,001581042
0,001455064
0,001605814
0,001441648
0,001447002
0,001377452
0,002332598
0,001536631
0,001586467
0,001405099
0,001335205
0,001343464
0,001304448
0,001368147
0,001329997
0,001365309
0,001468717
0,002182432
0,0014526
0,001479348
0,001468864
0,001530074
0,001437454
0,001457031
0,00142048
0,001389706
0,001425421
0,001423631
0,001578382
0,001500553
0,001753779
0,00154655
0,001514395
0,001416171
0,00147835
0,001439431
0,00155339
0,001452631
0,00149915
0,001524627
0,001379098
0,001472617
0,001440197
0,001455309
0,001507
0,001613409
0,001621851
0,001476152
0,001419812
0,001381376
0,001436085
0,001497625
0,00144272
0,001364893
0,001438883
0,001380031
0,001466025
0,001420528
0,00134986
0,001432825
0,001395572
0,001591234
0,001547878
0,003172372
0,001494163
0,001538661
0,001676476
0,001366195
0,00137781
0,0015319
0,001410738
0,001727698
0,002368314
0,002407739
0,002305465
0,002348892
0,002416671
0,001377976
0,001408083
0,001502644
0,001387531
0,00140002
0,001365195
0,001442626
0,001406215
0,001465642
0,001407261
0,001433493
0,001561041
0,001522002
0,001527679
0,004156507
0,001567593
0,001530629
0,001481309
0,001600768
0,00145268
0,001409808
0,001396016
0,001414543
0,001441952
0,001535706
0,00153131
0,001449399
0,001444562
0,001638703
0,001457979
0,001632893
0,00134328
0,001289217
0,001548261
0,001546958
0,001524831
0,001555136
0,001408972
0,001625618
0,001521856
0,001538666
0,001418904
0,001497891
0,001389579
0,001511875
0,001446484
0,001463905
0,001467041
0,001588967
0,001578202
0,001461712
0,001558245
0,001601955
0,001505819
0,001598177
0,001542851
0,001501867
0,001384715
0,001339224
0,001708633
0,00145288
0,001492389
0,001575751
0,001527462
0,001567102
0,001571089
0,001536855
0,001554479
0,00160432
0,001563114
0,001514534
0,001524965
0,001423273
0,001707724
0,001478858
0,001465039
0,00154962
0,00148728
0,001515027
0,001498495
0,001527405
0,001498685
0,001438145
0,00155645
0,001479274
0,001584103
0,00172341
0,001615687
0,001371567
0,001427146
0,001520124
0,001479166
0,00149011
0,001557802
0,001747155
0,001639787
0,001700747
0,001517923
0,001510859
0,001423151
0,003276779
0,00147033
0,001395941
0,001597063
0,001608971
0,001643094
0,001516039
0,001448316
0,001516582
0,001553201
0,001441317
0,001435714
0,001509091
0,001440598
0,001423618
0,00140663
0,001773396
0,001440164
0,001375747
0,00153143
0,001404691
0,001437808
0,002414796
0,001472009
0,001468983
0,00135484
0,001548697
0,001431315
0,001345065
0,001486837
0,001429885
0,001591902
0,001532936
0,001909491
0,001544394
0,001976193
0,001477126
0,001577999
0,001626753
0,001441889
0,001550753
0,001553092
0,001478245
0,001522693
0,001535324
0,001390135
0,001527132
0,001600628
0,001391156
0,001526049
0,001457156
0,001580651
0,00141956
0,001482606
0,001610672
0,001407641
0,001427902
0,001457964
0,001431599
0,001504627
0,001507672
0,001512313
0,001424935
0,001509137
0,001466829
0,001467189
0,001424219
0,001366143
0,001582716
0,001377011
0,001388586
0,002289104
0,001462081
0,001381829
0,001401048
0,001434154
0,001630115
